/*--------------------------------*- C++ -*----------------------------------*\
| =========                 |                                                 |
| \\      /  F ield         | OpenFOAM: The Open Source CFD Toolbox           |
|  \\    /   O peration     | Version:  2312                                  |
|   \\  /    A nd           | Website:  www.openfoam.com                      |
|    \\/     M anipulation  |                                                 |
\*---------------------------------------------------------------------------*/
FoamFile
{
    version     2.0;
    format      ascii;
    arch        "LSB;label=32;scalar=64";
    class       volScalarField;
    location    "60/electrolyte";
    object      T;
}
// * * * * * * * * * * * * * * * * * * * * * * * * * * * * * * * * * * * * * //

dimensions      [0 0 0 1 0 0 0];

internalField   nonuniform List<scalar> 
4000
(
314.5554
314.5862
314.5809
314.5359
314.6563
314.614
314.5667
314.5986
314.5614
314.5158
314.7831
314.6896
314.6368
314.6333
314.5946
314.5466
314.6146
314.5791
314.5414
314.4953
314.9867
314.8258
314.7635
314.7123
314.6702
314.6167
314.6503
314.6139
314.5746
314.526
314.6279
314.595
314.5591
314.5209
314.4742
315.2637
315.0437
314.9667
314.8544
314.8062
314.7432
314.7314
314.6928
314.6501
314.5959
314.6645
314.6307
314.5938
314.554
314.5049
314.6392
314.6084
314.575
314.5386
314.5
315.5395
315.3396
315.2428
315.0815
315.0237
314.9461
314.8774
314.8348
314.7859
314.7223
314.7474
314.7119
314.6727
314.6294
314.5747
314.6763
314.6449
314.6106
314.5732
314.533
314.6484
314.6196
314.5882
314.5544
314.5176
315.7652
315.6348
315.5181
315.3895
315.3188
315.2216
315.1106
315.0616
315.0031
314.9248
314.8964
314.8578
314.8145
314.7649
314.7007
314.7606
314.7278
314.6917
314.652
314.6081
314.686
314.6566
314.6247
314.59
314.5521
314.6565
314.6287
314.5993
314.5675
314.5333
315.9205
315.8751
315.7436
315.6957
315.6132
315.4965
315.4264
315.3687
315.2975
315.2001
315.1344
315.0906
315.041
314.9818
314.903
314.912
314.8767
314.8374
314.7936
314.7434
314.7714
314.7409
314.7075
314.6709
314.6307
314.6945
314.6663
314.6364
314.6039
314.5688
314.6638
314.6368
314.6084
314.5786
314.5464
315.9988
316.0401
315.8987
315.9461
315.8532
315.7219
315.7404
315.6743
315.5914
315.4748
315.4567
315.4057
315.3475
315.276
315.1783
315.1538
315.1144
315.0699
315.0197
314.9599
314.9247
314.8923
314.8563
314.8164
314.772
314.7807
314.7516
314.7206
314.6866
314.6495
314.7021
314.6748
314.646
314.6156
314.5827
314.6701
314.644
314.6165
314.5876
314.5573
315.9989
316.1233
315.9771
316.1183
316.0182
315.877
315.9971
315.9246
315.8314
315.7001
315.7769
315.7191
315.6529
315.5696
315.453
315.4812
315.4359
315.3845
315.3261
315.2541
315.1695
315.1337
315.0937
315.0486
314.9978
314.9357
314.9049
314.8718
314.8352
314.7947
314.7891
314.761
314.7313
314.6996
314.6652
314.7087
314.6823
314.6544
314.6251
314.5942
314.676
314.6503
314.6236
314.5956
314.5663
315.9205
316.1234
315.9771
316.2053
316.1014
315.9553
316.1737
316.0967
315.9963
315.8552
316.0387
315.9756
315.903
315.8095
315.6784
315.8064
315.7556
315.6977
315.6314
315.5477
315.5009
315.4603
315.4147
315.3631
315.3043
315.183
315.1494
315.113
315.0723
315.0267
314.9454
314.9159
314.8844
314.8506
314.8134
314.7965
314.7693
314.7405
314.7102
314.6781
314.7148
314.6889
314.6619
314.6335
314.6037
314.6811
314.6561
314.6299
314.6027
314.5742
315.7653
316.0402
315.8988
316.2053
316.1015
315.9554
316.2628
316.1837
316.0796
315.9336
316.2188
316.1521
316.0751
315.9745
315.8335
316.0722
316.0172
315.9541
315.8814
315.7877
315.8301
315.7851
315.7342
315.6762
315.6097
315.5178
315.48
315.4392
315.3932
315.3413
315.1949
315.1629
315.1286
315.0916
315.0503
314.954
314.9256
314.8953
314.8631
314.8288
314.8031
314.7766
314.7488
314.7195
314.6886
314.7201
314.6949
314.6684
314.6409
314.612
314.6858
314.6611
314.6356
314.6089
314.5812
315.5396
315.8752
315.7436
316.1183
316.0183
315.877
316.2629
316.1836
316.0796
315.9336
316.3097
316.2413
316.1621
316.0578
315.9119
316.2551
316.1972
316.1306
316.0536
315.9527
316.0992
316.0508
315.9958
315.9326
315.8599
315.8502
315.8087
315.7637
315.7128
315.6547
315.5325
315.4969
315.4588
315.4177
315.3715
315.2054
315.1747
315.142
315.1071
315.0695
314.9617
314.9341
314.9049
314.874
314.8412
314.809
314.7832
314.7561
314.7277
314.6978
314.7251
314.7002
314.6744
314.6474
314.6193
314.69
314.6658
314.6406
314.6146
314.5874
315.2637
315.6348
315.5181
315.9461
315.8533
315.7219
316.1738
316.0967
315.9964
315.8553
316.3097
316.2413
316.162
316.0578
315.9119
316.3475
316.2882
316.2198
316.1405
316.036
316.2842
316.2336
316.1758
316.1092
316.0321
316.122
316.0777
316.0293
315.9743
315.9112
315.8678
315.8289
315.7873
315.7422
315.6912
315.5455
315.5116
315.4756
315.4373
315.3959
315.2147
315.1852
315.1538
315.1205
315.085
314.9685
314.9417
314.9134
314.8836
314.852
314.8143
314.7891
314.7626
314.7349
314.7059
314.7295
314.7051
314.6797
314.6534
314.6258
314.694
314.67
314.6453
314.6196
314.5931
314.9867
315.3397
315.2428
315.6956
315.6132
315.4966
315.9972
315.9246
315.8315
315.7002
316.2188
316.1522
316.0751
315.9746
315.8336
316.3474
316.2881
316.2198
316.1405
316.0361
316.3775
316.3259
316.2667
316.1983
316.1191
316.3088
316.2626
316.2121
316.1543
316.0878
316.1419
316.1005
316.0562
316.0078
315.9529
315.8832
315.8464
315.8074
315.7658
315.7206
315.557
315.5246
315.4903
315.4541
315.4155
315.223
315.1945
315.1643
315.1323
315.0984
314.9746
314.9485
314.921
314.892
314.8616
314.8192
314.7944
314.7684
314.7414
314.7131
314.7336
314.7095
314.6846
314.6586
314.6317
314.6976
314.6739
314.6494
314.6242
314.598
314.7831
315.0437
314.9667
315.3895
315.3188
315.2216
315.7404
315.6743
315.5915
315.4749
316.0387
315.9757
315.903
315.8096
315.6784
316.2551
316.1973
316.1307
316.0536
315.9528
316.3775
316.3259
316.2667
316.1984
316.1191
316.4031
316.3559
316.3044
316.2453
316.177
316.3302
316.2873
316.2411
316.1907
316.133
316.1592
316.1203
316.079
316.0347
315.9864
315.8969
315.8619
315.825
315.7859
315.7443
315.5672
315.536
315.5033
315.4687
315.4322
315.2303
315.2027
315.1735
315.1427
315.1101
314.9803
314.9546
314.9278
314.8996
314.87
314.8237
314.7992
314.7737
314.7472
314.7196
314.7374
314.7136
314.6889
314.6634
314.6369
314.7009
314.6776
314.6533
314.6283
314.6025
314.6564
314.8258
314.7635
315.0816
315.0237
314.9461
315.4265
315.3687
315.2975
315.2001
315.7768
315.7191
315.6529
315.5697
315.4531
316.0723
316.0172
315.9542
315.8814
315.7878
316.2841
316.2336
316.1758
316.1093
316.0321
316.4031
316.3559
316.3044
316.2453
316.1771
316.4253
316.3816
316.3345
316.2831
316.224
316.349
316.3086
316.2658
316.2197
316.1694
316.1746
316.1377
316.0988
316.0575
316.0133
315.909
315.8754
315.8404
315.8034
315.7644
315.5763
315.5462
315.5147
315.4817
315.4469
315.2372
315.21
315.1817
315.1518
315.1204
314.9855
314.9602
314.9338
314.9063
314.8774
314.8278
314.8037
314.7785
314.7524
314.7253
314.7409
314.7174
314.693
314.6677
314.6417
314.7039
314.6808
314.6569
314.6322
314.6066
314.5863
314.6897
314.6368
314.8545
314.8062
314.7432
315.1106
315.0616
315.003
314.9249
315.4566
315.4057
315.3475
315.276
315.1783
315.8064
315.7555
315.6977
315.6313
315.5478
316.0991
316.0508
315.9957
315.9327
315.8599
316.3089
316.2626
316.2121
316.1544
316.0879
316.4253
316.3816
316.3344
316.283
316.224
316.4447
316.4037
316.3601
316.3131
316.2618
316.3655
316.3274
316.2871
316.2444
316.1984
316.1883
316.153
316.1161
316.0773
316.0361
315.9197
315.8875
315.8539
315.8188
315.7818
315.5846
315.5552
315.5248
315.493
315.4598
315.2435
315.2169
315.189
315.16
315.1295
314.9902
314.9654
314.9394
314.9123
314.8841
314.8316
314.8078
314.783
314.7572
314.7305
314.744
314.7208
314.6967
314.6718
314.646
314.7068
314.6839
314.6602
314.6358
314.6105
314.5555
314.6141
314.5667
314.7124
314.6702
314.6167
314.8775
314.8349
314.7859
314.7223
315.1344
315.0906
315.041
314.9818
314.903
315.4812
315.4358
315.3845
315.3261
315.2542
315.83
315.7851
315.7342
315.6763
315.6097
316.122
316.0776
316.0293
315.9743
315.9113
316.3302
316.2873
316.2411
316.1907
316.133
316.4447
316.4037
316.3601
316.3131
316.2618
316.4619
316.4231
316.3822
316.3387
316.2918
316.3802
316.3439
316.3059
316.2657
316.2231
316.2004
316.1667
316.1315
316.0946
316.0559
315.9296
315.8983
315.866
315.8323
315.7972
315.5923
315.5636
315.5339
315.5032
315.4711
315.2491
315.2231
315.1958
315.1673
315.1377
314.9945
314.9701
314.9446
314.9179
314.8901
314.835
314.8115
314.7871
314.7616
314.7352
314.747
314.724
314.7001
314.6755
314.65
314.7095
314.6867
314.6632
314.6389
314.614
314.5809
314.5359
314.6334
314.5947
314.5466
314.7315
314.6929
314.6501
314.596
314.8964
314.8578
314.8146
314.7649
314.7007
315.1538
315.1144
315.0699
315.0197
314.9599
315.5008
315.4603
315.4146
315.3631
315.3043
315.8502
315.8087
315.7637
315.7127
315.6547
316.1418
316.1005
316.0561
316.0079
315.9529
316.3489
316.3086
316.2658
316.2197
316.1694
316.4618
316.4231
316.3822
316.3387
316.2918
316.4771
316.4402
316.4016
316.3608
316.3174
316.3933
316.3586
316.3224
316.2844
316.2444
316.2114
316.1788
316.1451
316.1099
316.0732
315.9386
315.9081
315.8767
315.8444
315.8107
315.5993
315.5713
315.5422
315.5122
315.4812
315.2542
315.2287
315.202
315.174
315.1449
314.9984
314.9744
314.9492
314.923
314.8956
314.8383
314.815
314.7908
314.7657
314.7396
314.7498
314.7269
314.7032
314.6788
314.6536
314.7121
314.6894
314.666
314.6419
314.6172
314.5987
314.5615
314.5159
314.6503
314.614
314.5747
314.526
314.7473
314.712
314.6728
314.6294
314.5747
314.9121
314.8768
314.8375
314.7936
314.7434
315.1695
315.1337
315.0937
315.0486
314.9979
315.5178
315.48
315.4392
315.3932
315.3414
315.8678
315.8289
315.7873
315.7422
315.6911
316.1592
316.1202
316.079
316.0346
315.9865
316.3655
316.3274
316.2871
316.2444
316.1984
316.4771
316.4402
316.4016
316.3608
316.3174
316.4907
316.4555
316.4187
316.3802
316.3395
316.4052
316.3716
316.337
316.3009
316.2631
316.2215
316.1898
316.1572
316.1235
316.0885
315.9468
315.9171
315.8865
315.8551
315.8227
315.6056
315.5782
315.5498
315.5204
315.4902
315.259
315.2338
315.2076
315.1802
315.1516
315.0022
314.9783
314.9535
314.9276
314.9007
314.8414
314.8182
314.7942
314.7693
314.7436
314.7525
314.7297
314.7062
314.6819
314.657
314.7145
314.6919
314.6686
314.6447
314.6201
314.6146
314.5792
314.5415
314.4953
314.6645
314.6308
314.5939
314.5541
314.5049
314.7606
314.7277
314.6918
314.6521
314.6081
314.9247
314.8923
314.8563
314.8164
314.772
315.183
315.1494
315.113
315.0723
315.0267
315.5325
315.4969
315.4588
315.4177
315.3714
315.8832
315.8464
315.8075
315.7658
315.7207
316.1746
316.1377
316.0987
316.0575
316.0133
316.3803
316.3439
316.3058
316.2657
316.2231
316.4907
316.4555
316.4187
316.3802
316.3395
316.503
316.469
316.4339
316.3973
316.3589
316.416
316.3835
316.35
316.3155
316.2796
316.2308
316.1999
316.1682
316.1356
316.1021
315.9543
315.9253
315.8955
315.8649
315.8334
315.6114
315.5845
315.5567
315.5281
315.4984
315.2635
315.2386
315.2127
315.1858
315.1578
315.0057
314.982
314.9574
314.9318
314.9053
314.8442
314.8212
314.7974
314.7727
314.7473
314.755
314.7324
314.7089
314.6848
314.66
314.7167
314.6943
314.6712
314.6473
314.6229
314.628
314.5951
314.5592
314.521
314.4743
314.6764
314.6449
314.6107
314.5733
314.533
314.7714
314.741
314.7075
314.671
314.6307
314.9357
314.9049
314.8718
314.8352
314.7947
315.1949
315.1629
315.1286
315.0916
315.0503
315.5454
315.5116
315.4756
315.4372
315.3959
315.8968
315.8618
315.825
315.7859
315.7442
316.1883
316.153
316.1161
316.0772
316.0361
316.3933
316.3586
316.3223
316.2844
316.2444
316.503
316.469
316.4339
316.3972
316.3589
316.5142
316.4813
316.4474
316.4124
316.376
316.426
316.3943
316.3619
316.3285
316.2941
316.2392
316.2091
316.1782
316.1466
316.1141
315.9612
315.9328
315.9037
315.8738
315.8432
315.6169
315.5903
315.563
315.535
315.506
315.2677
315.2431
315.2174
315.1909
315.1633
315.0089
314.9855
314.961
314.9357
314.9095
314.8469
314.824
314.8004
314.7759
314.7506
314.7573
314.7348
314.7116
314.6876
314.6629
314.7188
314.6966
314.6735
314.6499
314.6255
314.6393
314.6084
314.575
314.5387
314.5
314.686
314.6567
314.6247
314.5901
314.5522
314.7807
314.7517
314.7206
314.6866
314.6496
314.9455
314.9158
314.8844
314.8506
314.8134
315.2054
315.1747
315.142
315.1071
315.0695
315.5569
315.5245
315.4903
315.4541
315.4154
315.909
315.8754
315.8403
315.8034
315.7644
316.2004
316.1667
316.1314
316.0946
316.0558
316.4053
316.3717
316.3371
316.3008
316.263
316.5142
316.4813
316.4475
316.4125
316.3759
316.5244
316.4925
316.4597
316.426
316.3911
316.435
316.4042
316.3727
316.3404
316.3072
316.2469
316.2175
316.1874
316.1566
316.1251
315.9676
315.9396
315.9112
315.882
315.8521
315.6219
315.5958
315.5688
315.5412
315.5129
315.2715
315.2472
315.2219
315.1956
315.1684
315.012
314.9887
314.9645
314.9393
314.9133
314.8494
314.8268
314.8032
314.7789
314.7538
314.7594
314.7371
314.714
314.6902
314.6656
314.7207
314.6986
314.6758
314.6522
314.628
314.6484
314.6196
314.5882
314.5544
314.5177
314.6945
314.6663
314.6365
314.604
314.5689
314.7891
314.761
314.7313
314.6997
314.6651
314.9541
314.9256
314.8953
314.8632
314.8288
315.2146
315.1851
315.1538
315.1205
315.085
315.5672
315.536
315.5032
315.4687
315.4322
315.9198
315.8876
315.8539
315.8187
315.7818
316.2115
316.1788
316.1451
316.1099
316.0732
316.416
316.3836
316.3501
316.3156
316.2795
316.5245
316.4925
316.4597
316.426
316.3912
316.5338
316.5027
316.4709
316.4382
316.4046
316.4433
316.4133
316.3826
316.3511
316.319
316.2541
316.2252
316.1958
316.1658
316.1351
315.9736
315.946
315.918
315.8894
315.8603
315.6267
315.6007
315.5742
315.547
315.5191
315.2753
315.2511
315.226
315.2
315.173
315.0149
314.9918
314.9677
314.9428
314.9169
314.8518
314.8292
314.8059
314.7817
314.7568
314.7614
314.7392
314.7163
314.6926
314.6682
314.7227
314.7005
314.6778
314.6544
314.6303
314.6565
314.6287
314.5994
314.5676
314.5333
314.702
314.6747
314.646
314.6157
314.5827
314.7965
314.7693
314.7405
314.7102
314.6781
314.9616
314.9342
314.9049
314.874
314.8412
315.223
315.1944
315.1642
315.1323
315.0983
315.5764
315.5462
315.5146
315.4816
315.4469
315.9297
315.8983
315.8661
315.8323
315.7971
316.2215
316.1899
316.1572
316.1236
316.0885
316.426
316.3943
316.362
316.3286
316.2942
316.5339
316.5028
316.4708
316.4382
316.4047
316.5424
316.5121
316.4811
316.4494
316.4169
316.451
316.4216
316.3916
316.361
316.3297
316.2608
316.2323
316.2035
316.1742
316.1443
315.9793
315.952
315.9243
315.8962
315.8677
315.6314
315.6056
315.5792
315.5524
315.5249
315.2789
315.2548
315.2298
315.2041
315.1775
315.0177
314.9947
314.9708
314.946
314.9204
314.854
314.8316
314.8084
314.7844
314.7595
314.7635
314.7412
314.7184
314.6949
314.6706
314.7244
314.7024
314.6797
314.6564
314.6325
314.6637
314.6368
314.6085
314.5786
314.5464
314.7088
314.6822
314.6544
314.6251
314.5943
314.803
314.7767
314.7488
314.7195
314.6886
314.9685
314.9417
314.9135
314.8836
314.852
315.2304
315.2027
315.1734
315.1426
315.1101
315.5847
315.5554
315.5249
315.493
315.4597
315.9385
315.9082
315.8768
315.8444
315.8107
316.2308
316.1998
316.1683
316.1356
316.1021
316.435
316.4043
316.3727
316.3405
316.3072
316.5425
316.5121
316.4811
316.4493
316.4169
316.5504
316.5207
316.4905
316.4596
316.428
316.4583
316.4292
316.3999
316.37
316.3396
316.2672
316.2391
316.2106
316.1819
316.1527
315.9847
315.9577
315.9303
315.9026
315.8745
315.6357
315.6102
315.584
315.5574
315.5302
315.2822
315.2584
315.2336
315.2079
315.1815
315.0203
314.9975
314.9736
314.9491
314.9235
314.8563
314.8338
314.8107
314.7868
314.7622
314.7654
314.7433
314.7204
314.6969
314.6729
314.7262
314.7041
314.6816
314.6583
314.6345
314.6701
314.6439
314.6165
314.5877
314.5574
314.7148
314.6889
314.6618
314.6334
314.6037
314.809
314.7832
314.7561
314.7277
314.6978
314.9747
314.9485
314.921
314.8921
314.8616
315.2372
315.2101
315.1817
315.1518
315.1203
315.5923
315.5636
315.534
315.5032
315.471
315.9468
315.917
315.8866
315.8552
315.8228
316.2392
316.2091
316.1782
316.1467
316.1141
316.4434
316.4133
316.3826
316.3511
316.3191
316.5505
316.5207
316.4905
316.4596
316.428
316.5579
316.5286
316.499
316.4689
316.4382
316.4652
316.4365
316.4075
316.3783
316.3486
316.2733
316.2455
316.2174
316.189
316.1603
315.9897
315.9631
315.936
315.9085
315.8808
315.6397
315.6144
315.5886
315.5621
315.5352
315.2852
315.2616
315.2371
315.2117
315.1853
315.0228
315
314.9764
314.9519
314.9266
314.8583
314.8361
314.8129
314.7891
314.7646
314.7672
314.7451
314.7225
314.6989
314.6749
314.7279
314.7059
314.6833
314.6602
314.6364
314.6759
314.6503
314.6235
314.5956
314.5663
314.7202
314.6949
314.6685
314.6408
314.612
314.8144
314.7891
314.7626
314.735
314.7059
314.9803
314.9547
314.9278
314.8995
314.87
315.2435
315.2169
315.1891
315.16
315.1295
315.5992
315.5712
315.5422
315.5123
315.4812
315.9543
315.9253
315.8954
315.865
315.8335
316.247
316.2175
316.1874
316.1566
316.1252
316.4511
316.4216
316.3916
316.3611
316.3297
316.558
316.5287
316.4991
316.4689
316.4382
316.5651
316.5362
316.5069
316.4775
316.4475
316.4717
316.4434
316.4148
316.3859
316.3568
316.279
316.2516
316.2237
316.1957
316.1674
315.9944
315.9681
315.9414
315.9142
315.8867
315.6434
315.6184
315.5929
315.5667
315.54
315.2883
315.2647
315.2404
315.2151
315.1891
315.0251
315.0025
314.9789
314.9546
314.9294
314.8602
314.8381
314.8151
314.7913
314.7669
314.769
314.7469
314.7243
314.701
314.6769
314.7294
314.7076
314.6851
314.6619
314.6382
314.6811
314.656
314.6299
314.6026
314.5742
314.7251
314.7003
314.6744
314.6474
314.6193
314.8192
314.7944
314.7685
314.7414
314.7132
314.9855
314.9603
314.9339
314.9063
314.8774
315.2491
315.2231
315.1958
315.1674
315.1377
315.6056
315.5781
315.5498
315.5205
315.4903
315.9613
315.9328
315.9037
315.8738
315.8433
316.2542
316.2253
316.1958
316.1658
316.1351
316.4583
316.4293
316.4
316.3701
316.3396
316.5652
316.5362
316.507
316.4775
316.4475
316.5718
316.5433
316.5145
316.4854
316.4561
316.4778
316.4499
316.4217
316.3932
316.3645
316.2842
316.2572
316.2298
316.202
316.1741
315.9988
315.9728
315.9464
315.9196
315.8924
315.647
315.6221
315.5968
315.5709
315.5445
315.2911
315.2677
315.2434
315.2184
315.1925
315.0273
315.0048
314.9815
314.9571
314.9321
314.8622
314.84
314.8171
314.7935
314.7691
314.7706
314.7487
314.726
314.7028
314.6789
314.7308
314.7092
314.6868
314.6636
314.6399
314.6857
314.6612
314.6355
314.6089
314.5812
314.7295
314.7051
314.6797
314.6533
314.6258
314.8237
314.7992
314.7738
314.7472
314.7195
314.9901
314.9655
314.9394
314.9124
314.8841
315.2544
315.2287
315.202
315.1741
315.145
315.6115
315.5845
315.5567
315.528
315.4985
315.9676
315.9397
315.9111
315.882
315.8521
316.2609
316.2324
316.2036
316.1742
316.1443
316.4653
316.4365
316.4076
316.3784
316.3486
316.5718
316.5434
316.5145
316.4854
316.4561
316.5781
316.55
316.5216
316.4929
316.464
316.4834
316.456
316.4281
316.4
316.3717
316.2892
316.2624
316.2354
316.2081
316.1804
316.0032
315.9772
315.951
315.9246
315.8977
315.6505
315.6258
315.6005
315.5749
315.5487
315.2937
315.2705
315.2464
315.2214
315.1957
315.0295
315.007
314.9837
314.9596
314.9346
314.8639
314.8419
314.819
314.7955
314.7712
314.772
314.7503
314.7278
314.7045
314.6807
314.7321
314.7106
314.6883
314.6653
314.6417
314.69
314.6658
314.6407
314.6145
314.5874
314.7337
314.7095
314.6846
314.6586
314.6317
314.8278
314.8037
314.7786
314.7524
314.7253
314.9945
314.97
314.9446
314.9179
314.8901
315.2591
315.2339
315.2075
315.1802
315.1517
315.6169
315.5904
315.563
315.5349
315.506
315.9736
315.9461
315.918
315.8894
315.8602
316.2673
316.2392
316.2107
316.182
316.1526
316.4717
316.4435
316.4148
316.386
316.3569
316.5781
316.55
316.5216
316.4929
316.464
316.584
316.5563
316.5282
316.5
316.4714
316.4887
316.4616
316.4342
316.4065
316.3785
316.2941
316.2674
316.2406
316.2137
316.1865
316.0072
315.9815
315.9554
315.9292
315.9027
315.6537
315.6292
315.6042
315.5786
315.5527
315.2963
315.2731
315.2492
315.2244
315.1987
315.0316
315.0092
314.9859
314.9619
314.9371
314.8655
314.8437
314.821
314.7974
314.7732
314.7734
314.7518
314.7294
314.7063
314.6825
314.7335
314.7119
314.6897
314.6668
314.6433
314.694
314.67
314.6452
314.6196
314.593
314.7374
314.7137
314.6889
314.6634
314.6369
314.8316
314.8078
314.783
314.7572
314.7305
314.9985
314.9744
314.9492
314.923
314.8956
315.2636
315.2387
315.2128
315.1857
315.1578
315.622
315.5957
315.5688
315.5412
315.5128
315.9794
315.952
315.9244
315.8963
315.8676
316.2734
316.2455
316.2174
316.189
316.1604
316.4779
316.4499
316.4217
316.3932
316.3646
316.584
316.5563
316.5283
316.5
316.4715
316.5895
316.5621
316.5345
316.5066
316.4786
316.4939
316.4669
316.4398
316.4125
316.385
316.2987
316.2722
316.2455
316.2189
316.192
316.0111
315.9856
315.9597
315.9336
315.9073
315.6569
315.6324
315.6076
315.5822
315.5563
315.2987
315.2757
315.2518
315.2271
315.2017
315.0334
315.0112
314.9881
314.9641
314.9393
314.8671
314.8452
314.8227
314.7993
314.7751
314.7748
314.7531
314.7308
314.7079
314.6842
314.7347
314.7132
314.691
314.6682
314.6448
314.6975
314.674
314.6494
314.6241
314.598
314.7408
314.7174
314.693
314.6677
314.6417
314.8351
314.8115
314.787
314.7616
314.7352
315.0022
314.9784
314.9535
314.9275
314.9007
315.2678
315.2431
315.2175
315.191
315.1633
315.6269
315.6008
315.5742
315.547
315.5191
315.9847
315.9578
315.9304
315.9026
315.8745
316.2791
316.2516
316.2238
316.1958
316.1675
316.4835
316.456
316.4281
316.4001
316.3717
316.5895
316.5621
316.5346
316.5067
316.4786
316.5948
316.5676
316.5404
316.5129
316.4852
316.4989
316.4721
316.4451
316.4181
316.391
316.3029
316.2769
316.2504
316.2238
316.1973
316.0148
315.9894
315.9638
315.9379
315.9117
315.6598
315.6356
315.6108
315.5856
315.5599
315.3009
315.2781
315.2544
315.2297
315.2044
315.0352
315.013
314.9901
314.9662
314.9415
314.8685
314.8468
314.8242
314.801
314.777
314.776
314.7545
314.7322
314.7093
314.6857
314.7358
314.7144
314.6923
314.6695
314.6461
314.7009
314.6775
314.6534
314.6283
314.6025
314.7441
314.7208
314.6967
314.6718
314.646
314.8384
314.815
314.7908
314.7656
314.7396
315.0057
314.9821
314.9574
314.9319
314.9052
315.2717
315.2473
315.2219
315.1957
315.1685
315.6314
315.6057
315.5793
315.5524
315.5249
315.9899
315.9631
315.9361
315.9086
315.8808
316.2843
316.2573
316.2298
316.2021
316.1742
316.4888
316.4616
316.4343
316.4065
316.3786
316.5949
316.5677
316.5404
316.5129
316.4852
316.6
316.573
316.5459
316.5187
316.4914
316.5036
316.4771
316.4503
316.4234
316.3966
316.3071
316.2811
316.255
316.2287
316.2021
316.0182
315.9931
315.9675
315.9419
315.916
315.6626
315.6385
315.614
315.5888
315.5633
315.303
315.2803
315.2567
315.2323
315.207
315.0368
315.0148
314.9919
314.9682
314.9436
314.8699
314.8482
314.8258
314.8025
314.7787
314.7771
314.7557
314.7335
314.7106
314.6872
314.7369
314.7154
314.6934
314.6708
314.6474
314.7041
314.6808
314.6569
314.6322
314.6066
314.7471
314.724
314.7001
314.6754
314.65
314.8413
314.8183
314.7943
314.7693
314.7436
315.0091
314.9855
314.9611
314.9358
314.9095
315.2754
315.2512
315.2261
315.2
315.1731
315.6357
315.6102
315.5841
315.5574
315.5302
315.9945
315.9682
315.9414
315.9143
315.8868
316.2893
316.2625
316.2355
316.2081
316.1805
316.494
316.4669
316.4399
316.4126
316.385
316.6
316.573
316.5459
316.5187
316.4915
316.6048
316.5781
316.5512
316.5242
316.4973
316.508
316.4817
316.4553
316.4286
316.4019
316.3109
316.2852
316.2592
316.2332
316.207
316.0214
315.9964
315.9713
315.9457
315.92
315.6652
315.6412
315.6168
315.592
315.5665
315.305
315.2824
315.2589
315.2346
315.2096
315.0384
315.0165
314.9937
314.97
314.9456
314.8712
314.8496
314.8272
314.8041
314.7802
314.7784
314.7568
314.7348
314.712
314.6885
314.7379
314.7166
314.6945
314.6719
314.6487
314.7069
314.684
314.6602
314.6357
314.6105
314.7499
314.727
314.7033
314.6788
314.6536
314.8443
314.8212
314.7975
314.7728
314.7473
315.0121
314.9889
314.9645
314.9394
314.9134
315.2789
315.2549
315.23
315.2042
315.1775
315.6397
315.6145
315.5887
315.5623
315.5353
315.9989
315.9728
315.9465
315.9196
315.8925
316.2941
316.2675
316.2407
316.2138
316.1865
316.4989
316.4722
316.4452
316.4182
316.3911
316.6048
316.5781
316.5512
316.5242
316.4972
316.6094
316.5829
316.5563
316.5295
316.5027
316.5121
316.4861
316.4599
316.4336
316.407
316.3146
316.289
316.2634
316.2375
316.2116
316.0245
315.9997
315.9746
315.9494
315.9238
315.6675
315.6438
315.6195
315.5948
315.5697
315.307
315.2843
315.261
315.2368
315.2119
315.0399
315.018
314.9953
314.9717
314.9473
314.8725
314.8509
314.8285
314.8055
314.7817
314.7794
314.758
314.7359
314.7132
314.6898
314.7389
314.7176
314.6956
314.673
314.6498
314.7096
314.6868
314.6633
314.6389
314.614
314.7525
314.7297
314.7063
314.682
314.657
314.847
314.8241
314.8004
314.776
314.7507
315.0151
314.9919
314.9679
314.9428
314.917
315.2823
315.2584
315.2337
315.2081
315.1816
315.6435
315.6185
315.5929
315.5668
315.5401
316.0032
315.9773
315.9511
315.9247
315.8977
316.2986
316.2723
316.2457
316.2189
316.1921
316.5036
316.477
316.4504
316.4235
316.3967
316.6093
316.5829
316.5563
316.5296
316.5027
316.6136
316.5875
316.5611
316.5346
316.508
316.516
316.4902
316.4643
316.4381
316.412
316.318
316.2927
316.2672
316.2416
316.2158
316.0273
316.0028
315.9779
315.9527
315.9275
315.6699
315.6462
315.6221
315.5975
315.5725
315.3087
315.2863
315.2629
315.2389
315.214
315.0413
315.0195
314.9969
314.9734
314.9491
314.8736
314.8521
314.8298
314.8068
314.7831
314.7804
314.7591
314.7371
314.7143
314.691
314.7398
314.7186
314.6966
314.6741
314.6509
314.712
314.6894
314.6661
314.642
314.6172
314.755
314.7324
314.709
314.6849
314.6601
314.8496
314.8268
314.8033
314.7789
314.7539
315.0178
314.9948
314.9709
314.9461
314.9204
315.2853
315.2617
315.2372
315.2117
315.1855
315.6471
315.6222
315.5969
315.571
315.5446
316.0072
315.9815
315.9555
315.9292
315.9028
316.3031
316.2768
316.2505
316.2239
316.1973
316.5079
316.4817
316.4552
316.4287
316.4019
316.6136
316.5874
316.5611
316.5346
316.5081
316.6177
316.5917
316.5657
316.5394
316.5131
316.5198
316.4941
316.4683
316.4426
316.4166
316.3212
316.2961
316.2708
316.2454
316.2199
316.0301
316.0055
315.9809
315.956
315.9308
315.6721
315.6486
315.6245
315.6001
315.5752
315.3104
315.288
315.2649
315.2408
315.2161
315.0425
315.0209
314.9983
314.9749
314.9507
314.8747
314.8532
314.8311
314.8081
314.7844
314.7812
314.7601
314.7381
314.7155
314.6921
314.7406
314.7194
314.6976
314.6751
314.652
314.7144
314.6919
314.6687
314.6448
314.6203
314.7574
314.7348
314.7116
314.6876
314.663
314.8519
314.8294
314.8059
314.7818
314.7567
315.0203
314.9975
314.9738
314.9491
314.9237
315.2883
315.2647
315.2404
315.2152
315.1891
315.6505
315.6259
315.6006
315.5749
315.5488
316.0112
315.9855
315.9597
315.9337
315.9074
316.307
316.2812
316.255
316.2287
316.2022
316.5121
316.486
316.4599
316.4335
316.4071
316.6177
316.5917
316.5656
316.5394
316.5131
316.6216
316.5958
316.5699
316.544
316.5179
316.5232
316.4978
316.4722
316.4466
316.421
316.3242
316.2993
316.2742
316.249
316.2237
316.0326
316.0083
315.9837
315.959
315.934
315.674
315.6507
315.6268
315.6024
315.5778
315.3119
315.2897
315.2666
315.2428
315.218
315.0438
315.0221
314.9997
314.9763
314.9523
314.8756
314.8543
314.8322
314.8093
314.7857
314.7822
314.7609
314.7391
314.7165
314.6933
314.7202
314.6984
314.6761
314.653
314.7167
314.6943
314.6712
314.6474
314.623
314.7595
314.7372
314.714
314.6902
314.6657
314.8541
314.8317
314.8085
314.7844
314.7596
315.0229
315
314.9764
314.952
314.9267
315.2911
315.2678
315.2434
315.2184
315.1926
315.6538
315.6292
315.6042
315.5786
315.5527
316.0147
315.9895
315.9637
315.9379
315.9118
316.3109
316.2851
316.2594
316.2332
316.207
316.516
316.4902
316.4642
316.4382
316.412
316.6215
316.5958
316.5699
316.5439
316.5179
316.6252
316.5996
316.574
316.5482
316.5224
316.5264
316.5013
316.476
316.4505
316.425
316.327
316.3023
316.2774
316.2524
316.2273
316.0349
316.0108
315.9864
315.9617
315.937
315.6759
315.6527
315.629
315.6048
315.5801
315.3134
315.2912
315.2683
315.2445
315.22
315.0449
315.0234
315.0009
314.9777
314.9537
314.8766
314.8553
314.8332
314.8104
314.7869
314.7619
314.7399
314.7175
314.6943
314.6992
314.6769
314.654
314.7188
314.6966
314.6735
314.6498
314.6256
314.7616
314.7393
314.7164
314.6926
314.6682
314.8563
314.8339
314.8108
314.7869
314.7622
315.0252
315.0026
314.979
314.9546
314.9295
315.2938
315.2705
315.2464
315.2214
315.1958
315.6569
315.6325
315.6076
315.5823
315.5564
316.0182
315.993
315.9676
315.9418
315.916
316.3145
316.2891
316.2633
316.2376
316.2115
316.5198
316.4941
316.4684
316.4425
316.4166
316.6251
316.5996
316.5739
316.5482
316.5224
316.6284
316.6032
316.5778
316.5522
316.5266
316.5295
316.5045
316.4794
316.4542
316.4289
316.3296
316.3051
316.2804
316.2556
316.2307
316.0371
316.0131
315.9889
315.9645
315.9398
315.6777
315.6546
315.6309
315.6069
315.5824
315.3147
315.2927
315.2698
315.2461
315.2217
315.0461
315.0245
315.0022
314.979
314.955
314.8563
314.8342
314.8115
314.788
314.7408
314.7183
314.6953
314.6777
314.6548
314.7208
314.6986
314.6758
314.6522
314.628
314.7635
314.7414
314.7185
314.6949
314.6706
314.8584
314.8361
314.813
314.7892
314.7647
315.0274
315.0049
314.9815
314.9571
314.9321
315.2962
315.2732
315.2492
315.2244
315.1987
315.6598
315.6356
315.6109
315.5856
315.56
316.0214
315.9965
315.9712
315.9458
315.9199
316.318
316.2927
316.2672
316.2415
316.2159
316.5232
316.4978
316.4722
316.4466
316.4209
316.6285
316.6032
316.5778
316.5522
316.5266
316.6316
316.6065
316.5814
316.5561
316.5307
316.5323
316.5075
316.4826
316.4576
316.4326
316.3322
316.3077
316.2832
316.2586
316.2338
316.0392
316.0154
315.9912
315.967
315.9425
315.6793
315.6564
315.6328
315.6089
315.5845
315.3161
315.294
315.2713
315.2477
315.2233
315.0257
315.0033
314.9802
314.9563
314.8352
314.8124
314.7891
314.7192
314.6961
314.6556
314.7227
314.7006
314.6778
314.6544
314.6303
314.7654
314.7433
314.7205
314.697
314.6729
314.8603
314.8381
314.8151
314.7914
314.767
315.0295
315.0071
314.9838
314.9597
314.9346
315.2986
315.2756
315.2519
315.2271
315.2017
315.6626
315.6385
315.6139
315.5889
315.5633
316.0245
315.9997
315.9746
315.9493
315.9239
316.3213
316.2961
316.2708
316.2454
316.2198
316.5265
316.5013
316.476
316.4505
316.425
316.6317
316.6065
316.5814
316.556
316.5307
316.6346
316.6097
316.5846
316.5596
316.5345
316.535
316.5104
316.4856
316.4608
316.436
316.3346
316.3102
316.2858
316.2614
316.2368
316.0412
316.0175
315.9935
315.9693
315.945
315.6811
315.6579
315.6346
315.6107
315.5865
315.2954
315.2725
315.2491
315.2248
315.0044
314.9813
314.9575
314.8134
314.79
314.697
314.7245
314.7024
314.6797
314.6564
314.6325
314.7672
314.7452
314.7224
314.699
314.675
314.8621
314.8401
314.8172
314.7935
314.7691
315.0315
315.0091
314.986
314.9619
314.9371
315.3009
315.278
315.2543
315.2298
315.2044
315.6652
315.6413
315.6168
315.5919
315.5666
316.0274
316.0027
315.9779
315.9527
315.9274
316.3243
316.2994
316.2743
316.249
316.2237
316.5295
316.5045
316.4794
316.4542
316.4289
316.6347
316.6097
316.5847
316.5596
316.5345
316.6374
316.6127
316.5878
316.5629
316.538
316.5375
316.513
316.4885
316.4638
316.4392
316.3367
316.3126
316.2883
316.264
316.2396
316.0433
316.0194
315.9956
315.9715
315.9473
315.6597
315.6362
315.6125
315.5884
315.274
315.2504
315.2263
314.9824
314.9586
314.791
314.7262
314.7042
314.6816
314.6583
314.6345
314.7689
314.747
314.7243
314.701
314.677
314.8639
314.8419
314.8191
314.7955
314.7713
315.0334
315.0112
314.988
314.9641
314.9394
315.3031
315.2803
315.2566
315.2322
315.2071
315.6676
315.6439
315.6196
315.5948
315.5696
316.0301
316.0056
315.9809
315.9559
315.9308
316.3271
316.3024
316.2775
316.2524
316.2272
316.5324
316.5076
316.4827
316.4577
316.4326
316.6374
316.6127
316.5878
316.5629
316.538
316.6399
316.6154
316.5908
316.5661
316.5413
316.5398
316.5156
316.4911
316.4667
316.4422
316.3391
316.3147
316.2907
316.2664
316.2422
316.0215
315.9975
315.9736
315.9495
315.6379
315.6141
315.5901
315.2518
315.2275
314.9597
314.7278
314.706
314.6834
314.6602
314.6364
314.7705
314.7486
314.7261
314.7028
314.6789
314.8655
314.8436
314.8209
314.7974
314.7733
315.0351
315.0131
314.99
314.9661
314.9416
315.3051
315.2824
315.2589
315.2346
315.2095
315.67
315.6463
315.6222
315.5976
315.5725
316.0326
316.0084
315.9838
315.959
315.934
316.3298
316.3052
316.2805
316.2556
316.2307
316.5351
316.5104
316.4857
316.4609
316.436
316.64
316.6154
316.5908
316.5661
316.5413
316.6423
316.6179
316.5935
316.569
316.5445
316.5425
316.5178
316.4936
316.4693
316.445
316.3171
316.2928
316.2688
316.2447
315.9995
315.9755
315.9516
315.6158
315.5917
315.2289
314.7294
314.7076
314.6851
314.662
314.6382
314.772
314.7502
314.7277
314.7046
314.6808
314.867
314.8453
314.8226
314.7992
314.7751
315.0369
315.0148
314.9919
314.9681
314.9435
315.307
315.2844
315.261
315.2368
315.2118
315.6721
315.6486
315.6246
315.6001
315.5752
316.035
316.0109
315.9865
315.9619
315.937
316.3323
316.3079
316.2833
316.2586
316.2339
316.5376
316.5131
316.4885
316.4639
316.4392
316.6424
316.618
316.5935
316.5691
316.5445
316.6451
316.6203
316.5961
316.5717
316.5474
316.5205
316.4959
316.4718
316.4476
316.2952
316.2709
316.247
315.9776
315.9535
315.5934
314.7308
314.7091
314.6867
314.6637
314.64
314.7734
314.7517
314.7293
314.7062
314.6825
314.8686
314.8468
314.8242
314.8009
314.7769
315.0384
315.0165
314.9936
314.97
314.9455
315.3087
315.2864
315.263
315.2389
315.2141
315.6742
315.6507
315.6269
315.6025
315.5778
316.0372
316.0133
315.989
315.9646
315.9399
316.3346
316.3103
316.286
316.2615
316.2369
316.5399
316.5156
316.4912
316.4667
316.4423
316.6452
316.6204
316.5961
316.5718
316.5474
316.6231
316.5984
316.5743
316.5501
316.4986
316.4741
316.4502
316.2733
316.2491
315.9555
314.7322
314.7105
314.6882
314.6652
314.6417
314.7749
314.7531
314.7308
314.7078
314.6841
314.87
314.8483
314.8257
314.8026
314.7786
315.0399
315.018
314.9954
314.9717
314.9474
315.3105
315.2881
315.2649
315.2409
315.2162
315.676
315.6528
315.629
315.6048
315.5802
316.0393
316.0155
315.9914
315.967
315.9426
316.3368
316.3127
316.2884
316.2641
316.2397
316.5426
316.5179
316.4937
316.4694
316.4451
316.6232
316.5985
316.5743
316.5502
316.6012
316.5767
316.5527
316.4768
316.4524
316.2515
314.7335
314.7119
314.6896
314.6668
314.6432
314.7761
314.7546
314.7322
314.7092
314.6857
314.8713
314.8497
314.8273
314.804
314.7802
315.0414
315.0195
314.9969
314.9734
314.9491
315.312
315.2898
315.2666
315.2428
315.2182
315.6778
315.6546
315.6311
315.6069
315.5825
316.0413
316.0175
315.9936
315.9694
315.9451
316.3393
316.3149
316.2908
316.2666
316.2423
316.5206
316.496
316.4719
316.4477
316.6013
316.5767
316.5527
316.5794
316.5551
316.4551
314.7347
314.7132
314.691
314.6681
314.6447
314.7773
314.7558
314.7336
314.7106
314.6871
314.8725
314.851
314.8286
314.8056
314.7817
315.0426
315.021
314.9983
314.9749
314.9508
315.3135
315.2913
315.2684
315.2445
315.22
315.6795
315.6564
315.6329
315.609
315.5846
316.0434
316.0195
315.9956
315.9716
315.9474
316.3173
316.293
316.2689
316.2448
316.4987
316.4742
316.4502
316.5795
316.5551
316.5578
314.7359
314.7144
314.6923
314.6695
314.6461
314.7785
314.757
314.7349
314.712
314.6885
314.8737
314.8522
314.8299
314.8069
314.7832
315.0439
315.0222
314.9998
314.9764
314.9523
315.3149
315.2928
315.2699
315.2462
315.2217
315.6813
315.6581
315.6347
315.6108
315.5866
316.0216
315.9976
315.9737
315.9496
316.2954
316.2711
316.2471
316.4768
316.4525
316.5578
314.737
314.7156
314.6935
314.6708
314.6475
314.7795
314.7581
314.736
314.7133
314.6899
314.8747
314.8533
314.8311
314.8082
314.7845
315.0451
315.0235
315.001
314.9778
314.9537
315.3163
315.2942
315.2713
315.2477
315.2234
315.6599
315.6363
315.6126
315.5884
315.9997
315.9756
315.9517
316.2735
316.2493
316.4552
314.7381
314.7167
314.6947
314.672
314.6487
314.7806
314.7592
314.7372
314.7144
314.6911
314.8758
314.8544
314.8323
314.8094
314.7858
315.0463
315.0246
315.0023
314.9791
314.9551
315.2956
315.2727
315.2492
315.2249
315.6381
315.6142
315.5902
315.9777
315.9536
316.2517
314.739
314.7177
314.6957
314.6731
314.6499
314.7815
314.7602
314.7382
314.7156
314.6922
314.8768
314.8554
314.8333
314.8105
314.787
315.0258
315.0034
314.9803
314.9564
315.2741
315.2506
315.2263
315.616
315.5919
315.9557
314.7399
314.7187
314.6968
314.6742
314.6511
314.7824
314.7611
314.7392
314.7166
314.6934
314.8565
314.8343
314.8116
314.7881
315.0046
314.9814
314.9576
315.252
315.2277
315.5936
314.7408
314.7195
314.6977
314.6752
314.6521
314.762
314.7401
314.7176
314.6944
314.8354
314.8126
314.7891
314.9826
314.9587
315.2291
314.7204
314.6986
314.6762
314.6531
314.741
314.7185
314.6954
314.8136
314.7901
314.9599
314.6994
314.677
314.6541
314.7194
314.6963
314.7911
314.6779
314.6549
314.6972
314.6557
)
;

boundaryField
{
    electrolyteSides
    {
        type            zeroGradient;
    }
    electrolyte_to_fuel
    {
        type            zeroGradient;
    }
    electrolyte_to_air
    {
        type            zeroGradient;
    }
}


// ************************************************************************* //
