/*--------------------------------*- C++ -*----------------------------------*\
| =========                 |                                                 |
| \\      /  F ield         | OpenFOAM: The Open Source CFD Toolbox           |
|  \\    /   O peration     | Version:  2312                                  |
|   \\  /    A nd           | Website:  www.openfoam.com                      |
|    \\/     M anipulation  |                                                 |
\*---------------------------------------------------------------------------*/
FoamFile
{
    version     2.0;
    format      ascii;
    arch        "LSB;label=32;scalar=64";
    class       volScalarField;
    location    "60/phiI";
    object      dmdt;
}
// * * * * * * * * * * * * * * * * * * * * * * * * * * * * * * * * * * * * * //

dimensions      [0 -3 -1 0 1 0 0];

internalField   nonuniform List<scalar> 
12000
(
6314.753
6328.762
6365.139
6705.918
6349.511
6395.979
6718.877
6414.744
6790.231
7385.656
6359.75
6401.336
6742.451
6420.213
6775.384
7399.442
6447.193
6837.783
7480.674
8267.133
6347.968
6394.239
6752.033
6429.671
6797.614
7412.226
6441.664
6851.899
7456.932
8281.717
6472.294
6857.778
7545.104
8381.628
9468.167
6376.289
6348.1
6768.191
6444.419
6781.956
7407.367
6424.132
6849.578
7483.882
8283.858
6482.557
6860.972
7539.066
8363.105
9481.937
6489.763
6890.756
7565.585
8460.383
9628.103
0
6402.437
6354.395
6788.977
6401.447
6758.309
7436.731
6417.498
6836.895
7457.063
8274.463
6476.541
6842.243
7541.434
8377.83
9483.796
6503.478
6899.427
7552.409
8438.6
9611.737
0
6522.914
6899.052
7593.015
8492.237
9727.562
0
0
6400.84
6326.004
6800.207
6385.27
6770.929
7456.024
6434.268
6805.761
7426.926
8294.775
6469.822
6847.848
7496.52
8348.375
9472.253
6487.242
6876.55
7541.429
8448.532
9614.657
0
6517.097
6895.496
7593.15
8469.71
9695.741
0
0
6529.027
6931.364
7594.896
8516.481
9771.927
0
0
0
6386.148
6336.563
6812.244
6404.067
6728.549
7456.998
6450.212
6819.509
7443.806
8334.397
6461.939
6837.221
7479.762
8308.457
9485.326
6447.514
6873.523
7527.148
8372.555
9579.151
0
6468.255
6888.9
7566.756
8462.729
9704.524
0
0
6523.241
6933.536
7591.788
8520.336
9743.024
0
0
0
6541.573
6937.185
7637
8527.699
9801.05
0
0
0
0
6388.451
6334.177
6792.686
6404.744
6731.954
7478.897
6460.424
6819.717
7372.163
8325.222
6464.004
6873.403
7504.668
8320.11
9536.961
6482.244
6872.349
7516.378
8370.407
9518.954
0
6534.186
6865.092
7555.774
8426.876
9608.876
0
0
6569.459
6892.814
7583.422
8490.157
9733.141
0
0
0
6554.855
6929.956
7638.076
8522.272
9806.161
0
0
0
0
6523.672
6951.337
7650.526
8574.401
9820.232
0
0
0
0
0
6357.431
6299.599
6792.033
6389.06
6724.072
7454.701
6463.993
6813.05
7371.9
8347.471
6439.055
6866.157
7489.872
8201.926
9518.648
6485.084
6874.928
7556.928
8390.54
9514.927
0
6471.336
6905.038
7558.872
8419.256
9603.444
0
0
6553.06
6950.353
7574.485
8457.657
9676.618
0
0
0
6548.96
6958.184
7616.001
8514.993
9768.921
0
0
0
0
6555.324
6951.85
7638.647
8575.012
9812.844
0
0
0
0
0
6567.386
6946.209
7665.398
8594.643
9875.508
0
0
0
0
0
-7589.511
6378.737
6313.919
6766.852
6376.431
6694.427
7455.339
6420.78
6790.253
7359.28
8316.604
6440.502
6875.264
7473.752
8195.108
9536.994
6495.645
6858.735
7536.429
8363.218
9325.184
0
6497.684
6903.01
7561.417
8449.679
9603.845
0
0
6529.429
6905.567
7592.414
8466.989
9662.869
0
0
0
6505.176
6964.637
7650.686
8502.947
9715.533
0
0
0
0
6549.271
6956.177
7651.027
8560.807
9803.877
0
0
0
0
0
6540.547
6962.94
7659.598
8587.644
9874.45
0
0
0
0
0
-7626.331
6559.623
6986.766
7670.171
8613.416
9903.041
0
0
0
0
0
-8603.195
-7386.386
6402.995
6293.164
6786.974
6372.643
6717.216
7430.09
6411.976
6782.193
7327.931
8317.295
6437.463
6833.304
7443.799
8174.99
9497.426
6487.68
6856.387
7536.871
8334.889
9307.876
0
6518.073
6904.455
7541.265
8414.351
9556.665
0
0
6532.986
6921.863
7589.334
8459.329
9674.275
0
0
0
6559.94
6954.189
7613.419
8496.119
9718.81
0
0
0
0
6544.821
6943.345
7668.526
8577.334
9777.946
0
0
0
0
0
6547.73
6964.547
7661.83
8583.265
9858.357
0
0
0
0
0
-7684.694
6561.496
6953.881
7673.812
8604.5
9895.555
0
0
0
0
0
-8599.261
-7414.664
6606.29
6982.286
7705.923
8621.378
9928.237
0
0
0
0
0
-8495.126
-8263.509
-7191.453
6403.801
6307.114
6805.401
6414.274
6697.824
7449.685
6416.458
6773.409
7359.796
8286.725
6435.938
6810.915
7439.57
8142.039
9496.535
6479.767
6843.728
7498.343
8295.929
9279.392
0
6489.71
6890.718
7534.913
8399.929
9509.429
0
0
6545.145
6927.129
7584.057
8428.112
9617.33
0
0
0
6537.991
6949.578
7614.225
8490.43
9690.697
0
0
0
0
6535.897
6941.381
7658.839
8538.035
9747.468
0
0
0
0
0
6564.392
6968.636
7663.06
8598.15
9860.013
0
0
0
0
0
-7775.511
6587.264
6980.675
7680.251
8609.479
9879.225
0
0
0
0
0
-8588.571
-7457.805
6605.038
6971.775
7668.739
8609.548
9915.478
0
0
0
0
0
-8492.671
-8259.823
-7213.504
6585.615
7011.22
7715.234
8653.39
9938.259
0
0
0
0
0
-8518.91
-8159.835
-7955.746
-6913.457
6416.079
6324.775
6811.443
6408.427
6713.471
7470.334
6395.151
6809.384
7334.646
8312.123
6451.081
6822.673
7422.495
8178.368
9463.237
6444.178
6852.735
7469.536
8289.442
9242.775
0
6491.42
6892.186
7507.548
8360.71
9457.257
0
0
6518.155
6909.364
7558.084
8416.29
9583.257
0
0
0
6550.011
6957.823
7610.193
8473.103
9640.459
0
0
0
0
6527.905
6949.868
7647.412
8522.714
9728.065
0
0
0
0
0
6554.843
6947.427
7627.777
8581.604
9805.319
0
0
0
0
0
-7882.302
6537.746
6971.08
7693.824
8610.528
9883.621
0
0
0
0
0
-8561.638
-7525.082
6573.903
7004.351
7699.057
8636.417
9916.714
0
0
0
0
0
-8480.61
-8249.856
-7245.634
6614.22
7017.24
7694.263
8622.643
9916.028
0
0
0
0
0
-8514.952
-8157.283
-7952.445
-6931.767
6585.672
7025.817
7725.404
8676.377
9972.432
0
0
0
0
0
-8547.336
-8185.013
-7854.767
-7592.942
-6690.07
6340.518
6385.007
6806.022
6420.744
6725.312
7475.852
6427.38
6824.612
7360.095
8336.172
6449.725
6801.693
7465.908
8153.498
9493.622
6449.953
6855.96
7483.371
8266.481
9282.208
0
6490.218
6854.576
7521.297
8325.524
9444.724
0
0
6498.418
6908.783
7566.019
8371.644
9535.676
0
0
0
6501.573
6937.149
7592.499
8431.315
9613.623
0
0
0
0
6553.576
6958.402
7640.395
8505.147
9690.468
0
0
0
0
0
6564.698
6946.247
7635.987
8559.268
9768.438
0
0
0
0
0
-8013.725
6596.2
6984.21
7664.221
8541.429
9851.869
0
0
0
0
0
-8518.215
-7603.422
6611.199
6981.799
7685.898
8635.289
9904.399
0
0
0
0
0
-8465.007
-8223.672
-7295.991
6597.685
6991.549
7712.667
8643.858
9948.488
0
0
0
0
0
-8502.576
-8146.288
-7943.544
-6957.465
6567.132
7033.41
7735.317
8647.315
9944.478
0
0
0
0
0
-8543.235
-8181.309
-7852.387
-7590.099
-6706.751
6551.156
7025.413
7753.136
8681.283
10005.53
0
0
0
0
0
-8571.607
-8214.487
-7880.021
-7494.093
-7310.221
6343.976
6396.745
6727.925
6418.884
6785.715
7447.863
6455.802
6821.56
7367.467
8346.768
6452.632
6839.136
7485.219
8184.959
9524.703
6488.98
6859.925
7464.482
8316.047
9260.14
0
6492.058
6862.738
7519.017
8342.196
9419.055
0
0
6495.295
6904.185
7522.42
8382.685
9492.399
0
0
0
6517.753
6904.122
7583.259
8438.761
9551.087
0
0
0
0
6550.546
6932.576
7621.756
8477.78
9627.857
0
0
0
0
0
6559.734
6974.769
7642.184
8537.716
9730.006
0
0
0
0
0
-8098.686
6573.54
6984.537
7640.757
8546.892
9810.125
0
0
0
0
0
-8547.578
-7701.462
6576.323
6991.075
7693.219
8597.476
9807.333
0
0
0
0
0
-8426.654
-8183.815
-7354.082
6623.294
7008.363
7704.131
8626.346
9932.948
0
0
0
0
0
-8483.623
-8131.512
-7918.892
-6998.041
6612.593
7008.919
7704.613
8660.758
9953.584
0
0
0
0
0
-8533.281
-8169.701
-7842.697
-7582.382
-6729.75
6614.324
7007.883
7742.026
8684.809
9968.348
0
0
0
0
0
-8566.551
-8210.667
-7876.727
-7492.051
-7307.71
6590.013
7002.654
7758.821
8712.226
10010.68
0
0
0
0
0
-8587.617
-8239.832
-7909.34
-7518.637
-7213.817
6338.042
6413.607
6749.328
6429.772
6781.641
7402.479
6444.788
6829.667
7449.291
8303.076
6455.892
6878.087
7486.443
8195.591
9542.045
6477.874
6855.821
7509.216
8343.756
9298.341
0
6466.477
6886.894
7525.691
8328.218
9476.981
0
0
6477.071
6892.163
7531.319
8381.644
9510.953
0
0
0
6522.134
6902.616
7573.37
8390.578
9557.769
0
0
0
0
6510.266
6936.443
7575.843
8459.735
9627.671
0
0
0
0
0
6550.319
6969.415
7627.442
8512.397
9686.404
0
0
0
0
0
-8145.667
6570.81
6985.786
7661.633
8541.753
9767.79
0
0
0
0
0
-7540.106
-7761.606
6592.883
6995.149
7685.532
8559.569
9800.888
0
0
0
0
0
-8410.232
-8215.005
-7428.885
6586.577
6990.446
7674.04
8614.012
9879.802
0
0
0
0
0
-8446.349
-8096.405
-7883.144
-7044.832
6574.123
7031.373
7722.149
8644.296
9923.903
0
0
0
0
0
-8512.827
-8152.213
-7829.447
-7559.708
-6766.326
6639.759
7033.789
7722.812
8656.406
9978.695
0
0
0
0
0
-8556.297
-8200.964
-7866.203
-7483.698
-7300.808
6621.962
7040.855
7741.508
8695.124
10008.15
0
0
0
0
0
-8583.364
-8235.022
-7905.951
-7515.826
-7212.059
6613.511
7038.788
7748.3
8725.299
10046.12
0
0
0
0
0
-8602.561
-8256.708
-7934.624
-7547.101
-7237.696
6329.367
6380.449
6754.121
6403.398
6811.551
7433.074
6439.61
6809.126
7438.052
8275.089
6437.371
6861.593
7502.785
8316.26
9492.29
6489.523
6850.199
7559.142
8353.953
9317.454
0
6497.765
6887.763
7517.945
8380.935
9516.567
0
0
6504.185
6878.815
7548.841
8392.361
9504.739
0
0
0
6508.736
6886.319
7551.984
8401.807
9556.339
0
0
0
0
6527.396
6927.799
7573.308
8445.305
9572.755
0
0
0
0
0
6516.965
6932.13
7616.259
8456.992
9654.814
0
0
0
0
0
-8170.504
6567.641
6973.876
7652.816
8523.553
9726.707
0
0
0
0
0
-7627.173
-7793.039
6585.107
6988.519
7674.076
8565.266
9775.565
0
0
0
0
0
-8394.466
-7358.591
-7471.947
6583.679
7013.352
7690.536
8606.784
9820.921
0
0
0
0
0
-8417.033
-8081.176
-7917.837
-7107.094
6576.819
6996.121
7692.442
8593.762
9892.387
0
0
0
0
0
-8471.754
-8117.854
-7798.205
-7528.085
-6808.881
6559.702
7004.021
7735.203
8670.316
9945.027
0
0
0
0
0
-8534.039
-8182.189
-7850.724
-7472.307
-7279.717
6635.799
7043.91
7751.665
8674.281
9977.076
0
0
0
0
0
-8572.626
-8225.123
-7897.018
-7506.521
-7204.597
6621.374
7058.754
7762.003
8710.316
10023.88
0
0
0
0
0
-8602.89
-8252.601
-7930.239
-7544.21
-7235.232
6613.724
7044.677
7768.23
8713.082
10064.7
0
0
0
0
0
-8618.662
-8272.72
-7951.436
-7571.669
-7265.375
6322.515
6389.374
6746.511
6416.007
6785.62
7444.365
6449.989
6820.752
7481.9
8317.249
6438.32
6851.877
7479.843
8317.001
9475.127
6486.394
6814.793
7543.325
8385.956
9506.657
0
6509.88
6904.316
7514.04
8441.371
9543.268
0
0
6534.831
6917.262
7561.479
8385.944
9569.444
0
0
0
6507.031
6924.688
7554.593
8413.637
9573.89
0
0
0
0
6521.418
6920.818
7563.26
8415.368
9585.34
0
0
0
0
0
6544.801
6941.011
7598.066
8449.696
9633.728
0
0
0
0
0
-8178.149
6553.403
6938.412
7619.998
8501.738
9658.2
0
0
0
0
0
-7652.706
-7809.046
6574.72
6982.143
7660.651
8546.727
9743.732
0
0
0
0
0
-8381.069
-7431.202
-7492.836
6594.382
7008.521
7676.018
8582.472
9803.729
0
0
0
0
0
-8372.866
-8068.096
-7184.662
-7141.145
6598.252
7007.342
7717.604
8613.769
9871.594
0
0
0
0
0
-8444.101
-8090.272
-7785.731
-7566.814
-6866.989
6569.3
6985.495
7710.264
8627.687
9874.535
0
0
0
0
0
-8494.103
-8144.584
-7820.047
-7444.994
-7250.892
6673.472
6988.021
7735.271
8669.546
9980.079
0
0
0
0
0
-8549.367
-8205.139
-7880.344
-7493.225
-7194.558
6614.041
7066.537
7759.675
8710.989
9993.362
0
0
0
0
0
-8586.23
-8242.612
-7921.201
-7536.316
-7226.805
6625.003
7030.031
7767.806
8727.461
10049.25
0
0
0
0
0
-8615.944
-8272.541
-7947.724
-7567.799
-7262.841
6624.347
7034.031
7773.514
8728.061
10048.18
0
0
0
0
0
-8633.625
-8289.501
-7967.596
-7587.907
-7289.269
6379.035
6723.033
6415.262
6791.918
7419.222
6379.323
6820.442
7465.052
8323.579
6426.453
6879.586
7527.583
8361.061
9524.616
6472.635
6870.786
7541.418
8379.74
9530.28
0
6553.957
6900.242
7494.891
8436.122
9598.278
0
0
6519.185
6926.247
7582.7
8391.08
9646.496
0
0
0
6540.034
6944.459
7595.4
8438.714
9575.096
0
0
0
0
6547.797
6922.272
7599.432
8434.085
9597.622
0
0
0
0
0
6531.934
6935.778
7592.066
8442.449
9598.192
0
0
0
0
0
-8180.302
6549.726
6956.533
7616.393
8474.746
9643.764
0
0
0
0
0
-7665.727
-7813.349
6561.644
6976.779
7631.42
8514.318
9707.213
0
0
0
0
0
-8358.75
-7448.147
-7502.875
6583.14
7000.221
7674.79
8560.188
9768.247
0
0
0
0
0
-8329.52
-8057.826
-7247.971
-7156.657
6597.556
7014.576
7699.304
8583.734
9826.808
0
0
0
0
0
-8399.363
-8049.639
-7776.404
-6923.979
-6897.913
6597.677
7038.504
7714.946
8642.337
9882.352
0
0
0
0
0
-8467.285
-8118.845
-7795.635
-7436.006
-7292.414
6609.081
6999.022
7707.692
8650.891
9918.359
0
0
0
0
0
-8510.161
-8168.646
-7846.885
-7466.393
-7169.901
6656.605
7072.429
7742.827
8702.537
9974.675
0
0
0
0
0
-8570.293
-8221.694
-7903.833
-7521.88
-7215.016
6609.552
7040.201
7771.916
8722.552
10038.9
0
0
0
0
0
-8606.589
-8257.78
-7938.826
-7559.864
-7255.75
6639.677
7058.141
7738.431
8716.592
10066.83
0
0
0
0
0
-8632.278
-8286.733
-7967.297
-7584.7
-7285.782
6626.468
7036.039
7765.162
8737.419
10066.17
0
0
0
0
0
-8651.111
-8305.193
-7984.27
-7603.669
-7305.028
6436.59
6776.251
7390.817
6439.474
6819.918
7479.772
8286.029
6468.931
6843.131
7516.071
8362.51
9525.218
6447.97
6855.965
7574.254
8439.971
9584.373
0
6510.725
6915.794
7542.337
8440.28
9615.096
0
0
6522.931
6968.928
7588.728
8405.715
9660.29
0
0
0
6542.469
6932.221
7610.245
8472.299
9596.361
0
0
0
0
6537.831
6960.584
7624.267
8482.101
9637.753
0
0
0
0
0
6546.496
6965.783
7608.213
8481.31
9629.983
0
0
0
0
0
-8171.464
6545.992
6943.873
7614.693
8470.499
9637.224
0
0
0
0
0
-7664.923
-7815.019
6549.571
6968.928
7633.807
8498.956
9670.94
0
0
0
0
0
-8344.93
-7456.931
-7505.016
6569.11
6976.535
7660.185
8529.913
9727.655
0
0
0
0
0
-8300.893
-8038.435
-7259.161
-7163.735
6593.43
7002.8
7690.469
8578.828
9787.675
0
0
0
0
0
-8355.439
-8010.944
-7769.695
-6983.077
-6911.507
6607.226
7019.751
7711.205
8610.627
9829.575
0
0
0
0
0
-8423.591
-8077.463
-7759.472
-7430.706
-6708.788
6615.336
7024.158
7758.236
8645.373
9913.886
0
0
0
0
0
-8479.208
-8143.281
-7824.422
-7445.845
-7163.398
6601.78
7006.559
7718.626
8651.506
9945.376
0
0
0
0
0
-8527.386
-8185.85
-7871.395
-7492.604
-7190.823
6625.94
7063.353
7769.533
8708.212
10025.24
0
0
0
0
0
-8584.803
-8242.922
-7920.541
-7545.079
-7242.868
6536.322
7044.148
7757.945
8729.973
10056.69
0
0
0
0
0
-8613.569
-8278.159
-7954.477
-7577.023
-7278.678
6595.547
7037.907
7789.508
8697.574
10049.56
0
0
0
0
0
-8643.546
-8303.687
-7981.729
-7603.518
-7302.194
6643.085
7046.069
7756.203
8745.259
10081.18
0
0
0
0
0
-8658.817
-8322.686
-7999.902
-7619.806
-7320.378
6439.223
6847.011
7455.235
8255.067
6478
6843.116
7507.972
8380.06
9481.228
6465.37
6869.999
7532.746
8431.68
9605.15
0
6529.233
6877.325
7561.691
8487.544
9691.513
0
0
6531.955
6920.734
7621.337
8439.534
9679
0
0
0
6538.473
6941.409
7651.065
8490.869
9642.536
0
0
0
0
6556.218
6958.602
7616.913
8505.855
9690.583
0
0
0
0
0
6531.172
6960.525
7639.753
8512.467
9690.946
0
0
0
0
0
-8147.765
6531.594
6960.207
7643.38
8497.034
9682.722
0
0
0
0
0
-7656.643
-7810.148
6538.727
6961.731
7617.078
8500.631
9668.364
0
0
0
0
0
-8343.681
-7456.422
-7506.325
6559.371
6971.818
7652.013
8518.381
9702.115
0
0
0
0
0
-8284.518
-8026.225
-7265.146
-7164.921
6603.661
6990.514
7657.657
8552.191
9747.349
0
0
0
0
0
-8326.172
-7984.338
-7753.393
-6991.523
-6917.538
6617.58
7014.369
7693.683
8593.318
9810.817
0
0
0
0
0
-8380.028
-8037.93
-7725.583
-7427.493
-6766.963
6583.345
7032.325
7717.768
8627.478
9860.602
0
0
0
0
0
-8439.783
-8103.398
-7787.453
-7414.424
-7160.688
6584.137
7042.208
7734.585
8699.088
9921.858
0
0
0
0
0
-8496.476
-8156.64
-7849.045
-7474.055
-7173.112
6590.248
7014.225
7715.351
8664.276
9950.478
0
0
0
0
0
-8543.977
-8204.205
-7888.723
-7516.748
-7216.409
6557.342
7029.704
7766.711
8707.723
10033.57
0
0
0
0
0
-8597.85
-8258.393
-7941.324
-7561.332
-7265.578
6596.153
6986.989
7766.789
8723.705
10064.37
0
0
0
0
0
-8631.298
-8286.566
-7974.195
-7592.474
-7295.381
6624.591
7016.931
7749.837
8754.903
10036.77
0
0
0
0
0
-8655.522
-8315.81
-7998.518
-7617.652
-7320.426
6641.709
7051.872
7775.66
8733.197
10094.08
0
0
0
0
0
-8669.758
-8331.368
-8016.893
-7634.953
-7336.049
6473.398
6864.161
7538.203
8353.918
9446.887
6489.224
6878.344
7532.225
8413.373
9625.432
0
6459.385
6876.469
7563.513
8446.413
9692.132
0
0
6548.447
6934.448
7592.732
8488.024
9747.527
0
0
0
6515.247
6946.756
7613.517
8532.237
9687.111
0
0
0
0
6578.877
6957.669
7638.293
8551.22
9728.503
0
0
0
0
0
6548.568
6974.25
7648.276
8513.644
9731.056
0
0
0
0
0
-8101.501
6531.558
6951.797
7645.629
8530.315
9725.715
0
0
0
0
0
-7628.752
-7794.853
6555.316
6950.852
7642.557
8529.599
9703.902
0
0
0
0
0
-8356.401
-7451.557
-7504.038
6558.871
6962.583
7645.068
8497.381
9705.402
0
0
0
0
0
-8286.505
-8025.142
-7264.827
-7166.001
6542.631
6986.381
7658.676
8543.011
9724.267
0
0
0
0
0
-8311.525
-7969.977
-7742.82
-6996.179
-6918.415
6578.092
7024.366
7676.026
8550.688
9768.456
0
0
0
0
0
-8351.246
-8011.876
-7701.524
-7414.116
-6774.543
6582.152
7033.786
7703.062
8599.399
9826.461
0
0
0
0
0
-8398.178
-8064.234
-7752.618
-7385.085
-7159.607
6606.606
7007.961
7731.596
8636.389
9882.138
0
0
0
0
0
-8452.088
-8120.726
-7813.841
-7441.846
-7144.992
6607.632
7011.446
7751.927
8670.081
9984.194
0
0
0
0
0
-8512.64
-8175.39
-7862.784
-7498.196
-7200.699
6605.712
7020.962
7732.908
8650.076
9964.724
0
0
0
0
0
-8558.435
-8221.369
-7907.179
-7533.613
-7240.032
6618.696
7036.815
7746.026
8718.161
10024.09
0
0
0
0
0
-8612.343
-8272.032
-7956.895
-7581.306
-7281.402
6600.106
7029.974
7745.526
8729.355
10061.75
0
0
0
0
0
-8643.858
-8304.283
-7983.204
-7611.269
-7310.496
6634.553
7043.597
7757.01
8713.757
10099.07
0
0
0
0
0
-8669.195
-8328.609
-8010.755
-7633.871
-7334.212
6635.382
7061.067
7771.768
8757.526
10085.89
0
0
0
0
0
-8678.259
-8342.787
-8025.878
-7651.22
-7350.763
6499.052
6890.706
7565.414
8452.497
9599.609
0
6499.322
6899.195
7566.087
8455.889
9673.015
0
0
6528.685
6905.007
7589.208
8484.426
9715.354
0
0
0
6536.467
6947.154
7637.881
8520.237
9761.455
0
0
0
0
6528.324
6950.479
7643.969
8523.509
9788.973
0
0
0
0
0
6564.449
6998.469
7653.438
8550.265
9793.512
0
0
0
0
0
-8011.874
6550.236
6981.414
7664.947
8552.138
9742.212
0
0
0
0
0
-7542.298
-7763.953
6542.106
6949.966
7638.983
8543.243
9747.349
0
0
0
0
0
-8379.998
-7432.421
-7494.429
6563.12
6975.505
7637.861
8533.086
9739.159
0
0
0
0
0
-8303.219
-8036.383
-7262.197
-7164.907
6578.281
6969.067
7649.961
8537.944
9700.352
0
0
0
0
0
-8311.274
-7971.396
-7741.875
-6995.968
-6919.405
6582.71
6967.313
7674.389
8554.642
9754.846
0
0
0
0
0
-8335.524
-7998.397
-7689.085
-7405.076
-6778.763
6595.076
6993.735
7709.383
8574.221
9769.838
0
0
0
0
0
-8364.175
-8038.266
-7729.884
-7363.74
-7148.066
6598.481
7007.796
7718.432
8607.81
9835.739
0
0
0
0
0
-8410.443
-8082.951
-7779.387
-7411.546
-7118.607
6624.057
7021.926
7714.161
8651.613
9894.327
0
0
0
0
0
-8468.939
-8134.645
-7831.329
-7467.875
-7171.838
6629.468
7033.728
7727.75
8687.017
9953.216
0
0
0
0
0
-8529.654
-8192.006
-7881.909
-7511.689
-7224.309
6672.727
7041.156
7759.6
8684.872
9946.927
0
0
0
0
0
-8572.77
-8236.343
-7924.208
-7551.596
-7256.465
6632.489
7053.743
7776.404
8711.813
10041.5
0
0
0
0
0
-8627.63
-8286.967
-7970.489
-7596.483
-7300.762
6591.705
7025.318
7780.819
8728.298
10069.15
0
0
0
0
0
-8655.69
-8317.769
-8000.373
-7620.314
-7328.65
6656.107
7045.814
7784.274
8747.419
10059.41
0
0
0
0
0
-8676.126
-8342.041
-8023.687
-7645.801
-7349.947
6644.163
7044.676
7776.566
8742.69
10114.08
0
0
0
0
0
-8690.609
-8352.07
-8037.206
-7660.087
-7366.501
6489.245
6916.682
7591.789
8483.029
9720.766
0
0
6513.866
6912.996
7598.647
8487.457
9734.728
0
0
0
6537.411
6932.648
7624.823
8530.414
9761.312
0
0
0
0
6546.406
6955.12
7643.692
8563.922
9795.952
0
0
0
0
0
6549.06
6949.022
7643.186
8567.086
9783.003
0
0
0
0
0
-7883.156
6528.772
6980.147
7687.451
8567.932
9801.441
0
0
0
0
0
-8552.086
-7699.897
6554.343
6965.986
7682.394
8571.706
9788.477
0
0
0
0
0
-8397.363
-7360.778
-7473.992
6578.842
6963.454
7644.46
8540.901
9767.305
0
0
0
0
0
-8334.593
-8057.166
-7248.942
-7158.099
6594.338
6986.53
7663.738
8534.323
9746.597
0
0
0
0
0
-8328.57
-7986.189
-7751.542
-6994.311
-6918.694
6572.096
6997.983
7642.317
8543.285
9751.228
0
0
0
0
0
-8333.932
-7998.57
-7690.13
-7404.232
-6778.589
6578.659
7007.98
7663.403
8567.574
9771.23
0
0
0
0
0
-8347.024
-8023.968
-7717.776
-7353.025
-7140.006
6607.603
7007.119
7672.131
8604.02
9798.5
0
0
0
0
0
-8380.067
-8052.439
-7756.487
-7391.951
-7099.18
6620.103
7020.521
7703.246
8619.772
9845.258
0
0
0
0
0
-8428.52
-8097.199
-7797.906
-7437.977
-7144.53
6625.89
7046.022
7718.584
8640.134
9911.865
0
0
0
0
0
-8485.388
-8152.483
-7845.812
-7484.957
-7197.359
6641.561
7051.963
7731.373
8668.733
9971.197
0
0
0
0
0
-8543.92
-8209.365
-7898.332
-7530.51
-7237.522
6585.049
7072.517
7765.227
8717.665
9994.305
0
0
0
0
0
-8581.719
-8251.557
-7939.038
-7568.102
-7273.99
6642.847
7036.126
7780.128
8741.87
10044.7
0
0
0
0
0
-8632.538
-8302.465
-7985.167
-7609.667
-7315.55
6630.864
7047.95
7783.937
8761.101
10075.37
0
0
0
0
0
-8665.761
-8329.549
-8014.036
-7636.719
-7337.555
6651.868
7079.136
7784.812
8772.74
10104.84
0
0
0
0
0
-8687.745
-8349.721
-8036.553
-7658.45
-7361.566
6645.409
7060.492
7778.789
8745.06
10094.82
0
0
0
0
0
-8701.046
-8364.422
-8046.647
-7671.031
-7375.172
6521.09
6922.9
7614.792
8516.407
9758.252
0
0
0
6550.43
6932.284
7620.584
8535.7
9770.748
0
0
0
0
6510.496
6967.592
7626.511
8570.364
9822.666
0
0
0
0
0
6547.964
6949.343
7673.775
8575.629
9844.288
0
0
0
0
0
-7775.965
6541.144
6954.538
7654.574
8563.979
9836.463
0
0
0
0
0
-8515.847
-7604.107
6561.008
6959.107
7678.903
8600.587
9823.713
0
0
0
0
0
-8412.721
-8219.332
-7427.571
6563.81
6968.01
7659.395
8591.065
9812.624
0
0
0
0
0
-8371.083
-8070.936
-7186.799
-7143.005
6590.103
6999.705
7655.059
8550.812
9768.795
0
0
0
0
0
-8357.705
-8014.517
-7769.295
-6983.898
-6912.88
6587.255
7019.022
7677.111
8561.545
9752.713
0
0
0
0
0
-8352.944
-8013.786
-7703.037
-7412.398
-6777.209
6589.463
6996.446
7683.238
8526.042
9758.348
0
0
0
0
0
-8348.772
-8022.747
-7718.179
-7353.849
-7139.21
6586.363
7000.947
7696.451
8561.179
9784.557
0
0
0
0
0
-8363.956
-8037.44
-7743.772
-7381.257
-7089.538
6629.957
7030.299
7692.648
8564.579
9827.858
0
0
0
0
0
-8394.48
-8070.022
-7770.98
-7418.082
-7126.964
6623.536
7042.142
7715.173
8617.942
9857.085
0
0
0
0
0
-8444.389
-8116.039
-7812.974
-7455.891
-7170.469
6638.899
7051.156
7741.635
8636.417
9904.657
0
0
0
0
0
-8496.012
-8169.434
-7863.796
-7499.339
-7214.057
6631.954
7063.654
7762.034
8662.614
9957.067
0
0
0
0
0
-8553.596
-8224.727
-7915.471
-7546.394
-7255.935
6636.814
6999.687
7761.476
8728.23
10031.87
0
0
0
0
0
-8592.994
-8261.331
-7954.385
-7582.435
-7290.05
6646.385
7066.062
7750.062
8741.094
10070.41
0
0
0
0
0
-8647.754
-8308.801
-8000.398
-7623.77
-7328.372
6639.241
7087.059
7795.269
8770.966
10103.44
0
0
0
0
0
-8675.988
-8340.336
-8025.408
-7650.107
-7353.416
6600.202
7067.977
7805.789
8772.567
10129
0
0
0
0
0
-8696.894
-8361.382
-8044.405
-7670.649
-7373.895
6650.657
7067.607
7799.175
8764.115
10097.31
0
0
0
0
0
-8706.919
-8374.626
-8058.608
-7680.27
-7385.794
6557.818
6947.936
7639.798
8542.476
9801.458
0
0
0
0
6536.448
6971.008
7648.132
8559.61
9831.405
0
0
0
0
0
6530.635
6946.443
7661.511
8568.106
9864.409
0
0
0
0
0
-7685.111
6547.833
6961.67
7655.659
8611.746
9863.773
0
0
0
0
0
-8561.309
-7526.03
6503.377
6970.546
7661.462
8583.01
9835.637
0
0
0
0
0
-8427.203
-8181.978
-7354.7
6591.055
6999.147
7665.754
8598.452
9859.231
0
0
0
0
0
-8417.712
-8083.346
-7921.971
-7105.96
6570.376
6991.436
7665.579
8571.614
9834.688
0
0
0
0
0
-8401.001
-8048.124
-7779.12
-6926.052
-6899.687
6596.435
7004.307
7686.387
8559.637
9783.407
0
0
0
0
0
-8383.168
-8040.389
-7728.145
-7427.24
-6767.727
6574.257
7007.544
7705.821
8578.566
9784.098
0
0
0
0
0
-8366.309
-8039.996
-7731.432
-7365.041
-7146.421
6589.24
7008.233
7687.259
8579.366
9736.869
0
0
0
0
0
-8364.898
-8039.092
-7742.814
-7381.766
-7090.279
6612.552
7004.611
7685.73
8594.803
9781.953
0
0
0
0
0
-8379.3
-8055.616
-7758.049
-7406.929
-7117.254
6608.225
7053.174
7719.777
8592.854
9788.363
0
0
0
0
0
-8411.534
-8085.441
-7789.195
-7432.338
-7152.577
6622.861
7042.967
7737.22
8625.264
9864.224
0
0
0
0
0
-8456.233
-8132.711
-7831.788
-7471.005
-7187.935
6657.608
7058.137
7750.629
8661.486
9897.476
0
0
0
0
0
-8510.936
-8181.124
-7880.57
-7516.96
-7228.197
6561.088
7056.318
7764.879
8697.244
9950.341
0
0
0
0
0
-8560.508
-8235.141
-7931.05
-7562.994
-7271.395
6627.888
7056.57
7719.147
8683.47
10047.54
0
0
0
0
0
-8605.155
-8273.221
-7964.353
-7597.46
-7303.981
6684.122
7069.285
7775.889
8715.352
10070.9
0
0
0
0
0
-8656.865
-8323.956
-8007.375
-7638.474
-7342.041
6661.983
7086.889
7808.637
8773.916
10121.06
0
0
0
0
0
-8683.905
-8350.471
-8036.253
-7660.932
-7366.474
6627.62
7022.464
7799.674
8770.526
10130.68
0
0
0
0
0
-8705.585
-8370.808
-8055.705
-7678.34
-7385.66
6635.783
7083.826
7802.595
8786.491
10122.85
0
0
0
0
0
-8714.822
-8381.203
-8068.317
-7691.689
-7394.798
6564.257
6964.33
7665.45
8583.712
9833.519
0
0
0
0
0
6535.027
6966.878
7674.979
8594.478
9858.782
0
0
0
0
0
-7625.651
6565.557
7002.96
7669.096
8596.398
9869.046
0
0
0
0
0
-8587.857
-7458.469
6560.011
6982.404
7676.199
8590.853
9905.222
0
0
0
0
0
-8462.901
-8223.37
-7297.183
6612.623
6930.683
7676.22
8590.377
9859.686
0
0
0
0
0
-8447.659
-8096.688
-7881.731
-7045.423
6585.57
7004.467
7698.228
8591.53
9862.554
0
0
0
0
0
-8444.547
-8091.023
-7787.644
-7570.769
-6865.936
6587.905
6985.06
7692.893
8585.591
9819.65
0
0
0
0
0
-8423.045
-8079.213
-7758.128
-7433.292
-6710.809
6606.162
7022.434
7690.633
8589.417
9792.312
0
0
0
0
0
-8393.193
-8066.817
-7755.083
-7387.048
-7159.403
6592.272
6990.567
7696.298
8600.851
9804.669
0
0
0
0
0
-8381.895
-8054.434
-7758.17
-7393.264
-7100.391
6600.608
7010.217
7694.387
8588.705
9799.433
0
0
0
0
0
-8379.116
-8056.429
-7759.568
-7406.136
-7117.783
6594.563
7035.797
7694.596
8581.725
9817.201
0
0
0
0
0
-8393.471
-8072.157
-7776.549
-7421.246
-7142.47
6631.189
7038.876
7741.885
8621.133
9821.716
0
0
0
0
0
-8424.226
-8103.11
-7804.767
-7450.468
-7166.579
6617.861
7040.779
7741.145
8650.899
9869.087
0
0
0
0
0
-8466.994
-8145.402
-7848.522
-7489.344
-7202.849
6624.34
7082.569
7762.618
8674.788
9925.672
0
0
0
0
0
-8520.764
-8196.368
-7892.602
-7533.204
-7245.426
6642.49
7012.408
7767.458
8697.527
9985.109
0
0
0
0
0
-8572.135
-8243.628
-7941.609
-7578.276
-7287.552
6663.864
7050.048
7778.51
8668.668
9978.259
0
0
0
0
0
-8616.843
-8285.347
-7976.264
-7607.243
-7318.645
6617.23
7091.449
7781.021
8730.636
10049.67
0
0
0
0
0
-8664.289
-8332.939
-8022.039
-7645.569
-7356.316
6653.716
7079.318
7811.731
8753.354
10120.6
0
0
0
0
0
-8690.888
-8359.141
-8045.994
-7671.486
-7376.933
6646.279
7064.062
7765.65
8774.131
10114.78
0
0
0
0
0
-8712.67
-8379.602
-8064.984
-7689.12
-7393.161
6646.249
7072.4
7821.915
8783.043
10148.67
0
0
0
0
0
-8722.525
-8389.196
-8075.072
-7700.845
-7405.835
6571.027
6975.69
7653.14
8603.479
9883.018
0
0
0
0
0
-7594.44
6558.979
6965.48
7680.272
8611.221
9900.555
0
0
0
0
0
-8601.872
-7414.061
6534.301
6996.649
7708.686
8626.959
9898.685
0
0
0
0
0
-8483.803
-8249.288
-7246.418
6575.311
6988.678
7703.97
8620.79
9885.954
0
0
0
0
0
-8485.078
-8129.609
-7918.601
-6999.324
6582.134
7021.977
7646.838
8605.642
9872.398
0
0
0
0
0
-8473.13
-8119.374
-7798.321
-7526.952
-6809.457
6586.079
7015.655
7700.603
8620.473
9861.232
0
0
0
0
0
-8467.831
-8119.417
-7796.429
-7437.738
-7296.236
6626.765
7019.608
7683.92
8610.717
9840.488
0
0
0
0
0
-8438.071
-8102.653
-7789.178
-7413.188
-7163.181
6603.977
7027.55
7717.516
8594.19
9825.053
0
0
0
0
0
-8413.282
-8078.627
-7781.575
-7413.945
-7120.347
6592.855
7012.752
7680.263
8601.331
9825.002
0
0
0
0
0
-8396.554
-8071.538
-7772.858
-7419.698
-7128.179
6603.603
7022.863
7695.989
8592.576
9813.612
0
0
0
0
0
-8393.593
-8071.659
-7777.245
-7422.65
-7141.745
6608.997
7015.125
7726.224
8593.716
9804.259
0
0
0
0
0
-8407.719
-8086.778
-7793.359
-7439.483
-7156.621
6631.607
7052.197
7735.643
8644.981
9852.805
0
0
0
0
0
-8434.966
-8116.573
-7822.418
-7465.709
-7184.421
6642.873
7045.063
7732.339
8657.033
9899.68
0
0
0
0
0
-8479.069
-8156.773
-7861.398
-7505.703
-7220.755
6648.299
7059.44
7790.107
8689.236
9942.467
0
0
0
0
0
-8528.425
-8207.107
-7907.6
-7545.11
-7261.244
6643.651
7069.647
7757.526
8705.06
9985.175
0
0
0
0
0
-8584.151
-8255.381
-7950.829
-7588.623
-7302.481
6629.703
7090.244
7768.192
8734.997
9979.45
0
0
0
0
0
-8626.73
-8297.107
-7987.983
-7618.836
-7328.208
6652.309
7044.378
7800.246
8729.398
10057.76
0
0
0
0
0
-8675.394
-8340.983
-8030.686
-7659.578
-7363.33
6666.662
7084.98
7807.937
8775.435
10085.69
0
0
0
0
0
-8700.348
-8366.341
-8054.867
-7680.728
-7387.2
6621.365
7071.178
7809.25
8756.281
10127.63
0
0
0
0
0
-8718.128
-8386.978
-8073.579
-7698.05
-7403.58
6656.091
7085.77
7822.712
8801.745
10143.4
0
0
0
0
0
-8729.896
-8396.868
-8082.869
-7707.477
-7414.649
6549.114
6985.496
7677.83
8583.735
9906.977
0
0
0
0
0
-8605.019
-7391.062
6544.682
6990.349
7690.395
8631.381
9915.71
0
0
0
0
0
-8496.144
-8261.994
-7213.005
6587.137
6979.269
7710.36
8645.181
9940.531
0
0
0
0
0
-8505.524
-8148.799
-7943.069
-6958.289
6563.104
7008.46
7704.87
8644.953
9922.594
0
0
0
0
0
-8510.439
-8153.754
-7827.735
-7559.425
-6767.612
6606.932
7015.985
7703.316
8586.864
9891.907
0
0
0
0
0
-8495.033
-8146.068
-7821.625
-7445.018
-7249.874
6617.362
7019.082
7721.095
8625.724
9890.974
0
0
0
0
0
-8482.125
-8143.974
-7825.036
-7446.654
-7165.04
6615.634
7038.625
7723.034
8606.27
9865.691
0
0
0
0
0
-8453.851
-8119.27
-7813.009
-7443.502
-7143.813
6617.073
7035.947
7719.473
8629.392
9831.007
0
0
0
0
0
-8424.714
-8099.709
-7794.077
-7439.908
-7146.859
6622.285
7023.667
7708.024
8584.437
9833.368
0
0
0
0
0
-8408.623
-8087.5
-7790.476
-7434.12
-7154.139
6595.104
7030.394
7713.106
8594.227
9817.152
0
0
0
0
0
-8405.881
-8087.084
-7792.694
-7440.093
-7157.959
6597.298
7030.247
7707.708
8628.363
9818.651
0
0
0
0
0
-8420.779
-8102.03
-7807.885
-7456.012
-7174.517
6621.105
7051.458
7742.876
8642.239
9879.136
0
0
0
0
0
-8447.531
-8128.647
-7835.976
-7482.952
-7199.338
6641.469
7064.403
7750.574
8643.038
9907.796
0
0
0
0
0
-8488.29
-8169.692
-7872.819
-7518.354
-7236.745
6654.156
7078.324
7771.262
8717.314
9959.289
0
0
0
0
0
-8540.794
-8215.749
-7918.611
-7559.589
-7272.93
6604.273
7075.375
7787.289
8710.042
9996.781
0
0
0
0
0
-8598.766
-8267.246
-7962.285
-7597.99
-7312.596
6664.753
7058.516
7794.354
8720.797
10053.14
0
0
0
0
0
-8636.141
-8307.528
-7999.44
-7630.008
-7339.496
6660.554
7070.238
7791.202
8748.579
10055.26
0
0
0
0
0
-8678.791
-8352.151
-8038.845
-7667.806
-7376.876
6631.041
7078.842
7808.856
8778.031
10114.92
0
0
0
0
0
-8706.711
-8375.995
-8061.96
-7689.465
-7396.118
6620.859
7079.724
7818.943
8790.599
10120.4
0
0
0
0
0
-8726.47
-8393.239
-8080.858
-7706.303
-7412.236
6659.806
7085.711
7826.35
8805.886
10161.87
0
0
0
0
0
-8736.825
-8404.586
-8090.261
-7714.949
-7421.121
6593.662
6983.83
7688.509
8617.874
9888.997
0
0
0
0
0
-8497.761
-8265.259
-7195.915
6569.198
7004.093
7712.346
8652.135
9948.281
0
0
0
0
0
-8518.229
-8160.144
-7954.312
-6931.355
6568.141
7014.955
7716.171
8663.651
9953.248
0
0
0
0
0
-8528.33
-8172.372
-7844.715
-7581.961
-6730.572
6590.826
7003.012
7722.877
8645.392
9949.366
0
0
0
0
0
-8534.728
-8180.044
-7852.308
-7470.741
-7279.44
6577.465
7028.692
7723.763
8625.779
9879.811
0
0
0
0
0
-8510.025
-8169.886
-7848.456
-7467.956
-7169.898
6614.329
7040.255
7729.542
8652.641
9899.979
0
0
0
0
0
-8498.275
-8159.662
-7849.807
-7474.674
-7173.911
6629.007
7037.747
7726.328
8647.151
9865.374
0
0
0
0
0
-8468.595
-8136.239
-7830.068
-7467.021
-7173.438
6612.699
7039.956
7732.917
8629.305
9873.415
0
0
0
0
0
-8441.81
-8112.916
-7815.261
-7452.402
-7172.283
6607.413
7044.282
7723.16
8617.736
9816.004
0
0
0
0
0
-8424.191
-8100.792
-7806.807
-7451.593
-7168.296
6615.768
7020.769
7720.673
8614.637
9819.616
0
0
0
0
0
-8419.634
-8100.574
-7808.322
-7455.277
-7175.087
6612.583
7020.325
7721.959
8613.914
9857.906
0
0
0
0
0
-8429.721
-8115.803
-7823.37
-7470.133
-7190.714
6638.075
7049.944
7746.304
8650.398
9879.256
0
0
0
0
0
-8459.199
-8141.357
-7848.526
-7496.216
-7216.192
6647.46
7066.02
7764.423
8665.4
9891.206
0
0
0
0
0
-8499.164
-8179.544
-7885.916
-7529.503
-7249.136
6621.689
7082.87
7785.672
8704.773
9990.123
0
0
0
0
0
-8551.831
-8227.85
-7927.64
-7570.466
-7287.007
6629.714
7035.293
7789.874
8731.22
10008.69
0
0
0
0
0
-8601.496
-8281.788
-7973.723
-7608.969
-7321.859
6641.957
7075.525
7781.515
8730.054
10036.29
0
0
0
0
0
-8639.068
-8317.289
-8009.841
-7640.998
-7350.303
6682.2
7067.665
7784.583
8767.725
10077.69
0
0
0
0
0
-8687.926
-8356.746
-8049.697
-7675.789
-7384.833
6620.37
7092.151
7814.573
8777.213
10127.44
0
0
0
0
0
-8715.092
-8382.443
-8071.433
-7696.291
-7404.656
6658.815
7049.74
7824.488
8807.723
10150.79
0
0
0
0
0
-8732.948
-8401.511
-8087.404
-7713.305
-7420.231
6639.714
7076.122
7827.858
8807.463
10168.43
0
0
0
0
0
-8743.252
-8411.463
-8097.94
-7721.972
-7428.354
6598.141
7012.909
7697.851
8629.644
9931.087
0
0
0
0
0
-8521.739
-8161.97
-7957.365
-6917.74
6593.67
6982.926
7736.201
8662.508
9975.054
0
0
0
0
0
-8545.003
-8184.006
-7854.786
-7591.77
-6706.379
6595.78
6989.901
7744.142
8675.582
9984.685
0
0
0
0
0
-8555.585
-8197.2
-7868.691
-7485.404
-7300.411
6593.286
7028.017
7723
8664.089
9951.657
0
0
0
0
0
-8549.442
-8205.773
-7878.513
-7494.808
-7193.072
6600.501
7005.75
7741.758
8664.207
9914.938
0
0
0
0
0
-8524.693
-8185.812
-7872.789
-7494.217
-7192.348
6629.69
7039.401
7726.51
8661.823
9932.521
0
0
0
0
0
-8513.82
-8176.931
-7865.848
-7498.975
-7201.307
6640.416
7060.737
7739.715
8637.059
9909.606
0
0
0
0
0
-8481.5
-8152.131
-7847.272
-7483.828
-7196.519
6625.42
7036.341
7734.724
8647.206
9872.856
0
0
0
0
0
-8454.39
-8130.295
-7829.189
-7473.143
-7184.62
6601.839
7034.551
7734.975
8633.487
9854.347
0
0
0
0
0
-8438.482
-8116.734
-7820.502
-7467.713
-7185.477
6609.648
7037.889
7714.192
8623.715
9843.573
0
0
0
0
0
-8427.553
-8114.627
-7822.163
-7470.641
-7189.974
6634.865
7038.48
7715.672
8625.992
9846.032
0
0
0
0
0
-8439.157
-8125.533
-7837.226
-7485.377
-7204.509
6639.507
7055.557
7749.441
8658.06
9889.656
0
0
0
0
0
-8464.035
-8153.426
-7861.008
-7508.7
-7229.168
6630.275
7076.99
7762.064
8684.724
9918.248
0
0
0
0
0
-8506.152
-8190.787
-7895.847
-7542.377
-7260.034
6648.147
7057.054
7794.671
8718.143
9980.756
0
0
0
0
0
-8558.461
-8239.39
-7939.177
-7579.475
-7297.67
6654.7
7058.41
7753.986
8735.632
10028.55
0
0
0
0
0
-8607.692
-8285.83
-7987.774
-7619.879
-7332.504
6643.635
7070.329
7783.381
8729.226
10039.54
0
0
0
0
0
-8647.254
-8321.051
-8019.516
-7651.098
-7360.954
6653.576
7106.631
7790.335
8749.032
10110.83
0
0
0
0
0
-8695.81
-8365.945
-8054.89
-7686.176
-7392.62
6643.399
7068.958
7841.359
8804.757
10126.12
0
0
0
0
0
-8719.909
-8391.026
-8077.692
-7705.407
-7411.279
6668.353
7078.434
7804.487
8812.352
10171.83
0
0
0
0
0
-8738.439
-8407.787
-8095.371
-7719.812
-7427.018
6620.401
7069.28
7813.234
8810.111
10171.23
0
0
0
0
0
-8749.477
-8417.814
-8104.538
-7729.418
-7435.134
6592.061
7010.149
7732.012
8651.644
9947.913
0
0
0
0
0
-8547.553
-8187.515
-7856.567
-7594.438
-6694.229
6587.909
7012.753
7709.387
8697.007
9985.026
0
0
0
0
0
-8568.571
-8212.032
-7879.002
-7494.143
-7309.288
6620.811
7021.69
7726.468
8702.625
9998.806
0
0
0
0
0
-8570.432
-8224.794
-7894.103
-7508.88
-7206.172
6644.289
7029.694
7755.358
8673.974
9973.203
0
0
0
0
0
-8565.7
-8221.647
-7904.434
-7520.299
-7216.569
6623.529
7055.054
7724.534
8685.526
9963.608
0
0
0
0
0
-8542.461
-8201.756
-7888.744
-7518.193
-7218.005
6626.886
7055.22
7743.754
8651.248
9942.238
0
0
0
0
0
-8526.264
-8193.329
-7883.293
-7514.733
-7225.078
6620.716
7064.681
7763.112
8662.809
9893.16
0
0
0
0
0
-8497.174
-8165.938
-7863.472
-7500.703
-7212.991
6617.795
7042.996
7732.21
8647.326
9895.57
0
0
0
0
0
-8469.451
-8143.838
-7846.28
-7487.097
-7204.902
6604.21
7019.713
7730.754
8641.287
9871.416
0
0
0
0
0
-8446.882
-8131.566
-7836.232
-7481.285
-7201.293
6623.386
7035.057
7727.858
8618.901
9854.562
0
0
0
0
0
-8439.397
-8123.569
-7836.035
-7484.32
-7205.029
6595.029
7056.976
7733.006
8620.225
9858.239
0
0
0
0
0
-8450.948
-8135.803
-7847.169
-7498.943
-7219.445
6656.621
7063.153
7745.887
8662.057
9900.615
0
0
0
0
0
-8477.052
-8160.007
-7872.99
-7520.763
-7241.441
6654.261
7057.869
7780.539
8678.37
9941.431
0
0
0
0
0
-8515.769
-8198.561
-7906.987
-7552.08
-7272.634
6664.609
7075.447
7776.015
8731.401
9994.851
0
0
0
0
0
-8568.073
-8246.318
-7950.724
-7590.388
-7306.536
6648.693
7075.377
7778.199
8706.671
10034.97
0
0
0
0
0
-8619.208
-8291.975
-7992.48
-7633.301
-7343.066
6642.174
7071.927
7809.985
8720.615
10044.95
0
0
0
0
0
-8652.404
-8329.479
-8023.684
-7660.465
-7370.78
6674.338
7081.066
7825.006
8752.599
10087.78
0
0
0
0
0
-8700.315
-8373.544
-8063.746
-7691.54
-7402.672
6649.243
7071.915
7822.473
8813.656
10164.87
0
0
0
0
0
-8727.128
-8396.28
-8086.077
-7711.369
-7420.114
6644.811
7085.14
7819.947
8796.087
10177.28
0
0
0
0
0
-8744.94
-8413.52
-8101.269
-7727.398
-7433.394
6639.12
7035.526
7816.979
8799.01
10173.67
0
0
0
0
0
-8755.921
-8424.018
-8110.592
-7735.666
-7442.37
6591.417
7000.128
7723.664
8693.685
9977.894
0
0
0
0
0
-8572.484
-8214.617
-7882.252
-7495.683
-7311.647
6601.183
7021.115
7745.016
8669.846
10025.01
0
0
0
0
0
-8585.532
-8236.292
-7907.052
-7517.825
-7214.015
6603.614
7047.305
7753.217
8689.184
10029.21
0
0
0
0
0
-8586.463
-8240.582
-7921.134
-7533.934
-7229.082
6615.388
7035.968
7757.291
8713.571
9991.918
0
0
0
0
0
-8584.281
-8239.074
-7920.422
-7545.656
-7241.404
6587.523
7055.487
7749.678
8678.705
9987.623
0
0
0
0
0
-8556.694
-8220.08
-7904.934
-7533.666
-7241.464
6630.227
7052.288
7764.267
8677.355
9932.444
0
0
0
0
0
-8541.638
-8207.084
-7899.745
-7531.797
-7240.501
6636.043
7042.283
7772.214
8688.729
9927.454
0
0
0
0
0
-8510.52
-8182.24
-7877.449
-7516.667
-7229.506
6632.843
7040.326
7735.161
8646.963
9895.351
0
0
0
0
0
-8476.788
-8159.126
-7860.072
-7503.609
-7218.663
6621.229
7031.38
7710.072
8642.304
9877.746
0
0
0
0
0
-8456.975
-8140.652
-7851.013
-7496.508
-7214.633
6624.648
7046.281
7727.148
8630.85
9851.318
0
0
0
0
0
-8450.447
-8136.037
-7845.382
-7497.758
-7218.455
6646.733
7016.617
7747.453
8641.199
9852.76
0
0
0
0
0
-8457.033
-8147.764
-7857.665
-7508.744
-7232.715
6626.872
7059.665
7756.372
8652.928
9905.329
0
0
0
0
0
-8484.121
-8172.367
-7880.432
-7532.398
-7253.191
6664.909
7078.33
7759.067
8702.006
9933.303
0
0
0
0
0
-8524.986
-8208.063
-7914.998
-7562.876
-7282.117
6663.757
7091.283
7781.799
8720.328
10011.75
0
0
0
0
0
-8572.423
-8256.168
-7957.595
-7601.66
-7317.074
6682.021
7082.465
7777.1
8728.439
10009.9
0
0
0
0
0
-8621.899
-8303.405
-7998.366
-7638.221
-7356.053
6665.46
7070.694
7794.087
8771.229
10034.07
0
0
0
0
0
-8659.316
-8334.768
-8032.014
-7664.726
-7379.886
6681.888
7100.649
7813.431
8777.494
10089.2
0
0
0
0
0
-8708.02
-8378.842
-8070.927
-7699.927
-7407.997
6648.168
7085.433
7824.573
8800.434
10165.05
0
0
0
0
0
-8730.919
-8403.322
-8091.401
-7719.397
-7425.876
6679.923
7079.042
7818.477
8805.48
10161.2
0
0
0
0
0
-8747.21
-8420.017
-8106.938
-7732.898
-7440.723
6673.371
7098.925
7789.654
8805.385
10165.87
0
0
0
0
0
-8755.567
-8430.528
-8116.564
-7741.371
-7448.392
6576.282
7027.208
7728.485
8687.505
10027.07
0
0
0
0
0
-8586.127
-8240.316
-7909.397
-7520.671
-7215.314
6588.841
7036.98
7740.221
8710.201
10001.4
0
0
0
0
0
-8600.471
-8254.334
-7931.028
-7545.155
-7237.107
6567.745
7038.493
7760.276
8706.849
10018.4
0
0
0
0
0
-8604.406
-8257.869
-7936.897
-7559.945
-7253.582
6634.589
7030.013
7739.242
8718.421
10036.17
0
0
0
0
0
-8602.917
-8257.764
-7938.01
-7561.176
-7266.137
6622.427
7018.477
7762.463
8681.245
9987.629
0
0
0
0
0
-8572.632
-8235.608
-7923.091
-7549.508
-7256.529
6641.261
7058.693
7766.142
8699.911
9962.317
0
0
0
0
0
-8555.054
-8222.994
-7913.942
-7547.839
-7257.169
6623.251
7055.205
7748.061
8700.442
9956.22
0
0
0
0
0
-8522.76
-8195.919
-7893.684
-7530.372
-7245.15
6630.41
7059.822
7740.17
8647.382
9897.179
0
0
0
0
0
-8489.87
-8167.649
-7875.055
-7517.198
-7234.737
6616.246
7045.291
7732.836
8619.874
9883.552
0
0
0
0
0
-8464.801
-8151.193
-7860.296
-7510.906
-7229.462
6618.5
7048.42
7738.617
8635.96
9863.762
0
0
0
0
0
-8460.955
-8147.391
-7857.861
-7507.091
-7231.555
6622.092
7054.985
7722.729
8651.978
9877.631
0
0
0
0
0
-8469.686
-8154.808
-7869.391
-7519.096
-7242.332
6631.468
7051.301
7745.231
8668.45
9893.534
0
0
0
0
0
-8490.496
-8180.353
-7892.041
-7540.098
-7264.535
6655.613
7086.283
7779.715
8682.454
9960.492
0
0
0
0
0
-8528.353
-8217.89
-7924.183
-7570.798
-7292.633
6662.265
7100.465
7796.348
8715.482
10004.86
0
0
0
0
0
-8580.355
-8261.179
-7967.283
-7608.298
-7328.074
6654.827
7112.154
7804.132
8713.166
10030.62
0
0
0
0
0
-8631.175
-8307.441
-8009.431
-7643.782
-7360.967
6641.509
7094.01
7792.488
8752.103
10093.23
0
0
0
0
0
-8670.086
-8342.14
-8037.138
-7672.783
-7384.11
6673.312
7109.386
7824.45
8776.506
10110.19
0
0
0
0
0
-8713.574
-8386.462
-8076.51
-7706.681
-7416.079
6655.561
7087.709
7834.873
8810.286
10152.38
0
0
0
0
0
-8737.709
-8407.732
-8098.082
-7724.594
-7433.643
6649.579
7103.788
7827.083
8795.67
10168.94
0
0
0
0
0
-8751.825
-8423.198
-8113.197
-7738.358
-7445.997
6674.903
7109.139
7844.111
8790.339
10170.45
0
0
0
0
0
-8763.197
-8430.562
-8122.879
-7747.046
-7453.883
6600.359
7022.581
7753.242
8698.054
10025.38
0
0
0
0
0
-8603.573
-8255.322
-7934.832
-7547.112
-7239.63
6617.825
7009.281
7763.693
8690.942
10045.59
0
0
0
0
0
-8616.174
-8270.636
-7949.099
-7568.315
-7263.719
6643.83
7013.684
7767.464
8709.973
10032.95
0
0
0
0
0
-8619.293
-8276.041
-7954.443
-7575.168
-7278.804
6621.012
7047.13
7761.412
8693.397
10045.36
0
0
0
0
0
-8611.785
-8276.549
-7956.222
-7578.345
-7281.237
6641.503
7051.199
7756.754
8694.746
9979.967
0
0
0
0
0
-8586.731
-8251.646
-7938.996
-7567.097
-7271.991
6639.97
7080.495
7766.867
8704.983
9986.732
0
0
0
0
0
-8566.741
-8236.714
-7929.731
-7561.91
-7272.822
6640.705
7052.092
7759.412
8675.799
9970.532
0
0
0
0
0
-8532.094
-8208.882
-7907.182
-7546.158
-7258.56
6638.218
7051.259
7761.727
8658.002
9896.446
0
0
0
0
0
-8495.375
-8180.78
-7884.072
-7531.635
-7248.059
6617.374
7033.886
7741.202
8646.45
9860.27
0
0
0
0
0
-8475.583
-8160.649
-7870.805
-7520.064
-7243.518
6634.808
7039.654
7740.011
8646.363
9872.848
0
0
0
0
0
-8467.531
-8157.971
-7869.112
-7519.255
-7240.754
6618.661
7040.124
7744.819
8635.283
9887.954
0
0
0
0
0
-8474.484
-8167.295
-7876.806
-7530.4
-7252.485
6643.624
7056.241
7748.87
8649.23
9912.917
0
0
0
0
0
-8496.256
-8186.992
-7900.348
-7551.014
-7272.205
6658.648
7080.054
7787.006
8700.591
9942.801
0
0
0
0
0
-8538.434
-8221.621
-7934.086
-7579.587
-7300.409
6641.615
7091.879
7817.01
8727.355
9994.682
0
0
0
0
0
-8587.387
-8269.309
-7972.557
-7617.641
-7334.536
6615.724
7094.162
7831.673
8757.274
10008.59
0
0
0
0
0
-8639.505
-8316.296
-8014.136
-7654.38
-7366.34
6686.535
7062.837
7817.51
8753.934
10075.87
0
0
0
0
0
-8672.167
-8352.197
-8044.479
-7677.633
-7391.942
6653.023
7098.039
7828.983
8796.039
10114.77
0
0
0
0
0
-8716.461
-8392.127
-8083.834
-7712.247
-7422.582
6637.72
7092.358
7844.787
8816.36
10169.3
0
0
0
0
0
-8743.317
-8414.221
-8102.688
-7730.881
-7438.706
6680.327
7068.012
7828.742
8819.879
10156.72
0
0
0
0
0
-8759.274
-8427.491
-8116.727
-7744.307
-7451.293
6653.381
7110.684
7852.779
8827.515
10165.04
0
0
0
0
0
-8764.977
-8438.099
-8123.063
-7753.07
-7459.362
6621.407
7034.91
7765.407
8719.054
10038.93
0
0
0
0
0
-8619.952
-8273.59
-7950.161
-7571.714
-7265.371
6633.083
7047.528
7743.057
8727.609
10020.84
0
0
0
0
0
-8631.715
-8287.212
-7965.727
-7585.83
-7286.205
6639.455
7067.357
7763.648
8732.086
10038.43
0
0
0
0
0
-8630.531
-8291.612
-7972.216
-7592.358
-7293.584
6575.298
7063.373
7773.683
8721.987
10015.12
0
0
0
0
0
-8621.53
-8287.165
-7974.552
-7595.803
-7297.968
6637.583
7059.902
7775.152
8719.735
9995.539
0
0
0
0
0
-8593.615
-8265.62
-7954.657
-7582.791
-7289.1
6640.737
7066.98
7801.218
8705.649
9995.423
0
0
0
0
0
-8577.141
-8248.686
-7943.241
-7577.226
-7286.626
6625.541
7069.553
7765.868
8687.106
9946.73
0
0
0
0
0
-8539.998
-8218.729
-7920.245
-7559.213
-7273.947
6621.556
7070.452
7747.862
8682.493
9911.931
0
0
0
0
0
-8508.895
-8187.699
-7896.862
-7540.681
-7262.094
6629.532
7043.672
7724.392
8653.769
9890.437
0
0
0
0
0
-8484.688
-8171.259
-7881.014
-7530.283
-7252.509
6648.358
7052.133
7733.038
8648.219
9883.046
0
0
0
0
0
-8477.479
-8165.278
-7879.446
-7530.183
-7252.627
6613.468
7047.157
7730.1
8653.371
9875.62
0
0
0
0
0
-8481.361
-8172.989
-7888.847
-7537.817
-7263.479
6649.632
7064.846
7756.291
8663.94
9890.212
0
0
0
0
0
-8503.857
-8193.641
-7906.983
-7559.276
-7282.731
6645.231
7085.214
7780.307
8708.668
9960.802
0
0
0
0
0
-8544.175
-8232.021
-7937.927
-7589.276
-7308.938
6654.851
7068.596
7799.262
8757.631
10005.73
0
0
0
0
0
-8592.154
-8276.375
-7980.541
-7622.914
-7343.613
6675.969
7094.904
7816.991
8776.984
10063.14
0
0
0
0
0
-8641.306
-8324.218
-8022.416
-7659.298
-7376.606
6634.811
7110.616
7779.196
8776.505
10078.84
0
0
0
0
0
-8679.05
-8354.886
-8053.835
-7684.73
-7396.624
6647.827
7099.326
7834.743
8800.661
10141.54
0
0
0
0
0
-8723.258
-8395.08
-8089.297
-7719.216
-7428.042
6683.395
7069.836
7833.633
8827.53
10174.09
0
0
0
0
0
-8745.758
-8419.684
-8108.75
-7735.446
-7444.756
6660.458
7101.93
7816.984
8804.489
10189.78
0
0
0
0
0
-8762.705
-8434.241
-8120.669
-7747.88
-7457.035
6654.862
7070.8
7847.891
8838.946
10191.74
0
0
0
0
0
-8772.222
-8440.58
-8130.327
-7753.276
-7465.182
6616.166
7052.201
7766.27
8735.643
10056.96
0
0
0
0
0
-8635.9
-8290.612
-7968.325
-7586.726
-7289.262
6625.596
7044.291
7782.423
8721.299
10068.07
0
0
0
0
0
-8644.082
-8303.295
-7982.336
-7602.151
-7303.22
6592.254
7067.382
7782.224
8738.681
10069.14
0
0
0
0
0
-8643.663
-8303.963
-7987.751
-7609.427
-7310.352
6654.18
6991.234
7796.994
8740.623
10049.05
0
0
0
0
0
-8634.958
-8297.225
-7985.925
-7613.399
-7314.88
6597.396
7047.685
7765.232
8729.55
10036.4
0
0
0
0
0
-8605.491
-8273.723
-7968.095
-7597.843
-7304.457
6661.429
7067.259
7780.13
8742.384
9997.652
0
0
0
0
0
-8585.083
-8259.646
-7954.977
-7590.265
-7301.537
6652.818
7061.214
7775.894
8700.024
9959.046
0
0
0
0
0
-8550.651
-8227.301
-7930.074
-7572.005
-7286.656
6648.128
7045.713
7773.193
8664.206
9939.187
0
0
0
0
0
-8515.095
-8200.853
-7904.452
-7552.963
-7271.019
6624.058
7052.671
7739.688
8635.16
9898.108
0
0
0
0
0
-8491.127
-8180.772
-7891.228
-7540.648
-7262.484
6634.08
7054.316
7745.403
8640.235
9886.337
0
0
0
0
0
-8483.468
-8175.134
-7887.004
-7540.127
-7263.286
6644.75
7036.123
7749.991
8636.533
9893.656
0
0
0
0
0
-8488.803
-8180.007
-7894.912
-7549.325
-7270.793
6642.88
7070.815
7764.511
8668.982
9911.55
0
0
0
0
0
-8512.234
-8201.04
-7913.951
-7565.747
-7290.853
6657.566
7076.091
7787.614
8702.466
9969.313
0
0
0
0
0
-8551.513
-8237.937
-7948.247
-7593.062
-7318.399
6682.525
7089.803
7785.68
8736.007
10042.74
0
0
0
0
0
-8595.837
-8281.376
-7987.4
-7630.604
-7348.81
6665.541
7102.714
7808.458
8769.897
10079.65
0
0
0
0
0
-8646.964
-8326.427
-8029.851
-7667.033
-7381.51
6658.66
7053.043
7827.151
8740.951
10101.94
0
0
0
0
0
-8683.793
-8361.451
-8056.804
-7693.484
-7403.515
6631.802
7082.858
7825.054
8809.251
10149.74
0
0
0
0
0
-8728.174
-8401.312
-8092.232
-7724.382
-7434.777
6653.634
7099.397
7827.239
8819.131
10185.84
0
0
0
0
0
-8750.518
-8422.124
-8113.89
-7741.1
-7449.226
6652.758
7074.648
7843.099
8809.786
10166.78
0
0
0
0
0
-8766.578
-8437.957
-8126.794
-7751.511
-7460.555
6669.48
7086.426
7816.339
8835.067
10209.74
0
0
0
0
0
-8777.863
-8447.045
-8133.078
-7760.216
-7465.395
6631.044
7039.912
7781.179
8737.929
10078.79
0
0
0
0
0
-8644.428
-8307.129
-7985.22
-7604.292
-7303.901
6629.634
7062.871
7778.374
8758.536
10069.51
0
0
0
0
0
-8655.403
-8315.852
-7998.223
-7618.308
-7319.147
6656.177
7030.416
7793.356
8742.112
10080.28
0
0
0
0
0
-8654.874
-8317.442
-8000.376
-7624.515
-7326.892
6654.974
7058.567
7712.845
8761.539
10071.92
0
0
0
0
0
-8644.234
-8310.918
-7995.829
-7624.859
-7331.929
6648.714
7030.846
7761.824
8711.934
10044.7
0
0
0
0
0
-8617.442
-8285.603
-7976.688
-7610.608
-7319.057
6621.923
7089.756
7784.11
8722.085
10035.93
0
0
0
0
0
-8592.244
-8268.091
-7965.965
-7601.531
-7314.212
6651.501
7075.834
7778.798
8707.422
9976.765
0
0
0
0
0
-8557.848
-8238.26
-7938.826
-7581.544
-7299.153
6652.059
7079.791
7748.825
8695.283
9918.498
0
0
0
0
0
-8524.633
-8207.772
-7917.031
-7560.715
-7282.944
6653.241
7049.888
7752.624
8653.578
9879.019
0
0
0
0
0
-8500.685
-8187.362
-7900.693
-7550.397
-7272.736
6646.246
7062.238
7745.539
8656.528
9878.136
0
0
0
0
0
-8489.212
-8181.76
-7896.484
-7547.632
-7272.954
6646.211
7068.742
7732.308
8665.579
9874.106
0
0
0
0
0
-8496.904
-8187.842
-7901.835
-7555.425
-7281.946
6644.496
7064.195
7767.533
8681.431
9915.952
0
0
0
0
0
-8518.144
-8209.491
-7921.02
-7572.691
-7297.183
6666.248
7079.295
7782.944
8711.485
9964.409
0
0
0
0
0
-8554.346
-8245.236
-7954.035
-7603.095
-7322.123
6689.168
7113.893
7802.73
8725.979
10018.72
0
0
0
0
0
-8603.398
-8285.331
-7992.408
-7637.164
-7356.28
6666.414
7096.07
7822.207
8751.56
10077.09
0
0
0
0
0
-8654.425
-8332.583
-8032.258
-7674.015
-7388.941
6672.76
7077.66
7768.412
8778.992
10069.08
0
0
0
0
0
-8685.782
-8366.175
-8062.964
-7696.507
-7411.927
6684.701
7083.801
7819.751
8803.437
10157.49
0
0
0
0
0
-8732.976
-8406.204
-8097.872
-7727.23
-7439.754
6646.219
7085.633
7836.547
8817.902
10179.84
0
0
0
0
0
-8755.02
-8427.01
-8116.267
-7745.898
-7454.647
6663.791
7073.828
7829.92
8828.004
10178.36
0
0
0
0
0
-8773.916
-8442.047
-8130.543
-7757.141
-7464.025
6647.559
7091.441
7827.708
8815.182
10205.67
0
0
0
0
0
-8782.385
-8452.335
-8138.857
-7762.997
-7472.107
6630.343
7043.872
7783.897
8756.717
10085.92
0
0
0
0
0
-8657.847
-8316.443
-8001.598
-7620.641
-7320.952
6635.433
7069.456
7800.554
8760.425
10107.69
0
0
0
0
0
-8667.878
-8327.824
-8010.525
-7633.627
-7334.867
6654.776
7059.816
7771.689
8756.056
10077.85
0
0
0
0
0
-8665.313
-8328.802
-8013.64
-7636.916
-7341.568
6649.322
7057.463
7775.421
8679.627
10094.53
0
0
0
0
0
-8659.072
-8320.514
-8009.201
-7634.371
-7343.216
6632.722
7074.612
7764.081
8701.763
10023.05
0
0
0
0
0
-8622.835
-8297.781
-7988.176
-7619.214
-7331.388
6584.584
7045.696
7792.414
8728.296
10017.6
0
0
0
0
0
-8605.916
-8276.097
-7974.502
-7612.246
-7325.139
6654.579
7069.567
7776.664
8715.4
9983.18
0
0
0
0
0
-8566.503
-8246.174
-7949.659
-7590.167
-7308.451
6651.234
7078.911
7783.971
8673.226
9954.883
0
0
0
0
0
-8531.212
-8217.179
-7924.14
-7572.68
-7290.633
6642.22
7077.117
7746.551
8668.842
9900.248
0
0
0
0
0
-8506.272
-8197.048
-7907.194
-7559.585
-7282.192
6633.167
7068.844
7760.506
8654.576
9898.649
0
0
0
0
0
-8498.621
-8187.869
-7903.335
-7556.655
-7280.337
6662.471
7067.404
7765.725
8640.286
9909.299
0
0
0
0
0
-8502.305
-8195.549
-7909.662
-7562.127
-7287.971
6649.663
7072.152
7762.762
8681.952
9931.409
0
0
0
0
0
-8526.588
-8215.426
-7929.254
-7579.407
-7304.008
6666.468
7091.831
7783.288
8712.772
9974.839
0
0
0
0
0
-8560.074
-8248.407
-7961.103
-7608.642
-7331.897
6665.461
7112.23
7832.572
8739.674
10010.75
0
0
0
0
0
-8607.688
-8293.059
-7996.357
-7642.049
-7362.641
6676.212
7094.787
7810.71
8772.101
10053.45
0
0
0
0
0
-8657.082
-8339.702
-8038.509
-7676.462
-7395.665
6602.985
7097.445
7798.995
8737.087
10100.45
0
0
0
0
0
-8693.575
-8368.383
-8067.444
-7702.283
-7414.921
6630.407
7119.79
7813.084
8790.131
10154.26
0
0
0
0
0
-8735.766
-8411.09
-8102.59
-7732.377
-7442.536
6655.775
7062.629
7840.23
8824.306
10181.47
0
0
0
0
0
-8759.052
-8431.782
-8121.077
-7748.173
-7459.25
6678.316
7091.748
7819.371
8829.608
10195.93
0
0
0
0
0
-8778.458
-8448.897
-8134.61
-7760.795
-7469.399
7089.154
7841.304
8813.43
10190.97
0
0
0
0
0
-8782.567
-8456.79
-8143.753
-7768.252
-7474.846
6625.713
7067.877
7780.583
8768.191
10107.9
0
0
0
0
0
-8667.288
-8330.275
-8011.051
-7636.492
-7336.831
6639.268
7058.573
7814.721
8791.011
10113.32
0
0
0
0
0
-8676.65
-8340.86
-8022.521
-7645.441
-7349.725
6627.446
7074.003
7776.421
8749.937
10096.87
0
0
0
0
0
-8675.862
-8339.791
-8024.69
-7649.684
-7353.672
6582.668
7068.35
7793.315
8734.661
10014.6
0
0
0
0
0
-8665.295
-8335.162
-8018.709
-7647.176
-7352.442
6649.114
7076.511
7796.667
8731.675
10010.18
0
0
0
0
0
-8635.625
-8304.082
-8000.181
-7630.164
-7339.855
6662.407
7087.991
7760.067
8732.761
10025.85
0
0
0
0
0
-8611.642
-8289.595
-7982.743
-7620.612
-7335.59
6668.495
7079.182
7772.611
8705.213
9995.016
0
0
0
0
0
-8574.234
-8254.779
-7957.75
-7600.652
-7316.899
6624.404
7077.951
7780.631
8708.71
9934.605
0
0
0
0
0
-8538.741
-8224.458
-7933.215
-7579.682
-7302.211
6667.133
7062.593
7774.741
8660.199
9917.285
0
0
0
0
0
-8514.609
-8203.461
-7916.677
-7565.872
-7291.147
6634.335
7060.81
7764.832
8675.067
9895.703
0
0
0
0
0
-8502.82
-8196.977
-7909.456
-7563.462
-7289.071
6638.983
7080.443
7763.442
8680.395
9880.394
0
0
0
0
0
-8509.161
-8201.487
-7916.897
-7569.743
-7294.506
6665.826
7081.443
7772.345
8680.747
9930.304
0
0
0
0
0
-8527.643
-8223.688
-7935.027
-7587.311
-7310.516
6664.188
7095.272
7797.693
8708.966
9979.705
0
0
0
0
0
-8563.843
-8254.288
-7964.366
-7615.407
-7337.285
6680.4
7101.959
7815.604
8774.994
10024.05
0
0
0
0
0
-8615.108
-8297.462
-8003.978
-7645.862
-7367.416
6679.2
7095.661
7818.898
8758.864
10078.78
0
0
0
0
0
-8660.987
-8342.622
-8045.158
-7682.59
-7398.095
6666.337
7033.988
7811.547
8760.034
10069.69
0
0
0
0
0
-8694.312
-8375.908
-8069.68
-7706.476
-7420.478
6682.209
7043.439
7851.769
8774.329
10133.34
0
0
0
0
0
-8742.977
-8414.388
-8107.342
-7736.869
-7447.435
6655.54
7106.802
7803.332
8826.613
10189.87
0
0
0
0
0
-8765.751
-8435.514
-8125.834
-7752.814
-7461.462
7094.444
7831.71
8808.482
10202.33
0
0
0
0
0
-8781.234
-8453.197
-8140.917
-7764.729
-7472.959
7832.03
8828.299
10179.23
0
0
0
0
0
-8785.821
-8457.277
-8147.981
-7772.802
-7479.842
6651.089
7048.203
7800.464
8770.276
10124
0
0
0
0
0
-8677.285
-8340.557
-8024.707
-7645.709
-7352.224
6643.549
7053.727
7785.026
8791.069
10149.31
0
0
0
0
0
-8687.658
-8350.054
-8035.491
-7657.107
-7361.174
6651.736
7062.019
7796.725
8749.38
10098.71
0
0
0
0
0
-8686.434
-8350.566
-8035.675
-7660.232
-7366.05
6678.489
7043.749
7784.281
8774.852
10065.67
0
0
0
0
0
-8673.548
-8342.517
-8032.881
-7656.372
-7364.833
6638.416
7084.13
7815.071
8754.198
10055.42
0
0
0
0
0
-8641.099
-8316.528
-8006.836
-7641.778
-7350.444
6664.321
7087.992
7783.84
8705.719
10029.85
0
0
0
0
0
-8617.54
-8295.826
-7995.767
-7628.739
-7343.771
6673.183
7097.333
7792.733
8703.392
9981.203
0
0
0
0
0
-8581.526
-8263.242
-7966.064
-7608.617
-7327.102
6654.441
7059.712
7777.317
8705.697
9970.87
0
0
0
0
0
-8543.773
-8231.754
-7940.703
-7588.353
-7309.073
6644.569
7079.315
7754.422
8690.608
9906.88
0
0
0
0
0
-8519.591
-8211.353
-7923.357
-7575.005
-7297.279
6647.178
7054.036
7761.736
8676.763
9919.193
0
0
0
0
0
-8510.02
-8201.701
-7918.106
-7569.417
-7295.766
6658.785
7069.394
7775.564
8676.104
9925.539
0
0
0
0
0
-8513.034
-8208.383
-7922.952
-7576.54
-7301.935
6669.174
7079.179
7786.207
8692.19
9932.226
0
0
0
0
0
-8533.822
-8225.408
-7942.914
-7592.849
-7318.189
6679.796
7091.024
7798.606
8725.781
9973.529
0
0
0
0
0
-8572.153
-8258.396
-7970.121
-7618.619
-7343.847
6691.479
7115.826
7813.693
8748.755
10062.15
0
0
0
0
0
-8616.817
-8304.495
-8008.275
-7653.245
-7371.129
6669.558
7103.772
7810.858
8773.806
10065.03
0
0
0
0
0
-8667.417
-8346.853
-8048.11
-7688.796
-7404.081
6673.686
7110.825
7774.445
8767.777
10088.25
0
0
0
0
0
-8699.313
-8377.644
-8076.795
-7708.643
-7424.507
6670.734
7119.35
7789.684
8811.967
10112.66
0
0
0
0
0
-8743.962
-8420.882
-8110.802
-7741.411
-7451.777
7093.331
7858.564
8792.528
10188.97
0
0
0
0
0
-8767.024
-8441.7
-8129.243
-7757.422
-7465.968
7831.723
8802.821
10176.63
0
0
0
0
0
-8780.458
-8456.018
-8144.904
-7770.567
-7476.781
8817.33
10198.35
0
0
0
0
0
-8789.15
-8460.473
-8148.591
-7776.777
-7484.204
6646.515
7078.752
7772.219
8778.982
10131.65
0
0
0
0
0
-8691.728
-8351.07
-8035.15
-7658.886
-7361.201
6661.364
7077.372
7789.31
8761.132
10142.9
0
0
0
0
0
-8697.487
-8361.526
-8044.616
-7669.676
-7372.523
6635.919
7083.611
7809.403
8766.26
10097.74
0
0
0
0
0
-8694.444
-8361.453
-8046.262
-7670.906
-7376.25
6596.275
7088.737
7788.001
8751.349
10117.74
0
0
0
0
0
-8683.611
-8350.981
-8040.683
-7669.947
-7373.772
6673.892
7074.376
7811.009
8773.267
10074.76
0
0
0
0
0
-8647.984
-8322.759
-8018.663
-7648.428
-7361.734
6660.538
7096.991
7799.725
8721.88
10005.37
0
0
0
0
0
-8625.053
-8302.204
-8002.084
-7641.187
-7351.726
6629.483
7099.399
7807.34
8729.758
9980.233
0
0
0
0
0
-8587.862
-8270.478
-7974.726
-7616.55
-7334.902
6670.41
7079.73
7773.515
8698.503
9969.315
0
0
0
0
0
-8551.524
-8237.73
-7947.589
-7595.758
-7317.48
6638.526
7074.474
7772.804
8663.564
9940.416
0
0
0
0
0
-8524.081
-8216.844
-7930.768
-7581.637
-7306.155
6643.453
7069.528
7746.393
8674.829
9920.047
0
0
0
0
0
-8511.76
-8209.109
-7922.999
-7577.602
-7301.581
6658.975
7077.891
7773.066
8685.426
9920.255
0
0
0
0
0
-8516.17
-8212.443
-7929.706
-7582.488
-7308.495
6670.645
7096.864
7773.431
8704.451
9945.485
0
0
0
0
0
-8541.318
-8231.714
-7944.935
-7600.328
-7323.573
6664.257
7102.702
7793.751
8725.515
9993.013
0
0
0
0
0
-8577.604
-8265.992
-7974.297
-7624.144
-7347.003
6668.656
7118.036
7830.004
8752.781
10032.3
0
0
0
0
0
-8622.725
-8306.684
-8014.826
-7657.353
-7378.314
6668.079
7099.927
7823.431
8762.09
10084.18
0
0
0
0
0
-8672.649
-8352.895
-8052.36
-7691.666
-7410.038
6646.002
7096.816
7843.282
8760.867
10095.39
0
0
0
0
0
-8704.734
-8381.85
-8079.09
-7715.35
-7426.622
7091.816
7856.239
8780.345
10151
0
0
0
0
0
-8747.576
-8422.135
-8116.638
-7744.846
-7456.175
7837.693
8843.57
10158.56
0
0
0
0
0
-8770.689
-8443.345
-8134.865
-7760.555
-7470.444
8805.629
10161.27
0
0
0
0
0
-8784.961
-8455.75
-8147.624
-7774.267
-7482.362
10185.74
0
0
0
0
0
-8789.599
-8463.872
-8151.621
-7777.41
-7488.026
6621.075
7067.486
7806.446
8745.78
10135.49
0
0
0
0
0
-8697.044
-8365.291
-8045.621
-7669.098
-7373.983
6611.808
7075.353
7820.617
8766.179
10115.16
0
0
0
0
0
-8705.291
-8371.432
-8056.046
-7678.483
-7384.733
6659.989
7063.311
7816.084
8789.859
10114.44
0
0
0
0
0
-8702.711
-8369.584
-8057.021
-7681.104
-7386.631
6694.935
7061.736
7801.15
8767.756
10091.49
0
0
0
0
0
-8690.928
-8360.776
-8048.96
-7677.758
-7386.916
6645.098
7099.746
7792.832
8775.502
10094.16
0
0
0
0
0
-8654.73
-8329.963
-8025.153
-7659.594
-7368.273
6647.987
7106.398
7820.353
8747.394
10019.46
0
0
0
0
0
-8632.771
-8309.735
-8008.489
-7647.361
-7363.776
6656.504
7055.803
7812.686
8741.171
10011.64
0
0
0
0
0
-8595.154
-8276.619
-7981.693
-7625.096
-7342.587
6661.172
7090.419
7782.918
8698.869
9959.143
0
0
0
0
0
-8556.384
-8245.032
-7953.978
-7602.221
-7324.744
6653.733
7066.672
7776.283
8683.465
9909.356
0
0
0
0
0
-8530.631
-8221.547
-7936.386
-7588.611
-7312.666
6638.168
7071.834
7766.349
8656.527
9919.27
0
0
0
0
0
-8518.484
-8211.547
-7930.326
-7582.454
-7309.49
6633.991
7080.459
7766.985
8691.369
9929.107
0
0
0
0
0
-8520.838
-8215.865
-7933.716
-7589.014
-7314.317
6648.156
7097.23
7797.259
8687.05
9957.599
0
0
0
0
0
-8545.261
-8238.927
-7951.102
-7602.431
-7330.801
6676.808
7088.76
7806.616
8718.619
9992.666
0
0
0
0
0
-8577.434
-8271.456
-7981.203
-7628.24
-7352.367
6673.569
7088.541
7832.012
8771.552
10039.5
0
0
0
0
0
-8625.46
-8312.441
-8017.205
-7663.466
-7382.299
6686.07
7100.438
7820.95
8775.067
10071.22
0
0
0
0
0
-8674.076
-8357.997
-8057.95
-7695.794
-7412.841
7079.467
7816.664
8797.223
10102.1
0
0
0
0
0
-8707.218
-8387.46
-8082.673
-7717.88
-7433.08
7829.748
8831.894
10136.22
0
0
0
0
0
-8750.253
-8425.97
-8117.963
-7750.171
-7459.541
8820.908
10206.32
0
0
0
0
0
-8774.089
-8446.814
-8136.644
-7765.706
-7473.44
10167.72
0
0
0
0
0
-8789.379
-8460.054
-8147.61
-7776.843
-7485.908
0
0
0
0
0
-8792.345
-8464.545
-8154.937
-7780.258
-7488.659
6648.892
7047.085
7800.402
8778.326
10100.95
0
0
0
0
0
-8706.269
-8371.3
-8059.331
-7679.24
-7383.935
6674.861
7058.508
7803.965
8792.094
10120.61
0
0
0
0
0
-8713.349
-8379.688
-8065.677
-7689.588
-7393.281
6656.584
7082.53
7810.257
8788.896
10143.27
0
0
0
0
0
-8711.476
-8378.069
-8064.928
-7691.505
-7396.525
6646.673
7105.99
7798.961
8765.949
10110.33
0
0
0
0
0
-8694.303
-8368.259
-8058.288
-7685.681
-7394.59
6648.444
7088.841
7819.202
8747.188
10102.26
0
0
0
0
0
-8660.826
-8336.794
-8032.277
-7666.036
-7379.031
6663.363
7091.802
7836.845
8769.417
10049.51
0
0
0
0
0
-8639.374
-8317.308
-8015.82
-7653.574
-7369.806
6673.48
7079.755
7769.218
8749.102
10022.01
0
0
0
0
0
-8599.71
-8284.076
-7987.504
-7631.727
-7350.952
6669.707
7092.192
7791.77
8707.996
9962.179
0
0
0
0
0
-8561.261
-8250.184
-7960.773
-7608.677
-7330.974
6657.202
7086.493
7770.593
8695.252
9930.848
0
0
0
0
0
-8535.031
-8228.05
-7941.082
-7594.147
-7319.399
6654.81
7058.989
7775.399
8679.818
9899.386
0
0
0
0
0
-8523.154
-8217.857
-7933.078
-7589.562
-7314.261
6659.536
7058.742
7776.681
8672.661
9939.984
0
0
0
0
0
-8529.101
-8220.834
-7937.191
-7592.871
-7320.674
6676.949
7072.942
7798.655
8716.792
9937.571
0
0
0
0
0
-8546.345
-8242.693
-7957.905
-7608.353
-7332.91
6684.248
7106.604
7786.188
8732.791
9983.661
0
0
0
0
0
-8585.112
-8272.164
-7986.52
-7634.589
-7356.379
6678.214
7109.557
7800.223
8770.966
10060.32
0
0
0
0
0
-8631.494
-8315.17
-8022.657
-7665.868
-7388.171
7108.985
7816.212
8774.822
10084.47
0
0
0
0
0
-8677.885
-8359.393
-8062.818
-7700.988
-7416.862
7819.602
8775.97
10121.02
0
0
0
0
0
-8710.952
-8390.166
-8088.151
-7721.031
-7435.646
8810.088
10183.34
0
0
0
0
0
-8755.712
-8428.614
-8121.764
-7751.47
-7464.61
10182.99
0
0
0
0
0
-8777.196
-8450.339
-8139.884
-7767.488
-7478.346
0
0
0
0
0
-8788.774
-8464.093
-8151.644
-7776.932
-7488.392
0
0
0
0
-8796.834
-8467.49
-8155.651
-7783.433
-7491.398
6638.637
7064.717
7803.08
8776.164
10131.19
0
0
0
0
0
-8720.963
-8380.652
-8065.541
-7692.332
-7393.786
6682.285
7089.356
7803.418
8788.957
10144.2
0
0
0
0
0
-8719.789
-8387.975
-8073.921
-7698.794
-7404.081
6650.655
7077.135
7800.778
8783.666
10141.1
0
0
0
0
0
-8715.636
-8386.602
-8073.25
-7699.047
-7406.623
6665.32
7078.213
7813.53
8768.372
10107.04
0
0
0
0
0
-8705.372
-8372.498
-8065.612
-7694.505
-7402.26
6671.195
7068.674
7824.378
8775.153
10070.31
0
0
0
0
0
-8666.938
-8343.12
-8038.967
-7672.897
-7385.348
6667.494
7093.939
7830.706
8797.025
10073.41
0
0
0
0
0
-8643.446
-8324.209
-8023.102
-7660.608
-7375.855
6664.152
7101.566
7785.54
8709.729
10032.21
0
0
0
0
0
-8602.279
-8288.625
-7994.834
-7637.195
-7357.372
6660.132
7094.374
7795.861
8714.511
9972.243
0
0
0
0
0
-8566.496
-8255.449
-7965.913
-7615.015
-7337.349
6644.964
7084.998
7789.23
8691.879
9947.879
0
0
0
0
0
-8540.003
-8232.503
-7947.333
-7598.715
-7324.826
6638.156
7083.055
7752.577
8694.232
9925.097
0
0
0
0
0
-8526.923
-8222.596
-7938.897
-7592.389
-7321.188
6672.147
7090.062
7762.793
8690.204
9913.799
0
0
0
0
0
-8530.051
-8228.622
-7942.182
-7596.276
-7324.427
6682.919
7098.225
7773.315
8718.008
9971.904
0
0
0
0
0
-8553.893
-8244.579
-7961.466
-7614.762
-7338.658
6692.91
7111.653
7812.035
8709.008
9999.912
0
0
0
0
0
-8586.981
-8279.084
-7987.676
-7639.701
-7362.451
7119.355
7834.967
8741.532
10058.55
0
0
0
0
0
-8635.553
-8321.021
-8025.293
-7671.004
-7390.551
7830.043
8768.409
10085.6
0
0
0
0
0
-8681.207
-8363.495
-8064.106
-7705.605
-7421.843
8797.726
10104.96
0
0
0
0
0
-8714.711
-8393.611
-8090.88
-7726.268
-7438.616
10163.07
0
0
0
0
0
-8758.027
-8433.427
-8124.319
-7755.135
-7465.885
0
0
0
0
0
-8779.091
-8453.507
-8143.327
-7770.521
-7480.1
0
0
0
0
-8794.795
-8464.156
-8155.304
-7780.712
-7488.518
0
0
0
-8799.818
-8471.527
-8158.623
-7784.116
-7494.474
6634.011
7094.321
7804.666
8788.19
10128.4
0
0
0
0
0
-8724.13
-8394.723
-8074.627
-7698.448
-7406.443
6656.427
7092.866
7800.691
8791.624
10150.56
0
0
0
0
0
-8727.953
-8394.639
-8082.075
-7706.786
-7412.985
6646.329
7075.509
7823.155
8773.302
10131.64
0
0
0
0
0
-8721.857
-8391.74
-8081.391
-7707.037
-7413.914
6638.285
7099.308
7825.472
8769.976
10109.24
0
0
0
0
0
-8708.322
-8382.837
-8070.238
-7701.527
-7410.769
6689.084
7070.816
7803.828
8793.096
10097.43
0
0
0
0
0
-8673.82
-8349.235
-8045.22
-7679.334
-7392.006
6656.095
7093.863
7820.619
8791.832
10108.64
0
0
0
0
0
-8648.222
-8328.504
-8029.948
-7667.555
-7382.679
6663.98
7095.693
7813.963
8716.564
9994.999
0
0
0
0
0
-8609.147
-8291.866
-7999.221
-7644.267
-7362.65
6665.562
7093.219
7795.373
8721.255
9978.321
0
0
0
0
0
-8571.591
-8260.705
-7971.256
-7619.999
-7343.446
6683.343
7069.734
7785.86
8710.415
9945.891
0
0
0
0
0
-8544.747
-8237.838
-7951.62
-7604.66
-7329.291
6674.176
7065.538
7781.056
8666.014
9942.989
0
0
0
0
0
-8533.558
-8226.602
-7943.526
-7597.775
-7324.005
6647.095
7095.808
7792.404
8684.789
9936.445
0
0
0
0
0
-8537.807
-8230.063
-7949.418
-7601.149
-7327.767
6645.636
7111.478
7796.301
8694.627
9973.13
0
0
0
0
0
-8555.614
-8251.335
-7963.779
-7618.129
-7344.841
7119.102
7820.408
8740.713
9974.63
0
0
0
0
0
-8592.264
-8281.196
-7993.926
-7641.035
-7367.418
7834.04
8784.281
10030.04
0
0
0
0
0
-8639.466
-8325.045
-8030.814
-7673.516
-7395.501
8781.443
10078.34
0
0
0
0
0
-8683.776
-8366.643
-8068.245
-7706.779
-7426.304
10136.3
0
0
0
0
0
-8718.32
-8397.361
-8093.997
-7728.926
-7443.677
0
0
0
0
0
-8760.613
-8436.273
-8128.52
-7757.578
-7469.439
0
0
0
0
-8782.239
-8455.358
-8146.406
-7773.809
-7483.016
0
0
0
-8795.291
-8469.369
-8155.666
-7784.066
-7492.15
0
0
-8802.987
-8474.166
-8162.196
-7787.024
-7495.136
6663.597
7097.024
7822.261
8792.455
10148.28
0
0
0
0
0
-8731.688
-8398.637
-8087.885
-7707.114
-7412.42
6661.091
7088.989
7794.475
8770.829
10152.98
0
0
0
0
0
-8733.071
-8402.781
-8088.629
-7714.636
-7420.75
6698.564
7093.718
7805.437
8802.105
10126.17
0
0
0
0
0
-8727.985
-8397.698
-8086.915
-7714.747
-7421.653
6649.194
7071.728
7829.54
8802.465
10107.65
0
0
0
0
0
-8715.192
-8386.375
-8079.803
-7706.223
-7417.57
6666.283
7096.846
7785.607
8777.862
10120.6
0
0
0
0
0
-8676.867
-8356.077
-8051.114
-7685.369
-7398.254
6666.141
7092.252
7814.248
8786.641
10103.98
0
0
0
0
0
-8653.935
-8333.245
-8034.202
-7674.177
-7389.407
6683.05
7101.054
7811.855
8751.195
9996.47
0
0
0
0
0
-8613.329
-8298.564
-8002.732
-7648.44
-7369.525
6672.825
7091.598
7802.015
8718.911
9986.742
0
0
0
0
0
-8574.472
-8265.802
-7976.376
-7625.251
-7348.303
6670.085
7102.529
7768.638
8706.616
9965.698
0
0
0
0
0
-8548.917
-8242.349
-7957.085
-7608.72
-7335.045
6662.179
7096.349
7773.695
8696.391
9912.774
0
0
0
0
0
-8535.071
-8232.98
-7947.589
-7602.225
-7329.17
6653.003
7072.324
7790.779
8711.553
9936.846
0
0
0
0
0
-8539.31
-8237.066
-7951.104
-7607.901
-7332.53
7077.126
7810.731
8713.489
9950.419
0
0
0
0
0
-8557.456
-8253.829
-7969.799
-7620.609
-7348.106
7826.366
8753.03
10010.15
0
0
0
0
0
-8595.82
-8286.565
-7996.075
-7646.772
-7368.796
8776.538
10079.21
0
0
0
0
0
-8635.764
-8328.711
-8034.681
-7678.705
-7397.943
10090.97
0
0
0
0
0
-8687.943
-8369.194
-8071.137
-7710.826
-7427.434
0
0
0
0
0
-8722.272
-8400.588
-8097.543
-7731.769
-7446.271
0
0
0
0
-8760.173
-8438.693
-8131.599
-7761.314
-7471.81
0
0
0
-8783.906
-8457.91
-8148.127
-7776.75
-7486.196
0
0
-8799.413
-8469.641
-8160.263
-7784.531
-7495.349
0
-8802.702
-8476.866
-8164.522
-7790.232
-7497.973
6628.605
7084.107
7820.557
8801.711
10157.26
0
0
0
0
0
-8736.286
-8406.08
-8092.105
-7719.585
-7420.793
6694.808
7079.462
7831.41
8758.898
10128.04
0
0
0
0
0
-8740.032
-8408.096
-8096.504
-7720.926
-7428.363
6674.115
7121.077
7845.725
8789.883
10155.86
0
0
0
0
0
-8734.73
-8404.06
-8092.497
-7720.299
-7429.09
6691.913
7086.758
7818.43
8804.586
10149.58
0
0
0
0
0
-8719.641
-8393.286
-8083.557
-7715.112
-7422.209
6639.81
7096.679
7793.96
8751.362
10109.45
0
0
0
0
0
-8681.953
-8359.571
-8057.671
-7690.972
-7404.119
6668.505
7094.942
7813.597
8765.251
10096.62
0
0
0
0
0
-8660.356
-8339.026
-8038.725
-7678.273
-7395.845
6686.809
7109.04
7814.819
8749.065
10035.92
0
0
0
0
0
-8616.42
-8303.122
-8009.112
-7651.982
-7373.569
6669.172
7098.527
7796.107
8730.483
9983.428
0
0
0
0
0
-8581.119
-8268.791
-7981.281
-7630.165
-7353.446
6653.642
7094.382
7800.416
8686.403
9962.063
0
0
0
0
0
-8551.897
-8246.652
-7961.252
-7614.149
-7338.973
6652.648
7079.445
7794.616
8693.868
9945.072
0
0
0
0
0
-8537.815
-8235.164
-7953.581
-7606.233
-7333.501
7074.278
7770.317
8703.014
9962.335
0
0
0
0
0
-8545.065
-8239.186
-7957.408
-7609.667
-7339.019
7787.894
8729.91
9968.255
0
0
0
0
0
-8564.135
-8255.417
-7972.668
-7626.063
-7350.608
8753.135
10025.57
0
0
0
0
0
-8597
-8290.173
-8001.346
-7648.865
-7374.279
10067.15
0
0
0
0
0
-8642.402
-8326.647
-8038.037
-7682.387
-7402.938
0
0
0
0
0
-8691.195
-8372.863
-8073.567
-7713.483
-7431.384
0
0
0
0
-8722.693
-8404.429
-8100.492
-7735.08
-7448.981
0
0
0
-8762.514
-8438.636
-8133.79
-7764.439
-7475.333
0
0
-8784.762
-8459.711
-8150.165
-7778.335
-7489.044
0
-8798.379
-8473.869
-8160.298
-7788.698
-7495.837
-8803.685
-8476.864
-8166.804
-7792.322
-7501.008
6613.198
7056.049
7817.427
8789.436
10165.25
0
0
0
0
0
-8742.233
-8411.162
-8099.239
-7723.827
-7432.783
6636.72
7129.073
7824.006
8811.506
10112.19
0
0
0
0
0
-8746.724
-8414.931
-8101.714
-7728.442
-7434.455
6678.868
7101.262
7847.885
8829.476
10148.91
0
0
0
0
0
-8740.866
-8410.575
-8098.777
-7725.508
-7434.548
6676.203
7113.389
7827.004
8798.465
10151.8
0
0
0
0
0
-8721.706
-8398.269
-8090.224
-7718.86
-7430.723
6631.793
7088.687
7820.308
8748.402
10081.13
0
0
0
0
0
-8687.896
-8364.454
-8061.328
-7697.182
-7409.535
6676.394
7105.997
7809.871
8765.347
10072.41
0
0
0
0
0
-8661.227
-8345.451
-8044.359
-7682.534
-7399.828
6661.585
7114.554
7821.45
8753.601
10034.05
0
0
0
0
0
-8623.802
-8306.442
-8013.731
-7658.021
-7377.068
6680.158
7098.477
7801.137
8723.793
9998.095
0
0
0
0
0
-8579.954
-8275.274
-7984.2
-7634.827
-7358.222
6677.066
7074.982
7793.805
8717.838
9939.194
0
0
0
0
0
-8557.606
-8249.868
-7965.45
-7617.996
-7344.312
7074.025
7772.511
8708.931
9945.167
0
0
0
0
0
-8544.666
-8237.726
-7956.11
-7611.852
-7337.437
7773.593
8685.82
9949.888
0
0
0
0
0
-8547.878
-8244.733
-7959.845
-7615.431
-7340.796
8714.077
9985.777
0
0
0
0
0
-8567.066
-8261.799
-7974.042
-7629.054
-7355.796
10022.06
0
0
0
0
0
-8600.908
-8291.2
-8004.823
-7653.96
-7376.33
0
0
0
0
0
-8646.404
-8331.876
-8037.007
-7685.47
-7406.505
0
0
0
0
-8693.691
-8376.286
-8076.793
-7715.773
-7433.926
0
0
0
-8724.678
-8404.912
-8104.101
-7737.824
-7452.159
0
0
-8766.602
-8441.096
-8133.836
-7766.428
-7478.419
0
-8788.813
-8460.486
-8151.947
-7780.012
-7490.559
-8800.018
-8473.166
-8164.426
-7788.56
-7499.798
-8478.192
-8166.955
-7794.303
-7502.989
6654.824
7061.717
7798.587
8797.637
10147.4
0
0
0
0
0
-8749.13
-8417.348
-8104.404
-7730.593
-7436.957
6649.651
7118.663
7866.121
8819.548
10172.54
0
0
0
0
0
-8751.417
-8421.602
-8108.231
-7733.419
-7441.721
6641.871
7107.418
7831.344
8815.342
10187.47
0
0
0
0
0
-8741.863
-8416.917
-8104.928
-7731.561
-7439.551
6668.24
7102.144
7841.205
8804.616
10146.72
0
0
0
0
0
-8729.104
-8400.237
-8095.295
-7725.196
-7434.407
6673.211
7086.5
7828.014
8781.555
10075.69
0
0
0
0
0
-8690.939
-8370.502
-8065.889
-7700.817
-7415.526
6683.334
7108.763
7829.836
8757.967
10073.41
0
0
0
0
0
-8667.244
-8346.772
-8050.581
-7687.936
-7403.936
6694.944
7089.964
7830.597
8760.691
10040
0
0
0
0
0
-8624.629
-8313.251
-8017.03
-7662.542
-7382.9
6650.084
7111.601
7807.915
8727.355
9991.736
0
0
0
0
0
-8587.512
-8274.806
-7990.409
-7637.61
-7362.736
7105.682
7772.077
8713.907
9972.053
0
0
0
0
0
-8557.054
-8255.191
-7968.718
-7622.009
-7348
7770.481
8684.222
9957.912
0
0
0
0
0
-8544.768
-8244.216
-7958.428
-7614.504
-7342.848
8688.274
9934.204
0
0
0
0
0
-8551.445
-8247.419
-7965.082
-7617.977
-7346.298
9974.587
0
0
0
0
0
-8570.916
-8264.496
-7980.05
-7630.273
-7358.783
0
0
0
0
0
-8603.806
-8295.085
-8005.697
-7657.26
-7381.286
0
0
0
0
-8646.298
-8336.131
-8041.166
-7685.003
-7409.455
0
0
0
-8696.811
-8378.567
-8080.173
-7718.668
-7436.136
0
0
-8726.482
-8406.997
-8104.511
-7741.199
-7454.799
0
-8768.221
-8444.453
-8136.296
-7766.468
-7480.312
-8788.147
-8464.473
-8152.644
-7781.721
-7492.095
-8474.544
-8163.931
-7792.521
-7499.612
-8168.39
-7794.523
-7504.842
6670.632
7112.651
7824.279
8791.178
10162.7
0
0
0
0
0
-8753.637
-8424.064
-8110.504
-7735.633
-7443.485
6648.165
7085.837
7865.205
8839.413
10188.32
0
0
0
0
0
-8756.582
-8426.572
-8114.667
-7739.576
-7446.533
6626.961
7087.774
7838.224
8804.846
10166.62
0
0
0
0
0
-8746.742
-8418.316
-8111.129
-7737.34
-7445.422
6647.281
7129.438
7831.419
8816.749
10153.06
0
0
0
0
0
-8735.358
-8407.177
-8097.153
-7730.139
-7440.524
6681.089
7113.133
7823.489
8792.935
10110.66
0
0
0
0
0
-8697.438
-8374.112
-8071.792
-7705.062
-7419.095
6676.793
7113.088
7824.048
8783.209
10064.31
0
0
0
0
0
-8669.656
-8352.943
-8052.097
-7693.888
-7409.175
6671.849
7119.294
7806.026
8773.021
10048.05
0
0
0
0
0
-8628.004
-8314.349
-8023.3
-7665.719
-7387.32
7083.656
7813.742
8738.614
9994.981
0
0
0
0
0
-8590.669
-8281.837
-7990.3
-7643.53
-7365.438
7805.629
8690.785
9970.02
0
0
0
0
0
-8565.466
-8255.245
-7973.608
-7625.223
-7351.896
8687.315
9930.721
0
0
0
0
0
-8551.559
-8244.748
-7964.517
-7616.608
-7345.505
9935.894
0
0
0
0
0
-8551.959
-8250.824
-7967.556
-7622.915
-7348.846
0
0
0
0
0
-8570.768
-8268.479
-7982.469
-7635.935
-7359.949
0
0
0
0
-8601.935
-8298.383
-8009.441
-7658.013
-7384.48
0
0
0
-8650.506
-8336.142
-8045.442
-7688.465
-7409.182
0
0
-8697.349
-8381.57
-8082.195
-7721.924
-7438.883
0
-8728.545
-8408.6
-8106.601
-7741.514
-7458.041
-8768.877
-8446.092
-8139.102
-7768.87
-7480.349
-8464.049
-8156.428
-7782.357
-7493.751
-8165.066
-7792.144
-7503.444
-7795.949
-7505.084
6643.983
7090.602
7855.556
8809.86
10162.91
0
0
0
0
0
-8759.349
-8428.659
-8116.859
-7741.501
-7448.392
6672.787
7119.559
7829.397
8839.314
10197.81
0
0
0
0
0
-8760.852
-8431.441
-8119.552
-7745.707
-7452.465
6682.814
7073.856
7846.925
8814.225
10159.06
0
0
0
0
0
-8753.389
-8423.253
-8112.698
-7743.272
-7450.981
6652.575
7095.052
7857.239
8808.994
10166.45
0
0
0
0
0
-8737.417
-8413.211
-8103.552
-7731.88
-7445.334
6624.683
7094.588
7844.044
8791.198
10123.02
0
0
0
0
0
-8700.325
-8380.002
-8075.62
-7710.723
-7423.168
6693.52
7108.59
7831.182
8773.003
10091.83
0
0
0
0
0
-8675.41
-8355.23
-8058.167
-7695.445
-7414.941
7105.052
7828.35
8748.883
10062.75
0
0
0
0
0
-8632.829
-8317.978
-8024.473
-7671.549
-7390.409
7802.167
8740.951
10008.99
0
0
0
0
0
-8598.586
-8284.962
-7996.782
-7643.577
-7371.174
8723.818
9945.924
0
0
0
0
0
-8565.138
-8262.967
-7973.98
-7629.748
-7355.047
9937.481
0
0
0
0
0
-8548.942
-8250.989
-7965.219
-7622.341
-7347.519
0
0
0
0
0
-8555.574
-8251.755
-7970.744
-7625.191
-7353.611
0
0
0
0
-8575.753
-8268.496
-7986.395
-7638.121
-7365.409
0
0
0
-8605.736
-8296.995
-8012.839
-7661.587
-7385.192
0
0
-8651.618
-8340.138
-8045.506
-7692.649
-7412.372
0
-8697.609
-8382.066
-8085.021
-7723.731
-7442.044
-8725.892
-8410.823
-8107.984
-7743.558
-7458.322
-8446.823
-8140.704
-7771.307
-7482.693
-8156.143
-7785.923
-7494.365
-7793.095
-7503.119
-7506.478
6636.805
7080.547
7826.338
8825.495
10174.48
0
0
0
0
0
-8763.877
-8434.255
-8121.355
-7747.472
-7454.08
6677.773
7102.578
7856.159
8820.591
10200.9
0
0
0
0
0
-8764.574
-8436.127
-8124.059
-7750.368
-7458.39
6655.148
7121.605
7837.948
8832.952
10173.95
0
0
0
0
0
-8757.051
-8429.503
-8117.498
-7744.862
-7456.717
6677.411
7094.891
7837.078
8824.664
10160.51
0
0
0
0
0
-8741.625
-8416
-8109.203
-7737.8
-7447.018
6670.657
7084.535
7817.815
8811.023
10122.64
0
0
0
0
0
-8703.741
-8383.316
-8080.888
-7714.56
-7428.654
7120.415
7828.642
8784.492
10080.92
0
0
0
0
0
-8677.534
-8360.796
-8060.273
-7701.305
-7416.495
7817.755
8766.012
10038.15
0
0
0
0
0
-8634.721
-8322.663
-8028.143
-7672.7
-7396.007
8740.619
10010.05
0
0
0
0
0
-8600.126
-8292.516
-7999.768
-7649.598
-7371.28
9979.63
0
0
0
0
0
-8572.113
-8262.955
-7981.078
-7630.257
-7359.386
0
0
0
0
0
-8556.894
-8249.249
-7970.93
-7623.084
-7353.047
0
0
0
0
-8558.446
-8255.168
-7971.811
-7628.177
-7355.797
0
0
0
-8573.483
-8273.387
-7986.47
-7641.915
-7367.491
0
0
-8610.8
-8300.575
-8011.808
-7664.941
-7388.658
0
-8654.387
-8341.025
-8049.19
-7692.729
-7416.457
-8697.599
-8382.713
-8085.395
-7726.387
-7443.754
-8408.548
-8110.225
-7744.77
-7460.322
-8141.407
-7772.849
-7484.974
-7785.703
-7497.793
-7503.995
6629.117
7070.167
7830.833
8816.763
10181.61
0
0
0
0
0
-8767.855
-8439.22
-8126.647
-7751.784
-7459.821
6654.581
7113.713
7848.611
8837.175
10190.22
0
0
0
0
0
-8767.68
-8439.896
-8128.83
-7754.541
-7462.892
6630.894
7102.905
7850.114
8833.279
10194.28
0
0
0
0
0
-8761.063
-8433.327
-8123.262
-7749.452
-7458.29
6627.382
7136.259
7828.785
8819.853
10170.35
0
0
0
0
0
-8743.593
-8419.849
-8112.336
-7743.072
-7452.681
7104.611
7823.436
8781.632
10143.32
0
0
0
0
0
-8706.378
-8386.872
-8084.305
-7719.328
-7432.428
7835.034
8782.423
10095.11
0
0
0
0
0
-8681.103
-8362.688
-8065.535
-7703.24
-7422.188
8759.047
10053.28
0
0
0
0
0
-8640.75
-8324.862
-8032.59
-7676.299
-7397.141
10015.08
0
0
0
0
0
-8602.808
-8293.99
-8006.878
-7652.424
-7377.055
0
0
0
0
0
-8570.59
-8269.513
-7981.231
-7636.86
-7359.945
0
0
0
0
-8558.27
-8256.14
-7969.778
-7628.369
-7353.803
0
0
0
-8559.886
-8257.708
-7975.005
-7629.253
-7358.677
0
0
-8580.418
-8271.516
-7991.16
-7641.998
-7371.184
0
-8610.961
-8304.902
-8015.062
-7664.134
-7391.944
-8654.134
-8343.613
-8049.842
-7696.13
-7416.552
-8382.752
-8086.265
-7726.649
-7446.316
-8108.229
-7746.964
-7461.463
-7773.492
-7486.475
-7497.602
6676.19
7094.756
7820.649
8825.793
10190.46
0
0
0
0
0
-8771.68
-8442.851
-8131.674
-7756.744
-7464
6685.824
7085.086
7855.893
8837.488
10202.7
0
0
0
0
0
-8772.999
-8442.954
-8132.464
-7759.223
-7466.885
6629.665
7087.006
7844.547
8831.601
10199.19
0
0
0
0
0
-8764.719
-8437.392
-8127.031
-7754.781
-7462.734
7093.732
7852.522
8812.477
10172.28
0
0
0
0
0
-8749.704
-8422.122
-8115.799
-7746.299
-7457.736
7833.068
8808.746
10111.25
0
0
0
0
0
-8714.296
-8389.435
-8087.836
-7722.687
-7436.956
8788.36
10093.89
0
0
0
0
0
-8682.933
-8366.521
-8067.216
-7708.196
-7424.044
10048.69
0
0
0
0
0
-8644.314
-8330.381
-8034.865
-7680.505
-7400.664
0
0
0
0
0
-8603.954
-8296.853
-8008.199
-7659.127
-7379.792
0
0
0
0
-8577.218
-8268.273
-7987.332
-7637.084
-7366.283
0
0
0
-8561.216
-8257.697
-7975.762
-7627.56
-7358.867
0
0
-8561.1
-8259.418
-7977.245
-7632.257
-7359.744
0
-8577.436
-8277.738
-7989.54
-7646.471
-7371.282
-8609.525
-8305.273
-8018.774
-7667.098
-7391.237
-8344.146
-8052.283
-7696.61
-7419.805
-8086.235
-7727.624
-7446.543
-7745.146
-7463.605
-7487.087
6672.092
7116.034
7848.097
8818.721
10200.48
0
0
0
0
0
-8775.45
-8446.579
-8134.938
-7761.65
-7468.763
6650.603
7108.397
7833.94
8837.196
10206.93
0
0
0
0
0
-8777.842
-8448.066
-8135.338
-7762.662
-7471.454
7079.768
7828.536
8826.62
10195.03
0
0
0
0
0
-8769.974
-8440.941
-8130.978
-7758.404
-7467.829
7850.227
8820.552
10164.85
0
0
0
0
0
-8751.821
-8427.821
-8118.193
-7749.443
-7460.938
8807.075
10148.54
0
0
0
0
0
-8716.454
-8396.53
-8090.233
-7726.112
-7440.237
10100.13
0
0
0
0
0
-8689.721
-8368.147
-8071.014
-7709.716
-7428.818
0
0
0
0
0
-8647.49
-8333.831
-8039.875
-7682.747
-7404.726
0
0
0
0
-8607.392
-8298.108
-8011.05
-7660.301
-7386.253
0
0
0
-8576.761
-8274.742
-7986.244
-7642.791
-7366.54
0
0
-8561.853
-8260.586
-7977.371
-7632.89
-7358.197
0
-8563.524
-8261.23
-7979.054
-7634.27
-7362.646
-8583.258
-8275.607
-7995.094
-7645.004
-7375.61
-8304.52
-8019.256
-7670.374
-7394.059
-8053.213
-7698.93
-7420.23
-7727.507
-7447.541
-7461.884
6676.702
7090.533
7850.833
8829.333
10194.53
0
0
0
0
0
-8780.94
-8450.545
-8138.454
-7764.605
-7473.54
7094.762
7838.956
8824.463
10200.83
0
0
0
0
0
-8780.191
-8453.034
-8140.161
-7765.332
-7474.772
7835.786
8816.006
10189.08
0
0
0
0
0
-8771.684
-8446.109
-8134.3
-7762.173
-7471.34
8830.067
10167.05
0
0
0
0
0
-8757.885
-8430.608
-8123.443
-7751.839
-7463.93
10143.81
0
0
0
0
0
-8718.118
-8398.887
-8096.618
-7728.337
-7443.574
0
0
0
0
0
-8691.183
-8374.373
-8072.378
-7713.365
-7430.273
0
0
0
0
-8648.336
-8336.926
-8043.133
-7687.345
-7406.928
0
0
0
-8610.172
-8301.2
-8012.303
-7663.063
-7387.37
0
0
-8579.363
-8274.498
-7992.362
-7641.785
-7372.026
0
-8564.791
-8261.465
-7980.103
-7634.485
-7363.23
-8565.371
-8263.007
-7981.156
-7636.082
-7364.563
-8280.887
-7993.503
-7650.048
-7374.231
-8018.896
-7670.903
-7397.147
-7700.019
-7422.479
-7447.4
7103.312
7821.935
8826.616
10195.24
0
0
0
0
0
-8782.896
-8455.779
-8142.392
-7767.894
-7476.347
7845.674
8825.655
10196
0
0
0
0
0
-8781.632
-8455.374
-8145.037
-7769.87
-7477.332
8829.621
10177.13
0
0
0
0
0
-8778.03
-8448.049
-8139.263
-7765.262
-7474.988
10181.58
0
0
0
0
0
-8757.187
-8435.747
-8126.509
-7756.703
-7466.29
0
0
0
0
0
-8719.752
-8400.542
-8098.964
-7734.186
-7445.711
0
0
0
0
-8694.386
-8376.051
-8078.063
-7714.513
-7433.812
0
0
0
-8649.635
-8337.681
-8046.025
-7690.413
-7411.316
0
0
-8610.248
-8303.889
-8015.065
-7664.27
-7390.064
0
-8582.841
-8276.738
-7992.215
-7647.545
-7371.077
-8566.74
-8264.082
-7981.073
-7637.052
-7364.805
-8265.166
-7982.431
-7638.287
-7366.352
-7998.305
-7648.77
-7379.028
-7670.739
-7397.69
-7423.597
7838.811
8806.648
10192.12
0
0
0
0
0
-8787.893
-8457.824
-8147.274
-7771.703
-7479.505
8834.047
10196
0
0
0
0
0
-8788.68
-8457.269
-8147.274
-7774.566
-7481.699
10198.95
0
0
0
0
0
-8780.322
-8453.718
-8141.249
-7769.992
-7477.95
0
0
0
0
0
-8759.839
-8435.983
-8130.891
-7759.822
-7470.945
0
0
0
0
-8725.375
-8402.576
-8100.516
-7736.442
-7451.289
0
0
0
-8697.066
-8379.485
-8079.774
-7719.765
-7434.879
0
0
-8653.917
-8339.263
-8046.66
-7693.1
-7414.279
0
-8613.316
-8304.218
-8017.592
-7666.778
-7391.243
-8582.725
-8280.042
-7994.146
-7647.436
-7376.622
-8266.228
-7983.361
-7638.035
-7367.279
-7984.671
-7639.24
-7368.558
-7653.2
-7377.881
-7397.598
8824.887
10177.71
0
0
0
0
0
-8789.582
-8462.195
-8149.283
-7776.256
-7483.206
10204.62
0
0
0
0
0
-8793.028
-8463.329
-8149.366
-7776.675
-7486.252
0
0
0
0
0
-8783.317
-8456.105
-8146.29
-7771.934
-7482.521
0
0
0
0
-8765.565
-8438.142
-8131.645
-7763.67
-7474.026
0
0
0
-8726.372
-8407.596
-8102.701
-7737.873
-7453.479
0
0
-8696.94
-8382.018
-8083.242
-7721.43
-7439.903
0
-8654.481
-8343.471
-8048.367
-7693.637
-7416.857
-8615.486
-8307.125
-8018.013
-7669.147
-7393.636
-8280.567
-7997.228
-7649.144
-7376.539
-7985.553
-7640.073
-7368.259
-7641.449
-7369.4
-7382.119
10196.46
0
0
0
0
0
-8794.02
-8464.313
-8153.094
-7778.178
-7487.573
0
0
0
0
0
-8794.445
-8467.518
-8154.587
-7778.805
-7488.289
0
0
0
0
-8784.125
-8459.07
-8148.631
-7776.493
-7484.418
0
0
0
-8767.006
-8443.3
-8133.371
-7764.662
-7477.64
0
0
-8730.082
-8408.996
-8107.154
-7740.073
-7454.853
0
-8702.018
-8382.198
-8085.597
-7724.832
-7441.529
-8656.456
-8343.892
-8052.349
-7695.369
-7417.365
-8309.326
-8020.712
-7669.581
-7395.92
-7998.094
-7652.031
-7378.154
-7642.227
-7370.188
-7371.567
0
0
0
0
0
-8796.468
-8468.518
-8155.371
-7781.571
-7489.437
0
0
0
0
-8797.38
-8468.988
-8158.524
-7783.423
-7490.395
0
0
0
-8787.325
-8460.271
-8151.452
-7778.736
-7488.744
0
0
-8769.927
-8444.852
-8138.007
-7766.082
-7478.692
0
-8732.375
-8412.113
-8108.707
-7744.092
-7457.02
-8701.871
-8386.682
-8085.893
-7727.031
-7444.854
-8346.025
-8052.619
-7699.109
-7419.083
-8022.864
-7672.099
-7396.36
-7653.038
-7380.937
-7372.299
0
0
0
0
-8800.8
-8470.717
-8159.291
-7783.856
-7492.638
0
0
0
-8801.295
-8471.739
-8159.925
-7787.115
-7494.739
0
0
-8788.009
-8462.832
-8152.795
-7781.392
-7490.918
0
-8772.154
-8447.742
-8139.556
-7770.315
-7479.996
-8733.563
-8414.584
-8111.323
-7745.665
-7460.833
-8386.902
-8089.883
-7727.352
-7446.971
-8054.799
-7699.274
-7422.68
-7674.168
-7398.781
-7381.975
0
0
0
-8803.178
-8475.001
-8161.202
-7787.519
-7494.886
0
0
-8802.55
-8475.373
-8162.452
-7788.417
-7498.287
0
-8790.075
-8463.968
-8154.838
-7782.75
-7493.475
-8773.615
-8450.016
-8142.31
-7771.813
-7484.026
-8415.488
-8113.857
-7747.932
-7462.386
-8090.315
-7730.984
-7447.299
-7701.426
-7422.818
-7400.794
0
0
-8806.726
-8477.275
-8165.319
-7789.195
-7498.404
0
-8804.311
-8476.669
-8165.735
-7790.749
-7499.537
-8791.969
-8465.566
-8156.175
-7784.442
-7494.815
-8451.298
-8144.517
-7774.415
-7485.485
-8114.53
-7750.452
-7464.506
-7731.511
-7450.758
-7424.929
0
-8808.522
-8480.454
-8167.428
-7793.118
-7499.976
-8803.732
-8478.406
-8166.993
-7793.732
-7501.768
-8467.569
-8157.42
-7785.837
-7496.371
-8145.642
-7776.52
-7487.993
-7750.965
-7466.982
-7451.312
-8808.389
-8482.318
-8170.221
-7795.073
-7503.768
-8478.118
-8168.637
-7794.927
-7504.602
-8159.407
-7786.854
-7497.761
-7777.524
-7490.03
-7467.441
-8482.277
-8172.055
-7797.561
-7505.642
-8168.512
-7796.474
-7505.759
-7788.768
-7498.694
-7490.982
-8172.019
-7799.33
-7507.988
-7796.421
-7507.249
-7500.549
-7799.268
-7509.707
-7507.224
-7509.639
)
;

boundaryField
{
    cathodeSides
    {
        type            zeroGradient;
    }
    electrolyteSides
    {
        type            zeroGradient;
    }
    anodeSides
    {
        type            zeroGradient;
    }
    phiI_to_phiI0
    {
        type            zeroGradient;
    }
}


// ************************************************************************* //
