/*--------------------------------*- C++ -*----------------------------------*\
| =========                 |                                                 |
| \\      /  F ield         | OpenFOAM: The Open Source CFD Toolbox           |
|  \\    /   O peration     | Version:  2312                                  |
|   \\  /    A nd           | Website:  www.openfoam.com                      |
|    \\/     M anipulation  |                                                 |
\*---------------------------------------------------------------------------*/
FoamFile
{
    version     2.0;
    format      ascii;
    arch        "LSB;label=32;scalar=64";
    class       volScalarField;
    location    "1.5/phiEC";
    object      J;
}
// * * * * * * * * * * * * * * * * * * * * * * * * * * * * * * * * * * * * * //

dimensions      [0 -3 0 0 0 1 0];

internalField   nonuniform List<scalar> 
20000
(
0
0
0
0
0
0
0
0
0
0
0
0
0
0
0
0
0
0
0
0
0
0
0
0
0
0
0
0
0
0
0
0
0
0
0
0
0
0
0
0
0
0
0
0
0
0
0
0
0
0
0
0
0
0
0
0
0
0
0
0
0
0
0
0
0
0
0
0
0
0
0
0
0
0
0
0
0
0
0
0
0
0
0
0
0
0
0
0
0
0
0
0
0
0
0
0
0
0
0
0
0
0
0
0
0
0
0
0
0
0
0
0
0
0
0
0
0
0
0
0
0
0
0
0
0
0
0
0
0
0
0
0
0
0
0
0
0
0
0
0
0
0
0
0
0
0
0
0
0
0
0
0
0
0
0
0
0
0
0
0
0
0
0
0
0
0
0
0
0
0
0
0
0
0
0
0
0
0
0
0
0
0
0
0
0
0
0
0
0
0
0
0
0
0
0
0
0
0
0
0
0
0
0
0
0
0
0
0
0
0
0
0
0
0
0
0
0
0
0
0
0
0
0
0
0
0
0
0
0
0
0
0
0
0
0
0
0
0
0
0
0
0
0
0
0
0
0
0
0
0
0
0
0
0
0
0
0
0
0
0
0
0
0
0
0
0
0
0
0
0
0
0
0
0
0
0
0
0
0
0
0
0
0
0
0
0
0
0
0
0
0
0
0
0
0
0
0
0
0
0
0
0
0
0
0
0
0
0
0
0
0
0
0
0
0
0
0
0
0
0
0
0
0
0
0
0
0
0
0
0
0
0
0
0
0
0
0
0
0
0
0
0
0
0
0
0
0
0
0
0
0
0
0
0
0
0
0
0
0
0
0
0
0
0
0
0
0
0
0
0
0
0
0
0
0
0
0
0
0
0
0
0
0
0
0
0
0
0
0
0
0
0
0
0
0
0
0
0
0
0
0
0
0
0
0
0
0
0
0
0
0
0
0
0
0
0
0
0
0
0
0
0
0
0
0
0
0
0
0
0
0
0
0
0
0
0
0
0
0
0
0
0
0
0
0
0
0
0
0
0
0
0
0
0
0
0
0
0
0
0
0
0
0
0
0
0
0
0
0
0
0
0
0
0
0
0
0
0
0
0
0
0
0
0
0
0
0
0
0
0
0
0
0
0
0
0
0
0
0
0
0
0
0
0
0
0
0
0
0
0
0
0
0
0
0
0
0
0
0
0
0
0
0
0
0
0
0
0
0
0
0
0
0
0
0
0
0
0
0
0
0
0
0
0
0
0
0
0
0
0
0
0
0
0
0
0
0
0
0
0
0
0
0
0
0
0
0
0
0
0
0
0
0
0
0
0
0
0
0
0
0
0
0
0
0
0
0
0
0
0
0
0
0
0
0
0
0
0
0
0
0
0
0
0
0
0
0
0
0
0
0
0
0
0
0
0
0
0
0
0
0
0
0
0
0
0
0
0
0
0
0
0
0
0
0
0
0
0
0
0
0
0
0
0
0
0
0
0
0
0
0
0
0
0
0
0
0
0
0
0
0
0
0
0
0
0
0
0
0
0
0
0
0
0
0
0
0
0
0
0
0
0
0
0
0
0
0
0
0
0
0
0
0
0
0
0
0
0
0
0
0
0
0
0
0
0
0
0
0
0
0
0
0
0
0
0
0
0
0
0
0
0
0
0
0
0
0
0
0
0
0
0
0
0
0
0
0
0
0
0
0
0
0
0
0
0
0
0
0
0
0
0
0
0
0
0
0
0
0
0
0
0
0
0
0
0
0
0
0
0
0
0
0
0
0
0
0
0
0
0
0
0
0
0
0
0
0
0
0
0
0
0
0
0
0
0
0
0
0
0
0
0
0
0
0
0
0
0
0
0
0
0
0
0
0
0
0
0
0
0
0
0
0
0
0
0
0
0
0
0
0
0
0
0
0
0
0
0
0
0
0
0
0
0
0
0
0
0
0
0
0
0
0
0
0
0
0
0
0
0
0
0
0
0
0
0
0
0
0
0
0
0
0
0
0
0
0
0
0
0
0
0
0
0
0
0
0
0
0
0
0
0
0
0
0
0
0
0
0
0
0
0
0
0
0
0
0
0
0
0
0
0
0
0
0
0
0
0
0
0
0
0
0
0
0
0
0
0
0
0
0
0
0
0
0
0
0
0
0
0
0
0
0
0
0
0
0
0
0
0
0
0
0
0
0
0
0
0
0
0
0
0
0
0
0
0
0
0
0
0
0
0
0
0
0
0
0
0
0
0
0
0
0
0
0
0
0
0
0
0
0
0
0
0
0
0
0
0
0
0
0
0
0
0
0
0
0
0
0
0
0
0
0
0
0
0
0
0
0
0
0
0
0
0
0
0
0
0
0
0
0
0
0
0
0
0
0
0
0
0
0
0
0
0
0
0
0
0
0
0
0
0
0
0
0
0
0
0
0
0
0
0
0
0
0
0
0
0
0
0
0
0
0
0
0
0
0
0
0
0
0
0
0
0
0
0
0
0
0
0
0
0
0
0
0
0
0
0
0
0
0
0
0
0
0
0
0
0
0
0
0
0
0
0
0
0
0
0
0
0
0
0
0
0
0
0
0
0
0
0
0
0
0
0
0
0
0
0
0
0
0
0
0
0
0
0
0
0
0
0
0
0
0
0
0
0
0
0
0
0
0
0
0
0
0
0
0
0
0
0
0
0
0
0
0
0
0
0
0
0
0
0
0
0
0
0
0
0
0
0
0
0
0
0
0
0
0
0
0
0
0
0
0
0
0
0
0
0
0
0
0
0
0
0
0
0
0
0
0
0
0
0
0
0
0
0
0
0
0
0
0
0
0
0
0
0
0
0
0
0
0
0
0
0
0
0
0
0
0
0
0
0
0
0
0
0
0
0
0
0
0
0
0
0
0
0
0
0
0
0
0
0
0
0
0
0
0
0
0
0
0
0
0
0
0
0
0
0
0
0
0
0
0
0
0
0
0
0
0
0
0
0
0
0
0
0
0
0
0
0
0
0
0
0
0
0
0
0
0
0
0
0
0
0
0
0
0
0
0
0
0
0
0
0
0
0
0
0
0
0
0
0
0
0
0
0
0
0
0
0
0
0
0
0
0
0
0
0
0
0
0
0
0
0
0
0
0
0
0
0
0
0
0
0
0
0
0
0
0
0
0
0
0
0
0
0
0
0
0
0
0
0
0
0
0
0
0
0
0
0
0
0
0
0
0
0
0
0
0
0
0
0
0
0
0
0
0
0
0
0
0
0
0
0
0
0
0
0
0
0
0
0
0
0
0
0
0
0
0
0
0
0
0
0
0
0
0
0
0
0
0
0
0
0
0
0
0
0
0
0
0
0
0
0
0
0
0
0
0
0
0
0
0
0
0
0
0
0
0
0
0
0
0
0
0
0
0
0
0
0
0
0
0
0
0
0
0
0
0
0
0
0
0
0
0
0
0
0
0
0
0
0
0
0
0
0
0
0
0
0
0
0
0
0
0
0
0
0
0
0
0
0
0
0
0
0
0
0
0
0
0
0
0
0
0
0
0
0
0
0
0
0
0
0
0
0
0
0
0
0
0
0
0
0
0
0
0
0
0
0
0
0
0
0
0
0
0
0
0
0
0
0
0
0
0
0
0
0
0
0
0
0
0
0
0
0
0
0
0
0
0
0
0
0
0
0
0
0
0
0
0
0
0
0
0
0
0
0
0
0
0
0
0
0
0
0
0
0
0
0
0
0
0
0
0
0
0
0
0
0
0
0
0
0
0
0
0
0
0
0
0
0
0
0
0
0
0
0
0
0
0
0
0
0
0
0
0
0
0
0
0
0
0
0
0
0
0
0
0
0
0
0
0
0
0
0
0
0
0
0
0
0
0
0
0
0
0
0
0
0
0
0
0
0
0
0
0
0
0
0
0
0
0
0
0
0
0
0
0
0
0
0
0
0
0
0
0
0
0
0
0
0
0
0
0
0
0
0
0
0
0
0
0
0
0
0
0
0
0
0
0
0
0
0
0
0
0
0
0
0
0
0
0
0
0
0
0
0
0
0
0
0
0
0
0
0
0
0
0
0
0
0
0
0
0
0
0
0
0
0
0
0
0
0
0
0
0
0
0
0
0
0
0
0
0
0
0
0
0
0
0
0
0
0
0
0
0
0
0
0
0
0
0
0
0
0
0
0
0
0
0
0
0
0
0
0
0
0
0
0
0
0
0
0
0
0
0
0
0
0
0
0
0
0
0
0
0
0
0
0
0
0
0
0
0
0
0
0
0
0
0
0
0
0
0
0
0
0
0
0
0
0
0
0
0
0
0
0
0
0
0
0
0
0
0
0
0
0
0
0
0
0
0
0
0
0
0
0
0
0
0
0
0
0
0
0
0
0
0
0
0
0
0
0
0
0
0
0
0
0
0
0
0
0
0
0
0
0
0
0
0
0
0
0
0
0
0
0
0
0
0
0
0
0
0
0
0
0
0
0
0
0
0
0
0
0
0
0
0
0
0
0
0
0
0
0
0
0
0
0
0
0
0
0
0
0
0
0
0
0
0
0
0
0
0
0
0
0
0
0
0
0
0
0
0
0
0
0
0
0
0
0
0
0
0
0
0
0
0
0
0
0
0
0
0
0
0
0
0
0
0
0
0
0
0
0
0
0
0
0
0
0
0
0
0
0
0
0
0
0
0
0
0
0
0
0
0
0
0
0
0
0
0
0
0
0
0
0
0
0
0
0
0
0
0
0
0
0
0
0
0
0
0
0
0
0
0
0
0
0
0
0
0
0
0
0
0
0
0
0
0
0
0
0
0
0
0
0
0
0
0
0
0
0
0
0
0
0
0
0
0
0
0
0
0
0
0
0
0
0
0
0
0
0
0
0
0
0
0
0
0
0
0
0
0
0
0
0
0
0
0
0
0
0
0
0
0
0
0
0
0
0
0
0
0
0
0
0
0
0
0
0
0
0
0
0
0
0
0
0
0
0
0
0
0
0
0
0
0
0
0
0
0
0
0
0
0
0
0
0
0
0
0
0
0
0
0
0
0
0
0
0
0
0
0
0
0
0
0
0
0
0
0
0
0
0
0
0
0
0
0
0
0
0
0
0
0
0
0
0
0
0
0
0
0
0
0
0
0
0
0
0
0
0
0
0
0
0
0
0
0
0
0
0
0
0
0
0
0
0
0
0
0
0
0
0
0
0
0
0
0
0
0
0
0
0
0
0
0
0
0
0
0
0
0
0
0
0
0
0
0
0
0
0
0
0
0
0
0
0
0
0
0
0
0
0
0
0
0
0
0
0
0
0
0
0
0
0
0
0
0
0
0
0
0
0
0
0
0
0
0
0
0
0
0
0
0
0
0
0
0
0
0
0
0
0
0
0
0
0
0
0
0
0
0
0
0
0
0
0
0
0
0
0
0
0
0
0
0
0
0
0
0
0
0
0
0
0
0
0
0
0
0
0
0
0
0
0
0
0
0
0
0
0
0
0
0
0
0
0
0
0
0
0
0
0
0
0
0
0
0
0
0
0
0
0
0
0
0
0
0
0
0
0
0
0
0
0
0
0
0
0
0
0
0
0
0
0
0
0
0
0
0
0
0
0
0
0
0
0
0
0
0
0
0
0
0
0
0
0
0
0
0
0
0
0
0
0
0
0
0
0
0
0
0
0
0
0
0
0
0
0
0
0
0
0
0
0
0
0
0
0
0
0
0
0
0
0
0
0
0
0
0
0
0
-628.6328
0
0
0
0
0
0
0
0
0
0
0
0
0
0
0
0
0
0
0
0
0
0
0
0
0
0
0
0
0
0
0
0
0
0
0
0
0
0
0
0
0
0
0
0
0
0
0
0
0
0
0
0
0
0
0
0
0
0
0
0
0
0
0
0
0
0
0
0
0
0
0
0
0
0
0
0
0
0
0
0
0
0
0
0
0
0
0
0
0
0
0
0
0
0
0
0
0
0
0
0
0
0
0
0
0
0
0
0
0
0
0
0
0
0
0
0
0
0
0
0
0
0
0
0
0
0
0
0
0
0
0
0
0
0
0
0
0
0
0
0
0
0
0
0
0
0
0
0
0
0
0
0
0
0
0
0
0
0
0
0
0
0
0
0
0
0
0
0
0
0
0
0
0
0
0
0
0
0
0
0
0
0
0
0
0
0
0
0
0
0
0
0
0
0
0
0
0
0
0
0
0
0
0
0
0
0
0
0
0
0
0
0
0
0
0
0
0
0
0
0
0
0
0
0
0
-628.5879
0
0
0
0
0
0
0
0
0
0
0
0
0
0
0
0
0
0
0
0
0
0
0
0
0
-628.6462
-629.8809
0
0
0
0
0
0
0
0
0
0
0
0
0
0
0
0
0
0
0
0
0
0
0
0
0
0
0
0
0
0
0
0
0
0
0
0
0
0
0
0
0
0
0
0
0
0
0
0
0
0
0
0
0
0
0
0
0
0
0
0
0
0
0
0
0
0
0
0
0
0
0
0
0
0
0
0
0
0
0
0
0
0
0
0
0
0
0
0
0
0
0
0
0
0
0
0
0
0
0
0
0
0
0
0
0
0
0
0
0
0
0
0
0
0
0
0
0
0
0
0
0
0
0
0
0
0
0
0
0
0
0
0
0
0
0
0
0
0
0
0
0
0
0
0
0
0
0
0
0
0
0
0
0
0
0
0
0
0
0
0
0
0
0
0
0
0
0
0
0
0
0
0
0
0
0
0
0
0
0
0
0
0
0
0
0
0
0
0
0
0
0
0
0
0
0
0
0
0
0
0
0
0
0
0
0
0
0
0
0
0
0
0
0
0
0
-628.5542
0
0
0
0
0
0
0
0
0
0
0
0
0
0
0
0
0
0
0
0
0
0
0
0
0
-628.6012
-629.8306
0
0
0
0
0
0
0
0
0
0
0
0
0
0
0
0
0
0
0
0
0
0
0
0
0
-628.6548
-629.8923
-633.8786
0
0
0
0
0
0
0
0
0
0
0
0
0
0
0
0
0
0
0
0
0
0
0
0
0
0
0
0
0
0
0
0
0
0
0
0
0
0
0
0
0
0
0
0
0
0
0
0
0
0
0
0
0
0
0
0
0
0
0
0
0
0
0
0
0
0
0
0
0
0
0
0
0
0
0
0
0
0
0
0
0
0
0
0
0
0
0
0
0
0
0
0
0
0
0
0
0
0
0
0
0
0
0
0
0
0
0
0
0
0
0
0
0
0
0
0
0
0
0
0
0
0
0
0
0
0
0
0
0
0
0
0
0
0
0
0
0
0
0
0
0
0
0
0
0
0
0
0
0
0
0
0
0
0
0
0
0
0
0
0
0
0
0
0
0
0
0
0
0
0
0
0
0
0
0
0
0
0
0
0
0
0
0
0
0
0
0
0
0
0
0
0
0
0
0
0
0
0
0
0
0
0
0
0
0
-628.4953
0
0
0
0
0
0
0
0
0
0
0
0
0
0
0
0
0
0
0
0
0
0
0
0
0
-628.5669
-629.7934
0
0
0
0
0
0
0
0
0
0
0
0
0
0
0
0
0
0
0
0
0
0
0
0
0
-628.6096
-629.842
-633.8055
0
0
0
0
0
0
0
0
0
0
0
0
0
0
0
0
0
0
0
0
0
0
0
0
0
-628.6596
-629.9004
-633.8866
-641.9923
0
0
0
0
0
0
0
0
0
0
0
0
0
0
0
0
0
0
0
0
0
0
0
0
0
0
0
0
0
0
0
0
0
0
0
0
0
0
0
0
0
0
0
0
0
0
0
0
0
0
0
0
0
0
0
0
0
0
0
0
0
0
0
0
0
0
0
0
0
0
0
0
0
0
0
0
0
0
0
0
0
0
0
0
0
0
0
0
0
0
0
0
0
0
0
0
0
0
0
0
0
0
0
0
0
0
0
0
0
0
0
0
0
0
0
0
0
0
0
0
0
0
0
0
0
0
0
0
0
0
0
0
0
0
0
0
0
0
0
0
0
0
0
0
0
0
0
0
0
0
0
0
0
0
0
0
0
0
0
0
0
0
0
0
0
0
0
0
0
0
0
0
0
0
0
0
0
0
0
0
0
0
0
0
0
0
0
0
0
0
0
0
0
0
0
-628.3982
0
0
0
0
0
0
0
0
0
0
0
0
0
0
0
0
0
0
0
0
0
0
0
0
0
-628.5074
-629.7283
0
0
0
0
0
0
0
0
0
0
0
0
0
0
0
0
0
0
0
0
0
0
0
0
0
-628.5749
-629.8042
-633.7516
0
0
0
0
0
0
0
0
0
0
0
0
0
0
0
0
0
0
0
0
0
0
0
0
0
-628.6143
-629.8497
-633.8138
-641.8724
0
0
0
0
0
0
0
0
0
0
0
0
0
0
0
0
0
0
0
0
0
0
0
0
0
-628.6627
-629.9051
-633.8941
-641.995
-656.7827
0
0
0
0
0
0
0
0
0
0
0
0
0
0
0
0
0
0
0
0
0
0
0
0
0
0
0
0
0
0
0
0
0
0
0
0
0
0
0
0
0
0
0
0
0
0
0
0
0
0
0
0
0
0
0
0
0
0
0
0
0
0
0
0
0
0
0
0
0
0
0
0
0
0
0
0
0
0
0
0
0
0
0
0
0
0
0
0
0
0
0
0
0
0
0
0
0
0
0
0
0
0
0
0
0
0
0
0
0
0
0
0
0
0
0
0
0
0
0
0
0
0
0
0
0
0
0
0
0
0
0
0
0
0
0
0
0
0
0
0
0
0
0
0
0
0
0
0
0
0
0
0
0
0
0
0
0
0
0
0
0
0
0
0
0
0
0
0
0
0
0
0
0
0
0
0
0
0
0
0
0
0
0
0
-628.2529
0
0
0
0
0
0
0
0
0
0
0
0
0
0
0
0
0
0
0
0
0
0
0
0
0
-628.4083
-629.6227
0
0
0
0
0
0
0
0
0
0
0
0
0
0
0
0
0
0
0
0
0
0
0
0
0
-628.5144
-629.7385
-633.6571
0
0
0
0
0
0
0
0
0
0
0
0
0
0
0
0
0
0
0
0
0
0
0
0
0
-628.5795
-629.8116
-633.7592
-641.7814
0
0
0
0
0
0
0
0
0
0
0
0
0
0
0
0
0
0
0
0
0
0
0
0
0
-628.6175
-629.8544
-633.8205
-641.8763
-656.5802
0
0
0
0
0
0
0
0
0
0
0
0
0
0
0
0
0
0
0
0
0
0
0
0
0
-628.6656
-629.9082
-633.8987
-642.0014
-656.7782
0
0
0
0
0
0
0
0
0
0
0
0
0
0
0
0
0
0
0
0
0
0
0
0
0
0
0
0
0
0
0
0
0
0
0
0
0
0
0
0
0
0
0
0
0
0
0
0
0
0
0
0
0
0
0
0
0
0
0
0
0
0
0
0
0
0
0
0
0
0
0
0
0
0
0
0
0
0
0
0
0
0
0
0
0
0
0
0
0
0
0
0
0
0
0
0
0
0
0
0
0
0
0
0
0
0
0
0
0
0
0
0
0
0
0
0
0
0
0
0
0
0
0
0
0
0
0
0
0
0
0
0
0
0
0
0
0
0
0
0
0
0
0
0
0
0
0
0
0
0
0
0
0
0
0
0
0
0
0
0
0
0
0
0
0
0
0
0
0
0
0
0
0
0
0
0
0
0
0
0
0
0
-628.1226
0
0
0
0
0
0
0
0
0
0
0
0
0
0
0
-628.2624
-629.4675
0
0
0
0
0
0
0
0
0
0
0
0
0
0
0
0
0
0
0
0
0
0
0
0
0
-628.4139
-629.6307
-633.508
0
0
0
0
0
0
0
0
0
0
0
0
0
0
0
0
0
0
0
0
0
0
0
0
0
-628.5188
-629.7448
-633.6647
-641.6225
0
0
0
0
0
0
0
0
0
0
0
0
0
0
0
0
0
0
0
0
0
0
0
0
0
-628.5828
-629.8161
-633.7656
-641.7847
-656.4183
0
0
0
0
0
0
0
0
0
0
0
0
0
0
0
0
0
0
0
0
0
0
0
0
0
-628.6204
-629.8575
-633.8251
-641.8813
-656.5792
0
0
0
0
0
0
0
0
0
0
0
0
0
0
0
0
0
0
0
0
0
0
0
0
0
-628.669
-629.911
-633.9016
-642.0061
-656.7833
0
0
0
0
0
0
0
0
0
0
0
0
0
0
0
0
0
0
0
0
0
0
0
0
0
0
0
0
0
0
0
0
0
0
0
0
0
0
0
0
0
0
0
0
0
0
0
0
0
0
0
0
0
0
0
0
0
0
0
0
0
0
0
0
0
0
0
0
0
0
0
0
0
0
0
0
0
0
0
0
0
0
0
0
0
0
0
0
0
0
0
0
0
0
0
0
0
0
0
0
0
0
0
0
0
0
0
0
0
0
0
0
0
0
0
0
0
0
0
0
0
0
0
0
0
0
0
0
0
0
0
0
0
0
0
0
0
0
0
0
0
0
0
0
0
0
0
0
0
0
0
0
0
0
0
0
0
0
0
0
0
0
0
0
0
0
0
0
0
0
0
0
0
0
0
0
0
0
0
-628.0289
0
0
0
0
0
0
0
0
0
0
0
0
0
0
0
-628.1312
-629.3263
0
0
0
0
0
0
0
0
0
0
0
0
0
0
0
-628.2686
-629.4747
-633.2948
0
0
0
0
0
0
0
0
0
0
0
0
0
0
0
0
0
0
0
0
0
0
0
0
0
-628.4181
-629.6353
-633.5123
-641.3763
0
0
0
0
0
0
0
0
0
0
0
0
0
0
0
0
0
0
0
0
0
0
0
0
0
-628.5223
-629.7491
-633.6693
-641.627
-656.1362
0
0
0
0
0
0
0
0
0
0
0
0
0
0
0
0
0
0
0
0
0
0
0
0
0
-628.5859
-629.8193
-633.7701
-641.7894
-656.4171
0
0
0
0
0
0
0
0
0
0
0
0
0
0
0
0
0
0
0
0
0
0
0
0
0
-628.6239
-629.8604
-633.8281
-641.8859
-656.5809
0
0
0
0
0
0
0
0
0
0
0
0
0
0
0
0
0
0
0
0
0
0
0
0
0
-628.6728
-629.9142
-633.9042
-642.0085
-656.788
0
0
0
0
0
0
0
0
0
0
0
0
0
0
0
0
0
0
0
0
0
0
0
0
0
0
0
0
0
0
0
0
0
0
0
0
0
0
0
0
0
0
0
0
0
0
0
0
0
0
0
0
0
0
0
0
0
0
0
0
0
0
0
0
0
0
0
0
0
0
0
0
0
0
0
0
0
0
0
0
0
0
0
0
0
0
0
0
0
0
0
0
0
0
0
0
0
0
0
0
0
0
0
0
0
0
0
0
0
0
0
0
0
0
0
0
0
0
0
0
0
0
0
0
0
0
0
0
0
0
0
0
0
0
0
0
0
0
0
0
0
0
0
0
0
0
0
0
0
0
0
0
0
0
0
0
0
0
0
0
0
0
0
0
0
0
0
0
0
0
0
0
0
0
0
-627.9682
0
0
0
0
0
0
0
0
0
0
0
0
0
0
0
-628.0336
-629.2216
0
0
0
0
0
0
0
0
0
0
0
0
0
0
0
-628.1372
-629.3324
-633.0962
0
0
0
0
0
0
0
0
0
0
0
0
0
0
0
-628.2739
-629.48
-633.298
-641.0323
0
0
0
0
0
0
0
0
0
0
0
0
0
0
0
0
0
0
0
0
0
0
0
0
0
-628.4218
-629.6395
-633.5147
-641.376
-655.7046
0
0
0
0
0
0
0
0
0
0
0
0
0
0
0
0
0
0
0
0
0
0
0
0
0
-628.5257
-629.7525
-633.6737
-641.6284
-656.14
0
0
0
0
0
0
0
0
0
0
0
0
0
0
0
0
0
0
0
0
0
0
0
0
0
-628.5895
-629.8224
-633.7732
-641.7939
-656.4187
0
0
0
0
0
0
0
0
0
0
0
0
0
0
0
0
0
0
0
0
0
0
0
0
0
-628.6278
-629.8637
-633.8308
-641.8884
-656.5856
0
0
0
0
0
0
0
0
0
0
0
0
0
0
0
0
0
0
0
0
0
0
0
0
0
-628.677
-629.918
-633.9072
-642.0105
-656.789
0
0
0
0
0
0
0
0
0
0
0
0
0
0
0
0
0
0
0
0
0
0
0
0
0
0
0
0
0
0
0
0
0
0
0
0
0
0
0
0
0
0
0
0
0
0
0
0
0
0
0
0
0
0
0
0
0
0
0
0
0
0
0
0
0
0
0
0
0
0
0
0
0
0
0
0
0
0
0
0
0
0
0
0
0
0
0
0
0
0
0
0
0
0
0
0
0
0
0
0
0
0
0
0
0
0
0
0
0
0
0
0
0
0
0
0
0
0
0
0
0
0
0
0
0
0
0
0
0
0
0
0
0
0
0
0
0
0
0
0
0
0
0
0
0
0
0
0
0
0
0
0
0
0
0
0
0
0
0
0
0
0
0
0
0
0
0
0
0
0
-627.9392
0
0
0
0
0
0
0
0
0
0
0
0
0
0
0
-627.9712
-629.153
0
0
0
0
0
0
0
0
0
0
0
0
0
0
0
-628.0381
-629.2244
-632.9432
0
0
0
0
0
0
0
0
0
0
0
0
0
0
0
-628.1423
-629.3375
-633.0976
-640.7057
0
0
0
0
0
0
0
0
0
0
0
0
0
0
0
-628.2788
-629.4853
-633.301
-641.0299
-655.1094
0
0
0
0
0
0
0
0
0
0
0
0
0
0
0
0
0
0
0
0
0
0
0
0
0
-628.4257
-629.6432
-633.5189
-641.3735
-655.7014
0
0
0
0
0
0
0
0
0
0
0
0
0
0
0
0
0
0
0
0
0
0
0
0
0
-628.5297
-629.7559
-633.6771
-641.6329
-656.135
0
0
0
0
0
0
0
0
0
0
0
0
0
0
0
0
0
0
0
0
0
0
0
0
0
-628.5936
-629.8259
-633.7761
-641.7966
-656.4233
0
0
0
0
0
0
0
0
0
0
0
0
0
0
0
0
0
0
0
0
0
0
0
0
0
-628.6326
-629.8675
-633.8339
-641.8905
-656.5867
0
0
0
0
0
0
0
0
0
0
0
0
0
0
0
0
0
0
0
0
0
0
0
0
0
-628.6822
-629.9221
-633.9109
-642.013
-656.7891
0
0
0
0
0
0
0
0
0
0
0
0
0
0
0
0
0
0
0
0
0
0
0
0
0
0
0
0
0
0
0
0
0
0
0
0
0
0
0
0
0
0
0
0
0
0
0
0
0
0
0
0
0
0
0
0
0
0
0
0
0
0
0
0
0
0
0
0
0
0
0
0
0
0
0
0
0
0
0
0
0
0
0
0
0
0
0
0
0
0
0
0
0
0
0
0
0
0
0
0
0
0
0
0
0
0
0
0
0
0
0
0
0
0
0
0
0
0
0
0
0
0
0
0
0
0
0
0
0
0
0
0
0
0
0
0
0
0
0
0
0
0
0
0
0
0
0
0
0
0
0
0
0
0
0
0
0
0
0
0
0
0
0
0
-627.9392
0
0
0
0
0
0
0
0
0
0
0
0
0
0
0
-627.9407
-629.1197
0
0
0
0
0
0
0
0
0
0
0
0
0
0
0
-627.9738
-629.1547
-632.841
0
0
0
0
0
0
0
0
0
0
0
0
0
0
0
-628.043
-629.2281
-632.9416
-640.4477
0
0
0
0
0
0
0
0
0
0
0
0
0
0
0
-628.1484
-629.3425
-633.1005
-640.7005
-654.5387
0
0
0
0
0
0
0
0
0
0
0
0
0
0
0
-628.2847
-629.4902
-633.3064
-641.0285
-655.1028
0
0
0
0
0
0
0
0
0
0
0
0
0
0
0
0
0
0
0
0
0
0
0
0
0
-628.4316
-629.647
-633.5226
-641.3779
-655.6894
0
0
0
0
0
0
0
0
0
0
0
0
0
0
0
0
0
0
0
0
0
0
0
0
0
-628.5344
-629.7598
-633.6803
-641.6359
-656.1397
0
0
0
0
0
0
0
0
0
0
0
0
0
0
0
0
0
0
0
0
0
0
0
0
0
-628.5988
-629.8299
-633.7794
-641.7989
-656.4247
0
0
0
0
0
0
0
0
0
0
0
0
0
0
0
0
0
0
0
0
0
0
0
0
0
-628.6372
-629.8725
-633.8377
-641.8931
-656.587
0
0
0
0
0
0
0
0
0
0
0
0
0
0
0
0
0
0
0
0
0
0
0
0
0
-628.6865
-629.9278
-633.915
-642.0163
-656.7899
0
0
0
0
0
0
0
0
0
0
0
0
0
0
0
0
0
0
0
0
0
0
0
0
0
0
0
0
0
0
0
0
0
0
0
0
0
0
0
0
0
0
0
0
0
0
0
0
0
0
0
0
0
0
0
0
0
0
0
0
0
0
0
0
0
0
0
0
0
0
0
0
0
0
0
0
0
0
0
0
0
0
0
0
0
0
0
0
0
0
0
0
0
0
0
0
0
0
0
0
0
0
0
0
0
0
0
0
0
0
0
0
0
0
0
0
0
0
0
0
0
0
0
0
0
0
0
0
0
0
0
0
0
0
0
0
0
0
0
0
0
0
0
0
0
0
0
0
0
0
0
0
0
0
0
0
0
-627.9682
0
0
0
0
0
0
0
0
0
0
0
0
0
0
0
-627.9407
-629.1197
0
0
0
0
0
0
0
0
0
0
0
0
0
0
0
-627.9428
-629.1201
-632.7907
0
0
0
0
0
0
0
0
0
0
0
0
0
0
0
-627.9786
-629.1564
-632.84
-640.2736
0
0
0
0
0
0
0
0
0
0
0
0
0
0
0
-628.0494
-629.2331
-632.9435
-640.4395
-654.0827
0
0
0
0
0
0
0
0
0
0
0
0
0
0
0
-628.1535
-629.349
-633.1057
-640.6994
-654.5276
0
0
0
0
0
0
0
0
0
0
0
0
0
0
0
-628.2901
-629.4964
-633.3114
-641.0341
-655.0928
0
0
0
0
0
0
0
0
0
0
0
0
0
0
0
0
0
0
0
0
0
0
0
0
0
-628.4364
-629.6535
-633.5264
-641.3814
-655.6937
0
0
0
0
0
0
0
0
0
0
0
0
0
0
0
0
0
0
0
0
0
0
0
0
0
-628.5404
-629.7647
-633.6841
-641.6387
-656.1415
0
0
0
0
0
0
0
0
0
0
0
0
0
0
0
0
0
0
0
0
0
0
0
0
0
-628.6032
-629.8355
-633.7834
-641.8018
-656.4252
0
0
0
0
0
0
0
0
0
0
0
0
0
0
0
0
0
0
0
0
0
0
0
0
0
-628.6416
-629.8774
-633.8436
-641.8965
-656.5878
0
0
0
0
0
0
0
0
0
0
0
0
0
0
0
0
0
0
0
0
0
0
0
0
0
-628.6907
-629.9321
-633.9224
-642.0203
-656.7918
0
0
0
0
0
0
0
0
0
0
0
0
0
0
0
0
0
0
0
0
0
0
0
0
0
0
0
0
0
0
0
0
0
0
0
0
0
0
0
0
0
0
0
0
0
0
0
0
0
0
0
0
0
0
0
0
0
0
0
0
0
0
0
0
0
0
0
0
0
0
0
0
0
0
0
0
0
0
0
0
0
0
0
0
0
0
0
0
0
0
0
0
0
0
0
0
0
0
0
0
0
0
0
0
0
0
0
0
0
0
0
0
0
0
0
0
0
0
0
0
0
0
0
0
0
0
0
0
0
0
0
0
0
0
0
0
0
0
0
0
0
0
0
0
0
0
0
0
0
-628.0289
0
0
0
0
0
0
0
0
0
0
0
0
0
0
0
-627.9712
-629.153
0
0
0
0
0
0
0
0
0
0
0
0
0
0
0
-627.9428
-629.1201
-632.7907
0
0
0
0
0
0
0
0
0
0
0
0
0
0
0
-627.9474
-629.1214
-632.7884
-640.1868
0
0
0
0
0
0
0
0
0
0
0
0
0
0
0
-627.9851
-629.1612
-632.8387
-640.2687
-653.7735
0
0
0
0
0
0
0
0
0
0
0
0
0
0
0
-628.0551
-629.2398
-632.9486
-640.4378
-654.0681
0
0
0
0
0
0
0
0
0
0
0
0
0
0
0
-628.1592
-629.354
-633.1137
-640.7047
-654.5195
0
0
0
0
0
0
0
0
0
0
0
0
0
0
0
-628.2954
-629.5019
-633.319
-641.0392
-655.0986
0
0
0
0
0
0
0
0
0
0
0
0
0
0
0
0
0
0
0
0
0
0
0
0
0
-628.4411
-629.6583
-633.535
-641.3849
-655.6961
0
0
0
0
0
0
0
0
0
0
0
0
0
0
0
0
0
0
0
0
0
0
0
0
0
-628.5448
-629.7711
-633.6898
-641.6422
-656.1425
0
0
0
0
0
0
0
0
0
0
0
0
0
0
0
0
0
0
0
0
0
0
0
0
0
-628.6076
-629.8398
-633.7904
-641.8055
-656.4264
0
0
0
0
0
0
0
0
0
0
0
0
0
0
0
0
0
0
0
0
0
0
0
0
0
-628.6458
-629.8818
-633.8492
-641.9044
-656.5899
0
0
0
0
0
0
0
0
0
0
0
0
0
0
0
0
0
0
0
0
0
0
0
0
0
-628.6948
-629.9363
-633.9271
-642.032
-656.795
0
0
0
0
0
0
0
0
0
0
0
0
0
0
0
0
0
0
0
0
0
0
0
0
0
0
0
0
0
0
0
0
0
0
0
0
0
0
0
0
0
0
0
0
0
0
0
0
0
0
0
0
0
0
0
0
0
0
0
0
0
0
0
0
0
0
0
0
0
0
0
0
0
0
0
0
0
0
0
0
0
0
0
0
0
0
0
0
0
0
0
0
0
0
0
0
0
0
0
0
0
0
0
0
0
0
0
0
0
0
0
0
0
0
0
0
0
0
0
0
0
0
0
0
0
0
0
0
0
0
0
0
0
0
0
0
0
0
0
0
-628.1226
0
0
0
0
0
0
0
0
0
0
0
0
0
0
0
-628.0336
-629.2216
0
0
0
0
0
0
0
0
0
0
0
0
0
0
0
-627.9738
-629.1547
-632.841
0
0
0
0
0
0
0
0
0
0
0
0
0
0
0
-627.9474
-629.1214
-632.7884
-640.1868
0
0
0
0
0
0
0
0
0
0
0
0
0
0
0
-627.9538
-629.126
-632.7871
-640.1809
-653.6186
0
0
0
0
0
0
0
0
0
0
0
0
0
0
0
-627.991
-629.168
-632.8437
-640.2614
-653.7673
0
0
0
0
0
0
0
0
0
0
0
0
0
0
0
-628.0606
-629.2455
-632.9568
-640.4431
-654.0602
0
0
0
0
0
0
0
0
0
0
0
0
0
0
0
-628.1648
-629.3598
-633.1188
-640.7156
-654.5242
0
0
0
0
0
0
0
0
0
0
0
0
0
0
0
-628.3004
-629.5072
-633.3253
-641.0495
-655.1029
0
0
0
0
0
0
0
0
0
0
0
0
0
0
0
0
0
0
0
0
0
0
0
0
0
-628.4457
-629.6629
-633.5402
-641.3982
-655.6981
0
0
0
0
0
0
0
0
0
0
0
0
0
0
0
0
0
0
0
0
0
0
0
0
0
-628.5494
-629.7755
-633.6981
-641.6497
-656.1444
0
0
0
0
0
0
0
0
0
0
0
0
0
0
0
0
0
0
0
0
0
0
0
0
0
-628.6131
-629.8443
-633.7948
-641.8159
-656.4288
0
0
0
0
0
0
0
0
0
0
0
0
0
0
0
0
0
0
0
0
0
0
0
0
0
-628.65
-629.886
-633.8539
-641.9121
-656.6017
0
0
0
0
0
0
0
0
0
0
0
0
0
0
0
0
0
0
0
0
0
0
0
0
0
-628.6989
-629.9404
-633.9311
-642.0374
-656.8168
0
0
0
0
0
0
0
0
0
0
0
0
0
0
0
0
0
0
0
0
0
0
0
0
0
0
0
0
0
0
0
0
0
0
0
0
0
0
0
0
0
0
0
0
0
0
0
0
0
0
0
0
0
0
0
0
0
0
0
0
0
0
0
0
0
0
0
0
0
0
0
0
0
0
0
0
0
0
0
0
0
0
0
0
0
0
0
0
0
0
0
0
0
0
0
0
0
0
0
0
0
0
0
0
0
0
0
0
0
0
0
0
0
0
0
0
0
0
0
0
0
0
0
0
0
0
0
0
0
0
-628.2529
0
0
0
0
0
0
0
0
0
0
0
0
0
0
0
-628.1312
-629.3263
0
0
0
0
0
0
0
0
0
0
0
0
0
0
0
-628.0381
-629.2244
-632.9432
0
0
0
0
0
0
0
0
0
0
0
0
0
0
0
-627.9786
-629.1564
-632.84
-640.2736
0
0
0
0
0
0
0
0
0
0
0
0
0
0
0
-627.9538
-629.126
-632.7871
-640.1809
-653.6186
0
0
0
0
0
0
0
0
0
0
0
0
0
0
0
-627.9598
-629.1328
-632.7918
-640.1742
-653.6112
0
0
0
0
0
0
0
0
0
0
0
0
0
0
0
-627.9966
-629.174
-632.852
-640.2667
-653.749
0
0
0
0
0
0
0
0
0
0
0
0
0
0
0
-628.0664
-629.251
-632.9632
-640.4544
-654.0651
0
0
0
0
0
0
0
0
0
0
0
0
0
0
0
-628.17
-629.3654
-633.1253
-640.7206
-654.5397
0
0
0
0
0
0
0
0
0
0
0
0
0
0
0
-628.3053
-629.5121
-633.331
-641.0573
-655.1174
0
0
0
0
0
0
0
0
0
0
0
0
0
0
0
0
0
0
0
0
0
0
0
0
0
-628.4505
-629.6674
-633.5446
-641.4042
-655.7201
0
0
0
0
0
0
0
0
0
0
0
0
0
0
0
0
0
0
0
0
0
0
0
0
0
-628.5538
-629.7801
-633.7025
-641.662
-656.1551
0
0
0
0
0
0
0
0
0
0
0
0
0
0
0
0
0
0
0
0
0
0
0
0
0
-628.6173
-629.8502
-633.7997
-641.8205
-656.4465
0
0
0
0
0
0
0
0
0
0
0
0
0
0
0
0
0
0
0
0
0
0
0
0
0
-628.6541
-629.8901
-633.8579
-641.9175
-656.6144
0
0
0
0
0
0
0
0
0
0
0
0
0
0
0
0
0
0
0
0
0
0
0
0
0
-628.703
-629.9445
-633.9351
-642.0409
-656.8238
0
0
0
0
0
0
0
0
0
0
0
0
0
0
0
0
0
0
0
0
0
0
0
0
0
0
0
0
0
0
0
0
0
0
0
0
0
0
0
0
0
0
0
0
0
0
0
0
0
0
0
0
0
0
0
0
0
0
0
0
0
0
0
0
0
0
0
0
0
0
0
0
0
0
0
0
0
0
0
0
0
0
0
0
0
0
0
0
0
0
0
0
0
0
0
0
0
0
0
0
0
0
0
0
0
0
0
0
0
0
0
0
0
0
0
0
0
0
0
-628.3982
0
0
0
0
0
0
0
0
0
0
0
0
0
0
0
-628.2624
-629.4675
0
0
0
0
0
0
0
0
0
0
0
0
0
0
0
-628.1372
-629.3324
-633.0962
0
0
0
0
0
0
0
0
0
0
0
0
0
0
0
-628.043
-629.2281
-632.9416
-640.4477
0
0
0
0
0
0
0
0
0
0
0
0
0
0
0
-627.9851
-629.1612
-632.8387
-640.2687
-653.7735
0
0
0
0
0
0
0
0
0
0
0
0
0
0
0
-627.9598
-629.1328
-632.7918
-640.1742
-653.6112
0
0
0
0
0
0
0
0
0
0
0
0
0
0
0
-627.9654
-629.1389
-632.8
-640.1787
-653.5954
0
0
0
0
0
0
0
0
0
0
0
0
0
0
0
-628.0025
-629.1795
-632.8588
-640.2779
-653.754
0
0
0
0
0
0
0
0
0
0
0
0
0
0
0
-628.0719
-629.2569
-632.9688
-640.4621
-654.0811
0
0
0
0
0
0
0
0
0
0
0
0
0
0
0
-628.1752
-629.3706
-633.1314
-640.7286
-654.5433
0
0
0
0
0
0
0
0
0
0
0
0
0
0
0
-628.3104
-629.5169
-633.3357
-641.0639
-655.1275
0
0
0
0
0
0
0
0
0
0
0
0
0
0
0
0
0
0
0
0
0
0
0
0
0
-628.455
-629.6723
-633.549
-641.4081
-655.7273
0
0
0
0
0
0
0
0
0
0
0
0
0
0
0
0
0
0
0
0
0
0
0
0
0
-628.558
-629.7845
-633.7075
-641.6665
-656.1752
0
0
0
0
0
0
0
0
0
0
0
0
0
0
0
0
0
0
0
0
0
0
0
0
0
-628.6214
-629.8543
-633.8068
-641.8264
-656.4513
0
0
0
0
0
0
0
0
0
0
0
0
0
0
0
0
0
0
0
0
0
0
0
0
0
-628.6582
-629.8942
-633.862
-641.9211
-656.6213
0
0
0
0
0
0
0
0
0
0
0
0
0
0
0
0
0
0
0
0
0
0
0
0
-628.707
-629.9486
-633.9391
-642.0445
-656.8256
0
0
0
0
0
0
0
0
0
0
0
0
0
0
0
0
0
0
0
0
0
0
0
0
0
0
0
0
0
0
0
0
0
0
0
0
0
0
0
0
0
0
0
0
0
0
0
0
0
0
0
0
0
0
0
0
0
0
0
0
0
0
0
0
0
0
0
0
0
0
0
0
0
0
0
0
0
0
0
0
0
0
0
0
0
0
0
0
0
0
0
0
0
0
0
0
0
-628.4953
0
0
0
0
0
0
0
0
0
0
0
0
0
0
0
0
0
0
0
0
0
0
0
0
0
-628.4083
-629.6227
0
0
0
0
0
0
0
0
0
0
0
0
0
0
0
-628.2686
-629.4747
-633.2948
0
0
0
0
0
0
0
0
0
0
0
0
0
0
0
-628.1423
-629.3375
-633.0976
-640.7057
0
0
0
0
0
0
0
0
0
0
0
0
0
0
0
-628.0494
-629.2331
-632.9435
-640.4395
-654.0827
0
0
0
0
0
0
0
0
0
0
0
0
0
0
0
-627.991
-629.168
-632.8437
-640.2614
-653.7673
0
0
0
0
0
0
0
0
0
0
0
0
0
0
0
-627.9654
-629.1389
-632.8
-640.1787
-653.5954
0
0
0
0
0
0
0
0
0
0
0
0
0
0
0
-627.9714
-629.1444
-632.807
-640.1898
-653.5981
0
0
0
0
0
0
0
0
0
0
0
0
0
0
0
-628.0081
-629.1856
-632.8644
-640.2863
-653.7697
0
0
0
0
0
0
0
0
0
0
0
0
0
0
0
-628.0772
-629.2623
-632.9753
-640.4677
-654.0902
0
0
0
0
0
0
0
0
0
0
0
0
0
0
0
-628.1806
-629.3757
-633.1365
-640.7358
-654.5534
0
0
0
0
0
0
0
0
0
0
0
0
0
0
0
-628.3152
-629.5222
-633.3405
-641.0681
-655.1355
0
0
0
0
0
0
0
0
0
0
0
0
0
0
0
0
0
0
0
0
0
0
0
0
0
-628.4595
-629.6768
-633.5545
-641.4121
-655.7294
0
0
0
0
0
0
0
0
0
0
0
0
0
0
0
0
0
0
0
0
0
0
0
0
0
-628.5623
-629.7888
-633.7117
-641.6724
-656.1796
0
0
0
0
0
0
0
0
0
0
0
0
0
0
0
0
0
0
0
0
0
0
0
0
0
-628.6256
-629.8584
-633.8109
-641.8361
-656.4595
0
0
0
0
0
0
0
0
0
0
0
0
0
0
0
0
0
0
0
0
0
0
0
0
-628.6623
-629.8983
-633.8661
-641.9248
-656.6234
0
0
0
0
0
0
0
0
0
0
0
0
0
0
0
0
0
0
0
0
0
0
0
-628.711
-629.9526
-633.9432
-642.0484
-656.8282
0
0
0
0
0
0
0
0
0
0
0
0
0
0
0
0
0
0
0
0
0
0
0
0
0
0
0
0
0
0
0
0
0
0
0
0
0
0
0
0
0
0
0
0
0
0
0
0
0
0
0
0
0
0
0
0
0
0
0
0
0
0
0
0
0
0
0
0
0
0
0
0
0
0
-628.5542
0
0
0
0
0
0
0
0
0
0
0
0
0
0
0
0
0
0
0
0
0
0
0
0
0
-628.5074
-629.7283
0
0
0
0
0
0
0
0
0
0
0
0
0
0
0
0
0
0
0
0
0
0
0
0
0
-628.4139
-629.6307
-633.508
0
0
0
0
0
0
0
0
0
0
0
0
0
0
0
-628.2739
-629.48
-633.298
-641.0323
0
0
0
0
0
0
0
0
0
0
0
0
0
0
0
-628.1484
-629.3425
-633.1005
-640.7005
-654.5387
0
0
0
0
0
0
0
0
0
0
0
0
0
0
0
-628.0551
-629.2398
-632.9486
-640.4378
-654.0681
0
0
0
0
0
0
0
0
0
0
0
0
0
0
0
-627.9966
-629.174
-632.852
-640.2667
-653.749
0
0
0
0
0
0
0
0
0
0
0
0
0
0
0
-627.9714
-629.1444
-632.807
-640.1898
-653.5981
0
0
0
0
0
0
0
0
0
0
0
0
0
0
0
-627.977
-629.1505
-632.8126
-640.1985
-653.6137
0
0
0
0
0
0
0
0
0
0
0
0
0
0
0
-628.0135
-629.1911
-632.871
-640.2917
-653.7801
0
0
0
0
0
0
0
0
0
0
0
0
0
0
0
-628.0827
-629.2676
-632.9807
-640.4753
-654.0947
0
0
0
0
0
0
0
0
0
0
0
0
0
0
0
-628.1855
-629.3812
-633.1417
-640.7405
-654.5622
0
0
0
0
0
0
0
0
0
0
0
0
0
0
0
-628.3198
-629.5269
-633.3464
-641.0725
-655.1375
0
0
0
0
0
0
0
0
0
0
0
0
0
0
0
0
0
0
0
0
0
0
0
0
0
-628.4638
-629.6812
-633.559
-641.4191
-655.7317
0
0
0
0
0
0
0
0
0
0
0
0
0
0
0
0
0
0
0
0
0
0
0
0
0
-628.5665
-629.793
-633.7159
-641.6761
-656.1877
0
0
0
0
0
0
0
0
0
0
0
0
0
0
0
0
0
0
0
0
0
0
0
0
-628.6297
-629.8626
-633.815
-641.8398
-656.4737
0
0
0
0
0
0
0
0
0
0
0
0
0
0
0
0
0
0
0
0
0
0
0
-628.6662
-629.9024
-633.8702
-641.9287
-656.626
0
0
0
0
0
0
0
0
0
0
0
0
0
0
0
0
0
0
0
0
0
0
-628.7149
-629.9565
-633.9472
-642.0523
-656.8311
0
0
0
0
0
0
0
0
0
0
0
0
0
0
0
0
0
0
0
0
0
0
0
0
0
0
0
0
0
0
0
0
0
0
0
0
0
0
0
0
0
0
0
0
0
0
0
0
0
0
-628.5879
0
0
0
0
0
0
0
0
0
0
0
0
0
0
0
0
0
0
0
0
0
0
0
0
0
-628.5669
-629.7934
0
0
0
0
0
0
0
0
0
0
0
0
0
0
0
0
0
0
0
0
0
0
0
0
0
-628.5144
-629.7385
-633.6571
0
0
0
0
0
0
0
0
0
0
0
0
0
0
0
0
0
0
0
0
0
0
0
0
0
-628.4181
-629.6353
-633.5123
-641.3763
0
0
0
0
0
0
0
0
0
0
0
0
0
0
0
-628.2788
-629.4853
-633.301
-641.0299
-655.1094
0
0
0
0
0
0
0
0
0
0
0
0
0
0
0
-628.1535
-629.349
-633.1057
-640.6994
-654.5276
0
0
0
0
0
0
0
0
0
0
0
0
0
0
0
-628.0606
-629.2455
-632.9568
-640.4431
-654.0602
0
0
0
0
0
0
0
0
0
0
0
0
0
0
0
-628.0025
-629.1795
-632.8588
-640.2779
-653.754
0
0
0
0
0
0
0
0
0
0
0
0
0
0
0
-627.977
-629.1505
-632.8126
-640.1985
-653.6137
0
0
0
0
0
0
0
0
0
0
0
0
0
0
0
-627.9825
-629.1561
-632.8193
-640.2038
-653.6248
0
0
0
0
0
0
0
0
0
0
0
0
0
0
0
-628.0191
-629.1965
-632.8766
-640.2996
-653.7838
0
0
0
0
0
0
0
0
0
0
0
0
0
0
0
-628.0879
-629.2732
-632.9861
-640.4804
-654.104
0
0
0
0
0
0
0
0
0
0
0
0
0
0
0
-628.1903
-629.3862
-633.1479
-640.7454
-654.565
0
0
0
0
0
0
0
0
0
0
0
0
0
0
0
-628.3243
-629.5315
-633.3511
-641.0801
-655.1405
0
0
0
0
0
0
0
0
0
0
0
0
0
0
0
0
0
0
0
0
0
0
0
0
0
-628.4682
-629.6856
-633.5634
-641.4232
-655.7426
0
0
0
0
0
0
0
0
0
0
0
0
0
0
0
0
0
0
0
0
0
0
0
0
-628.5707
-629.7972
-633.7201
-641.68
-656.19
0
0
0
0
0
0
0
0
0
0
0
0
0
0
0
0
0
0
0
0
0
0
0
-628.6336
-629.8667
-633.8191
-641.8436
-656.4762
0
0
0
0
0
0
0
0
0
0
0
0
0
0
0
0
0
0
0
0
0
0
-628.6713
-629.9063
-633.8742
-641.9326
-656.6291
0
0
0
0
0
0
0
0
0
0
0
0
0
0
0
0
0
0
0
0
0
-628.7186
-629.9605
-633.9512
-642.0562
-656.8344
0
0
0
0
0
0
0
0
0
0
0
0
0
0
0
0
0
0
0
0
0
0
0
0
0
-628.6328
0
0
0
0
0
0
0
0
0
0
0
0
0
0
0
0
0
0
0
0
0
0
0
0
0
-628.6012
-629.8306
0
0
0
0
0
0
0
0
0
0
0
0
0
0
0
0
0
0
0
0
0
0
0
0
0
-628.5749
-629.8042
-633.7516
0
0
0
0
0
0
0
0
0
0
0
0
0
0
0
0
0
0
0
0
0
0
0
0
0
-628.5188
-629.7448
-633.6647
-641.6225
0
0
0
0
0
0
0
0
0
0
0
0
0
0
0
0
0
0
0
0
0
0
0
0
0
-628.4218
-629.6395
-633.5147
-641.376
-655.7046
0
0
0
0
0
0
0
0
0
0
0
0
0
0
0
-628.2847
-629.4902
-633.3064
-641.0285
-655.1028
0
0
0
0
0
0
0
0
0
0
0
0
0
0
0
-628.1592
-629.354
-633.1137
-640.7047
-654.5195
0
0
0
0
0
0
0
0
0
0
0
0
0
0
0
-628.0664
-629.251
-632.9632
-640.4544
-654.0651
0
0
0
0
0
0
0
0
0
0
0
0
0
0
0
-628.0081
-629.1856
-632.8644
-640.2863
-653.7697
0
0
0
0
0
0
0
0
0
0
0
0
0
0
0
-627.9825
-629.1561
-632.8193
-640.2038
-653.6248
0
0
0
0
0
0
0
0
0
0
0
0
0
0
0
-627.9882
-629.1616
-632.8249
-640.2118
-653.6281
0
0
0
0
0
0
0
0
0
0
0
0
0
0
0
-628.0244
-629.2022
-632.8821
-640.3049
-653.7935
0
0
0
0
0
0
0
0
0
0
0
0
0
0
0
-628.0927
-629.2784
-632.9922
-640.4857
-654.1075
0
0
0
0
0
0
0
0
0
0
0
0
0
0
0
-628.195
-629.391
-633.1529
-640.7534
-654.5687
0
0
0
0
0
0
0
0
0
0
0
0
0
0
0
-628.3289
-629.5361
-633.3558
-641.0846
-655.1521
0
0
0
0
0
0
0
0
0
0
0
0
0
0
0
0
0
0
0
0
0
0
0
0
-628.4724
-629.69
-633.5677
-641.4273
-655.7453
0
0
0
0
0
0
0
0
0
0
0
0
0
0
0
0
0
0
0
0
0
0
0
-628.5747
-629.8013
-633.7243
-641.684
-656.1927
0
0
0
0
0
0
0
0
0
0
0
0
0
0
0
0
0
0
0
0
0
0
-628.6375
-629.8706
-633.8231
-641.8476
-656.4791
0
0
0
0
0
0
0
0
0
0
0
0
0
0
0
0
0
0
0
0
0
-628.675
-629.9118
-633.8782
-641.9366
-656.6324
0
0
0
0
0
0
0
0
0
0
0
0
0
0
0
0
0
0
0
0
-628.7224
-629.9643
-633.9552
-642.0601
-656.8378
0
0
0
0
0
0
0
0
0
0
0
0
0
0
0
0
0
0
0
0
0
0
0
0
0
-628.6462
-629.8809
0
0
0
0
0
0
0
0
0
0
0
0
0
0
0
0
0
0
0
0
0
0
0
0
0
-628.6096
-629.842
-633.8055
0
0
0
0
0
0
0
0
0
0
0
0
0
0
0
0
0
0
0
0
0
0
0
0
0
-628.5795
-629.8116
-633.7592
-641.7814
0
0
0
0
0
0
0
0
0
0
0
0
0
0
0
0
0
0
0
0
0
0
0
0
0
-628.5223
-629.7491
-633.6693
-641.627
-656.1362
0
0
0
0
0
0
0
0
0
0
0
0
0
0
0
0
0
0
0
0
0
0
0
0
0
-628.4257
-629.6432
-633.5189
-641.3735
-655.7014
0
0
0
0
0
0
0
0
0
0
0
0
0
0
0
-628.2901
-629.4964
-633.3114
-641.0341
-655.0928
0
0
0
0
0
0
0
0
0
0
0
0
0
0
0
-628.1648
-629.3598
-633.1188
-640.7156
-654.5242
0
0
0
0
0
0
0
0
0
0
0
0
0
0
0
-628.0719
-629.2569
-632.9688
-640.4621
-654.0811
0
0
0
0
0
0
0
0
0
0
0
0
0
0
0
-628.0135
-629.1911
-632.871
-640.2917
-653.7801
0
0
0
0
0
0
0
0
0
0
0
0
0
0
0
-627.9882
-629.1616
-632.8249
-640.2118
-653.6281
0
0
0
0
0
0
0
0
0
0
0
0
0
0
0
-627.9935
-629.1673
-632.8305
-640.2173
-653.6379
0
0
0
0
0
0
0
0
0
0
0
0
0
0
0
-628.0294
-629.2075
-632.8884
-640.3105
-653.7973
0
0
0
0
0
0
0
0
0
0
0
0
0
0
0
-628.0976
-629.2833
-632.9977
-640.4932
-654.1118
0
0
0
0
0
0
0
0
0
0
0
0
0
0
0
-628.1998
-629.3957
-633.1578
-640.7584
-654.5809
0
0
0
0
0
0
0
0
0
0
0
0
0
0
-628.3333
-629.5407
-633.3604
-641.0892
-655.1555
0
0
0
0
0
0
0
0
0
0
0
0
0
0
0
0
0
0
0
0
0
0
0
-628.4765
-629.6942
-633.5722
-641.4316
-655.7484
0
0
0
0
0
0
0
0
0
0
0
0
0
0
0
0
0
0
0
0
0
0
-628.5786
-629.8054
-633.7285
-641.6881
-656.1959
0
0
0
0
0
0
0
0
0
0
0
0
0
0
0
0
0
0
0
0
0
-628.6412
-629.8745
-633.8271
-641.8515
-656.4824
0
0
0
0
0
0
0
0
0
0
0
0
0
0
0
0
0
0
0
0
-628.6788
-629.9156
-633.885
-641.9405
-656.6359
0
0
0
0
0
0
0
0
0
0
0
0
0
0
0
0
0
0
0
-628.7263
-629.9681
-633.9591
-642.0642
-656.8415
0
0
0
0
0
0
0
0
0
0
0
0
0
0
0
0
0
0
0
0
0
0
0
0
0
-628.6548
-629.8923
-633.8786
0
0
0
0
0
0
0
0
0
0
0
0
0
0
0
0
0
0
0
0
0
0
0
0
0
-628.6143
-629.8497
-633.8138
-641.8724
0
0
0
0
0
0
0
0
0
0
0
0
0
0
0
0
0
0
0
0
0
0
0
0
0
-628.5828
-629.8161
-633.7656
-641.7847
-656.4183
0
0
0
0
0
0
0
0
0
0
0
0
0
0
0
0
0
0
0
0
0
0
0
0
0
-628.5257
-629.7525
-633.6737
-641.6284
-656.14
0
0
0
0
0
0
0
0
0
0
0
0
0
0
0
0
0
0
0
0
0
0
0
0
0
-628.4316
-629.647
-633.5226
-641.3779
-655.6894
0
0
0
0
0
0
0
0
0
0
0
0
0
0
0
-628.2954
-629.5019
-633.319
-641.0392
-655.0986
0
0
0
0
0
0
0
0
0
0
0
0
0
0
0
-628.17
-629.3654
-633.1253
-640.7206
-654.5397
0
0
0
0
0
0
0
0
0
0
0
0
0
0
0
-628.0772
-629.2623
-632.9753
-640.4677
-654.0902
0
0
0
0
0
0
0
0
0
0
0
0
0
0
0
-628.0191
-629.1965
-632.8766
-640.2996
-653.7838
0
0
0
0
0
0
0
0
0
0
0
0
0
0
0
-627.9935
-629.1673
-632.8305
-640.2173
-653.6379
0
0
0
0
0
0
0
0
0
0
0
0
0
0
0
-627.9985
-629.1727
-632.8369
-640.223
-653.642
0
0
0
0
0
0
0
0
0
0
0
0
0
0
0
-628.0343
-629.2126
-632.894
-640.3182
-653.802
0
0
0
0
0
0
0
0
0
0
0
0
0
0
0
-628.1024
-629.2882
-633.0028
-640.4993
-654.1221
0
0
0
0
0
0
0
0
0
0
0
0
0
0
-628.2042
-629.4005
-633.1627
-640.7634
-654.585
0
0
0
0
0
0
0
0
0
0
0
0
0
-628.3374
-629.5451
-633.3651
-641.0938
-655.1593
0
0
0
0
0
0
0
0
0
0
0
0
0
0
0
0
0
0
0
0
0
0
-628.4804
-629.6983
-633.5765
-641.436
-655.752
0
0
0
0
0
0
0
0
0
0
0
0
0
0
0
0
0
0
0
0
0
-628.5822
-629.8093
-633.7325
-641.6922
-656.1993
0
0
0
0
0
0
0
0
0
0
0
0
0
0
0
0
0
0
0
0
-628.645
-629.8783
-633.8311
-641.8555
-656.4858
0
0
0
0
0
0
0
0
0
0
0
0
0
0
0
0
0
0
0
-628.6827
-629.9194
-633.8891
-641.9503
-656.6396
0
0
0
0
0
0
0
0
0
0
0
0
0
0
0
0
0
0
-628.7302
-629.972
-633.9631
-642.0686
-656.8456
0
0
0
0
0
0
0
0
0
0
0
0
0
0
0
0
0
0
0
0
0
0
0
0
0
-628.6596
-629.9004
-633.8866
-641.9923
0
0
0
0
0
0
0
0
0
0
0
0
0
0
0
0
0
0
0
0
0
0
0
0
0
-628.6175
-629.8544
-633.8205
-641.8763
-656.5802
0
0
0
0
0
0
0
0
0
0
0
0
0
0
0
0
0
0
0
0
0
0
0
0
0
-628.5859
-629.8193
-633.7701
-641.7894
-656.4171
0
0
0
0
0
0
0
0
0
0
0
0
0
0
0
0
0
0
0
0
0
0
0
0
0
-628.5297
-629.7559
-633.6771
-641.6329
-656.135
0
0
0
0
0
0
0
0
0
0
0
0
0
0
0
0
0
0
0
0
0
0
0
0
0
-628.4364
-629.6535
-633.5264
-641.3814
-655.6937
0
0
0
0
0
0
0
0
0
0
0
0
0
0
0
-628.3004
-629.5072
-633.3253
-641.0495
-655.1029
0
0
0
0
0
0
0
0
0
0
0
0
0
0
0
-628.1752
-629.3706
-633.1314
-640.7286
-654.5433
0
0
0
0
0
0
0
0
0
0
0
0
0
0
0
-628.0827
-629.2676
-632.9807
-640.4753
-654.0947
0
0
0
0
0
0
0
0
0
0
0
0
0
0
0
-628.0244
-629.2022
-632.8821
-640.3049
-653.7935
0
0
0
0
0
0
0
0
0
0
0
0
0
0
0
-627.9985
-629.1727
-632.8369
-640.223
-653.642
0
0
0
0
0
0
0
0
0
0
0
0
0
0
0
-628.0034
-629.1778
-632.8428
-640.2307
-653.6469
0
0
0
0
0
0
0
0
0
0
0
0
0
0
0
-628.0392
-629.2175
-632.8994
-640.3245
-653.8126
0
0
0
0
0
0
0
0
0
0
0
0
0
0
-628.107
-629.293
-633.0078
-640.5046
-654.1291
0
0
0
0
0
0
0
0
0
0
0
0
0
-628.2085
-629.405
-633.1676
-640.7684
-654.5894
0
0
0
0
0
0
0
0
0
0
0
0
-628.3414
-629.5492
-633.3696
-641.0986
-655.1635
0
0
0
0
0
0
0
0
0
0
0
0
0
0
0
0
0
0
0
0
0
-628.484
-629.7023
-633.5806
-641.4403
-655.7559
0
0
0
0
0
0
0
0
0
0
0
0
0
0
0
0
0
0
0
0
-628.586
-629.813
-633.7365
-641.6963
-656.203
0
0
0
0
0
0
0
0
0
0
0
0
0
0
0
0
0
0
0
-628.6489
-629.8821
-633.835
-641.8595
-656.4895
0
0
0
0
0
0
0
0
0
0
0
0
0
0
0
0
0
0
-628.6866
-629.9233
-633.8931
-641.955
-656.655
0
0
0
0
0
0
0
0
0
0
0
0
0
0
0
0
0
-628.7341
-629.9759
-633.9671
-642.0729
-656.851
0
0
0
0
0
0
0
0
0
0
0
0
0
0
0
0
0
0
0
0
0
0
0
0
0
-628.6627
-629.9051
-633.8941
-641.995
-656.7827
0
0
0
0
0
0
0
0
0
0
0
0
0
0
0
0
0
0
0
0
0
0
0
0
0
-628.6204
-629.8575
-633.8251
-641.8813
-656.5792
0
0
0
0
0
0
0
0
0
0
0
0
0
0
0
0
0
0
0
0
0
0
0
0
0
-628.5895
-629.8224
-633.7732
-641.7939
-656.4187
0
0
0
0
0
0
0
0
0
0
0
0
0
0
0
0
0
0
0
0
0
0
0
0
0
-628.5344
-629.7598
-633.6803
-641.6359
-656.1397
0
0
0
0
0
0
0
0
0
0
0
0
0
0
0
0
0
0
0
0
0
0
0
0
0
-628.4411
-629.6583
-633.535
-641.3849
-655.6961
0
0
0
0
0
0
0
0
0
0
0
0
0
0
0
-628.3053
-629.5121
-633.331
-641.0573
-655.1174
0
0
0
0
0
0
0
0
0
0
0
0
0
0
0
-628.1806
-629.3757
-633.1365
-640.7358
-654.5534
0
0
0
0
0
0
0
0
0
0
0
0
0
0
0
-628.0879
-629.2732
-632.9861
-640.4804
-654.104
0
0
0
0
0
0
0
0
0
0
0
0
0
0
0
-628.0294
-629.2075
-632.8884
-640.3105
-653.7973
0
0
0
0
0
0
0
0
0
0
0
0
0
0
0
-628.0034
-629.1778
-632.8428
-640.2307
-653.6469
0
0
0
0
0
0
0
0
0
0
0
0
0
0
0
-628.0085
-629.1827
-632.848
-640.2375
-653.6576
0
0
0
0
0
0
0
0
0
0
0
0
0
0
-628.0438
-629.2225
-632.9046
-640.3303
-653.82
0
0
0
0
0
0
0
0
0
0
0
0
0
-628.1113
-629.2976
-633.0129
-640.5099
-654.134
0
0
0
0
0
0
0
0
0
0
0
0
-628.2125
-629.4092
-633.1723
-640.7735
-654.5942
0
0
0
0
0
0
0
0
0
0
0
-628.3449
-629.5532
-633.3739
-641.1032
-655.1679
0
0
0
0
0
0
0
0
0
0
0
0
0
0
0
0
0
0
0
0
-628.4878
-629.7059
-633.5846
-641.4445
-655.7599
0
0
0
0
0
0
0
0
0
0
0
0
0
0
0
0
0
0
0
-628.5899
-629.8168
-633.7404
-641.7003
-656.2068
0
0
0
0
0
0
0
0
0
0
0
0
0
0
0
0
0
0
-628.6528
-629.886
-633.839
-641.8639
-656.4935
0
0
0
0
0
0
0
0
0
0
0
0
0
0
0
0
0
-628.6905
-629.9272
-633.897
-641.9593
-656.6611
0
0
0
0
0
0
0
0
0
0
0
0
0
0
0
0
-628.7392
-629.9799
-633.9711
-642.077
-656.8561
0
0
0
0
0
0
0
0
0
0
0
0
0
0
0
0
0
0
0
0
0
0
0
0
0
-628.6656
-629.9082
-633.8987
-642.0014
-656.7782
0
0
0
0
0
0
0
0
0
0
0
0
0
0
0
0
0
0
0
0
0
0
0
0
0
-628.6239
-629.8604
-633.8281
-641.8859
-656.5809
0
0
0
0
0
0
0
0
0
0
0
0
0
0
0
0
0
0
0
0
0
0
0
0
0
-628.5936
-629.8259
-633.7761
-641.7966
-656.4233
0
0
0
0
0
0
0
0
0
0
0
0
0
0
0
0
0
0
0
0
0
0
0
0
0
-628.5404
-629.7647
-633.6841
-641.6387
-656.1415
0
0
0
0
0
0
0
0
0
0
0
0
0
0
0
0
0
0
0
0
0
0
0
0
0
-628.4457
-629.6629
-633.5402
-641.3982
-655.6981
0
0
0
0
0
0
0
0
0
0
0
0
0
0
0
-628.3104
-629.5169
-633.3357
-641.0639
-655.1275
0
0
0
0
0
0
0
0
0
0
0
0
0
0
0
-628.1855
-629.3812
-633.1417
-640.7405
-654.5622
0
0
0
0
0
0
0
0
0
0
0
0
0
0
0
-628.0927
-629.2784
-632.9922
-640.4857
-654.1075
0
0
0
0
0
0
0
0
0
0
0
0
0
0
0
-628.0343
-629.2126
-632.894
-640.3182
-653.802
0
0
0
0
0
0
0
0
0
0
0
0
0
0
0
-628.0085
-629.1827
-632.848
-640.2376
-653.6576
0
0
0
0
0
0
0
0
0
0
0
0
0
0
-628.0131
-629.1879
-632.8532
-640.2431
-653.6659
0
0
0
0
0
0
0
0
0
0
0
0
0
-628.0482
-629.2271
-632.9097
-640.3358
-653.826
0
0
0
0
0
0
0
0
0
0
0
0
-628.1153
-629.302
-633.0177
-640.5153
-654.1393
0
0
0
0
0
0
0
0
0
0
0
-628.216
-629.4133
-633.1767
-640.7784
-654.5992
0
0
0
0
0
0
0
0
0
0
-628.3488
-629.5569
-633.378
-641.1077
-655.1725
0
0
0
0
0
0
0
0
0
0
0
0
0
0
0
0
0
0
0
-628.4918
-629.7098
-633.5885
-641.4487
-655.764
0
0
0
0
0
0
0
0
0
0
0
0
0
0
0
0
0
0
-628.5938
-629.8207
-633.7444
-641.7047
-656.2109
0
0
0
0
0
0
0
0
0
0
0
0
0
0
0
0
0
-628.6567
-629.8899
-633.843
-641.8682
-656.4989
0
0
0
0
0
0
0
0
0
0
0
0
0
0
0
0
-628.6943
-629.9312
-633.901
-641.9634
-656.6661
0
0
0
0
0
0
0
0
0
0
0
0
0
0
0
-628.7413
-629.9854
-633.9751
-642.0812
-656.8605
0
0
0
0
0
0
0
0
0
0
0
0
0
0
0
0
0
0
0
0
0
0
0
0
0
-628.669
-629.911
-633.9016
-642.0061
-656.7833
0
0
0
0
0
0
0
0
0
0
0
0
0
0
0
0
0
0
0
0
0
0
0
0
0
-628.6278
-629.8637
-633.8308
-641.8884
-656.5856
0
0
0
0
0
0
0
0
0
0
0
0
0
0
0
0
0
0
0
0
0
0
0
0
0
-628.5988
-629.8299
-633.7794
-641.7989
-656.4247
0
0
0
0
0
0
0
0
0
0
0
0
0
0
0
0
0
0
0
0
0
0
0
0
0
-628.5448
-629.7711
-633.6898
-641.6422
-656.1425
0
0
0
0
0
0
0
0
0
0
0
0
0
0
0
0
0
0
0
0
0
0
0
0
0
-628.4505
-629.6674
-633.5446
-641.4042
-655.7201
0
0
0
0
0
0
0
0
0
0
0
0
0
0
0
-628.3152
-629.5222
-633.3405
-641.0681
-655.1355
0
0
0
0
0
0
0
0
0
0
0
0
0
0
0
-628.1903
-629.3862
-633.1479
-640.7454
-654.565
0
0
0
0
0
0
0
0
0
0
0
0
0
0
0
-628.0976
-629.2833
-632.9977
-640.4932
-654.1118
0
0
0
0
0
0
0
0
0
0
0
0
0
0
0
-628.0392
-629.2175
-632.8994
-640.3245
-653.8126
0
0
0
0
0
0
0
0
0
0
0
0
0
0
-628.0131
-629.1879
-632.8532
-640.2431
-653.6659
0
0
0
0
0
0
0
0
0
0
0
0
0
-628.0173
-629.1925
-632.8587
-640.2486
-653.6713
0
0
0
0
0
0
0
0
0
0
0
0
-628.0523
-629.2316
-632.9146
-640.3414
-653.8316
0
0
0
0
0
0
0
0
0
0
0
-628.1188
-629.3061
-633.0224
-640.5205
-654.1448
0
0
0
0
0
0
0
0
0
0
-628.2198
-629.4169
-633.1809
-640.7831
-654.6043
0
0
0
0
0
0
0
0
0
0
-628.3528
-629.5607
-633.3818
-641.1119
-655.177
0
0
0
0
0
0
0
0
0
0
0
0
0
0
0
0
0
0
-628.4956
-629.7137
-633.5925
-641.4531
-655.7682
0
0
0
0
0
0
0
0
0
0
0
0
0
0
0
0
0
-628.5977
-629.8246
-633.7484
-641.709
-656.2163
0
0
0
0
0
0
0
0
0
0
0
0
0
0
0
0
-628.6605
-629.8939
-633.8469
-641.8723
-656.5039
0
0
0
0
0
0
0
0
0
0
0
0
0
0
0
-628.6965
-629.935
-633.905
-641.9675
-656.6704
0
0
0
0
0
0
0
0
0
0
0
0
0
0
-628.7451
-629.9872
-633.9822
-642.0853
-656.8648
0
0
0
0
0
0
0
0
0
0
0
0
0
0
0
0
0
0
0
0
0
0
0
0
0
-628.6728
-629.9142
-633.9042
-642.0085
-656.788
0
0
0
0
0
0
0
0
0
0
0
0
0
0
0
0
0
0
0
0
0
0
0
0
0
-628.6326
-629.8675
-633.8339
-641.8905
-656.5867
0
0
0
0
0
0
0
0
0
0
0
0
0
0
0
0
0
0
0
0
0
0
0
0
0
-628.6032
-629.8355
-633.7834
-641.8018
-656.4252
0
0
0
0
0
0
0
0
0
0
0
0
0
0
0
0
0
0
0
0
0
0
0
0
0
-628.5494
-629.7755
-633.6981
-641.6497
-656.1444
0
0
0
0
0
0
0
0
0
0
0
0
0
0
0
0
0
0
0
0
0
0
0
0
0
-628.455
-629.6723
-633.549
-641.4081
-655.7273
0
0
0
0
0
0
0
0
0
0
0
0
0
0
0
-628.3198
-629.5269
-633.3464
-641.0725
-655.1375
0
0
0
0
0
0
0
0
0
0
0
0
0
0
0
-628.195
-629.391
-633.1529
-640.7534
-654.5687
0
0
0
0
0
0
0
0
0
0
0
0
0
0
0
-628.1024
-629.2881
-633.0028
-640.4993
-654.1221
0
0
0
0
0
0
0
0
0
0
0
0
0
0
-628.0438
-629.2225
-632.9046
-640.3303
-653.82
0
0
0
0
0
0
0
0
0
0
0
0
0
-628.0173
-629.1925
-632.8587
-640.2486
-653.6713
0
0
0
0
0
0
0
0
0
0
0
0
-628.0216
-629.1969
-632.8636
-640.2548
-653.6769
0
0
0
0
0
0
0
0
0
0
0
-628.0557
-629.2357
-632.9194
-640.3467
-653.8373
0
0
0
0
0
0
0
0
0
0
-628.1227
-629.3097
-633.0267
-640.5257
-654.1502
0
0
0
0
0
0
0
0
0
0
-628.2239
-629.4208
-633.1847
-640.7875
-654.6092
0
0
0
0
0
0
0
0
0
0
-628.3566
-629.5648
-633.3858
-641.1163
-655.1814
0
0
0
0
0
0
0
0
0
0
0
0
0
0
0
0
0
-628.4996
-629.7176
-633.5966
-641.4574
-655.7738
0
0
0
0
0
0
0
0
0
0
0
0
0
0
0
0
-628.6015
-629.8286
-633.7523
-641.7132
-656.2214
0
0
0
0
0
0
0
0
0
0
0
0
0
0
0
-628.6639
-629.8977
-633.8509
-641.8763
-656.5083
0
0
0
0
0
0
0
0
0
0
0
0
0
0
-628.7015
-629.9369
-633.909
-641.9716
-656.6745
0
0
0
0
0
0
0
0
0
0
0
0
0
-628.7489
-629.991
-633.9828
-642.0958
-656.8691
0
0
0
0
0
0
0
0
0
0
0
0
0
0
0
0
0
0
0
0
0
0
0
0
0
-628.677
-629.9179
-633.9072
-642.0105
-656.789
0
0
0
0
0
0
0
0
0
0
0
0
0
0
0
0
0
0
0
0
0
0
0
0
0
-628.6372
-629.8725
-633.8377
-641.8931
-656.587
0
0
0
0
0
0
0
0
0
0
0
0
0
0
0
0
0
0
0
0
0
0
0
0
0
-628.6076
-629.8398
-633.7904
-641.8055
-656.4264
0
0
0
0
0
0
0
0
0
0
0
0
0
0
0
0
0
0
0
0
0
0
0
0
0
-628.5538
-629.7801
-633.7025
-641.662
-656.1551
0
0
0
0
0
0
0
0
0
0
0
0
0
0
0
0
0
0
0
0
0
0
0
0
0
-628.4595
-629.6768
-633.5545
-641.4121
-655.7294
0
0
0
0
0
0
0
0
0
0
0
0
0
0
0
-628.3243
-629.5315
-633.3511
-641.0801
-655.1405
0
0
0
0
0
0
0
0
0
0
0
0
0
0
0
-628.1998
-629.3957
-633.1578
-640.7584
-654.5809
0
0
0
0
0
0
0
0
0
0
0
0
0
0
-628.107
-629.293
-633.0078
-640.5046
-654.1291
0
0
0
0
0
0
0
0
0
0
0
0
0
-628.0482
-629.2271
-632.9097
-640.3358
-653.826
0
0
0
0
0
0
0
0
0
0
0
0
-628.0216
-629.1969
-632.8636
-640.2548
-653.6769
0
0
0
0
0
0
0
0
0
0
0
-628.025
-629.2013
-632.8682
-640.2601
-653.6839
0
0
0
0
0
0
0
0
0
0
-628.0596
-629.2392
-632.9237
-640.3521
-653.843
0
0
0
0
0
0
0
0
0
0
-628.1268
-629.3136
-633.0304
-640.5302
-654.1562
0
0
0
0
0
0
0
0
0
0
-628.2276
-629.4249
-633.1887
-640.7918
-654.6139
0
0
0
0
0
0
0
0
0
0
-628.3605
-629.5685
-633.3901
-641.1206
-655.187
0
0
0
0
0
0
0
0
0
0
0
0
0
0
0
0
-628.5033
-629.7216
-633.6004
-641.4617
-655.7788
0
0
0
0
0
0
0
0
0
0
0
0
0
0
0
-628.6048
-629.8324
-633.7563
-641.7171
-656.2259
0
0
0
0
0
0
0
0
0
0
0
0
0
0
-628.6677
-629.9012
-633.8548
-641.8804
-656.5123
0
0
0
0
0
0
0
0
0
0
0
0
0
-628.7041
-629.9424
-633.9098
-641.9758
-656.6788
0
0
0
0
0
0
0
0
0
0
0
0
-628.7527
-629.9948
-633.9868
-642.0941
-656.8863
0
0
0
0
0
0
0
0
0
0
0
0
0
0
0
0
0
0
0
0
0
0
0
0
0
-628.6822
-629.9221
-633.9109
-642.013
-656.7891
0
0
0
0
0
0
0
0
0
0
0
0
0
0
0
0
0
0
0
0
0
0
0
0
0
-628.6416
-629.8774
-633.8436
-641.8965
-656.5878
0
0
0
0
0
0
0
0
0
0
0
0
0
0
0
0
0
0
0
0
0
0
0
0
0
-628.6131
-629.8443
-633.7948
-641.8159
-656.4288
0
0
0
0
0
0
0
0
0
0
0
0
0
0
0
0
0
0
0
0
0
0
0
0
0
-628.558
-629.7845
-633.7075
-641.6665
-656.1752
0
0
0
0
0
0
0
0
0
0
0
0
0
0
0
0
0
0
0
0
0
0
0
0
0
-628.4638
-629.6812
-633.559
-641.4191
-655.7317
0
0
0
0
0
0
0
0
0
0
0
0
0
0
0
-628.3289
-629.5361
-633.3558
-641.0846
-655.1521
0
0
0
0
0
0
0
0
0
0
0
0
0
0
-628.2042
-629.4005
-633.1627
-640.7634
-654.585
0
0
0
0
0
0
0
0
0
0
0
0
0
-628.1113
-629.2976
-633.0129
-640.5099
-654.134
0
0
0
0
0
0
0
0
0
0
0
0
-628.0522
-629.2316
-632.9146
-640.3414
-653.8316
0
0
0
0
0
0
0
0
0
0
0
-628.025
-629.2013
-632.8682
-640.2601
-653.6839
0
0
0
0
0
0
0
0
0
0
-628.029
-629.2047
-632.873
-640.2651
-653.6896
0
0
0
0
0
0
0
0
0
0
-628.064
-629.2431
-632.9274
-640.3567
-653.8494
0
0
0
0
0
0
0
0
0
0
-628.1305
-629.3178
-633.0344
-640.5344
-654.161
0
0
0
0
0
0
0
0
0
0
-628.2316
-629.4285
-633.193
-640.7961
-654.6194
0
0
0
0
0
0
0
0
0
0
-628.3642
-629.5725
-633.3936
-641.1252
-655.192
0
0
0
0
0
0
0
0
0
0
0
0
0
0
0
-628.5065
-629.7253
-633.6044
-641.4653
-655.7836
0
0
0
0
0
0
0
0
0
0
0
0
0
0
-628.6085
-629.8358
-633.7602
-641.7212
-656.2296
0
0
0
0
0
0
0
0
0
0
0
0
0
-628.6715
-629.905
-633.8588
-641.8845
-656.5166
0
0
0
0
0
0
0
0
0
0
0
0
-628.7079
-629.9446
-633.9167
-641.9745
-656.6835
0
0
0
0
0
0
0
0
0
0
0
-628.7571
-629.9986
-633.9905
-642.0982
-656.8803
0
0
0
0
0
0
0
0
0
0
0
0
0
0
0
0
0
0
0
0
0
0
0
0
0
-628.6865
-629.9278
-633.915
-642.0163
-656.7899
0
0
0
0
0
0
0
0
0
0
0
0
0
0
0
0
0
0
0
0
0
0
0
0
0
-628.6458
-629.8818
-633.8492
-641.9044
-656.5899
0
0
0
0
0
0
0
0
0
0
0
0
0
0
0
0
0
0
0
0
0
0
0
0
0
-628.6173
-629.8502
-633.7997
-641.8205
-656.4465
0
0
0
0
0
0
0
0
0
0
0
0
0
0
0
0
0
0
0
0
0
0
0
0
0
-628.5623
-629.7887
-633.7117
-641.6723
-656.1796
0
0
0
0
0
0
0
0
0
0
0
0
0
0
0
0
0
0
0
0
0
0
0
0
0
-628.4682
-629.6856
-633.5634
-641.4232
-655.7426
0
0
0
0
0
0
0
0
0
0
0
0
0
0
-628.3333
-629.5407
-633.3604
-641.0892
-655.1555
0
0
0
0
0
0
0
0
0
0
0
0
0
-628.2084
-629.405
-633.1676
-640.7684
-654.5894
0
0
0
0
0
0
0
0
0
0
0
0
-628.1153
-629.302
-633.0177
-640.5153
-654.1393
0
0
0
0
0
0
0
0
0
0
0
-628.0557
-629.2357
-632.9194
-640.3466
-653.8373
0
0
0
0
0
0
0
0
0
0
-628.029
-629.2047
-632.873
-640.2651
-653.6896
0
0
0
0
0
0
0
0
0
0
-628.0336
-629.2087
-632.8766
-640.2706
-653.695
0
0
0
0
0
0
0
0
0
0
-628.0676
-629.2476
-632.9314
-640.3608
-653.8543
0
0
0
0
0
0
0
0
0
0
-628.1346
-629.3213
-633.0389
-640.5387
-654.1664
0
0
0
0
0
0
0
0
0
0
-628.2352
-629.4325
-633.1964
-640.801
-654.6243
0
0
0
0
0
0
0
0
0
0
-628.3672
-629.5761
-633.3976
-641.1284
-655.1973
0
0
0
0
0
0
0
0
0
0
0
0
0
0
-628.5102
-629.7287
-633.6082
-641.4694
-655.7868
0
0
0
0
0
0
0
0
0
0
0
0
0
-628.6125
-629.8396
-633.7641
-641.7252
-656.2338
0
0
0
0
0
0
0
0
0
0
0
0
-628.6752
-629.9088
-633.8626
-641.8895
-656.5211
0
0
0
0
0
0
0
0
0
0
0
-628.7135
-629.9484
-633.9175
-641.9845
-656.6784
0
0
0
0
0
0
0
0
0
0
-628.7615
-630.003
-633.9945
-642.1019
-656.8847
0
0
0
0
0
0
0
0
0
0
0
0
0
0
0
0
0
0
0
0
0
0
0
0
0
-628.6907
-629.9321
-633.9224
-642.0203
-656.7918
0
0
0
0
0
0
0
0
0
0
0
0
0
0
0
0
0
0
0
0
0
0
0
0
0
-628.65
-629.886
-633.8539
-641.9121
-656.6017
0
0
0
0
0
0
0
0
0
0
0
0
0
0
0
0
0
0
0
0
0
0
0
0
0
-628.6214
-629.8543
-633.8068
-641.8264
-656.4513
0
0
0
0
0
0
0
0
0
0
0
0
0
0
0
0
0
0
0
0
0
0
0
0
0
-628.5665
-629.793
-633.7159
-641.6761
-656.1877
0
0
0
0
0
0
0
0
0
0
0
0
0
0
0
0
0
0
0
0
0
0
0
0
-628.4724
-629.69
-633.5677
-641.4273
-655.7453
0
0
0
0
0
0
0
0
0
0
0
0
0
-628.3374
-629.545
-633.3651
-641.0938
-655.1593
0
0
0
0
0
0
0
0
0
0
0
0
-628.2125
-629.4092
-633.1723
-640.7735
-654.5942
0
0
0
0
0
0
0
0
0
0
0
-628.1188
-629.3061
-633.0224
-640.5205
-654.1448
0
0
0
0
0
0
0
0
0
0
-628.0596
-629.2392
-632.9237
-640.3521
-653.843
0
0
0
0
0
0
0
0
0
0
-628.0336
-629.2087
-632.8766
-640.2706
-653.695
0
0
0
0
0
0
0
0
0
0
-628.0371
-629.2135
-632.8806
-640.2748
-653.7019
0
0
0
0
0
0
0
0
0
0
-628.0716
-629.2511
-632.9365
-640.3651
-653.8596
0
0
0
0
0
0
0
0
0
0
-628.1381
-629.3254
-633.0421
-640.5437
-654.1713
0
0
0
0
0
0
0
0
0
0
-628.238
-629.4361
-633.2003
-640.8036
-654.63
0
0
0
0
0
0
0
0
0
0
-628.3709
-629.5793
-633.4013
-641.1323
-655.1995
0
0
0
0
0
0
0
0
0
0
0
0
0
-628.5142
-629.7324
-633.6119
-641.4733
-655.7908
0
0
0
0
0
0
0
0
0
0
0
0
-628.6162
-629.8435
-633.7678
-641.7302
-656.2382
0
0
0
0
0
0
0
0
0
0
0
-628.6797
-629.9126
-633.8665
-641.8933
-656.5285
0
0
0
0
0
0
0
0
0
0
-628.7179
-629.9543
-633.9215
-641.9823
-656.6946
0
0
0
0
0
0
0
0
0
-628.7667
-630.0073
-633.9987
-642.1061
-656.8884
0
0
0
0
0
0
0
0
0
0
0
0
0
0
0
0
0
0
0
0
0
0
0
0
0
-628.6948
-629.9363
-633.9271
-642.032
-656.795
0
0
0
0
0
0
0
0
0
0
0
0
0
0
0
0
0
0
0
0
0
0
0
0
0
-628.6541
-629.8901
-633.8579
-641.9175
-656.6144
0
0
0
0
0
0
0
0
0
0
0
0
0
0
0
0
0
0
0
0
0
0
0
0
0
-628.6256
-629.8584
-633.8109
-641.8361
-656.4595
0
0
0
0
0
0
0
0
0
0
0
0
0
0
0
0
0
0
0
0
0
0
0
0
-628.5707
-629.7972
-633.7201
-641.68
-656.19
0
0
0
0
0
0
0
0
0
0
0
0
0
0
0
0
0
0
0
0
0
0
0
-628.4765
-629.6942
-633.5722
-641.4316
-655.7484
0
0
0
0
0
0
0
0
0
0
0
0
-628.3414
-629.5492
-633.3696
-641.0986
-655.1635
0
0
0
0
0
0
0
0
0
0
0
-628.216
-629.4133
-633.1767
-640.7784
-654.5992
0
0
0
0
0
0
0
0
0
0
-628.1227
-629.3097
-633.0266
-640.5257
-654.1502
0
0
0
0
0
0
0
0
0
0
-628.064
-629.2431
-632.9274
-640.3567
-653.8494
0
0
0
0
0
0
0
0
0
0
-628.0371
-629.2135
-632.8806
-640.2748
-653.7019
0
0
0
0
0
0
0
0
0
0
-628.0417
-629.2169
-632.8862
-640.279
-653.7071
0
0
0
0
0
0
0
0
0
0
-628.0751
-629.255
-632.9395
-640.3712
-653.8644
0
0
0
0
0
0
0
0
0
0
-628.1407
-629.329
-633.0462
-640.546
-654.1773
0
0
0
0
0
0
0
0
0
0
-628.2417
-629.439
-633.2039
-640.8075
-654.6313
0
0
0
0
0
0
0
0
0
0
-628.375
-629.583
-633.4048
-641.136
-655.2033
0
0
0
0
0
0
0
0
0
0
0
0
-628.5178
-629.7364
-633.6156
-641.4781
-655.7949
0
0
0
0
0
0
0
0
0
0
0
-628.6208
-629.8473
-633.7718
-641.7338
-656.2458
0
0
0
0
0
0
0
0
0
0
-628.6842
-629.917
-633.8704
-641.8973
-656.5323
0
0
0
0
0
0
0
0
0
-628.7219
-629.9586
-633.9286
-641.9865
-656.6865
0
0
0
0
0
0
0
0
-628.7702
-630.013
-634.0028
-642.1098
-656.8931
0
0
0
0
0
0
0
0
0
0
0
0
0
0
0
0
0
0
0
0
0
0
0
0
0
-628.6989
-629.9404
-633.9311
-642.0374
-656.8168
0
0
0
0
0
0
0
0
0
0
0
0
0
0
0
0
0
0
0
0
0
0
0
0
0
-628.6582
-629.8942
-633.862
-641.9211
-656.6213
0
0
0
0
0
0
0
0
0
0
0
0
0
0
0
0
0
0
0
0
0
0
0
0
-628.6297
-629.8626
-633.815
-641.8398
-656.4737
0
0
0
0
0
0
0
0
0
0
0
0
0
0
0
0
0
0
0
0
0
0
0
-628.5747
-629.8013
-633.7243
-641.684
-656.1927
0
0
0
0
0
0
0
0
0
0
0
0
0
0
0
0
0
0
0
0
0
0
-628.4804
-629.6983
-633.5765
-641.436
-655.752
0
0
0
0
0
0
0
0
0
0
0
-628.3449
-629.5532
-633.3739
-641.1032
-655.1679
0
0
0
0
0
0
0
0
0
0
-628.2198
-629.4169
-633.1808
-640.7831
-654.6043
0
0
0
0
0
0
0
0
0
0
-628.1268
-629.3136
-633.0304
-640.5302
-654.1562
0
0
0
0
0
0
0
0
0
0
-628.0675
-629.2476
-632.9314
-640.3608
-653.8543
0
0
0
0
0
0
0
0
0
0
-628.0417
-629.2169
-632.8862
-640.279
-653.7071
0
0
0
0
0
0
0
0
0
0
-628.0452
-629.2216
-632.8891
-640.2862
-653.7118
0
0
0
0
0
0
0
0
0
0
-628.0776
-629.2586
-632.9434
-640.3732
-653.8725
0
0
0
0
0
0
0
0
0
0
-628.1443
-629.3317
-633.0497
-640.5503
-654.1779
0
0
0
0
0
0
0
0
0
0
-628.2459
-629.4427
-633.2071
-640.8109
-654.6349
0
0
0
0
0
0
0
0
0
0
-628.3785
-629.5871
-633.4084
-641.1406
-655.207
0
0
0
0
0
0
0
0
0
0
0
-628.5226
-629.74
-633.6197
-641.4816
-655.8025
0
0
0
0
0
0
0
0
0
0
-628.6254
-629.8518
-633.7757
-641.738
-656.2492
0
0
0
0
0
0
0
0
0
-628.6882
-629.9214
-633.8746
-641.9015
-656.5365
0
0
0
0
0
0
0
0
-628.7255
-629.9627
-633.9328
-641.9962
-656.6912
0
0
0
0
0
0
0
-628.7734
-630.0165
-634.0099
-642.1134
-656.895
0
0
0
0
0
0
0
0
0
0
0
0
0
0
0
0
0
0
0
0
0
0
0
0
0
-628.703
-629.9445
-633.9351
-642.0409
-656.8238
0
0
0
0
0
0
0
0
0
0
0
0
0
0
0
0
0
0
0
0
0
0
0
0
-628.6623
-629.8983
-633.8661
-641.9248
-656.6234
0
0
0
0
0
0
0
0
0
0
0
0
0
0
0
0
0
0
0
0
0
0
0
-628.6336
-629.8667
-633.8191
-641.8436
-656.4762
0
0
0
0
0
0
0
0
0
0
0
0
0
0
0
0
0
0
0
0
0
0
-628.5786
-629.8054
-633.7285
-641.6881
-656.1959
0
0
0
0
0
0
0
0
0
0
0
0
0
0
0
0
0
0
0
0
0
-628.484
-629.7023
-633.5806
-641.4403
-655.7559
0
0
0
0
0
0
0
0
0
0
-628.3488
-629.5568
-633.378
-641.1077
-655.1725
0
0
0
0
0
0
0
0
0
0
-628.2239
-629.4208
-633.1847
-640.7875
-654.6092
0
0
0
0
0
0
0
0
0
0
-628.1305
-629.3178
-633.0344
-640.5344
-654.161
0
0
0
0
0
0
0
0
0
0
-628.0715
-629.2511
-632.9365
-640.3651
-653.8596
0
0
0
0
0
0
0
0
0
0
-628.0452
-629.2216
-632.8891
-640.2862
-653.7118
0
0
0
0
0
0
0
0
0
0
-628.0476
-629.2251
-632.8943
-640.2878
-653.722
0
0
0
0
0
0
0
0
0
0
-628.0813
-629.2612
-632.9468
-640.3769
-653.8726
0
0
0
0
0
0
0
0
0
0
-628.1487
-629.3352
-633.0527
-640.5535
-654.1823
0
0
0
0
0
0
0
0
0
0
-628.2493
-629.447
-633.2107
-640.8151
-654.6381
0
0
0
0
0
0
0
0
0
0
-628.3836
-629.5907
-633.4128
-641.1439
-655.2142
0
0
0
0
0
0
0
0
0
0
-628.5275
-629.7448
-633.6235
-641.4861
-655.8055
0
0
0
0
0
0
0
0
0
-628.6295
-629.8563
-633.78
-641.7421
-656.2538
0
0
0
0
0
0
0
0
-628.6918
-629.9255
-633.8788
-641.9051
-656.5413
0
0
0
0
0
0
0
-628.7286
-629.9662
-633.9368
-641.9997
-656.705
0
0
0
0
0
0
-628.7761
-630.0197
-634.0136
-642.1236
-656.8969
0
0
0
0
0
0
0
0
0
0
0
0
0
0
0
0
0
0
0
0
0
0
0
0
-628.707
-629.9486
-633.9391
-642.0445
-656.8256
0
0
0
0
0
0
0
0
0
0
0
0
0
0
0
0
0
0
0
0
0
0
0
-628.6662
-629.9024
-633.8702
-641.9287
-656.626
0
0
0
0
0
0
0
0
0
0
0
0
0
0
0
0
0
0
0
0
0
0
-628.6375
-629.8706
-633.8231
-641.8476
-656.4791
0
0
0
0
0
0
0
0
0
0
0
0
0
0
0
0
0
0
0
0
0
-628.5822
-629.8093
-633.7325
-641.6922
-656.1993
0
0
0
0
0
0
0
0
0
0
0
0
0
0
0
0
0
0
0
0
-628.4878
-629.7059
-633.5846
-641.4445
-655.7599
0
0
0
0
0
0
0
0
0
0
-628.3528
-629.5607
-633.3818
-641.1119
-655.177
0
0
0
0
0
0
0
0
0
0
-628.2276
-629.4249
-633.1887
-640.7918
-654.6139
0
0
0
0
0
0
0
0
0
0
-628.1346
-629.3213
-633.0389
-640.5387
-654.1664
0
0
0
0
0
0
0
0
0
0
-628.0751
-629.255
-632.9395
-640.3712
-653.8644
0
0
0
0
0
0
0
0
0
0
-628.0476
-629.2251
-632.8943
-640.2878
-653.722
0
0
0
0
0
0
0
0
0
0
-628.0507
-629.2276
-632.8976
-640.294
-653.7212
0
0
0
0
0
0
0
0
0
0
-628.0857
-629.2648
-632.9496
-640.38
-653.8757
0
0
0
0
0
0
0
0
0
0
-628.152
-629.3397
-633.056
-640.5574
-654.1851
0
0
0
0
0
0
0
0
0
0
-628.2547
-629.4504
-633.2153
-640.8184
-654.6448
0
0
0
0
0
0
0
0
0
0
-628.3888
-629.5957
-633.4164
-641.1488
-655.2169
0
0
0
0
0
0
0
0
0
-628.5317
-629.7496
-633.6281
-641.49
-655.8106
0
0
0
0
0
0
0
0
-628.6331
-629.8604
-633.7844
-641.7458
-656.2585
0
0
0
0
0
0
0
-628.695
-629.9291
-633.8829
-641.9087
-656.5428
0
0
0
0
0
0
-628.7314
-629.9695
-633.9405
-642.0037
-656.7067
0
0
0
0
0
-628.7773
-630.0225
-634.017
-642.1275
-656.9126
0
0
0
0
0
0
0
0
0
0
0
0
0
0
0
0
0
0
0
0
0
0
0
-628.711
-629.9526
-633.9432
-642.0484
-656.8282
0
0
0
0
0
0
0
0
0
0
0
0
0
0
0
0
0
0
0
0
0
0
-628.6713
-629.9063
-633.8742
-641.9326
-656.6291
0
0
0
0
0
0
0
0
0
0
0
0
0
0
0
0
0
0
0
0
0
-628.6412
-629.8745
-633.8271
-641.8515
-656.4824
0
0
0
0
0
0
0
0
0
0
0
0
0
0
0
0
0
0
0
0
-628.586
-629.813
-633.7365
-641.6963
-656.203
0
0
0
0
0
0
0
0
0
0
0
0
0
0
0
0
0
0
0
-628.4918
-629.7098
-633.5885
-641.4487
-655.764
0
0
0
0
0
0
0
0
0
0
-628.3565
-629.5648
-633.3858
-641.1163
-655.1814
0
0
0
0
0
0
0
0
0
0
-628.2316
-629.4285
-633.193
-640.7961
-654.6194
0
0
0
0
0
0
0
0
0
0
-628.1381
-629.3254
-633.042
-640.5437
-654.1713
0
0
0
0
0
0
0
0
0
0
-628.0775
-629.2586
-632.9434
-640.3732
-653.8725
0
0
0
0
0
0
0
0
0
0
-628.0507
-629.2276
-632.8976
-640.294
-653.7212
0
0
0
0
0
0
0
0
0
0
-628.0552
-629.2305
-632.9004
-640.2969
-653.7287
0
0
0
0
0
0
0
0
0
0
-628.0889
-629.2694
-632.9532
-640.3836
-653.8782
0
0
0
0
0
0
0
0
0
0
-628.1576
-629.3429
-633.0608
-640.5601
-654.1913
0
0
0
0
0
0
0
0
0
0
-628.2602
-629.4558
-633.2187
-640.8237
-654.6473
0
0
0
0
0
0
0
0
0
-628.3932
-629.6009
-633.4214
-641.1525
-655.2228
0
0
0
0
0
0
0
0
-628.5354
-629.7538
-633.6329
-641.4942
-655.8151
0
0
0
0
0
0
0
-628.6362
-629.8641
-633.7886
-641.7498
-656.2602
0
0
0
0
0
0
-628.6977
-629.9323
-633.8866
-641.9127
-656.5447
0
0
0
0
0
-628.7338
-629.9723
-633.9439
-642.0076
-656.7101
0
0
0
0
-628.7792
-630.0232
-634.02
-642.1312
-656.917
0
0
0
0
0
0
0
0
0
0
0
0
0
0
0
0
0
0
0
0
0
0
-628.7149
-629.9565
-633.9472
-642.0523
-656.8311
0
0
0
0
0
0
0
0
0
0
0
0
0
0
0
0
0
0
0
0
0
-628.675
-629.9118
-633.8782
-641.9366
-656.6324
0
0
0
0
0
0
0
0
0
0
0
0
0
0
0
0
0
0
0
0
-628.645
-629.8783
-633.8311
-641.8555
-656.4858
0
0
0
0
0
0
0
0
0
0
0
0
0
0
0
0
0
0
0
-628.5899
-629.8168
-633.7404
-641.7003
-656.2068
0
0
0
0
0
0
0
0
0
0
0
0
0
0
0
0
0
0
-628.4956
-629.7137
-633.5925
-641.4531
-655.7682
0
0
0
0
0
0
0
0
0
0
-628.3605
-629.5685
-633.39
-641.1206
-655.187
0
0
0
0
0
0
0
0
0
0
-628.2352
-629.4325
-633.1964
-640.801
-654.6243
0
0
0
0
0
0
0
0
0
0
-628.1407
-629.329
-633.0462
-640.546
-654.1773
0
0
0
0
0
0
0
0
0
0
-628.0812
-629.2611
-632.9468
-640.3769
-653.8726
0
0
0
0
0
0
0
0
0
0
-628.0552
-629.2305
-632.9003
-640.2969
-653.7287
0
0
0
0
0
0
0
0
0
0
-628.0584
-629.2351
-632.9026
-640.3003
-653.7308
0
0
0
0
0
0
0
0
0
0
-628.0946
-629.2726
-632.9582
-640.3868
-653.8841
0
0
0
0
0
0
0
0
0
0
-628.1633
-629.3486
-633.064
-640.5658
-654.1927
0
0
0
0
0
0
0
0
0
-628.2648
-629.4613
-633.2242
-640.827
-654.6541
0
0
0
0
0
0
0
0
-628.397
-629.6053
-633.4267
-641.1573
-655.2268
0
0
0
0
0
0
0
-628.5385
-629.7575
-633.6372
-641.4986
-655.8174
0
0
0
0
0
0
-628.639
-629.8673
-633.7924
-641.7539
-656.2624
0
0
0
0
0
-628.7003
-629.9351
-633.89
-641.9167
-656.5481
0
0
0
0
-628.7346
-629.9747
-633.9469
-642.0113
-656.7144
0
0
0
-628.7816
-630.0252
-634.0193
-642.1346
-656.9214
0
0
0
0
0
0
0
0
0
0
0
0
0
0
0
0
0
0
0
0
0
-628.7186
-629.9605
-633.9512
-642.0562
-656.8344
0
0
0
0
0
0
0
0
0
0
0
0
0
0
0
0
0
0
0
0
-628.6788
-629.9156
-633.885
-641.9405
-656.6359
0
0
0
0
0
0
0
0
0
0
0
0
0
0
0
0
0
0
0
-628.6489
-629.8821
-633.835
-641.8595
-656.4895
0
0
0
0
0
0
0
0
0
0
0
0
0
0
0
0
0
0
-628.5938
-629.8207
-633.7444
-641.7047
-656.2109
0
0
0
0
0
0
0
0
0
0
0
0
0
0
0
0
0
-628.4996
-629.7176
-633.5966
-641.4574
-655.7738
0
0
0
0
0
0
0
0
0
0
-628.3642
-629.5725
-633.3936
-641.1252
-655.192
0
0
0
0
0
0
0
0
0
0
-628.2379
-629.4361
-633.2003
-640.8036
-654.63
0
0
0
0
0
0
0
0
0
0
-628.1443
-629.3317
-633.0497
-640.5503
-654.1779
0
0
0
0
0
0
0
0
0
0
-628.0857
-629.2648
-632.9496
-640.38
-653.8757
0
0
0
0
0
0
0
0
0
0
-628.0584
-629.2351
-632.9026
-640.3003
-653.7308
0
0
0
0
0
0
0
0
0
0
-628.0642
-629.2383
-632.9077
-640.3012
-653.7365
0
0
0
0
0
0
0
0
0
0
-628.1005
-629.2783
-632.9612
-640.3929
-653.8866
0
0
0
0
0
0
0
0
0
-628.1682
-629.3543
-633.0699
-640.5688
-654.2002
0
0
0
0
0
0
0
0
-628.2687
-629.466
-633.23
-640.8326
-654.6575
0
0
0
0
0
0
0
-628.4001
-629.6092
-633.4313
-641.1626
-655.2303
0
0
0
0
0
0
-628.5413
-629.7607
-633.6411
-641.503
-655.8205
0
0
0
0
0
-628.6417
-629.8701
-633.7957
-641.758
-656.2661
0
0
0
0
-628.7024
-629.9377
-633.893
-641.9203
-656.5526
0
0
0
-628.737
-629.9752
-633.9494
-642.0147
-656.7189
0
0
-628.7854
-630.0276
-634.0214
-642.131
-656.9259
0
0
0
0
0
0
0
0
0
0
0
0
0
0
0
0
0
0
0
0
-628.7224
-629.9643
-633.9552
-642.0601
-656.8378
0
0
0
0
0
0
0
0
0
0
0
0
0
0
0
0
0
0
0
-628.6827
-629.9194
-633.8891
-641.9503
-656.6396
0
0
0
0
0
0
0
0
0
0
0
0
0
0
0
0
0
0
-628.6528
-629.886
-633.839
-641.8639
-656.4935
0
0
0
0
0
0
0
0
0
0
0
0
0
0
0
0
0
-628.5977
-629.8246
-633.7484
-641.709
-656.2163
0
0
0
0
0
0
0
0
0
0
0
0
0
0
0
0
-628.5033
-629.7216
-633.6004
-641.4617
-655.7788
0
0
0
0
0
0
0
0
0
0
-628.3671
-629.5761
-633.3976
-641.1284
-655.1973
0
0
0
0
0
0
0
0
0
0
-628.2416
-629.439
-633.2039
-640.8075
-654.6313
0
0
0
0
0
0
0
0
0
0
-628.1486
-629.3352
-633.0527
-640.5535
-654.1823
0
0
0
0
0
0
0
0
0
0
-628.0889
-629.2694
-632.9531
-640.3836
-653.8782
0
0
0
0
0
0
0
0
0
0
-628.0642
-629.2383
-632.9077
-640.3012
-653.7365
0
0
0
0
0
0
0
0
0
0
-628.0701
-629.2441
-632.9107
-640.3074
-653.7348
0
0
0
0
0
0
0
0
0
-628.1054
-629.2843
-632.9673
-640.3957
-653.8947
0
0
0
0
0
0
0
0
-628.1722
-629.3593
-633.076
-640.575
-654.2031
0
0
0
0
0
0
0
-628.2717
-629.47
-633.2348
-640.8387
-654.6623
0
0
0
0
0
0
-628.4029
-629.6123
-633.4354
-641.1673
-655.2348
0
0
0
0
0
-628.5442
-629.7635
-633.6443
-641.5073
-655.8246
0
0
0
0
-628.644
-629.8729
-633.7987
-641.7615
-656.2708
0
0
0
-628.7049
-629.9399
-633.8957
-641.9237
-656.5569
0
0
-628.7408
-629.9776
-633.9486
-642.0175
-656.7233
0
-628.7946
-630.0316
-634.0239
-642.1333
-656.9165
0
0
0
0
0
0
0
0
0
0
0
0
0
0
0
0
0
0
0
-628.7263
-629.9681
-633.9591
-642.0642
-656.8415
0
0
0
0
0
0
0
0
0
0
0
0
0
0
0
0
0
0
-628.6866
-629.9233
-633.8931
-641.955
-656.655
0
0
0
0
0
0
0
0
0
0
0
0
0
0
0
0
0
-628.6567
-629.8899
-633.843
-641.8682
-656.4989
0
0
0
0
0
0
0
0
0
0
0
0
0
0
0
0
-628.6015
-629.8286
-633.7523
-641.7132
-656.2214
0
0
0
0
0
0
0
0
0
0
0
0
0
0
0
-628.5065
-629.7253
-633.6044
-641.4653
-655.7836
0
0
0
0
0
0
0
0
0
0
-628.3708
-629.5793
-633.4013
-641.1323
-655.1995
0
0
0
0
0
0
0
0
0
0
-628.2459
-629.4426
-633.2071
-640.8109
-654.6349
0
0
0
0
0
0
0
0
0
0
-628.152
-629.3396
-633.056
-640.5574
-654.1851
0
0
0
0
0
0
0
0
0
0
-628.0946
-629.2726
-632.9582
-640.3868
-653.8841
0
0
0
0
0
0
0
0
0
0
-628.0701
-629.2441
-632.9107
-640.3074
-653.7348
0
0
0
0
0
0
0
0
0
-628.0757
-629.2501
-632.9169
-640.31
-653.7433
0
0
0
0
0
0
0
0
-628.1096
-629.2892
-632.9737
-640.4022
-653.8972
0
0
0
0
0
0
0
-628.1752
-629.3634
-633.0814
-640.5818
-654.2089
0
0
0
0
0
0
-628.2745
-629.4729
-633.2392
-640.8439
-654.6682
0
0
0
0
0
-628.4062
-629.6151
-633.4383
-641.1719
-655.2395
0
0
0
0
-628.5467
-629.7665
-633.6473
-641.5106
-655.8297
0
0
0
-628.6465
-629.8752
-633.8016
-641.7649
-656.2748
0
0
-628.7074
-629.9424
-633.8981
-641.9268
-656.5613
0
-628.7497
-629.9815
-633.9511
-642.014
-656.7266
-628.806
-630.0415
-634.0282
-642.1359
-656.9194
0
0
0
0
0
0
0
0
0
0
0
0
0
0
0
0
0
0
-628.7302
-629.972
-633.9631
-642.0686
-656.8456
0
0
0
0
0
0
0
0
0
0
0
0
0
0
0
0
0
-628.6905
-629.9272
-633.897
-641.9593
-656.6611
0
0
0
0
0
0
0
0
0
0
0
0
0
0
0
0
-628.6605
-629.8939
-633.8469
-641.8723
-656.5039
0
0
0
0
0
0
0
0
0
0
0
0
0
0
0
-628.6048
-629.8323
-633.7563
-641.7171
-656.2259
0
0
0
0
0
0
0
0
0
0
0
0
0
0
-628.5102
-629.7286
-633.6082
-641.4694
-655.7868
0
0
0
0
0
0
0
0
0
0
-628.375
-629.5829
-633.4048
-641.136
-655.2033
0
0
0
0
0
0
0
0
0
0
-628.2493
-629.447
-633.2107
-640.8151
-654.6381
0
0
0
0
0
0
0
0
0
0
-628.1575
-629.3429
-633.0608
-640.5601
-654.1913
0
0
0
0
0
0
0
0
0
0
-628.1005
-629.2783
-632.9612
-640.3929
-653.8866
0
0
0
0
0
0
0
0
0
-628.0757
-629.2501
-632.9168
-640.31
-653.7433
0
0
0
0
0
0
0
0
-628.0806
-629.256
-632.9234
-640.3168
-653.7454
0
0
0
0
0
0
0
-628.1128
-629.2935
-632.9789
-640.4095
-653.9037
0
0
0
0
0
0
-628.1778
-629.3663
-633.0859
-640.5879
-654.216
0
0
0
0
0
-628.2779
-629.4757
-633.2419
-640.8489
-654.6736
0
0
0
0
-628.4094
-629.6185
-633.4413
-641.1748
-655.2451
0
0
0
-628.5491
-629.7691
-633.6504
-641.5138
-655.8332
0
0
-628.6501
-629.8777
-633.8042
-641.7682
-656.2791
0
-628.7158
-629.9447
-633.9007
-641.9297
-656.5649
-628.7609
-629.9911
-633.9554
-642.0166
-656.7179
-630.0525
-634.0402
-642.1407
-656.9221
0
0
0
0
0
0
0
0
0
0
0
0
0
0
0
0
0
-628.7341
-629.9759
-633.9671
-642.0729
-656.851
0
0
0
0
0
0
0
0
0
0
0
0
0
0
0
0
-628.6943
-629.9312
-633.901
-641.9634
-656.6661
0
0
0
0
0
0
0
0
0
0
0
0
0
0
0
-628.6639
-629.8977
-633.8509
-641.8763
-656.5083
0
0
0
0
0
0
0
0
0
0
0
0
0
0
-628.6085
-629.8358
-633.7602
-641.7212
-656.2296
0
0
0
0
0
0
0
0
0
0
0
0
0
-628.5142
-629.7323
-633.6119
-641.4733
-655.7908
0
0
0
0
0
0
0
0
0
0
-628.3785
-629.5871
-633.4084
-641.1406
-655.207
0
0
0
0
0
0
0
0
0
0
-628.2546
-629.4504
-633.2153
-640.8183
-654.6448
0
0
0
0
0
0
0
0
0
0
-628.1632
-629.3485
-633.064
-640.5658
-654.1927
0
0
0
0
0
0
0
0
0
-628.1054
-629.2842
-632.9673
-640.3957
-653.8947
0
0
0
0
0
0
0
0
-628.0806
-629.256
-632.9234
-640.3168
-653.7454
0
0
0
0
0
0
0
-628.0827
-629.2612
-632.9302
-640.3242
-653.7523
0
0
0
0
0
0
-628.1155
-629.2968
-632.9838
-640.4152
-653.9115
0
0
0
0
0
-628.1813
-629.369
-633.0884
-640.5931
-654.223
0
0
0
0
-628.281
-629.4792
-633.2446
-640.8512
-654.6797
0
0
0
-628.4126
-629.6218
-633.445
-641.1778
-655.2477
0
0
-628.5527
-629.7715
-633.6533
-641.5175
-655.8372
0
-628.6576
-629.8816
-633.8068
-641.7714
-656.2831
-628.7266
-629.9537
-633.902
-641.9325
-656.5688
-630.002
-633.967
-642.0213
-656.7205
-634.0506
-642.1568
-656.9277
0
0
0
0
0
0
0
0
0
0
0
0
0
0
0
0
-628.7392
-629.9799
-633.9711
-642.077
-656.8561
0
0
0
0
0
0
0
0
0
0
0
0
0
0
0
-628.6965
-629.935
-633.905
-641.9674
-656.6704
0
0
0
0
0
0
0
0
0
0
0
0
0
0
-628.6676
-629.9012
-633.8548
-641.8804
-656.5123
0
0
0
0
0
0
0
0
0
0
0
0
0
-628.6124
-629.8396
-633.7641
-641.7252
-656.2338
0
0
0
0
0
0
0
0
0
0
0
0
-628.5178
-629.7364
-633.6156
-641.4781
-655.7949
0
0
0
0
0
0
0
0
0
0
-628.3836
-629.5907
-633.4128
-641.1439
-655.2142
0
0
0
0
0
0
0
0
0
0
-628.2601
-629.4557
-633.2187
-640.8237
-654.6473
0
0
0
0
0
0
0
0
0
-628.1682
-629.3543
-633.0698
-640.5688
-654.2002
0
0
0
0
0
0
0
0
-628.1096
-629.2892
-632.9737
-640.4022
-653.8971
0
0
0
0
0
0
0
-628.0827
-629.2612
-632.9302
-640.3242
-653.7523
0
0
0
0
0
0
-628.0854
-629.2629
-632.9368
-640.3329
-653.7604
0
0
0
0
0
-628.119
-629.2994
-632.9869
-640.4212
-653.9178
0
0
0
0
-628.1845
-629.3726
-633.091
-640.595
-654.2295
0
0
0
-628.2839
-629.4825
-633.2486
-640.8539
-654.6813
0
0
-628.4174
-629.625
-633.4486
-641.1822
-655.2512
0
-628.559
-629.7753
-633.6558
-641.5211
-655.8417
-628.6689
-629.8898
-633.8111
-641.7741
-656.2876
-629.9642
-633.913
-641.9313
-656.5719
-633.9773
-642.037
-656.726
-642.167
-656.9508
0
0
0
0
0
0
0
0
0
0
0
0
0
0
0
-628.7413
-629.9854
-633.9751
-642.0812
-656.8605
0
0
0
0
0
0
0
0
0
0
0
0
0
0
-628.7015
-629.9369
-633.909
-641.9716
-656.6745
0
0
0
0
0
0
0
0
0
0
0
0
0
-628.6715
-629.905
-633.8588
-641.8845
-656.5166
0
0
0
0
0
0
0
0
0
0
0
0
-628.6162
-629.8435
-633.7678
-641.7302
-656.2382
0
0
0
0
0
0
0
0
0
0
0
-628.5226
-629.74
-633.6197
-641.4816
-655.8025
0
0
0
0
0
0
0
0
0
0
-628.3888
-629.5957
-633.4163
-641.1488
-655.2169
0
0
0
0
0
0
0
0
0
-628.2648
-629.4612
-633.2242
-640.827
-654.6541
0
0
0
0
0
0
0
0
-628.1722
-629.3593
-633.076
-640.575
-654.2031
0
0
0
0
0
0
0
-628.1128
-629.2935
-632.9789
-640.4095
-653.9036
0
0
0
0
0
0
-628.0854
-629.2629
-632.9368
-640.3329
-653.7604
0
0
0
0
0
-628.089
-629.2656
-632.937
-640.3425
-653.7719
0
0
0
0
-628.1228
-629.3031
-632.9894
-640.424
-653.926
0
0
0
-628.1873
-629.3759
-633.0951
-640.5974
-654.2304
0
0
-628.2884
-629.4854
-633.2522
-640.8587
-654.6841
0
-628.4237
-629.6301
-633.4518
-641.1867
-655.2568
-628.5695
-629.7822
-633.6602
-641.5236
-655.8468
-629.9009
-633.8212
-641.7793
-656.2905
-633.9233
-641.9462
-656.5658
-642.0469
-656.7485
-656.962
0
0
0
0
0
0
0
0
0
0
0
0
0
0
-628.7451
-629.9872
-633.9822
-642.0853
-656.8648
0
0
0
0
0
0
0
0
0
0
0
0
0
-628.7041
-629.9423
-633.9098
-641.9758
-656.6788
0
0
0
0
0
0
0
0
0
0
0
0
-628.6752
-629.9088
-633.8626
-641.8895
-656.5211
0
0
0
0
0
0
0
0
0
0
0
-628.6207
-629.8473
-633.7718
-641.7338
-656.2458
0
0
0
0
0
0
0
0
0
0
-628.5275
-629.7447
-633.6235
-641.4861
-655.8055
0
0
0
0
0
0
0
0
0
-628.3932
-629.6009
-633.4214
-641.1524
-655.2228
0
0
0
0
0
0
0
0
-628.2687
-629.4659
-633.2299
-640.8326
-654.6575
0
0
0
0
0
0
0
-628.1752
-629.3634
-633.0814
-640.5818
-654.2089
0
0
0
0
0
0
-628.1155
-629.2968
-632.9838
-640.4152
-653.9115
0
0
0
0
0
-628.089
-629.2656
-632.937
-640.3425
-653.7719
0
0
0
0
-628.0924
-629.2693
-632.9395
-640.3394
-653.7876
0
0
0
-628.1248
-629.3072
-632.9936
-640.4262
-653.9281
0
0
-628.1929
-629.3788
-633.0988
-640.6025
-654.2326
0
-628.293
-629.4902
-633.2552
-640.8632
-654.6906
-628.4347
-629.6369
-633.4576
-641.1898
-655.263
-629.7927
-633.6688
-641.5291
-655.8494
-633.8324
-641.7931
-656.297
-641.9571
-656.5873
-656.7595
0
0
0
0
0
0
0
0
0
0
0
0
0
-628.7489
-629.991
-633.9828
-642.0958
-656.8691
0
0
0
0
0
0
0
0
0
0
0
0
-628.7079
-629.9446
-633.9167
-641.9745
-656.6835
0
0
0
0
0
0
0
0
0
0
0
-628.6797
-629.9126
-633.8665
-641.8933
-656.5285
0
0
0
0
0
0
0
0
0
0
-628.6254
-629.8517
-633.7757
-641.738
-656.2491
0
0
0
0
0
0
0
0
0
-628.5317
-629.7496
-633.6281
-641.49
-655.8106
0
0
0
0
0
0
0
0
-628.397
-629.6053
-633.4267
-641.1573
-655.2268
0
0
0
0
0
0
0
-628.2717
-629.47
-633.2348
-640.8387
-654.6623
0
0
0
0
0
0
-628.1778
-629.3663
-633.0859
-640.5879
-654.2159
0
0
0
0
0
-628.119
-629.2994
-632.9869
-640.4212
-653.9178
0
0
0
0
-628.0924
-629.2693
-632.9395
-640.3394
-653.7876
0
0
0
-628.0954
-629.2729
-632.9438
-640.3416
-653.7781
0
0
-628.1299
-629.3089
-632.9987
-640.4314
-653.93
0
-628.193
-629.3849
-633.1017
-640.6071
-654.2396
-628.3041
-629.4953
-633.2608
-640.8661
-654.697
-629.6479
-633.4658
-641.1969
-655.266
-633.6796
-641.5409
-655.8567
-641.8042
-656.3171
-656.6013
0
0
0
0
0
0
0
0
0
0
0
0
-628.7527
-629.9948
-633.9868
-642.0941
-656.8863
0
0
0
0
0
0
0
0
0
0
0
-628.7135
-629.9484
-633.9175
-641.9845
-656.6784
0
0
0
0
0
0
0
0
0
0
-628.6842
-629.917
-633.8704
-641.8973
-656.5323
0
0
0
0
0
0
0
0
0
-628.6295
-629.8563
-633.78
-641.7421
-656.2538
0
0
0
0
0
0
0
0
-628.5354
-629.7538
-633.6329
-641.4941
-655.815
0
0
0
0
0
0
0
-628.4001
-629.6092
-633.4312
-641.1626
-655.2303
0
0
0
0
0
0
-628.2744
-629.4729
-633.2392
-640.8439
-654.6682
0
0
0
0
0
-628.1813
-629.369
-633.0884
-640.5931
-654.223
0
0
0
0
-628.1228
-629.3031
-632.9894
-640.424
-653.926
0
0
0
-628.0954
-629.2729
-632.9438
-640.3416
-653.7781
0
0
-628.0994
-629.276
-632.948
-640.3469
-653.7797
0
-628.1298
-629.3145
-632.9994
-640.4387
-653.9372
-628.2052
-629.3847
-633.1097
-640.6099
-654.2461
-629.507
-633.2669
-640.8734
-654.6996
-633.4773
-641.2076
-655.2752
-641.5521
-655.874
-656.3279
0
0
0
0
0
0
0
0
0
0
0
-628.7571
-629.9986
-633.9905
-642.0982
-656.8803
0
0
0
0
0
0
0
0
0
0
-628.7179
-629.9543
-633.9215
-641.9823
-656.6946
0
0
0
0
0
0
0
0
0
-628.6882
-629.9214
-633.8746
-641.9015
-656.5365
0
0
0
0
0
0
0
0
-628.6331
-629.8604
-633.7844
-641.7458
-656.2584
0
0
0
0
0
0
0
-628.5385
-629.7575
-633.6372
-641.4986
-655.8174
0
0
0
0
0
0
-628.4029
-629.6122
-633.4354
-641.1673
-655.2347
0
0
0
0
0
-628.2779
-629.4757
-633.2419
-640.8489
-654.6736
0
0
0
0
-628.1845
-629.3726
-633.091
-640.595
-654.2295
0
0
0
-628.1247
-629.3072
-632.9936
-640.4262
-653.9281
0
0
-628.0994
-629.276
-632.948
-640.3469
-653.7797
0
-628.0993
-629.28
-632.9511
-640.3526
-653.7871
-628.1419
-629.314
-633.0063
-640.4374
-653.9486
-629.3981
-633.1075
-640.6216
-654.2487
-633.2811
-640.8812
-654.7096
-641.2202
-655.2904
-655.8855
0
0
0
0
0
0
0
0
0
0
-628.7615
-630.003
-633.9945
-642.1019
-656.8847
0
0
0
0
0
0
0
0
0
-628.7219
-629.9586
-633.9286
-641.9865
-656.6865
0
0
0
0
0
0
0
0
-628.6918
-629.9255
-633.8788
-641.905
-656.5412
0
0
0
0
0
0
0
-628.6362
-629.8641
-633.7886
-641.7498
-656.2602
0
0
0
0
0
0
-628.5413
-629.7607
-633.6411
-641.503
-655.8205
0
0
0
0
0
-628.4062
-629.6151
-633.4383
-641.1719
-655.2395
0
0
0
0
-628.281
-629.4792
-633.2446
-640.8512
-654.6797
0
0
0
-628.1873
-629.3759
-633.0951
-640.5974
-654.2304
0
0
-628.1299
-629.3089
-632.9987
-640.4314
-653.93
0
-628.0993
-629.28
-632.9511
-640.3526
-653.7871
-628.1115
-629.2797
-632.9552
-640.3559
-653.7961
-629.3271
-633.0042
-640.4469
-653.9439
-633.1247
-640.6155
-654.2668
-640.9
-654.7205
-655.304
0
0
0
0
0
0
0
0
0
-628.7667
-630.0073
-633.9987
-642.1061
-656.8884
0
0
0
0
0
0
0
0
-628.7255
-629.9627
-633.9328
-641.9962
-656.6912
0
0
0
0
0
0
0
-628.695
-629.9291
-633.8829
-641.9087
-656.5428
0
0
0
0
0
0
-628.639
-629.8673
-633.7924
-641.7539
-656.2624
0
0
0
0
0
-628.5442
-629.7635
-633.6443
-641.5073
-655.8246
0
0
0
0
-628.4094
-629.6185
-633.4413
-641.1748
-655.2451
0
0
0
-628.2839
-629.4825
-633.2486
-640.8539
-654.6813
0
0
-628.1929
-629.3788
-633.0988
-640.6025
-654.2326
0
-628.1298
-629.3145
-632.9994
-640.4387
-653.9372
-628.1115
-629.2797
-632.9552
-640.3559
-653.7961
-629.2927
-632.9534
-640.3599
-653.7997
-633.0207
-640.4412
-653.9576
-640.6394
-654.2544
-654.7463
0
0
0
0
0
0
0
0
-628.7702
-630.013
-634.0028
-642.1098
-656.8931
0
0
0
0
0
0
0
-628.7286
-629.9662
-633.9368
-641.9997
-656.705
0
0
0
0
0
0
-628.6977
-629.9323
-633.8866
-641.9127
-656.5447
0
0
0
0
0
-628.6417
-629.8701
-633.7957
-641.758
-656.2661
0
0
0
0
-628.5467
-629.7665
-633.6473
-641.5106
-655.8297
0
0
0
-628.4126
-629.6218
-633.445
-641.1778
-655.2476
0
0
-628.2884
-629.4854
-633.2522
-640.8587
-654.6841
0
-628.193
-629.3849
-633.1016
-640.6071
-654.2396
-628.1419
-629.314
-633.0063
-640.4374
-653.9486
-629.2927
-632.9534
-640.3599
-653.7997
-632.9694
-640.355
-653.8032
-640.4638
-653.9465
-654.2879
0
0
0
0
0
0
0
-628.7734
-630.0165
-634.0099
-642.1134
-656.895
0
0
0
0
0
0
-628.7314
-629.9694
-633.9405
-642.0036
-656.7067
0
0
0
0
0
-628.7003
-629.9351
-633.8899
-641.9167
-656.5481
0
0
0
0
-628.644
-629.8729
-633.7987
-641.7615
-656.2708
0
0
0
-628.5491
-629.7691
-633.6504
-641.5138
-655.8332
0
0
-628.4174
-629.625
-633.4486
-641.1822
-655.2512
0
-628.293
-629.4902
-633.2552
-640.8632
-654.6906
-628.2052
-629.3847
-633.1097
-640.6099
-654.2461
-629.3271
-633.0042
-640.4469
-653.9439
-632.9694
-640.355
-653.8032
-640.3763
-653.7937
-653.9773
0
0
0
0
0
0
-628.7761
-630.0197
-634.0136
-642.1236
-656.8969
0
0
0
0
0
-628.7338
-629.9723
-633.9439
-642.0076
-656.7101
0
0
0
0
-628.7024
-629.9377
-633.893
-641.9203
-656.5526
0
0
0
-628.6465
-629.8752
-633.8016
-641.7649
-656.2748
0
0
-628.5527
-629.7715
-633.6533
-641.5175
-655.8372
0
-628.4237
-629.6301
-633.4518
-641.1867
-655.2568
-628.3041
-629.4953
-633.2608
-640.8661
-654.697
-629.3981
-633.1075
-640.6216
-654.2487
-633.0207
-640.4412
-653.9576
-640.3763
-653.7937
-653.8217
0
0
0
0
0
-628.7773
-630.0225
-634.017
-642.1275
-656.9126
0
0
0
0
-628.7346
-629.9747
-633.9468
-642.0113
-656.7144
0
0
0
-628.7049
-629.9399
-633.8957
-641.9237
-656.5569
0
0
-628.6501
-629.8777
-633.8042
-641.7682
-656.2791
0
-628.559
-629.7753
-633.6558
-641.5211
-655.8417
-628.4347
-629.6369
-633.4576
-641.1898
-655.263
-629.507
-633.2669
-640.8734
-654.6996
-633.1247
-640.6155
-654.2668
-640.4638
-653.9465
-653.8217
0
0
0
0
-628.7792
-630.0232
-634.02
-642.1312
-656.917
0
0
0
-628.737
-629.9752
-633.9494
-642.0147
-656.7189
0
0
-628.7074
-629.9424
-633.8981
-641.9268
-656.5613
0
-628.6576
-629.8816
-633.8068
-641.7714
-656.2831
-628.5695
-629.7822
-633.6602
-641.5236
-655.8468
-629.6479
-633.4658
-641.1969
-655.266
-633.2811
-640.8812
-654.7096
-640.6394
-654.2544
-653.9773
0
0
0
-628.7816
-630.0252
-634.0193
-642.1346
-656.9214
0
0
-628.7408
-629.9776
-633.9486
-642.0175
-656.7233
0
-628.7158
-629.9447
-633.9007
-641.9297
-656.5649
-628.6689
-629.8898
-633.8111
-641.7741
-656.2876
-629.7927
-633.6688
-641.5291
-655.8494
-633.4773
-641.2076
-655.2752
-640.9
-654.7205
-654.2879
0
0
-628.7854
-630.0276
-634.0214
-642.131
-656.9259
0
-628.7497
-629.9815
-633.9511
-642.014
-656.7266
-628.7266
-629.9537
-633.902
-641.9325
-656.5688
-629.9009
-633.8212
-641.7793
-656.2905
-633.6796
-641.5409
-655.8567
-641.2202
-655.2904
-654.7463
0
-628.7946
-630.0316
-634.0239
-642.1333
-656.9165
-628.7609
-629.9911
-633.9554
-642.0166
-656.7179
-629.9642
-633.913
-641.9313
-656.5719
-633.8324
-641.7931
-656.297
-641.5521
-655.874
-655.304
-628.806
-630.0415
-634.0282
-642.1359
-656.9194
-630.002
-633.967
-642.0213
-656.7205
-633.9233
-641.9462
-656.5658
-641.8042
-656.3171
-655.8855
-630.0525
-634.0402
-642.1407
-656.9221
-633.9773
-642.037
-656.726
-641.9571
-656.5873
-656.3279
-634.0506
-642.1568
-656.9277
-642.0469
-656.7485
-656.6013
-642.167
-656.9508
-656.7595
-656.962
)
;

boundaryField
{
    interconnect0
    {
        type            zeroGradient;
    }
    interconnectSides
    {
        type            zeroGradient;
    }
    cathodeSides
    {
        type            zeroGradient;
    }
    phiEC_to_phiE0
    {
        type            zeroGradient;
    }
}


// ************************************************************************* //
