/*--------------------------------*- C++ -*----------------------------------*\
| =========                 |                                                 |
| \\      /  F ield         | OpenFOAM: The Open Source CFD Toolbox           |
|  \\    /   O peration     | Version:  2312                                  |
|   \\  /    A nd           | Website:  www.openfoam.com                      |
|    \\/     M anipulation  |                                                 |
\*---------------------------------------------------------------------------*/
FoamFile
{
    version     2.0;
    format      ascii;
    arch        "LSB;label=32;scalar=64";
    class       volScalarField;
    location    "0.5/electrolyte";
    object      T;
}
// * * * * * * * * * * * * * * * * * * * * * * * * * * * * * * * * * * * * * //

dimensions      [0 0 0 1 0 0 0];

internalField   nonuniform List<scalar> 
4000
(
313.0339
313.0343
313.034
313.028
313.035
313.0344
313.0284
313.034
313.0281
313.0217
313.0359
313.035
313.0291
313.0344
313.0285
313.0221
313.0339
313.028
313.0217
313.015
313.0365
313.0359
313.0301
313.035
313.0292
313.0229
313.0343
313.0285
313.0222
313.0155
313.0339
313.028
313.0217
313.0151
313.008
313.036
313.0366
313.0308
313.0359
313.0302
313.0239
313.035
313.0292
313.023
313.0163
313.0343
313.0284
313.0222
313.0155
313.0085
313.0339
313.028
313.0217
313.0151
313.0081
313.0352
313.0361
313.0303
313.0366
313.0309
313.0247
313.0359
313.0302
313.024
313.0174
313.035
313.0292
313.023
313.0164
313.0093
313.0343
313.0284
313.0221
313.0155
313.0085
313.0339
313.028
313.0217
313.015
313.0081
313.0345
313.0353
313.0296
313.0361
313.0305
313.0243
313.0365
313.0309
313.0248
313.0183
313.0359
313.0301
313.024
313.0175
313.0105
313.0349
313.0291
313.0229
313.0164
313.0094
313.0342
313.0284
313.0221
313.0155
313.0085
313.0338
313.0279
313.0217
313.015
313.008
313.0342
313.0347
313.0289
313.0353
313.0297
313.0235
313.036
313.0305
313.0245
313.0179
313.0365
313.0308
313.0248
313.0184
313.0115
313.0358
313.0301
313.024
313.0175
313.0106
313.0349
313.0291
313.0229
313.0163
313.0094
313.0342
313.0283
313.0221
313.0155
313.0085
313.0338
313.0279
313.0216
313.015
313.008
313.034
313.0344
313.0286
313.0347
313.0291
313.0229
313.0352
313.0297
313.0237
313.0171
313.036
313.0304
313.0245
313.0181
313.0111
313.0364
313.0308
313.0248
313.0184
313.0116
313.0358
313.03
313.0239
313.0174
313.0106
313.0349
313.0291
313.0228
313.0163
313.0094
313.0342
313.0283
313.0221
313.0154
313.0085
313.0338
313.0279
313.0216
313.0149
313.008
313.034
313.0342
313.0284
313.0343
313.0288
313.0225
313.0346
313.0291
313.0231
313.0165
313.0352
313.0296
313.0237
313.0173
313.0103
313.0359
313.0303
313.0244
313.0181
313.0113
313.0364
313.0307
313.0247
313.0183
313.0116
313.0358
313.03
313.0239
313.0174
313.0106
313.0349
313.029
313.0228
313.0162
313.0093
313.0342
313.0283
313.022
313.0154
313.0084
313.0338
313.0279
313.0216
313.0149
313.0079
313.0342
313.0342
313.0284
313.0342
313.0286
313.0224
313.0342
313.0287
313.0228
313.0161
313.0345
313.029
313.0231
313.0167
313.0097
313.0351
313.0296
313.0236
313.0173
313.0106
313.0359
313.0303
313.0243
313.018
313.0113
313.0364
313.0307
313.0246
313.0183
313.0116
313.0357
313.03
313.0238
313.0173
313.0105
313.0349
313.029
313.0228
313.0162
313.0093
313.0342
313.0283
313.022
313.0154
313.0084
313.0338
313.0279
313.0216
313.0149
313.0079
313.0345
313.0344
313.0286
313.0342
313.0286
313.0224
313.0341
313.0286
313.0226
313.0159
313.0342
313.0287
313.0227
313.0164
313.0093
313.0345
313.0289
313.023
313.0167
313.01
313.035
313.0295
313.0235
313.0172
313.0106
313.0358
313.0302
313.0242
313.0179
313.0112
313.0363
313.0306
313.0246
313.0182
313.0115
313.0357
313.0299
313.0238
313.0173
313.0105
313.0348
313.029
313.0228
313.0162
313.0092
313.0342
313.0283
313.022
313.0153
313.0084
313.0338
313.0279
313.0216
313.0149
313.0079
313.0352
313.0347
313.0289
313.0343
313.0288
313.0225
313.0341
313.0286
313.0226
313.0159
313.034
313.0285
313.0226
313.0162
313.0091
313.0341
313.0286
313.0226
313.0163
313.0096
313.0344
313.0289
313.0229
313.0166
313.0099
313.035
313.0294
313.0235
313.0171
313.0105
313.0358
313.0302
313.0242
313.0178
313.0111
313.0363
313.0306
313.0246
313.0181
313.0114
313.0357
313.0299
313.0238
313.0173
313.0104
313.0348
313.029
313.0227
313.0161
313.0092
313.0342
313.0283
313.022
313.0153
313.0083
313.0338
313.0279
313.0216
313.0149
313.0079
313.036
313.0353
313.0296
313.0347
313.0291
313.0229
313.0342
313.0287
313.0228
313.0161
313.034
313.0285
313.0226
313.0162
313.0091
313.0339
313.0284
313.0225
313.0162
313.0094
313.034
313.0285
313.0225
313.0162
313.0096
313.0344
313.0288
313.0228
313.0165
313.0098
313.035
313.0294
313.0234
313.017
313.0104
313.0358
313.0301
313.0241
313.0178
313.0111
313.0363
313.0306
313.0245
313.0181
313.0114
313.0357
313.0299
313.0237
313.0172
313.0104
313.0348
313.029
313.0227
313.0161
313.0092
313.0342
313.0283
313.022
313.0153
313.0083
313.0338
313.0279
313.0215
313.0149
313.0078
313.0365
313.0361
313.0303
313.0353
313.0297
313.0235
313.0346
313.0291
313.0231
313.0165
313.0342
313.0287
313.0227
313.0164
313.0093
313.0339
313.0284
313.0225
313.0162
313.0094
313.0339
313.0283
313.0224
313.0161
313.0094
313.034
313.0284
313.0224
313.0161
313.0095
313.0343
313.0287
313.0227
313.0164
313.0097
313.0349
313.0293
313.0233
313.017
313.0103
313.0358
313.0301
313.0241
313.0177
313.011
313.0363
313.0306
313.0245
313.0181
313.0113
313.0357
313.0299
313.0237
313.0172
313.0103
313.0348
313.029
313.0227
313.0161
313.0092
313.0342
313.0283
313.022
313.0153
313.0083
313.0338
313.0279
313.0215
313.0149
313.0078
313.0359
313.0366
313.0308
313.0361
313.0305
313.0243
313.0352
313.0297
313.0237
313.0171
313.0345
313.029
313.0231
313.0167
313.0097
313.0341
313.0286
313.0226
313.0163
313.0096
313.0339
313.0283
313.0224
313.0161
313.0094
313.0338
313.0282
313.0223
313.0159
313.0093
313.0339
313.0284
313.0224
313.016
313.0093
313.0343
313.0287
313.0227
313.0163
313.0096
313.0349
313.0293
313.0233
313.0169
313.0102
313.0357
313.0301
313.0241
313.0177
313.0109
313.0363
313.0306
313.0245
313.018
313.0113
313.0357
313.0299
313.0237
313.0172
313.0103
313.0348
313.0289
313.0227
313.0161
313.0091
313.0342
313.0283
313.022
313.0153
313.0083
313.0338
313.0278
313.0215
313.0148
313.0078
313.035
313.0359
313.0301
313.0366
313.0309
313.0247
313.036
313.0305
313.0245
313.0179
313.0352
313.0296
313.0237
313.0173
313.0103
313.0345
313.0289
313.023
313.0167
313.01
313.034
313.0285
313.0225
313.0162
313.0096
313.0338
313.0282
313.0223
313.0159
313.0093
313.0338
313.0282
313.0222
313.0158
313.0092
313.0339
313.0283
313.0223
313.0159
313.0092
313.0343
313.0287
313.0226
313.0163
313.0095
313.0349
313.0293
313.0232
313.0169
313.0101
313.0357
313.0301
313.024
313.0176
313.0109
313.0362
313.0305
313.0245
313.018
313.0112
313.0357
313.0299
313.0237
313.0172
313.0103
313.0348
313.0289
313.0227
313.0161
313.0091
313.0341
313.0282
313.0219
313.0153
313.0083
313.0338
313.0278
313.0215
313.0148
313.0078
313.0343
313.035
313.0291
313.0359
313.0302
313.0239
313.0365
313.0309
313.0248
313.0183
313.036
313.0304
313.0245
313.0181
313.0111
313.0351
313.0296
313.0236
313.0173
313.0106
313.0344
313.0289
313.0229
313.0166
313.0099
313.034
313.0284
313.0224
313.0161
313.0095
313.0338
313.0282
313.0222
313.0158
313.0092
313.0337
313.0281
313.0221
313.0158
313.009
313.0339
313.0283
313.0223
313.0159
313.0091
313.0343
313.0286
313.0226
313.0162
313.0094
313.0349
313.0293
313.0232
313.0168
313.0101
313.0357
313.0301
313.024
313.0176
313.0108
313.0362
313.0305
313.0244
313.018
313.0112
313.0357
313.0299
313.0237
313.0171
313.0103
313.0348
313.0289
313.0227
313.0161
313.0091
313.0341
313.0282
313.0219
313.0153
313.0083
313.0338
313.0278
313.0215
313.0148
313.0078
313.0339
313.0344
313.0284
313.035
313.0292
313.0229
313.0359
313.0302
313.024
313.0174
313.0365
313.0308
313.0248
313.0184
313.0115
313.0359
313.0303
313.0244
313.0181
313.0113
313.035
313.0295
313.0235
313.0172
313.0106
313.0344
313.0288
313.0228
313.0165
313.0098
313.0339
313.0284
313.0224
313.016
313.0093
313.0337
313.0281
313.0221
313.0158
313.009
313.0337
313.0281
313.0221
313.0157
313.0089
313.0339
313.0283
313.0222
313.0158
313.009
313.0342
313.0286
313.0226
313.0161
313.0094
313.0349
313.0292
313.0232
313.0168
313.01
313.0357
313.03
313.024
313.0176
313.0108
313.0362
313.0305
313.0244
313.018
313.0112
313.0356
313.0299
313.0237
313.0171
313.0103
313.0348
313.0289
313.0227
313.0161
313.0091
313.0341
313.0282
313.0219
313.0153
313.0083
313.0338
313.0278
313.0215
313.0148
313.0078
313.034
313.028
313.0344
313.0285
313.0221
313.035
313.0292
313.023
313.0163
313.0359
313.0301
313.024
313.0175
313.0105
313.0364
313.0308
313.0248
313.0184
313.0116
313.0359
313.0303
313.0243
313.018
313.0113
313.035
313.0294
313.0235
313.0171
313.0105
313.0343
313.0287
313.0227
313.0164
313.0097
313.0339
313.0283
313.0223
313.0159
313.0092
313.0337
313.0281
313.0221
313.0157
313.0089
313.0337
313.0281
313.022
313.0156
313.0089
313.0338
313.0282
313.0222
313.0157
313.009
313.0342
313.0286
313.0226
313.0161
313.0093
313.0349
313.0292
313.0232
313.0168
313.01
313.0357
313.03
313.024
313.0175
313.0108
313.0362
313.0305
313.0244
313.018
313.0112
313.0356
313.0298
313.0237
313.0171
313.0102
313.0348
313.0289
313.0227
313.016
313.0091
313.0341
313.0282
313.0219
313.0153
313.0082
313.0338
313.0278
313.0215
313.0148
313.0078
313.034
313.0281
313.0217
313.0343
313.0285
313.0222
313.0155
313.035
313.0292
313.023
313.0164
313.0093
313.0358
313.0301
313.024
313.0175
313.0106
313.0364
313.0307
313.0247
313.0183
313.0116
313.0358
313.0302
313.0242
313.0179
313.0112
313.035
313.0294
313.0234
313.017
313.0104
313.0343
313.0287
313.0227
313.0163
313.0096
313.0339
313.0283
313.0223
313.0159
313.0091
313.0337
313.0281
313.022
313.0156
313.0089
313.0337
313.0281
313.022
313.0156
313.0088
313.0338
313.0282
313.0222
313.0157
313.0089
313.0342
313.0286
313.0225
313.0161
313.0093
313.0348
313.0292
313.0232
313.0167
313.01
313.0357
313.03
313.024
313.0175
313.0108
313.0362
313.0305
313.0244
313.0179
313.0111
313.0356
313.0298
313.0237
313.0171
313.0102
313.0348
313.0289
313.0227
313.016
313.0091
313.0341
313.0282
313.0219
313.0152
313.0082
313.0337
313.0278
313.0215
313.0148
313.0078
313.0339
313.028
313.0217
313.015
313.0343
313.0284
313.0222
313.0155
313.0085
313.0349
313.0291
313.0229
313.0164
313.0094
313.0358
313.03
313.0239
313.0174
313.0106
313.0364
313.0307
313.0246
313.0183
313.0116
313.0358
313.0302
313.0242
313.0178
313.0111
313.0349
313.0293
313.0233
313.017
313.0103
313.0343
313.0287
313.0226
313.0163
313.0095
313.0339
313.0283
313.0222
313.0158
313.009
313.0337
313.0281
313.022
313.0156
313.0088
313.0336
313.028
313.022
313.0156
313.0087
313.0338
313.0282
313.0221
313.0157
313.0089
313.0342
313.0286
313.0225
313.0161
313.0093
313.0348
313.0292
313.0232
313.0167
313.0099
313.0357
313.03
313.0239
313.0175
313.0107
313.0362
313.0305
313.0244
313.0179
313.0111
313.0356
313.0298
313.0236
313.0171
313.0102
313.0348
313.0289
313.0226
313.016
313.0091
313.0341
313.0282
313.0219
313.0152
313.0082
313.0337
313.0278
313.0215
313.0148
313.0078
313.0339
313.028
313.0217
313.0151
313.008
313.0343
313.0284
313.0221
313.0155
313.0085
313.0349
313.0291
313.0229
313.0163
313.0094
313.0358
313.03
313.0239
313.0174
313.0106
313.0363
313.0306
313.0246
313.0182
313.0115
313.0358
313.0301
313.0241
313.0178
313.0111
313.0349
313.0293
313.0233
313.0169
313.0102
313.0343
313.0286
313.0226
313.0162
313.0094
313.0338
313.0282
313.0222
313.0157
313.009
313.0336
313.028
313.022
313.0156
313.0087
313.0337
313.028
313.022
313.0155
313.0087
313.0338
313.0282
313.0221
313.0157
313.0089
313.0342
313.0285
313.0225
313.016
313.0092
313.0348
313.0292
313.0231
313.0167
313.0099
313.0356
313.03
313.0239
313.0175
313.0107
313.0362
313.0305
313.0244
313.0179
313.0111
313.0356
313.0298
313.0236
313.0171
313.0102
313.0348
313.0289
313.0226
313.016
313.0091
313.0341
313.0282
313.0219
313.0152
313.0082
313.0337
313.0278
313.0215
313.0148
313.0078
313.0339
313.028
313.0217
313.0151
313.0081
313.0342
313.0284
313.0221
313.0155
313.0085
313.0349
313.0291
313.0228
313.0163
313.0094
313.0357
313.03
313.0238
313.0173
313.0105
313.0363
313.0306
313.0246
313.0181
313.0114
313.0358
313.0301
313.0241
313.0177
313.011
313.0349
313.0293
313.0232
313.0169
313.0101
313.0342
313.0286
313.0226
313.0161
313.0094
313.0338
313.0282
313.0222
313.0157
313.0089
313.0337
313.028
313.022
313.0155
313.0087
313.0336
313.028
313.0219
313.0155
313.0087
313.0338
313.0282
313.0221
313.0156
313.0088
313.0342
313.0285
313.0225
313.0161
313.0092
313.0348
313.0292
313.0231
313.0167
313.0099
313.0357
313.03
313.0239
313.0175
313.0107
313.0362
313.0305
313.0244
313.0179
313.0111
313.0356
313.0298
313.0236
313.0171
313.0102
313.0348
313.0289
313.0226
313.016
313.009
313.0341
313.0282
313.0219
313.0152
313.0082
313.0337
313.0278
313.0215
313.0148
313.0078
313.0339
313.028
313.0217
313.015
313.0081
313.0342
313.0283
313.0221
313.0155
313.0085
313.0349
313.029
313.0228
313.0162
313.0093
313.0357
313.0299
313.0238
313.0173
313.0105
313.0363
313.0306
313.0245
313.0181
313.0114
313.0357
313.0301
313.0241
313.0177
313.0109
313.0349
313.0293
313.0232
313.0168
313.01
313.0342
313.0286
313.0226
313.0161
313.0093
313.0338
313.0282
313.0221
313.0157
313.0089
313.0336
313.028
313.0219
313.0155
313.0087
313.0336
313.028
313.022
313.0155
313.0086
313.0338
313.0281
313.0221
313.0157
313.0088
313.0341
313.0285
313.0224
313.016
313.0092
313.0348
313.0291
313.0231
313.0166
313.0099
313.0357
313.03
313.0239
313.0175
313.0107
313.0362
313.0305
313.0244
313.0179
313.0111
313.0356
313.0298
313.0236
313.0171
313.0102
313.0347
313.0289
313.0226
313.016
313.009
313.0341
313.0282
313.0219
313.0152
313.0082
313.0337
313.0278
313.0215
313.0148
313.0078
313.0338
313.0279
313.0217
313.015
313.008
313.0342
313.0283
313.0221
313.0154
313.0085
313.0349
313.029
313.0228
313.0162
313.0093
313.0357
313.0299
313.0238
313.0173
313.0104
313.0363
313.0306
313.0245
313.0181
313.0113
313.0357
313.0301
313.024
313.0176
313.0109
313.0349
313.0292
313.0232
313.0168
313.01
313.0342
313.0286
313.0225
313.0161
313.0093
313.0338
313.0282
313.0221
313.0157
313.0089
313.0336
313.028
313.022
313.0155
313.0086
313.0336
313.0279
313.0219
313.0155
313.0086
313.0337
313.0281
313.022
313.0156
313.0088
313.0342
313.0285
313.0224
313.016
313.0092
313.0348
313.0292
313.0231
313.0166
313.0098
313.0356
313.03
313.0239
313.0174
313.0107
313.0362
313.0305
313.0244
313.0179
313.0111
313.0356
313.0298
313.0236
313.0171
313.0102
313.0348
313.0289
313.0226
313.016
313.009
313.0341
313.0282
313.0219
313.0152
313.0082
313.0337
313.0278
313.0215
313.0148
313.0077
313.0338
313.0279
313.0216
313.015
313.008
313.0342
313.0283
313.022
313.0154
313.0084
313.0348
313.029
313.0228
313.0162
313.0092
313.0357
313.0299
313.0237
313.0172
313.0104
313.0363
313.0306
313.0245
313.018
313.0113
313.0357
313.0301
313.024
313.0176
313.0108
313.0349
313.0292
313.0232
313.0168
313.01
313.0342
313.0286
313.0225
313.0161
313.0093
313.0338
313.0282
313.0221
313.0156
313.0088
313.0336
313.0279
313.0219
313.0155
313.0086
313.0336
313.0279
313.0219
313.0154
313.0086
313.0338
313.0281
313.022
313.0156
313.0088
313.0342
313.0285
313.0224
313.016
313.0091
313.0348
313.0292
313.0231
313.0166
313.0098
313.0356
313.03
313.0239
313.0175
313.0106
313.0362
313.0305
313.0243
313.0179
313.0111
313.0356
313.0298
313.0236
313.0171
313.0102
313.0348
313.0289
313.0226
313.016
313.009
313.0341
313.0282
313.0219
313.0152
313.0082
313.0337
313.0278
313.0215
313.0148
313.0077
313.0338
313.0279
313.0216
313.0149
313.008
313.0342
313.0283
313.022
313.0154
313.0084
313.0348
313.029
313.0227
313.0161
313.0092
313.0357
313.0299
313.0237
313.0172
313.0103
313.0362
313.0305
313.0245
313.018
313.0112
313.0357
313.03
313.024
313.0176
313.0108
313.0348
313.0292
313.0232
313.0167
313.01
313.0342
313.0285
313.0225
313.016
313.0092
313.0338
313.0281
313.0221
313.0157
313.0088
313.0336
313.0279
313.0219
313.0154
313.0086
313.0336
313.0279
313.0219
313.0154
313.0086
313.0338
313.0281
313.022
313.0156
313.0087
313.0342
313.0285
313.0225
313.0159
313.0091
313.0348
313.0292
313.0231
313.0166
313.0098
313.0356
313.03
313.0239
313.0175
313.0107
313.0362
313.0304
313.0243
313.0179
313.0111
313.0356
313.0298
313.0236
313.017
313.0102
313.0348
313.0289
313.0226
313.016
313.009
313.0341
313.0282
313.0219
313.0152
313.0082
313.0337
313.0278
313.0215
313.0148
313.0077
313.0338
313.0279
313.0216
313.0149
313.0079
313.0342
313.0283
313.022
313.0153
313.0084
313.0348
313.029
313.0227
313.0161
313.0092
313.0357
313.0299
313.0237
313.0172
313.0103
313.0362
313.0305
313.0244
313.018
313.0112
313.0357
313.03
313.024
313.0175
313.0108
313.0348
313.0292
313.0232
313.0167
313.0099
313.0341
313.0285
313.0225
313.016
313.0092
313.0337
313.0281
313.022
313.0156
313.0088
313.0336
313.0279
313.0219
313.0154
313.0086
313.0336
313.028
313.0218
313.0154
313.0085
313.0338
313.0282
313.0221
313.0155
313.0087
313.0342
313.0285
313.0225
313.016
313.0091
313.0348
313.0291
313.0231
313.0167
313.0098
313.0356
313.0299
313.0239
313.0174
313.0107
313.0362
313.0305
313.0243
313.0179
313.0111
313.0356
313.0298
313.0236
313.017
313.0101
313.0348
313.0289
313.0226
313.016
313.009
313.0341
313.0282
313.0219
313.0152
313.0082
313.0337
313.0278
313.0215
313.0148
313.0077
313.0338
313.0279
313.0216
313.0149
313.0079
313.0342
313.0283
313.022
313.0153
313.0083
313.0348
313.029
313.0227
313.0161
313.0092
313.0357
313.0299
313.0237
313.0172
313.0103
313.0362
313.0305
313.0244
313.018
313.0112
313.0357
313.03
313.024
313.0175
313.0108
313.0348
313.0292
313.0231
313.0167
313.0099
313.0341
313.0285
313.0224
313.016
313.0092
313.0338
313.0281
313.022
313.0156
313.0088
313.0336
313.028
313.0218
313.0154
313.0085
313.0336
313.028
313.0219
313.0153
313.0085
313.0338
313.0281
313.0221
313.0156
313.0087
313.0341
313.0285
313.0224
313.016
313.0091
313.0348
313.0291
313.0231
313.0166
313.0098
313.0356
313.03
313.0239
313.0174
313.0106
313.0362
313.0305
313.0243
313.0178
313.011
313.0356
313.0298
313.0236
313.0171
313.0101
313.0348
313.0289
313.0226
313.016
313.009
313.0341
313.0282
313.0219
313.0152
313.0082
313.0337
313.0278
313.0215
313.0148
313.0078
313.0338
313.0279
313.0216
313.0149
313.0079
313.0342
313.0283
313.022
313.0153
313.0083
313.0348
313.0289
313.0227
313.0161
313.0091
313.0357
313.0299
313.0237
313.0171
313.0103
313.0362
313.0305
313.0244
313.018
313.0112
313.0357
313.03
313.0239
313.0175
313.0107
313.0348
313.0292
313.0231
313.0167
313.0099
313.0342
313.0285
313.0224
313.016
313.0092
313.0338
313.0281
313.022
313.0156
313.0087
313.0336
313.028
313.0219
313.0153
313.0085
313.0336
313.028
313.0219
313.0154
313.0085
313.0338
313.0281
313.0221
313.0156
313.0087
313.0342
313.0285
313.0224
313.016
313.0092
313.0348
313.0292
313.023
313.0166
313.0098
313.0357
313.03
313.0239
313.0174
313.0106
313.0362
313.0305
313.0243
313.0179
313.011
313.0356
313.0298
313.0236
313.017
313.0102
313.0347
313.0289
313.0226
313.016
313.009
313.0341
313.0282
313.0219
313.0152
313.0082
313.0337
313.0278
313.0215
313.0148
313.0077
313.0338
313.0279
313.0216
313.0149
313.0079
313.0342
313.0283
313.022
313.0153
313.0083
313.0348
313.0289
313.0227
313.0161
313.0091
313.0356
313.0299
313.0237
313.0171
313.0103
313.0362
313.0305
313.0244
313.0179
313.0111
313.0356
313.03
313.0239
313.0175
313.0107
313.0348
313.0291
313.0231
313.0166
313.0099
313.0342
313.0285
313.0224
313.016
313.0091
313.0338
313.0281
313.0221
313.0155
313.0087
313.0336
313.028
313.0219
313.0154
313.0085
313.0336
313.028
313.0219
313.0154
313.0086
313.0338
313.0281
313.022
313.0156
313.0088
313.0342
313.0285
313.0224
313.016
313.0091
313.0348
313.0291
313.0231
313.0166
313.0098
313.0357
313.03
313.0239
313.0174
313.0106
313.0362
313.0305
313.0244
313.0179
313.0111
313.0356
313.0298
313.0236
313.0171
313.0101
313.0347
313.0289
313.0226
313.016
313.009
313.0341
313.0282
313.0219
313.0152
313.0082
313.0337
313.0278
313.0215
313.0148
313.0077
313.0338
313.0279
313.0215
313.0149
313.0078
313.0342
313.0283
313.022
313.0153
313.0083
313.0348
313.0289
313.0227
313.0161
313.0091
313.0356
313.0298
313.0237
313.0171
313.0102
313.0362
313.0305
313.0244
313.0179
313.0111
313.0357
313.03
313.0239
313.0175
313.0107
313.0348
313.0292
313.0231
313.0166
313.0098
313.0341
313.0285
313.0224
313.0159
313.0091
313.0338
313.0281
313.0221
313.0156
313.0087
313.0336
313.028
313.0219
313.0154
313.0086
313.0336
313.0279
313.0219
313.0154
313.0086
313.0338
313.0281
313.022
313.0156
313.0087
313.0342
313.0285
313.0224
313.0159
313.0091
313.0348
313.0292
313.0231
313.0166
313.0097
313.0356
313.03
313.0239
313.0174
313.0106
313.0362
313.0305
313.0244
313.0179
313.011
313.0356
313.0298
313.0236
313.0171
313.0102
313.0347
313.0289
313.0226
313.016
313.009
313.0341
313.0282
313.0219
313.0152
313.0082
313.0337
313.0278
313.0215
313.0148
313.0077
313.0338
313.0279
313.0215
313.0149
313.0078
313.0341
313.0282
313.0219
313.0153
313.0083
313.0348
313.0289
313.0227
313.0161
313.0091
313.0356
313.0298
313.0236
313.0171
313.0102
313.0362
313.0305
313.0244
313.0179
313.0111
313.0357
313.03
313.0239
313.0175
313.0107
313.0348
313.0292
313.0231
313.0166
313.0098
313.0342
313.0285
313.0225
313.016
313.0091
313.0338
313.0281
313.022
313.0156
313.0087
313.0336
313.0279
313.0219
313.0154
313.0086
313.0336
313.028
313.0219
313.0154
313.0085
313.0338
313.0281
313.0221
313.0155
313.0087
313.0342
313.0286
313.0224
313.016
313.0091
313.0348
313.0292
313.0231
313.0166
313.0098
313.0356
313.03
313.0239
313.0175
313.0106
313.0362
313.0304
313.0243
313.0179
313.0111
313.0356
313.0298
313.0236
313.017
313.0102
313.0347
313.0289
313.0226
313.016
313.009
313.0341
313.0282
313.0219
313.0152
313.0082
313.0337
313.0278
313.0214
313.0148
313.0077
313.0338
313.0278
313.0215
313.0148
313.0078
313.0341
313.0282
313.0219
313.0153
313.0083
313.0348
313.0289
313.0227
313.016
313.0091
313.0356
313.0298
313.0236
313.0171
313.0102
313.0362
313.0305
313.0244
313.0179
313.0111
313.0356
313.03
313.0239
313.0174
313.0107
313.0348
313.0291
313.0231
313.0166
313.0098
313.0341
313.0285
313.0224
313.016
313.0091
313.0338
313.0281
313.022
313.0156
313.0088
313.0336
313.028
313.0219
313.0154
313.0085
313.0337
313.028
313.0219
313.0154
313.0085
313.0338
313.0282
313.022
313.0156
313.0087
313.0342
313.0286
313.0225
313.016
313.0091
313.0348
313.0292
313.0231
313.0167
313.0098
313.0356
313.03
313.0239
313.0175
313.0107
313.0362
313.0304
313.0243
313.0179
313.0111
313.0356
313.0298
313.0236
313.017
313.0102
313.0347
313.0289
313.0226
313.016
313.009
313.0341
313.0282
313.0219
313.0152
313.0082
313.0337
313.0278
313.0214
313.0147
313.0077
313.0338
313.0278
313.0215
313.0148
313.0078
313.0341
313.0282
313.0219
313.0153
313.0083
313.0348
313.0289
313.0227
313.016
313.0091
313.0356
313.0298
313.0236
313.0171
313.0102
313.0362
313.0305
313.0244
313.0179
313.0111
313.0356
313.03
313.0239
313.0175
313.0106
313.0348
313.0291
313.0231
313.0166
313.0098
313.0342
313.0285
313.0224
313.016
313.0091
313.0338
313.0281
313.022
313.0156
313.0087
313.0337
313.0279
313.0219
313.0154
313.0085
313.0337
313.028
313.0219
313.0154
313.0085
313.0338
313.0282
313.0221
313.0156
313.0087
313.0342
313.0285
313.0225
313.016
313.0091
313.0348
313.0292
313.0231
313.0167
313.0099
313.0356
313.03
313.0239
313.0175
313.0107
313.0362
313.0304
313.0243
313.0179
313.0111
313.0356
313.0298
313.0236
313.017
313.0101
313.0347
313.0288
313.0226
313.016
313.009
313.0341
313.0282
313.0218
313.0152
313.0082
313.0337
313.0278
313.0214
313.0147
313.0077
313.0338
313.0278
313.0215
313.0148
313.0078
313.0341
313.0282
313.0219
313.0153
313.0082
313.0348
313.0289
313.0226
313.016
313.0091
313.0356
313.0298
313.0236
313.0171
313.0102
313.0362
313.0305
313.0244
313.0179
313.0111
313.0356
313.03
313.0239
313.0175
313.0107
313.0348
313.0291
313.0231
313.0166
313.0098
313.0341
313.0285
313.0224
313.016
313.0091
313.0338
313.0281
313.0221
313.0155
313.0087
313.0337
313.028
313.0219
313.0154
313.0085
313.0336
313.028
313.022
313.0154
313.0086
313.0338
313.0282
313.0221
313.0157
313.0087
313.0342
313.0285
313.0225
313.016
313.0092
313.0348
313.0292
313.0231
313.0167
313.0098
313.0356
313.03
313.0239
313.0174
313.0106
313.0361
313.0304
313.0243
313.0179
313.011
313.0356
313.0298
313.0236
313.017
313.0101
313.0347
313.0288
313.0226
313.016
313.009
313.0341
313.0282
313.0219
313.0152
313.0082
313.0337
313.0278
313.0214
313.0147
313.0077
313.0338
313.0278
313.0215
313.0148
313.0078
313.0341
313.0282
313.0219
313.0152
313.0082
313.0348
313.0289
313.0226
313.016
313.0091
313.0356
313.0298
313.0236
313.0171
313.0102
313.0362
313.0305
313.0243
313.0179
313.0111
313.0356
313.0299
313.0239
313.0174
313.0107
313.0348
313.0291
313.023
313.0166
313.0098
313.0342
313.0285
313.0224
313.0159
313.0091
313.0338
313.0282
313.022
313.0156
313.0087
313.0336
313.028
313.022
313.0154
313.0086
313.0336
313.028
313.022
313.0155
313.0085
313.0338
313.0282
313.0221
313.0157
313.0088
313.0342
313.0285
313.0225
313.016
313.0092
313.0348
313.0292
313.0231
313.0166
313.0098
313.0356
313.0299
313.0239
313.0174
313.0106
313.0361
313.0304
313.0243
313.0178
313.011
313.0356
313.0298
313.0236
313.017
313.0101
313.0347
313.0289
313.0226
313.0159
313.009
313.0341
313.0282
313.0219
313.0152
313.0081
313.0337
313.0277
313.0214
313.0147
313.0077
313.0338
313.0278
313.0215
313.0148
313.0078
313.0341
313.0282
313.0219
313.0152
313.0082
313.0348
313.0289
313.0226
313.016
313.009
313.0356
313.0298
313.0236
313.0171
313.0102
313.0362
313.0304
313.0243
313.0179
313.0111
313.0356
313.03
313.0239
313.0174
313.0106
313.0348
313.0291
313.0231
313.0166
313.0098
313.0342
313.0286
313.0224
313.016
313.0091
313.0338
313.0282
313.0221
313.0155
313.0087
313.0336
313.028
313.022
313.0155
313.0085
313.0336
313.028
313.0219
313.0155
313.0086
313.0338
313.0282
313.0221
313.0156
313.0088
313.0342
313.0285
313.0225
313.016
313.0092
313.0348
313.0291
313.0231
313.0166
313.0098
313.0356
313.0299
313.0239
313.0174
313.0106
313.0361
313.0304
313.0243
313.0178
313.011
313.0356
313.0298
313.0236
313.017
313.0101
313.0347
313.0289
313.0226
313.0159
313.009
313.0341
313.0281
313.0219
313.0152
313.0081
313.0336
313.0278
313.0214
313.0148
313.0077
313.0337
313.0278
313.0215
313.0148
313.0078
313.0341
313.0282
313.0219
313.0152
313.0082
313.0347
313.0289
313.0226
313.016
313.009
313.0356
313.0298
313.0236
313.0171
313.0102
313.0362
313.0305
313.0243
313.0179
313.011
313.0357
313.0299
313.0239
313.0174
313.0106
313.0348
313.0292
313.0231
313.0166
313.0097
313.0342
313.0286
313.0225
313.0159
313.0091
313.0338
313.0282
313.0221
313.0157
313.0087
313.0336
313.028
313.0219
313.0155
313.0086
313.0336
313.028
313.0219
313.0155
313.0086
313.0338
313.0282
313.0221
313.0156
313.0088
313.0341
313.0285
313.0225
313.016
313.0091
313.0348
313.0291
313.0231
313.0166
313.0098
313.0356
313.0299
313.0238
313.0174
313.0106
313.0362
313.0304
313.0243
313.0178
313.011
313.0355
313.0298
313.0236
313.017
313.0101
313.0347
313.0288
313.0226
313.016
313.009
313.034
313.0282
313.0218
313.0152
313.0082
313.0277
313.0214
313.0147
313.0077
313.0337
313.0278
313.0215
313.0148
313.0078
313.0341
313.0282
313.0219
313.0152
313.0082
313.0348
313.0289
313.0226
313.016
313.009
313.0356
313.0298
313.0236
313.017
313.0102
313.0362
313.0304
313.0243
313.0178
313.011
313.0357
313.03
313.0239
313.0174
313.0106
313.0348
313.0292
313.0231
313.0166
313.0098
313.0342
313.0285
313.0225
313.016
313.0091
313.0338
313.0281
313.0221
313.0157
313.0088
313.0336
313.028
313.0219
313.0155
313.0086
313.0336
313.028
313.0219
313.0154
313.0086
313.0337
313.0281
313.0221
313.0156
313.0088
313.0341
313.0285
313.0224
313.016
313.0092
313.0348
313.0291
313.023
313.0166
313.0098
313.0356
313.0299
313.0238
313.0174
313.0106
313.0361
313.0304
313.0243
313.0178
313.011
313.0356
313.0297
313.0236
313.017
313.0101
313.0346
313.0288
313.0226
313.016
313.009
313.0281
313.0218
313.0152
313.0082
313.0213
313.0147
313.0077
313.0337
313.0278
313.0215
313.0148
313.0078
313.0341
313.0282
313.0219
313.0152
313.0082
313.0348
313.0289
313.0226
313.016
313.009
313.0356
313.0298
313.0236
313.017
313.0101
313.0362
313.0305
313.0243
313.0179
313.011
313.0356
313.03
313.0239
313.0174
313.0106
313.0348
313.0292
313.0231
313.0167
313.0098
313.0342
313.0285
313.0225
313.016
313.0092
313.0338
313.0282
313.0221
313.0156
313.0088
313.0336
313.028
313.0219
313.0154
313.0086
313.0336
313.028
313.0219
313.0155
313.0086
313.0337
313.0281
313.0221
313.0156
313.0088
313.0341
313.0285
313.0224
313.016
313.0091
313.0348
313.0291
313.023
313.0166
313.0098
313.0356
313.0299
313.0239
313.0174
313.0106
313.0361
313.0304
313.0243
313.0178
313.011
313.0355
313.0298
313.0235
313.017
313.0101
313.0287
313.0226
313.0159
313.009
313.0218
313.0152
313.0081
313.0146
313.0077
313.0337
313.0278
313.0215
313.0148
313.0078
313.0341
313.0282
313.0219
313.0152
313.0082
313.0348
313.0289
313.0226
313.016
313.009
313.0356
313.0298
313.0236
313.0171
313.0101
313.0362
313.0305
313.0244
313.0179
313.011
313.0356
313.03
313.0239
313.0175
313.0106
313.0348
313.0291
313.0231
313.0167
313.0098
313.0342
313.0285
313.0224
313.016
313.0092
313.0338
313.0282
313.0221
313.0156
313.0088
313.0336
313.028
313.0219
313.0155
313.0086
313.0336
313.0279
313.0219
313.0154
313.0086
313.0338
313.0281
313.022
313.0156
313.0088
313.0341
313.0285
313.0224
313.0159
313.0091
313.0347
313.0291
313.0231
313.0166
313.0097
313.0356
313.0299
313.0239
313.0174
313.0106
313.036
313.0304
313.0243
313.0179
313.011
313.0296
313.0236
313.017
313.0101
313.0225
313.016
313.009
313.0151
313.0082
313.0076
313.0337
313.0278
313.0215
313.0148
313.0078
313.0341
313.0282
313.0219
313.0152
313.0082
313.0348
313.0289
313.0226
313.016
313.009
313.0356
313.0298
313.0236
313.017
313.0102
313.0362
313.0305
313.0244
313.0179
313.011
313.0356
313.03
313.0239
313.0175
313.0107
313.0348
313.0292
313.0231
313.0166
313.0098
313.0342
313.0285
313.0225
313.016
313.0091
313.0337
313.0281
313.0221
313.0156
313.0087
313.0336
313.0279
313.0219
313.0154
313.0086
313.0336
313.0279
313.0218
313.0154
313.0086
313.0337
313.0281
313.022
313.0155
313.0087
313.0341
313.0285
313.0224
313.0159
313.0091
313.0347
313.0291
313.0231
313.0166
313.0097
313.0354
313.0299
313.0238
313.0174
313.0106
313.0303
313.0243
313.0178
313.011
313.0234
313.017
313.0101
313.0158
313.009
313.008
313.0337
313.0278
313.0215
313.0148
313.0077
313.0341
313.0282
313.0219
313.0152
313.0082
313.0348
313.0289
313.0226
313.016
313.009
313.0356
313.0298
313.0236
313.0171
313.0101
313.0362
313.0304
313.0243
313.0179
313.0111
313.0356
313.03
313.0239
313.0174
313.0107
313.0348
313.0292
313.0231
313.0166
313.0098
313.0341
313.0285
313.0225
313.016
313.0091
313.0337
313.0281
313.0221
313.0156
313.0088
313.0336
313.0279
313.0218
313.0154
313.0086
313.0336
313.0279
313.0218
313.0154
313.0086
313.0337
313.0281
313.022
313.0155
313.0087
313.0341
313.0284
313.0224
313.016
313.0091
313.0346
313.0291
313.023
313.0166
313.0098
313.0297
313.0239
313.0174
313.0106
313.0241
313.0178
313.011
313.0169
313.0101
313.0088
313.0337
313.0278
313.0215
313.0148
313.0077
313.0341
313.0282
313.0219
313.0152
313.0082
313.0347
313.0289
313.0226
313.016
313.009
313.0356
313.0298
313.0236
313.0171
313.0102
313.0362
313.0304
313.0243
313.0179
313.0111
313.0356
313.03
313.0239
313.0174
313.0106
313.0348
313.0291
313.0231
313.0166
313.0098
313.0341
313.0285
313.0224
313.016
313.0091
313.0338
313.0281
313.022
313.0156
313.0088
313.0336
313.0279
313.0218
313.0154
313.0086
313.0335
313.0279
313.0219
313.0153
313.0085
313.0337
313.028
313.022
313.0156
313.0087
313.0339
313.0284
313.0223
313.0159
313.0091
313.0289
313.023
313.0165
313.0098
313.0236
313.0174
313.0105
313.0176
313.011
313.0099
313.0337
313.0278
313.0215
313.0148
313.0077
313.0341
313.0282
313.0219
313.0152
313.0082
313.0347
313.0289
313.0226
313.016
313.009
313.0356
313.0298
313.0236
313.017
313.0102
313.0362
313.0304
313.0243
313.0179
313.011
313.0356
313.0299
313.0239
313.0174
313.0106
313.0348
313.0291
313.0231
313.0166
313.0098
313.0341
313.0285
313.0224
313.016
313.0091
313.0337
313.0281
313.022
313.0155
313.0087
313.0335
313.0279
313.0219
313.0153
313.0085
313.0335
313.0279
313.0218
313.0154
313.0085
313.0336
313.028
313.022
313.0155
313.0087
313.0283
313.0224
313.0159
313.0091
313.0228
313.0166
313.0097
313.0172
313.0106
313.0108
313.0337
313.0278
313.0215
313.0148
313.0077
313.0341
313.0282
313.0219
313.0152
313.0082
313.0347
313.0289
313.0226
313.016
313.009
313.0356
313.0298
313.0236
313.017
313.0102
313.0361
313.0304
313.0243
313.0179
313.011
313.0356
313.0299
313.0239
313.0174
313.0106
313.0348
313.0291
313.023
313.0166
313.0098
313.0341
313.0285
313.0224
313.0159
313.0091
313.0337
313.0281
313.022
313.0155
313.0087
313.0335
313.0279
313.0218
313.0154
313.0085
313.0334
313.0279
313.0218
313.0154
313.0085
313.0279
313.022
313.0155
313.0087
313.0222
313.0159
313.009
313.0163
313.0097
313.0103
313.0337
313.0278
313.0215
313.0148
313.0078
313.0341
313.0282
313.0219
313.0152
313.0082
313.0347
313.0289
313.0226
313.016
313.009
313.0356
313.0298
313.0236
313.017
313.0101
313.0361
313.0304
313.0243
313.0178
313.011
313.0356
313.0299
313.0238
313.0174
313.0106
313.0348
313.0291
313.023
313.0166
313.0098
313.0341
313.0285
313.0224
313.0159
313.0091
313.0337
313.028
313.022
313.0156
313.0087
313.0334
313.0279
313.0218
313.0154
313.0085
313.0277
313.0218
313.0153
313.0085
313.0218
313.0155
313.0086
313.0157
313.009
313.0095
313.0337
313.0278
313.0215
313.0148
313.0077
313.0341
313.0282
313.0219
313.0152
313.0082
313.0347
313.0289
313.0226
313.016
313.009
313.0356
313.0298
313.0236
313.017
313.0101
313.0361
313.0304
313.0243
313.0178
313.011
313.0356
313.0299
313.0238
313.0174
313.0106
313.0347
313.0291
313.0231
313.0166
313.0097
313.0341
313.0284
313.0224
313.0159
313.0091
313.0336
313.028
313.0219
313.0155
313.0087
313.0277
313.0218
313.0153
313.0085
313.0216
313.0153
313.0084
313.0153
313.0086
313.0088
313.0337
313.0278
313.0215
313.0148
313.0077
313.0341
313.0282
313.0219
313.0152
313.0082
313.0347
313.0288
313.0226
313.016
313.009
313.0356
313.0298
313.0236
313.017
313.0101
313.0362
313.0304
313.0243
313.0178
313.011
313.0356
313.0299
313.0239
313.0174
313.0106
313.0347
313.0291
313.0231
313.0166
313.0097
313.0339
313.0284
313.0223
313.0159
313.0091
313.0279
313.022
313.0155
313.0087
313.0216
313.0153
313.0084
313.0151
313.0085
313.0084
313.0337
313.0278
313.0215
313.0148
313.0077
313.0341
313.0282
313.0219
313.0152
313.0082
313.0347
313.0288
313.0226
313.016
313.009
313.0356
313.0298
313.0236
313.017
313.0101
313.0361
313.0304
313.0243
313.0178
313.011
313.0356
313.0299
313.0239
313.0174
313.0106
313.0346
313.0291
313.023
313.0166
313.0098
313.0283
313.0224
313.0159
313.0091
313.0218
313.0155
313.0086
313.0151
313.0085
313.0082
313.0337
313.0278
313.0214
313.0148
313.0077
313.0341
313.0282
313.0218
313.0152
313.0082
313.0347
313.0289
313.0226
313.0159
313.009
313.0355
313.0298
313.0236
313.017
313.0101
313.0361
313.0304
313.0243
313.0178
313.011
313.0354
313.0299
313.0238
313.0174
313.0106
313.0289
313.023
313.0165
313.0098
313.0222
313.0159
313.009
313.0153
313.0086
313.0082
313.0337
313.0278
313.0214
313.0147
313.0077
313.0341
313.0282
313.0219
313.0152
313.0082
313.0347
313.0289
313.0226
313.0159
313.009
313.0356
313.0297
313.0236
313.017
313.0101
313.036
313.0304
313.0243
313.0179
313.011
313.0297
313.0239
313.0174
313.0106
313.0228
313.0166
313.0097
313.0157
313.009
313.0084
313.0337
313.0278
313.0214
313.0147
313.0077
313.0341
313.0282
313.0219
313.0152
313.0081
313.0347
313.0288
313.0226
313.016
313.009
313.0355
313.0298
313.0235
313.017
313.0101
313.0303
313.0243
313.0178
313.011
313.0236
313.0174
313.0105
313.0163
313.0097
313.0088
313.0337
313.0278
313.0214
313.0147
313.0077
313.0341
313.0281
313.0219
313.0152
313.0081
313.0346
313.0288
313.0226
313.016
313.009
313.0296
313.0236
313.017
313.0101
313.0241
313.0178
313.011
313.0172
313.0106
313.0095
313.0337
313.0277
313.0214
313.0147
313.0077
313.034
313.0282
313.0218
313.0152
313.0082
313.0287
313.0226
313.0159
313.009
313.0234
313.017
313.0101
313.0176
313.011
313.0103
313.0336
313.0278
313.0214
313.0148
313.0077
313.0281
313.0218
313.0152
313.0082
313.0225
313.016
313.009
313.0169
313.0101
313.0108
313.0277
313.0214
313.0147
313.0077
313.0218
313.0152
313.0081
313.0158
313.009
313.0099
313.0213
313.0147
313.0077
313.0151
313.0082
313.0088
313.0146
313.0077
313.008
313.0076
)
;

boundaryField
{
    electrolyteSides
    {
        type            zeroGradient;
    }
    electrolyte_to_fuel
    {
        type            zeroGradient;
    }
    electrolyte_to_air
    {
        type            zeroGradient;
    }
}


// ************************************************************************* //
