/*--------------------------------*- C++ -*----------------------------------*\
| =========                 |                                                 |
| \\      /  F ield         | OpenFOAM: The Open Source CFD Toolbox           |
|  \\    /   O peration     | Version:  2312                                  |
|   \\  /    A nd           | Website:  www.openfoam.com                      |
|    \\/     M anipulation  |                                                 |
\*---------------------------------------------------------------------------*/
FoamFile
{
    version     2.0;
    format      ascii;
    arch        "LSB;label=32;scalar=64";
    class       volScalarField;
    location    "10/phiI";
    object      act;
}
// * * * * * * * * * * * * * * * * * * * * * * * * * * * * * * * * * * * * * //

dimensions      [0 0 0 0 0 0 0];

internalField   nonuniform List<scalar> 
12000
(
3.1267
3.126147
3.127317
3.126451
3.125552
3.126801
3.125956
3.127646
3.127088
3.126784
3.124896
3.126255
3.125426
3.127145
3.12663
3.12632
3.127882
3.127472
3.127417
3.12699
3.124163
3.125646
3.124823
3.126617
3.126141
3.125817
3.127387
3.127027
3.126985
3.126553
3.128112
3.127752
3.127801
3.127647
3.127107
3.123369
3.124962
3.124141
3.126027
3.125589
3.125245
3.126866
3.126554
3.126521
3.126078
3.127617
3.12731
3.127381
3.127241
3.126698
3.128377
3.127987
3.128085
3.128036
3.127754
0
3.122693
3.12422
3.123392
3.125365
3.124959
3.124593
3.126286
3.126018
3.125996
3.125536
3.127098
3.126844
3.126933
3.126803
3.126249
3.127878
3.127545
3.127667
3.127642
3.127373
0
3.128614
3.12821
3.128325
3.128327
3.128148
0
0
3.122738
3.123532
3.122756
3.124645
3.124267
3.123878
3.125634
3.12541
3.125395
3.124916
3.126519
3.126316
3.126423
3.126306
3.125735
3.127356
3.127079
3.127226
3.127219
3.126961
0
3.128113
3.127769
3.127908
3.127935
3.127778
0
0
3.128803
3.128425
3.128556
3.128574
3.128446
0
0
0
3.122804
3.123467
3.122771
3.124166
3.123625
3.123269
3.124924
3.124739
3.124733
3.124234
3.125869
3.125718
3.125843
3.125736
3.125148
3.126774
3.126556
3.126725
3.126737
3.126492
0
3.127589
3.127302
3.127467
3.12752
3.12738
0
0
3.1283
3.127981
3.12814
3.128185
3.12808
0
0
0
3.128949
3.128602
3.128784
3.128816
3.128708
0
0
0
0
3.122905
3.123387
3.122816
3.123926
3.123549
3.123274
3.124482
3.124288
3.124115
3.123652
3.125162
3.12506
3.125202
3.125105
3.1245
3.12612
3.125962
3.126155
3.126187
3.125953
0
3.127005
3.126776
3.126971
3.127046
3.126926
0
0
3.127776
3.127514
3.127699
3.12777
3.127689
0
0
0
3.128446
3.128158
3.128366
3.128429
3.12834
0
0
0
0
3.12906
3.128747
3.128976
3.129063
3.128969
0
0
0
0
0
3.122905
3.123393
3.122899
3.1238
3.123466
3.123309
3.124245
3.124055
3.124034
3.123648
3.124735
3.124641
3.124765
3.124515
3.123945
3.125409
3.125306
3.125525
3.125577
3.125355
0
3.126349
3.126181
3.126405
3.126506
3.126407
0
0
3.127192
3.126989
3.1272
3.127301
3.127244
0
0
0
3.127921
3.127692
3.127924
3.128013
3.127951
0
0
0
0
3.128557
3.128305
3.128557
3.128675
3.1286
0
0
0
0
0
3.129138
3.12887
3.129134
3.129279
3.129245
0
0
0
0
0
1.47478
3.122804
3.123393
3.122899
3.123765
3.123466
3.123384
3.124104
3.12393
3.123949
3.123675
3.124503
3.124413
3.124535
3.12443
3.123935
3.124987
3.124905
3.125119
3.125157
3.124795
0
3.125638
3.125526
3.125777
3.125907
3.12583
0
0
3.126536
3.126394
3.126632
3.126765
3.126735
0
0
0
3.127338
3.127168
3.127425
3.127543
3.127511
0
0
0
0
3.128033
3.127841
3.128115
3.128259
3.12821
0
0
0
0
0
3.128635
3.128425
3.128717
3.12889
3.128873
0
0
0
0
0
1.467452
3.129189
3.128958
3.129269
3.129459
3.129494
0
0
0
0
0
1.704053
1.474401
3.122738
3.123387
3.122816
3.123765
3.123466
3.123384
3.12405
3.123895
3.123945
3.123743
3.124358
3.124274
3.12441
3.124344
3.123956
3.124757
3.124682
3.124894
3.124933
3.124709
0
3.125219
3.125128
3.125388
3.125516
3.125429
0
0
3.125826
3.125737
3.126006
3.126169
3.126169
0
0
0
3.126686
3.126573
3.126858
3.127006
3.127006
0
0
0
0
3.127451
3.127318
3.127618
3.127788
3.127768
0
0
0
0
0
3.128113
3.127956
3.128277
3.128474
3.128482
0
0
0
0
0
1.452876
3.128687
3.128512
3.128849
3.129071
3.129121
0
0
0
0
0
1.699719
1.467071
3.129219
3.129018
3.129369
3.129615
3.129704
0
0
0
0
0
1.935079
1.703734
1.473685
3.122693
3.123467
3.122771
3.1238
3.123466
3.123309
3.12405
3.123895
3.123945
3.123743
3.124294
3.12422
3.124374
3.124338
3.124017
3.12461
3.124541
3.124756
3.12481
3.124624
0
3.124991
3.124906
3.125168
3.125297
3.125213
0
0
3.12541
3.125341
3.125619
3.125795
3.125796
0
0
0
3.125978
3.125918
3.126228
3.126411
3.126443
0
0
0
0
3.1268
3.126721
3.127051
3.12725
3.127263
0
0
0
0
0
3.127532
3.127433
3.12778
3.128004
3.12804
0
0
0
0
0
1.431534
3.128165
3.128044
3.128405
3.128657
3.12873
0
0
0
0
0
1.691102
1.452492
3.128717
3.128573
3.128948
3.129224
3.129333
0
0
0
0
0
1.931843
1.699398
1.466352
3.129228
3.129053
3.129441
3.129735
3.12989
0
0
0
0
0
2.130778
1.934826
1.703123
1.472664
3.123369
3.123532
3.122756
3.123926
3.123549
3.123274
3.124104
3.12393
3.123949
3.123675
3.124294
3.12422
3.124374
3.124338
3.124017
3.124542
3.12448
3.124702
3.124773
3.124616
0
3.124844
3.124764
3.125029
3.125162
3.125093
0
0
3.125185
3.12512
3.1254
3.12558
3.125583
0
0
0
3.125565
3.125524
3.125844
3.126038
3.126086
0
0
0
0
3.126095
3.126067
3.126423
3.126652
3.126701
0
0
0
0
0
3.126885
3.126836
3.127211
3.127466
3.127533
0
0
0
0
0
1.404989
3.127587
3.127522
3.127908
3.128187
3.128288
0
0
0
0
0
1.678591
1.431144
3.128195
3.12811
3.128505
3.128806
3.128943
0
0
0
0
0
1.925389
1.690778
1.451768
3.128726
3.128608
3.12902
3.129344
3.129515
0
0
0
0
0
2.128245
1.931589
1.698783
1.465329
3.129223
3.129072
3.129486
3.129826
3.130038
0
0
0
0
0
2.288895
2.130588
1.934334
1.702239
1.471344
3.124163
3.12422
3.123392
3.124166
3.123625
3.123269
3.124245
3.124055
3.124034
3.123648
3.124358
3.124274
3.12441
3.124344
3.123956
3.124542
3.12448
3.124702
3.124773
3.124616
0
3.124773
3.124697
3.124967
3.125108
3.125056
0
0
3.125038
3.124976
3.125259
3.125443
3.125453
0
0
0
3.125342
3.125305
3.125625
3.125824
3.125878
0
0
0
0
3.125685
3.125676
3.126039
3.126281
3.126346
0
0
0
0
0
3.126183
3.126184
3.126584
3.126868
3.126968
0
0
0
0
0
1.377473
3.126942
3.126931
3.127338
3.127647
3.12778
0
0
0
0
0
1.663134
1.404586
3.127619
3.127586
3.128009
3.128335
3.1285
0
0
0
0
0
1.915972
1.678261
1.430411
3.128206
3.128146
3.128581
3.128926
3.129122
0
0
0
0
0
2.123249
1.92513
1.690159
1.450739
3.128722
3.128627
3.129066
3.129435
3.129663
0
0
0
0
0
2.287096
2.128053
1.931093
1.697897
1.464006
3.129207
3.129073
3.129514
3.129889
3.130157
0
0
0
0
0
2.411469
2.288768
2.130208
1.933611
1.701085
3.124896
3.124962
3.124141
3.124645
3.124267
3.123878
3.124482
3.124288
3.124115
3.123652
3.124503
3.124413
3.124535
3.12443
3.123935
3.12461
3.124541
3.124756
3.12481
3.124624
0
3.124773
3.124697
3.124967
3.125108
3.125056
0
0
3.124968
3.124907
3.125193
3.125382
3.125401
0
0
0
3.125197
3.125162
3.125482
3.125685
3.125746
0
0
0
0
3.125465
3.12546
3.125822
3.126067
3.126139
0
0
0
0
0
3.125776
3.125796
3.126203
3.126498
3.126614
0
0
0
0
0
1.356847
3.126244
3.126282
3.126713
3.12705
3.127215
0
0
0
0
0
1.647242
1.377054
3.126977
3.126996
3.127444
3.127795
3.127991
0
0
0
0
0
1.904393
1.662795
1.403832
3.127632
3.127626
3.128083
3.128457
3.128679
0
0
0
0
0
2.115932
1.915708
1.677634
1.429369
3.128202
3.128164
3.128627
3.129021
3.129271
0
0
0
0
0
2.283547
2.123052
1.924629
1.689268
1.449411
3.128706
3.128629
3.129093
3.129498
3.129782
0
0
0
0
0
2.410742
2.286967
2.127669
1.930365
1.696738
3.129182
3.129063
3.129522
3.129931
3.130245
0
0
0
0
0
2.521003
2.41143
2.288504
2.129639
1.932654
3.125552
3.125646
3.124823
3.125365
3.124959
3.124593
3.124924
3.124739
3.124733
3.124234
3.124735
3.124641
3.124765
3.124515
3.123945
3.124757
3.124682
3.124894
3.124933
3.124709
0
3.124844
3.124764
3.125029
3.125162
3.125093
0
0
3.124968
3.124907
3.125193
3.125382
3.125401
0
0
0
3.125127
3.125093
3.125414
3.12562
3.125688
0
0
0
0
3.125322
3.125318
3.12568
3.125926
3.126006
0
0
0
0
0
3.125558
3.125582
3.125988
3.126285
3.126406
0
0
0
0
0
1.343588
3.12584
3.125896
3.126335
3.126682
3.12686
0
0
0
0
0
1.635385
1.356423
3.126281
3.126349
3.126822
3.127199
3.127425
0
0
0
0
0
1.89254
1.646893
1.376269
3.126992
3.127038
3.12752
3.127921
3.128169
0
0
0
0
0
2.106981
1.90412
1.662153
1.402762
3.12763
3.127644
3.128133
3.12855
3.128829
0
0
0
0
0
2.278486
2.115728
1.915198
1.67673
1.428027
3.128187
3.128167
3.128654
3.129084
3.129392
0
0
0
0
0
2.409123
2.283413
2.122661
1.923894
1.688104
3.128682
3.128618
3.129102
3.129541
3.12987
0
0
0
0
0
2.521231
2.410699
2.2867
2.127096
1.929402
3.129154
3.129045
3.129518
3.129954
3.13031
0
0
0
0
0
2.641611
2.521061
2.411334
2.288098
2.128873
3.126147
3.126255
3.125426
3.126027
3.125589
3.125245
3.125634
3.12541
3.125395
3.124916
3.125162
3.12506
3.125202
3.125105
3.1245
3.124987
3.124905
3.125119
3.125157
3.124795
0
3.124991
3.124906
3.125168
3.125297
3.125213
0
0
3.125038
3.124976
3.125259
3.125443
3.125453
0
0
0
3.125127
3.125093
3.125414
3.12562
3.125688
0
0
0
0
3.125252
3.125249
3.125611
3.125859
3.125943
0
0
0
0
0
3.125416
3.125442
3.125847
3.126144
3.126271
0
0
0
0
0
1.335942
3.125624
3.125682
3.126122
3.126471
3.126653
0
0
0
0
0
1.627799
1.343164
3.12588
3.125966
3.126446
3.126834
3.127073
0
0
0
0
0
1.883864
1.635033
1.355632
3.126299
3.126391
3.1269
3.127327
3.127604
0
0
0
0
0
2.09791
1.892257
1.646232
1.375155
3.126992
3.127058
3.127571
3.128015
3.128322
0
0
0
0
0
2.272302
2.106768
1.903594
1.661231
1.401385
3.127616
3.127647
3.12816
3.128617
3.128949
0
0
0
0
0
2.406831
2.278344
2.115327
1.914452
1.675553
3.128165
3.128157
3.128664
3.129126
3.129481
0
0
0
0
0
2.521745
2.409076
2.28314
2.122077
1.922922
3.128652
3.128601
3.129098
3.129562
3.129935
0
0
0
0
0
2.642639
2.521288
2.410596
2.28629
2.126325
3.12912
3.129021
3.129505
3.129961
3.130352
0
0
0
0
0
2.915987
2.641823
2.521153
2.411166
2.287537
3.1267
3.126801
3.125956
3.126617
3.126141
3.125817
3.126286
3.126018
3.125996
3.125536
3.125869
3.125718
3.125843
3.125736
3.125148
3.125409
3.125306
3.125525
3.125577
3.125355
0
3.125219
3.125128
3.125388
3.125516
3.125429
0
0
3.125185
3.12512
3.1254
3.12558
3.125583
0
0
0
3.125197
3.125162
3.125482
3.125685
3.125746
0
0
0
0
3.125252
3.125249
3.125611
3.125859
3.125943
0
0
0
0
0
3.125347
3.125373
3.125779
3.126076
3.126206
0
0
0
0
0
1.332468
3.125483
3.125543
3.125982
3.126331
3.126518
0
0
0
0
0
1.623467
1.335519
3.125667
3.125754
3.126232
3.126624
3.126867
0
0
0
0
0
1.878402
1.627446
1.342375
3.125901
3.126011
3.126526
3.126963
3.127253
0
0
0
0
0
2.091357
1.883576
1.634368
1.354511
3.126301
3.126416
3.126951
3.127423
3.127759
0
0
0
0
0
2.266092
2.097686
1.891714
1.645283
1.373721
3.126979
3.127062
3.1276
3.128083
3.128443
0
0
0
0
0
2.404298
2.27215
2.10635
1.902828
1.66003
3.127594
3.127638
3.12817
3.128659
3.12904
0
0
0
0
0
2.522827
2.406777
2.278057
2.11473
1.913468
3.128136
3.128138
3.128661
3.12915
3.129545
0
0
0
0
0
2.644769
2.521798
2.408967
2.28272
2.121293
3.12862
3.128577
3.129085
3.129569
3.129977
0
0
0
0
0
2.909845
2.642851
2.521377
2.410418
2.285723
3.129082
3.128995
3.129484
3.129957
3.130376
0
0
0
0
0
3.230048
2.91592
2.642213
2.521253
2.410914
3.127317
3.126451
3.127145
3.12663
3.12632
3.126866
3.126554
3.126521
3.126078
3.126519
3.126316
3.126423
3.126306
3.125735
3.12612
3.125962
3.126155
3.126187
3.125953
0
3.125638
3.125526
3.125777
3.125907
3.12583
0
0
3.12541
3.125341
3.125619
3.125795
3.125796
0
0
0
3.125342
3.125305
3.125625
3.125824
3.125878
0
0
0
0
3.125322
3.125318
3.12568
3.125926
3.126006
0
0
0
0
0
3.125347
3.125373
3.125779
3.126076
3.126206
0
0
0
0
0
1.332468
3.125415
3.125474
3.125914
3.126263
3.126453
0
0
0
0
0
1.621496
1.332045
3.125527
3.125616
3.126093
3.126486
3.126733
0
0
0
0
0
1.875333
1.623113
1.334732
3.125689
3.125802
3.126314
3.126753
3.127049
0
0
0
0
0
2.087388
1.878113
1.626781
1.341259
3.125905
3.126036
3.12658
3.127061
3.127409
0
0
0
0
0
2.261884
2.091129
1.883026
1.633414
1.35307
3.126291
3.126422
3.126984
3.127491
3.127881
0
0
0
0
0
2.401979
2.26593
2.09725
1.890923
1.644048
3.126959
3.127055
3.127612
3.128127
3.128535
0
0
0
0
0
2.524081
2.404233
2.271845
2.105731
1.901818
3.127567
3.127622
3.128167
3.128682
3.129104
0
0
0
0
0
2.648191
2.522871
2.406658
2.277619
2.11393
3.128105
3.128116
3.128646
3.129157
3.129588
0
0
0
0
0
2.892982
2.64498
2.521883
2.408781
2.282143
3.128583
3.128552
3.129065
3.129566
3.13
0
0
0
0
0
3.228719
2.909777
2.64324
2.521475
2.410153
3.12904
3.128964
3.129461
3.129942
3.130386
0
0
0
0
0
3.49469
3.229993
2.915724
2.642749
2.521351
3.127646
3.127088
3.126784
3.127387
3.127027
3.126985
3.126553
3.127098
3.126844
3.126933
3.126803
3.126249
3.126774
3.126556
3.126725
3.126737
3.126492
0
3.126349
3.126181
3.126405
3.126506
3.126407
0
0
3.125826
3.125737
3.126006
3.126169
3.126169
0
0
0
3.125565
3.125524
3.125844
3.126038
3.126086
0
0
0
0
3.125465
3.12546
3.125822
3.126067
3.126139
0
0
0
0
0
3.125416
3.125442
3.125847
3.126144
3.126271
0
0
0
0
0
1.335942
3.125415
3.125474
3.125914
3.126263
3.126453
0
0
0
0
0
1.621496
1.332045
3.125459
3.125548
3.126026
3.126418
3.126667
0
0
0
0
0
1.873986
1.621142
1.331259
3.125551
3.125666
3.126176
3.126615
3.126916
0
0
0
0
0
2.085192
1.875042
1.622448
1.33362
3.125695
3.125829
3.126372
3.126853
3.127205
0
0
0
0
0
2.259483
2.087157
1.877561
1.625829
1.339826
3.125897
3.126044
3.126612
3.127131
3.127533
0
0
0
0
0
2.400574
2.261716
2.090686
1.882225
1.632173
3.126273
3.126417
3.126997
3.127539
3.127974
0
0
0
0
0
2.525669
2.401904
2.265609
2.096604
1.88988
3.126934
3.12704
3.12761
3.128151
3.128601
0
0
0
0
0
2.653414
2.524119
2.404095
2.271382
2.104903
3.127537
3.127601
3.128156
3.12869
3.129147
0
0
0
0
0
2.822322
2.648399
2.522938
2.406458
2.277018
3.128069
3.128092
3.128628
3.129152
3.129612
0
0
0
0
0
3.226122
2.892966
2.645368
2.521975
2.408505
3.12854
3.12852
3.129042
3.129553
3.13001
0
0
0
0
0
3.493477
3.228662
2.909575
2.643776
2.52157
3.128993
3.128927
3.129431
3.129924
3.130384
0
0
0
0
0
3.740576
3.494635
3.229863
2.915391
2.643425
3.127882
3.127472
3.127417
3.12699
3.127617
3.12731
3.127381
3.127241
3.126698
3.127356
3.127079
3.127226
3.127219
3.126961
0
3.127005
3.126776
3.126971
3.127046
3.126926
0
0
3.126536
3.126394
3.126632
3.126765
3.126735
0
0
0
3.125978
3.125918
3.126228
3.126411
3.126443
0
0
0
0
3.125685
3.125676
3.126039
3.126281
3.126346
0
0
0
0
0
3.125558
3.125582
3.125988
3.126285
3.126406
0
0
0
0
0
1.343588
3.125483
3.125543
3.125982
3.126331
3.126518
0
0
0
0
0
1.623467
1.335519
3.125459
3.125548
3.126026
3.126418
3.126667
0
0
0
0
0
1.873986
1.621142
1.331259
3.125483
3.125599
3.126109
3.126548
3.12685
0
0
0
0
0
2.084227
1.873695
1.620476
1.330149
3.125558
3.125694
3.126236
3.126716
3.127072
0
0
0
0
0
2.258254
2.08496
1.874489
1.621495
1.332194
3.125689
3.125839
3.126406
3.126926
3.12733
0
0
0
0
0
2.400107
2.259311
2.086709
1.876759
1.624591
3.125881
3.126041
3.126628
3.127179
3.127627
0
0
0
0
0
2.527559
2.400495
2.261383
2.09003
1.881171
3.12625
3.126404
3.126998
3.127565
3.128043
0
0
0
0
0
2.658857
2.525704
2.401746
2.265122
2.095741
3.126905
3.12702
3.1276
3.128161
3.128645
0
0
0
0
0
2.80703
2.653613
2.524177
2.403868
2.27075
3.127502
3.127577
3.128139
3.128688
3.129172
0
0
0
0
0
3.222596
2.823464
2.648785
2.523005
2.406166
3.128027
3.128059
3.128606
3.129141
3.129621
0
0
0
0
0
3.491119
3.226063
2.892852
2.645903
2.522062
3.128494
3.128484
3.129012
3.129535
3.130008
0
0
0
0
0
3.739396
3.49342
3.22853
2.909231
2.644451
3.128942
3.128884
3.129395
3.129898
3.130375
0
0
0
0
0
3.968765
3.740517
3.494511
3.229651
2.914977
3.128112
3.127752
3.127801
3.127647
3.127107
3.127878
3.127545
3.127667
3.127642
3.127373
0
3.127589
3.127302
3.127467
3.12752
3.12738
0
0
3.127192
3.126989
3.1272
3.127301
3.127244
0
0
0
3.126686
3.126573
3.126858
3.127006
3.127006
0
0
0
0
3.126095
3.126067
3.126423
3.126652
3.126701
0
0
0
0
0
3.125776
3.125796
3.126203
3.126498
3.126614
0
0
0
0
0
1.356847
3.125624
3.125682
3.126122
3.126471
3.126653
0
0
0
0
0
1.627799
1.343164
3.125527
3.125616
3.126093
3.126486
3.126733
0
0
0
0
0
1.875333
1.623113
1.334732
3.125483
3.125599
3.126109
3.126548
3.12685
0
0
0
0
0
2.084227
1.873695
1.620476
1.330149
3.125491
3.125627
3.126169
3.126649
3.127007
0
0
0
0
0
2.257775
2.083993
1.87314
1.619524
1.328726
3.125553
3.125704
3.126271
3.12679
3.127198
0
0
0
0
0
2.400052
2.258079
2.08451
1.873687
1.620258
3.125674
3.125836
3.126423
3.126975
3.127427
0
0
0
0
0
2.52911
2.400023
2.258971
2.086048
1.875704
3.125859
3.126029
3.12663
3.127207
3.127696
0
0
0
0
0
2.663417
2.527588
2.40033
2.26088
2.089155
3.126223
3.126384
3.126989
3.127576
3.128088
0
0
0
0
0
2.802304
2.659059
2.525757
2.401491
2.264458
3.126871
3.126995
3.127584
3.12816
3.128671
0
0
0
0
0
3.218733
2.808216
2.65398
2.524231
2.403541
3.127461
3.127546
3.128117
3.128677
3.129183
0
0
0
0
0
3.487963
3.222531
2.825609
2.649318
2.523061
3.127981
3.128024
3.128576
3.129123
3.12962
0
0
0
0
0
3.737138
3.49106
3.225928
2.89263
2.646577
3.128444
3.128441
3.128977
3.129508
3.129999
0
0
0
0
0
3.967631
3.739335
3.493295
3.228315
2.9088
3.128894
3.12884
3.129352
3.129864
3.130355
0
0
0
0
0
4.17808
3.968703
3.740387
3.494313
3.229352
3.128377
3.127987
3.128085
3.128036
3.127754
0
3.128113
3.127769
3.127908
3.127935
3.127778
0
0
3.127776
3.127514
3.127699
3.12777
3.127689
0
0
0
3.127338
3.127168
3.127425
3.127543
3.127511
0
0
0
0
3.1268
3.126721
3.127051
3.12725
3.127263
0
0
0
0
0
3.126183
3.126184
3.126584
3.126868
3.126968
0
0
0
0
0
1.377473
3.12584
3.125896
3.126335
3.126682
3.12686
0
0
0
0
0
1.635385
1.356423
3.125667
3.125754
3.126232
3.126624
3.126867
0
0
0
0
0
1.878402
1.627446
1.342375
3.125551
3.125666
3.126176
3.126615
3.126916
0
0
0
0
0
2.085192
1.875042
1.622448
1.33362
3.125491
3.125627
3.126169
3.126649
3.127007
0
0
0
0
0
2.257775
2.083993
1.87314
1.619524
1.328726
3.125486
3.125639
3.126204
3.126724
3.127133
0
0
0
0
0
2.400069
2.257598
2.083543
1.872336
1.618288
3.125538
3.125703
3.126288
3.12684
3.127296
0
0
0
0
0
2.530179
2.399965
2.257735
2.083847
1.872631
3.125653
3.125826
3.126426
3.127004
3.127497
0
0
0
0
0
2.666744
2.529137
2.39985
2.258458
2.085166
3.125833
3.126012
3.126623
3.12722
3.127743
0
0
0
0
0
2.801061
2.663621
2.527631
2.400065
2.260195
3.126191
3.126362
3.126972
3.127576
3.128115
0
0
0
0
0
3.215431
2.803494
2.659433
2.525805
2.401127
3.126832
3.126967
3.127562
3.12815
3.128683
0
0
0
0
0
3.484453
3.218663
2.810441
2.654485
2.524271
3.127416
3.127511
3.128087
3.12866
3.129183
0
0
0
0
0
3.734024
3.487898
3.22239
2.828749
2.649989
3.127932
3.127982
3.128541
3.129096
3.129611
0
0
0
0
0
3.965474
3.737073
3.490933
3.22571
2.892349
3.128398
3.128398
3.128934
3.129475
3.129978
0
0
0
0
0
4.176996
3.967567
3.739204
3.493096
3.228012
3.12885
3.128798
3.129307
3.129821
3.130325
0
0
0
0
0
4.367129
4.178015
3.968568
3.740181
3.494035
3.128614
3.12821
3.128325
3.128327
3.128148
0
0
3.1283
3.127981
3.12814
3.128185
3.12808
0
0
0
3.127921
3.127692
3.127924
3.128013
3.127951
0
0
0
0
3.127451
3.127318
3.127618
3.127788
3.127768
0
0
0
0
0
3.126885
3.126836
3.127211
3.127466
3.127533
0
0
0
0
0
1.404989
3.126244
3.126282
3.126713
3.12705
3.127215
0
0
0
0
0
1.647242
1.377054
3.12588
3.125966
3.126446
3.126834
3.127073
0
0
0
0
0
1.883864
1.635033
1.355632
3.125689
3.125802
3.126314
3.126753
3.127049
0
0
0
0
0
2.087388
1.878113
1.626781
1.341259
3.125558
3.125694
3.126236
3.126716
3.127072
0
0
0
0
0
2.258254
2.08496
1.874489
1.621495
1.332194
3.125486
3.125639
3.126204
3.126724
3.127133
0
0
0
0
0
2.400069
2.257598
2.083543
1.872336
1.618288
3.125472
3.125638
3.126222
3.126774
3.127231
0
0
0
0
0
2.530728
2.39998
2.257251
2.082879
1.871278
3.125518
3.125694
3.126292
3.12687
3.127366
0
0
0
0
0
2.668878
2.530204
2.399786
2.257217
2.082963
3.125629
3.12581
3.12642
3.127017
3.127545
0
0
0
0
0
2.801022
2.666948
2.529174
2.399573
2.257761
3.125802
3.125992
3.126609
3.12722
3.127772
0
0
0
0
0
3.213638
2.802253
2.664
2.527662
2.399686
3.126153
3.126333
3.126953
3.127566
3.128129
0
0
0
0
0
3.481443
3.215359
2.805724
2.659947
2.525835
3.126787
3.126932
3.127535
3.128133
3.128684
0
0
0
0
0
3.73067
3.484382
3.218516
2.813691
2.655118
3.127368
3.127469
3.128053
3.128634
3.129174
0
0
0
0
0
3.962554
3.733955
3.487765
3.222165
2.83295
3.127886
3.127938
3.128499
3.129064
3.12959
0
0
0
0
0
4.174934
3.965407
3.736937
3.490733
3.225404
3.128354
3.128355
3.12889
3.129433
3.129949
0
0
0
0
0
4.366136
4.17693
3.967431
3.738996
3.492817
3.128801
3.128759
3.129264
3.129776
3.130286
0
0
0
0
0
4.535952
4.367063
4.177875
3.968355
3.739892
3.128803
3.128425
3.128556
3.128574
3.128446
0
0
0
3.128446
3.128158
3.128366
3.128429
3.12834
0
0
0
0
3.128033
3.127841
3.128115
3.128259
3.12821
0
0
0
0
0
3.127532
3.127433
3.12778
3.128004
3.12804
0
0
0
0
0
1.431534
3.126942
3.126931
3.127338
3.127647
3.12778
0
0
0
0
0
1.663134
1.404586
3.126281
3.126349
3.126822
3.127199
3.127425
0
0
0
0
0
1.89254
1.646893
1.376269
3.125901
3.126011
3.126526
3.126963
3.127253
0
0
0
0
0
2.091357
1.883576
1.634368
1.354511
3.125695
3.125829
3.126372
3.126853
3.127205
0
0
0
0
0
2.259483
2.087157
1.877561
1.625829
1.339826
3.125553
3.125704
3.126271
3.12679
3.127198
0
0
0
0
0
2.400052
2.258079
2.08451
1.873687
1.620258
3.125472
3.125638
3.126222
3.126774
3.127231
0
0
0
0
0
2.530728
2.39998
2.257251
2.082879
1.871278
3.125452
3.125628
3.126227
3.126804
3.127302
0
0
0
0
0
2.669919
2.530753
2.399799
2.256729
2.081994
3.125494
3.125678
3.126287
3.126884
3.127415
0
0
0
0
0
2.801288
2.669083
2.53024
2.399501
2.256514
3.125598
3.125789
3.126408
3.12702
3.127574
0
0
0
0
0
3.212987
2.802215
2.667328
2.529199
2.39918
3.125765
3.125964
3.126591
3.127213
3.127786
0
0
0
0
0
3.479866
3.213565
2.804486
2.664519
2.527671
3.126109
3.126301
3.126926
3.127552
3.12813
0
0
0
0
0
3.7279
3.481371
3.215206
2.80898
2.660592
3.12674
3.126891
3.1275
3.128109
3.128676
0
0
0
0
0
3.95942
3.730596
3.484244
3.218283
2.818027
3.127322
3.127424
3.128011
3.128602
3.129155
0
0
0
0
0
4.172171
3.962481
3.733816
3.487559
3.22185
3.127843
3.127896
3.128455
3.129022
3.129562
0
0
0
0
0
4.364265
4.174863
3.965266
3.736725
3.490453
3.128305
3.128315
3.128846
3.129389
3.12991
0
0
0
0
0
4.535063
4.366069
4.176788
3.967216
3.738705
3.128752
3.128714
3.129223
3.129732
3.130242
0
0
0
0
0
4.684973
4.535886
4.366922
4.177654
3.968059
3.128949
3.128602
3.128784
3.128816
3.128708
0
0
0
0
3.128557
3.128305
3.128557
3.128675
3.1286
0
0
0
0
0
3.128113
3.127956
3.128277
3.128474
3.128482
0
0
0
0
0
1.452876
3.127587
3.127522
3.127908
3.128187
3.128288
0
0
0
0
0
1.678591
1.431144
3.126977
3.126996
3.127444
3.127795
3.127991
0
0
0
0
0
1.904393
1.662795
1.403832
3.126299
3.126391
3.1269
3.127327
3.127604
0
0
0
0
0
2.09791
1.892257
1.646232
1.375155
3.125905
3.126036
3.12658
3.127061
3.127409
0
0
0
0
0
2.261884
2.091129
1.883026
1.633414
1.35307
3.125689
3.125839
3.126406
3.126926
3.12733
0
0
0
0
0
2.400107
2.259311
2.086709
1.876759
1.624591
3.125538
3.125703
3.126288
3.12684
3.127296
0
0
0
0
0
2.530179
2.399965
2.257735
2.083847
1.872631
3.125452
3.125628
3.126227
3.126804
3.127302
0
0
0
0
0
2.669919
2.530753
2.399799
2.256729
2.081994
3.125428
3.125613
3.126222
3.126819
3.127351
0
0
0
0
0
2.801488
2.670123
2.530788
2.399513
2.256021
3.125464
3.125657
3.126275
3.126887
3.127445
0
0
0
0
0
3.212881
2.802482
2.669463
2.530263
2.399098
3.125562
3.125764
3.126389
3.127014
3.12759
0
0
0
0
0
3.479339
3.212913
2.804452
2.66785
2.529198
3.125722
3.125932
3.126564
3.1272
3.12779
0
0
0
0
0
3.726564
3.479794
3.213412
2.807748
2.665172
3.126062
3.126259
3.126894
3.127528
3.128123
0
0
0
0
0
3.956889
3.727825
3.48123
3.214967
2.813324
3.126696
3.126847
3.12746
3.128077
3.128658
0
0
0
0
0
4.169311
3.959342
3.730452
3.484031
3.217959
3.12728
3.127383
3.127966
3.128561
3.129126
0
0
0
0
0
4.361761
4.172096
3.962334
3.733602
3.487272
3.127794
3.127856
3.128411
3.128978
3.129523
0
0
0
0
0
4.533401
4.364194
4.174717
3.965047
3.736431
3.128258
3.128273
3.128804
3.129344
3.129866
0
0
0
0
0
4.684184
4.534995
4.365925
4.176565
3.966917
3.128704
3.128668
3.129177
3.129688
3.130197
0
0
0
0
0
4.814959
4.684907
4.535744
4.366699
4.177348
3.12906
3.128747
3.128976
3.129063
3.128969
0
0
0
0
0
3.128635
3.128425
3.128717
3.12889
3.128873
0
0
0
0
0
1.467452
3.128165
3.128044
3.128405
3.128657
3.12873
0
0
0
0
0
1.691102
1.452492
3.127619
3.127586
3.128009
3.128335
3.1285
0
0
0
0
0
1.915972
1.678261
1.430411
3.126992
3.127038
3.12752
3.127921
3.128169
0
0
0
0
0
2.106981
1.90412
1.662153
1.402762
3.126301
3.126416
3.126951
3.127423
3.127759
0
0
0
0
0
2.266092
2.097686
1.891714
1.645283
1.373721
3.125897
3.126044
3.126612
3.127131
3.127533
0
0
0
0
0
2.400574
2.261716
2.090686
1.882225
1.632173
3.125674
3.125836
3.126423
3.126975
3.127427
0
0
0
0
0
2.52911
2.400023
2.258971
2.086048
1.875704
3.125518
3.125694
3.126292
3.12687
3.127366
0
0
0
0
0
2.668878
2.530204
2.399786
2.257217
2.082963
3.125428
3.125613
3.126222
3.126819
3.127351
0
0
0
0
0
2.801488
2.670123
2.530788
2.399513
2.256021
3.125398
3.125593
3.12621
3.126822
3.127381
0
0
0
0
0
3.212919
2.802683
2.670503
2.530809
2.399107
3.125428
3.125632
3.126257
3.126882
3.127461
0
0
0
0
0
3.479327
3.212806
2.804721
2.669985
2.530259
3.125519
3.125731
3.126364
3.127
3.127594
0
0
0
0
0
3.726232
3.479267
3.212758
2.807719
2.668506
3.125677
3.125891
3.126534
3.127177
3.127784
0
0
0
0
0
3.955827
3.726489
3.479654
3.213171
2.812099
3.126018
3.126217
3.126853
3.127498
3.128105
0
0
0
0
0
4.167144
3.95681
3.72768
3.481014
3.214634
3.126654
3.126805
3.127415
3.128037
3.128629
0
0
0
0
0
4.359264
4.16923
3.95919
3.730233
3.483738
3.127233
3.127345
3.127924
3.128516
3.129088
0
0
0
0
0
4.531212
4.361684
4.171945
3.96211
3.733306
3.127746
3.127814
3.12837
3.128933
3.129479
0
0
0
0
0
4.682703
4.533328
4.364045
4.174491
3.964743
3.12821
3.128226
3.12876
3.1293
3.12982
0
0
0
0
0
4.814318
4.684116
4.53485
4.3657
4.176256
3.128645
3.128623
3.129128
3.129639
3.130151
0
0
0
0
0
4.927357
4.814894
4.684765
4.535521
4.36639
3.129138
3.12887
3.129134
3.129279
3.129245
0
0
0
0
0
1.47478
3.128687
3.128512
3.128849
3.129071
3.129121
0
0
0
0
0
1.699719
1.467071
3.128195
3.12811
3.128505
3.128806
3.128943
0
0
0
0
0
1.925389
1.690778
1.451768
3.127632
3.127626
3.128083
3.128457
3.128679
0
0
0
0
0
2.115932
1.915708
1.677634
1.429369
3.126992
3.127058
3.127571
3.128015
3.128322
0
0
0
0
0
2.272302
2.106768
1.903594
1.661231
1.401385
3.126291
3.126422
3.126984
3.127491
3.127881
0
0
0
0
0
2.401979
2.26593
2.09725
1.890923
1.644048
3.125881
3.126041
3.126628
3.127179
3.127627
0
0
0
0
0
2.527559
2.400495
2.261383
2.09003
1.881171
3.125653
3.125826
3.126426
3.127004
3.127497
0
0
0
0
0
2.666744
2.529137
2.39985
2.258458
2.085166
3.125494
3.125678
3.126287
3.126884
3.127415
0
0
0
0
0
2.801288
2.669083
2.53024
2.399501
2.256514
3.125398
3.125593
3.12621
3.126822
3.127381
0
0
0
0
0
3.212919
2.802683
2.670503
2.530809
2.399107
3.125363
3.125568
3.126192
3.126817
3.127398
0
0
0
0
0
3.479415
3.212844
2.804923
2.671025
2.530804
3.125386
3.1256
3.126233
3.126868
3.127466
0
0
0
0
0
3.726361
3.479255
3.21265
2.807992
2.670642
3.125474
3.125692
3.126332
3.126979
3.127588
0
0
0
0
0
3.955762
3.726157
3.479129
3.212517
2.812077
3.125633
3.125848
3.126493
3.127148
3.127767
0
0
0
0
0
4.166354
3.955749
3.726346
3.47944
3.212836
3.125978
3.126176
3.12681
3.127457
3.128079
0
0
0
0
0
4.35752
4.167063
3.95666
3.72746
3.480717
3.126607
3.126769
3.127372
3.127992
3.128592
0
0
0
0
0
4.529134
4.359182
4.169074
3.958961
3.729932
3.127184
3.127301
3.127884
3.128473
3.129043
0
0
0
0
0
4.680898
4.531135
4.361532
4.171715
3.961802
3.127699
3.127769
3.128325
3.12889
3.129433
0
0
0
0
0
4.813117
4.682631
4.533179
4.363815
4.174178
3.128151
3.128181
3.128711
3.129252
3.129774
0
0
0
0
0
4.926822
4.81425
4.683971
4.534625
4.365389
3.128588
3.128569
3.12908
3.129587
3.130099
0
0
0
0
0
5.023026
4.927292
4.814754
4.684541
4.535211
3.129189
3.128958
3.129269
3.129459
3.129494
0
0
0
0
0
1.704053
1.474401
3.128717
3.128573
3.128948
3.129224
3.129333
0
0
0
0
0
1.931843
1.699398
1.466352
3.128206
3.128146
3.128581
3.128926
3.129122
0
0
0
0
0
2.123249
1.92513
1.690159
1.450739
3.12763
3.127644
3.128133
3.12855
3.128829
0
0
0
0
0
2.278486
2.115728
1.915198
1.67673
1.428027
3.126979
3.127062
3.1276
3.128083
3.128443
0
0
0
0
0
2.404298
2.27215
2.10635
1.902828
1.66003
3.126273
3.126417
3.126997
3.127539
3.127974
0
0
0
0
0
2.525669
2.401904
2.265609
2.096604
1.88988
3.125859
3.126029
3.12663
3.127207
3.127696
0
0
0
0
0
2.663417
2.527588
2.40033
2.26088
2.089155
3.125629
3.12581
3.12642
3.127017
3.127545
0
0
0
0
0
2.801022
2.666948
2.529174
2.399573
2.257761
3.125464
3.125657
3.126275
3.126887
3.127445
0
0
0
0
0
3.212881
2.802482
2.669463
2.530263
2.399098
3.125363
3.125568
3.126192
3.126817
3.127398
0
0
0
0
0
3.479415
3.212844
2.804923
2.671025
2.530804
3.12532
3.125536
3.126168
3.126803
3.127403
0
0
0
0
0
3.726525
3.479342
3.212688
2.808196
2.671683
3.125341
3.125562
3.126201
3.126847
3.12746
0
0
0
0
0
3.956063
3.726286
3.479117
3.212409
2.812356
3.12543
3.125649
3.126294
3.126949
3.127573
0
0
0
0
0
4.166524
3.955684
3.726017
3.478918
3.212183
3.125593
3.125809
3.126449
3.127108
3.127742
0
0
0
0
0
4.35711
4.166275
3.955601
3.726129
3.479146
3.125931
3.126139
3.126767
3.127414
3.128041
0
0
0
0
0
4.527862
4.357438
4.166907
3.956433
3.727158
3.12656
3.126725
3.127334
3.127948
3.128548
0
0
0
0
0
4.679277
4.52905
4.359023
4.168838
3.958648
3.127137
3.127258
3.127838
3.12843
3.128999
0
0
0
0
0
4.811675
4.68082
4.53098
4.361298
4.171399
3.127643
3.127724
3.128278
3.128842
3.129388
0
0
0
0
0
4.925826
4.813045
4.682483
4.532947
4.363498
3.128093
3.128129
3.128663
3.1292
3.129723
0
0
0
0
0
5.022546
4.926754
4.814107
4.683746
4.534312
3.128536
3.128513
3.129024
3.129534
3.130043
0
0
0
0
0
5.103553
5.02296
4.927151
4.814535
4.684232
3.129219
3.129018
3.129369
3.129615
3.129704
0
0
0
0
0
1.935079
1.703734
1.473685
3.128726
3.128608
3.12902
3.129344
3.129515
0
0
0
0
0
2.128245
1.931589
1.698783
1.465329
3.128202
3.128164
3.128627
3.129021
3.129271
0
0
0
0
0
2.283547
2.123052
1.924629
1.689268
1.449411
3.127616
3.127647
3.12816
3.128617
3.128949
0
0
0
0
0
2.406831
2.278344
2.115327
1.914452
1.675553
3.126959
3.127055
3.127612
3.128127
3.128535
0
0
0
0
0
2.524081
2.404233
2.271845
2.105731
1.901818
3.12625
3.126404
3.126998
3.127565
3.128043
0
0
0
0
0
2.658857
2.525704
2.401746
2.265122
2.095741
3.125833
3.126012
3.126623
3.12722
3.127743
0
0
0
0
0
2.801061
2.663621
2.527631
2.400065
2.260195
3.125598
3.125789
3.126408
3.12702
3.127574
0
0
0
0
0
3.212987
2.802215
2.667328
2.529199
2.39918
3.125428
3.125632
3.126257
3.126882
3.127461
0
0
0
0
0
3.479327
3.212806
2.804721
2.669985
2.530259
3.12532
3.125536
3.126168
3.126803
3.127403
0
0
0
0
0
3.726525
3.479342
3.212688
2.808196
2.671683
3.125275
3.125497
3.126137
3.126783
3.127397
0
0
0
0
0
3.956307
3.726449
3.479204
3.212445
2.812563
3.125297
3.125518
3.126163
3.126818
3.127446
0
0
0
0
0
4.166989
3.955985
3.726145
3.478907
3.212074
3.12539
3.12561
3.12625
3.126911
3.127547
0
0
0
0
0
4.357556
4.166445
3.955537
3.725804
3.478629
3.125547
3.125772
3.126409
3.127064
3.127705
0
0
0
0
0
4.527864
4.35703
4.166123
3.955378
3.725833
3.125884
3.126097
3.126729
3.127371
3.127999
0
0
0
0
0
4.678499
4.52778
4.357279
4.166671
3.956123
3.126513
3.126681
3.127288
3.127908
3.128503
0
0
0
0
0
4.810498
4.679192
4.52889
4.358784
4.168517
3.127081
3.127214
3.127792
3.128381
3.128954
0
0
0
0
0
4.92468
4.811596
4.680665
4.530745
4.360978
3.127584
3.127669
3.12823
3.128791
3.129337
0
0
0
0
0
5.021759
4.925753
4.812897
4.682254
4.532629
3.128044
3.128073
3.128608
3.129148
3.129666
0
0
0
0
0
5.103226
5.022479
4.92661
4.813884
4.683434
3.128493
3.128466
3.128964
3.129473
3.129986
0
0
0
0
0
5.170013
5.103488
5.02282
4.926932
4.814231
3.129228
3.129053
3.129441
3.129735
3.12989
0
0
0
0
0
2.130778
1.934826
1.703123
1.472664
3.128722
3.128627
3.129066
3.129435
3.129663
0
0
0
0
0
2.287096
2.128053
1.931093
1.697897
1.464006
3.128187
3.128167
3.128654
3.129084
3.129392
0
0
0
0
0
2.409123
2.283413
2.122661
1.923894
1.688104
3.127594
3.127638
3.12817
3.128659
3.12904
0
0
0
0
0
2.522827
2.406777
2.278057
2.11473
1.913468
3.126934
3.12704
3.12761
3.128151
3.128601
0
0
0
0
0
2.653414
2.524119
2.404095
2.271382
2.104903
3.126223
3.126384
3.126989
3.127576
3.128088
0
0
0
0
0
2.802304
2.659059
2.525757
2.401491
2.264458
3.125802
3.125992
3.126609
3.12722
3.127772
0
0
0
0
0
3.213638
2.802253
2.664
2.527662
2.399686
3.125562
3.125764
3.126389
3.127014
3.12759
0
0
0
0
0
3.479339
3.212913
2.804452
2.66785
2.529198
3.125386
3.1256
3.126233
3.126868
3.127466
0
0
0
0
0
3.726361
3.479255
3.21265
2.807992
2.670642
3.125275
3.125497
3.126137
3.126783
3.127397
0
0
0
0
0
3.956307
3.726449
3.479204
3.212445
2.812563
3.125231
3.125454
3.126099
3.126754
3.127383
0
0
0
0
0
4.167316
3.956228
3.726308
3.478994
3.21211
3.125258
3.125479
3.126119
3.12678
3.12742
0
0
0
0
0
4.358207
4.166909
3.955838
3.725933
3.478619
3.125345
3.125574
3.12621
3.126867
3.127511
0
0
0
0
0
4.5286
4.357476
4.166294
3.955316
3.725514
3.1255
3.125728
3.12637
3.127022
3.127662
0
0
0
0
0
4.6789
4.527783
4.356875
4.165893
3.955073
3.125839
3.126053
3.126685
3.12733
3.127955
0
0
0
0
0
4.810171
4.678416
4.52762
4.35704
4.16635
3.126457
3.126638
3.127241
3.127859
3.128461
0
0
0
0
0
4.923876
4.810413
4.679031
4.528648
4.358458
3.127023
3.127158
3.127745
3.128332
3.128902
0
0
0
0
0
5.020959
4.924601
4.81144
4.680429
4.530424
3.127535
3.127615
3.128172
3.12874
3.129281
0
0
0
0
0
5.10265
5.021687
4.925604
4.812668
4.68194
3.128001
3.128024
3.128548
3.129088
3.129609
0
0
0
0
0
5.169789
5.103159
5.022337
4.926386
4.813575
3.128456
3.128428
3.128914
3.129409
3.129919
0
0
0
0
0
5.224418
5.16995
5.103349
5.022601
4.926627
3.129223
3.129072
3.129486
3.129826
3.130038
0
0
0
0
0
2.288895
2.130588
1.934334
1.702239
1.471344
3.128706
3.128629
3.129093
3.129498
3.129782
0
0
0
0
0
2.410742
2.286967
2.127669
1.930365
1.696738
3.128165
3.128157
3.128664
3.129126
3.129481
0
0
0
0
0
2.521745
2.409076
2.28314
2.122077
1.922922
3.127567
3.127622
3.128167
3.128682
3.129104
0
0
0
0
0
2.648191
2.522871
2.406658
2.277619
2.11393
3.126905
3.12702
3.1276
3.128161
3.128645
0
0
0
0
0
2.80703
2.653613
2.524177
2.403868
2.27075
3.126191
3.126362
3.126972
3.127576
3.128115
0
0
0
0
0
3.215431
2.803494
2.659433
2.525805
2.401127
3.125765
3.125964
3.126591
3.127213
3.127786
0
0
0
0
0
3.479866
3.213565
2.804486
2.664519
2.527671
3.125519
3.125731
3.126364
3.127
3.127594
0
0
0
0
0
3.726232
3.479267
3.212758
2.807719
2.668506
3.125341
3.125562
3.126201
3.126847
3.12746
0
0
0
0
0
3.956063
3.726286
3.479117
3.212409
2.812356
3.125231
3.125454
3.126099
3.126754
3.127383
0
0
0
0
0
4.167316
3.956228
3.726308
3.478994
3.21211
3.125192
3.125414
3.126055
3.126716
3.127357
0
0
0
0
0
4.358631
4.167236
3.956081
3.726096
3.478706
3.125212
3.125444
3.126079
3.126737
3.127385
0
0
0
0
0
4.529444
4.358126
4.166758
3.955616
3.725645
3.125297
3.12553
3.126172
3.126826
3.127469
0
0
0
0
0
4.679964
4.52852
4.357322
4.166067
3.955014
3.125455
3.125686
3.126325
3.126982
3.127619
0
0
0
0
0
4.81103
4.67882
4.527627
4.356642
4.16558
3.125783
3.12601
3.126638
3.127283
3.127912
0
0
0
0
0
4.924049
4.810089
4.678255
4.527379
4.356715
3.1264
3.126583
3.127196
3.127809
3.128409
0
0
0
0
0
5.020616
4.923791
4.81025
4.678788
4.52832
3.126974
3.127103
3.127687
3.128281
3.128848
0
0
0
0
0
5.102129
5.02088
4.924445
4.811204
4.680107
3.127494
3.127566
3.128114
3.128677
3.129225
0
0
0
0
0
5.169422
5.102577
5.02154
4.925375
4.812354
3.127965
3.127987
3.128496
3.129024
3.129543
0
0
0
0
0
5.224269
5.169723
5.103016
5.022117
4.926077
3.128422
3.128394
3.128872
3.129356
3.129849
0
0
0
0
0
5.267627
5.224354
5.169813
5.103133
5.022298
3.129207
3.129073
3.129514
3.129889
3.130157
0
0
0
0
0
2.411469
2.288768
2.130208
1.933611
1.701085
3.128682
3.128618
3.129102
3.129541
3.12987
0
0
0
0
0
2.521231
2.410699
2.2867
2.127096
1.929402
3.128136
3.128138
3.128661
3.12915
3.129545
0
0
0
0
0
2.644769
2.521798
2.408967
2.28272
2.121293
3.127537
3.127601
3.128156
3.12869
3.129147
0
0
0
0
0
2.822322
2.648399
2.522938
2.406458
2.277018
3.126871
3.126995
3.127584
3.12816
3.128671
0
0
0
0
0
3.218733
2.808216
2.65398
2.524231
2.403541
3.126153
3.126333
3.126953
3.127566
3.128129
0
0
0
0
0
3.481443
3.215359
2.805724
2.659947
2.525835
3.125722
3.125932
3.126564
3.1272
3.12779
0
0
0
0
0
3.726564
3.479794
3.213412
2.807748
2.665172
3.125474
3.125692
3.126332
3.126979
3.127588
0
0
0
0
0
3.955762
3.726157
3.479129
3.212517
2.812077
3.125297
3.125518
3.126163
3.126818
3.127446
0
0
0
0
0
4.166989
3.955985
3.726145
3.478907
3.212074
3.125192
3.125414
3.126055
3.126716
3.127357
0
0
0
0
0
4.358631
4.167236
3.956081
3.726096
3.478706
3.125147
3.12538
3.126014
3.126672
3.127322
0
0
0
0
0
4.529963
4.35855
4.167084
3.95586
3.725807
3.125165
3.1254
3.126042
3.126696
3.127342
0
0
0
0
0
4.681009
4.529363
4.357973
4.166532
3.955316
3.125253
3.125488
3.126127
3.126786
3.127427
0
0
0
0
0
4.812405
4.679883
4.528365
4.357092
4.165758
3.125398
3.125643
3.12628
3.126934
3.127576
0
0
0
0
0
4.925279
4.81095
4.678663
4.527391
4.356323
3.125726
3.125954
3.126592
3.127233
3.127861
0
0
0
0
0
5.021199
4.923966
4.80993
4.678013
4.52705
3.12635
3.126527
3.127138
3.127759
3.128354
0
0
0
0
0
5.102122
5.020531
4.92363
4.810007
4.678458
3.126933
3.127055
3.127628
3.128218
3.128792
0
0
0
0
0
5.169227
5.10205
5.020725
4.924209
4.810881
3.127456
3.127527
3.128062
3.128614
3.129157
0
0
0
0
0
5.224044
5.169351
5.102429
5.021315
4.92506
3.12793
3.127952
3.128455
3.128966
3.129473
0
0
0
0
0
5.267539
5.224202
5.169583
5.102796
5.021813
3.128384
3.128361
3.128834
3.129312
3.129782
0
0
0
0
0
5.301081
5.267563
5.224217
5.169602
5.102835
3.129182
3.129063
3.129522
3.129931
3.130245
0
0
0
0
0
2.521003
2.41143
2.288504
2.129639
1.932654
3.128652
3.128601
3.129098
3.129562
3.129935
0
0
0
0
0
2.642639
2.521288
2.410596
2.28629
2.126325
3.128105
3.128116
3.128646
3.129157
3.129588
0
0
0
0
0
2.892982
2.64498
2.521883
2.408781
2.282143
3.127502
3.127577
3.128139
3.128688
3.129172
0
0
0
0
0
3.222596
2.823464
2.648785
2.523005
2.406166
3.126832
3.126967
3.127562
3.12815
3.128683
0
0
0
0
0
3.484453
3.218663
2.810441
2.654485
2.524271
3.126109
3.126301
3.126926
3.127552
3.12813
0
0
0
0
0
3.7279
3.481371
3.215206
2.808981
2.660592
3.125677
3.125891
3.126534
3.127177
3.127784
0
0
0
0
0
3.955827
3.726489
3.479654
3.213171
2.812099
3.12543
3.125649
3.126294
3.126949
3.127573
0
0
0
0
0
4.166524
3.955684
3.726017
3.478918
3.212183
3.125258
3.125479
3.126119
3.12678
3.12742
0
0
0
0
0
4.358207
4.166909
3.955838
3.725933
3.478619
3.125147
3.125379
3.126014
3.126672
3.127322
0
0
0
0
0
4.529963
4.35855
4.167084
3.95586
3.725807
3.1251
3.125336
3.125977
3.126631
3.127279
0
0
0
0
0
4.68162
4.529881
4.358396
4.166858
3.955559
3.12512
3.125356
3.125996
3.126656
3.1273
0
0
0
0
0
4.813646
4.680928
4.529208
4.357742
4.166223
3.125196
3.125445
3.126082
3.126738
3.127385
0
0
0
0
0
4.926859
4.812325
4.679728
4.528132
4.356777
3.125341
3.125588
3.126235
3.126886
3.127525
0
0
0
0
0
5.022808
4.925199
4.810793
4.678428
4.527069
3.125676
3.1259
3.126534
3.127183
3.127807
0
0
0
0
0
5.103165
5.021118
4.923807
4.809691
4.677684
3.126308
3.126479
3.127079
3.127697
3.128299
0
0
0
0
0
5.169648
5.102038
5.02037
4.923389
4.809677
3.126896
3.127016
3.127577
3.128155
3.128724
0
0
0
0
0
5.224015
5.169149
5.101895
5.020491
4.923886
3.127421
3.127494
3.128019
3.128557
3.129088
0
0
0
0
0
5.267486
5.223972
5.169205
5.102203
5.021005
3.127891
3.12792
3.128416
3.128919
3.129409
0
0
0
0
0
5.301028
5.267472
5.224061
5.169367
5.102492
3.12835
3.128325
3.128797
3.129267
3.129722
0
0
0
0
0
5.325637
5.301016
5.267426
5.224004
5.169309
3.129154
3.129045
3.129517
3.129954
3.13031
0
0
0
0
0
2.641611
2.521061
2.411334
2.288098
2.128873
3.12862
3.128577
3.129085
3.129569
3.129977
0
0
0
0
0
2.909845
2.642851
2.521377
2.410418
2.285723
3.128069
3.128092
3.128628
3.129152
3.129612
0
0
0
0
0
3.226122
2.892966
2.645368
2.521975
2.408505
3.127461
3.127546
3.128117
3.128677
3.129183
0
0
0
0
0
3.487963
3.222531
2.825609
2.649318
2.523061
3.126787
3.126932
3.127535
3.128133
3.128684
0
0
0
0
0
3.73067
3.484382
3.218516
2.813691
2.655118
3.126062
3.126259
3.126894
3.127528
3.128123
0
0
0
0
0
3.956889
3.727825
3.48123
3.214967
2.813324
3.125633
3.125848
3.126493
3.127148
3.127767
0
0
0
0
0
4.166354
3.955749
3.726346
3.47944
3.212836
3.12539
3.12561
3.12625
3.126911
3.127547
0
0
0
0
0
4.357556
4.166445
3.955537
3.725804
3.478629
3.125212
3.125444
3.126079
3.126737
3.127385
0
0
0
0
0
4.529444
4.358126
4.166758
3.955616
3.725645
3.1251
3.125336
3.125977
3.126631
3.127279
0
0
0
0
0
4.68162
4.529881
4.358396
4.166858
3.955559
3.125055
3.125292
3.125932
3.126592
3.127237
0
0
0
0
0
4.814355
4.681538
4.529726
4.358165
4.16655
3.125064
3.125316
3.12595
3.126608
3.127258
0
0
0
0
0
4.92825
4.813564
4.680772
4.528975
4.357429
3.125139
3.12539
3.126037
3.12669
3.127333
0
0
0
0
0
5.024716
4.92678
4.812168
4.679494
4.527815
3.125288
3.125533
3.126176
3.126836
3.127473
0
0
0
0
0
5.105103
5.022729
4.925042
4.810557
4.678107
3.125635
3.125851
3.126477
3.127121
3.127753
0
0
0
0
0
5.171046
5.103084
5.020961
4.923567
4.809365
3.126271
3.126441
3.127027
3.127633
3.128232
0
0
0
0
0
5.224741
5.169564
5.101878
5.020129
4.923062
3.12686
3.126981
3.127534
3.128098
3.128655
0
0
0
0
0
5.267758
5.223938
5.168995
5.101661
5.020173
3.127384
3.127462
3.127982
3.128508
3.129023
0
0
0
0
0
5.301083
5.267415
5.223826
5.168983
5.101893
3.127858
3.127885
3.12838
3.128874
3.129353
0
0
0
0
0
5.325701
5.300961
5.267332
5.223844
5.169069
3.128313
3.128289
3.128757
3.129224
3.129668
0
0
0
0
0
5.342268
5.325572
5.300878
5.267215
5.22371
3.12912
3.129021
3.129505
3.129961
3.130352
0
0
0
0
0
2.915987
2.641823
2.521153
2.411166
2.287537
3.128583
3.128552
3.129065
3.129566
3.13
0
0
0
0
0
3.228719
2.909777
2.64324
2.521475
2.410153
3.128027
3.128059
3.128606
3.129141
3.129621
0
0
0
0
0
3.491119
3.226063
2.892852
2.645903
2.522062
3.127416
3.127511
3.128087
3.12866
3.129183
0
0
0
0
0
3.734024
3.487898
3.22239
2.828749
2.649989
3.12674
3.126891
3.1275
3.128109
3.128676
0
0
0
0
0
3.95942
3.730596
3.484244
3.218283
2.818027
3.126018
3.126217
3.126853
3.127498
3.128105
0
0
0
0
0
4.167144
3.95681
3.72768
3.481014
3.214634
3.125593
3.125809
3.126449
3.127108
3.127742
0
0
0
0
0
4.35711
4.166275
3.955601
3.726129
3.479146
3.125345
3.125574
3.12621
3.126867
3.127511
0
0
0
0
0
4.5286
4.357476
4.166294
3.955316
3.725514
3.125166
3.1254
3.126042
3.126696
3.127342
0
0
0
0
0
4.681009
4.529363
4.357973
4.166532
3.955316
3.125055
3.125292
3.125932
3.126592
3.127237
0
0
0
0
0
4.814355
4.681538
4.529726
4.358165
4.16655
3.124999
3.125252
3.125886
3.126544
3.127196
0
0
0
0
0
4.929035
4.814273
4.681382
4.529493
4.357851
3.125007
3.12526
3.125907
3.126558
3.127207
0
0
0
0
0
5.026291
4.92817
4.813407
4.680537
4.528659
3.125085
3.125333
3.125979
3.126641
3.127281
0
0
0
0
0
5.107176
5.024636
4.926626
4.811934
4.679175
3.125243
3.125481
3.126118
3.126774
3.127418
0
0
0
0
0
5.173315
5.105023
5.022574
4.924806
4.810236
3.125596
3.125812
3.126425
3.127059
3.127685
0
0
0
0
0
5.226526
5.170966
5.102926
5.020725
4.923242
3.126236
3.126405
3.126986
3.127576
3.128163
0
0
0
0
0
5.268733
5.224658
5.169403
5.10164
5.019802
3.126822
3.12695
3.127495
3.128049
3.128591
0
0
0
0
0
5.301568
5.267679
5.223786
5.168764
5.101342
3.127348
3.127425
3.127946
3.128464
3.128967
0
0
0
0
0
5.325904
5.301012
5.267269
5.223603
5.168679
3.127821
3.127848
3.128341
3.128831
3.1293
0
0
0
0
0
5.342389
5.325634
5.300821
5.267118
5.223544
3.128272
3.128247
3.128717
3.129176
3.129616
0
0
0
0
0
5.352038
5.342204
5.325434
5.300665
5.266923
3.129082
3.128995
3.129484
3.129957
3.130376
0
0
0
0
0
3.230048
2.91592
2.642213
2.521253
2.410914
3.12854
3.12852
3.129042
3.129553
3.13001
0
0
0
0
0
3.493477
3.228662
2.909575
2.643776
2.52157
3.127981
3.128024
3.128576
3.129123
3.12962
0
0
0
0
0
3.737138
3.49106
3.225928
2.89263
2.646577
3.127368
3.127469
3.128053
3.128634
3.129174
0
0
0
0
0
3.962554
3.733955
3.487765
3.222165
2.83295
3.126696
3.126847
3.12746
3.128077
3.128658
0
0
0
0
0
4.169311
3.959342
3.730452
3.484031
3.217959
3.125978
3.126176
3.12681
3.127457
3.128079
0
0
0
0
0
4.35752
4.167063
3.95666
3.72746
3.480717
3.125547
3.125772
3.126409
3.127064
3.127705
0
0
0
0
0
4.527864
4.35703
4.166123
3.955378
3.725833
3.125297
3.12553
3.126172
3.126826
3.127469
0
0
0
0
0
4.679964
4.52852
4.357322
4.166067
3.955014
3.12512
3.125356
3.125996
3.126656
3.1273
0
0
0
0
0
4.813646
4.680928
4.529208
4.357742
4.166223
3.124999
3.125252
3.125886
3.126544
3.127196
0
0
0
0
0
4.929035
4.814273
4.681382
4.529493
4.357851
3.124942
3.125196
3.125843
3.126494
3.127145
0
0
0
0
0
5.027161
4.928955
4.814116
4.681148
4.529176
3.124952
3.125203
3.125848
3.126511
3.127154
0
0
0
0
0
5.108882
5.026211
4.928015
4.813172
4.680219
3.125036
3.125282
3.125919
3.126578
3.127227
0
0
0
0
0
5.175683
5.107098
5.024482
4.926394
4.811614
3.125203
3.125437
3.126063
3.126711
3.127351
0
0
0
0
0
5.229006
5.173237
5.104868
5.022342
4.924485
3.125561
3.125777
3.126382
3.127001
3.127617
0
0
0
0
0
5.270848
5.226446
5.170811
5.10269
5.020404
3.126197
3.126372
3.126946
3.127529
3.128099
0
0
0
0
0
5.302863
5.268651
5.2245
5.169165
5.101317
3.126787
3.126912
3.12746
3.128004
3.128535
0
0
0
0
0
5.326497
5.30149
5.267526
5.223558
5.16845
3.12731
3.12739
3.127905
3.128421
3.128915
0
0
0
0
0
5.342762
5.325831
5.300867
5.267049
5.223298
3.127781
3.127806
3.1283
3.128784
3.129248
0
0
0
0
0
5.35222
5.342322
5.325492
5.300607
5.266823
3.128224
3.1282
3.12867
3.129129
3.129559
0
0
0
0
0
5.356107
5.351973
5.342067
5.325223
5.300372
3.12904
3.128964
3.129461
3.129942
3.130386
0
0
0
0
0
3.49469
3.229993
2.915724
2.642749
2.521351
3.128494
3.128484
3.129012
3.129535
3.130008
0
0
0
0
0
3.739396
3.49342
3.22853
2.909231
2.644451
3.127932
3.127982
3.128541
3.129096
3.129611
0
0
0
0
0
3.965475
3.737073
3.490933
3.22571
2.892349
3.127322
3.127424
3.128011
3.128602
3.129155
0
0
0
0
0
4.172171
3.962481
3.733816
3.487559
3.22185
3.126654
3.126805
3.127415
3.128037
3.128629
0
0
0
0
0
4.359264
4.16923
3.95919
3.730233
3.483738
3.125931
3.126139
3.126767
3.127414
3.128041
0
0
0
0
0
4.527862
4.357438
4.166907
3.956433
3.727158
3.1255
3.125728
3.12637
3.127022
3.127662
0
0
0
0
0
4.6789
4.527783
4.356875
4.165893
3.955073
3.125253
3.125488
3.126127
3.126786
3.127427
0
0
0
0
0
4.812405
4.679883
4.528365
4.357092
4.165758
3.125064
3.125316
3.12595
3.126608
3.127258
0
0
0
0
0
4.92825
4.813564
4.680772
4.528975
4.357429
3.124942
3.125196
3.125843
3.126494
3.127145
0
0
0
0
0
5.027161
4.928955
4.814116
4.681148
4.529176
3.124887
3.125139
3.125784
3.126447
3.127092
0
0
0
0
0
5.109822
5.02708
4.928799
4.81388
4.680829
3.124903
3.125151
3.125789
3.126449
3.127102
0
0
0
0
0
5.177548
5.108803
5.026056
4.927784
4.812852
3.124993
3.125236
3.125865
3.126515
3.12716
0
0
0
0
0
5.231547
5.175605
5.106946
5.024251
4.926079
3.125167
3.1254
3.126016
3.126651
3.127283
0
0
0
0
0
5.273657
5.228929
5.173085
5.104636
5.022025
3.125523
3.125743
3.126344
3.126953
3.127553
0
0
0
0
0
5.30519
5.270768
5.226291
5.170579
5.102369
3.126162
3.126336
3.12691
3.127483
3.128044
0
0
0
0
0
5.328017
5.302779
5.268494
5.224265
5.168843
3.126748
3.126877
3.127419
3.127962
3.128481
0
0
0
0
0
5.343623
5.326419
5.301337
5.267298
5.223249
3.127272
3.127348
3.127866
3.128374
3.128862
0
0
0
0
0
5.352717
5.34269
5.325684
5.300648
5.266747
3.127735
3.12776
3.128253
3.128737
3.129192
0
0
0
0
0
5.356321
5.352153
5.342182
5.325277
5.300312
3.127877
3.128135
3.128619
3.129075
3.129502
0
0
0
0
0
5.354903
5.356041
5.351838
5.341858
5.324932
3.128993
3.128927
3.129431
3.129924
3.130384
0
0
0
0
0
3.740576
3.494635
3.229863
2.915391
2.643425
3.128444
3.128441
3.128977
3.129508
3.129999
0
0
0
0
0
3.967631
3.739335
3.493295
3.228315
2.9088
3.127886
3.127938
3.128499
3.129064
3.12959
0
0
0
0
0
4.174934
3.965407
3.736937
3.490733
3.225404
3.12728
3.127383
3.127966
3.128561
3.129126
0
0
0
0
0
4.361761
4.172096
3.962334
3.733602
3.487272
3.126607
3.126769
3.127372
3.127992
3.128592
0
0
0
0
0
4.529134
4.359182
4.169074
3.958961
3.729932
3.125884
3.126097
3.126729
3.127371
3.127999
0
0
0
0
0
4.678499
4.52778
4.35728
4.166671
3.956123
3.125455
3.125686
3.126325
3.126982
3.127619
0
0
0
0
0
4.81103
4.67882
4.527627
4.356642
4.16558
3.125196
3.125445
3.126082
3.126738
3.127385
0
0
0
0
0
4.926859
4.812325
4.679728
4.528132
4.356777
3.125007
3.12526
3.125907
3.126558
3.127207
0
0
0
0
0
5.026291
4.92817
4.813407
4.680537
4.528659
3.124887
3.125139
3.125784
3.126447
3.127092
0
0
0
0
0
5.109822
5.02708
4.928799
4.81388
4.680829
3.124837
3.125086
3.125725
3.126385
3.12704
0
0
0
0
0
5.178555
5.109742
5.026925
4.928567
4.813559
3.124856
3.125106
3.125734
3.126385
3.127035
0
0
0
0
0
5.233518
5.177469
5.108651
5.025823
4.927468
3.124955
3.125193
3.125815
3.126455
3.127091
0
0
0
0
0
5.276393
5.23147
5.175453
5.106718
5.023935
3.125126
3.125367
3.125975
3.126598
3.127217
0
0
0
0
0
5.308199
5.27358
5.22878
5.172856
5.104319
3.125487
3.125705
3.126306
3.126909
3.127498
0
0
0
0
0
5.330643
5.305111
5.270615
5.22606
5.170264
3.126124
3.1263
3.126869
3.12744
3.12799
0
0
0
0
0
5.345316
5.327934
5.30262
5.268262
5.223947
3.12671
3.126836
3.127379
3.127915
3.12843
0
0
0
0
0
5.353764
5.343544
5.326267
5.30111
5.266987
3.127227
3.127301
3.12782
3.128328
3.128806
0
0
0
0
0
5.356776
5.352644
5.342544
5.325463
5.300349
3.127408
3.127697
3.128202
3.128683
3.129135
0
0
0
0
0
5.355187
5.356252
5.352014
5.34197
5.32498
3.127865
3.128548
3.129016
3.129439
0
0
0
0
0
5.349527
5.354836
5.355902
5.35163
5.34157
3.128942
3.128884
3.129395
3.129898
3.130375
0
0
0
0
0
3.968765
3.740517
3.494511
3.229651
2.914977
3.128398
3.128398
3.128934
3.129475
3.129978
0
0
0
0
0
4.176996
3.967567
3.739204
3.493096
3.228012
3.127843
3.127896
3.128455
3.129022
3.129562
0
0
0
0
0
4.364265
4.174863
3.965266
3.736725
3.490453
3.127233
3.127345
3.127924
3.128516
3.129088
0
0
0
0
0
4.531212
4.361684
4.171945
3.96211
3.733306
3.12656
3.126725
3.127334
3.127948
3.128548
0
0
0
0
0
4.679277
4.52905
4.359023
4.168838
3.958648
3.125839
3.126053
3.126685
3.12733
3.127955
0
0
0
0
0
4.810171
4.678416
4.52762
4.35704
4.16635
3.125398
3.125643
3.12628
3.126934
3.127576
0
0
0
0
0
4.925279
4.81095
4.678663
4.527391
4.356323
3.125139
3.12539
3.126037
3.12669
3.127333
0
0
0
0
0
5.024716
4.92678
4.812168
4.679494
4.527815
3.124952
3.125203
3.125848
3.126511
3.127154
0
0
0
0
0
5.108882
5.026211
4.928015
4.813172
4.680219
3.124837
3.125086
3.125725
3.126385
3.12704
0
0
0
0
0
5.178555
5.109742
5.026925
4.928567
4.813559
3.12479
3.125042
3.125669
3.126322
3.126973
0
0
0
0
0
5.234581
5.178476
5.109588
5.026691
4.928251
3.124814
3.125059
3.125685
3.126325
3.126966
0
0
0
0
0
5.27847
5.23344
5.177316
5.108422
5.025507
3.124912
3.125158
3.125769
3.126399
3.127026
0
0
0
0
0
5.311078
5.276315
5.231321
5.175226
5.106407
3.125087
3.125327
3.125939
3.126552
3.127156
0
0
0
0
0
5.33377
5.308123
5.273429
5.228555
5.172546
3.125448
3.125671
3.126264
3.126865
3.127445
0
0
0
0
0
5.348186
5.330562
5.304958
5.270386
5.225745
3.126085
3.126258
3.126829
3.127394
3.127938
0
0
0
0
0
5.355717
5.345232
5.327776
5.302386
5.267948
3.126666
3.12679
3.127334
3.127868
3.128374
0
0
0
0
0
5.35792
5.353684
5.34339
5.326041
5.3008
3.126903
3.127242
3.127769
3.128275
3.128751
0
0
0
0
0
5.35583
5.356703
5.352499
5.342323
5.32516
3.127386
3.128134
3.128625
3.129072
0
0
0
0
0
5.349837
5.355118
5.356109
5.351803
5.341677
3.128279
3.128937
3.129371
0
0
0
0
0
5.341278
5.34946
5.354699
5.35569
5.351344
3.128894
3.12884
3.129352
3.129864
3.130355
0
0
0
0
0
4.17808
3.968703
3.740387
3.494313
3.229352
3.128354
3.128355
3.12889
3.129433
3.129949
0
0
0
0
0
4.366136
4.17693
3.967431
3.738996
3.492817
3.127794
3.127856
3.128411
3.128978
3.129523
0
0
0
0
0
4.533401
4.364194
4.174717
3.965047
3.736431
3.127184
3.127301
3.127884
3.128473
3.129043
0
0
0
0
0
4.680898
4.531135
4.361532
4.171715
3.961802
3.126513
3.126681
3.127288
3.127908
3.128503
0
0
0
0
0
4.810498
4.679192
4.52889
4.358784
4.168517
3.125783
3.12601
3.126638
3.127283
3.127912
0
0
0
0
0
4.924049
4.810089
4.678255
4.527379
4.356715
3.125341
3.125588
3.126235
3.126886
3.127525
0
0
0
0
0
5.022808
4.925199
4.810793
4.678428
4.527069
3.125085
3.125333
3.125978
3.126641
3.127281
0
0
0
0
0
5.107176
5.024636
4.926626
4.811934
4.679175
3.124903
3.125151
3.125789
3.126449
3.127102
0
0
0
0
0
5.177548
5.108803
5.026056
4.927784
4.812852
3.12479
3.125042
3.125669
3.126322
3.126973
0
0
0
0
0
5.234581
5.178476
5.109588
5.026691
4.928251
3.124746
3.124995
3.125621
3.12626
3.126904
0
0
0
0
0
5.279558
5.234503
5.178322
5.109358
5.026375
3.12477
3.125019
3.125635
3.12627
3.126899
0
0
0
0
0
5.31325
5.278392
5.23329
5.177087
5.10811
3.124871
3.125118
3.12573
3.126348
3.126963
0
0
0
0
0
5.33675
5.311001
5.276165
5.231097
5.174916
3.125043
3.125288
3.125895
3.126509
3.127102
0
0
0
0
0
5.351571
5.333693
5.307973
5.273204
5.22825
3.12541
3.125628
3.126226
3.126817
3.127393
0
0
0
0
0
5.358766
5.348106
5.330408
5.304731
5.270076
3.126044
3.126214
3.126782
3.127347
3.127882
0
0
0
0
0
5.360049
5.355632
5.345075
5.327543
5.302068
3.126379
3.126734
3.127283
3.127815
3.128318
0
0
0
0
0
5.357087
5.357841
5.353531
5.34316
5.325734
3.126937
3.127703
3.128216
3.128688
0
0
0
0
0
5.350579
5.355756
5.356559
5.35228
5.342022
3.127871
3.128549
3.129004
0
0
0
0
0
5.341589
5.349768
5.354976
5.355893
5.351513
3.128691
3.129279
0
0
0
0
0
5.33015
5.341208
5.349322
5.354489
5.355398
3.12885
3.128798
3.129307
3.129821
3.130325
0
0
0
0
0
4.367129
4.178015
3.968568
3.740181
3.494035
3.128305
3.128315
3.128846
3.129389
3.12991
0
0
0
0
0
4.535063
4.366069
4.176788
3.967216
3.738705
3.127746
3.127814
3.12837
3.128933
3.129479
0
0
0
0
0
4.682703
4.533328
4.364045
4.174491
3.964743
3.127137
3.127258
3.127838
3.12843
3.128999
0
0
0
0
0
4.811675
4.68082
4.53098
4.361298
4.171399
3.126457
3.126638
3.127241
3.127859
3.128461
0
0
0
0
0
4.923876
4.810413
4.679031
4.528648
4.358458
3.125726
3.125954
3.126592
3.127233
3.127861
0
0
0
0
0
5.021199
4.923966
4.80993
4.678013
4.52705
3.125288
3.125533
3.126176
3.126836
3.127473
0
0
0
0
0
5.105103
5.022729
4.925042
4.810557
4.678107
3.125036
3.125282
3.125919
3.126578
3.127227
0
0
0
0
0
5.175683
5.107098
5.024482
4.926394
4.811614
3.124856
3.125106
3.125734
3.126385
3.127035
0
0
0
0
0
5.233518
5.177469
5.108651
5.025823
4.927468
3.124746
3.124995
3.125621
3.12626
3.126904
0
0
0
0
0
5.279558
5.234503
5.178322
5.109358
5.026375
3.124697
3.124952
3.12557
3.126206
3.126837
0
0
0
0
0
5.314407
5.27948
5.234352
5.178092
5.109046
3.124727
3.124979
3.125591
3.126214
3.126838
0
0
0
0
0
5.338991
5.313172
5.27824
5.233065
5.176776
3.124823
3.125077
3.125687
3.126303
3.126903
0
0
0
0
0
5.354658
5.336674
5.310852
5.275939
5.230793
3.124997
3.125242
3.125852
3.12646
3.12705
0
0
0
0
0
5.36232
5.351494
5.333545
5.307749
5.272897
3.12537
3.125584
3.126179
3.126771
3.127336
0
0
0
0
0
5.363234
5.358686
5.347952
5.33018
5.304423
3.125771
3.126159
3.126734
3.127293
3.127826
0
0
0
0
0
5.359329
5.359965
5.355473
5.344843
5.327228
3.126437
3.127221
3.127757
3.128256
0
0
0
0
0
5.352008
5.357006
5.357688
5.353303
5.34285
3.127412
3.128142
3.12862
0
0
0
0
0
5.342269
5.350505
5.355609
5.356342
5.351981
3.128308
3.128917
0
0
0
0
0
5.330517
5.341517
5.349627
5.354762
5.355597
3.129119
0
0
0
0
0
5.31737
5.33008
5.341066
5.349113
5.354201
3.128801
3.128759
3.129264
3.129776
3.130286
0
0
0
0
0
4.535952
4.367063
4.177875
3.968355
3.739892
3.128258
3.128273
3.128804
3.129344
3.129866
0
0
0
0
0
4.684184
4.534995
4.365925
4.176565
3.966917
3.127699
3.127769
3.128325
3.12889
3.129433
0
0
0
0
0
4.813117
4.682631
4.533179
4.363815
4.174178
3.127081
3.127214
3.127792
3.128381
3.128954
0
0
0
0
0
4.92468
4.811596
4.680665
4.530745
4.360978
3.1264
3.126583
3.127196
3.127809
3.128409
0
0
0
0
0
5.020616
4.923791
4.810251
4.678788
4.52832
3.125676
3.1259
3.126534
3.127183
3.127807
0
0
0
0
0
5.103165
5.021118
4.923807
4.809691
4.677684
3.125243
3.125481
3.126118
3.126774
3.127418
0
0
0
0
0
5.173315
5.105023
5.022574
4.924806
4.810236
3.124993
3.125236
3.125865
3.126515
3.12716
0
0
0
0
0
5.231547
5.175605
5.106946
5.024251
4.926079
3.124814
3.125059
3.125685
3.126325
3.126966
0
0
0
0
0
5.27847
5.23344
5.177316
5.108422
5.025507
3.124697
3.124952
3.12557
3.126206
3.126837
0
0
0
0
0
5.314407
5.27948
5.234352
5.178092
5.109046
3.124654
3.124907
3.125524
3.12615
3.126776
0
0
0
0
0
5.340177
5.314328
5.279329
5.234126
5.17778
3.124678
3.124937
3.125547
3.126166
3.126775
0
0
0
0
0
5.356897
5.338914
5.313021
5.278014
5.23276
3.124765
3.125026
3.125642
3.126254
3.126849
0
0
0
0
0
5.365554
5.354581
5.336526
5.310628
5.275633
3.124925
3.125191
3.125802
3.12641
3.126993
0
0
0
0
0
5.366906
5.362242
5.351343
5.333324
5.307446
3.125109
3.125532
3.12613
3.126718
3.127281
0
0
0
0
0
5.362744
5.363155
5.358533
5.347725
5.329869
3.125883
3.126673
3.127237
3.127763
0
0
0
0
0
5.354396
5.359245
5.359806
5.35524
5.34453
3.12694
3.127687
3.128188
0
0
0
0
0
5.343771
5.351927
5.356853
5.357463
5.352994
3.127905
3.128536
0
0
0
0
0
5.33136
5.342195
5.350359
5.355388
5.356045
3.128708
0
0
0
0
0
5.317778
5.330445
5.341372
5.349415
5.354468
0
0
0
0
0
5.304211
5.3173
5.329937
5.340849
5.348825
3.128752
3.128714
3.129223
3.129732
3.130242
0
0
0
0
0
4.684973
4.535886
4.366922
4.177654
3.968059
3.12821
3.128226
3.12876
3.1293
3.12982
0
0
0
0
0
4.814318
4.684116
4.53485
4.3657
4.176256
3.127643
3.127724
3.128278
3.128842
3.129388
0
0
0
0
0
4.925826
4.813045
4.682483
4.532947
4.363498
3.127023
3.127158
3.127745
3.128332
3.128902
0
0
0
0
0
5.020959
4.924601
4.81144
4.680429
4.530424
3.12635
3.126527
3.127138
3.127759
3.128354
0
0
0
0
0
5.102122
5.020531
4.92363
4.810007
4.678458
3.125635
3.125851
3.126477
3.127121
3.127753
0
0
0
0
0
5.171046
5.103084
5.020961
4.923567
4.809365
3.125203
3.125437
3.126063
3.126711
3.127351
0
0
0
0
0
5.229006
5.173237
5.104868
5.022342
4.924485
3.124955
3.125193
3.125815
3.126455
3.127091
0
0
0
0
0
5.276393
5.23147
5.175453
5.106718
5.023935
3.12477
3.125019
3.125635
3.12627
3.126899
0
0
0
0
0
5.31325
5.278392
5.23329
5.177087
5.10811
3.124654
3.124907
3.125524
3.12615
3.126776
0
0
0
0
0
5.340177
5.314328
5.279329
5.234126
5.17778
3.124603
3.124865
3.125475
3.126097
3.126712
0
0
0
0
0
5.358097
5.340099
5.314177
5.279103
5.233819
3.124614
3.124884
3.125502
3.126116
3.126715
0
0
0
0
0
5.367941
5.35682
5.338765
5.312797
5.277706
3.124675
3.124966
3.125588
3.126203
3.126792
0
0
0
0
0
5.370218
5.365477
5.354431
5.336306
5.310324
3.124609
3.125111
3.125747
3.126354
3.126935
0
0
0
0
0
5.366496
5.366829
5.362092
5.351118
5.333023
3.125269
3.126073
3.126661
3.127218
0
0
0
0
0
5.357993
5.362663
5.363004
5.358307
5.347416
3.126413
3.127168
3.127698
0
0
0
0
0
5.346342
5.354311
5.359087
5.359574
5.354925
3.127457
3.128108
0
0
0
0
0
5.332868
5.34369
5.351773
5.356625
5.357157
3.128319
0
0
0
0
0
5.318712
5.331283
5.342048
5.35014
5.355087
0
0
0
0
0
5.304614
5.317705
5.330299
5.341153
5.349123
0
0
0
0
5.29074
5.304138
5.317156
5.329722
5.340553
3.128704
3.128668
3.129177
3.129688
3.130197
0
0
0
0
0
4.814959
4.684907
4.535744
4.366699
4.177348
3.128151
3.128181
3.128711
3.129252
3.129774
0
0
0
0
0
4.926822
4.81425
4.683971
4.534625
4.365389
3.127584
3.127669
3.12823
3.128791
3.129337
0
0
0
0
0
5.021759
4.925753
4.812897
4.682254
4.532629
3.126974
3.127103
3.127687
3.128281
3.128848
0
0
0
0
0
5.102129
5.02088
4.924445
4.811204
4.680107
3.126309
3.126479
3.127079
3.127697
3.128299
0
0
0
0
0
5.169648
5.102038
5.02037
4.923389
4.809677
3.125596
3.125812
3.126425
3.127059
3.127685
0
0
0
0
0
5.226526
5.170966
5.102926
5.020725
4.923242
3.125167
3.1254
3.126016
3.126651
3.127283
0
0
0
0
0
5.273657
5.228929
5.173085
5.104636
5.022025
3.124912
3.125158
3.125769
3.126399
3.127026
0
0
0
0
0
5.311078
5.276315
5.231321
5.175226
5.106407
3.124727
3.124979
3.125591
3.126214
3.126838
0
0
0
0
0
5.338991
5.313172
5.27824
5.233065
5.176776
3.124603
3.124865
3.125475
3.126097
3.126712
0
0
0
0
0
5.358097
5.340099
5.314177
5.279103
5.233819
3.12454
3.124811
3.125431
3.126044
3.126652
0
0
0
0
0
5.369193
5.35802
5.339949
5.313951
5.278795
3.124529
3.124817
3.125446
3.126065
3.126656
0
0
0
0
0
5.372649
5.367862
5.356672
5.338543
5.312491
3.124355
3.124869
3.125524
3.126143
3.126733
0
0
0
0
0
5.369806
5.370141
5.365327
5.354208
5.336006
3.124787
3.125663
3.126292
3.126869
0
0
0
0
0
5.361926
5.366418
5.366681
5.36187
5.350813
3.125831
3.126596
3.127153
0
0
0
0
0
5.34996
5.357913
5.36251
5.36278
5.358001
3.126941
3.127619
0
0
0
0
0
5.33555
5.346256
5.354155
5.358856
5.359261
3.127885
0
0
0
0
0
5.320411
5.332786
5.343536
5.351546
5.356317
0
0
0
0
0
5.305479
5.318634
5.331132
5.341829
5.349842
0
0
0
0
5.291196
5.304538
5.317559
5.33008
5.340854
0
0
0
5.27823
5.290666
5.303989
5.31694
5.329426
3.128645
3.128623
3.129128
3.129639
3.130151
0
0
0
0
0
4.927357
4.814894
4.684765
4.535521
4.36639
3.128093
3.128129
3.128663
3.1292
3.129723
0
0
0
0
0
5.022546
4.926754
4.814107
4.683746
4.534312
3.127535
3.127615
3.128172
3.12874
3.129281
0
0
0
0
0
5.10265
5.021687
4.925604
4.812668
4.68194
3.126933
3.127055
3.127628
3.128218
3.128792
0
0
0
0
0
5.169227
5.10205
5.020725
4.924209
4.810881
3.126271
3.126441
3.127027
3.127633
3.128232
0
0
0
0
0
5.224741
5.169564
5.101878
5.020129
4.923062
3.125561
3.125777
3.126382
3.127001
3.127617
0
0
0
0
0
5.270848
5.226446
5.170811
5.10269
5.020404
3.125126
3.125367
3.125975
3.126598
3.127217
0
0
0
0
0
5.3082
5.27358
5.22878
5.172856
5.104319
3.124871
3.125118
3.12573
3.126348
3.126963
0
0
0
0
0
5.33675
5.311001
5.276165
5.231097
5.174916
3.124678
3.124937
3.125547
3.126166
3.126775
0
0
0
0
0
5.356897
5.338914
5.313021
5.278014
5.23276
3.12454
3.124811
3.125431
3.126044
3.126652
0
0
0
0
0
5.369193
5.35802
5.339949
5.313951
5.278796
3.124468
3.124745
3.125373
3.125993
3.126587
0
0
0
0
0
5.373922
5.369114
5.357871
5.339726
5.313644
3.124255
3.124726
3.125376
3.126003
3.126597
0
0
0
0
0
5.372256
5.372572
5.367711
5.356451
5.338242
3.124563
3.125424
3.126073
3.126664
0
0
0
0
0
5.365381
5.36973
5.369993
5.365104
5.353904
3.125362
3.126201
3.126799
0
0
0
0
0
5.353957
5.361848
5.366269
5.366461
5.361567
3.126376
3.127078
0
0
0
0
0
5.339358
5.34988
5.357761
5.362284
5.362478
3.127396
0
0
0
0
0
5.323108
5.335463
5.346096
5.353926
5.358545
0
0
0
0
0
5.307235
5.320327
5.332632
5.343309
5.351238
0
0
0
0
5.292221
5.305401
5.318482
5.330907
5.341531
0
0
0
5.278715
5.291119
5.304387
5.317339
5.32978
0
0
5.26861
5.278155
5.290517
5.303766
5.316645
3.128588
3.128569
3.12908
3.129587
3.130099
0
0
0
0
0
5.023026
4.927292
4.814754
4.684541
4.535211
3.128044
3.128073
3.128608
3.129148
3.129666
0
0
0
0
0
5.103226
5.022479
4.92661
4.813884
4.683434
3.127494
3.127566
3.128114
3.128677
3.129225
0
0
0
0
0
5.169423
5.102577
5.02154
4.925375
4.812354
3.126896
3.127016
3.127577
3.128155
3.128724
0
0
0
0
0
5.224015
5.169149
5.101895
5.020491
4.923886
3.126236
3.126405
3.126986
3.127576
3.128163
0
0
0
0
0
5.268733
5.224658
5.169403
5.10164
5.019802
3.125523
3.125743
3.126344
3.126953
3.127553
0
0
0
0
0
5.30519
5.270768
5.226291
5.170579
5.102369
3.125087
3.125327
3.125939
3.126552
3.127156
0
0
0
0
0
5.33377
5.308123
5.273429
5.228555
5.172546
3.124823
3.125077
3.125687
3.126303
3.126903
0
0
0
0
0
5.354658
5.336674
5.310852
5.275939
5.230793
3.124614
3.124884
3.125502
3.126116
3.126715
0
0
0
0
0
5.36794
5.35682
5.338765
5.312797
5.277706
3.124468
3.124745
3.125373
3.125993
3.126587
0
0
0
0
0
5.373922
5.369114
5.357871
5.339726
5.313644
3.124229
3.124665
3.125304
3.12593
3.126527
0
0
0
0
0
5.373539
5.373844
5.368961
5.357649
5.339424
3.124465
3.125281
3.125928
3.126527
0
0
0
0
0
5.367823
5.372179
5.372422
5.367486
5.356151
3.125144
3.125967
3.126586
0
0
0
0
0
5.357479
5.365303
5.369583
5.369773
5.364801
3.125947
3.1267
0
0
0
0
0
5.343332
5.353879
5.361698
5.366048
5.366163
3.126861
0
0
0
0
0
5.327016
5.339275
5.349728
5.357537
5.361978
0
0
0
0
0
5.310101
5.32302
5.335303
5.345862
5.353618
0
0
0
0
5.29394
5.30715
5.320167
5.332405
5.343002
0
0
0
5.279811
5.292139
5.305248
5.318256
5.330601
0
0
5.26907
5.278638
5.290967
5.304161
5.31704
0
5.261182
5.268531
5.278005
5.290293
5.303461
3.128536
3.128513
3.129024
3.129534
3.130043
0
0
0
0
0
5.103553
5.02296
4.927151
4.814535
4.684232
3.128001
3.128024
3.128548
3.129088
3.129609
0
0
0
0
0
5.169789
5.103159
5.022337
4.926386
4.813575
3.127456
3.127527
3.128062
3.128614
3.129157
0
0
0
0
0
5.224044
5.169351
5.102429
5.021315
4.92506
3.12686
3.126981
3.127534
3.128098
3.128655
0
0
0
0
0
5.267758
5.223938
5.168995
5.101661
5.020173
3.126197
3.126372
3.126946
3.127529
3.128099
0
0
0
0
0
5.302863
5.268651
5.2245
5.169166
5.101317
3.125487
3.125705
3.126306
3.126909
3.127498
0
0
0
0
0
5.330643
5.305111
5.270615
5.22606
5.170264
3.125043
3.125288
3.125895
3.126509
3.127102
0
0
0
0
0
5.351571
5.333694
5.307973
5.273204
5.22825
3.124765
3.125026
3.125642
3.126254
3.126849
0
0
0
0
0
5.365554
5.354581
5.336526
5.310628
5.275633
3.124529
3.124817
3.125446
3.126065
3.126656
0
0
0
0
0
5.372649
5.367862
5.356672
5.338543
5.312491
3.124229
3.124665
3.125304
3.12593
3.126527
0
0
0
0
0
5.373539
5.373844
5.368961
5.357649
5.339424
3.124449
3.12522
3.125856
3.126456
0
0
0
0
0
5.369083
5.373462
5.373694
5.368736
5.357349
3.125038
3.125827
3.126444
0
0
0
0
0
5.360036
5.367745
5.372031
5.372201
5.367181
3.125723
3.126473
0
0
0
0
0
5.346867
5.357401
5.365153
5.369365
5.369474
3.126454
0
0
0
0
0
5.331143
5.343253
5.35373
5.361477
5.365748
0
0
0
0
0
5.313987
5.326933
5.33912
5.349504
5.357234
0
0
0
0
5.296881
5.310011
5.322859
5.335069
5.345548
0
0
0
5.281701
5.293854
5.306989
5.319933
5.332098
0
0
5.270094
5.279728
5.291981
5.305021
5.31795
0
5.261654
5.268989
5.278485
5.29074
5.303853
5.257668
5.261103
5.268373
5.277781
5.289988
3.128493
3.128466
3.128964
3.129473
3.129986
0
0
0
0
0
5.170013
5.103488
5.02282
4.926932
4.814231
3.127965
3.127987
3.128496
3.129023
3.129543
0
0
0
0
0
5.224269
5.169723
5.103016
5.022117
4.926077
3.127421
3.127494
3.128019
3.128557
3.129088
0
0
0
0
0
5.267486
5.223972
5.169206
5.102203
5.021005
3.126822
3.12695
3.127495
3.128049
3.128591
0
0
0
0
0
5.301568
5.267679
5.223786
5.168764
5.101343
3.126162
3.126336
3.12691
3.127483
3.128044
0
0
0
0
0
5.328017
5.302779
5.268494
5.224265
5.168843
3.125448
3.125671
3.126264
3.126865
3.127445
0
0
0
0
0
5.348186
5.330562
5.304958
5.270386
5.225745
3.124997
3.125242
3.125852
3.126459
3.12705
0
0
0
0
0
5.36232
5.351494
5.333545
5.30775
5.272897
3.124675
3.124966
3.125588
3.126203
3.126792
0
0
0
0
0
5.370218
5.365477
5.354431
5.336306
5.310324
3.124255
3.124726
3.125376
3.126003
3.126597
0
0
0
0
0
5.372256
5.372572
5.367711
5.356451
5.338242
3.124449
3.12522
3.125856
3.126456
0
0
0
0
0
5.369083
5.373462
5.373694
5.368736
5.357349
3.12503
3.125766
3.126375
0
0
0
0
0
5.361381
5.369005
5.373313
5.373471
5.368429
3.125623
3.126336
0
0
0
0
0
5.349426
5.359957
5.367596
5.371811
5.3719
3.126258
0
0
0
0
0
5.334615
5.346788
5.357251
5.364931
5.369069
0
0
0
0
0
5.318173
5.331061
5.343104
5.353509
5.361177
0
0
0
0
5.300934
5.313903
5.326776
5.338891
5.349202
0
0
0
5.284595
5.29679
5.309845
5.322625
5.334755
0
0
5.271835
5.281612
5.293692
5.306755
5.319618
0
5.262715
5.270008
5.279569
5.291746
5.304714
5.258113
5.261572
5.268828
5.278257
5.29043
5.257586
5.260944
5.268137
5.277476
3.128457
3.128428
3.128914
3.129409
3.129919
0
0
0
0
0
5.224419
5.16995
5.103349
5.022601
4.926627
3.12793
3.127952
3.128455
3.128966
3.129473
0
0
0
0
0
5.267539
5.224202
5.169583
5.102796
5.021813
3.127384
3.127462
3.127982
3.128508
3.129023
0
0
0
0
0
5.301083
5.267415
5.223826
5.168984
5.101893
3.126787
3.126912
3.12746
3.128004
3.128535
0
0
0
0
0
5.326497
5.30149
5.267526
5.223558
5.16845
3.126124
3.1263
3.126869
3.12744
3.12799
0
0
0
0
0
5.345316
5.327934
5.30262
5.268262
5.223947
3.12541
3.125628
3.126226
3.126817
3.127393
0
0
0
0
0
5.358765
5.348106
5.330408
5.304731
5.270076
3.124925
3.125191
3.125802
3.12641
3.126993
0
0
0
0
0
5.366906
5.362242
5.351343
5.333324
5.307446
3.124355
3.124869
3.125524
3.126143
3.126733
0
0
0
0
0
5.369806
5.370141
5.365327
5.354208
5.336006
3.124465
3.125281
3.125928
3.126527
0
0
0
0
0
5.367823
5.372179
5.372422
5.367486
5.356151
3.12503
3.125766
3.126375
0
0
0
0
0
5.361381
5.369005
5.373313
5.373471
5.368429
3.125603
3.126276
0
0
0
0
0
5.350756
5.361301
5.368857
5.373092
5.373168
3.126158
0
0
0
0
0
5.337167
5.349347
5.359805
5.367376
5.371514
0
0
0
0
0
5.321801
5.334536
5.346639
5.35703
5.36463
0
0
0
0
5.305052
5.318092
5.330908
5.342884
5.353211
0
0
0
5.2887
5.300846
5.313746
5.326547
5.338582
0
0
5.274781
5.284503
5.296622
5.309604
5.32231
0
5.264596
5.271745
5.281445
5.293456
5.306438
5.259112
5.262628
5.269842
5.279333
5.291429
5.258028
5.26141
5.268589
5.277948
5.257422
5.260707
5.267817
3.128422
3.128394
3.128872
3.129356
3.129849
0
0
0
0
0
5.267627
5.224354
5.169813
5.103133
5.022298
3.127891
3.12792
3.128416
3.128919
3.129409
0
0
0
0
0
5.301028
5.267472
5.224061
5.169367
5.102492
3.127348
3.127425
3.127946
3.128464
3.128967
0
0
0
0
0
5.325904
5.301012
5.267269
5.223603
5.168679
3.126748
3.126877
3.127419
3.127962
3.128481
0
0
0
0
0
5.343623
5.326419
5.301337
5.267298
5.223249
3.126085
3.126258
3.126829
3.127394
3.127938
0
0
0
0
0
5.355716
5.345232
5.327776
5.302386
5.267948
3.12537
3.125584
3.126179
3.126771
3.127336
0
0
0
0
0
5.363234
5.358685
5.347952
5.33018
5.304423
3.124609
3.125111
3.125747
3.126354
3.126935
0
0
0
0
0
5.366496
5.366829
5.362092
5.351118
5.333023
3.124563
3.125424
3.126073
3.126664
0
0
0
0
0
5.365381
5.36973
5.369993
5.365104
5.353905
3.125038
3.125827
3.126444
0
0
0
0
0
5.360036
5.367745
5.372031
5.372201
5.367181
3.125603
3.126276
0
0
0
0
0
5.350756
5.361301
5.368857
5.373092
5.373168
3.126145
0
0
0
0
0
5.338497
5.350675
5.361147
5.368638
5.372793
0
0
0
0
0
5.324403
5.337087
5.349196
5.359582
5.367078
0
0
0
0
5.308675
5.321719
5.334386
5.346419
5.35673
0
0
0
5.292954
5.304969
5.317937
5.330682
5.342587
0
0
5.278732
5.288612
5.300684
5.313516
5.326238
0
5.267432
5.274686
5.284335
5.29638
5.30928
5.260888
5.264502
5.271575
5.281201
5.293139
5.259023
5.262461
5.269597
5.279015
5.257861
5.26117
5.268264
5.257177
5.260385
3.128384
3.128361
3.128834
3.129312
3.129782
0
0
0
0
0
5.301081
5.267563
5.224217
5.169602
5.102835
3.127858
3.127885
3.12838
3.128874
3.129353
0
0
0
0
0
5.325701
5.300961
5.267333
5.223844
5.169069
3.12731
3.12739
3.127905
3.128421
3.128915
0
0
0
0
0
5.342762
5.325831
5.300867
5.267049
5.223298
3.12671
3.126836
3.127379
3.127915
3.12843
0
0
0
0
0
5.353764
5.343544
5.326267
5.30111
5.266987
3.126044
3.126214
3.126782
3.127347
3.127882
0
0
0
0
0
5.360049
5.355632
5.345075
5.327543
5.302069
3.125109
3.125532
3.12613
3.126718
3.127281
0
0
0
0
0
5.362744
5.363155
5.358533
5.347725
5.329869
3.124787
3.125663
3.126292
3.126869
0
0
0
0
0
5.361926
5.366418
5.366681
5.361869
5.350814
3.125144
3.125967
3.126586
0
0
0
0
0
5.357479
5.365303
5.369583
5.369773
5.364801
3.125623
3.126336
0
0
0
0
0
5.349426
5.359957
5.367596
5.371811
5.3719
3.126145
0
0
0
0
0
5.338497
5.350675
5.361147
5.368638
5.372793
0
0
0
0
0
5.32575
5.338416
5.350523
5.360921
5.368341
0
0
0
0
5.311288
5.32432
5.336936
5.348974
5.359279
0
0
0
5.296496
5.308592
5.321564
5.334166
5.346121
0
0
5.282964
5.292869
5.304813
5.31771
5.330376
0
5.271471
5.278644
5.288449
5.300446
5.313206
5.263641
5.267336
5.274511
5.284092
5.296055
5.260793
5.264326
5.271329
5.280873
5.25885
5.262214
5.269266
5.257613
5.260844
5.256845
3.12835
3.128325
3.128797
3.129267
3.129722
0
0
0
0
0
5.325637
5.301016
5.267426
5.224004
5.169309
3.127821
3.127848
3.128341
3.128831
3.1293
0
0
0
0
0
5.342389
5.325634
5.300821
5.267118
5.223544
3.127272
3.127348
3.127866
3.128374
3.128862
0
0
0
0
0
5.352716
5.34269
5.325684
5.300648
5.266747
3.126666
3.12679
3.127334
3.127868
3.128374
0
0
0
0
0
5.35792
5.353684
5.34339
5.326041
5.3008
3.125771
3.126159
3.126734
3.127293
3.127826
0
0
0
0
0
5.359329
5.359965
5.355473
5.344843
5.327228
3.125269
3.126073
3.126661
3.127218
0
0
0
0
0
5.357993
5.362663
5.363004
5.358307
5.347416
3.125362
3.126201
3.126799
0
0
0
0
0
5.353957
5.361848
5.366269
5.366461
5.361567
3.125723
3.126473
0
0
0
0
0
5.346867
5.357401
5.365153
5.369365
5.369474
3.126158
0
0
0
0
0
5.337167
5.349347
5.359805
5.367376
5.371514
0
0
0
0
0
5.32575
5.338416
5.350523
5.360921
5.368341
0
0
0
0
5.312641
5.325666
5.338264
5.3503
5.360616
0
0
0
5.299051
5.311204
5.324163
5.336715
5.348673
0
0
5.286609
5.296412
5.308436
5.321336
5.333868
0
5.275616
5.282877
5.292708
5.304585
5.317404
5.26762
5.271378
5.278478
5.28821
5.300127
5.263543
5.267159
5.274259
5.283766
5.260614
5.264069
5.270997
5.258597
5.26188
5.257277
3.128313
3.128289
3.128757
3.129224
3.129668
0
0
0
0
0
5.342268
5.325572
5.300878
5.267215
5.22371
3.127781
3.127806
3.1283
3.128784
3.129248
0
0
0
0
0
5.35222
5.342322
5.325492
5.300607
5.266823
3.127227
3.127301
3.12782
3.128328
3.128806
0
0
0
0
0
5.356776
5.352644
5.342544
5.325463
5.300349
3.126379
3.126734
3.127283
3.127815
3.128318
0
0
0
0
0
5.357087
5.357841
5.35353
5.343161
5.325734
3.125883
3.126673
3.127237
3.127763
0
0
0
0
0
5.354396
5.359245
5.359806
5.35524
5.34453
3.125831
3.126596
3.127153
0
0
0
0
0
5.34996
5.357913
5.36251
5.36278
5.358001
3.125947
3.1267
0
0
0
0
0
5.343332
5.353879
5.361698
5.366048
5.366163
3.126258
0
0
0
0
0
5.334615
5.346788
5.357251
5.364931
5.369069
0
0
0
0
0
5.324403
5.337087
5.349196
5.359582
5.367078
0
0
0
0
5.312641
5.325666
5.338264
5.3503
5.360616
0
0
0
5.300398
5.312556
5.325508
5.338041
5.349998
0
0
5.289199
5.298967
5.311046
5.323933
5.336415
0
5.279128
5.286522
5.296254
5.308208
5.321028
5.271779
5.275527
5.282714
5.292472
5.304278
5.267527
5.271206
5.278238
5.28789
5.263365
5.266904
5.273921
5.260354
5.263724
5.258254
3.128272
3.128247
3.128717
3.129176
3.129616
0
0
0
0
0
5.352038
5.342204
5.325434
5.300665
5.266923
3.127735
3.12776
3.128253
3.128737
3.129192
0
0
0
0
0
5.356321
5.352153
5.342182
5.325277
5.300312
3.126903
3.127242
3.127769
3.128275
3.128751
0
0
0
0
0
5.35583
5.356703
5.352498
5.342323
5.32516
3.126437
3.127221
3.127757
3.128256
0
0
0
0
0
5.352008
5.357006
5.357688
5.353302
5.34285
3.126413
3.127168
3.127698
0
0
0
0
0
5.346342
5.354311
5.359087
5.359574
5.354925
3.126376
3.127078
0
0
0
0
0
5.339358
5.34988
5.357761
5.362284
5.362478
3.126454
0
0
0
0
0
5.331143
5.343253
5.35373
5.361477
5.365748
0
0
0
0
0
5.321801
5.334536
5.346639
5.35703
5.36463
0
0
0
0
5.311288
5.32432
5.336936
5.348974
5.359279
0
0
0
5.300398
5.312556
5.325508
5.338041
5.349998
0
0
5.290537
5.300313
5.312397
5.325277
5.33774
0
5.281677
5.28911
5.298809
5.310815
5.323623
5.275242
5.27904
5.286358
5.296023
5.307899
5.271687
5.275359
5.282477
5.292155
5.267352
5.270956
5.277915
5.263107
5.266563
5.260004
3.128224
3.1282
3.12867
3.129129
3.129559
0
0
0
0
0
5.356107
5.351973
5.342067
5.325223
5.300372
3.127408
3.127697
3.128202
3.128683
3.129135
0
0
0
0
0
5.355187
5.356252
5.352014
5.34197
5.32498
3.126937
3.127703
3.128216
3.128688
0
0
0
0
0
5.350579
5.355756
5.356559
5.35228
5.342022
3.12694
3.127687
3.128188
0
0
0
0
0
5.343771
5.351927
5.356853
5.357463
5.352994
3.126941
3.127619
0
0
0
0
0
5.33555
5.346256
5.354155
5.358856
5.359261
3.126861
0
0
0
0
0
5.327016
5.339275
5.349728
5.357537
5.361978
0
0
0
0
0
5.318173
5.331062
5.343104
5.353509
5.361177
0
0
0
0
5.308675
5.321719
5.334386
5.346419
5.35673
0
0
0
5.299051
5.311204
5.324163
5.336715
5.348673
0
0
5.290537
5.300313
5.312397
5.325277
5.33774
0
5.283
5.290448
5.300153
5.312164
5.324965
5.277644
5.281588
5.288945
5.298578
5.310503
5.275151
5.278874
5.286118
5.295712
5.271514
5.275114
5.282156
5.267099
5.27062
5.262761
3.127877
3.128135
3.128619
3.129075
3.129502
0
0
0
0
0
5.354903
5.356041
5.351837
5.341858
5.324932
3.127386
3.128134
3.128625
3.129072
0
0
0
0
0
5.349837
5.355118
5.356109
5.351803
5.341677
3.127412
3.128142
3.12862
0
0
0
0
0
5.342269
5.350505
5.355609
5.356341
5.351981
3.127457
3.128108
0
0
0
0
0
5.332868
5.34369
5.351773
5.356625
5.357157
3.127396
0
0
0
0
0
5.323108
5.335463
5.346096
5.353926
5.358545
0
0
0
0
0
5.313987
5.326933
5.33912
5.349504
5.357234
0
0
0
0
5.305052
5.318092
5.330908
5.342884
5.353211
0
0
0
5.296496
5.308592
5.321564
5.334166
5.346121
0
0
5.289199
5.298967
5.311046
5.323933
5.336415
0
5.283
5.290448
5.300153
5.312164
5.324965
5.278919
5.28291
5.290282
5.29992
5.31185
5.277555
5.281421
5.288703
5.298267
5.274981
5.278633
5.285795
5.271263
5.274785
5.266759
3.127865
3.128548
3.129016
3.129439
0
0
0
0
0
5.349527
5.354836
5.355902
5.35163
5.34157
3.127871
3.128549
3.129004
0
0
0
0
0
5.341589
5.349768
5.354976
5.355893
5.351512
3.127905
3.128536
0
0
0
0
0
5.33136
5.342195
5.350359
5.355388
5.356045
3.127885
0
0
0
0
0
5.320411
5.332786
5.343536
5.351546
5.356317
0
0
0
0
0
5.310101
5.32302
5.335303
5.345862
5.353618
0
0
0
0
5.300934
5.313903
5.326776
5.338891
5.349202
0
0
0
5.292955
5.304969
5.317937
5.330682
5.342587
0
0
5.286609
5.296412
5.308436
5.321336
5.333868
0
5.281677
5.28911
5.298809
5.310815
5.323623
5.278919
5.28291
5.290282
5.29992
5.31185
5.278829
5.282742
5.290039
5.299607
5.277388
5.281178
5.288378
5.274732
5.278308
5.270924
3.128279
3.128937
3.129371
0
0
0
0
0
5.341278
5.34946
5.354699
5.35569
5.351344
3.128308
3.128917
0
0
0
0
0
5.330517
5.341517
5.349628
5.354762
5.355597
3.128319
0
0
0
0
0
5.318712
5.331283
5.342048
5.35014
5.355087
0
0
0
0
0
5.307235
5.320327
5.332632
5.343309
5.351238
0
0
0
0
5.296881
5.310011
5.322859
5.335069
5.345548
0
0
0
5.2887
5.300846
5.313746
5.326547
5.338582
0
0
5.282964
5.292869
5.304813
5.31771
5.330376
0
5.279128
5.286522
5.296254
5.308208
5.321028
5.277644
5.281588
5.288945
5.298578
5.310503
5.278829
5.282742
5.290039
5.299607
5.278661
5.282498
5.289712
5.277144
5.280852
5.274398
3.128691
3.129279
0
0
0
0
0
5.33015
5.341208
5.349322
5.354489
5.355398
3.128708
0
0
0
0
0
5.317778
5.330445
5.341372
5.349415
5.354468
0
0
0
0
0
5.305479
5.318634
5.331132
5.341829
5.349842
0
0
0
0
5.29394
5.30715
5.320167
5.332405
5.343002
0
0
0
5.284595
5.29679
5.309845
5.322625
5.334755
0
0
5.278733
5.288612
5.300684
5.313516
5.326238
0
5.275616
5.282877
5.292708
5.304585
5.317404
5.275242
5.27904
5.286358
5.296023
5.307899
5.277555
5.281421
5.288703
5.298267
5.278661
5.282498
5.289712
5.278417
5.28217
5.276816
3.129119
0
0
0
0
0
5.31737
5.33008
5.341066
5.349113
5.354201
0
0
0
0
0
5.304614
5.317705
5.330299
5.341153
5.349123
0
0
0
0
5.292221
5.305401
5.318482
5.330907
5.341531
0
0
0
5.281701
5.293854
5.306989
5.319933
5.332098
0
0
5.274781
5.284503
5.296622
5.309604
5.32231
0
5.271471
5.278644
5.288449
5.300446
5.313206
5.271779
5.275527
5.282714
5.292472
5.304278
5.275151
5.278874
5.286118
5.295712
5.277388
5.281178
5.288378
5.278417
5.28217
5.278089
0
0
0
0
0
5.304211
5.3173
5.329937
5.340849
5.348825
0
0
0
0
5.291196
5.304539
5.317559
5.33008
5.340854
0
0
0
5.279811
5.292139
5.305248
5.318256
5.330601
0
0
5.271835
5.281612
5.293692
5.306755
5.319618
0
5.267432
5.274686
5.284335
5.29638
5.30928
5.26762
5.271378
5.278478
5.28821
5.300127
5.271687
5.275359
5.282477
5.292155
5.274981
5.278633
5.285795
5.277144
5.280852
5.278089
0
0
0
0
5.29074
5.304138
5.317156
5.329722
5.340553
0
0
0
5.278715
5.291119
5.304387
5.317339
5.32978
0
0
5.270094
5.279728
5.291981
5.305022
5.31795
0
5.264596
5.271745
5.281445
5.293456
5.306438
5.263641
5.267336
5.274511
5.284092
5.296055
5.267527
5.271206
5.278238
5.28789
5.271514
5.275114
5.282156
5.274732
5.278308
5.276816
0
0
0
5.27823
5.290666
5.303989
5.31694
5.329426
0
0
5.26907
5.278638
5.290967
5.304161
5.31704
0
5.262715
5.270008
5.279569
5.291746
5.304714
5.260888
5.264502
5.271575
5.281201
5.293139
5.263543
5.267159
5.274259
5.283766
5.267352
5.270956
5.277915
5.271263
5.274785
5.274398
0
0
5.26861
5.278155
5.290517
5.303766
5.316645
0
5.261654
5.268989
5.278485
5.29074
5.303853
5.259112
5.262628
5.269842
5.279333
5.291429
5.260793
5.264326
5.271329
5.280873
5.263365
5.266904
5.273921
5.267099
5.27062
5.270924
0
5.261182
5.268531
5.278005
5.290293
5.303461
5.258113
5.261572
5.268828
5.278257
5.29043
5.259023
5.262461
5.269597
5.279015
5.260614
5.264069
5.270997
5.263107
5.266563
5.266759
5.257668
5.261103
5.268373
5.277781
5.289988
5.258028
5.26141
5.268589
5.277948
5.25885
5.262214
5.269266
5.260354
5.263724
5.262761
5.257586
5.260944
5.268137
5.277476
5.257861
5.26117
5.268264
5.258597
5.26188
5.260004
5.257422
5.260707
5.267817
5.257613
5.260844
5.258254
5.257177
5.260385
5.257277
5.256845
)
;

boundaryField
{
    cathodeSides
    {
        type            zeroGradient;
    }
    electrolyteSides
    {
        type            zeroGradient;
    }
    anodeSides
    {
        type            zeroGradient;
    }
    phiI_to_phiI0
    {
        type            zeroGradient;
    }
}


// ************************************************************************* //
