/*--------------------------------*- C++ -*----------------------------------*\
| =========                 |                                                 |
| \\      /  F ield         | OpenFOAM: The Open Source CFD Toolbox           |
|  \\    /   O peration     | Version:  2312                                  |
|   \\  /    A nd           | Website:  www.openfoam.com                      |
|    \\/     M anipulation  |                                                 |
\*---------------------------------------------------------------------------*/
FoamFile
{
    version     2.0;
    format      ascii;
    arch        "LSB;label=32;scalar=64";
    class       volScalarField;
    location    "30/phiEC";
    object      J;
}
// * * * * * * * * * * * * * * * * * * * * * * * * * * * * * * * * * * * * * //

dimensions      [0 -3 0 0 0 1 0];

internalField   nonuniform List<scalar> 
20000
(
0
0
0
0
0
0
0
0
0
0
0
0
0
0
0
0
0
0
0
0
0
0
0
0
0
0
0
0
0
0
0
0
0
0
0
0
0
0
0
0
0
0
0
0
0
0
0
0
0
0
0
0
0
0
0
0
0
0
0
0
0
0
0
0
0
0
0
0
0
0
0
0
0
0
0
0
0
0
0
0
0
0
0
0
0
0
0
0
0
0
0
0
0
0
0
0
0
0
0
0
0
0
0
0
0
0
0
0
0
0
0
0
0
0
0
0
0
0
0
0
0
0
0
0
0
0
0
0
0
0
0
0
0
0
0
0
0
0
0
0
0
0
0
0
0
0
0
0
0
0
0
0
0
0
0
0
0
0
0
0
0
0
0
0
0
0
0
0
0
0
0
0
0
0
0
0
0
0
0
0
0
0
0
0
0
0
0
0
0
0
0
0
0
0
0
0
0
0
0
0
0
0
0
0
0
0
0
0
0
0
0
0
0
0
0
0
0
0
0
0
0
0
0
0
0
0
0
0
0
0
0
0
0
0
0
0
0
0
0
0
0
0
0
0
0
0
0
0
0
0
0
0
0
0
0
0
0
0
0
0
0
0
0
0
0
0
0
0
0
0
0
0
0
0
0
0
0
0
0
0
0
0
0
0
0
0
0
0
0
0
0
0
0
0
0
0
0
0
0
0
0
0
0
0
0
0
0
0
0
0
0
0
0
0
0
0
0
0
0
0
0
0
0
0
0
0
0
0
0
0
0
0
0
0
0
0
0
0
0
0
0
0
0
0
0
0
0
0
0
0
0
0
0
0
0
0
0
0
0
0
0
0
0
0
0
0
0
0
0
0
0
0
0
0
0
0
0
0
0
0
0
0
0
0
0
0
0
0
0
0
0
0
0
0
0
0
0
0
0
0
0
0
0
0
0
0
0
0
0
0
0
0
0
0
0
0
0
0
0
0
0
0
0
0
0
0
0
0
0
0
0
0
0
0
0
0
0
0
0
0
0
0
0
0
0
0
0
0
0
0
0
0
0
0
0
0
0
0
0
0
0
0
0
0
0
0
0
0
0
0
0
0
0
0
0
0
0
0
0
0
0
0
0
0
0
0
0
0
0
0
0
0
0
0
0
0
0
0
0
0
0
0
0
0
0
0
0
0
0
0
0
0
0
0
0
0
0
0
0
0
0
0
0
0
0
0
0
0
0
0
0
0
0
0
0
0
0
0
0
0
0
0
0
0
0
0
0
0
0
0
0
0
0
0
0
0
0
0
0
0
0
0
0
0
0
0
0
0
0
0
0
0
0
0
0
0
0
0
0
0
0
0
0
0
0
0
0
0
0
0
0
0
0
0
0
0
0
0
0
0
0
0
0
0
0
0
0
0
0
0
0
0
0
0
0
0
0
0
0
0
0
0
0
0
0
0
0
0
0
0
0
0
0
0
0
0
0
0
0
0
0
0
0
0
0
0
0
0
0
0
0
0
0
0
0
0
0
0
0
0
0
0
0
0
0
0
0
0
0
0
0
0
0
0
0
0
0
0
0
0
0
0
0
0
0
0
0
0
0
0
0
0
0
0
0
0
0
0
0
0
0
0
0
0
0
0
0
0
0
0
0
0
0
0
0
0
0
0
0
0
0
0
0
0
0
0
0
0
0
0
0
0
0
0
0
0
0
0
0
0
0
0
0
0
0
0
0
0
0
0
0
0
0
0
0
0
0
0
0
0
0
0
0
0
0
0
0
0
0
0
0
0
0
0
0
0
0
0
0
0
0
0
0
0
0
0
0
0
0
0
0
0
0
0
0
0
0
0
0
0
0
0
0
0
0
0
0
0
0
0
0
0
0
0
0
0
0
0
0
0
0
0
0
0
0
0
0
0
0
0
0
0
0
0
0
0
0
0
0
0
0
0
0
0
0
0
0
0
0
0
0
0
0
0
0
0
0
0
0
0
0
0
0
0
0
0
0
0
0
0
0
0
0
0
0
0
0
0
0
0
0
0
0
0
0
0
0
0
0
0
0
0
0
0
0
0
0
0
0
0
0
0
0
0
0
0
0
0
0
0
0
0
0
0
0
0
0
0
0
0
0
0
0
0
0
0
0
0
0
0
0
0
0
0
0
0
0
0
0
0
0
0
0
0
0
0
0
0
0
0
0
0
0
0
0
0
0
0
0
0
0
0
0
0
0
0
0
0
0
0
0
0
0
0
0
0
0
0
0
0
0
0
0
0
0
0
0
0
0
0
0
0
0
0
0
0
0
0
0
0
0
0
0
0
0
0
0
0
0
0
0
0
0
0
0
0
0
0
0
0
0
0
0
0
0
0
0
0
0
0
0
0
0
0
0
0
0
0
0
0
0
0
0
0
0
0
0
0
0
0
0
0
0
0
0
0
0
0
0
0
0
0
0
0
0
0
0
0
0
0
0
0
0
0
0
0
0
0
0
0
0
0
0
0
0
0
0
0
0
0
0
0
0
0
0
0
0
0
0
0
0
0
0
0
0
0
0
0
0
0
0
0
0
0
0
0
0
0
0
0
0
0
0
0
0
0
0
0
0
0
0
0
0
0
0
0
0
0
0
0
0
0
0
0
0
0
0
0
0
0
0
0
0
0
0
0
0
0
0
0
0
0
0
0
0
0
0
0
0
0
0
0
0
0
0
0
0
0
0
0
0
0
0
0
0
0
0
0
0
0
0
0
0
0
0
0
0
0
0
0
0
0
0
0
0
0
0
0
0
0
0
0
0
0
0
0
0
0
0
0
0
0
0
0
0
0
0
0
0
0
0
0
0
0
0
0
0
0
0
0
0
0
0
0
0
0
0
0
0
0
0
0
0
0
0
0
0
0
0
0
0
0
0
0
0
0
0
0
0
0
0
0
0
0
0
0
0
0
0
0
0
0
0
0
0
0
0
0
0
0
0
0
0
0
0
0
0
0
0
0
0
0
0
0
0
0
0
0
0
0
0
0
0
0
0
0
0
0
0
0
0
0
0
0
0
0
0
0
0
0
0
0
0
0
0
0
0
0
0
0
0
0
0
0
0
0
0
0
0
0
0
0
0
0
0
0
0
0
0
0
0
0
0
0
0
0
0
0
0
0
0
0
0
0
0
0
0
0
0
0
0
0
0
0
0
0
0
0
0
0
0
0
0
0
0
0
0
0
0
0
0
0
0
0
0
0
0
0
0
0
0
0
0
0
0
0
0
0
0
0
0
0
0
0
0
0
0
0
0
0
0
0
0
0
0
0
0
0
0
0
0
0
0
0
0
0
0
0
0
0
0
0
0
0
0
0
0
0
0
0
0
0
0
0
0
0
0
0
0
0
0
0
0
0
0
0
0
0
0
0
0
0
0
0
0
0
0
0
0
0
0
0
0
0
0
0
0
0
0
0
0
0
0
0
0
0
0
0
0
0
0
0
0
0
0
0
0
0
0
0
0
0
0
0
0
0
0
0
0
0
0
0
0
0
0
0
0
0
0
0
0
0
0
0
0
0
0
0
0
0
0
0
0
0
0
0
0
0
0
0
0
0
0
0
0
0
0
0
0
0
0
0
0
0
0
0
0
0
0
0
0
0
0
0
0
0
0
0
0
0
0
0
0
0
0
0
0
0
0
0
0
0
0
0
0
0
0
0
0
0
0
0
0
0
0
0
0
0
0
0
0
0
0
0
0
0
0
0
0
0
0
0
0
0
0
0
0
0
0
0
0
0
0
0
0
0
0
0
0
0
0
0
0
0
0
0
0
0
0
0
0
0
0
0
0
0
0
0
0
0
0
0
0
0
0
0
0
0
0
0
0
0
0
0
0
0
0
0
0
0
0
0
0
0
0
0
0
0
0
0
0
0
0
0
0
0
0
0
0
0
0
0
0
0
0
0
0
0
0
0
0
0
0
0
0
0
0
0
0
0
0
0
0
0
0
0
0
0
0
0
0
0
0
0
0
0
0
0
0
0
0
0
0
0
0
0
0
0
0
0
0
0
0
0
0
0
0
0
0
0
0
0
0
0
0
0
0
0
0
0
0
0
0
0
0
0
0
0
0
0
0
0
0
0
0
0
0
0
0
0
0
0
0
0
0
0
0
0
0
0
0
0
0
0
0
0
0
0
0
0
0
0
0
0
0
0
0
0
0
0
0
0
0
0
0
0
0
0
0
0
0
0
0
0
0
0
0
0
0
0
0
0
0
0
0
0
0
0
0
0
0
0
0
0
0
0
0
0
0
0
0
0
0
0
0
0
0
0
0
0
0
0
0
0
0
0
0
0
0
0
0
0
0
0
0
0
0
0
0
0
0
0
0
0
0
0
0
0
0
0
0
0
0
0
0
0
0
0
0
0
0
0
0
0
0
0
0
0
0
0
0
0
0
0
0
0
0
0
0
0
0
0
0
0
0
0
0
0
0
0
0
0
0
0
0
0
0
0
0
0
0
0
0
0
0
0
0
0
0
0
0
0
0
0
0
0
0
0
0
0
0
0
0
0
0
0
0
0
0
0
0
0
0
0
0
0
0
0
0
0
0
0
0
0
0
0
0
0
0
0
0
0
0
0
0
0
0
0
0
0
0
0
0
0
0
0
0
0
0
0
0
0
0
0
0
0
0
0
0
0
0
0
0
0
0
0
0
0
0
0
0
0
0
0
0
0
0
0
0
0
0
0
0
0
0
0
0
0
0
0
0
0
0
0
0
0
0
0
0
0
0
0
0
0
0
0
0
0
0
0
0
0
0
0
0
0
0
0
0
0
0
0
0
0
0
0
0
0
0
0
0
0
0
0
0
0
0
0
0
0
0
0
0
0
0
0
0
0
0
0
0
0
0
0
0
0
0
0
0
0
0
0
0
0
0
0
0
0
0
0
0
0
0
0
0
0
0
0
0
0
0
0
0
0
0
0
0
0
0
0
0
0
0
0
0
0
0
0
0
0
0
0
0
0
0
0
0
0
0
0
0
0
0
0
0
0
0
0
0
0
0
0
0
0
0
0
0
0
0
0
0
0
0
0
0
0
0
0
0
0
0
0
0
0
0
0
0
0
0
0
0
0
0
0
0
0
0
0
0
0
0
0
0
0
0
0
0
0
0
0
0
0
0
0
0
0
0
0
0
0
0
0
0
0
0
0
0
0
0
0
0
0
0
0
0
0
0
0
0
0
0
0
0
0
0
0
0
0
0
0
0
0
0
0
0
0
0
0
0
0
0
0
0
0
0
0
0
0
0
0
0
0
0
0
0
0
0
0
0
0
0
0
0
0
0
0
0
0
0
0
0
0
0
0
0
0
0
0
0
0
0
0
0
0
0
0
0
0
0
0
0
0
0
0
0
0
0
0
0
0
0
0
0
0
0
0
0
0
0
0
0
0
0
0
0
0
0
0
0
0
0
0
0
0
0
0
0
0
0
0
0
0
0
0
0
0
0
0
0
0
0
0
0
0
0
0
0
0
0
0
0
0
0
0
0
0
0
0
0
0
0
0
0
0
0
0
0
0
0
0
0
0
0
0
0
0
0
0
0
0
0
0
0
0
0
0
0
0
0
0
0
0
0
0
0
0
0
0
0
0
0
0
0
0
0
0
0
0
0
0
0
0
0
0
0
0
0
0
0
0
0
0
0
0
0
0
0
0
0
0
0
0
0
0
0
0
0
0
0
0
0
0
0
0
0
0
0
0
0
0
0
0
0
0
0
-5092301
0
0
0
0
0
0
0
0
0
0
0
0
0
0
0
0
0
0
0
0
0
0
0
0
0
0
0
0
0
0
0
0
0
0
0
0
0
0
0
0
0
0
0
0
0
0
0
0
0
0
0
0
0
0
0
0
0
0
0
0
0
0
0
0
0
0
0
0
0
0
0
0
0
0
0
0
0
0
0
0
0
0
0
0
0
0
0
0
0
0
0
0
0
0
0
0
0
0
0
0
0
0
0
0
0
0
0
0
0
0
0
0
0
0
0
0
0
0
0
0
0
0
0
0
0
0
0
0
0
0
0
0
0
0
0
0
0
0
0
0
0
0
0
0
0
0
0
0
0
0
0
0
0
0
0
0
0
0
0
0
0
0
0
0
0
0
0
0
0
0
0
0
0
0
0
0
0
0
0
0
0
0
0
0
0
0
0
0
0
0
0
0
0
0
0
0
0
0
0
0
0
0
0
0
0
0
0
0
0
0
0
0
0
0
0
0
0
0
0
0
0
0
0
0
0
-5094417
0
0
0
0
0
0
0
0
0
0
0
0
0
0
0
0
0
0
0
0
0
0
0
0
0
-5107678
-5105651
0
0
0
0
0
0
0
0
0
0
0
0
0
0
0
0
0
0
0
0
0
0
0
0
0
0
0
0
0
0
0
0
0
0
0
0
0
0
0
0
0
0
0
0
0
0
0
0
0
0
0
0
0
0
0
0
0
0
0
0
0
0
0
0
0
0
0
0
0
0
0
0
0
0
0
0
0
0
0
0
0
0
0
0
0
0
0
0
0
0
0
0
0
0
0
0
0
0
0
0
0
0
0
0
0
0
0
0
0
0
0
0
0
0
0
0
0
0
0
0
0
0
0
0
0
0
0
0
0
0
0
0
0
0
0
0
0
0
0
0
0
0
0
0
0
0
0
0
0
0
0
0
0
0
0
0
0
0
0
0
0
0
0
0
0
0
0
0
0
0
0
0
0
0
0
0
0
0
0
0
0
0
0
0
0
0
0
0
0
0
0
0
0
0
0
0
0
0
0
0
0
0
0
0
0
0
0
0
0
0
0
0
0
0
0
-5093401
0
0
0
0
0
0
0
0
0
0
0
0
0
0
0
0
0
0
0
0
0
0
0
0
0
-5111051
-5107803
0
0
0
0
0
0
0
0
0
0
0
0
0
0
0
0
0
0
0
0
0
0
0
0
0
-5127201
-5121117
-5137831
0
0
0
0
0
0
0
0
0
0
0
0
0
0
0
0
0
0
0
0
0
0
0
0
0
0
0
0
0
0
0
0
0
0
0
0
0
0
0
0
0
0
0
0
0
0
0
0
0
0
0
0
0
0
0
0
0
0
0
0
0
0
0
0
0
0
0
0
0
0
0
0
0
0
0
0
0
0
0
0
0
0
0
0
0
0
0
0
0
0
0
0
0
0
0
0
0
0
0
0
0
0
0
0
0
0
0
0
0
0
0
0
0
0
0
0
0
0
0
0
0
0
0
0
0
0
0
0
0
0
0
0
0
0
0
0
0
0
0
0
0
0
0
0
0
0
0
0
0
0
0
0
0
0
0
0
0
0
0
0
0
0
0
0
0
0
0
0
0
0
0
0
0
0
0
0
0
0
0
0
0
0
0
0
0
0
0
0
0
0
0
0
0
0
0
0
0
0
0
0
0
0
0
0
0
-5088948
0
0
0
0
0
0
0
0
0
0
0
0
0
0
0
0
0
0
0
0
0
0
0
0
0
-5111578
-5106854
0
0
0
0
0
0
0
0
0
0
0
0
0
0
0
0
0
0
0
0
0
0
0
0
0
-5131105
-5124496
-5140151
0
0
0
0
0
0
0
0
0
0
0
0
0
0
0
0
0
0
0
0
0
0
0
0
0
-5144980
-5140762
-5153316
-5189629
0
0
0
0
0
0
0
0
0
0
0
0
0
0
0
0
0
0
0
0
0
0
0
0
0
0
0
0
0
0
0
0
0
0
0
0
0
0
0
0
0
0
0
0
0
0
0
0
0
0
0
0
0
0
0
0
0
0
0
0
0
0
0
0
0
0
0
0
0
0
0
0
0
0
0
0
0
0
0
0
0
0
0
0
0
0
0
0
0
0
0
0
0
0
0
0
0
0
0
0
0
0
0
0
0
0
0
0
0
0
0
0
0
0
0
0
0
0
0
0
0
0
0
0
0
0
0
0
0
0
0
0
0
0
0
0
0
0
0
0
0
0
0
0
0
0
0
0
0
0
0
0
0
0
0
0
0
0
0
0
0
0
0
0
0
0
0
0
0
0
0
0
0
0
0
0
0
0
0
0
0
0
0
0
0
0
0
0
0
0
0
0
0
0
0
-5080945
0
0
0
0
0
0
0
0
0
0
0
0
0
0
0
0
0
0
0
0
0
0
0
0
0
-5108884
-5102465
0
0
0
0
0
0
0
0
0
0
0
0
0
0
0
0
0
0
0
0
0
0
0
0
0
-5132281
-5125050
-5139354
0
0
0
0
0
0
0
0
0
0
0
0
0
0
0
0
0
0
0
0
0
0
0
0
0
-5149091
-5144660
-5156871
-5192241
0
0
0
0
0
0
0
0
0
0
0
0
0
0
0
0
0
0
0
0
0
0
0
0
0
-5160810
-5158657
-5173152
-5205067
-5263254
0
0
0
0
0
0
0
0
0
0
0
0
0
0
0
0
0
0
0
0
0
0
0
0
0
0
0
0
0
0
0
0
0
0
0
0
0
0
0
0
0
0
0
0
0
0
0
0
0
0
0
0
0
0
0
0
0
0
0
0
0
0
0
0
0
0
0
0
0
0
0
0
0
0
0
0
0
0
0
0
0
0
0
0
0
0
0
0
0
0
0
0
0
0
0
0
0
0
0
0
0
0
0
0
0
0
0
0
0
0
0
0
0
0
0
0
0
0
0
0
0
0
0
0
0
0
0
0
0
0
0
0
0
0
0
0
0
0
0
0
0
0
0
0
0
0
0
0
0
0
0
0
0
0
0
0
0
0
0
0
0
0
0
0
0
0
0
0
0
0
0
0
0
0
0
0
0
0
0
0
0
0
0
0
-5070636
0
0
0
0
0
0
0
0
0
0
0
0
0
0
0
0
0
0
0
0
0
0
0
0
0
-5102672
-5094506
0
0
0
0
0
0
0
0
0
0
0
0
0
0
0
0
0
0
0
0
0
0
0
0
0
-5130303
-5122403
-5135081
0
0
0
0
0
0
0
0
0
0
0
0
0
0
0
0
0
0
0
0
0
0
0
0
0
-5150631
-5145854
-5157578
-5191655
0
0
0
0
0
0
0
0
0
0
0
0
0
0
0
0
0
0
0
0
0
0
0
0
0
-5165035
-5162755
-5177229
-5208974
-5266422
0
0
0
0
0
0
0
0
0
0
0
0
0
0
0
0
0
0
0
0
0
0
0
0
0
-5176319
-5174590
-5191267
-5225157
-5278398
0
0
0
0
0
0
0
0
0
0
0
0
0
0
0
0
0
0
0
0
0
0
0
0
0
0
0
0
0
0
0
0
0
0
0
0
0
0
0
0
0
0
0
0
0
0
0
0
0
0
0
0
0
0
0
0
0
0
0
0
0
0
0
0
0
0
0
0
0
0
0
0
0
0
0
0
0
0
0
0
0
0
0
0
0
0
0
0
0
0
0
0
0
0
0
0
0
0
0
0
0
0
0
0
0
0
0
0
0
0
0
0
0
0
0
0
0
0
0
0
0
0
0
0
0
0
0
0
0
0
0
0
0
0
0
0
0
0
0
0
0
0
0
0
0
0
0
0
0
0
0
0
0
0
0
0
0
0
0
0
0
0
0
0
0
0
0
0
0
0
0
0
0
0
0
0
0
0
0
0
0
0
-5060189
0
0
0
0
0
0
0
0
0
0
0
0
0
0
0
-5094000
-5084222
0
0
0
0
0
0
0
0
0
0
0
0
0
0
0
0
0
0
0
0
0
0
0
0
0
-5124903
-5116239
-5127181
0
0
0
0
0
0
0
0
0
0
0
0
0
0
0
0
0
0
0
0
0
0
0
0
0
-5149092
-5143898
-5155067
-5187513
0
0
0
0
0
0
0
0
0
0
0
0
0
0
0
0
0
0
0
0
0
0
0
0
0
-5166719
-5164309
-5178584
-5209952
-5266255
0
0
0
0
0
0
0
0
0
0
0
0
0
0
0
0
0
0
0
0
0
0
0
0
0
-5180622
-5178798
-5195544
-5229613
-5282981
0
0
0
0
0
0
0
0
0
0
0
0
0
0
0
0
0
0
0
0
0
0
0
0
0
-5192997
-5190200
-5207412
-5243596
-5298747
0
0
0
0
0
0
0
0
0
0
0
0
0
0
0
0
0
0
0
0
0
0
0
0
0
0
0
0
0
0
0
0
0
0
0
0
0
0
0
0
0
0
0
0
0
0
0
0
0
0
0
0
0
0
0
0
0
0
0
0
0
0
0
0
0
0
0
0
0
0
0
0
0
0
0
0
0
0
0
0
0
0
0
0
0
0
0
0
0
0
0
0
0
0
0
0
0
0
0
0
0
0
0
0
0
0
0
0
0
0
0
0
0
0
0
0
0
0
0
0
0
0
0
0
0
0
0
0
0
0
0
0
0
0
0
0
0
0
0
0
0
0
0
0
0
0
0
0
0
0
0
0
0
0
0
0
0
0
0
0
0
0
0
0
0
0
0
0
0
0
0
0
0
0
0
0
0
0
0
-5048193
0
0
0
0
0
0
0
0
0
0
0
0
0
0
0
-5085063
-5073731
0
0
0
0
0
0
0
0
0
0
0
0
0
0
0
-5117017
-5107605
-5116901
0
0
0
0
0
0
0
0
0
0
0
0
0
0
0
0
0
0
0
0
0
0
0
0
0
-5144186
-5138542
-5149012
-5179652
0
0
0
0
0
0
0
0
0
0
0
0
0
0
0
0
0
0
0
0
0
0
0
0
0
-5165453
-5162789
-5176759
-5207639
-5262402
0
0
0
0
0
0
0
0
0
0
0
0
0
0
0
0
0
0
0
0
0
0
0
0
0
-5182361
-5180495
-5197264
-5231271
-5284499
0
0
0
0
0
0
0
0
0
0
0
0
0
0
0
0
0
0
0
0
0
0
0
0
0
-5197315
-5194482
-5211799
-5248261
-5303929
0
0
0
0
0
0
0
0
0
0
0
0
0
0
0
0
0
0
0
0
0
0
0
0
0
-5209377
-5206979
-5223229
-5260060
-5317589
0
0
0
0
0
0
0
0
0
0
0
0
0
0
0
0
0
0
0
0
0
0
0
0
0
0
0
0
0
0
0
0
0
0
0
0
0
0
0
0
0
0
0
0
0
0
0
0
0
0
0
0
0
0
0
0
0
0
0
0
0
0
0
0
0
0
0
0
0
0
0
0
0
0
0
0
0
0
0
0
0
0
0
0
0
0
0
0
0
0
0
0
0
0
0
0
0
0
0
0
0
0
0
0
0
0
0
0
0
0
0
0
0
0
0
0
0
0
0
0
0
0
0
0
0
0
0
0
0
0
0
0
0
0
0
0
0
0
0
0
0
0
0
0
0
0
0
0
0
0
0
0
0
0
0
0
0
0
0
0
0
0
0
0
0
0
0
0
0
0
0
0
0
0
0
-5039928
0
0
0
0
0
0
0
0
0
0
0
0
0
0
0
-5074611
-5061713
0
0
0
0
0
0
0
0
0
0
0
0
0
0
0
-5107456
-5098692
-5106346
0
0
0
0
0
0
0
0
0
0
0
0
0
0
0
-5136808
-5130704
-5140448
-5169335
0
0
0
0
0
0
0
0
0
0
0
0
0
0
0
0
0
0
0
0
0
0
0
0
0
-5160820
-5157926
-5171523
-5201713
-5254709
0
0
0
0
0
0
0
0
0
0
0
0
0
0
0
0
0
0
0
0
0
0
0
0
0
-5181119
-5179247
-5195882
-5229667
-5282595
0
0
0
0
0
0
0
0
0
0
0
0
0
0
0
0
0
0
0
0
0
0
0
0
0
-5199072
-5196233
-5213667
-5250300
-5306183
0
0
0
0
0
0
0
0
0
0
0
0
0
0
0
0
0
0
0
0
0
0
0
0
0
-5213732
-5211272
-5227690
-5264840
-5323003
0
0
0
0
0
0
0
0
0
0
0
0
0
0
0
0
0
0
0
0
0
0
0
0
0
-5224672
-5223455
-5240214
-5276189
-5334467
0
0
0
0
0
0
0
0
0
0
0
0
0
0
0
0
0
0
0
0
0
0
0
0
0
0
0
0
0
0
0
0
0
0
0
0
0
0
0
0
0
0
0
0
0
0
0
0
0
0
0
0
0
0
0
0
0
0
0
0
0
0
0
0
0
0
0
0
0
0
0
0
0
0
0
0
0
0
0
0
0
0
0
0
0
0
0
0
0
0
0
0
0
0
0
0
0
0
0
0
0
0
0
0
0
0
0
0
0
0
0
0
0
0
0
0
0
0
0
0
0
0
0
0
0
0
0
0
0
0
0
0
0
0
0
0
0
0
0
0
0
0
0
0
0
0
0
0
0
0
0
0
0
0
0
0
0
0
0
0
0
0
0
0
0
0
0
0
0
0
-5035376
0
0
0
0
0
0
0
0
0
0
0
0
0
0
0
-5067726
-5053388
0
0
0
0
0
0
0
0
0
0
0
0
0
0
0
-5098568
-5088188
-5094229
0
0
0
0
0
0
0
0
0
0
0
0
0
0
0
-5127380
-5121147
-5131558
-5158687
0
0
0
0
0
0
0
0
0
0
0
0
0
0
0
-5153708
-5150597
-5163785
-5193218
-5244474
0
0
0
0
0
0
0
0
0
0
0
0
0
0
0
0
0
0
0
0
0
0
0
0
0
-5176556
-5174657
-5191150
-5224592
-5276966
0
0
0
0
0
0
0
0
0
0
0
0
0
0
0
0
0
0
0
0
0
0
0
0
0
-5197861
-5195007
-5212563
-5249159
-5305041
0
0
0
0
0
0
0
0
0
0
0
0
0
0
0
0
0
0
0
0
0
0
0
0
0
-5215524
-5213038
-5229613
-5267040
-5325666
0
0
0
0
0
0
0
0
0
0
0
0
0
0
0
0
0
0
0
0
0
0
0
0
0
-5229164
-5227780
-5244683
-5281046
-5340009
0
0
0
0
0
0
0
0
0
0
0
0
0
0
0
0
0
0
0
0
0
0
0
0
0
-5238520
-5238837
-5256882
-5293479
-5351002
0
0
0
0
0
0
0
0
0
0
0
0
0
0
0
0
0
0
0
0
0
0
0
0
0
0
0
0
0
0
0
0
0
0
0
0
0
0
0
0
0
0
0
0
0
0
0
0
0
0
0
0
0
0
0
0
0
0
0
0
0
0
0
0
0
0
0
0
0
0
0
0
0
0
0
0
0
0
0
0
0
0
0
0
0
0
0
0
0
0
0
0
0
0
0
0
0
0
0
0
0
0
0
0
0
0
0
0
0
0
0
0
0
0
0
0
0
0
0
0
0
0
0
0
0
0
0
0
0
0
0
0
0
0
0
0
0
0
0
0
0
0
0
0
0
0
0
0
0
0
0
0
0
0
0
0
0
0
0
0
0
0
0
0
-5035376
0
0
0
0
0
0
0
0
0
0
0
0
0
0
0
-5063969
-5048804
0
0
0
0
0
0
0
0
0
0
0
0
0
0
0
-5092236
-5081271
-5085804
0
0
0
0
0
0
0
0
0
0
0
0
0
0
0
-5118776
-5112233
-5120959
-5146403
0
0
0
0
0
0
0
0
0
0
0
0
0
0
0
-5144470
-5141169
-5154236
-5184331
-5233817
0
0
0
0
0
0
0
0
0
0
0
0
0
0
0
-5169552
-5167594
-5183932
-5216966
-5268685
0
0
0
0
0
0
0
0
0
0
0
0
0
0
0
0
0
0
0
0
0
0
0
0
0
-5193300
-5190487
-5208110
-5244611
-5300320
0
0
0
0
0
0
0
0
0
0
0
0
0
0
0
0
0
0
0
0
0
0
0
0
0
-5214342
-5211843
-5228534
-5266189
-5325020
0
0
0
0
0
0
0
0
0
0
0
0
0
0
0
0
0
0
0
0
0
0
0
0
0
-5231082
-5229579
-5246622
-5283307
-5342852
0
0
0
0
0
0
0
0
0
0
0
0
0
0
0
0
0
0
0
0
0
0
0
0
0
-5242950
-5243296
-5261381
-5298345
-5356629
0
0
0
0
0
0
0
0
0
0
0
0
0
0
0
0
0
0
0
0
0
0
0
0
0
-5251081
-5252764
-5272440
-5310430
-5368684
0
0
0
0
0
0
0
0
0
0
0
0
0
0
0
0
0
0
0
0
0
0
0
0
0
0
0
0
0
0
0
0
0
0
0
0
0
0
0
0
0
0
0
0
0
0
0
0
0
0
0
0
0
0
0
0
0
0
0
0
0
0
0
0
0
0
0
0
0
0
0
0
0
0
0
0
0
0
0
0
0
0
0
0
0
0
0
0
0
0
0
0
0
0
0
0
0
0
0
0
0
0
0
0
0
0
0
0
0
0
0
0
0
0
0
0
0
0
0
0
0
0
0
0
0
0
0
0
0
0
0
0
0
0
0
0
0
0
0
0
0
0
0
0
0
0
0
0
0
0
0
0
0
0
0
0
0
-5039928
0
0
0
0
0
0
0
0
0
0
0
0
0
0
0
-5063969
-5048804
0
0
0
0
0
0
0
0
0
0
0
0
0
0
0
-5088890
-5077490
-5081163
0
0
0
0
0
0
0
0
0
0
0
0
0
0
0
-5112684
-5105878
-5113984
-5137847
0
0
0
0
0
0
0
0
0
0
0
0
0
0
0
-5136013
-5132540
-5145277
-5173597
-5221275
0
0
0
0
0
0
0
0
0
0
0
0
0
0
0
-5160260
-5158356
-5174514
-5207413
-5259924
0
0
0
0
0
0
0
0
0
0
0
0
0
0
0
-5186203
-5183530
-5201167
-5237530
-5292971
0
0
0
0
0
0
0
0
0
0
0
0
0
0
0
0
0
0
0
0
0
0
0
0
0
-5209768
-5207322
-5224154
-5261936
-5320862
0
0
0
0
0
0
0
0
0
0
0
0
0
0
0
0
0
0
0
0
0
0
0
0
0
-5229924
-5228410
-5245573
-5282488
-5342518
0
0
0
0
0
0
0
0
0
0
0
0
0
0
0
0
0
0
0
0
0
0
0
0
0
-5244764
-5245219
-5263351
-5300624
-5359545
0
0
0
0
0
0
0
0
0
0
0
0
0
0
0
0
0
0
0
0
0
0
0
0
0
-5255579
-5257158
-5277071
-5315327
-5374326
0
0
0
0
0
0
0
0
0
0
0
0
0
0
0
0
0
0
0
0
0
0
0
0
0
-5262608
-5265397
-5286526
-5326245
-5385995
0
0
0
0
0
0
0
0
0
0
0
0
0
0
0
0
0
0
0
0
0
0
0
0
0
0
0
0
0
0
0
0
0
0
0
0
0
0
0
0
0
0
0
0
0
0
0
0
0
0
0
0
0
0
0
0
0
0
0
0
0
0
0
0
0
0
0
0
0
0
0
0
0
0
0
0
0
0
0
0
0
0
0
0
0
0
0
0
0
0
0
0
0
0
0
0
0
0
0
0
0
0
0
0
0
0
0
0
0
0
0
0
0
0
0
0
0
0
0
0
0
0
0
0
0
0
0
0
0
0
0
0
0
0
0
0
0
0
0
0
0
0
0
0
0
0
0
0
0
-5048193
0
0
0
0
0
0
0
0
0
0
0
0
0
0
0
-5067726
-5053388
0
0
0
0
0
0
0
0
0
0
0
0
0
0
0
-5088890
-5077490
-5081163
0
0
0
0
0
0
0
0
0
0
0
0
0
0
0
-5109485
-5102517
-5110165
-5133130
0
0
0
0
0
0
0
0
0
0
0
0
0
0
0
-5130081
-5126428
-5138884
-5166544
-5212523
0
0
0
0
0
0
0
0
0
0
0
0
0
0
0
-5151772
-5149875
-5165848
-5198387
-5249010
0
0
0
0
0
0
0
0
0
0
0
0
0
0
0
-5176812
-5174237
-5191942
-5228118
-5283487
0
0
0
0
0
0
0
0
0
0
0
0
0
0
0
-5202640
-5200272
-5217320
-5255146
-5314094
0
0
0
0
0
0
0
0
0
0
0
0
0
0
0
0
0
0
0
0
0
0
0
0
0
-5225289
-5223875
-5241193
-5278317
-5338679
0
0
0
0
0
0
0
0
0
0
0
0
0
0
0
0
0
0
0
0
0
0
0
0
0
-5243594
-5244072
-5262328
-5299840
-5359256
0
0
0
0
0
0
0
0
0
0
0
0
0
0
0
0
0
0
0
0
0
0
0
0
0
-5257489
-5258972
-5279165
-5317639
-5377267
0
0
0
0
0
0
0
0
0
0
0
0
0
0
0
0
0
0
0
0
0
0
0
0
0
-5267214
-5269855
-5291087
-5331275
-5391673
0
0
0
0
0
0
0
0
0
0
0
0
0
0
0
0
0
0
0
0
0
0
0
0
0
-5273133
-5276990
-5299302
-5340560
-5402137
0
0
0
0
0
0
0
0
0
0
0
0
0
0
0
0
0
0
0
0
0
0
0
0
0
0
0
0
0
0
0
0
0
0
0
0
0
0
0
0
0
0
0
0
0
0
0
0
0
0
0
0
0
0
0
0
0
0
0
0
0
0
0
0
0
0
0
0
0
0
0
0
0
0
0
0
0
0
0
0
0
0
0
0
0
0
0
0
0
0
0
0
0
0
0
0
0
0
0
0
0
0
0
0
0
0
0
0
0
0
0
0
0
0
0
0
0
0
0
0
0
0
0
0
0
0
0
0
0
0
0
0
0
0
0
0
0
0
0
0
-5060189
0
0
0
0
0
0
0
0
0
0
0
0
0
0
0
-5074611
-5061713
0
0
0
0
0
0
0
0
0
0
0
0
0
0
0
-5092236
-5081271
-5085804
0
0
0
0
0
0
0
0
0
0
0
0
0
0
0
-5109485
-5102517
-5110165
-5133130
0
0
0
0
0
0
0
0
0
0
0
0
0
0
0
-5127031
-5123218
-5135496
-5162673
-5207678
0
0
0
0
0
0
0
0
0
0
0
0
0
0
0
-5145854
-5143925
-5159707
-5191940
-5241858
0
0
0
0
0
0
0
0
0
0
0
0
0
0
0
-5168213
-5165726
-5183428
-5219398
-5274408
0
0
0
0
0
0
0
0
0
0
0
0
0
0
0
-5193172
-5190878
-5208044
-5245935
-5304758
0
0
0
0
0
0
0
0
0
0
0
0
0
0
0
-5218144
-5216792
-5234267
-5271646
-5332226
0
0
0
0
0
0
0
0
0
0
0
0
0
0
0
0
0
0
0
0
0
0
0
0
0
-5238989
-5239473
-5257934
-5295673
-5355513
0
0
0
0
0
0
0
0
0
0
0
0
0
0
0
0
0
0
0
0
0
0
0
0
0
-5256461
-5257812
-5278162
-5316882
-5377020
0
0
0
0
0
0
0
0
0
0
0
0
0
0
0
0
0
0
0
0
0
0
0
0
0
-5269287
-5271764
-5293070
-5333711
-5394653
0
0
0
0
0
0
0
0
0
0
0
0
0
0
0
0
0
0
0
0
0
0
0
0
0
-5277811
-5281553
-5303926
-5345520
-5407951
0
0
0
0
0
0
0
0
0
0
0
0
0
0
0
0
0
0
0
0
0
0
0
0
0
-5282958
-5287575
-5311028
-5353545
-5416742
0
0
0
0
0
0
0
0
0
0
0
0
0
0
0
0
0
0
0
0
0
0
0
0
0
0
0
0
0
0
0
0
0
0
0
0
0
0
0
0
0
0
0
0
0
0
0
0
0
0
0
0
0
0
0
0
0
0
0
0
0
0
0
0
0
0
0
0
0
0
0
0
0
0
0
0
0
0
0
0
0
0
0
0
0
0
0
0
0
0
0
0
0
0
0
0
0
0
0
0
0
0
0
0
0
0
0
0
0
0
0
0
0
0
0
0
0
0
0
0
0
0
0
0
0
0
0
0
0
0
-5070636
0
0
0
0
0
0
0
0
0
0
0
0
0
0
0
-5085063
-5073731
0
0
0
0
0
0
0
0
0
0
0
0
0
0
0
-5098568
-5088188
-5094229
0
0
0
0
0
0
0
0
0
0
0
0
0
0
0
-5112684
-5105878
-5113984
-5137847
0
0
0
0
0
0
0
0
0
0
0
0
0
0
0
-5127031
-5123218
-5135496
-5162673
-5207678
0
0
0
0
0
0
0
0
0
0
0
0
0
0
0
-5142825
-5140865
-5156477
-5188516
-5237913
0
0
0
0
0
0
0
0
0
0
0
0
0
0
0
-5162216
-5159790
-5177452
-5213214
-5267904
0
0
0
0
0
0
0
0
0
0
0
0
0
0
0
-5184515
-5182255
-5199501
-5237374
-5296003
0
0
0
0
0
0
0
0
0
0
0
0
0
0
0
-5208685
-5207321
-5224890
-5262388
-5323100
0
0
0
0
0
0
0
0
0
0
0
0
0
0
0
-5231938
-5232371
-5250975
-5288915
-5349195
0
0
0
0
0
0
0
0
0
0
0
0
0
0
0
0
0
0
0
0
0
0
0
0
0
-5252058
-5253242
-5273702
-5312703
-5373291
0
0
0
0
0
0
0
0
0
0
0
0
0
0
0
0
0
0
0
0
0
0
0
0
0
-5268317
-5270744
-5292052
-5332975
-5394439
0
0
0
0
0
0
0
0
0
0
0
0
0
0
0
0
0
0
0
0
0
0
0
0
0
-5280007
-5283624
-5306002
-5347845
-5411060
0
0
0
0
0
0
0
0
0
0
0
0
0
0
0
0
0
0
0
0
0
0
0
0
0
-5287688
-5292208
-5315754
-5358567
-5422489
0
0
0
0
0
0
0
0
0
0
0
0
0
0
0
0
0
0
0
0
0
0
0
0
0
-5291935
-5297458
-5321734
-5365464
-5429991
0
0
0
0
0
0
0
0
0
0
0
0
0
0
0
0
0
0
0
0
0
0
0
0
0
0
0
0
0
0
0
0
0
0
0
0
0
0
0
0
0
0
0
0
0
0
0
0
0
0
0
0
0
0
0
0
0
0
0
0
0
0
0
0
0
0
0
0
0
0
0
0
0
0
0
0
0
0
0
0
0
0
0
0
0
0
0
0
0
0
0
0
0
0
0
0
0
0
0
0
0
0
0
0
0
0
0
0
0
0
0
0
0
0
0
0
0
0
0
-5080945
0
0
0
0
0
0
0
0
0
0
0
0
0
0
0
-5094000
-5084222
0
0
0
0
0
0
0
0
0
0
0
0
0
0
0
-5107456
-5098692
-5106346
0
0
0
0
0
0
0
0
0
0
0
0
0
0
0
-5118776
-5112233
-5120959
-5146403
0
0
0
0
0
0
0
0
0
0
0
0
0
0
0
-5130081
-5126428
-5138884
-5166544
-5212523
0
0
0
0
0
0
0
0
0
0
0
0
0
0
0
-5142825
-5140865
-5156477
-5188516
-5237913
0
0
0
0
0
0
0
0
0
0
0
0
0
0
0
-5159157
-5156752
-5174377
-5209959
-5264436
0
0
0
0
0
0
0
0
0
0
0
0
0
0
0
-5178488
-5176240
-5193541
-5231364
-5289783
0
0
0
0
0
0
0
0
0
0
0
0
0
0
0
-5200041
-5198639
-5216237
-5253804
-5314514
0
0
0
0
0
0
0
0
0
0
0
0
0
0
0
-5222579
-5222908
-5241519
-5279558
-5340030
0
0
0
0
0
0
0
0
0
0
0
0
0
0
0
-5245164
-5246232
-5266723
-5305912
-5366894
0
0
0
0
0
0
0
0
0
0
0
0
0
0
0
0
0
0
0
0
0
0
0
0
0
-5264028
-5266374
-5287620
-5328730
-5390701
0
0
0
0
0
0
0
0
0
0
0
0
0
0
0
0
0
0
0
0
0
0
0
0
0
-5279221
-5282659
-5305123
-5347095
-5410870
0
0
0
0
0
0
0
0
0
0
0
0
0
0
0
0
0
0
0
0
0
0
0
0
0
-5289932
-5294400
-5317991
-5360986
-5425490
0
0
0
0
0
0
0
0
0
0
0
0
0
0
0
0
0
0
0
0
0
0
0
0
0
-5296739
-5302140
-5326530
-5370588
-5435802
0
0
0
0
0
0
0
0
0
0
0
0
0
0
0
0
0
0
0
0
0
0
0
0
-5300280
-5306490
-5331735
-5376349
-5442153
0
0
0
0
0
0
0
0
0
0
0
0
0
0
0
0
0
0
0
0
0
0
0
0
0
0
0
0
0
0
0
0
0
0
0
0
0
0
0
0
0
0
0
0
0
0
0
0
0
0
0
0
0
0
0
0
0
0
0
0
0
0
0
0
0
0
0
0
0
0
0
0
0
0
0
0
0
0
0
0
0
0
0
0
0
0
0
0
0
0
0
0
0
0
0
0
0
-5088948
0
0
0
0
0
0
0
0
0
0
0
0
0
0
0
0
0
0
0
0
0
0
0
0
0
-5102672
-5094506
0
0
0
0
0
0
0
0
0
0
0
0
0
0
0
-5117017
-5107605
-5116901
0
0
0
0
0
0
0
0
0
0
0
0
0
0
0
-5127380
-5121147
-5131558
-5158687
0
0
0
0
0
0
0
0
0
0
0
0
0
0
0
-5136013
-5132540
-5145277
-5173597
-5221275
0
0
0
0
0
0
0
0
0
0
0
0
0
0
0
-5145854
-5143925
-5159707
-5191940
-5241858
0
0
0
0
0
0
0
0
0
0
0
0
0
0
0
-5159157
-5156752
-5174377
-5209959
-5264436
0
0
0
0
0
0
0
0
0
0
0
0
0
0
0
-5175422
-5173172
-5190490
-5228268
-5286500
0
0
0
0
0
0
0
0
0
0
0
0
0
0
0
-5194025
-5192593
-5210198
-5247812
-5308477
0
0
0
0
0
0
0
0
0
0
0
0
0
0
0
-5214013
-5214238
-5232806
-5270864
-5331425
0
0
0
0
0
0
0
0
0
0
0
0
0
0
0
-5235888
-5236867
-5257274
-5296478
-5357633
0
0
0
0
0
0
0
0
0
0
0
0
0
0
0
-5257278
-5259520
-5280732
-5321921
-5384277
0
0
0
0
0
0
0
0
0
0
0
0
0
0
0
0
0
0
0
0
0
0
0
0
0
-5275070
-5278402
-5300891
-5342878
-5407070
0
0
0
0
0
0
0
0
0
0
0
0
0
0
0
0
0
0
0
0
0
0
0
0
0
-5289224
-5293618
-5317167
-5360376
-5425287
0
0
0
0
0
0
0
0
0
0
0
0
0
0
0
0
0
0
0
0
0
0
0
0
0
-5299093
-5304378
-5328887
-5373169
-5438901
0
0
0
0
0
0
0
0
0
0
0
0
0
0
0
0
0
0
0
0
0
0
0
0
-5305149
-5311244
-5336577
-5381542
-5448070
0
0
0
0
0
0
0
0
0
0
0
0
0
0
0
0
0
0
0
0
0
0
0
-5308084
-5314888
-5340880
-5386522
-5453263
0
0
0
0
0
0
0
0
0
0
0
0
0
0
0
0
0
0
0
0
0
0
0
0
0
0
0
0
0
0
0
0
0
0
0
0
0
0
0
0
0
0
0
0
0
0
0
0
0
0
0
0
0
0
0
0
0
0
0
0
0
0
0
0
0
0
0
0
0
0
0
0
0
0
-5093401
0
0
0
0
0
0
0
0
0
0
0
0
0
0
0
0
0
0
0
0
0
0
0
0
0
-5108884
-5102465
0
0
0
0
0
0
0
0
0
0
0
0
0
0
0
0
0
0
0
0
0
0
0
0
0
-5124903
-5116239
-5127181
0
0
0
0
0
0
0
0
0
0
0
0
0
0
0
-5136808
-5130704
-5140448
-5169335
0
0
0
0
0
0
0
0
0
0
0
0
0
0
0
-5144470
-5141169
-5154236
-5184331
-5233817
0
0
0
0
0
0
0
0
0
0
0
0
0
0
0
-5151772
-5149875
-5165848
-5198387
-5249010
0
0
0
0
0
0
0
0
0
0
0
0
0
0
0
-5162216
-5159790
-5177452
-5213214
-5267904
0
0
0
0
0
0
0
0
0
0
0
0
0
0
0
-5175422
-5173172
-5190490
-5228268
-5286500
0
0
0
0
0
0
0
0
0
0
0
0
0
0
0
-5190968
-5189518
-5207118
-5244744
-5305363
0
0
0
0
0
0
0
0
0
0
0
0
0
0
0
-5208052
-5208203
-5226737
-5264794
-5325413
0
0
0
0
0
0
0
0
0
0
0
0
0
0
0
-5227327
-5228276
-5248572
-5287724
-5348920
0
0
0
0
0
0
0
0
0
0
0
0
0
0
0
-5248131
-5250236
-5271381
-5312493
-5374940
0
0
0
0
0
0
0
0
0
0
0
0
0
0
0
-5268421
-5271690
-5294157
-5336160
-5400630
0
0
0
0
0
0
0
0
0
0
0
0
0
0
0
0
0
0
0
0
0
0
0
0
0
-5285228
-5289497
-5313044
-5356359
-5421519
0
0
0
0
0
0
0
0
0
0
0
0
0
0
0
0
0
0
0
0
0
0
0
0
0
-5298499
-5303672
-5328244
-5372613
-5438842
0
0
0
0
0
0
0
0
0
0
0
0
0
0
0
0
0
0
0
0
0
0
0
0
-5307597
-5313590
-5338978
-5384244
-5451332
0
0
0
0
0
0
0
0
0
0
0
0
0
0
0
0
0
0
0
0
0
0
0
-5313003
-5319705
-5345793
-5391762
-5459252
0
0
0
0
0
0
0
0
0
0
0
0
0
0
0
0
0
0
0
0
0
0
-5315294
-5322747
-5349394
-5395836
-5463655
0
0
0
0
0
0
0
0
0
0
0
0
0
0
0
0
0
0
0
0
0
0
0
0
0
0
0
0
0
0
0
0
0
0
0
0
0
0
0
0
0
0
0
0
0
0
0
0
0
0
-5094417
0
0
0
0
0
0
0
0
0
0
0
0
0
0
0
0
0
0
0
0
0
0
0
0
0
-5111578
-5106854
0
0
0
0
0
0
0
0
0
0
0
0
0
0
0
0
0
0
0
0
0
0
0
0
0
-5130303
-5122403
-5135081
0
0
0
0
0
0
0
0
0
0
0
0
0
0
0
0
0
0
0
0
0
0
0
0
0
-5144186
-5138542
-5149012
-5179652
0
0
0
0
0
0
0
0
0
0
0
0
0
0
0
-5153708
-5150597
-5163785
-5193218
-5244474
0
0
0
0
0
0
0
0
0
0
0
0
0
0
0
-5160260
-5158356
-5174514
-5207413
-5259924
0
0
0
0
0
0
0
0
0
0
0
0
0
0
0
-5168213
-5165726
-5183428
-5219398
-5274408
0
0
0
0
0
0
0
0
0
0
0
0
0
0
0
-5178488
-5176240
-5193541
-5231364
-5289783
0
0
0
0
0
0
0
0
0
0
0
0
0
0
0
-5190968
-5189518
-5207118
-5244744
-5305363
0
0
0
0
0
0
0
0
0
0
0
0
0
0
0
-5205022
-5205137
-5223650
-5261698
-5322331
0
0
0
0
0
0
0
0
0
0
0
0
0
0
0
-5221384
-5222296
-5242514
-5281625
-5342832
0
0
0
0
0
0
0
0
0
0
0
0
0
0
0
-5239648
-5241649
-5262758
-5303750
-5366168
0
0
0
0
0
0
0
0
0
0
0
0
0
0
0
-5259408
-5262533
-5284885
-5326829
-5391300
0
0
0
0
0
0
0
0
0
0
0
0
0
0
0
-5278782
-5282884
-5306452
-5349795
-5415172
0
0
0
0
0
0
0
0
0
0
0
0
0
0
0
0
0
0
0
0
0
0
0
0
0
-5294651
-5299704
-5324257
-5368705
-5435274
0
0
0
0
0
0
0
0
0
0
0
0
0
0
0
0
0
0
0
0
0
0
0
0
-5307133
-5312995
-5338411
-5383870
-5451330
0
0
0
0
0
0
0
0
0
0
0
0
0
0
0
0
0
0
0
0
0
0
0
-5315521
-5322143
-5348302
-5394508
-5462637
0
0
0
0
0
0
0
0
0
0
0
0
0
0
0
0
0
0
0
0
0
0
-5320317
-5327613
-5354369
-5401148
-5469693
0
0
0
0
0
0
0
0
0
0
0
0
0
0
0
0
0
0
0
0
0
-5322167
-5330018
-5357375
-5404523
-5473187
0
0
0
0
0
0
0
0
0
0
0
0
0
0
0
0
0
0
0
0
0
0
0
0
0
-5092301
0
0
0
0
0
0
0
0
0
0
0
0
0
0
0
0
0
0
0
0
0
0
0
0
0
-5111051
-5107803
0
0
0
0
0
0
0
0
0
0
0
0
0
0
0
0
0
0
0
0
0
0
0
0
0
-5132281
-5125050
-5139354
0
0
0
0
0
0
0
0
0
0
0
0
0
0
0
0
0
0
0
0
0
0
0
0
0
-5149092
-5143898
-5155067
-5187513
0
0
0
0
0
0
0
0
0
0
0
0
0
0
0
0
0
0
0
0
0
0
0
0
0
-5160820
-5157926
-5171523
-5201713
-5254709
0
0
0
0
0
0
0
0
0
0
0
0
0
0
0
-5169552
-5167594
-5183932
-5216966
-5268685
0
0
0
0
0
0
0
0
0
0
0
0
0
0
0
-5176812
-5174237
-5191942
-5228118
-5283487
0
0
0
0
0
0
0
0
0
0
0
0
0
0
0
-5184515
-5182255
-5199501
-5237374
-5296003
0
0
0
0
0
0
0
0
0
0
0
0
0
0
0
-5194025
-5192593
-5210198
-5247812
-5308477
0
0
0
0
0
0
0
0
0
0
0
0
0
0
0
-5205022
-5205137
-5223650
-5261698
-5322331
0
0
0
0
0
0
0
0
0
0
0
0
0
0
0
-5218371
-5219256
-5239435
-5278522
-5339724
0
0
0
0
0
0
0
0
0
0
0
0
0
0
0
-5233762
-5235687
-5256753
-5297660
-5360051
0
0
0
0
0
0
0
0
0
0
0
0
0
0
0
-5251084
-5254025
-5276266
-5318163
-5382537
0
0
0
0
0
0
0
0
0
0
0
0
0
0
0
-5269886
-5273859
-5297302
-5340540
-5405939
0
0
0
0
0
0
0
0
0
0
0
0
0
0
0
-5288379
-5293293
-5317762
-5362282
-5429084
0
0
0
0
0
0
0
0
0
0
0
0
0
0
0
0
0
0
0
0
0
0
0
0
-5303450
-5309174
-5334576
-5380097
-5447871
0
0
0
0
0
0
0
0
0
0
0
0
0
0
0
0
0
0
0
0
0
0
0
-5315220
-5321677
-5347845
-5394210
-5462820
0
0
0
0
0
0
0
0
0
0
0
0
0
0
0
0
0
0
0
0
0
0
-5322971
-5330119
-5356969
-5404002
-5473125
0
0
0
0
0
0
0
0
0
0
0
0
0
0
0
0
0
0
0
0
0
-5327275
-5334988
-5362400
-5409899
-5479298
0
0
0
0
0
0
0
0
0
0
0
0
0
0
0
0
0
0
0
0
-5330593
-5336961
-5364781
-5412691
-5482100
0
0
0
0
0
0
0
0
0
0
0
0
0
0
0
0
0
0
0
0
0
0
0
0
0
-5107678
-5105651
0
0
0
0
0
0
0
0
0
0
0
0
0
0
0
0
0
0
0
0
0
0
0
0
0
-5131105
-5124496
-5140151
0
0
0
0
0
0
0
0
0
0
0
0
0
0
0
0
0
0
0
0
0
0
0
0
0
-5150631
-5145854
-5157578
-5191655
0
0
0
0
0
0
0
0
0
0
0
0
0
0
0
0
0
0
0
0
0
0
0
0
0
-5165453
-5162789
-5176759
-5207639
-5262402
0
0
0
0
0
0
0
0
0
0
0
0
0
0
0
0
0
0
0
0
0
0
0
0
0
-5176556
-5174657
-5191150
-5224592
-5276966
0
0
0
0
0
0
0
0
0
0
0
0
0
0
0
-5186203
-5183530
-5201167
-5237530
-5292971
0
0
0
0
0
0
0
0
0
0
0
0
0
0
0
-5193172
-5190878
-5208044
-5245935
-5304758
0
0
0
0
0
0
0
0
0
0
0
0
0
0
0
-5200041
-5198639
-5216237
-5253804
-5314514
0
0
0
0
0
0
0
0
0
0
0
0
0
0
0
-5208052
-5208203
-5226737
-5264794
-5325413
0
0
0
0
0
0
0
0
0
0
0
0
0
0
0
-5218371
-5219256
-5239435
-5278522
-5339724
0
0
0
0
0
0
0
0
0
0
0
0
0
0
0
-5230782
-5232664
-5253702
-5294565
-5356937
0
0
0
0
0
0
0
0
0
0
0
0
0
0
0
-5245294
-5248119
-5270278
-5312128
-5376430
0
0
0
0
0
0
0
0
0
0
0
0
0
0
0
-5261647
-5265511
-5288764
-5331879
-5397254
0
0
0
0
0
0
0
0
0
0
0
0
0
0
0
-5279642
-5284383
-5308741
-5353144
-5419924
0
0
0
0
0
0
0
0
0
0
0
0
0
0
-5297367
-5302936
-5328283
-5373772
-5441821
0
0
0
0
0
0
0
0
0
0
0
0
0
0
0
0
0
0
0
0
0
0
0
-5311725
-5318020
-5344157
-5390590
-5459499
0
0
0
0
0
0
0
0
0
0
0
0
0
0
0
0
0
0
0
0
0
0
-5322819
-5329815
-5356641
-5403816
-5473385
0
0
0
0
0
0
0
0
0
0
0
0
0
0
0
0
0
0
0
0
0
-5330056
-5337628
-5365067
-5412846
-5482842
0
0
0
0
0
0
0
0
0
0
0
0
0
0
0
0
0
0
0
0
-5335875
-5342015
-5369910
-5418117
-5488278
0
0
0
0
0
0
0
0
0
0
0
0
0
0
0
0
0
0
0
-5342170
-5345534
-5371879
-5420305
-5490512
0
0
0
0
0
0
0
0
0
0
0
0
0
0
0
0
0
0
0
0
0
0
0
0
0
-5127201
-5121117
-5137831
0
0
0
0
0
0
0
0
0
0
0
0
0
0
0
0
0
0
0
0
0
0
0
0
0
-5149091
-5144660
-5156871
-5192241
0
0
0
0
0
0
0
0
0
0
0
0
0
0
0
0
0
0
0
0
0
0
0
0
0
-5166719
-5164309
-5178584
-5209952
-5266255
0
0
0
0
0
0
0
0
0
0
0
0
0
0
0
0
0
0
0
0
0
0
0
0
0
-5181119
-5179247
-5195882
-5229667
-5282595
0
0
0
0
0
0
0
0
0
0
0
0
0
0
0
0
0
0
0
0
0
0
0
0
0
-5193300
-5190487
-5208110
-5244611
-5300320
0
0
0
0
0
0
0
0
0
0
0
0
0
0
0
-5202640
-5200272
-5217320
-5255146
-5314094
0
0
0
0
0
0
0
0
0
0
0
0
0
0
0
-5208685
-5207321
-5224890
-5262388
-5323100
0
0
0
0
0
0
0
0
0
0
0
0
0
0
0
-5214013
-5214238
-5232806
-5270864
-5331425
0
0
0
0
0
0
0
0
0
0
0
0
0
0
0
-5221384
-5222296
-5242514
-5281625
-5342832
0
0
0
0
0
0
0
0
0
0
0
0
0
0
0
-5230782
-5232664
-5253702
-5294565
-5356937
0
0
0
0
0
0
0
0
0
0
0
0
0
0
0
-5242348
-5245130
-5267243
-5309060
-5373324
0
0
0
0
0
0
0
0
0
0
0
0
0
0
0
-5255926
-5259701
-5282833
-5325860
-5391200
0
0
0
0
0
0
0
0
0
0
0
0
0
0
0
-5271517
-5276121
-5300365
-5344568
-5411244
0
0
0
0
0
0
0
0
0
0
0
0
0
0
-5288802
-5294183
-5319372
-5364759
-5432776
0
0
0
0
0
0
0
0
0
0
0
0
0
-5305841
-5311970
-5338036
-5384465
-5453548
0
0
0
0
0
0
0
0
0
0
0
0
0
0
0
0
0
0
0
0
0
0
-5319503
-5326346
-5353117
-5400343
-5470219
0
0
0
0
0
0
0
0
0
0
0
0
0
0
0
0
0
0
0
0
0
-5330096
-5337474
-5364903
-5412790
-5483217
0
0
0
0
0
0
0
0
0
0
0
0
0
0
0
0
0
0
0
0
-5338937
-5344784
-5372714
-5421134
-5491917
0
0
0
0
0
0
0
0
0
0
0
0
0
0
0
0
0
0
0
-5347612
-5350767
-5377097
-5425840
-5496746
0
0
0
0
0
0
0
0
0
0
0
0
0
0
0
0
0
0
-5354586
-5357391
-5380833
-5427650
-5498409
0
0
0
0
0
0
0
0
0
0
0
0
0
0
0
0
0
0
0
0
0
0
0
0
0
-5144980
-5140762
-5153316
-5189629
0
0
0
0
0
0
0
0
0
0
0
0
0
0
0
0
0
0
0
0
0
0
0
0
0
-5165035
-5162755
-5177229
-5208974
-5266422
0
0
0
0
0
0
0
0
0
0
0
0
0
0
0
0
0
0
0
0
0
0
0
0
0
-5182361
-5180495
-5197264
-5231271
-5284499
0
0
0
0
0
0
0
0
0
0
0
0
0
0
0
0
0
0
0
0
0
0
0
0
0
-5197861
-5195007
-5212563
-5249159
-5305041
0
0
0
0
0
0
0
0
0
0
0
0
0
0
0
0
0
0
0
0
0
0
0
0
0
-5209768
-5207322
-5224154
-5261936
-5320862
0
0
0
0
0
0
0
0
0
0
0
0
0
0
0
-5218144
-5216792
-5234267
-5271646
-5332226
0
0
0
0
0
0
0
0
0
0
0
0
0
0
0
-5222579
-5222908
-5241519
-5279558
-5340030
0
0
0
0
0
0
0
0
0
0
0
0
0
0
0
-5227327
-5228276
-5248572
-5287724
-5348920
0
0
0
0
0
0
0
0
0
0
0
0
0
0
0
-5233762
-5235687
-5256753
-5297660
-5360051
0
0
0
0
0
0
0
0
0
0
0
0
0
0
0
-5242348
-5245130
-5267243
-5309060
-5373324
0
0
0
0
0
0
0
0
0
0
0
0
0
0
0
-5253016
-5256746
-5279831
-5322808
-5388122
0
0
0
0
0
0
0
0
0
0
0
0
0
0
0
-5265873
-5270380
-5294529
-5338604
-5405205
0
0
0
0
0
0
0
0
0
0
0
0
0
0
-5280797
-5286036
-5311085
-5356346
-5424182
0
0
0
0
0
0
0
0
0
0
0
0
0
-5297456
-5303389
-5329281
-5375559
-5444623
0
0
0
0
0
0
0
0
0
0
0
0
-5313815
-5320494
-5347185
-5394391
-5464468
0
0
0
0
0
0
0
0
0
0
0
0
0
0
0
0
0
0
0
0
0
-5327024
-5334184
-5361569
-5409484
-5480201
0
0
0
0
0
0
0
0
0
0
0
0
0
0
0
0
0
0
0
0
-5339393
-5344824
-5372704
-5421247
-5492428
0
0
0
0
0
0
0
0
0
0
0
0
0
0
0
0
0
0
0
-5350880
-5353822
-5380035
-5429000
-5500461
0
0
0
0
0
0
0
0
0
0
0
0
0
0
0
0
0
0
-5360144
-5362784
-5386239
-5433281
-5504758
0
0
0
0
0
0
0
0
0
0
0
0
0
0
0
0
0
-5367521
-5370062
-5393470
-5437225
-5506101
0
0
0
0
0
0
0
0
0
0
0
0
0
0
0
0
0
0
0
0
0
0
0
0
0
-5160810
-5158657
-5173152
-5205067
-5263254
0
0
0
0
0
0
0
0
0
0
0
0
0
0
0
0
0
0
0
0
0
0
0
0
0
-5180622
-5178798
-5195544
-5229613
-5282981
0
0
0
0
0
0
0
0
0
0
0
0
0
0
0
0
0
0
0
0
0
0
0
0
0
-5199072
-5196233
-5213667
-5250300
-5306183
0
0
0
0
0
0
0
0
0
0
0
0
0
0
0
0
0
0
0
0
0
0
0
0
0
-5214342
-5211843
-5228534
-5266189
-5325020
0
0
0
0
0
0
0
0
0
0
0
0
0
0
0
0
0
0
0
0
0
0
0
0
0
-5225289
-5223875
-5241193
-5278317
-5338679
0
0
0
0
0
0
0
0
0
0
0
0
0
0
0
-5231938
-5232371
-5250975
-5288915
-5349195
0
0
0
0
0
0
0
0
0
0
0
0
0
0
0
-5235888
-5236867
-5257274
-5296478
-5357633
0
0
0
0
0
0
0
0
0
0
0
0
0
0
0
-5239648
-5241649
-5262758
-5303749
-5366168
0
0
0
0
0
0
0
0
0
0
0
0
0
0
0
-5245294
-5248119
-5270278
-5312128
-5376430
0
0
0
0
0
0
0
0
0
0
0
0
0
0
0
-5253016
-5256746
-5279831
-5322808
-5388122
0
0
0
0
0
0
0
0
0
0
0
0
0
0
0
-5263008
-5267459
-5291560
-5335585
-5402142
0
0
0
0
0
0
0
0
0
0
0
0
0
0
-5275236
-5280372
-5305317
-5350476
-5418199
0
0
0
0
0
0
0
0
0
0
0
0
0
-5289613
-5295362
-5321109
-5367237
-5436193
0
0
0
0
0
0
0
0
0
0
0
0
-5305662
-5312094
-5338603
-5385640
-5455649
0
0
0
0
0
0
0
0
0
0
0
-5321700
-5328530
-5355839
-5403724
-5474626
0
0
0
0
0
0
0
0
0
0
0
0
0
0
0
0
0
0
0
0
-5336930
-5341782
-5369556
-5418137
-5489583
0
0
0
0
0
0
0
0
0
0
0
0
0
0
0
0
0
0
0
-5351598
-5354287
-5380229
-5429276
-5501147
0
0
0
0
0
0
0
0
0
0
0
0
0
0
0
0
0
0
-5363586
-5366045
-5389480
-5436586
-5508625
0
0
0
0
0
0
0
0
0
0
0
0
0
0
0
0
0
-5373175
-5375570
-5399037
-5443065
-5512558
0
0
0
0
0
0
0
0
0
0
0
0
0
0
0
0
-5380623
-5383247
-5406839
-5451188
-5516552
0
0
0
0
0
0
0
0
0
0
0
0
0
0
0
0
0
0
0
0
0
0
0
0
0
-5176319
-5174590
-5191267
-5225157
-5278398
0
0
0
0
0
0
0
0
0
0
0
0
0
0
0
0
0
0
0
0
0
0
0
0
0
-5197315
-5194482
-5211799
-5248261
-5303929
0
0
0
0
0
0
0
0
0
0
0
0
0
0
0
0
0
0
0
0
0
0
0
0
0
-5215524
-5213038
-5229613
-5267040
-5325666
0
0
0
0
0
0
0
0
0
0
0
0
0
0
0
0
0
0
0
0
0
0
0
0
0
-5229924
-5228410
-5245572
-5282488
-5342518
0
0
0
0
0
0
0
0
0
0
0
0
0
0
0
0
0
0
0
0
0
0
0
0
0
-5238989
-5239473
-5257934
-5295673
-5355513
0
0
0
0
0
0
0
0
0
0
0
0
0
0
0
-5245164
-5246232
-5266723
-5305912
-5366894
0
0
0
0
0
0
0
0
0
0
0
0
0
0
0
-5248131
-5250236
-5271381
-5312493
-5374940
0
0
0
0
0
0
0
0
0
0
0
0
0
0
0
-5251084
-5254025
-5276266
-5318163
-5382537
0
0
0
0
0
0
0
0
0
0
0
0
0
0
0
-5255926
-5259701
-5282833
-5325860
-5391200
0
0
0
0
0
0
0
0
0
0
0
0
0
0
0
-5263008
-5267459
-5291560
-5335585
-5402142
0
0
0
0
0
0
0
0
0
0
0
0
0
0
-5272412
-5277496
-5302383
-5347491
-5415168
0
0
0
0
0
0
0
0
0
0
0
0
0
-5284156
-5289780
-5315419
-5361435
-5430303
0
0
0
0
0
0
0
0
0
0
0
0
-5297997
-5304229
-5330552
-5377435
-5447311
0
0
0
0
0
0
0
0
0
0
0
-5313913
-5320364
-5347441
-5395148
-5465960
0
0
0
0
0
0
0
0
0
0
-5332314
-5336498
-5364032
-5412586
-5484206
0
0
0
0
0
0
0
0
0
0
0
0
0
0
0
0
0
0
0
-5349479
-5351863
-5377345
-5426365
-5498508
0
0
0
0
0
0
0
0
0
0
0
0
0
0
0
0
0
0
-5364552
-5366770
-5390123
-5437085
-5509488
0
0
0
0
0
0
0
0
0
0
0
0
0
0
0
0
0
-5376757
-5379004
-5402481
-5446701
-5516588
0
0
0
0
0
0
0
0
0
0
0
0
0
0
0
0
-5386342
-5388849
-5412520
-5457189
-5523246
0
0
0
0
0
0
0
0
0
0
0
0
0
0
0
-5393575
-5396593
-5420708
-5465728
-5532459
0
0
0
0
0
0
0
0
0
0
0
0
0
0
0
0
0
0
0
0
0
0
0
0
0
-5192997
-5190200
-5207412
-5243596
-5298747
0
0
0
0
0
0
0
0
0
0
0
0
0
0
0
0
0
0
0
0
0
0
0
0
0
-5213732
-5211272
-5227690
-5264840
-5323003
0
0
0
0
0
0
0
0
0
0
0
0
0
0
0
0
0
0
0
0
0
0
0
0
0
-5231082
-5229579
-5246622
-5283307
-5342852
0
0
0
0
0
0
0
0
0
0
0
0
0
0
0
0
0
0
0
0
0
0
0
0
0
-5243594
-5244072
-5262328
-5299840
-5359256
0
0
0
0
0
0
0
0
0
0
0
0
0
0
0
0
0
0
0
0
0
0
0
0
0
-5252058
-5253242
-5273702
-5312703
-5373291
0
0
0
0
0
0
0
0
0
0
0
0
0
0
0
-5257278
-5259520
-5280732
-5321921
-5384277
0
0
0
0
0
0
0
0
0
0
0
0
0
0
0
-5259408
-5262533
-5284885
-5326829
-5391300
0
0
0
0
0
0
0
0
0
0
0
0
0
0
0
-5261647
-5265511
-5288764
-5331879
-5397254
0
0
0
0
0
0
0
0
0
0
0
0
0
0
0
-5265873
-5270380
-5294529
-5338604
-5405205
0
0
0
0
0
0
0
0
0
0
0
0
0
0
-5272412
-5277496
-5302383
-5347491
-5415168
0
0
0
0
0
0
0
0
0
0
0
0
0
-5281377
-5286946
-5312530
-5358484
-5427305
0
0
0
0
0
0
0
0
0
0
0
0
-5292656
-5298753
-5324945
-5371711
-5441488
0
0
0
0
0
0
0
0
0
0
0
-5306545
-5312679
-5339554
-5387066
-5457741
0
0
0
0
0
0
0
0
0
0
-5325191
-5328704
-5355875
-5404200
-5475718
0
0
0
0
0
0
0
0
0
0
-5345265
-5347297
-5372208
-5421033
-5493349
0
0
0
0
0
0
0
0
0
0
0
0
0
0
0
0
0
0
-5362761
-5364688
-5387884
-5434464
-5507066
0
0
0
0
0
0
0
0
0
0
0
0
0
0
0
0
0
-5377901
-5379976
-5403378
-5447686
-5517699
0
0
0
0
0
0
0
0
0
0
0
0
0
0
0
0
-5390057
-5392423
-5416137
-5461026
-5527647
0
0
0
0
0
0
0
0
0
0
0
0
0
0
0
-5399379
-5402260
-5426484
-5471845
-5539317
0
0
0
0
0
0
0
0
0
0
0
0
0
0
-5405992
-5409782
-5434722
-5480740
-5548711
0
0
0
0
0
0
0
0
0
0
0
0
0
0
0
0
0
0
0
0
0
0
0
0
0
-5209377
-5206979
-5223229
-5260060
-5317589
0
0
0
0
0
0
0
0
0
0
0
0
0
0
0
0
0
0
0
0
0
0
0
0
0
-5229164
-5227780
-5244683
-5281046
-5340009
0
0
0
0
0
0
0
0
0
0
0
0
0
0
0
0
0
0
0
0
0
0
0
0
0
-5244764
-5245219
-5263351
-5300624
-5359545
0
0
0
0
0
0
0
0
0
0
0
0
0
0
0
0
0
0
0
0
0
0
0
0
0
-5256461
-5257812
-5278162
-5316882
-5377020
0
0
0
0
0
0
0
0
0
0
0
0
0
0
0
0
0
0
0
0
0
0
0
0
0
-5264028
-5266374
-5287620
-5328730
-5390701
0
0
0
0
0
0
0
0
0
0
0
0
0
0
0
-5268421
-5271690
-5294157
-5336160
-5400630
0
0
0
0
0
0
0
0
0
0
0
0
0
0
0
-5269886
-5273859
-5297302
-5340540
-5405939
0
0
0
0
0
0
0
0
0
0
0
0
0
0
0
-5271517
-5276121
-5300365
-5344568
-5411244
0
0
0
0
0
0
0
0
0
0
0
0
0
0
-5275236
-5280372
-5305317
-5350476
-5418199
0
0
0
0
0
0
0
0
0
0
0
0
0
-5281377
-5286946
-5312530
-5358484
-5427305
0
0
0
0
0
0
0
0
0
0
0
0
-5289939
-5295964
-5322097
-5368804
-5438524
0
0
0
0
0
0
0
0
0
0
0
-5301442
-5307319
-5334053
-5381425
-5451995
0
0
0
0
0
0
0
0
0
0
-5318374
-5321321
-5348172
-5396285
-5467623
0
0
0
0
0
0
0
0
0
0
-5338517
-5340175
-5364441
-5412898
-5485059
0
0
0
0
0
0
0
0
0
0
-5358897
-5360522
-5383493
-5429550
-5502147
0
0
0
0
0
0
0
0
0
0
0
0
0
0
0
0
0
-5376373
-5378221
-5401473
-5445755
-5515605
0
0
0
0
0
0
0
0
0
0
0
0
0
0
0
0
-5391397
-5393573
-5417280
-5462257
-5529297
0
0
0
0
0
0
0
0
0
0
0
0
0
0
0
-5403239
-5405966
-5430241
-5475855
-5543917
0
0
0
0
0
0
0
0
0
0
0
0
0
0
-5411896
-5415533
-5440563
-5486953
-5555688
0
0
0
0
0
0
0
0
0
0
0
0
0
-5417762
-5422426
-5448559
-5495866
-5565360
0
0
0
0
0
0
0
0
0
0
0
0
0
0
0
0
0
0
0
0
0
0
0
0
0
-5224672
-5223455
-5240214
-5276189
-5334467
0
0
0
0
0
0
0
0
0
0
0
0
0
0
0
0
0
0
0
0
0
0
0
0
0
-5242950
-5243296
-5261381
-5298345
-5356629
0
0
0
0
0
0
0
0
0
0
0
0
0
0
0
0
0
0
0
0
0
0
0
0
0
-5257489
-5258972
-5279165
-5317639
-5377267
0
0
0
0
0
0
0
0
0
0
0
0
0
0
0
0
0
0
0
0
0
0
0
0
0
-5268317
-5270744
-5292052
-5332975
-5394439
0
0
0
0
0
0
0
0
0
0
0
0
0
0
0
0
0
0
0
0
0
0
0
0
0
-5275070
-5278402
-5300891
-5342878
-5407070
0
0
0
0
0
0
0
0
0
0
0
0
0
0
0
-5278782
-5282884
-5306452
-5349795
-5415172
0
0
0
0
0
0
0
0
0
0
0
0
0
0
0
-5279642
-5284383
-5308741
-5353144
-5419924
0
0
0
0
0
0
0
0
0
0
0
0
0
0
-5280797
-5286036
-5311085
-5356346
-5424182
0
0
0
0
0
0
0
0
0
0
0
0
0
-5284156
-5289780
-5315419
-5361435
-5430303
0
0
0
0
0
0
0
0
0
0
0
0
-5289939
-5295964
-5322097
-5368804
-5438524
0
0
0
0
0
0
0
0
0
0
0
-5298854
-5304592
-5331252
-5378560
-5449076
0
0
0
0
0
0
0
0
0
0
-5313618
-5316203
-5342792
-5390753
-5461962
0
0
0
0
0
0
0
0
0
0
-5331973
-5333348
-5357055
-5405176
-5477136
0
0
0
0
0
0
0
0
0
0
-5352492
-5353772
-5376420
-5421833
-5494124
0
0
0
0
0
0
0
0
0
0
-5372824
-5374404
-5397471
-5441631
-5511144
0
0
0
0
0
0
0
0
0
0
0
0
0
0
0
0
-5390091
-5392081
-5415699
-5460644
-5527953
0
0
0
0
0
0
0
0
0
0
0
0
0
0
0
-5404768
-5407311
-5431563
-5477330
-5545801
0
0
0
0
0
0
0
0
0
0
0
0
0
0
-5415862
-5419383
-5444453
-5491105
-5560460
0
0
0
0
0
0
0
0
0
0
0
0
0
-5423726
-5428276
-5454484
-5502148
-5572438
0
0
0
0
0
0
0
0
0
0
0
0
-5428883
-5434411
-5461824
-5510783
-5582082
0
0
0
0
0
0
0
0
0
0
0
0
0
0
0
0
0
0
0
0
0
0
0
0
0
-5238520
-5238837
-5256882
-5293479
-5351002
0
0
0
0
0
0
0
0
0
0
0
0
0
0
0
0
0
0
0
0
0
0
0
0
0
-5255579
-5257158
-5277071
-5315327
-5374326
0
0
0
0
0
0
0
0
0
0
0
0
0
0
0
0
0
0
0
0
0
0
0
0
0
-5269287
-5271764
-5293070
-5333711
-5394653
0
0
0
0
0
0
0
0
0
0
0
0
0
0
0
0
0
0
0
0
0
0
0
0
0
-5279221
-5282659
-5305123
-5347095
-5410870
0
0
0
0
0
0
0
0
0
0
0
0
0
0
0
0
0
0
0
0
0
0
0
0
0
-5285228
-5289497
-5313044
-5356359
-5421519
0
0
0
0
0
0
0
0
0
0
0
0
0
0
0
-5288379
-5293293
-5317762
-5362282
-5429084
0
0
0
0
0
0
0
0
0
0
0
0
0
0
-5288802
-5294183
-5319372
-5364759
-5432776
0
0
0
0
0
0
0
0
0
0
0
0
0
-5289613
-5295362
-5321109
-5367237
-5436193
0
0
0
0
0
0
0
0
0
0
0
0
-5292656
-5298753
-5324945
-5371711
-5441488
0
0
0
0
0
0
0
0
0
0
0
-5298854
-5304592
-5331252
-5378560
-5449076
0
0
0
0
0
0
0
0
0
0
-5311194
-5313607
-5340053
-5387935
-5459085
0
0
0
0
0
0
0
0
0
0
-5327419
-5328581
-5351926
-5399769
-5471587
0
0
0
0
0
0
0
0
0
0
-5346245
-5347217
-5369605
-5414450
-5486404
0
0
0
0
0
0
0
0
0
0
-5366680
-5367997
-5390761
-5434644
-5503578
0
0
0
0
0
0
0
0
0
0
-5386817
-5388579
-5412043
-5456890
-5524338
0
0
0
0
0
0
0
0
0
0
0
0
0
0
0
-5403706
-5406041
-5430244
-5476036
-5544750
0
0
0
0
0
0
0
0
0
0
0
0
0
0
-5417519
-5420918
-5445970
-5492760
-5562584
0
0
0
0
0
0
0
0
0
0
0
0
0
-5427827
-5432232
-5458519
-5506436
-5577357
0
0
0
0
0
0
0
0
0
0
0
0
-5434924
-5440321
-5467848
-5517150
-5589234
0
0
0
0
0
0
0
0
0
0
0
-5438947
-5445735
-5474401
-5525086
-5598547
0
0
0
0
0
0
0
0
0
0
0
0
0
0
0
0
0
0
0
0
0
0
0
0
0
-5251081
-5252764
-5272440
-5310430
-5368684
0
0
0
0
0
0
0
0
0
0
0
0
0
0
0
0
0
0
0
0
0
0
0
0
0
-5267214
-5269855
-5291087
-5331275
-5391673
0
0
0
0
0
0
0
0
0
0
0
0
0
0
0
0
0
0
0
0
0
0
0
0
0
-5280007
-5283624
-5306002
-5347845
-5411060
0
0
0
0
0
0
0
0
0
0
0
0
0
0
0
0
0
0
0
0
0
0
0
0
0
-5289224
-5293618
-5317167
-5360376
-5425287
0
0
0
0
0
0
0
0
0
0
0
0
0
0
0
0
0
0
0
0
0
0
0
0
0
-5294651
-5299704
-5324257
-5368705
-5435274
0
0
0
0
0
0
0
0
0
0
0
0
0
0
-5297367
-5302936
-5328283
-5373772
-5441821
0
0
0
0
0
0
0
0
0
0
0
0
0
-5297456
-5303389
-5329281
-5375559
-5444623
0
0
0
0
0
0
0
0
0
0
0
0
-5297997
-5304229
-5330552
-5377435
-5447311
0
0
0
0
0
0
0
0
0
0
0
-5301442
-5307319
-5334053
-5381425
-5451995
0
0
0
0
0
0
0
0
0
0
-5311194
-5313607
-5340053
-5387935
-5459085
0
0
0
0
0
0
0
0
0
0
-5325104
-5326150
-5349324
-5397017
-5468758
0
0
0
0
0
0
0
0
0
0
-5341880
-5342650
-5364835
-5409312
-5480987
0
0
0
0
0
0
0
0
0
0
-5360641
-5361738
-5384211
-5427853
-5496229
0
0
0
0
0
0
0
0
0
0
-5380946
-5382433
-5405673
-5450246
-5517548
0
0
0
0
0
0
0
0
0
0
-5400676
-5402814
-5426904
-5472623
-5541481
0
0
0
0
0
0
0
0
0
0
0
0
0
0
-5416646
-5419891
-5444875
-5491728
-5561844
0
0
0
0
0
0
0
0
0
0
0
0
0
-5429654
-5433894
-5460227
-5508288
-5579665
0
0
0
0
0
0
0
0
0
0
0
0
-5439137
-5444411
-5471991
-5521586
-5594295
0
0
0
0
0
0
0
0
0
0
0
-5445037
-5451720
-5480485
-5531555
-5605791
0
0
0
0
0
0
0
0
0
0
-5447795
-5455989
-5486283
-5538651
-5614341
0
0
0
0
0
0
0
0
0
0
0
0
0
0
0
0
0
0
0
0
0
0
0
0
0
-5262608
-5265397
-5286526
-5326245
-5385995
0
0
0
0
0
0
0
0
0
0
0
0
0
0
0
0
0
0
0
0
0
0
0
0
0
-5277811
-5281553
-5303926
-5345520
-5407951
0
0
0
0
0
0
0
0
0
0
0
0
0
0
0
0
0
0
0
0
0
0
0
0
0
-5289932
-5294400
-5317991
-5360986
-5425490
0
0
0
0
0
0
0
0
0
0
0
0
0
0
0
0
0
0
0
0
0
0
0
0
0
-5298499
-5303672
-5328244
-5372613
-5438842
0
0
0
0
0
0
0
0
0
0
0
0
0
0
0
0
0
0
0
0
0
0
0
0
-5303450
-5309174
-5334576
-5380097
-5447871
0
0
0
0
0
0
0
0
0
0
0
0
0
-5305841
-5311970
-5338036
-5384465
-5453548
0
0
0
0
0
0
0
0
0
0
0
0
-5305662
-5312094
-5338603
-5385640
-5455649
0
0
0
0
0
0
0
0
0
0
0
-5306545
-5312679
-5339554
-5387066
-5457741
0
0
0
0
0
0
0
0
0
0
-5313618
-5316203
-5342792
-5390753
-5461962
0
0
0
0
0
0
0
0
0
0
-5325104
-5326150
-5349324
-5397017
-5468758
0
0
0
0
0
0
0
0
0
0
-5339651
-5340329
-5362401
-5406704
-5478227
0
0
0
0
0
0
0
0
0
0
-5356417
-5357361
-5379636
-5423085
-5491100
0
0
0
0
0
0
0
0
0
0
-5375115
-5376383
-5399416
-5443708
-5510821
0
0
0
0
0
0
0
0
0
0
-5395027
-5396941
-5420792
-5466312
-5535005
0
0
0
0
0
0
0
0
0
0
-5413847
-5416909
-5441809
-5488630
-5558906
0
0
0
0
0
0
0
0
0
0
0
0
0
-5428967
-5433057
-5459374
-5507480
-5579188
0
0
0
0
0
0
0
0
0
0
0
0
-5441112
-5446243
-5473826
-5523631
-5596803
0
0
0
0
0
0
0
0
0
0
0
-5449283
-5455923
-5484762
-5536100
-5611005
0
0
0
0
0
0
0
0
0
0
-5453913
-5462021
-5492443
-5545183
-5621691
0
0
0
0
0
0
0
0
0
-5455507
-5465010
-5497059
-5551468
-5629329
0
0
0
0
0
0
0
0
0
0
0
0
0
0
0
0
0
0
0
0
0
0
0
0
0
-5273133
-5276990
-5299302
-5340560
-5402137
0
0
0
0
0
0
0
0
0
0
0
0
0
0
0
0
0
0
0
0
0
0
0
0
0
-5287688
-5292208
-5315754
-5358567
-5422489
0
0
0
0
0
0
0
0
0
0
0
0
0
0
0
0
0
0
0
0
0
0
0
0
0
-5299093
-5304378
-5328887
-5373169
-5438901
0
0
0
0
0
0
0
0
0
0
0
0
0
0
0
0
0
0
0
0
0
0
0
0
-5307133
-5312995
-5338411
-5383870
-5451330
0
0
0
0
0
0
0
0
0
0
0
0
0
0
0
0
0
0
0
0
0
0
0
-5311725
-5318020
-5344157
-5390590
-5459499
0
0
0
0
0
0
0
0
0
0
0
0
-5313815
-5320494
-5347185
-5394391
-5464468
0
0
0
0
0
0
0
0
0
0
0
-5313913
-5320364
-5347441
-5395148
-5465960
0
0
0
0
0
0
0
0
0
0
-5318374
-5321321
-5348172
-5396285
-5467623
0
0
0
0
0
0
0
0
0
0
-5327419
-5328581
-5351926
-5399769
-5471587
0
0
0
0
0
0
0
0
0
0
-5339651
-5340329
-5362401
-5406704
-5478227
0
0
0
0
0
0
0
0
0
0
-5354257
-5355124
-5377310
-5420650
-5488495
0
0
0
0
0
0
0
0
0
0
-5371023
-5372145
-5395029
-5439128
-5506078
0
0
0
0
0
0
0
0
0
0
-5389376
-5391099
-5414743
-5460062
-5528510
0
0
0
0
0
0
0
0
0
0
-5408389
-5411258
-5435970
-5482576
-5552752
0
0
0
0
0
0
0
0
0
0
-5426391
-5430305
-5456553
-5504656
-5576561
0
0
0
0
0
0
0
0
0
0
0
0
-5440604
-5445592
-5473163
-5523066
-5596552
0
0
0
0
0
0
0
0
0
0
0
-5451318
-5457903
-5486769
-5538275
-5613709
0
0
0
0
0
0
0
0
0
0
-5458211
-5466257
-5496833
-5549865
-5627020
0
0
0
0
0
0
0
0
0
-5461618
-5471071
-5503266
-5558077
-5636747
0
0
0
0
0
0
0
0
-5462139
-5472880
-5506564
-5563120
-5643492
0
0
0
0
0
0
0
0
0
0
0
0
0
0
0
0
0
0
0
0
0
0
0
0
0
-5282958
-5287575
-5311028
-5353545
-5416742
0
0
0
0
0
0
0
0
0
0
0
0
0
0
0
0
0
0
0
0
0
0
0
0
0
-5296739
-5302140
-5326530
-5370588
-5435802
0
0
0
0
0
0
0
0
0
0
0
0
0
0
0
0
0
0
0
0
0
0
0
0
-5307597
-5313590
-5338978
-5384244
-5451332
0
0
0
0
0
0
0
0
0
0
0
0
0
0
0
0
0
0
0
0
0
0
0
-5315220
-5321677
-5347845
-5394210
-5462820
0
0
0
0
0
0
0
0
0
0
0
0
0
0
0
0
0
0
0
0
0
0
-5319503
-5326346
-5353117
-5400343
-5470219
0
0
0
0
0
0
0
0
0
0
0
-5321700
-5328530
-5355839
-5403724
-5474626
0
0
0
0
0
0
0
0
0
0
-5325191
-5328704
-5355875
-5404200
-5475718
0
0
0
0
0
0
0
0
0
0
-5331973
-5333348
-5357055
-5405176
-5477136
0
0
0
0
0
0
0
0
0
0
-5341880
-5342650
-5364835
-5409312
-5480987
0
0
0
0
0
0
0
0
0
0
-5354257
-5355124
-5377310
-5420650
-5488495
0
0
0
0
0
0
0
0
0
0
-5368922
-5369979
-5392787
-5436797
-5503653
0
0
0
0
0
0
0
0
0
0
-5385405
-5386995
-5410496
-5455666
-5523942
0
0
0
0
0
0
0
0
0
0
-5402895
-5405595
-5430127
-5476530
-5546535
0
0
0
0
0
0
0
0
0
0
-5421147
-5424845
-5450935
-5498872
-5570660
0
0
0
0
0
0
0
0
0
0
-5438200
-5443063
-5470573
-5520486
-5594200
0
0
0
0
0
0
0
0
0
0
0
-5450889
-5457431
-5486292
-5537901
-5613704
0
0
0
0
0
0
0
0
0
0
-5460284
-5468297
-5498989
-5552213
-5629859
0
0
0
0
0
0
0
0
0
-5465936
-5475357
-5507690
-5562875
-5642218
0
0
0
0
0
0
0
0
-5468257
-5478933
-5512798
-5569777
-5650991
0
0
0
0
0
0
0
-5467691
-5479654
-5514876
-5573437
-5656408
0
0
0
0
0
0
0
0
0
0
0
0
0
0
0
0
0
0
0
0
0
0
0
0
0
-5291935
-5297458
-5321734
-5365464
-5429991
0
0
0
0
0
0
0
0
0
0
0
0
0
0
0
0
0
0
0
0
0
0
0
0
-5305149
-5311244
-5336577
-5381542
-5448070
0
0
0
0
0
0
0
0
0
0
0
0
0
0
0
0
0
0
0
0
0
0
0
-5315521
-5322143
-5348302
-5394508
-5462637
0
0
0
0
0
0
0
0
0
0
0
0
0
0
0
0
0
0
0
0
0
0
-5322819
-5329815
-5356641
-5403816
-5473385
0
0
0
0
0
0
0
0
0
0
0
0
0
0
0
0
0
0
0
0
0
-5327024
-5334184
-5361569
-5409484
-5480201
0
0
0
0
0
0
0
0
0
0
-5332314
-5336498
-5364032
-5412586
-5484206
0
0
0
0
0
0
0
0
0
0
-5338517
-5340175
-5364441
-5412898
-5485059
0
0
0
0
0
0
0
0
0
0
-5346245
-5347217
-5369605
-5414450
-5486404
0
0
0
0
0
0
0
0
0
0
-5356417
-5357360
-5379636
-5423085
-5491100
0
0
0
0
0
0
0
0
0
0
-5368922
-5369979
-5392787
-5436797
-5503653
0
0
0
0
0
0
0
0
0
0
-5383373
-5384886
-5408323
-5453418
-5521616
0
0
0
0
0
0
0
0
0
0
-5399037
-5401612
-5426012
-5472272
-5542146
0
0
0
0
0
0
0
0
0
0
-5415808
-5419339
-5445270
-5493031
-5564643
0
0
0
0
0
0
0
0
0
0
-5433084
-5437818
-5465146
-5514922
-5588566
0
0
0
0
0
0
0
0
0
0
-5448544
-5455075
-5483925
-5535552
-5611597
0
0
0
0
0
0
0
0
0
0
-5459885
-5467903
-5498692
-5552027
-5630047
0
0
0
0
0
0
0
0
0
-5468039
-5477435
-5509906
-5565374
-5645235
0
0
0
0
0
0
0
0
-5472588
-5483240
-5517274
-5574611
-5656584
0
0
0
0
0
0
0
-5473828
-5485714
-5521103
-5580122
-5663959
0
0
0
0
0
0
-5472256
-5485331
-5522050
-5582494
-5667899
0
0
0
0
0
0
0
0
0
0
0
0
0
0
0
0
0
0
0
0
0
0
0
0
-5300280
-5306490
-5331735
-5376349
-5442153
0
0
0
0
0
0
0
0
0
0
0
0
0
0
0
0
0
0
0
0
0
0
0
-5313003
-5319705
-5345793
-5391762
-5459252
0
0
0
0
0
0
0
0
0
0
0
0
0
0
0
0
0
0
0
0
0
0
-5322971
-5330119
-5356969
-5404002
-5473125
0
0
0
0
0
0
0
0
0
0
0
0
0
0
0
0
0
0
0
0
0
-5330096
-5337474
-5364903
-5412790
-5483217
0
0
0
0
0
0
0
0
0
0
0
0
0
0
0
0
0
0
0
0
-5336930
-5341782
-5369556
-5418137
-5489583
0
0
0
0
0
0
0
0
0
0
-5345265
-5347297
-5372208
-5421033
-5493349
0
0
0
0
0
0
0
0
0
0
-5352492
-5353772
-5376420
-5421833
-5494124
0
0
0
0
0
0
0
0
0
0
-5360641
-5361738
-5384211
-5427853
-5496229
0
0
0
0
0
0
0
0
0
0
-5371023
-5372145
-5395029
-5439128
-5506078
0
0
0
0
0
0
0
0
0
0
-5383373
-5384886
-5408323
-5453418
-5521616
0
0
0
0
0
0
0
0
0
0
-5397065
-5399574
-5423898
-5470092
-5539899
0
0
0
0
0
0
0
0
0
0
-5412033
-5415470
-5441277
-5488903
-5560389
0
0
0
0
0
0
0
0
0
0
-5427829
-5432466
-5459634
-5509254
-5582749
0
0
0
0
0
0
0
0
0
0
-5443461
-5449958
-5478712
-5530177
-5606180
0
0
0
0
0
0
0
0
0
0
-5457575
-5465607
-5496498
-5549901
-5628171
0
0
0
0
0
0
0
0
0
-5467661
-5477072
-5509688
-5565369
-5645612
0
0
0
0
0
0
0
0
-5474719
-5485348
-5519529
-5577173
-5659755
0
0
0
0
0
0
0
-5478191
-5490034
-5525600
-5585011
-5669594
0
0
0
0
0
0
-5478409
-5491410
-5528285
-5589174
-5675484
0
0
0
0
0
-5475768
-5490004
-5528088
-5590344
-5678036
0
0
0
0
0
0
0
0
0
0
0
0
0
0
0
0
0
0
0
0
0
0
0
-5308084
-5314888
-5340880
-5386522
-5453263
0
0
0
0
0
0
0
0
0
0
0
0
0
0
0
0
0
0
0
0
0
0
-5320317
-5327613
-5354369
-5401148
-5469693
0
0
0
0
0
0
0
0
0
0
0
0
0
0
0
0
0
0
0
0
0
-5330056
-5337628
-5365067
-5412846
-5482842
0
0
0
0
0
0
0
0
0
0
0
0
0
0
0
0
0
0
0
0
-5339393
-5344824
-5372704
-5421247
-5492428
0
0
0
0
0
0
0
0
0
0
0
0
0
0
0
0
0
0
0
-5349479
-5351863
-5377345
-5426365
-5498508
0
0
0
0
0
0
0
0
0
0
-5358896
-5360522
-5383493
-5429550
-5502147
0
0
0
0
0
0
0
0
0
0
-5366680
-5367997
-5390761
-5434644
-5503578
0
0
0
0
0
0
0
0
0
0
-5375115
-5376383
-5399416
-5443708
-5510821
0
0
0
0
0
0
0
0
0
0
-5385405
-5386995
-5410496
-5455666
-5523942
0
0
0
0
0
0
0
0
0
0
-5397065
-5399573
-5423898
-5470092
-5539899
0
0
0
0
0
0
0
0
0
0
-5410104
-5413492
-5439232
-5486781
-5558210
0
0
0
0
0
0
0
0
0
0
-5424109
-5428681
-5455756
-5505250
-5578624
0
0
0
0
0
0
0
0
0
0
-5438219
-5444689
-5473353
-5524659
-5600532
0
0
0
0
0
0
0
0
0
0
-5452493
-5460523
-5491412
-5544739
-5622941
0
0
0
0
0
0
0
0
0
-5465370
-5474811
-5507554
-5563416
-5643961
0
0
0
0
0
0
0
0
-5474375
-5485006
-5519343
-5577248
-5660317
0
0
0
0
0
0
0
-5480336
-5492170
-5527886
-5587613
-5672832
0
0
0
0
0
0
-5482798
-5495763
-5532796
-5594086
-5681176
0
0
0
0
0
-5481936
-5496101
-5534339
-5597033
-5685620
0
0
0
0
-5478435
-5493609
-5533073
-5597002
-5686869
0
0
0
0
0
0
0
0
0
0
0
0
0
0
0
0
0
0
0
0
0
0
-5315294
-5322747
-5349394
-5395836
-5463655
0
0
0
0
0
0
0
0
0
0
0
0
0
0
0
0
0
0
0
0
0
-5327275
-5334988
-5362400
-5409899
-5479298
0
0
0
0
0
0
0
0
0
0
0
0
0
0
0
0
0
0
0
0
-5338937
-5344784
-5372714
-5421134
-5491917
0
0
0
0
0
0
0
0
0
0
0
0
0
0
0
0
0
0
0
-5351597
-5354287
-5380229
-5429276
-5501147
0
0
0
0
0
0
0
0
0
0
0
0
0
0
0
0
0
0
-5362761
-5364688
-5387884
-5434464
-5507066
0
0
0
0
0
0
0
0
0
0
-5372824
-5374404
-5397471
-5441631
-5511144
0
0
0
0
0
0
0
0
0
0
-5380946
-5382433
-5405672
-5450246
-5517548
0
0
0
0
0
0
0
0
0
0
-5389376
-5391099
-5414743
-5460062
-5528510
0
0
0
0
0
0
0
0
0
0
-5399037
-5401612
-5426012
-5472272
-5542146
0
0
0
0
0
0
0
0
0
0
-5410104
-5413492
-5439232
-5486781
-5558210
0
0
0
0
0
0
0
0
0
0
-5422202
-5426745
-5453771
-5503196
-5576501
0
0
0
0
0
0
0
0
0
0
-5434501
-5440959
-5469560
-5520770
-5596528
0
0
0
0
0
0
0
0
0
0
-5447238
-5455267
-5486135
-5539370
-5617439
0
0
0
0
0
0
0
0
0
-5460302
-5469728
-5502501
-5558380
-5638941
0
0
0
0
0
0
0
0
-5472097
-5482764
-5517244
-5575356
-5658840
0
0
0
0
0
0
0
-5480012
-5491863
-5527722
-5587721
-5673475
0
0
0
0
0
0
-5484975
-5497914
-5535111
-5596721
-5684458
0
0
0
0
0
-5486340
-5500481
-5538885
-5601962
-5691339
0
0
0
0
-5484594
-5499723
-5539344
-5603695
-5694464
0
0
0
-5480206
-5496355
-5536948
-5602560
-5694414
0
0
0
0
0
0
0
0
0
0
0
0
0
0
0
0
0
0
0
0
0
-5322167
-5330018
-5357375
-5404523
-5473187
0
0
0
0
0
0
0
0
0
0
0
0
0
0
0
0
0
0
0
0
-5335875
-5342015
-5369910
-5418117
-5488278
0
0
0
0
0
0
0
0
0
0
0
0
0
0
0
0
0
0
0
-5350880
-5353822
-5380035
-5429000
-5500461
0
0
0
0
0
0
0
0
0
0
0
0
0
0
0
0
0
0
-5364552
-5366769
-5390123
-5437085
-5509488
0
0
0
0
0
0
0
0
0
0
0
0
0
0
0
0
0
-5376373
-5378221
-5401473
-5445755
-5515605
0
0
0
0
0
0
0
0
0
0
-5386817
-5388579
-5412043
-5456890
-5524338
0
0
0
0
0
0
0
0
0
0
-5395027
-5396941
-5420792
-5466312
-5535005
0
0
0
0
0
0
0
0
0
0
-5402895
-5405595
-5430127
-5476530
-5546535
0
0
0
0
0
0
0
0
0
0
-5412033
-5415470
-5441277
-5488903
-5560389
0
0
0
0
0
0
0
0
0
0
-5422202
-5426745
-5453771
-5503196
-5576501
0
0
0
0
0
0
0
0
0
0
-5432595
-5439046
-5467617
-5518776
-5594472
0
0
0
0
0
0
0
0
0
0
-5443510
-5451540
-5482398
-5535566
-5613550
0
0
0
0
0
0
0
0
0
-5455053
-5464459
-5497236
-5553091
-5633585
0
0
0
0
0
0
0
0
-5467036
-5477696
-5512192
-5570351
-5653945
0
0
0
0
0
0
0
-5477755
-5489634
-5525643
-5585864
-5672059
0
0
0
0
0
0
-5484666
-5497626
-5534982
-5596851
-5685136
0
0
0
0
0
-5488535
-5502664
-5541215
-5604626
-5694656
0
0
0
0
-5489032
-5504117
-5543920
-5608660
-5700204
0
0
0
-5486360
-5502460
-5543240
-5609234
-5702011
0
0
-5481264
-5498191
-5539921
-5606896
-5700753
0
0
0
0
0
0
0
0
0
0
0
0
0
0
0
0
0
0
0
0
-5330593
-5336961
-5364781
-5412691
-5482100
0
0
0
0
0
0
0
0
0
0
0
0
0
0
0
0
0
0
0
-5347612
-5350766
-5377097
-5425840
-5496746
0
0
0
0
0
0
0
0
0
0
0
0
0
0
0
0
0
0
-5363586
-5366045
-5389480
-5436586
-5508625
0
0
0
0
0
0
0
0
0
0
0
0
0
0
0
0
0
-5377901
-5379976
-5403378
-5447686
-5517699
0
0
0
0
0
0
0
0
0
0
0
0
0
0
0
0
-5390091
-5392081
-5415699
-5460644
-5527953
0
0
0
0
0
0
0
0
0
0
-5400676
-5402814
-5426904
-5472623
-5541481
0
0
0
0
0
0
0
0
0
0
-5408389
-5411258
-5435970
-5482576
-5552752
0
0
0
0
0
0
0
0
0
0
-5415808
-5419339
-5445270
-5493031
-5564643
0
0
0
0
0
0
0
0
0
0
-5424109
-5428681
-5455756
-5505250
-5578624
0
0
0
0
0
0
0
0
0
0
-5432595
-5439046
-5467617
-5518776
-5594472
0
0
0
0
0
0
0
0
0
0
-5441599
-5449627
-5480477
-5533613
-5611552
0
0
0
0
0
0
0
0
0
-5451310
-5460722
-5493501
-5549342
-5629781
0
0
0
0
0
0
0
0
-5461798
-5472433
-5506912
-5565072
-5648664
0
0
0
0
0
0
0
-5472691
-5484573
-5520605
-5580860
-5667195
0
0
0
0
0
0
-5482428
-5495419
-5532916
-5595015
-5683757
0
0
0
0
0
-5488249
-5502392
-5541106
-5604793
-5695359
0
0
0
0
-5491247
-5506319
-5546284
-5611342
-5703555
0
0
0
-5490808
-5506889
-5547830
-5614233
-5707791
0
0
-5487406
-5504288
-5546208
-5613595
-5708334
0
-5481724
-5499296
-5541946
-5610242
-5705766
0
0
0
0
0
0
0
0
0
0
0
0
0
0
0
0
0
0
0
-5342170
-5345534
-5371879
-5420305
-5490512
0
0
0
0
0
0
0
0
0
0
0
0
0
0
0
0
0
0
-5360144
-5362784
-5386239
-5433281
-5504758
0
0
0
0
0
0
0
0
0
0
0
0
0
0
0
0
0
-5376757
-5379004
-5402481
-5446701
-5516588
0
0
0
0
0
0
0
0
0
0
0
0
0
0
0
0
-5391397
-5393573
-5417280
-5462257
-5529297
0
0
0
0
0
0
0
0
0
0
0
0
0
0
0
-5403706
-5406041
-5430244
-5476036
-5544750
0
0
0
0
0
0
0
0
0
0
-5413847
-5416908
-5441809
-5488629
-5558905
0
0
0
0
0
0
0
0
0
0
-5421147
-5424845
-5450935
-5498872
-5570660
0
0
0
0
0
0
0
0
0
0
-5427829
-5432466
-5459634
-5509254
-5582749
0
0
0
0
0
0
0
0
0
0
-5434501
-5440959
-5469560
-5520770
-5596528
0
0
0
0
0
0
0
0
0
0
-5441599
-5449627
-5480477
-5533613
-5611552
0
0
0
0
0
0
0
0
0
-5449389
-5458805
-5491581
-5547412
-5627823
0
0
0
0
0
0
0
0
-5458079
-5468681
-5503168
-5561325
-5644915
0
0
0
0
0
0
0
-5467443
-5479321
-5515330
-5575564
-5661921
0
0
0
0
0
0
-5477391
-5490356
-5527886
-5590023
-5678891
0
0
0
0
0
-5486017
-5500204
-5539063
-5602971
-5694002
0
0
0
0
-5490984
-5506071
-5546191
-5611530
-5704295
0
0
0
-5493037
-5509111
-5550213
-5616950
-5711162
0
0
-5491849
-5508727
-5550832
-5618610
-5714151
0
-5487925
-5505382
-5548223
-5616958
-5713377
-5482625
-5499783
-5543191
-5612557
-5709681
0
0
0
0
0
0
0
0
0
0
0
0
0
0
0
0
0
0
-5354586
-5357391
-5380833
-5427650
-5498409
0
0
0
0
0
0
0
0
0
0
0
0
0
0
0
0
0
-5373175
-5375570
-5399037
-5443065
-5512558
0
0
0
0
0
0
0
0
0
0
0
0
0
0
0
0
-5390057
-5392423
-5416137
-5461026
-5527647
0
0
0
0
0
0
0
0
0
0
0
0
0
0
0
-5404768
-5407311
-5431563
-5477330
-5545800
0
0
0
0
0
0
0
0
0
0
0
0
0
0
-5416646
-5419891
-5444875
-5491728
-5561844
0
0
0
0
0
0
0
0
0
0
-5426391
-5430305
-5456553
-5504656
-5576561
0
0
0
0
0
0
0
0
0
0
-5433084
-5437818
-5465146
-5514922
-5588566
0
0
0
0
0
0
0
0
0
0
-5438219
-5444689
-5473353
-5524659
-5600531
0
0
0
0
0
0
0
0
0
0
-5443510
-5451540
-5482398
-5535566
-5613550
0
0
0
0
0
0
0
0
0
-5449389
-5458805
-5491581
-5547412
-5627823
0
0
0
0
0
0
0
0
-5456172
-5466754
-5501243
-5559394
-5642979
0
0
0
0
0
0
0
-5463708
-5475594
-5511571
-5571808
-5658173
0
0
0
0
0
0
-5472144
-5485095
-5522622
-5584731
-5673599
0
0
0
0
0
-5481006
-5495168
-5534031
-5597987
-5689147
0
0
0
0
-5488779
-5503890
-5544168
-5609730
-5702952
0
0
0
-5492773
-5508886
-5550146
-5617155
-5711925
0
0
-5494096
-5510964
-5553237
-5621348
-5717558
0
-5492396
-5509816
-5552858
-5622007
-5719212
-5488649
-5505932
-5549458
-5619295
-5717318
-5500700
-5543769
-5614041
-5712469
0
0
0
0
0
0
0
0
0
0
0
0
0
0
0
0
0
-5367521
-5370062
-5393470
-5437225
-5506101
0
0
0
0
0
0
0
0
0
0
0
0
0
0
0
0
-5386342
-5388849
-5412520
-5457189
-5523246
0
0
0
0
0
0
0
0
0
0
0
0
0
0
0
-5403239
-5405966
-5430241
-5475855
-5543917
0
0
0
0
0
0
0
0
0
0
0
0
0
0
-5417519
-5420918
-5445970
-5492760
-5562584
0
0
0
0
0
0
0
0
0
0
0
0
0
-5428967
-5433057
-5459374
-5507480
-5579187
0
0
0
0
0
0
0
0
0
0
-5438200
-5443063
-5470573
-5520486
-5594200
0
0
0
0
0
0
0
0
0
0
-5443460
-5449957
-5478712
-5530177
-5606180
0
0
0
0
0
0
0
0
0
0
-5447238
-5455267
-5486135
-5539370
-5617439
0
0
0
0
0
0
0
0
0
-5451310
-5460722
-5493501
-5549342
-5629781
0
0
0
0
0
0
0
0
-5456172
-5466754
-5501243
-5559394
-5642979
0
0
0
0
0
0
0
-5461786
-5473681
-5509636
-5569872
-5656235
0
0
0
0
0
0
-5468410
-5481351
-5518887
-5580959
-5669839
0
0
0
0
0
-5475784
-5489909
-5528757
-5592704
-5683856
0
0
0
0
-5483802
-5498880
-5539163
-5604744
-5698104
0
0
0
-5490573
-5506733
-5548130
-5615376
-5710605
0
0
-5493855
-5510739
-5553193
-5621579
-5718341
0
-5494673
-5512071
-5555278
-5624767
-5722642
-5493018
-5510396
-5554088
-5624354
-5723188
-5506674
-5550096
-5620772
-5720125
-5544765
-5614879
-5714306
0
0
0
0
0
0
0
0
0
0
0
0
0
0
0
0
-5380623
-5383247
-5406839
-5451188
-5516552
0
0
0
0
0
0
0
0
0
0
0
0
0
0
0
-5399379
-5402260
-5426484
-5471845
-5539317
0
0
0
0
0
0
0
0
0
0
0
0
0
0
-5415862
-5419383
-5444453
-5491105
-5560460
0
0
0
0
0
0
0
0
0
0
0
0
0
-5429654
-5433894
-5460227
-5508288
-5579665
0
0
0
0
0
0
0
0
0
0
0
0
-5440604
-5445592
-5473163
-5523066
-5596552
0
0
0
0
0
0
0
0
0
0
-5448544
-5455074
-5483925
-5535552
-5611597
0
0
0
0
0
0
0
0
0
0
-5452493
-5460522
-5491412
-5544739
-5622941
0
0
0
0
0
0
0
0
0
-5455053
-5464459
-5497236
-5553091
-5633585
0
0
0
0
0
0
0
0
-5458079
-5468681
-5503168
-5561325
-5644915
0
0
0
0
0
0
0
-5461786
-5473681
-5509636
-5569872
-5656235
0
0
0
0
0
0
-5466488
-5479423
-5516966
-5579013
-5667896
0
0
0
0
0
-5472063
-5486167
-5525005
-5588956
-5680080
0
0
0
0
-5478604
-5493647
-5533892
-5599451
-5692821
0
0
0
-5485652
-5501759
-5543151
-5610417
-5705754
0
0
-5491661
-5508592
-5551205
-5619807
-5717041
0
-5494448
-5511870
-5555235
-5625022
-5723450
-5495223
-5512681
-5556527
-5627130
-5726642
-5511040
-5554760
-5625826
-5726006
-5550923
-5621559
-5721957
-5615925
-5715370
0
0
0
0
0
0
0
0
0
0
0
0
0
0
0
-5393575
-5396593
-5420708
-5465728
-5532459
0
0
0
0
0
0
0
0
0
0
0
0
0
0
-5411896
-5415533
-5440563
-5486953
-5555688
0
0
0
0
0
0
0
0
0
0
0
0
0
-5427827
-5432232
-5458519
-5506436
-5577357
0
0
0
0
0
0
0
0
0
0
0
0
-5441112
-5446243
-5473826
-5523631
-5596803
0
0
0
0
0
0
0
0
0
0
0
-5450888
-5457431
-5486292
-5537901
-5613704
0
0
0
0
0
0
0
0
0
0
-5457575
-5465606
-5496497
-5549901
-5628171
0
0
0
0
0
0
0
0
0
-5460302
-5469728
-5502501
-5558380
-5638941
0
0
0
0
0
0
0
0
-5461798
-5472433
-5506912
-5565071
-5648664
0
0
0
0
0
0
0
-5463708
-5475594
-5511571
-5571808
-5658173
0
0
0
0
0
0
-5466488
-5479423
-5516966
-5579013
-5667896
0
0
0
0
0
-5470141
-5484238
-5523069
-5587022
-5678126
0
0
0
0
-5474909
-5489917
-5530141
-5595685
-5689067
0
0
0
-5480471
-5496551
-5537909
-5605127
-5700460
0
0
-5486812
-5503674
-5546264
-5614875
-5712218
0
-5492264
-5509729
-5553253
-5623279
-5722160
-5494918
-5512495
-5556508
-5627386
-5727475
-5513256
-5557229
-5628623
-5729477
-5555489
-5626655
-5727835
-5622542
-5722968
-5716675
0
0
0
0
0
0
0
0
0
0
0
0
0
0
-5405992
-5409782
-5434722
-5480740
-5548711
0
0
0
0
0
0
0
0
0
0
0
0
0
-5423726
-5428276
-5454484
-5502148
-5572438
0
0
0
0
0
0
0
0
0
0
0
0
-5439136
-5444411
-5471991
-5521586
-5594295
0
0
0
0
0
0
0
0
0
0
0
-5451318
-5457903
-5486769
-5538275
-5613709
0
0
0
0
0
0
0
0
0
0
-5459885
-5467903
-5498692
-5552027
-5630047
0
0
0
0
0
0
0
0
0
-5465370
-5474811
-5507554
-5563416
-5643961
0
0
0
0
0
0
0
0
-5467036
-5477696
-5512192
-5570351
-5653945
0
0
0
0
0
0
0
-5467443
-5479321
-5515330
-5575564
-5661921
0
0
0
0
0
0
-5468410
-5481351
-5518887
-5580959
-5669839
0
0
0
0
0
-5470141
-5484238
-5523069
-5587022
-5678126
0
0
0
0
-5473006
-5487990
-5528203
-5593736
-5687125
0
0
0
-5476792
-5492846
-5534169
-5601361
-5696688
0
0
-5481706
-5498486
-5541049
-5609616
-5706928
0
-5487638
-5504886
-5548371
-5618386
-5717365
-5492668
-5510364
-5554534
-5625650
-5726213
-5512994
-5557226
-5628904
-5730314
-5557888
-5629483
-5731328
-5627531
-5728890
-5724200
0
0
0
0
0
0
0
0
0
0
0
0
0
-5417762
-5422426
-5448559
-5495866
-5565360
0
0
0
0
0
0
0
0
0
0
0
0
-5434923
-5440321
-5467848
-5517150
-5589234
0
0
0
0
0
0
0
0
0
0
0
-5449282
-5455923
-5484762
-5536100
-5611005
0
0
0
0
0
0
0
0
0
0
-5460284
-5468297
-5498989
-5552213
-5629859
0
0
0
0
0
0
0
0
0
-5467661
-5477072
-5509688
-5565369
-5645612
0
0
0
0
0
0
0
0
-5472097
-5482764
-5517244
-5575355
-5658839
0
0
0
0
0
0
0
-5472691
-5484573
-5520605
-5580860
-5667194
0
0
0
0
0
0
-5472144
-5485095
-5522622
-5584731
-5673599
0
0
0
0
0
-5472063
-5486167
-5525005
-5588956
-5680080
0
0
0
0
-5473006
-5487990
-5528203
-5593736
-5687125
0
0
0
-5474901
-5490937
-5532232
-5599410
-5694729
0
0
-5478065
-5494797
-5537333
-5605859
-5703153
0
-5482568
-5499774
-5543180
-5613157
-5712106
-5488582
-5505748
-5549728
-5620817
-5721460
-5510800
-5555263
-5627175
-5729059
-5557809
-5629781
-5732190
-5630282
-5732416
-5730003
0
0
0
0
0
0
0
0
0
0
0
0
-5428883
-5434411
-5461824
-5510783
-5582082
0
0
0
0
0
0
0
0
0
0
0
-5445036
-5451720
-5480485
-5531555
-5605791
0
0
0
0
0
0
0
0
0
0
-5458211
-5466256
-5496833
-5549865
-5627020
0
0
0
0
0
0
0
0
0
-5468039
-5477435
-5509906
-5565374
-5645235
0
0
0
0
0
0
0
0
-5474375
-5485006
-5519343
-5577247
-5660316
0
0
0
0
0
0
0
-5477755
-5489634
-5525643
-5585864
-5672059
0
0
0
0
0
0
-5477391
-5490356
-5527886
-5590023
-5678891
0
0
0
0
0
-5475784
-5489909
-5528757
-5592704
-5683856
0
0
0
0
-5474909
-5489917
-5530141
-5595685
-5689067
0
0
0
-5474901
-5490937
-5532232
-5599410
-5694729
0
0
-5476163
-5492899
-5535415
-5603909
-5701193
0
-5478847
-5496123
-5539476
-5609421
-5708340
-5483517
-5500675
-5544616
-5615617
-5716235
-5506741
-5550695
-5622423
-5724370
-5555780
-5628064
-5730943
-5630499
-5733297
-5733439
0
0
0
0
0
0
0
0
0
0
0
-5438947
-5445735
-5474401
-5525086
-5598547
0
0
0
0
0
0
0
0
0
0
-5453913
-5462021
-5492443
-5545183
-5621691
0
0
0
0
0
0
0
0
0
-5465936
-5475357
-5507690
-5562875
-5642218
0
0
0
0
0
0
0
0
-5474719
-5485348
-5519529
-5577173
-5659755
0
0
0
0
0
0
0
-5480012
-5491863
-5527722
-5587720
-5673474
0
0
0
0
0
0
-5482428
-5495419
-5532916
-5595015
-5683757
0
0
0
0
0
-5481006
-5495168
-5534031
-5597987
-5689147
0
0
0
0
-5478604
-5493647
-5533892
-5599451
-5692821
0
0
0
-5476792
-5492846
-5534169
-5601361
-5696688
0
0
-5476163
-5492899
-5535415
-5603909
-5701193
0
-5476836
-5494215
-5537571
-5607490
-5706379
-5479434
-5496943
-5540953
-5611891
-5712487
-5501666
-5545626
-5617305
-5719177
-5551803
-5623565
-5726342
-5628712
-5732065
-5734227
0
0
0
0
0
0
0
0
0
0
-5447795
-5455988
-5486283
-5538652
-5614341
0
0
0
0
0
0
0
0
0
-5461618
-5471071
-5503266
-5558076
-5636747
0
0
0
0
0
0
0
0
-5472588
-5483240
-5517274
-5574611
-5656584
0
0
0
0
0
0
0
-5480336
-5492170
-5527886
-5587613
-5672832
0
0
0
0
0
0
-5484666
-5497626
-5534982
-5596851
-5685136
0
0
0
0
0
-5486017
-5500204
-5539063
-5602971
-5694002
0
0
0
0
-5483802
-5498880
-5539163
-5604744
-5698104
0
0
0
-5480471
-5496551
-5537909
-5605127
-5700460
0
0
-5478065
-5494797
-5537333
-5605859
-5703153
0
-5476836
-5494215
-5537571
-5607490
-5706379
-5477064
-5494925
-5539036
-5609972
-5710546
-5497574
-5541880
-5613622
-5715439
-5546718
-5618497
-5721239
-5624845
-5727745
-5732915
0
0
0
0
0
0
0
0
0
-5455507
-5465010
-5497059
-5551468
-5629329
0
0
0
0
0
0
0
0
-5468257
-5478933
-5512798
-5569776
-5650991
0
0
0
0
0
0
0
-5478191
-5490034
-5525600
-5585011
-5669593
0
0
0
0
0
0
-5484975
-5497914
-5535111
-5596720
-5684458
0
0
0
0
0
-5488249
-5502392
-5541106
-5604793
-5695359
0
0
0
0
-5488779
-5503890
-5544168
-5609730
-5702952
0
0
0
-5485652
-5501759
-5543151
-5610417
-5705754
0
0
-5481706
-5498486
-5541049
-5609616
-5706928
0
-5478847
-5496123
-5539476
-5609421
-5708340
-5477064
-5494925
-5539036
-5609972
-5710546
-5495185
-5539849
-5611692
-5713511
-5542612
-5614729
-5717548
-5619742
-5722705
-5729294
0
0
0
0
0
0
0
0
-5462139
-5472880
-5506564
-5563120
-5643492
0
0
0
0
0
0
0
-5473828
-5485714
-5521103
-5580122
-5663959
0
0
0
0
0
0
-5482798
-5495763
-5532796
-5594086
-5681176
0
0
0
0
0
-5488535
-5502664
-5541215
-5604626
-5694656
0
0
0
0
-5490984
-5506071
-5546191
-5611530
-5704295
0
0
0
-5490573
-5506733
-5548130
-5615376
-5710605
0
0
-5486812
-5503674
-5546264
-5614875
-5712218
0
-5482568
-5499774
-5543180
-5613157
-5712106
-5479434
-5496943
-5540953
-5611891
-5712487
-5495185
-5539849
-5611692
-5713511
-5540185
-5612678
-5715608
-5615600
-5718923
-5724200
0
0
0
0
0
0
0
-5467691
-5479654
-5514876
-5573437
-5656408
0
0
0
0
0
0
-5478409
-5491410
-5528285
-5589174
-5675484
0
0
0
0
0
-5486340
-5500481
-5538885
-5601962
-5691339
0
0
0
0
-5491247
-5506319
-5546284
-5611342
-5703555
0
0
0
-5492773
-5508886
-5550146
-5617155
-5711925
0
0
-5491661
-5508592
-5551205
-5619807
-5717041
0
-5487638
-5504886
-5548371
-5618386
-5717365
-5483517
-5500675
-5544616
-5615617
-5716235
-5497574
-5541880
-5613622
-5715439
-5540185
-5612678
-5715608
-5613132
-5716851
-5720009
0
0
0
0
0
0
-5472256
-5485331
-5522050
-5582494
-5667899
0
0
0
0
0
-5481936
-5496101
-5534339
-5597033
-5685620
0
0
0
0
-5489032
-5504117
-5543920
-5608660
-5700204
0
0
0
-5493037
-5509111
-5550213
-5616950
-5711162
0
0
-5493855
-5510739
-5553193
-5621579
-5718341
0
-5492264
-5509729
-5553253
-5623279
-5722160
-5488582
-5505748
-5549728
-5620817
-5721460
-5501666
-5545626
-5617305
-5719177
-5542612
-5614729
-5717548
-5613132
-5716851
-5717484
0
0
0
0
0
-5475768
-5490004
-5528088
-5590344
-5678036
0
0
0
0
-5484594
-5499723
-5539344
-5603695
-5694464
0
0
0
-5490808
-5506889
-5547830
-5614233
-5707791
0
0
-5494096
-5510964
-5553237
-5621348
-5717558
0
-5494448
-5511870
-5555235
-5625022
-5723450
-5492668
-5510364
-5554534
-5625650
-5726213
-5506741
-5550695
-5622423
-5724370
-5546718
-5618497
-5721239
-5615600
-5718923
-5717484
0
0
0
0
-5478435
-5493609
-5533073
-5597002
-5686869
0
0
0
-5486360
-5502460
-5543240
-5609234
-5702011
0
0
-5491849
-5508727
-5550832
-5618610
-5714151
0
-5494673
-5512071
-5555278
-5624767
-5722642
-5494918
-5512495
-5556508
-5627386
-5727475
-5510800
-5555263
-5627175
-5729059
-5551803
-5623565
-5726342
-5619742
-5722705
-5720009
0
0
0
-5480206
-5496355
-5536948
-5602560
-5694414
0
0
-5487406
-5504288
-5546208
-5613595
-5708334
0
-5492396
-5509816
-5552858
-5622007
-5719212
-5495223
-5512681
-5556527
-5627130
-5726642
-5512994
-5557226
-5628904
-5730314
-5555780
-5628064
-5730943
-5624845
-5727745
-5724200
0
0
-5481264
-5498191
-5539921
-5606896
-5700753
0
-5487925
-5505382
-5548223
-5616958
-5713377
-5493018
-5510396
-5554088
-5624354
-5723188
-5513256
-5557229
-5628623
-5729477
-5557809
-5629781
-5732190
-5628712
-5732065
-5729294
0
-5481724
-5499296
-5541946
-5610242
-5705766
-5488649
-5505932
-5549458
-5619295
-5717318
-5511040
-5554760
-5625826
-5726006
-5557888
-5629483
-5731328
-5630499
-5733297
-5732915
-5482625
-5499783
-5543191
-5612557
-5709681
-5506674
-5550096
-5620772
-5720125
-5555489
-5626655
-5727835
-5630282
-5732416
-5734227
-5500700
-5543769
-5614041
-5712469
-5550923
-5621559
-5721957
-5627531
-5728890
-5733439
-5544765
-5614879
-5714306
-5622542
-5722968
-5730003
-5615925
-5715370
-5724200
-5716675
)
;

boundaryField
{
    interconnect0
    {
        type            zeroGradient;
    }
    interconnectSides
    {
        type            zeroGradient;
    }
    cathodeSides
    {
        type            zeroGradient;
    }
    phiEC_to_phiE0
    {
        type            zeroGradient;
    }
}


// ************************************************************************* //
