/*--------------------------------*- C++ -*----------------------------------*\
| =========                 |                                                 |
| \\      /  F ield         | OpenFOAM: The Open Source CFD Toolbox           |
|  \\    /   O peration     | Version:  2312                                  |
|   \\  /    A nd           | Website:  www.openfoam.com                      |
|    \\/     M anipulation  |                                                 |
\*---------------------------------------------------------------------------*/
FoamFile
{
    version     2.0;
    format      ascii;
    arch        "LSB;label=32;scalar=64";
    class       volScalarField;
    location    "50/phiEA";
    object      J;
}
// * * * * * * * * * * * * * * * * * * * * * * * * * * * * * * * * * * * * * //

dimensions      [0 -3 0 0 0 1 0];

internalField   nonuniform List<scalar> 
20000
(
4.367118e+08
4.361991e+08
4.424102e+08
2.619556e+08
4.351525e+08
4.419315e+08
2.616264e+08
4.482365e+08
2.667539e+08
1.797944e+08
4.334385e+08
4.410156e+08
2.609631e+08
4.478379e+08
2.66465e+08
1.795385e+08
4.535569e+08
2.684448e+08
1.840662e+08
1.380026e+08
4.308522e+08
4.393897e+08
2.599176e+08
4.469522e+08
2.659307e+08
1.790276e+08
4.531058e+08
2.682916e+08
1.838513e+08
1.377794e+08
4.585678e+08
2.708376e+08
1.843448e+08
1.420064e+08
1.198865e+08
4.276342e+08
4.370659e+08
2.583935e+08
4.454307e+08
2.650008e+08
1.782415e+08
4.521877e+08
2.679372e+08
1.834621e+08
1.373363e+08
4.581106e+08
2.706334e+08
1.842734e+08
1.418242e+08
1.196765e+08
4.631573e+08
2.732372e+08
1.857151e+08
1.416783e+08
1.237807e+08
0
4.246904e+08
4.340355e+08
2.565756e+08
4.431539e+08
2.637304e+08
1.77124e+08
4.506288e+08
2.672712e+08
1.827969e+08
1.366641e+08
4.571719e+08
2.702418e+08
1.841004e+08
1.414982e+08
1.192603e+08
4.627145e+08
2.730427e+08
1.855972e+08
1.416399e+08
1.236117e+08
0
4.674008e+08
2.754438e+08
1.871894e+08
1.426223e+08
1.231776e+08
0
0
4.223888e+08
4.311982e+08
2.549712e+08
4.402077e+08
2.621139e+08
1.758313e+08
4.482826e+08
2.662967e+08
1.81917e+08
1.357241e+08
4.556014e+08
2.695671e+08
1.83733e+08
1.409485e+08
1.186328e+08
4.617762e+08
2.726293e+08
1.853866e+08
1.415411e+08
1.233105e+08
0
4.669312e+08
2.752486e+08
1.870845e+08
1.425405e+08
1.231515e+08
0
0
4.712823e+08
2.773439e+08
1.885541e+08
1.437051e+08
1.239551e+08
0
0
0
4.208425e+08
4.28948e+08
2.537552e+08
4.374833e+08
2.606429e+08
1.747231e+08
4.45274e+08
2.650482e+08
1.808216e+08
1.346576e+08
4.532565e+08
2.685496e+08
1.832107e+08
1.402358e+08
1.177621e+08
4.602036e+08
2.719431e+08
1.850174e+08
1.412983e+08
1.228064e+08
0
4.659966e+08
2.74839e+08
1.868532e+08
1.424047e+08
1.230804e+08
0
0
4.708455e+08
2.771305e+08
1.884439e+08
1.43637e+08
1.238877e+08
0
0
0
4.748935e+08
2.79143e+08
1.896531e+08
1.447139e+08
1.248798e+08
0
0
0
0
4.200829e+08
4.274454e+08
2.529499e+08
4.35374e+08
2.594935e+08
1.739071e+08
4.424274e+08
2.639238e+08
1.798514e+08
1.337627e+08
4.502074e+08
2.672394e+08
1.825521e+08
1.393629e+08
1.167822e+08
4.57819e+08
2.709397e+08
1.844604e+08
1.409634e+08
1.221582e+08
0
4.644063e+08
2.741715e+08
1.864722e+08
1.421622e+08
1.228861e+08
0
0
4.698904e+08
2.767274e+08
1.882162e+08
1.434816e+08
1.237807e+08
0
0
0
4.744678e+08
2.789578e+08
1.895285e+08
1.446389e+08
1.248259e+08
0
0
0
0
4.782648e+08
2.808383e+08
1.907344e+08
1.45483e+08
1.257442e+08
0
0
0
0
0
4.201119e+08
4.267239e+08
2.525617e+08
4.340227e+08
2.587398e+08
1.733736e+08
4.401905e+08
2.630974e+08
1.791048e+08
1.331185e+08
4.473505e+08
2.660047e+08
1.819829e+08
1.386065e+08
1.159702e+08
4.547637e+08
2.696202e+08
1.837393e+08
1.405485e+08
1.213703e+08
0
4.620574e+08
2.731541e+08
1.859297e+08
1.417959e+08
1.226226e+08
0
0
4.683127e+08
2.760482e+08
1.878574e+08
1.43227e+08
1.235873e+08
0
0
0
4.735183e+08
2.785444e+08
1.893069e+08
1.444865e+08
1.247002e+08
0
0
0
0
4.77836e+08
2.806586e+08
1.906341e+08
1.453956e+08
1.256831e+08
0
0
0
0
0
4.81413e+08
2.824247e+08
1.917676e+08
1.462661e+08
1.26383e+08
0
0
0
0
0
0
4.208866e+08
4.267141e+08
2.525825e+08
4.333474e+08
2.583871e+08
1.73121e+08
4.386878e+08
2.626183e+08
1.786241e+08
1.327017e+08
4.450838e+08
2.650404e+08
1.816002e+08
1.380322e+08
1.153931e+08
4.519102e+08
2.683962e+08
1.830664e+08
1.402087e+08
1.206965e+08
0
4.590003e+08
2.718447e+08
1.85207e+08
1.413188e+08
1.222991e+08
0
0
4.659149e+08
2.750533e+08
1.873085e+08
1.428746e+08
1.232944e+08
0
0
0
4.719491e+08
2.77873e+08
1.889383e+08
1.442546e+08
1.24495e+08
0
0
0
0
4.768832e+08
2.802479e+08
1.904059e+08
1.452487e+08
1.255601e+08
0
0
0
0
0
4.809682e+08
2.82242e+08
1.916705e+08
1.462005e+08
1.263105e+08
0
0
0
0
0
0
4.84317e+08
2.839086e+08
1.927379e+08
1.470235e+08
1.270462e+08
0
0
0
0
0
0
0
4.224183e+08
4.274557e+08
2.529821e+08
4.333616e+08
2.583813e+08
1.731375e+08
4.379398e+08
2.624069e+08
1.784042e+08
1.325071e+08
4.435853e+08
2.643838e+08
1.814184e+08
1.376681e+08
1.150223e+08
4.496529e+08
2.674139e+08
1.825461e+08
1.400088e+08
1.201895e+08
0
4.560677e+08
2.706252e+08
1.845481e+08
1.408795e+08
1.220453e+08
0
0
4.628399e+08
2.737514e+08
1.865981e+08
1.423981e+08
1.229103e+08
0
0
0
4.695869e+08
2.768491e+08
1.884042e+08
1.438984e+08
1.242153e+08
0
0
0
0
4.75315e+08
2.795859e+08
1.900419e+08
1.450079e+08
1.253771e+08
0
0
0
0
0
4.80022e+08
2.818312e+08
1.914431e+08
1.460487e+08
1.261927e+08
0
0
0
0
0
0
4.838759e+08
2.837183e+08
1.926378e+08
1.469599e+08
1.26994e+08
0
0
0
0
0
0
0
4.870227e+08
2.852782e+08
1.936477e+08
1.47737e+08
1.276918e+08
0
0
0
0
0
0
0
0
4.247162e+08
4.289619e+08
2.537755e+08
4.339923e+08
2.587481e+08
1.733994e+08
4.379749e+08
2.624154e+08
1.784003e+08
1.325211e+08
4.428355e+08
2.64057e+08
1.813651e+08
1.375042e+08
1.148504e+08
4.481337e+08
2.667694e+08
1.821863e+08
1.399477e+08
1.198708e+08
0
4.538069e+08
2.696578e+08
1.840137e+08
1.405442e+08
1.21913e+08
0
0
4.599398e+08
2.724976e+08
1.859414e+08
1.41973e+08
1.225609e+08
0
0
0
4.664545e+08
2.755442e+08
1.877007e+08
1.434343e+08
1.238326e+08
0
0
0
0
4.729206e+08
2.78594e+08
1.894853e+08
1.446625e+08
1.250947e+08
0
0
0
0
0
4.78425e+08
2.811718e+08
1.910872e+08
1.458108e+08
1.260013e+08
0
0
0
0
0
0
4.829367e+08
2.833152e+08
1.92411e+08
1.468081e+08
1.268721e+08
0
0
0
0
0
0
0
4.865988e+08
2.850872e+08
1.935433e+08
1.476705e+08
1.276413e+08
0
0
0
0
0
0
0
0
4.895498e+08
2.865501e+08
1.944904e+08
1.484077e+08
1.283011e+08
0
0
0
0
0
0
0
0
0
4.276668e+08
4.312083e+08
2.549924e+08
4.353881e+08
2.595044e+08
1.739225e+08
4.387053e+08
2.62598e+08
1.786311e+08
1.327239e+08
4.42826e+08
2.64081e+08
1.813707e+08
1.375013e+08
1.148633e+08
4.473578e+08
2.66454e+08
1.820076e+08
1.399583e+08
1.197287e+08
0
4.522775e+08
2.690199e+08
1.836657e+08
1.403087e+08
1.218951e+08
0
0
4.57678e+08
2.715393e+08
1.854197e+08
1.416255e+08
1.222971e+08
0
0
0
4.635607e+08
2.743182e+08
1.870245e+08
1.4301e+08
1.234971e+08
0
0
0
0
4.698104e+08
2.772558e+08
1.887823e+08
1.442042e+08
1.24724e+08
0
0
0
0
0
4.760338e+08
2.801641e+08
1.905578e+08
1.45446e+08
1.257281e+08
0
0
0
0
0
0
4.813451e+08
2.826385e+08
1.920569e+08
1.465772e+08
1.266829e+08
0
0
0
0
0
0
0
4.856642e+08
2.846878e+08
1.933235e+08
1.475195e+08
1.27519e+08
0
0
0
0
0
0
0
0
4.891141e+08
2.863714e+08
1.943838e+08
1.483385e+08
1.282478e+08
0
0
0
0
0
0
0
0
0
4.919364e+08
2.877371e+08
1.952715e+08
1.490313e+08
1.288745e+08
0
0
0
0
0
0
0
0
0
0
4.30888e+08
4.340416e+08
2.565986e+08
4.37516e+08
2.606494e+08
1.747412e+08
4.402021e+08
2.63105e+08
1.791137e+08
1.331313e+08
4.436126e+08
2.643954e+08
1.814031e+08
1.376743e+08
1.150428e+08
4.473622e+08
2.664471e+08
1.820257e+08
1.399624e+08
1.197261e+08
0
4.515052e+08
2.686856e+08
1.835005e+08
1.401921e+08
1.219277e+08
0
0
4.561314e+08
2.708916e+08
1.850856e+08
1.414007e+08
1.221101e+08
0
0
0
4.612505e+08
2.733706e+08
1.865132e+08
1.42673e+08
1.23222e+08
0
0
0
0
4.668888e+08
2.760438e+08
1.881279e+08
1.437665e+08
1.243888e+08
0
0
0
0
0
4.729143e+08
2.788517e+08
1.898301e+08
1.44989e+08
1.253628e+08
0
0
0
0
0
0
4.78928e+08
2.816381e+08
1.915166e+08
1.462363e+08
1.263919e+08
0
0
0
0
0
0
0
4.840692e+08
2.840185e+08
1.929564e+08
1.472897e+08
1.273364e+08
0
0
0
0
0
0
0
0
4.881751e+08
2.859763e+08
1.941656e+08
1.481937e+08
1.281263e+08
0
0
0
0
0
0
0
0
0
4.915028e+08
2.87552e+08
1.95174e+08
1.489592e+08
1.28819e+08
0
0
0
0
0
0
0
0
0
0
4.941469e+08
2.888643e+08
1.960004e+08
1.496086e+08
1.294085e+08
0
0
0
0
0
0
0
0
0
0
0
4.334451e+08
4.370702e+08
2.584209e+08
4.402401e+08
2.621191e+08
1.758489e+08
4.424662e+08
2.639476e+08
1.798558e+08
1.33779e+08
4.450898e+08
2.650487e+08
1.816042e+08
1.380399e+08
1.154048e+08
4.481228e+08
2.66788e+08
1.821949e+08
1.399349e+08
1.198766e+08
0
4.515167e+08
2.686887e+08
1.83495e+08
1.402071e+08
1.219312e+08
0
0
4.553394e+08
2.705598e+08
1.849052e+08
1.412975e+08
1.220177e+08
0
0
0
4.596778e+08
2.727165e+08
1.861694e+08
1.424643e+08
1.230451e+08
0
0
0
0
4.645849e+08
2.750686e+08
1.876291e+08
1.434395e+08
1.241233e+08
0
0
0
0
0
4.699882e+08
2.77629e+08
1.891882e+08
1.445694e+08
1.250165e+08
0
0
0
0
0
0
4.758214e+08
2.803252e+08
1.908121e+08
1.457588e+08
1.260282e+08
0
0
0
0
0
0
0
4.816367e+08
2.830048e+08
1.924231e+08
1.4694e+08
1.270675e+08
0
0
0
0
0
0
0
0
4.865832e+08
2.853074e+08
1.938056e+08
1.47953e+08
1.279446e+08
0
0
0
0
0
0
0
0
0
4.905691e+08
2.871553e+08
1.949595e+08
1.488149e+08
1.287033e+08
0
0
0
0
0
0
0
0
0
0
4.93728e+08
2.886792e+08
1.958991e+08
1.49544e+08
1.293501e+08
0
0
0
0
0
0
0
0
0
0
0
4.962049e+08
2.89907e+08
1.966965e+08
1.501476e+08
1.299026e+08
0
0
0
0
0
0
0
0
0
0
0
0
4.35173e+08
4.394073e+08
2.599241e+08
4.431508e+08
2.63733e+08
1.771464e+08
4.452788e+08
2.650716e+08
1.80826e+08
1.346723e+08
4.473673e+08
2.66032e+08
1.820019e+08
1.386098e+08
1.159855e+08
4.496335e+08
2.67416e+08
1.825525e+08
1.40011e+08
1.201967e+08
0
4.522795e+08
2.690123e+08
1.8368e+08
1.403158e+08
1.218835e+08
0
0
4.553564e+08
2.705687e+08
1.849077e+08
1.412929e+08
1.220313e+08
0
0
0
4.589007e+08
2.72377e+08
1.859896e+08
1.423481e+08
1.229659e+08
0
0
0
0
4.630143e+08
2.744031e+08
1.872804e+08
1.432214e+08
1.239628e+08
0
0
0
0
0
4.67682e+08
2.766645e+08
1.886689e+08
1.44255e+08
1.247608e+08
0
0
0
0
0
0
4.728791e+08
2.791029e+08
1.901651e+08
1.4535e+08
1.256983e+08
0
0
0
0
0
0
0
4.785358e+08
2.817062e+08
1.917195e+08
1.464835e+08
1.266852e+08
0
0
0
0
0
0
0
0
4.841809e+08
2.842876e+08
1.932632e+08
1.476096e+08
1.276678e+08
0
0
0
0
0
0
0
0
0
4.889877e+08
2.864916e+08
1.946004e+08
1.48581e+08
1.285116e+08
0
0
0
0
0
0
0
0
0
0
4.927702e+08
2.882883e+08
1.956837e+08
1.494031e+08
1.292346e+08
0
0
0
0
0
0
0
0
0
0
0
4.957621e+08
2.897325e+08
1.965944e+08
1.500804e+08
1.298509e+08
0
0
0
0
0
0
0
0
0
0
0
0
4.981386e+08
2.908785e+08
1.973413e+08
1.506647e+08
1.30364e+08
0
0
0
0
0
0
0
0
0
0
0
0
0
4.362523e+08
4.409846e+08
2.609816e+08
4.454151e+08
2.650144e+08
1.782475e+08
4.483136e+08
2.662939e+08
1.819187e+08
1.357438e+08
4.502292e+08
2.672429e+08
1.825707e+08
1.393668e+08
1.167957e+08
4.518667e+08
2.684096e+08
1.830877e+08
1.402252e+08
1.206994e+08
0
4.538024e+08
2.696443e+08
1.840139e+08
1.405497e+08
1.219146e+08
0
0
4.56148e+08
2.708918e+08
1.850797e+08
1.414127e+08
1.221165e+08
0
0
0
4.589138e+08
2.723881e+08
1.859973e+08
1.423503e+08
1.229616e+08
0
0
0
0
4.622063e+08
2.740755e+08
1.870972e+08
1.431047e+08
1.238715e+08
0
0
0
0
0
4.661106e+08
2.760041e+08
1.883149e+08
1.440322e+08
1.245912e+08
0
0
0
0
0
0
4.705449e+08
2.781436e+08
1.896555e+08
1.450182e+08
1.254547e+08
0
0
0
0
0
0
0
4.755805e+08
2.804816e+08
1.910723e+08
1.460717e+08
1.263654e+08
0
0
0
0
0
0
0
0
4.810666e+08
2.829967e+08
1.925713e+08
1.471541e+08
1.273051e+08
0
0
0
0
0
0
0
0
0
4.865506e+08
2.854943e+08
1.940546e+08
1.482303e+08
1.282408e+08
0
0
0
0
0
0
0
0
0
0
4.911924e+08
2.876313e+08
1.953296e+08
1.491701e+08
1.290494e+08
0
0
0
0
0
0
0
0
0
0
0
4.948408e+08
2.89325e+08
1.963845e+08
1.499388e+08
1.297386e+08
0
0
0
0
0
0
0
0
0
0
0
0
4.977212e+08
2.906878e+08
1.972476e+08
1.505963e+08
1.303101e+08
0
0
0
0
0
0
0
0
0
0
0
0
0
4.999644e+08
2.917909e+08
1.979435e+08
1.511446e+08
1.308075e+08
0
0
0
0
0
0
0
0
0
0
0
0
0
0
4.367738e+08
4.419387e+08
2.616657e+08
4.469235e+08
2.659104e+08
1.790444e+08
4.506155e+08
2.672597e+08
1.828079e+08
1.366699e+08
4.532384e+08
2.685704e+08
1.832082e+08
1.40237e+08
1.177805e+08
4.547547e+08
2.69638e+08
1.83742e+08
1.405646e+08
1.213739e+08
0
4.560687e+08
2.705929e+08
1.845596e+08
1.408977e+08
1.220606e+08
0
0
4.57676e+08
2.71537e+08
1.854092e+08
1.416248e+08
1.223021e+08
0
0
0
4.597102e+08
2.727301e+08
1.861688e+08
1.424594e+08
1.230561e+08
0
0
0
0
4.622267e+08
2.740832e+08
1.871054e+08
1.431116e+08
1.238735e+08
0
0
0
0
0
4.653287e+08
2.756589e+08
1.881409e+08
1.439138e+08
1.244991e+08
0
0
0
0
0
0
4.689748e+08
2.77488e+08
1.893057e+08
1.447927e+08
1.252808e+08
0
0
0
0
0
0
0
4.732468e+08
2.795086e+08
1.905685e+08
1.457487e+08
1.261059e+08
0
0
0
0
0
0
0
0
4.780984e+08
2.817695e+08
1.919251e+08
1.467415e+08
1.269831e+08
0
0
0
0
0
0
0
0
0
4.834577e+08
2.842004e+08
1.933686e+08
1.477847e+08
1.278793e+08
0
0
0
0
0
0
0
0
0
0
4.887815e+08
2.866176e+08
1.948006e+08
1.488171e+08
1.28772e+08
0
0
0
0
0
0
0
0
0
0
0
4.932591e+08
2.886728e+08
1.960345e+08
1.497104e+08
1.295542e+08
0
0
0
0
0
0
0
0
0
0
0
0
4.968003e+08
2.903039e+08
1.970243e+08
1.5046e+08
1.301972e+08
0
0
0
0
0
0
0
0
0
0
0
0
0
4.995288e+08
2.916185e+08
1.978372e+08
1.510834e+08
1.307524e+08
0
0
0
0
0
0
0
0
0
0
0
0
0
0
5.016308e+08
2.926593e+08
1.985094e+08
1.515938e+08
1.312195e+08
0
0
0
0
0
0
0
0
0
0
0
0
0
0
0
4.423822e+08
2.620002e+08
4.478052e+08
2.664707e+08
1.795701e+08
4.521714e+08
2.679196e+08
1.83447e+08
1.373519e+08
4.555976e+08
2.695582e+08
1.837233e+08
1.40958e+08
1.186384e+08
4.578284e+08
2.709257e+08
1.844759e+08
1.40961e+08
1.221592e+08
0
4.589655e+08
2.718388e+08
1.852225e+08
1.413211e+08
1.22314e+08
0
0
4.599748e+08
2.724975e+08
1.85915e+08
1.419834e+08
1.225776e+08
0
0
0
4.612574e+08
2.73367e+08
1.86512e+08
1.426641e+08
1.232211e+08
0
0
0
0
4.630456e+08
2.744236e+08
1.872922e+08
1.432205e+08
1.239584e+08
0
0
0
0
0
4.653134e+08
2.756713e+08
1.881464e+08
1.439206e+08
1.245055e+08
0
0
0
0
0
0
4.681861e+08
2.771621e+08
1.891195e+08
1.446821e+08
1.251876e+08
0
0
0
0
0
0
0
4.716688e+08
2.788589e+08
1.902245e+08
1.455266e+08
1.2593e+08
0
0
0
0
0
0
0
0
4.757639e+08
2.808027e+08
1.91412e+08
1.46424e+08
1.267318e+08
0
0
0
0
0
0
0
0
0
4.804471e+08
2.829698e+08
1.927218e+08
1.473742e+08
1.275563e+08
0
0
0
0
0
0
0
0
0
0
4.856377e+08
2.853445e+08
1.941138e+08
1.483759e+08
1.284195e+08
0
0
0
0
0
0
0
0
0
0
4.908454e+08
2.876786e+08
1.954956e+08
1.493711e+08
1.29275e+08
0
0
0
0
0
0
0
0
0
0
0
0
4.952137e+08
2.896518e+08
1.966787e+08
1.502343e+08
1.300171e+08
0
0
0
0
0
0
0
0
0
0
0
0
0
4.986205e+08
2.912377e+08
1.976311e+08
1.509354e+08
1.306445e+08
0
0
0
0
0
0
0
0
0
0
0
0
0
0
5.012263e+08
2.924746e+08
1.984176e+08
1.515222e+08
1.31171e+08
0
0
0
0
0
0
0
0
0
0
0
0
0
0
0
5.031411e+08
2.934502e+08
1.99052e+08
1.520165e+08
1.316055e+08
0
0
0
0
0
0
0
0
0
0
0
0
0
0
0
0
4.482518e+08
2.667335e+08
1.7983e+08
4.531075e+08
2.682699e+08
1.838558e+08
1.378069e+08
4.57175e+08
2.702307e+08
1.840879e+08
1.414857e+08
1.192752e+08
4.601779e+08
2.719383e+08
1.850107e+08
1.412896e+08
1.228152e+08
0
4.620079e+08
2.731592e+08
1.859178e+08
1.418087e+08
1.226204e+08
0
0
4.628504e+08
2.737273e+08
1.865933e+08
1.424123e+08
1.229124e+08
0
0
0
4.635471e+08
2.743416e+08
1.870238e+08
1.429868e+08
1.235069e+08
0
0
0
0
4.645777e+08
2.750743e+08
1.876248e+08
1.434388e+08
1.241152e+08
0
0
0
0
0
4.661031e+08
2.760257e+08
1.883294e+08
1.440429e+08
1.245901e+08
0
0
0
0
0
0
4.681895e+08
2.771517e+08
1.89128e+08
1.446867e+08
1.251936e+08
0
0
0
0
0
0
0
4.708759e+08
2.785298e+08
1.900532e+08
1.454063e+08
1.258438e+08
0
0
0
0
0
0
0
0
4.742001e+08
2.801528e+08
1.910738e+08
1.462078e+08
1.26559e+08
0
0
0
0
0
0
0
0
0
4.780991e+08
2.820095e+08
1.922151e+08
1.47049e+08
1.273103e+08
0
0
0
0
0
0
0
0
0
0
4.826558e+08
2.840915e+08
1.934658e+08
1.479652e+08
1.280988e+08
0
0
0
0
0
0
0
0
0
0
4.877154e+08
2.863759e+08
1.948267e+08
1.489298e+08
1.289264e+08
0
0
0
0
0
0
0
0
0
0
4.927843e+08
2.886573e+08
1.961546e+08
1.498879e+08
1.297502e+08
0
0
0
0
0
0
0
0
0
0
0
0
0
4.970187e+08
2.90581e+08
1.972866e+08
1.507137e+08
1.304668e+08
0
0
0
0
0
0
0
0
0
0
0
0
0
0
5.002907e+08
2.921008e+08
1.982147e+08
1.513879e+08
1.310522e+08
0
0
0
0
0
0
0
0
0
0
0
0
0
0
0
5.027193e+08
2.932853e+08
1.98951e+08
1.519572e+08
1.315474e+08
0
0
0
0
0
0
0
0
0
0
0
0
0
0
0
0
5.045616e+08
2.94166e+08
1.995468e+08
1.524241e+08
1.319687e+08
0
0
0
0
0
0
0
0
0
0
0
0
0
0
0
0
0
4.535654e+08
2.684536e+08
1.840496e+08
1.380333e+08
4.581236e+08
2.706345e+08
1.842571e+08
1.418281e+08
1.197019e+08
4.61749e+08
2.726299e+08
1.853782e+08
1.415311e+08
1.232992e+08
0
4.643887e+08
2.741534e+08
1.864672e+08
1.421566e+08
1.22878e+08
0
0
4.659023e+08
2.750189e+08
1.873114e+08
1.428637e+08
1.23306e+08
0
0
0
4.664749e+08
2.75551e+08
1.876818e+08
1.4343e+08
1.238459e+08
0
0
0
0
4.668891e+08
2.760345e+08
1.881455e+08
1.437654e+08
1.243673e+08
0
0
0
0
0
4.676831e+08
2.766593e+08
1.886741e+08
1.442505e+08
1.247602e+08
0
0
0
0
0
0
4.690012e+08
2.774837e+08
1.893224e+08
1.448043e+08
1.252908e+08
0
0
0
0
0
0
0
4.708786e+08
2.785349e+08
1.900449e+08
1.454127e+08
1.25848e+08
0
0
0
0
0
0
0
0
4.733685e+08
2.798208e+08
1.909001e+08
1.460998e+08
1.264643e+08
0
0
0
0
0
0
0
0
0
4.765117e+08
2.813716e+08
1.918789e+08
1.468382e+08
1.271431e+08
0
0
0
0
0
0
0
0
0
0
4.802841e+08
2.831252e+08
1.929668e+08
1.476462e+08
1.278459e+08
0
0
0
0
0
0
0
0
0
0
4.847323e+08
2.851481e+08
1.941635e+08
1.485186e+08
1.286057e+08
0
0
0
0
0
0
0
0
0
0
4.896564e+08
2.873677e+08
1.954644e+08
1.494626e+08
1.294017e+08
0
0
0
0
0
0
0
0
0
0
4.946106e+08
2.895794e+08
1.967624e+08
1.503794e+08
1.301938e+08
0
0
0
0
0
0
0
0
0
0
0
0
0
0
4.987118e+08
2.914368e+08
1.978656e+08
1.511677e+08
1.308782e+08
0
0
0
0
0
0
0
0
0
0
0
0
0
0
0
5.017955e+08
2.928956e+08
1.987526e+08
1.518261e+08
1.31441e+08
0
0
0
0
0
0
0
0
0
0
0
0
0
0
0
0
5.041162e+08
2.939918e+08
1.9946e+08
1.523571e+08
1.31922e+08
0
0
0
0
0
0
0
0
0
0
0
0
0
0
0
0
0
5.058321e+08
2.948468e+08
1.999947e+08
1.527964e+08
1.3232e+08
0
0
0
0
0
0
0
0
0
0
0
0
0
0
0
0
0
0
4.585731e+08
2.708432e+08
1.8435e+08
1.419917e+08
1.199149e+08
4.627039e+08
2.730509e+08
1.855979e+08
1.416264e+08
1.236153e+08
0
4.659688e+08
2.748208e+08
1.868527e+08
1.423978e+08
1.230715e+08
0
0
4.683163e+08
2.760374e+08
1.87843e+08
1.432222e+08
1.235823e+08
0
0
0
4.695787e+08
2.768431e+08
1.88377e+08
1.439002e+08
1.242052e+08
0
0
0
0
4.698204e+08
2.772694e+08
1.88787e+08
1.441879e+08
1.2472e+08
0
0
0
0
0
4.700066e+08
2.776286e+08
1.891811e+08
1.44584e+08
1.250155e+08
0
0
0
0
0
0
4.70563e+08
2.781462e+08
1.896511e+08
1.450231e+08
1.254503e+08
0
0
0
0
0
0
0
4.716447e+08
2.788749e+08
1.902214e+08
1.455407e+08
1.259404e+08
0
0
0
0
0
0
0
0
4.733648e+08
2.798246e+08
1.909059e+08
1.460925e+08
1.264699e+08
0
0
0
0
0
0
0
0
0
4.757221e+08
2.810174e+08
1.917023e+08
1.46728e+08
1.270596e+08
0
0
0
0
0
0
0
0
0
0
4.78712e+08
2.824721e+08
1.926391e+08
1.474379e+08
1.276839e+08
0
0
0
0
0
0
0
0
0
0
4.823732e+08
2.841695e+08
1.936602e+08
1.482072e+08
1.283587e+08
0
0
0
0
0
0
0
0
0
0
4.866616e+08
2.861416e+08
1.94822e+08
1.490392e+08
1.290808e+08
0
0
0
0
0
0
0
0
0
0
4.914707e+08
2.882952e+08
1.960826e+08
1.499367e+08
1.298602e+08
0
0
0
0
0
0
0
0
0
0
4.962702e+08
2.904517e+08
1.973371e+08
1.508332e+08
1.306163e+08
0
0
0
0
0
0
0
0
0
0
0
0
0
0
0
5.00223e+08
2.92247e+08
1.983991e+08
1.516013e+08
1.312685e+08
0
0
0
0
0
0
0
0
0
0
0
0
0
0
0
0
5.032086e+08
2.936113e+08
1.99251e+08
1.522294e+08
1.318187e+08
0
0
0
0
0
0
0
0
0
0
0
0
0
0
0
0
0
5.054072e+08
2.946566e+08
1.999018e+08
1.527409e+08
1.322663e+08
0
0
0
0
0
0
0
0
0
0
0
0
0
0
0
0
0
0
5.070275e+08
2.954552e+08
2.004245e+08
1.531338e+08
1.326411e+08
0
0
0
0
0
0
0
0
0
0
0
0
0
0
0
0
0
0
0
4.63157e+08
2.732406e+08
1.857191e+08
1.416819e+08
1.23767e+08
0
4.668957e+08
2.752414e+08
1.870903e+08
1.425412e+08
1.231392e+08
0
0
4.698734e+08
2.767099e+08
1.882023e+08
1.434804e+08
1.237745e+08
0
0
0
4.719701e+08
2.778737e+08
1.889305e+08
1.442421e+08
1.244904e+08
0
0
0
0
4.729419e+08
2.785882e+08
1.894822e+08
1.446391e+08
1.25096e+08
0
0
0
0
0
4.729338e+08
2.78862e+08
1.898401e+08
1.449927e+08
1.253478e+08
0
0
0
0
0
0
4.728699e+08
2.791154e+08
1.901642e+08
1.453439e+08
1.257116e+08
0
0
0
0
0
0
0
4.732915e+08
2.79523e+08
1.905717e+08
1.457447e+08
1.261105e+08
0
0
0
0
0
0
0
0
4.741613e+08
2.801361e+08
1.910848e+08
1.462052e+08
1.265719e+08
0
0
0
0
0
0
0
0
0
4.757321e+08
2.810158e+08
1.917063e+08
1.46734e+08
1.270529e+08
0
0
0
0
0
0
0
0
0
0
4.779066e+08
2.821482e+08
1.924475e+08
1.473249e+08
1.275984e+08
0
0
0
0
0
0
0
0
0
0
4.807606e+08
2.835299e+08
1.933204e+08
1.480055e+08
1.281994e+08
0
0
0
0
0
0
0
0
0
0
4.842935e+08
2.851766e+08
1.9431e+08
1.487241e+08
1.288412e+08
0
0
0
0
0
0
0
0
0
0
4.884607e+08
2.870682e+08
1.954416e+08
1.495313e+08
1.295285e+08
0
0
0
0
0
0
0
0
0
0
4.931433e+08
2.891629e+08
1.966627e+08
1.503991e+08
1.302671e+08
0
0
0
0
0
0
0
0
0
0
4.977977e+08
2.912424e+08
1.97883e+08
1.512637e+08
1.310064e+08
0
0
0
0
0
0
0
0
0
0
0
0
0
0
0
0
5.016239e+08
2.929684e+08
1.989083e+08
1.520013e+08
1.316418e+08
0
0
0
0
0
0
0
0
0
0
0
0
0
0
0
0
0
5.044761e+08
2.942851e+08
1.996998e+08
1.52605e+08
1.321659e+08
0
0
0
0
0
0
0
0
0
0
0
0
0
0
0
0
0
0
5.066164e+08
2.952776e+08
2.003197e+08
1.530737e+08
1.325977e+08
0
0
0
0
0
0
0
0
0
0
0
0
0
0
0
0
0
0
0
5.081555e+08
2.960256e+08
2.008101e+08
1.534596e+08
1.32932e+08
0
0
0
0
0
0
0
0
0
0
0
0
0
0
0
0
0
0
0
0
4.673581e+08
2.754425e+08
1.871918e+08
1.426255e+08
1.231806e+08
0
0
4.708284e+08
2.771092e+08
1.884383e+08
1.436415e+08
1.238883e+08
0
0
0
4.735224e+08
2.785329e+08
1.89294e+08
1.444749e+08
1.246989e+08
0
0
0
0
4.753352e+08
2.796006e+08
1.900411e+08
1.450015e+08
1.253656e+08
0
0
0
0
0
4.760626e+08
2.801784e+08
1.905533e+08
1.454441e+08
1.257065e+08
0
0
0
0
0
0
4.758304e+08
2.80336e+08
1.908221e+08
1.45767e+08
1.260315e+08
0
0
0
0
0
0
0
4.755922e+08
2.80476e+08
1.91082e+08
1.460706e+08
1.263599e+08
0
0
0
0
0
0
0
0
4.757377e+08
2.808349e+08
1.914244e+08
1.464274e+08
1.267281e+08
0
0
0
0
0
0
0
0
0
4.765276e+08
2.813433e+08
1.918658e+08
1.468468e+08
1.271408e+08
0
0
0
0
0
0
0
0
0
0
4.779078e+08
2.821565e+08
1.924468e+08
1.473289e+08
1.276042e+08
0
0
0
0
0
0
0
0
0
0
4.799745e+08
2.831961e+08
1.931528e+08
1.478808e+08
1.28111e+08
0
0
0
0
0
0
0
0
0
0
4.826793e+08
2.845147e+08
1.939818e+08
1.485118e+08
1.286877e+08
0
0
0
0
0
0
0
0
0
0
4.860682e+08
2.860983e+08
1.949417e+08
1.492092e+08
1.292854e+08
0
0
0
0
0
0
0
0
0
0
4.901105e+08
2.879293e+08
1.960229e+08
1.499949e+08
1.299519e+08
0
0
0
0
0
0
0
0
0
0
4.946429e+08
2.899651e+08
1.972057e+08
1.508346e+08
1.30665e+08
0
0
0
0
0
0
0
0
0
0
4.992219e+08
2.919756e+08
1.983783e+08
1.516739e+08
1.313769e+08
0
0
0
0
0
0
0
0
0
0
0
0
0
0
0
0
0
5.029052e+08
2.93635e+08
1.993618e+08
1.523855e+08
1.319862e+08
0
0
0
0
0
0
0
0
0
0
0
0
0
0
0
0
0
0
5.056953e+08
2.948909e+08
2.001235e+08
1.529436e+08
1.3249e+08
0
0
0
0
0
0
0
0
0
0
0
0
0
0
0
0
0
0
0
5.077267e+08
2.958571e+08
2.007138e+08
1.533897e+08
1.328846e+08
0
0
0
0
0
0
0
0
0
0
0
0
0
0
0
0
0
0
0
0
5.091593e+08
2.965578e+08
2.011709e+08
1.537533e+08
1.332139e+08
0
0
0
0
0
0
0
0
0
0
0
0
0
0
0
0
0
0
0
0
0
4.712732e+08
2.773154e+08
1.885525e+08
1.43707e+08
1.239579e+08
0
0
0
4.744565e+08
2.789477e+08
1.895139e+08
1.446341e+08
1.248299e+08
0
0
0
0
4.768887e+08
2.802506e+08
1.903967e+08
1.452381e+08
1.255495e+08
0
0
0
0
0
4.784498e+08
2.811864e+08
1.910988e+08
1.458092e+08
1.259955e+08
0
0
0
0
0
0
4.789295e+08
2.81658e+08
1.915277e+08
1.462325e+08
1.263903e+08
0
0
0
0
0
0
0
4.785616e+08
2.817123e+08
1.917261e+08
1.464929e+08
1.266925e+08
0
0
0
0
0
0
0
0
4.781278e+08
2.81779e+08
1.919211e+08
1.467498e+08
1.26982e+08
0
0
0
0
0
0
0
0
0
4.781118e+08
2.819922e+08
1.922409e+08
1.470602e+08
1.273136e+08
0
0
0
0
0
0
0
0
0
0
4.787371e+08
2.824826e+08
1.926162e+08
1.474268e+08
1.276915e+08
0
0
0
0
0
0
0
0
0
0
4.799833e+08
2.831968e+08
1.931601e+08
1.478806e+08
1.281149e+08
0
0
0
0
0
0
0
0
0
0
4.818876e+08
2.841962e+08
1.938061e+08
1.484078e+08
1.28589e+08
0
0
0
0
0
0
0
0
0
0
4.844786e+08
2.854372e+08
1.945985e+08
1.490072e+08
1.29122e+08
0
0
0
0
0
0
0
0
0
0
4.877165e+08
2.869492e+08
1.955186e+08
1.496835e+08
1.297025e+08
0
0
0
0
0
0
0
0
0
0
4.916231e+08
2.887223e+08
1.965623e+08
1.504321e+08
1.303509e+08
0
0
0
0
0
0
0
0
0
0
4.960518e+08
2.90683e+08
1.977096e+08
1.512425e+08
1.310403e+08
0
0
0
0
0
0
0
0
0
0
5.004769e+08
2.926599e+08
1.988409e+08
1.520467e+08
1.317306e+08
0
0
0
0
0
0
0
0
0
0
0
0
0
0
0
0
0
0
5.041108e+08
2.942508e+08
1.997804e+08
1.527281e+08
1.32318e+08
0
0
0
0
0
0
0
0
0
0
0
0
0
0
0
0
0
0
0
5.068285e+08
2.954752e+08
2.005066e+08
1.532639e+08
1.327823e+08
0
0
0
0
0
0
0
0
0
0
0
0
0
0
0
0
0
0
0
0
5.087486e+08
2.963772e+08
2.010816e+08
1.536898e+08
1.331576e+08
0
0
0
0
0
0
0
0
0
0
0
0
0
0
0
0
0
0
0
0
0
5.101015e+08
2.970476e+08
2.015043e+08
1.540277e+08
1.334683e+08
0
0
0
0
0
0
0
0
0
0
0
0
0
0
0
0
0
0
0
0
0
0
4.749054e+08
2.791373e+08
1.896315e+08
1.447122e+08
1.248815e+08
0
0
0
0
4.778433e+08
2.806523e+08
1.90627e+08
1.453843e+08
1.256787e+08
0
0
0
0
0
4.800313e+08
2.81835e+08
1.914447e+08
1.460407e+08
1.261831e+08
0
0
0
0
0
0
4.813509e+08
2.826551e+08
1.920687e+08
1.465871e+08
1.266812e+08
0
0
0
0
0
0
0
4.816499e+08
2.830065e+08
1.924388e+08
1.469496e+08
1.27064e+08
0
0
0
0
0
0
0
0
4.81091e+08
2.83015e+08
1.925755e+08
1.471588e+08
1.273141e+08
0
0
0
0
0
0
0
0
0
4.804433e+08
2.829898e+08
1.927299e+08
1.473709e+08
1.275639e+08
0
0
0
0
0
0
0
0
0
0
4.803325e+08
2.83133e+08
1.929537e+08
1.476685e+08
1.278564e+08
0
0
0
0
0
0
0
0
0
0
4.807499e+08
2.835487e+08
1.933284e+08
1.479855e+08
1.281892e+08
0
0
0
0
0
0
0
0
0
0
4.818861e+08
2.842026e+08
1.938066e+08
1.484145e+08
1.285889e+08
0
0
0
0
0
0
0
0
0
0
4.836778e+08
2.851177e+08
1.944357e+08
1.48896e+08
1.290424e+08
0
0
0
0
0
0
0
0
0
0
4.860954e+08
2.863068e+08
1.951761e+08
1.494699e+08
1.295487e+08
0
0
0
0
0
0
0
0
0
0
4.892068e+08
2.877449e+08
1.960524e+08
1.501163e+08
1.301116e+08
0
0
0
0
0
0
0
0
0
0
4.930179e+08
2.89451e+08
1.970611e+08
1.508376e+08
1.307281e+08
0
0
0
0
0
0
0
0
0
0
4.973129e+08
2.913616e+08
1.98162e+08
1.516223e+08
1.313919e+08
0
0
0
0
0
0
0
0
0
0
5.016911e+08
2.932588e+08
1.992735e+08
1.523969e+08
1.320522e+08
0
0
0
0
0
0
0
0
0
0
0
0
0
0
0
0
0
0
0
5.052635e+08
2.948254e+08
2.001711e+08
1.530443e+08
1.326139e+08
0
0
0
0
0
0
0
0
0
0
0
0
0
0
0
0
0
0
0
0
5.078286e+08
2.960109e+08
2.008767e+08
1.535551e+08
1.33059e+08
0
0
0
0
0
0
0
0
0
0
0
0
0
0
0
0
0
0
0
0
0
5.096901e+08
2.968786e+08
2.014059e+08
1.539701e+08
1.334177e+08
0
0
0
0
0
0
0
0
0
0
0
0
0
0
0
0
0
0
0
0
0
0
5.109785e+08
2.975101e+08
2.018208e+08
1.542796e+08
1.337058e+08
0
0
0
0
0
0
0
0
0
0
0
0
0
0
0
0
0
0
0
0
0
0
0
4.782662e+08
2.808468e+08
1.907304e+08
1.454648e+08
1.257425e+08
0
0
0
0
0
4.809575e+08
2.822472e+08
1.916665e+08
1.461949e+08
1.263005e+08
0
0
0
0
0
0
4.829297e+08
2.83321e+08
1.924136e+08
1.468091e+08
1.268647e+08
0
0
0
0
0
0
0
4.840585e+08
2.840223e+08
1.929689e+08
1.473001e+08
1.273455e+08
0
0
0
0
0
0
0
0
4.842228e+08
2.842965e+08
1.93265e+08
1.476232e+08
1.276765e+08
0
0
0
0
0
0
0
0
0
4.83427e+08
2.842152e+08
1.933829e+08
1.477878e+08
1.278832e+08
0
0
0
0
0
0
0
0
0
0
4.826588e+08
2.840901e+08
1.934812e+08
1.479725e+08
1.280959e+08
0
0
0
0
0
0
0
0
0
0
4.823652e+08
2.842026e+08
1.936656e+08
1.481963e+08
1.283792e+08
0
0
0
0
0
0
0
0
0
0
4.826633e+08
2.845056e+08
1.939971e+08
1.485186e+08
1.286691e+08
0
0
0
0
0
0
0
0
0
0
4.836301e+08
2.851159e+08
1.944408e+08
1.488963e+08
1.290487e+08
0
0
0
0
0
0
0
0
0
0
4.852597e+08
2.859824e+08
1.95014e+08
1.493703e+08
1.294624e+08
0
0
0
0
0
0
0
0
0
0
4.87584e+08
2.870836e+08
1.957245e+08
1.499033e+08
1.299476e+08
0
0
0
0
0
0
0
0
0
0
4.906212e+08
2.884627e+08
1.965546e+08
1.505182e+08
1.304845e+08
0
0
0
0
0
0
0
0
0
0
4.943064e+08
2.901234e+08
1.975214e+08
1.512139e+08
1.310778e+08
0
0
0
0
0
0
0
0
0
0
4.985224e+08
2.919661e+08
1.985913e+08
1.519646e+08
1.317198e+08
0
0
0
0
0
0
0
0
0
0
5.02841e+08
2.938415e+08
1.996511e+08
1.527251e+08
1.32355e+08
0
0
0
0
0
0
0
0
0
0
0
0
0
0
0
0
0
0
0
0
5.062798e+08
2.953742e+08
2.005332e+08
1.533418e+08
1.32887e+08
0
0
0
0
0
0
0
0
0
0
0
0
0
0
0
0
0
0
0
0
0
5.08767e+08
2.964978e+08
2.012128e+08
1.538367e+08
1.333111e+08
0
0
0
0
0
0
0
0
0
0
0
0
0
0
0
0
0
0
0
0
0
0
5.105654e+08
2.973407e+08
2.017305e+08
1.542145e+08
1.336606e+08
0
0
0
0
0
0
0
0
0
0
0
0
0
0
0
0
0
0
0
0
0
0
0
5.11796e+08
2.97943e+08
2.021212e+08
1.545242e+08
1.339231e+08
0
0
0
0
0
0
0
0
0
0
0
0
0
0
0
0
0
0
0
0
0
0
0
0
4.814037e+08
2.82425e+08
1.917743e+08
1.462629e+08
1.263665e+08
0
0
0
0
0
0
4.838827e+08
2.837126e+08
1.926419e+08
1.469571e+08
1.269891e+08
0
0
0
0
0
0
0
4.85642e+08
2.846837e+08
1.933274e+08
1.475214e+08
1.275199e+08
0
0
0
0
0
0
0
0
4.865906e+08
2.853015e+08
1.938083e+08
1.479634e+08
1.279541e+08
0
0
0
0
0
0
0
0
0
4.865729e+08
2.855217e+08
1.940613e+08
1.482322e+08
1.282533e+08
0
0
0
0
0
0
0
0
0
0
4.856438e+08
2.853239e+08
1.94124e+08
1.483882e+08
1.284222e+08
0
0
0
0
0
0
0
0
0
0
4.8473e+08
2.85149e+08
1.941629e+08
1.485317e+08
1.286125e+08
0
0
0
0
0
0
0
0
0
0
4.84292e+08
2.851741e+08
1.943355e+08
1.487284e+08
1.288312e+08
0
0
0
0
0
0
0
0
0
0
4.844508e+08
2.854264e+08
1.945903e+08
1.490207e+08
1.291282e+08
0
0
0
0
0
0
0
0
0
0
4.852791e+08
2.85951e+08
1.950123e+08
1.493746e+08
1.294627e+08
0
0
0
0
0
0
0
0
0
0
4.867927e+08
2.867387e+08
1.955586e+08
1.498048e+08
1.29872e+08
0
0
0
0
0
0
0
0
0
0
4.889742e+08
2.878023e+08
1.962127e+08
1.503173e+08
1.30321e+08
0
0
0
0
0
0
0
0
0
0
4.919019e+08
2.891493e+08
1.970079e+08
1.508978e+08
1.308313e+08
0
0
0
0
0
0
0
0
0
0
4.954911e+08
2.907474e+08
1.979471e+08
1.515624e+08
1.314027e+08
0
0
0
0
0
0
0
0
0
0
4.996874e+08
2.925499e+08
1.989736e+08
1.522903e+08
1.320157e+08
0
0
0
0
0
0
0
0
0
0
5.038432e+08
2.943883e+08
2.000199e+08
1.530114e+08
1.32639e+08
0
0
0
0
0
0
0
0
0
0
0
0
0
0
0
0
0
0
0
0
0
5.072152e+08
2.958723e+08
2.00879e+08
1.536163e+08
1.331447e+08
0
0
0
0
0
0
0
0
0
0
0
0
0
0
0
0
0
0
0
0
0
0
5.096556e+08
2.969582e+08
2.015267e+08
1.540908e+08
1.335549e+08
0
0
0
0
0
0
0
0
0
0
0
0
0
0
0
0
0
0
0
0
0
0
0
5.113702e+08
2.977738e+08
2.020305e+08
1.544656e+08
1.338711e+08
0
0
0
0
0
0
0
0
0
0
0
0
0
0
0
0
0
0
0
0
0
0
0
0
5.125547e+08
2.983483e+08
2.024038e+08
1.547574e+08
1.341365e+08
0
0
0
0
0
0
0
0
0
0
0
0
0
0
0
0
0
0
0
0
0
0
0
0
0
4.843175e+08
2.839044e+08
1.92738e+08
1.470292e+08
1.270434e+08
0
0
0
0
0
0
0
4.865935e+08
2.850912e+08
1.935399e+08
1.476741e+08
1.276389e+08
0
0
0
0
0
0
0
0
4.881922e+08
2.859618e+08
1.941628e+08
1.481967e+08
1.281279e+08
0
0
0
0
0
0
0
0
0
4.889962e+08
2.864973e+08
1.945965e+08
1.485832e+08
1.285211e+08
0
0
0
0
0
0
0
0
0
0
4.887539e+08
2.866317e+08
1.948205e+08
1.488225e+08
1.287738e+08
0
0
0
0
0
0
0
0
0
0
0
4.877326e+08
2.863809e+08
1.94811e+08
1.489378e+08
1.289376e+08
0
0
0
0
0
0
0
0
0
0
4.866488e+08
2.861423e+08
1.948219e+08
1.490389e+08
1.290929e+08
0
0
0
0
0
0
0
0
0
0
4.860446e+08
2.860985e+08
1.949413e+08
1.492308e+08
1.292892e+08
0
0
0
0
0
0
0
0
0
0
4.861161e+08
2.862874e+08
1.951679e+08
1.494624e+08
1.295612e+08
0
0
0
0
0
0
0
0
0
0
4.867847e+08
2.867508e+08
1.955351e+08
1.498032e+08
1.29876e+08
0
0
0
0
0
0
0
0
0
0
4.881847e+08
2.874865e+08
1.960324e+08
1.502156e+08
1.302468e+08
0
0
0
0
0
0
0
0
0
0
4.902514e+08
2.884749e+08
1.96667e+08
1.506854e+08
1.306788e+08
0
0
0
0
0
0
0
0
0
0
4.930768e+08
2.897726e+08
1.974437e+08
1.512411e+08
1.311594e+08
0
0
0
0
0
0
0
0
0
0
4.966296e+08
2.913193e+08
1.983436e+08
1.518855e+08
1.317041e+08
0
0
0
0
0
0
0
0
0
0
5.007003e+08
2.931054e+08
1.993447e+08
1.525808e+08
1.322976e+08
0
0
0
0
0
0
0
0
0
0
0
5.047913e+08
2.948784e+08
2.003639e+08
1.532917e+08
1.328867e+08
0
0
0
0
0
0
0
0
0
0
0
0
0
0
0
0
0
0
0
0
0
0
5.080935e+08
2.963314e+08
2.012016e+08
1.538785e+08
1.333821e+08
0
0
0
0
0
0
0
0
0
0
0
0
0
0
0
0
0
0
0
0
0
0
0
5.104841e+08
2.973992e+08
2.018257e+08
1.543331e+08
1.337741e+08
0
0
0
0
0
0
0
0
0
0
0
0
0
0
0
0
0
0
0
0
0
0
0
0
5.121549e+08
2.981691e+08
2.023143e+08
1.546984e+08
1.340902e+08
0
0
0
0
0
0
0
0
0
0
0
0
0
0
0
0
0
0
0
0
0
0
0
0
0
5.132781e+08
2.987241e+08
2.026699e+08
1.549776e+08
1.343401e+08
0
0
0
0
0
0
0
0
0
0
0
0
0
0
0
0
0
0
0
0
0
0
0
0
0
4.870257e+08
2.852777e+08
1.936459e+08
1.477372e+08
1.276971e+08
0
0
0
0
0
0
0
0
4.891397e+08
2.863685e+08
1.943863e+08
1.48336e+08
1.282511e+08
0
0
0
0
0
0
0
0
0
4.905646e+08
2.871686e+08
1.949487e+08
1.488128e+08
1.287059e+08
0
0
0
0
0
0
0
0
0
0
4.911838e+08
2.876367e+08
1.953344e+08
1.491671e+08
1.290513e+08
0
0
0
0
0
0
0
0
0
0
0
4.90859e+08
2.876614e+08
1.955056e+08
1.493872e+08
1.292799e+08
0
0
0
0
0
0
0
0
0
0
0
0
4.896539e+08
2.87381e+08
1.954685e+08
1.494493e+08
1.294088e+08
0
0
0
0
0
0
0
0
0
0
4.884585e+08
2.87059e+08
1.954432e+08
1.495309e+08
1.295283e+08
0
0
0
0
0
0
0
0
0
0
4.877244e+08
2.869349e+08
1.955194e+08
1.49684e+08
1.297223e+08
0
0
0
0
0
0
0
0
0
0
4.876017e+08
2.870968e+08
1.957089e+08
1.498964e+08
1.299405e+08
0
0
0
0
0
0
0
0
0
0
4.881661e+08
2.874828e+08
1.960409e+08
1.501961e+08
1.302453e+08
0
0
0
0
0
0
0
0
0
0
4.894408e+08
2.881629e+08
1.965082e+08
1.50572e+08
1.306016e+08
0
0
0
0
0
0
0
0
0
0
4.914594e+08
2.890964e+08
1.970933e+08
1.510294e+08
1.309965e+08
0
0
0
0
0
0
0
0
0
0
4.942264e+08
2.90339e+08
1.978417e+08
1.515721e+08
1.314564e+08
0
0
0
0
0
0
0
0
0
0
4.976446e+08
2.918591e+08
1.987075e+08
1.521873e+08
1.319839e+08
0
0
0
0
0
0
0
0
0
0
0
5.016582e+08
2.936039e+08
1.99694e+08
1.528636e+08
1.325492e+08
0
0
0
0
0
0
0
0
0
0
0
0
5.056906e+08
2.953459e+08
2.00681e+08
1.535521e+08
1.331292e+08
0
0
0
0
0
0
0
0
0
0
0
0
0
0
0
0
0
0
0
0
0
0
0
5.089189e+08
2.967639e+08
2.014999e+08
1.54128e+08
1.336085e+08
0
0
0
0
0
0
0
0
0
0
0
0
0
0
0
0
0
0
0
0
0
0
0
0
5.112481e+08
2.978117e+08
2.021148e+08
1.545651e+08
1.339854e+08
0
0
0
0
0
0
0
0
0
0
0
0
0
0
0
0
0
0
0
0
0
0
0
0
0
5.128765e+08
2.98562e+08
2.025721e+08
1.549202e+08
1.342936e+08
0
0
0
0
0
0
0
0
0
0
0
0
0
0
0
0
0
0
0
0
0
0
0
0
0
5.139747e+08
2.990868e+08
2.029168e+08
1.551858e+08
1.345329e+08
0
0
0
0
0
0
0
0
0
0
0
0
0
0
0
0
0
0
0
0
0
0
0
0
0
4.895682e+08
2.865515e+08
1.944896e+08
1.484069e+08
1.283012e+08
0
0
0
0
0
0
0
0
0
4.915059e+08
2.875697e+08
1.951722e+08
1.48961e+08
1.288169e+08
0
0
0
0
0
0
0
0
0
0
4.927862e+08
2.882838e+08
1.956946e+08
1.493942e+08
1.292328e+08
0
0
0
0
0
0
0
0
0
0
0
4.932716e+08
2.886682e+08
1.960383e+08
1.497148e+08
1.295516e+08
0
0
0
0
0
0
0
0
0
0
0
0
4.927825e+08
2.886657e+08
1.961421e+08
1.498957e+08
1.297647e+08
0
0
0
0
0
0
0
0
0
0
0
0
0
4.914702e+08
2.882917e+08
1.960942e+08
1.499402e+08
1.298481e+08
0
0
0
0
0
0
0
0
0
0
4.901012e+08
2.879267e+08
1.960156e+08
1.499968e+08
1.299514e+08
0
0
0
0
0
0
0
0
0
0
4.892243e+08
2.877505e+08
1.960424e+08
1.501175e+08
1.301122e+08
0
0
0
0
0
0
0
0
0
0
4.889882e+08
2.87814e+08
1.962223e+08
1.503038e+08
1.303148e+08
0
0
0
0
0
0
0
0
0
0
4.894588e+08
2.881477e+08
1.965064e+08
1.505787e+08
1.305839e+08
0
0
0
0
0
0
0
0
0
0
4.906268e+08
2.887688e+08
1.969384e+08
1.509338e+08
1.309089e+08
0
0
0
0
0
0
0
0
0
0
4.925526e+08
2.896877e+08
1.974895e+08
1.513531e+08
1.312941e+08
0
0
0
0
0
0
0
0
0
0
4.952062e+08
2.908872e+08
1.982012e+08
1.518761e+08
1.317431e+08
0
0
0
0
0
0
0
0
0
0
0
4.986009e+08
2.923613e+08
1.990455e+08
1.52465e+08
1.322455e+08
0
0
0
0
0
0
0
0
0
0
0
0
5.025522e+08
2.940791e+08
2.000174e+08
1.531276e+08
1.327944e+08
0
0
0
0
0
0
0
0
0
0
0
0
0
5.065e+08
2.957941e+08
2.009855e+08
1.537975e+08
1.333542e+08
0
0
0
0
0
0
0
0
0
0
0
0
0
0
0
0
0
0
0
0
0
0
0
0
5.096882e+08
2.971754e+08
2.017819e+08
1.543598e+08
1.338264e+08
0
0
0
0
0
0
0
0
0
0
0
0
0
0
0
0
0
0
0
0
0
0
0
0
0
5.119728e+08
2.981905e+08
2.02386e+08
1.54791e+08
1.341881e+08
0
0
0
0
0
0
0
0
0
0
0
0
0
0
0
0
0
0
0
0
0
0
0
0
0
5.135528e+08
2.989224e+08
2.02832e+08
1.55121e+08
1.34488e+08
0
0
0
0
0
0
0
0
0
0
0
0
0
0
0
0
0
0
0
0
0
0
0
0
0
5.145831e+08
2.994367e+08
2.031577e+08
1.553793e+08
1.347155e+08
0
0
0
0
0
0
0
0
0
0
0
0
0
0
0
0
0
0
0
0
0
0
0
0
0
4.919375e+08
2.877494e+08
1.952721e+08
1.490303e+08
1.28874e+08
0
0
0
0
0
0
0
0
0
0
4.937227e+08
2.886829e+08
1.959125e+08
1.495428e+08
1.293516e+08
0
0
0
0
0
0
0
0
0
0
0
4.948685e+08
2.893356e+08
1.963801e+08
1.499484e+08
1.297306e+08
0
0
0
0
0
0
0
0
0
0
0
0
4.951953e+08
2.896591e+08
1.966758e+08
1.502373e+08
1.300212e+08
0
0
0
0
0
0
0
0
0
0
0
0
0
4.946026e+08
2.895782e+08
1.967682e+08
1.503693e+08
1.302008e+08
0
0
0
0
0
0
0
0
0
0
0
0
0
0
4.931173e+08
2.891621e+08
1.966586e+08
1.504098e+08
1.302702e+08
0
0
0
0
0
0
0
0
0
0
4.916131e+08
2.887159e+08
1.965593e+08
1.504258e+08
1.303528e+08
0
0
0
0
0
0
0
0
0
0
4.906309e+08
2.884732e+08
1.965589e+08
1.505103e+08
1.304857e+08
0
0
0
0
0
0
0
0
0
0
4.902725e+08
2.884824e+08
1.966754e+08
1.506931e+08
1.306663e+08
0
0
0
0
0
0
0
0
0
0
4.906074e+08
2.887803e+08
1.969251e+08
1.509329e+08
1.309148e+08
0
0
0
0
0
0
0
0
0
0
4.917214e+08
2.893465e+08
1.973215e+08
1.512611e+08
1.312226e+08
0
0
0
0
0
0
0
0
0
0
4.935781e+08
2.902025e+08
1.978687e+08
1.516552e+08
1.315745e+08
0
0
0
0
0
0
0
0
0
0
0
4.961694e+08
2.913698e+08
1.985453e+08
1.521498e+08
1.320071e+08
0
0
0
0
0
0
0
0
0
0
0
0
4.995058e+08
2.928373e+08
1.993723e+08
1.527199e+08
1.324864e+08
0
0
0
0
0
0
0
0
0
0
0
0
0
5.033634e+08
2.945238e+08
2.003276e+08
1.533782e+08
1.330222e+08
0
0
0
0
0
0
0
0
0
0
0
0
0
0
5.072725e+08
2.961943e+08
2.012796e+08
1.540342e+08
1.335683e+08
0
0
0
0
0
0
0
0
0
0
0
0
0
0
0
0
0
0
0
0
0
0
0
0
0
5.104236e+08
2.975571e+08
2.020529e+08
1.545792e+08
1.340289e+08
0
0
0
0
0
0
0
0
0
0
0
0
0
0
0
0
0
0
0
0
0
0
0
0
0
5.126636e+08
2.985517e+08
2.026354e+08
1.550034e+08
1.343861e+08
0
0
0
0
0
0
0
0
0
0
0
0
0
0
0
0
0
0
0
0
0
0
0
0
0
5.14189e+08
2.992616e+08
2.030702e+08
1.553254e+08
1.346637e+08
0
0
0
0
0
0
0
0
0
0
0
0
0
0
0
0
0
0
0
0
0
0
0
0
0
5.151944e+08
2.997402e+08
2.033897e+08
1.555694e+08
1.348853e+08
0
0
0
0
0
0
0
0
0
0
0
0
0
0
0
0
0
0
0
0
0
0
0
0
0
4.941499e+08
2.888668e+08
1.960095e+08
1.496089e+08
1.294075e+08
0
0
0
0
0
0
0
0
0
0
0
4.957941e+08
2.897296e+08
1.965981e+08
1.500916e+08
1.298499e+08
0
0
0
0
0
0
0
0
0
0
0
0
4.968017e+08
2.903222e+08
1.97032e+08
1.504557e+08
1.302061e+08
0
0
0
0
0
0
0
0
0
0
0
0
0
4.970003e+08
2.905712e+08
1.972918e+08
1.507115e+08
1.304694e+08
0
0
0
0
0
0
0
0
0
0
0
0
0
0
4.962725e+08
2.904464e+08
1.97336e+08
1.508378e+08
1.306072e+08
0
0
0
0
0
0
0
0
0
0
0
0
0
0
0
4.946546e+08
2.899515e+08
1.972047e+08
1.508303e+08
1.306751e+08
0
0
0
0
0
0
0
0
0
0
4.930203e+08
2.894451e+08
1.97056e+08
1.508344e+08
1.307223e+08
0
0
0
0
0
0
0
0
0
0
4.919002e+08
2.891563e+08
1.970147e+08
1.509014e+08
1.308242e+08
0
0
0
0
0
0
0
0
0
0
4.914312e+08
2.891115e+08
1.970977e+08
1.510362e+08
1.310035e+08
0
0
0
0
0
0
0
0
0
0
4.91744e+08
2.89335e+08
1.973301e+08
1.51249e+08
1.312219e+08
0
0
0
0
0
0
0
0
0
0
4.92767e+08
2.898636e+08
1.976911e+08
1.515515e+08
1.315063e+08
0
0
0
0
0
0
0
0
0
0
0
4.945184e+08
2.907132e+08
1.981898e+08
1.519457e+08
1.318366e+08
0
0
0
0
0
0
0
0
0
0
0
0
4.97068e+08
2.918522e+08
1.988593e+08
1.524096e+08
1.322443e+08
0
0
0
0
0
0
0
0
0
0
0
0
0
5.003071e+08
2.932909e+08
1.996835e+08
1.529734e+08
1.327061e+08
0
0
0
0
0
0
0
0
0
0
0
0
0
0
5.041455e+08
2.949262e+08
2.006187e+08
1.536195e+08
1.332411e+08
0
0
0
0
0
0
0
0
0
0
0
0
0
0
0
5.080071e+08
2.965781e+08
2.015422e+08
1.542639e+08
1.337753e+08
0
0
0
0
0
0
0
0
0
0
0
0
0
0
0
0
0
0
0
0
0
0
0
0
0
5.110914e+08
2.979253e+08
2.02304e+08
1.547917e+08
1.34221e+08
0
0
0
0
0
0
0
0
0
0
0
0
0
0
0
0
0
0
0
0
0
0
0
0
0
5.132821e+08
2.988983e+08
2.028736e+08
1.55199e+08
1.345724e+08
0
0
0
0
0
0
0
0
0
0
0
0
0
0
0
0
0
0
0
0
0
0
0
0
0
5.147871e+08
2.995811e+08
2.032958e+08
1.555129e+08
1.348433e+08
0
0
0
0
0
0
0
0
0
0
0
0
0
0
0
0
0
0
0
0
0
0
0
0
0
5.157469e+08
3.000499e+08
2.035916e+08
1.557522e+08
1.350526e+08
0
0
0
0
0
0
0
0
0
0
0
0
0
0
0
0
0
0
0
0
0
0
0
0
0
4.962078e+08
2.899099e+08
1.966994e+08
1.501551e+08
1.299029e+08
0
0
0
0
0
0
0
0
0
0
0
0
4.977148e+08
2.907097e+08
1.972456e+08
1.506e+08
1.303203e+08
0
0
0
0
0
0
0
0
0
0
0
0
0
4.986198e+08
2.912385e+08
1.976451e+08
1.509417e+08
1.306404e+08
0
0
0
0
0
0
0
0
0
0
0
0
0
0
4.98696e+08
2.914249e+08
1.978595e+08
1.511718e+08
1.308764e+08
0
0
0
0
0
0
0
0
0
0
0
0
0
0
0
4.978066e+08
2.912442e+08
1.97879e+08
1.512626e+08
1.310105e+08
0
0
0
0
0
0
0
0
0
0
0
0
0
0
0
0
4.960419e+08
2.906895e+08
1.977016e+08
1.512413e+08
1.310361e+08
0
0
0
0
0
0
0
0
0
0
4.943201e+08
2.901241e+08
1.975174e+08
1.512094e+08
1.310746e+08
0
0
0
0
0
0
0
0
0
0
4.931052e+08
2.897708e+08
1.974494e+08
1.512461e+08
1.311627e+08
0
0
0
0
0
0
0
0
0
0
4.925995e+08
2.8967e+08
1.975013e+08
1.513559e+08
1.313002e+08
0
0
0
0
0
0
0
0
0
0
4.927582e+08
2.898773e+08
1.976832e+08
1.515587e+08
1.31495e+08
0
0
0
0
0
0
0
0
0
0
0
4.936895e+08
2.903884e+08
1.980143e+08
1.518344e+08
1.317575e+08
0
0
0
0
0
0
0
0
0
0
0
0
4.954128e+08
2.911821e+08
1.985226e+08
1.521874e+08
1.320891e+08
0
0
0
0
0
0
0
0
0
0
0
0
0
4.978901e+08
2.923053e+08
1.991757e+08
1.526534e+08
1.324683e+08
0
0
0
0
0
0
0
0
0
0
0
0
0
0
5.011122e+08
2.936895e+08
1.999818e+08
1.532157e+08
1.329277e+08
0
0
0
0
0
0
0
0
0
0
0
0
0
0
0
5.048705e+08
2.953177e+08
2.008831e+08
1.538464e+08
1.334523e+08
0
0
0
0
0
0
0
0
0
0
0
0
0
0
0
5.087229e+08
2.969468e+08
2.017942e+08
1.544694e+08
1.339767e+08
0
0
0
0
0
0
0
0
0
0
0
0
0
0
0
0
0
0
0
0
0
0
0
0
0
5.117335e+08
2.982587e+08
2.025474e+08
1.549886e+08
1.344075e+08
0
0
0
0
0
0
0
0
0
0
0
0
0
0
0
0
0
0
0
0
0
0
0
0
0
5.138961e+08
2.992079e+08
2.031034e+08
1.553862e+08
1.347441e+08
0
0
0
0
0
0
0
0
0
0
0
0
0
0
0
0
0
0
0
0
0
0
0
0
0
5.15347e+08
2.998819e+08
2.035082e+08
1.556912e+08
1.350082e+08
0
0
0
0
0
0
0
0
0
0
0
0
0
0
0
0
0
0
0
0
0
0
0
0
0
5.16266e+08
3.003269e+08
2.037989e+08
1.559123e+08
1.352134e+08
0
0
0
0
0
0
0
0
0
0
0
0
0
0
0
0
0
0
0
0
0
0
0
0
0
4.981476e+08
2.908803e+08
1.973438e+08
1.506677e+08
1.303708e+08
0
0
0
0
0
0
0
0
0
0
0
0
0
4.995352e+08
2.916151e+08
1.97854e+08
1.510819e+08
1.30756e+08
0
0
0
0
0
0
0
0
0
0
0
0
0
0
5.002885e+08
2.920999e+08
1.982152e+08
1.513998e+08
1.310579e+08
0
0
0
0
0
0
0
0
0
0
0
0
0
0
0
5.002441e+08
2.922369e+08
1.983902e+08
1.515969e+08
1.312722e+08
0
0
0
0
0
0
0
0
0
0
0
0
0
0
0
0
4.992177e+08
2.919809e+08
1.983796e+08
1.516705e+08
1.31376e+08
0
0
0
0
0
0
0
0
0
0
0
0
0
0
0
0
0
4.973407e+08
2.913553e+08
1.981658e+08
1.516168e+08
1.313908e+08
0
0
0
0
0
0
0
0
0
0
4.954834e+08
2.907567e+08
1.979468e+08
1.515593e+08
1.313986e+08
0
0
0
0
0
0
0
0
0
0
4.942402e+08
2.903576e+08
1.978401e+08
1.51577e+08
1.314607e+08
0
0
0
0
0
0
0
0
0
0
4.936115e+08
2.902323e+08
1.97856e+08
1.516652e+08
1.315768e+08
0
0
0
0
0
0
0
0
0
0
0
4.937109e+08
2.90383e+08
1.980237e+08
1.518283e+08
1.317641e+08
0
0
0
0
0
0
0
0
0
0
0
0
4.94583e+08
2.908469e+08
1.983581e+08
1.520779e+08
1.320033e+08
0
0
0
0
0
0
0
0
0
0
0
0
0
4.962432e+08
2.916332e+08
1.988296e+08
1.524455e+08
1.322972e+08
0
0
0
0
0
0
0
0
0
0
0
0
0
0
4.986853e+08
2.927145e+08
1.99475e+08
1.529001e+08
1.326815e+08
0
0
0
0
0
0
0
0
0
0
0
0
0
0
0
5.018256e+08
2.940944e+08
2.002443e+08
1.534487e+08
1.331399e+08
0
0
0
0
0
0
0
0
0
0
0
0
0
0
0
5.05594e+08
2.95681e+08
2.011416e+08
1.540535e+08
1.336511e+08
0
0
0
0
0
0
0
0
0
0
0
0
0
0
0
5.093611e+08
2.973087e+08
2.020386e+08
1.546667e+08
1.341569e+08
0
0
0
0
0
0
0
0
0
0
0
0
0
0
0
0
0
0
0
0
0
0
0
0
0
5.123566e+08
2.985812e+08
2.027686e+08
1.5518e+08
1.345802e+08
0
0
0
0
0
0
0
0
0
0
0
0
0
0
0
0
0
0
0
0
0
0
0
0
0
5.144812e+08
2.995183e+08
2.033097e+08
1.555672e+08
1.349085e+08
0
0
0
0
0
0
0
0
0
0
0
0
0
0
0
0
0
0
0
0
0
0
0
0
0
5.158746e+08
3.001656e+08
2.037089e+08
1.558589e+08
1.351651e+08
0
0
0
0
0
0
0
0
0
0
0
0
0
0
0
0
0
0
0
0
0
0
0
0
0
5.167567e+08
3.005876e+08
2.039836e+08
1.560767e+08
1.353545e+08
0
0
0
0
0
0
0
0
0
0
0
0
0
0
0
0
0
0
0
0
0
0
0
0
0
4.99947e+08
2.917972e+08
1.979447e+08
1.511469e+08
1.308104e+08
0
0
0
0
0
0
0
0
0
0
0
0
0
0
5.012243e+08
2.924777e+08
1.984155e+08
1.515364e+08
1.311697e+08
0
0
0
0
0
0
0
0
0
0
0
0
0
0
0
5.018208e+08
2.92893e+08
1.987516e+08
1.518264e+08
1.314519e+08
0
0
0
0
0
0
0
0
0
0
0
0
0
0
0
0
5.016328e+08
2.929813e+08
1.989008e+08
1.51994e+08
1.31638e+08
0
0
0
0
0
0
0
0
0
0
0
0
0
0
0
0
0
5.005047e+08
2.926565e+08
1.988444e+08
1.520477e+08
1.317275e+08
0
0
0
0
0
0
0
0
0
0
0
0
0
0
0
0
0
0
4.985329e+08
2.919839e+08
1.985867e+08
1.519671e+08
1.317152e+08
0
0
0
0
0
0
0
0
0
0
4.966407e+08
2.913165e+08
1.983506e+08
1.518847e+08
1.317015e+08
0
0
0
0
0
0
0
0
0
0
4.952634e+08
2.908978e+08
1.982147e+08
1.518746e+08
1.317477e+08
0
0
0
0
0
0
0
0
0
0
0
4.945403e+08
2.907356e+08
1.982113e+08
1.519355e+08
1.318457e+08
0
0
0
0
0
0
0
0
0
0
0
0
4.945877e+08
2.908609e+08
1.983542e+08
1.520854e+08
1.31998e+08
0
0
0
0
0
0
0
0
0
0
0
0
0
4.954114e+08
2.912985e+08
1.986579e+08
1.523455e+08
1.322131e+08
0
0
0
0
0
0
0
0
0
0
0
0
0
0
4.970245e+08
2.920517e+08
1.991277e+08
1.526847e+08
1.325228e+08
0
0
0
0
0
0
0
0
0
0
0
0
0
0
0
4.994298e+08
2.931179e+08
1.997431e+08
1.531348e+08
1.328976e+08
0
0
0
0
0
0
0
0
0
0
0
0
0
0
0
5.025392e+08
2.944525e+08
2.005116e+08
1.536547e+08
1.333442e+08
0
0
0
0
0
0
0
0
0
0
0
0
0
0
0
5.062417e+08
2.960471e+08
2.013824e+08
1.542565e+08
1.338327e+08
0
0
0
0
0
0
0
0
0
0
0
0
0
0
0
5.099844e+08
2.976301e+08
2.022794e+08
1.548592e+08
1.3433e+08
0
0
0
0
0
0
0
0
0
0
0
0
0
0
0
0
0
0
0
0
0
0
0
0
0
5.129241e+08
2.988968e+08
2.029831e+08
1.553548e+08
1.347484e+08
0
0
0
0
0
0
0
0
0
0
0
0
0
0
0
0
0
0
0
0
0
0
0
0
0
5.14985e+08
2.998165e+08
2.035172e+08
1.557308e+08
1.350678e+08
0
0
0
0
0
0
0
0
0
0
0
0
0
0
0
0
0
0
0
0
0
0
0
0
0
5.163595e+08
3.004316e+08
2.038998e+08
1.560181e+08
1.353128e+08
0
0
0
0
0
0
0
0
0
0
0
0
0
0
0
0
0
0
0
0
0
0
0
0
0
5.172352e+08
3.008358e+08
2.041575e+08
1.562231e+08
1.354996e+08
0
0
0
0
0
0
0
0
0
0
0
0
0
0
0
0
0
0
0
0
0
0
0
0
0
5.016532e+08
2.92647e+08
1.985142e+08
1.515948e+08
1.312216e+08
0
0
0
0
0
0
0
0
0
0
0
0
0
0
0
5.027593e+08
2.932829e+08
1.989524e+08
1.519558e+08
1.315604e+08
0
0
0
0
0
0
0
0
0
0
0
0
0
0
0
0
5.032265e+08
2.936264e+08
1.992479e+08
1.522283e+08
1.318189e+08
0
0
0
0
0
0
0
0
0
0
0
0
0
0
0
0
0
5.02928e+08
2.936399e+08
1.993709e+08
1.523793e+08
1.319796e+08
0
0
0
0
0
0
0
0
0
0
0
0
0
0
0
0
0
0
5.016993e+08
2.932756e+08
1.992702e+08
1.523996e+08
1.320531e+08
0
0
0
0
0
0
0
0
0
0
0
0
0
0
0
0
0
0
0
4.996878e+08
2.925575e+08
1.989865e+08
1.522865e+08
1.320178e+08
0
0
0
0
0
0
0
0
0
0
4.976827e+08
2.918672e+08
1.987067e+08
1.521931e+08
1.319831e+08
0
0
0
0
0
0
0
0
0
0
0
4.961879e+08
2.91407e+08
1.985541e+08
1.521608e+08
1.320057e+08
0
0
0
0
0
0
0
0
0
0
0
0
4.954158e+08
2.911984e+08
1.985396e+08
1.522047e+08
1.3208e+08
0
0
0
0
0
0
0
0
0
0
0
0
0
4.954187e+08
2.913004e+08
1.986683e+08
1.523423e+08
1.322197e+08
0
0
0
0
0
0
0
0
0
0
0
0
0
0
4.961749e+08
2.917136e+08
1.989572e+08
1.52579e+08
1.324474e+08
0
0
0
0
0
0
0
0
0
0
0
0
0
0
0
4.977651e+08
2.924448e+08
1.994051e+08
1.529185e+08
1.327324e+08
0
0
0
0
0
0
0
0
0
0
0
0
0
0
0
5.001045e+08
2.934935e+08
2.000119e+08
1.53344e+08
1.331038e+08
0
0
0
0
0
0
0
0
0
0
0
0
0
0
0
5.03193e+08
2.948134e+08
2.007496e+08
1.538643e+08
1.33525e+08
0
0
0
0
0
0
0
0
0
0
0
0
0
0
0
5.068579e+08
2.963752e+08
2.016255e+08
1.544463e+08
1.34011e+08
0
0
0
0
0
0
0
0
0
0
0
0
0
0
0
5.105417e+08
2.97946e+08
2.024938e+08
1.550491e+08
1.344992e+08
0
0
0
0
0
0
0
0
0
0
0
0
0
0
0
0
0
0
0
0
0
0
0
0
0
5.134572e+08
2.991832e+08
2.031939e+08
1.555242e+08
1.349023e+08
0
0
0
0
0
0
0
0
0
0
0
0
0
0
0
0
0
0
0
0
0
0
0
0
0
5.154985e+08
3.000689e+08
2.037175e+08
1.558953e+08
1.352119e+08
0
0
0
0
0
0
0
0
0
0
0
0
0
0
0
0
0
0
0
0
0
0
0
0
0
5.168619e+08
3.006755e+08
2.040776e+08
1.561703e+08
1.354532e+08
0
0
0
0
0
0
0
0
0
0
0
0
0
0
0
0
0
0
0
0
0
0
0
0
0
5.176689e+08
3.010782e+08
2.043244e+08
1.563611e+08
1.356287e+08
0
0
0
0
0
0
0
0
0
0
0
0
0
0
0
0
0
0
0
0
0
0
0
0
0
5.031683e+08
2.934627e+08
1.990423e+08
1.520205e+08
1.316064e+08
0
0
0
0
0
0
0
0
0
0
0
0
0
0
0
0
5.041616e+08
2.940168e+08
1.994574e+08
1.523578e+08
1.319208e+08
0
0
0
0
0
0
0
0
0
0
0
0
0
0
0
0
0
5.045165e+08
2.942967e+08
1.997102e+08
1.526017e+08
1.321648e+08
0
0
0
0
0
0
0
0
0
0
0
0
0
0
0
0
0
0
5.041252e+08
2.942651e+08
1.997837e+08
1.527353e+08
1.323124e+08
0
0
0
0
0
0
0
0
0
0
0
0
0
0
0
0
0
0
0
5.028391e+08
2.938468e+08
1.996628e+08
1.52722e+08
1.323574e+08
0
0
0
0
0
0
0
0
0
0
0
0
0
0
0
0
0
0
0
0
5.007067e+08
2.931074e+08
1.993507e+08
1.525911e+08
1.322943e+08
0
0
0
0
0
0
0
0
0
0
0
4.98595e+08
2.92387e+08
1.99052e+08
1.524651e+08
1.322508e+08
0
0
0
0
0
0
0
0
0
0
0
0
4.970615e+08
2.918645e+08
1.988866e+08
1.524173e+08
1.322541e+08
0
0
0
0
0
0
0
0
0
0
0
0
0
4.962388e+08
2.916351e+08
1.988428e+08
1.524598e+08
1.323127e+08
0
0
0
0
0
0
0
0
0
0
0
0
0
0
4.961889e+08
2.917178e+08
1.989576e+08
1.525876e+08
1.324446e+08
0
0
0
0
0
0
0
0
0
0
0
0
0
0
0
4.969439e+08
2.920979e+08
1.9923e+08
1.528142e+08
1.326519e+08
0
0
0
0
0
0
0
0
0
0
0
0
0
0
0
4.984337e+08
2.928193e+08
1.996647e+08
1.531367e+08
1.329377e+08
0
0
0
0
0
0
0
0
0
0
0
0
0
0
0
5.007744e+08
2.938317e+08
2.002609e+08
1.535562e+08
1.332871e+08
0
0
0
0
0
0
0
0
0
0
0
0
0
0
0
5.038093e+08
2.951466e+08
2.009889e+08
1.540524e+08
1.337091e+08
0
0
0
0
0
0
0
0
0
0
0
0
0
0
0
5.074167e+08
2.966877e+08
2.01845e+08
1.546377e+08
1.341781e+08
0
0
0
0
0
0
0
0
0
0
0
0
0
0
0
5.110903e+08
2.982258e+08
2.02705e+08
1.55219e+08
1.346664e+08
0
0
0
0
0
0
0
0
0
0
0
0
0
0
0
0
0
0
0
0
0
0
0
0
0
5.139664e+08
2.994539e+08
2.033853e+08
1.556911e+08
1.350515e+08
0
0
0
0
0
0
0
0
0
0
0
0
0
0
0
0
0
0
0
0
0
0
0
0
0
5.159713e+08
3.003303e+08
2.038865e+08
1.560545e+08
1.353571e+08
0
0
0
0
0
0
0
0
0
0
0
0
0
0
0
0
0
0
0
0
0
0
0
0
0
5.172953e+08
3.009308e+08
2.042411e+08
1.563116e+08
1.355878e+08
0
0
0
0
0
0
0
0
0
0
0
0
0
0
0
0
0
0
0
0
0
0
0
0
0
5.181124e+08
3.012933e+08
2.044872e+08
1.564942e+08
1.357503e+08
0
0
0
0
0
0
0
0
0
0
0
0
0
0
0
0
0
0
0
0
0
0
0
0
0
5.04584e+08
2.941854e+08
1.99555e+08
1.524158e+08
1.319724e+08
0
0
0
0
0
0
0
0
0
0
0
0
0
0
0
0
0
5.05446e+08
2.946856e+08
1.999195e+08
1.527384e+08
1.322668e+08
0
0
0
0
0
0
0
0
0
0
0
0
0
0
0
0
0
0
5.05715e+08
2.949156e+08
2.001322e+08
1.529517e+08
1.324868e+08
0
0
0
0
0
0
0
0
0
0
0
0
0
0
0
0
0
0
0
5.052666e+08
2.948357e+08
2.001816e+08
1.530469e+08
1.326203e+08
0
0
0
0
0
0
0
0
0
0
0
0
0
0
0
0
0
0
0
0
5.038518e+08
2.943877e+08
2.000236e+08
1.530207e+08
1.326361e+08
0
0
0
0
0
0
0
0
0
0
0
0
0
0
0
0
0
0
0
0
0
5.016541e+08
2.936089e+08
1.996963e+08
1.528686e+08
1.325584e+08
0
0
0
0
0
0
0
0
0
0
0
0
4.995115e+08
2.928339e+08
1.993917e+08
1.527255e+08
1.324867e+08
0
0
0
0
0
0
0
0
0
0
0
0
0
4.979006e+08
2.922993e+08
1.991846e+08
1.526757e+08
1.324755e+08
0
0
0
0
0
0
0
0
0
0
0
0
0
0
4.970326e+08
2.920475e+08
1.99129e+08
1.526962e+08
1.325359e+08
0
0
0
0
0
0
0
0
0
0
0
0
0
0
0
4.969196e+08
2.92106e+08
1.992328e+08
1.52814e+08
1.326596e+08
0
0
0
0
0
0
0
0
0
0
0
0
0
0
0
4.976018e+08
2.924909e+08
1.994849e+08
1.530275e+08
1.328587e+08
0
0
0
0
0
0
0
0
0
0
0
0
0
0
0
4.991179e+08
2.931561e+08
1.999135e+08
1.533403e+08
1.331297e+08
0
0
0
0
0
0
0
0
0
0
0
0
0
0
0
5.013734e+08
2.941739e+08
2.004848e+08
1.537521e+08
1.334741e+08
0
0
0
0
0
0
0
0
0
0
0
0
0
0
0
5.043809e+08
2.954585e+08
2.012128e+08
1.542406e+08
1.338747e+08
0
0
0
0
0
0
0
0
0
0
0
0
0
0
0
5.079727e+08
2.969713e+08
2.020541e+08
1.548118e+08
1.343464e+08
0
0
0
0
0
0
0
0
0
0
0
0
0
0
0
5.115866e+08
2.985039e+08
2.028915e+08
1.553865e+08
1.348162e+08
0
0
0
0
0
0
0
0
0
0
0
0
0
0
0
0
0
0
0
0
0
0
0
0
0
5.144576e+08
2.997136e+08
2.035678e+08
1.55843e+08
1.351986e+08
0
0
0
0
0
0
0
0
0
0
0
0
0
0
0
0
0
0
0
0
0
0
0
0
0
5.164352e+08
3.005687e+08
2.040626e+08
1.561892e+08
1.354978e+08
0
0
0
0
0
0
0
0
0
0
0
0
0
0
0
0
0
0
0
0
0
0
0
0
0
5.177427e+08
3.011467e+08
2.04412e+08
1.564418e+08
1.357125e+08
0
0
0
0
0
0
0
0
0
0
0
0
0
0
0
0
0
0
0
0
0
0
0
0
0
3.01504e+08
2.046296e+08
1.56624e+08
1.358681e+08
0
0
0
0
0
0
0
0
0
0
0
0
0
0
0
0
0
0
0
0
0
0
0
0
0
5.058508e+08
2.948612e+08
2.000098e+08
1.528026e+08
1.323124e+08
0
0
0
0
0
0
0
0
0
0
0
0
0
0
0
0
0
0
5.066304e+08
2.953019e+08
2.003408e+08
1.530878e+08
1.325953e+08
0
0
0
0
0
0
0
0
0
0
0
0
0
0
0
0
0
0
0
5.068477e+08
2.954878e+08
2.005241e+08
1.532711e+08
1.327894e+08
0
0
0
0
0
0
0
0
0
0
0
0
0
0
0
0
0
0
0
0
5.062762e+08
2.953755e+08
2.005413e+08
1.533505e+08
1.328893e+08
0
0
0
0
0
0
0
0
0
0
0
0
0
0
0
0
0
0
0
0
0
5.048144e+08
2.948844e+08
2.003639e+08
1.532946e+08
1.328949e+08
0
0
0
0
0
0
0
0
0
0
0
0
0
0
0
0
0
0
0
0
0
0
5.025501e+08
2.940769e+08
2.000215e+08
1.5313e+08
1.32799e+08
0
0
0
0
0
0
0
0
0
0
0
0
0
5.003268e+08
2.932959e+08
1.996812e+08
1.529896e+08
1.327112e+08
0
0
0
0
0
0
0
0
0
0
0
0
0
0
4.986813e+08
2.927231e+08
1.994695e+08
1.529072e+08
1.327016e+08
0
0
0
0
0
0
0
0
0
0
0
0
0
0
0
4.977609e+08
2.924512e+08
1.99401e+08
1.529194e+08
1.32743e+08
0
0
0
0
0
0
0
0
0
0
0
0
0
0
0
4.97586e+08
2.924746e+08
1.994906e+08
1.530296e+08
1.328584e+08
0
0
0
0
0
0
0
0
0
0
0
0
0
0
0
4.98273e+08
2.928197e+08
1.997473e+08
1.532283e+08
1.330457e+08
0
0
0
0
0
0
0
0
0
0
0
0
0
0
0
4.997215e+08
2.935076e+08
2.00138e+08
1.535364e+08
1.333085e+08
0
0
0
0
0
0
0
0
0
0
0
0
0
0
0
5.019674e+08
2.944791e+08
2.00714e+08
1.539284e+08
1.336463e+08
0
0
0
0
0
0
0
0
0
0
0
0
0
0
0
5.049247e+08
2.957508e+08
2.01421e+08
1.544187e+08
1.340403e+08
0
0
0
0
0
0
0
0
0
0
0
0
0
0
0
5.084803e+08
2.972541e+08
2.022454e+08
1.549777e+08
1.345001e+08
0
0
0
0
0
0
0
0
0
0
0
0
0
0
0
5.120876e+08
2.987548e+08
2.030779e+08
1.555343e+08
1.349639e+08
0
0
0
0
0
0
0
0
0
0
0
0
0
0
0
0
0
0
0
0
0
0
0
0
0
5.149185e+08
2.999614e+08
2.037431e+08
1.559888e+08
1.353327e+08
0
0
0
0
0
0
0
0
0
0
0
0
0
0
0
0
0
0
0
0
0
0
0
0
0
5.168698e+08
3.008029e+08
2.042221e+08
1.563297e+08
1.356167e+08
0
0
0
0
0
0
0
0
0
0
0
0
0
0
0
0
0
0
0
0
0
0
0
0
0
3.01359e+08
2.045554e+08
1.565773e+08
1.358275e+08
0
0
0
0
0
0
0
0
0
0
0
0
0
0
0
0
0
0
0
0
0
0
0
0
0
2.047622e+08
1.567365e+08
1.359828e+08
0
0
0
0
0
0
0
0
0
0
0
0
0
0
0
0
0
0
0
0
0
0
0
0
0
5.070456e+08
2.954665e+08
2.004351e+08
1.531467e+08
1.326464e+08
0
0
0
0
0
0
0
0
0
0
0
0
0
0
0
0
0
0
0
5.077634e+08
2.958633e+08
2.007315e+08
1.534069e+08
1.328972e+08
0
0
0
0
0
0
0
0
0
0
0
0
0
0
0
0
0
0
0
0
5.078619e+08
2.960227e+08
2.008858e+08
1.535691e+08
1.330655e+08
0
0
0
0
0
0
0
0
0
0
0
0
0
0
0
0
0
0
0
0
0
5.072177e+08
2.9587e+08
2.008798e+08
1.536233e+08
1.331526e+08
0
0
0
0
0
0
0
0
0
0
0
0
0
0
0
0
0
0
0
0
0
0
5.056677e+08
2.953605e+08
2.006856e+08
1.535525e+08
1.331319e+08
0
0
0
0
0
0
0
0
0
0
0
0
0
0
0
0
0
0
0
0
0
0
0
5.033816e+08
2.945231e+08
2.003262e+08
1.533817e+08
1.330245e+08
0
0
0
0
0
0
0
0
0
0
0
0
0
0
5.011196e+08
2.937017e+08
1.999863e+08
1.532139e+08
1.329424e+08
0
0
0
0
0
0
0
0
0
0
0
0
0
0
0
4.994317e+08
2.931141e+08
1.997509e+08
1.531296e+08
1.329041e+08
0
0
0
0
0
0
0
0
0
0
0
0
0
0
0
4.984536e+08
2.928183e+08
1.996704e+08
1.531327e+08
1.329385e+08
0
0
0
0
0
0
0
0
0
0
0
0
0
0
0
4.982915e+08
2.9281e+08
1.99735e+08
1.532327e+08
1.330476e+08
0
0
0
0
0
0
0
0
0
0
0
0
0
0
0
4.988791e+08
2.931665e+08
1.999647e+08
1.534356e+08
1.332224e+08
0
0
0
0
0
0
0
0
0
0
0
0
0
0
0
5.003227e+08
2.938133e+08
2.003736e+08
1.537142e+08
1.334811e+08
0
0
0
0
0
0
0
0
0
0
0
0
0
0
0
5.025212e+08
2.947829e+08
2.009196e+08
1.541101e+08
1.338014e+08
0
0
0
0
0
0
0
0
0
0
0
0
0
0
0
5.054461e+08
2.96028e+08
2.016187e+08
1.545836e+08
1.341976e+08
0
0
0
0
0
0
0
0
0
0
0
0
0
0
0
5.0897e+08
2.975122e+08
2.024347e+08
1.551307e+08
1.346464e+08
0
0
0
0
0
0
0
0
0
0
0
0
0
0
0
5.125551e+08
2.990114e+08
2.032465e+08
1.556825e+08
1.350943e+08
0
0
0
0
0
0
0
0
0
0
0
0
0
0
0
0
0
0
0
0
0
0
0
0
0
5.15364e+08
3.001954e+08
2.039083e+08
1.561289e+08
1.354617e+08
0
0
0
0
0
0
0
0
0
0
0
0
0
0
0
0
0
0
0
0
0
0
0
0
0
3.010055e+08
2.043784e+08
1.564565e+08
1.35741e+08
0
0
0
0
0
0
0
0
0
0
0
0
0
0
0
0
0
0
0
0
0
0
0
0
0
2.046888e+08
1.566909e+08
1.359471e+08
0
0
0
0
0
0
0
0
0
0
0
0
0
0
0
0
0
0
0
0
0
0
0
0
0
1.568368e+08
1.360819e+08
0
0
0
0
0
0
0
0
0
0
0
0
0
0
0
0
0
0
0
0
0
0
0
0
0
5.081722e+08
2.960356e+08
2.008179e+08
1.534683e+08
1.329438e+08
0
0
0
0
0
0
0
0
0
0
0
0
0
0
0
0
0
0
0
0
5.087747e+08
2.963998e+08
2.010844e+08
1.537042e+08
1.33173e+08
0
0
0
0
0
0
0
0
0
0
0
0
0
0
0
0
0
0
0
0
0
5.087829e+08
2.965189e+08
2.012212e+08
1.53844e+08
1.333236e+08
0
0
0
0
0
0
0
0
0
0
0
0
0
0
0
0
0
0
0
0
0
0
5.081099e+08
2.963329e+08
2.011999e+08
1.53879e+08
1.333884e+08
0
0
0
0
0
0
0
0
0
0
0
0
0
0
0
0
0
0
0
0
0
0
0
5.065015e+08
2.957785e+08
2.009957e+08
1.538013e+08
1.333546e+08
0
0
0
0
0
0
0
0
0
0
0
0
0
0
0
0
0
0
0
0
0
0
0
0
5.04148e+08
2.949377e+08
2.006187e+08
1.536184e+08
1.332444e+08
0
0
0
0
0
0
0
0
0
0
0
0
0
0
0
5.01844e+08
2.940999e+08
2.002532e+08
1.534529e+08
1.331382e+08
0
0
0
0
0
0
0
0
0
0
0
0
0
0
0
5.001098e+08
2.93497e+08
2.000085e+08
1.533512e+08
1.330989e+08
0
0
0
0
0
0
0
0
0
0
0
0
0
0
0
4.991034e+08
2.931695e+08
1.999142e+08
1.533457e+08
1.331259e+08
0
0
0
0
0
0
0
0
0
0
0
0
0
0
0
4.988956e+08
2.931764e+08
1.999582e+08
1.534252e+08
1.332264e+08
0
0
0
0
0
0
0
0
0
0
0
0
0
0
0
4.9948e+08
2.934743e+08
2.001996e+08
1.536066e+08
1.334052e+08
0
0
0
0
0
0
0
0
0
0
0
0
0
0
0
5.008788e+08
2.941271e+08
2.005779e+08
1.539008e+08
1.336378e+08
0
0
0
0
0
0
0
0
0
0
0
0
0
0
0
5.030526e+08
2.950686e+08
2.011237e+08
1.54274e+08
1.339617e+08
0
0
0
0
0
0
0
0
0
0
0
0
0
0
0
5.059334e+08
2.96293e+08
2.018051e+08
1.547417e+08
1.34343e+08
0
0
0
0
0
0
0
0
0
0
0
0
0
0
0
5.094582e+08
2.977606e+08
2.026087e+08
1.552808e+08
1.347818e+08
0
0
0
0
0
0
0
0
0
0
0
0
0
0
0
5.130422e+08
2.992492e+08
2.034198e+08
1.55817e+08
1.352251e+08
0
0
0
0
0
0
0
0
0
0
0
0
0
0
0
0
0
0
0
0
0
0
0
0
0
3.004027e+08
2.040657e+08
1.562597e+08
1.355857e+08
0
0
0
0
0
0
0
0
0
0
0
0
0
0
0
0
0
0
0
0
0
0
0
0
0
2.045041e+08
1.565803e+08
1.358529e+08
0
0
0
0
0
0
0
0
0
0
0
0
0
0
0
0
0
0
0
0
0
0
0
0
0
1.567918e+08
1.360473e+08
0
0
0
0
0
0
0
0
0
0
0
0
0
0
0
0
0
0
0
0
0
0
0
0
0
1.361689e+08
0
0
0
0
0
0
0
0
0
0
0
0
0
0
0
0
0
0
0
0
0
0
0
0
0
5.091966e+08
2.965674e+08
2.011771e+08
1.537594e+08
1.332217e+08
0
0
0
0
0
0
0
0
0
0
0
0
0
0
0
0
0
0
0
0
0
5.097071e+08
2.96895e+08
2.014219e+08
1.539715e+08
1.334306e+08
0
0
0
0
0
0
0
0
0
0
0
0
0
0
0
0
0
0
0
0
0
0
5.096633e+08
2.969717e+08
2.015419e+08
1.540976e+08
1.335615e+08
0
0
0
0
0
0
0
0
0
0
0
0
0
0
0
0
0
0
0
0
0
0
0
5.089142e+08
2.967755e+08
2.01501e+08
1.541267e+08
1.33609e+08
0
0
0
0
0
0
0
0
0
0
0
0
0
0
0
0
0
0
0
0
0
0
0
0
5.073019e+08
2.961944e+08
2.012677e+08
1.540422e+08
1.335718e+08
0
0
0
0
0
0
0
0
0
0
0
0
0
0
0
0
0
0
0
0
0
0
0
0
0
5.048905e+08
2.953214e+08
2.008912e+08
1.538466e+08
1.334514e+08
0
0
0
0
0
0
0
0
0
0
0
0
0
0
0
5.025285e+08
2.944644e+08
2.005161e+08
1.53662e+08
1.333482e+08
0
0
0
0
0
0
0
0
0
0
0
0
0
0
0
5.007552e+08
2.938364e+08
2.002649e+08
1.53553e+08
1.332939e+08
0
0
0
0
0
0
0
0
0
0
0
0
0
0
0
4.997379e+08
2.934996e+08
2.001479e+08
1.535379e+08
1.333136e+08
0
0
0
0
0
0
0
0
0
0
0
0
0
0
0
4.994776e+08
2.934838e+08
2.002055e+08
1.536017e+08
1.333958e+08
0
0
0
0
0
0
0
0
0
0
0
0
0
0
0
5.000087e+08
2.937844e+08
2.004054e+08
1.537942e+08
1.335554e+08
0
0
0
0
0
0
0
0
0
0
0
0
0
0
0
5.013608e+08
2.944107e+08
2.007924e+08
1.540627e+08
1.338024e+08
0
0
0
0
0
0
0
0
0
0
0
0
0
0
0
5.035178e+08
2.953425e+08
2.013175e+08
1.544363e+08
1.341066e+08
0
0
0
0
0
0
0
0
0
0
0
0
0
0
0
5.063992e+08
2.965425e+08
2.019828e+08
1.548902e+08
1.34483e+08
0
0
0
0
0
0
0
0
0
0
0
0
0
0
0
5.099306e+08
2.980123e+08
2.027756e+08
1.554198e+08
1.349143e+08
0
0
0
0
0
0
0
0
0
0
0
0
0
0
0
2.994811e+08
2.035797e+08
1.559553e+08
1.353441e+08
0
0
0
0
0
0
0
0
0
0
0
0
0
0
0
0
0
0
0
0
0
0
0
0
0
2.041941e+08
1.563851e+08
1.35701e+08
0
0
0
0
0
0
0
0
0
0
0
0
0
0
0
0
0
0
0
0
0
0
0
0
0
1.566748e+08
1.359621e+08
0
0
0
0
0
0
0
0
0
0
0
0
0
0
0
0
0
0
0
0
0
0
0
0
0
1.361348e+08
0
0
0
0
0
0
0
0
0
0
0
0
0
0
0
0
0
0
0
0
0
0
0
0
0
0
0
0
0
0
0
0
0
0
0
0
0
0
0
0
0
0
0
0
0
0
0
0
0
0
5.101202e+08
2.970703e+08
2.015109e+08
1.540321e+08
1.334737e+08
0
0
0
0
0
0
0
0
0
0
0
0
0
0
0
0
0
0
0
0
0
0
5.106025e+08
2.97353e+08
2.017424e+08
1.542273e+08
1.336616e+08
0
0
0
0
0
0
0
0
0
0
0
0
0
0
0
0
0
0
0
0
0
0
0
5.105023e+08
2.974063e+08
2.018376e+08
1.543454e+08
1.337803e+08
0
0
0
0
0
0
0
0
0
0
0
0
0
0
0
0
0
0
0
0
0
0
0
0
5.097161e+08
2.971728e+08
2.017907e+08
1.543607e+08
1.338252e+08
0
0
0
0
0
0
0
0
0
0
0
0
0
0
0
0
0
0
0
0
0
0
0
0
0
5.080323e+08
2.965969e+08
2.015413e+08
1.54254e+08
1.337824e+08
0
0
0
0
0
0
0
0
0
0
0
0
0
0
0
0
0
0
0
0
0
0
0
0
0
5.055822e+08
2.956934e+08
2.011457e+08
1.540599e+08
1.336513e+08
0
0
0
0
0
0
0
0
0
0
0
0
0
0
0
5.031797e+08
2.94809e+08
2.007584e+08
1.538682e+08
1.335316e+08
0
0
0
0
0
0
0
0
0
0
0
0
0
0
0
5.013682e+08
2.941644e+08
2.00489e+08
1.537562e+08
1.33471e+08
0
0
0
0
0
0
0
0
0
0
0
0
0
0
0
5.002973e+08
2.938261e+08
2.003687e+08
1.537222e+08
1.334828e+08
0
0
0
0
0
0
0
0
0
0
0
0
0
0
0
5.000129e+08
2.93781e+08
2.004117e+08
1.537983e+08
1.335511e+08
0
0
0
0
0
0
0
0
0
0
0
0
0
0
0
5.005325e+08
2.940529e+08
2.00615e+08
1.539573e+08
1.337216e+08
0
0
0
0
0
0
0
0
0
0
0
0
0
0
0
5.019e+08
2.946542e+08
2.009823e+08
1.542351e+08
1.339453e+08
0
0
0
0
0
0
0
0
0
0
0
0
0
0
0
5.039919e+08
2.955743e+08
2.015029e+08
1.545913e+08
1.3425e+08
0
0
0
0
0
0
0
0
0
0
0
0
0
0
0
5.069275e+08
2.967801e+08
2.021516e+08
1.550314e+08
1.346143e+08
0
0
0
0
0
0
0
0
0
0
0
0
0
0
0
2.982315e+08
2.029455e+08
1.555528e+08
1.350372e+08
0
0
0
0
0
0
0
0
0
0
0
0
0
0
0
2.037254e+08
1.560827e+08
1.354665e+08
0
0
0
0
0
0
0
0
0
0
0
0
0
0
0
0
0
0
0
0
0
0
0
0
0
1.564815e+08
1.358119e+08
0
0
0
0
0
0
0
0
0
0
0
0
0
0
0
0
0
0
0
0
0
0
0
0
0
1.360437e+08
0
0
0
0
0
0
0
0
0
0
0
0
0
0
0
0
0
0
0
0
0
0
0
0
0
0
0
0
0
0
0
0
0
0
0
0
0
0
0
0
0
0
0
0
0
0
0
0
0
0
0
0
0
0
0
0
0
0
0
0
0
0
0
0
0
0
0
0
0
0
0
0
0
0
5.109912e+08
2.975224e+08
2.018366e+08
1.542847e+08
1.337096e+08
0
0
0
0
0
0
0
0
0
0
0
0
0
0
0
0
0
0
0
0
0
0
0
5.113858e+08
2.977973e+08
2.020405e+08
1.544754e+08
1.338825e+08
0
0
0
0
0
0
0
0
0
0
0
0
0
0
0
0
0
0
0
0
0
0
0
0
5.112767e+08
2.978221e+08
2.021214e+08
1.545761e+08
1.339964e+08
0
0
0
0
0
0
0
0
0
0
0
0
0
0
0
0
0
0
0
0
0
0
0
0
0
5.104534e+08
2.975742e+08
2.020513e+08
1.545866e+08
1.340297e+08
0
0
0
0
0
0
0
0
0
0
0
0
0
0
0
0
0
0
0
0
0
0
0
0
0
5.087346e+08
2.969626e+08
2.018079e+08
1.544682e+08
1.339677e+08
0
0
0
0
0
0
0
0
0
0
0
0
0
0
0
0
0
0
0
0
0
0
0
0
0
5.062329e+08
2.960417e+08
2.013912e+08
1.542607e+08
1.338384e+08
0
0
0
0
0
0
0
0
0
0
0
0
0
0
0
5.038107e+08
2.951382e+08
2.009873e+08
1.540596e+08
1.337127e+08
0
0
0
0
0
0
0
0
0
0
0
0
0
0
0
5.019435e+08
2.944754e+08
2.007087e+08
1.539323e+08
1.336503e+08
0
0
0
0
0
0
0
0
0
0
0
0
0
0
0
5.008459e+08
2.941093e+08
2.005888e+08
1.538973e+08
1.33645e+08
0
0
0
0
0
0
0
0
0
0
0
0
0
0
0
5.005394e+08
2.940557e+08
2.00611e+08
1.539621e+08
1.33725e+08
0
0
0
0
0
0
0
0
0
0
0
0
0
0
0
5.010437e+08
2.943217e+08
2.007951e+08
1.541244e+08
1.338654e+08
0
0
0
0
0
0
0
0
0
0
0
0
0
0
0
5.023376e+08
2.949372e+08
2.011461e+08
1.543857e+08
1.340983e+08
0
0
0
0
0
0
0
0
0
0
0
0
0
0
0
5.045179e+08
2.95819e+08
2.016568e+08
1.547395e+08
1.343873e+08
0
0
0
0
0
0
0
0
0
0
0
0
0
0
0
2.97032e+08
2.023118e+08
1.551664e+08
1.347391e+08
0
0
0
0
0
0
0
0
0
0
0
0
0
0
0
2.03081e+08
1.556881e+08
1.351549e+08
0
0
0
0
0
0
0
0
0
0
0
0
0
0
0
1.561929e+08
1.355791e+08
0
0
0
0
0
0
0
0
0
0
0
0
0
0
0
0
0
0
0
0
0
0
0
0
0
1.35895e+08
0
0
0
0
0
0
0
0
0
0
0
0
0
0
0
0
0
0
0
0
0
0
0
0
0
0
0
0
0
0
0
0
0
0
0
0
0
0
0
0
0
0
0
0
0
0
0
0
0
0
0
0
0
0
0
0
0
0
0
0
0
0
0
0
0
0
0
0
0
0
0
0
0
0
0
0
0
0
0
0
0
0
0
0
0
0
0
0
0
0
0
0
0
0
0
0
0
5.118125e+08
2.979514e+08
2.021303e+08
1.545367e+08
1.339276e+08
0
0
0
0
0
0
0
0
0
0
0
0
0
0
0
0
0
0
0
0
0
0
0
0
5.121902e+08
2.981811e+08
2.023313e+08
1.547072e+08
1.34099e+08
0
0
0
0
0
0
0
0
0
0
0
0
0
0
0
0
0
0
0
0
0
0
0
0
0
5.11995e+08
2.982074e+08
2.02393e+08
1.547972e+08
1.341984e+08
0
0
0
0
0
0
0
0
0
0
0
0
0
0
0
0
0
0
0
0
0
0
0
0
0
5.111396e+08
2.979451e+08
2.02316e+08
1.547907e+08
1.342277e+08
0
0
0
0
0
0
0
0
0
0
0
0
0
0
0
0
0
0
0
0
0
0
0
0
0
5.09385e+08
2.973171e+08
2.020502e+08
1.546778e+08
1.341556e+08
0
0
0
0
0
0
0
0
0
0
0
0
0
0
0
0
0
0
0
0
0
0
0
0
0
5.068385e+08
2.963721e+08
2.016229e+08
1.544533e+08
1.340151e+08
0
0
0
0
0
0
0
0
0
0
0
0
0
0
0
5.043816e+08
2.9546e+08
2.012068e+08
1.542403e+08
1.338814e+08
0
0
0
0
0
0
0
0
0
0
0
0
0
0
0
5.025048e+08
2.947706e+08
2.009167e+08
1.541067e+08
1.33805e+08
0
0
0
0
0
0
0
0
0
0
0
0
0
0
0
5.013827e+08
2.94391e+08
2.007783e+08
1.540724e+08
1.337995e+08
0
0
0
0
0
0
0
0
0
0
0
0
0
0
0
5.010432e+08
2.943262e+08
2.007971e+08
1.541204e+08
1.338696e+08
0
0
0
0
0
0
0
0
0
0
0
0
0
0
0
5.015033e+08
2.945852e+08
2.009766e+08
1.542677e+08
1.340133e+08
0
0
0
0
0
0
0
0
0
0
0
0
0
0
0
5.02871e+08
2.951562e+08
2.013398e+08
1.545166e+08
1.342312e+08
0
0
0
0
0
0
0
0
0
0
0
0
0
0
0
2.960694e+08
2.018228e+08
1.548614e+08
1.345186e+08
0
0
0
0
0
0
0
0
0
0
0
0
0
0
0
2.024693e+08
1.552943e+08
1.348586e+08
0
0
0
0
0
0
0
0
0
0
0
0
0
0
0
1.557897e+08
1.352745e+08
0
0
0
0
0
0
0
0
0
0
0
0
0
0
0
1.356746e+08
0
0
0
0
0
0
0
0
0
0
0
0
0
0
0
0
0
0
0
0
0
0
0
0
0
0
0
0
0
0
0
0
0
0
0
0
0
0
0
0
0
0
0
0
0
0
0
0
0
0
0
0
0
0
0
0
0
0
0
0
0
0
0
0
0
0
0
0
0
0
0
0
0
0
0
0
0
0
0
0
0
0
0
0
0
0
0
0
0
0
0
0
0
0
0
0
0
0
0
0
0
0
0
0
0
0
0
0
0
0
0
0
0
0
0
0
0
0
0
5.125917e+08
2.983602e+08
2.024102e+08
1.547649e+08
1.341476e+08
0
0
0
0
0
0
0
0
0
0
0
0
0
0
0
0
0
0
0
0
0
0
0
0
0
5.12901e+08
2.985845e+08
2.02582e+08
1.549339e+08
1.343017e+08
0
0
0
0
0
0
0
0
0
0
0
0
0
0
0
0
0
0
0
0
0
0
0
0
0
5.126848e+08
2.985665e+08
2.02647e+08
1.550087e+08
1.343919e+08
0
0
0
0
0
0
0
0
0
0
0
0
0
0
0
0
0
0
0
0
0
0
0
0
0
5.117909e+08
2.982889e+08
2.025622e+08
1.549982e+08
1.344066e+08
0
0
0
0
0
0
0
0
0
0
0
0
0
0
0
0
0
0
0
0
0
0
0
0
0
5.099952e+08
2.976452e+08
2.022858e+08
1.548687e+08
1.343399e+08
0
0
0
0
0
0
0
0
0
0
0
0
0
0
0
0
0
0
0
0
0
0
0
0
0
5.074097e+08
2.966767e+08
2.018442e+08
1.546363e+08
1.341843e+08
0
0
0
0
0
0
0
0
0
0
0
0
0
0
0
5.04937e+08
2.95751e+08
2.014223e+08
1.544138e+08
1.340404e+08
0
0
0
0
0
0
0
0
0
0
0
0
0
0
0
5.030294e+08
2.950573e+08
2.011165e+08
1.542715e+08
1.33959e+08
0
0
0
0
0
0
0
0
0
0
0
0
0
0
0
5.018569e+08
2.946673e+08
2.009687e+08
1.54223e+08
1.339543e+08
0
0
0
0
0
0
0
0
0
0
0
0
0
0
0
5.015085e+08
2.945863e+08
2.009799e+08
1.542694e+08
1.340093e+08
0
0
0
0
0
0
0
0
0
0
0
0
0
0
0
5.020278e+08
2.948214e+08
2.011545e+08
1.544126e+08
1.341398e+08
0
0
0
0
0
0
0
0
0
0
0
0
0
0
0
2.954094e+08
2.014854e+08
1.546722e+08
1.34347e+08
0
0
0
0
0
0
0
0
0
0
0
0
0
0
0
2.019801e+08
1.549942e+08
1.34626e+08
0
0
0
0
0
0
0
0
0
0
0
0
0
0
0
1.554127e+08
1.349718e+08
0
0
0
0
0
0
0
0
0
0
0
0
0
0
0
1.353623e+08
0
0
0
0
0
0
0
0
0
0
0
0
0
0
0
0
0
0
0
0
0
0
0
0
0
0
0
0
0
0
0
0
0
0
0
0
0
0
0
0
0
0
0
0
0
0
0
0
0
0
0
0
0
0
0
0
0
0
0
0
0
0
0
0
0
0
0
0
0
0
0
0
0
0
0
0
0
0
0
0
0
0
0
0
0
0
0
0
0
0
0
0
0
0
0
0
0
0
0
0
0
0
0
0
0
0
0
0
0
0
0
0
0
0
0
0
0
0
0
0
0
0
0
0
0
0
0
0
0
0
5.133003e+08
2.987471e+08
2.026793e+08
1.54983e+08
1.34347e+08
0
0
0
0
0
0
0
0
0
0
0
0
0
0
0
0
0
0
0
0
0
0
0
0
0
5.13585e+08
2.98938e+08
2.028481e+08
1.551298e+08
1.345002e+08
0
0
0
0
0
0
0
0
0
0
0
0
0
0
0
0
0
0
0
0
0
0
0
0
0
5.133346e+08
2.989126e+08
2.028848e+08
1.552081e+08
1.34577e+08
0
0
0
0
0
0
0
0
0
0
0
0
0
0
0
0
0
0
0
0
0
0
0
0
0
5.123965e+08
2.986173e+08
2.027905e+08
1.551923e+08
1.345888e+08
0
0
0
0
0
0
0
0
0
0
0
0
0
0
0
0
0
0
0
0
0
0
0
0
0
5.105748e+08
2.979531e+08
2.025047e+08
1.550545e+08
1.345078e+08
0
0
0
0
0
0
0
0
0
0
0
0
0
0
0
0
0
0
0
0
0
0
0
0
0
5.079716e+08
2.969671e+08
2.020471e+08
1.54812e+08
1.343454e+08
0
0
0
0
0
0
0
0
0
0
0
0
0
0
0
5.054563e+08
2.960356e+08
2.016183e+08
1.545847e+08
1.341933e+08
0
0
0
0
0
0
0
0
0
0
0
0
0
0
0
5.035081e+08
2.953268e+08
2.013086e+08
1.544314e+08
1.341044e+08
0
0
0
0
0
0
0
0
0
0
0
0
0
0
0
5.023285e+08
2.949093e+08
2.01155e+08
1.543751e+08
1.340872e+08
0
0
0
0
0
0
0
0
0
0
0
0
0
0
0
5.020455e+08
2.948249e+08
2.011566e+08
1.544153e+08
1.341414e+08
0
0
0
0
0
0
0
0
0
0
0
0
0
0
0
2.950681e+08
2.013149e+08
1.545544e+08
1.342681e+08
0
0
0
0
0
0
0
0
0
0
0
0
0
0
0
2.016437e+08
1.547875e+08
1.344852e+08
0
0
0
0
0
0
0
0
0
0
0
0
0
0
0
1.551132e+08
1.347437e+08
0
0
0
0
0
0
0
0
0
0
0
0
0
0
0
1.350742e+08
0
0
0
0
0
0
0
0
0
0
0
0
0
0
0
0
0
0
0
0
0
0
0
0
0
0
0
0
0
0
0
0
0
0
0
0
0
0
0
0
0
0
0
0
0
0
0
0
0
0
0
0
0
0
0
0
0
0
0
0
0
0
0
0
0
0
0
0
0
0
0
0
0
0
0
0
0
0
0
0
0
0
0
0
0
0
0
0
0
0
0
0
0
0
0
0
0
0
0
0
0
0
0
0
0
0
0
0
0
0
0
0
0
0
0
0
0
0
0
0
0
0
0
0
0
0
0
0
0
0
0
0
0
0
0
0
0
0
0
0
5.139955e+08
2.991001e+08
2.029334e+08
1.551939e+08
1.345379e+08
0
0
0
0
0
0
0
0
0
0
0
0
0
0
0
0
0
0
0
0
0
0
0
0
0
5.142262e+08
2.992817e+08
2.030816e+08
1.553383e+08
1.346719e+08
0
0
0
0
0
0
0
0
0
0
0
0
0
0
0
0
0
0
0
0
0
0
0
0
0
5.13933e+08
2.992398e+08
2.031144e+08
1.553956e+08
1.347522e+08
0
0
0
0
0
0
0
0
0
0
0
0
0
0
0
0
0
0
0
0
0
0
0
0
0
5.129513e+08
2.989236e+08
2.030091e+08
1.553725e+08
1.347596e+08
0
0
0
0
0
0
0
0
0
0
0
0
0
0
0
0
0
0
0
0
0
0
0
0
0
5.111045e+08
2.982481e+08
2.0271e+08
1.55228e+08
1.346713e+08
0
0
0
0
0
0
0
0
0
0
0
0
0
0
0
0
0
0
0
0
0
0
0
0
0
5.08512e+08
2.972543e+08
2.022425e+08
1.549726e+08
1.345005e+08
0
0
0
0
0
0
0
0
0
0
0
0
0
0
0
5.059505e+08
2.96301e+08
2.018103e+08
1.54741e+08
1.343441e+08
0
0
0
0
0
0
0
0
0
0
0
0
0
0
0
5.039933e+08
2.955702e+08
2.014907e+08
1.545837e+08
1.34246e+08
0
0
0
0
0
0
0
0
0
0
0
0
0
0
0
5.028566e+08
2.951506e+08
2.01319e+08
1.545234e+08
1.342218e+08
0
0
0
0
0
0
0
0
0
0
0
0
0
0
0
2.950815e+08
2.013174e+08
1.54557e+08
1.342705e+08
0
0
0
0
0
0
0
0
0
0
0
0
0
0
0
2.014677e+08
1.546832e+08
1.343936e+08
0
0
0
0
0
0
0
0
0
0
0
0
0
0
0
1.549068e+08
1.345868e+08
0
0
0
0
0
0
0
0
0
0
0
0
0
0
0
1.348468e+08
0
0
0
0
0
0
0
0
0
0
0
0
0
0
0
0
0
0
0
0
0
0
0
0
0
0
0
0
0
0
0
0
0
0
0
0
0
0
0
0
0
0
0
0
0
0
0
0
0
0
0
0
0
0
0
0
0
0
0
0
0
0
0
0
0
0
0
0
0
0
0
0
0
0
0
0
0
0
0
0
0
0
0
0
0
0
0
0
0
0
0
0
0
0
0
0
0
0
0
0
0
0
0
0
0
0
0
0
0
0
0
0
0
0
0
0
0
0
0
0
0
0
0
0
0
0
0
0
0
0
0
0
0
0
0
0
0
0
0
0
0
0
0
0
0
0
0
0
0
5.146191e+08
2.994502e+08
2.031669e+08
1.553928e+08
1.34723e+08
0
0
0
0
0
0
0
0
0
0
0
0
0
0
0
0
0
0
0
0
0
0
0
0
0
5.14818e+08
2.996036e+08
2.033103e+08
1.55522e+08
1.348549e+08
0
0
0
0
0
0
0
0
0
0
0
0
0
0
0
0
0
0
0
0
0
0
0
0
0
5.144888e+08
2.995414e+08
2.033321e+08
1.555764e+08
1.349171e+08
0
0
0
0
0
0
0
0
0
0
0
0
0
0
0
0
0
0
0
0
0
0
0
0
0
5.134816e+08
2.992016e+08
2.032142e+08
1.555453e+08
1.349182e+08
0
0
0
0
0
0
0
0
0
0
0
0
0
0
0
0
0
0
0
0
0
0
0
0
0
5.116345e+08
2.985147e+08
2.029084e+08
1.553905e+08
1.348243e+08
0
0
0
0
0
0
0
0
0
0
0
0
0
0
0
0
0
0
0
0
0
0
0
0
0
5.090056e+08
2.975309e+08
2.024354e+08
1.551283e+08
1.346421e+08
0
0
0
0
0
0
0
0
0
0
0
0
0
0
0
5.064256e+08
2.965528e+08
2.019892e+08
1.548941e+08
1.344822e+08
0
0
0
0
0
0
0
0
0
0
0
0
0
0
0
5.045208e+08
2.958215e+08
2.016549e+08
1.547291e+08
1.343804e+08
0
0
0
0
0
0
0
0
0
0
0
0
0
0
0
2.954011e+08
2.014813e+08
1.54655e+08
1.34353e+08
0
0
0
0
0
0
0
0
0
0
0
0
0
0
0
2.01479e+08
1.54685e+08
1.343961e+08
0
0
0
0
0
0
0
0
0
0
0
0
0
0
0
1.547974e+08
1.345077e+08
0
0
0
0
0
0
0
0
0
0
0
0
0
0
0
1.3469e+08
0
0
0
0
0
0
0
0
0
0
0
0
0
0
0
0
0
0
0
0
0
0
0
0
0
0
0
0
0
0
0
0
0
0
0
0
0
0
0
0
0
0
0
0
0
0
0
0
0
0
0
0
0
0
0
0
0
0
0
0
0
0
0
0
0
0
0
0
0
0
0
0
0
0
0
0
0
0
0
0
0
0
0
0
0
0
0
0
0
0
0
0
0
0
0
0
0
0
0
0
0
0
0
0
0
0
0
0
0
0
0
0
0
0
0
0
0
0
0
0
0
0
0
0
0
0
0
0
0
0
0
0
0
0
0
0
0
0
0
0
0
0
0
0
0
0
0
0
0
0
0
0
0
0
0
0
0
5.152341e+08
2.99762e+08
2.033996e+08
1.555768e+08
1.348974e+08
0
0
0
0
0
0
0
0
0
0
0
0
0
0
0
0
0
0
0
0
0
0
0
0
0
5.153707e+08
2.999021e+08
2.03524e+08
1.557029e+08
1.350164e+08
0
0
0
0
0
0
0
0
0
0
0
0
0
0
0
0
0
0
0
0
0
0
0
0
0
5.150107e+08
2.998209e+08
2.035336e+08
1.557485e+08
1.350762e+08
0
0
0
0
0
0
0
0
0
0
0
0
0
0
0
0
0
0
0
0
0
0
0
0
0
5.139985e+08
2.994698e+08
2.033994e+08
1.557081e+08
1.350704e+08
0
0
0
0
0
0
0
0
0
0
0
0
0
0
0
0
0
0
0
0
0
0
0
0
0
5.121347e+08
2.987856e+08
2.030865e+08
1.555484e+08
1.349675e+08
0
0
0
0
0
0
0
0
0
0
0
0
0
0
0
0
0
0
0
0
0
0
0
0
0
5.094502e+08
2.97782e+08
2.026211e+08
1.552817e+08
1.347797e+08
0
0
0
0
0
0
0
0
0
0
0
0
0
0
0
5.06926e+08
2.967973e+08
2.021584e+08
1.550369e+08
1.346177e+08
0
0
0
0
0
0
0
0
0
0
0
0
0
0
0
2.960713e+08
2.018254e+08
1.548605e+08
1.345091e+08
0
0
0
0
0
0
0
0
0
0
0
0
0
0
0
2.016379e+08
1.547843e+08
1.344696e+08
0
0
0
0
0
0
0
0
0
0
0
0
0
0
0
1.548075e+08
1.345093e+08
0
0
0
0
0
0
0
0
0
0
0
0
0
0
0
1.346062e+08
0
0
0
0
0
0
0
0
0
0
0
0
0
0
0
0
0
0
0
0
0
0
0
0
0
0
0
0
0
0
0
0
0
0
0
0
0
0
0
0
0
0
0
0
0
0
0
0
0
0
0
0
0
0
0
0
0
0
0
0
0
0
0
0
0
0
0
0
0
0
0
0
0
0
0
0
0
0
0
0
0
0
0
0
0
0
0
0
0
0
0
0
0
0
0
0
0
0
0
0
0
0
0
0
0
0
0
0
0
0
0
0
0
0
0
0
0
0
0
0
0
0
0
0
0
0
0
0
0
0
0
0
0
0
0
0
0
0
0
0
0
0
0
0
0
0
0
0
0
0
0
0
0
0
0
0
0
0
0
0
0
0
0
0
5.157647e+08
3.000736e+08
2.036069e+08
1.557604e+08
1.350592e+08
0
0
0
0
0
0
0
0
0
0
0
0
0
0
0
0
0
0
0
0
0
0
0
0
0
5.159114e+08
3.001783e+08
2.037241e+08
1.558716e+08
1.351757e+08
0
0
0
0
0
0
0
0
0
0
0
0
0
0
0
0
0
0
0
0
0
0
0
0
0
5.155354e+08
3.000844e+08
2.037203e+08
1.559084e+08
1.352278e+08
0
0
0
0
0
0
0
0
0
0
0
0
0
0
0
0
0
0
0
0
0
0
0
0
0
5.144949e+08
2.997322e+08
2.035793e+08
1.558549e+08
1.352141e+08
0
0
0
0
0
0
0
0
0
0
0
0
0
0
0
0
0
0
0
0
0
0
0
0
0
5.125768e+08
2.990408e+08
2.032689e+08
1.556899e+08
1.35107e+08
0
0
0
0
0
0
0
0
0
0
0
0
0
0
0
0
0
0
0
0
0
0
0
0
0
5.099561e+08
2.980079e+08
2.027899e+08
1.554292e+08
1.349153e+08
0
0
0
0
0
0
0
0
0
0
0
0
0
0
0
2.970311e+08
2.02324e+08
1.551715e+08
1.34744e+08
0
0
0
0
0
0
0
0
0
0
0
0
0
0
0
2.019812e+08
1.549968e+08
1.346254e+08
0
0
0
0
0
0
0
0
0
0
0
0
0
0
0
1.549022e+08
1.345839e+08
0
0
0
0
0
0
0
0
0
0
0
0
0
0
0
1.346156e+08
0
0
0
0
0
0
0
0
0
0
0
0
0
0
0
0
0
0
0
0
0
0
0
0
0
0
0
0
0
0
0
0
0
0
0
0
0
0
0
0
0
0
0
0
0
0
0
0
0
0
0
0
0
0
0
0
0
0
0
0
0
0
0
0
0
0
0
0
0
0
0
0
0
0
0
0
0
0
0
0
0
0
0
0
0
0
0
0
0
0
0
0
0
0
0
0
0
0
0
0
0
0
0
0
0
0
0
0
0
0
0
0
0
0
0
0
0
0
0
0
0
0
0
0
0
0
0
0
0
0
0
0
0
0
0
0
0
0
0
0
0
0
0
0
0
0
0
0
0
0
0
0
0
0
0
0
0
0
0
0
0
0
0
0
0
0
0
0
0
0
5.163023e+08
3.003387e+08
2.03815e+08
1.559244e+08
1.352209e+08
0
0
0
0
0
0
0
0
0
0
0
0
0
0
0
0
0
0
0
0
0
0
0
0
0
5.164238e+08
3.004534e+08
2.039076e+08
1.560308e+08
1.353242e+08
0
0
0
0
0
0
0
0
0
0
0
0
0
0
0
0
0
0
0
0
0
0
0
0
0
5.160207e+08
3.003515e+08
2.038973e+08
1.560567e+08
1.353688e+08
0
0
0
0
0
0
0
0
0
0
0
0
0
0
0
0
0
0
0
0
0
0
0
0
0
5.149482e+08
2.999838e+08
2.037556e+08
1.559982e+08
1.353435e+08
0
0
0
0
0
0
0
0
0
0
0
0
0
0
0
0
0
0
0
0
0
0
0
0
0
5.130587e+08
2.992626e+08
2.034407e+08
1.558351e+08
1.352319e+08
0
0
0
0
0
0
0
0
0
0
0
0
0
0
0
0
0
0
0
0
0
0
0
0
0
2.982503e+08
2.029426e+08
1.555636e+08
1.350455e+08
0
0
0
0
0
0
0
0
0
0
0
0
0
0
0
2.024689e+08
1.553039e+08
1.34863e+08
0
0
0
0
0
0
0
0
0
0
0
0
0
0
0
1.551139e+08
1.347461e+08
0
0
0
0
0
0
0
0
0
0
0
0
0
0
0
1.346859e+08
0
0
0
0
0
0
0
0
0
0
0
0
0
0
0
0
0
0
0
0
0
0
0
0
0
0
0
0
0
0
0
0
0
0
0
0
0
0
0
0
0
0
0
0
0
0
0
0
0
0
0
0
0
0
0
0
0
0
0
0
0
0
0
0
0
0
0
0
0
0
0
0
0
0
0
0
0
0
0
0
0
0
0
0
0
0
0
0
0
0
0
0
0
0
0
0
0
0
0
0
0
0
0
0
0
0
0
0
0
0
0
0
0
0
0
0
0
0
0
0
0
0
0
0
0
0
0
0
0
0
0
0
0
0
0
0
0
0
0
0
0
0
0
0
0
0
0
0
0
0
0
0
0
0
0
0
0
0
0
0
0
0
0
0
0
0
0
0
0
0
0
0
0
0
0
5.16798e+08
3.006105e+08
2.039923e+08
1.560891e+08
1.353653e+08
0
0
0
0
0
0
0
0
0
0
0
0
0
0
0
0
0
0
0
0
0
0
0
0
0
5.168849e+08
3.007144e+08
2.040923e+08
1.561758e+08
1.354648e+08
0
0
0
0
0
0
0
0
0
0
0
0
0
0
0
0
0
0
0
0
0
0
0
0
0
5.164719e+08
3.005969e+08
2.040765e+08
1.561978e+08
1.354996e+08
0
0
0
0
0
0
0
0
0
0
0
0
0
0
0
0
0
0
0
0
0
0
0
0
0
5.15403e+08
3.002129e+08
2.039237e+08
1.561385e+08
1.354701e+08
0
0
0
0
0
0
0
0
0
0
0
0
0
0
0
0
0
0
0
0
0
0
0
0
0
2.994912e+08
2.035888e+08
1.559721e+08
1.353604e+08
0
0
0
0
0
0
0
0
0
0
0
0
0
0
0
0
0
0
0
0
0
0
0
0
0
2.030963e+08
1.556858e+08
1.351643e+08
0
0
0
0
0
0
0
0
0
0
0
0
0
0
0
1.554126e+08
1.349803e+08
0
0
0
0
0
0
0
0
0
0
0
0
0
0
0
1.348473e+08
0
0
0
0
0
0
0
0
0
0
0
0
0
0
0
0
0
0
0
0
0
0
0
0
0
0
0
0
0
0
0
0
0
0
0
0
0
0
0
0
0
0
0
0
0
0
0
0
0
0
0
0
0
0
0
0
0
0
0
0
0
0
0
0
0
0
0
0
0
0
0
0
0
0
0
0
0
0
0
0
0
0
0
0
0
0
0
0
0
0
0
0
0
0
0
0
0
0
0
0
0
0
0
0
0
0
0
0
0
0
0
0
0
0
0
0
0
0
0
0
0
0
0
0
0
0
0
0
0
0
0
0
0
0
0
0
0
0
0
0
0
0
0
0
0
0
0
0
0
0
0
0
0
0
0
0
0
0
0
0
0
0
0
0
0
0
0
0
0
0
0
0
0
0
0
0
0
0
0
5.172875e+08
3.008602e+08
2.041739e+08
1.562304e+08
1.355105e+08
0
0
0
0
0
0
0
0
0
0
0
0
0
0
0
0
0
0
0
0
0
0
0
0
0
5.173318e+08
3.009444e+08
2.04268e+08
1.563228e+08
1.355925e+08
0
0
0
0
0
0
0
0
0
0
0
0
0
0
0
0
0
0
0
0
0
0
0
0
0
5.169035e+08
3.008243e+08
2.042407e+08
1.563401e+08
1.356244e+08
0
0
0
0
0
0
0
0
0
0
0
0
0
0
0
0
0
0
0
0
0
0
0
0
0
3.004268e+08
2.040775e+08
1.562717e+08
1.35594e+08
0
0
0
0
0
0
0
0
0
0
0
0
0
0
0
0
0
0
0
0
0
0
0
0
0
2.037325e+08
1.560897e+08
1.354815e+08
0
0
0
0
0
0
0
0
0
0
0
0
0
0
0
0
0
0
0
0
0
0
0
0
0
1.558032e+08
1.352726e+08
0
0
0
0
0
0
0
0
0
0
0
0
0
0
0
1.350742e+08
0
0
0
0
0
0
0
0
0
0
0
0
0
0
0
0
0
0
0
0
0
0
0
0
0
0
0
0
0
0
0
0
0
0
0
0
0
0
0
0
0
0
0
0
0
0
0
0
0
0
0
0
0
0
0
0
0
0
0
0
0
0
0
0
0
0
0
0
0
0
0
0
0
0
0
0
0
0
0
0
0
0
0
0
0
0
0
0
0
0
0
0
0
0
0
0
0
0
0
0
0
0
0
0
0
0
0
0
0
0
0
0
0
0
0
0
0
0
0
0
0
0
0
0
0
0
0
0
0
0
0
0
0
0
0
0
0
0
0
0
0
0
0
0
0
0
0
0
0
0
0
0
0
0
0
0
0
0
0
0
0
0
0
0
0
0
0
0
0
0
0
0
0
0
0
0
0
0
0
0
0
0
5.177372e+08
3.01109e+08
2.04341e+08
1.563743e+08
1.356353e+08
0
0
0
0
0
0
0
0
0
0
0
0
0
0
0
0
0
0
0
0
0
0
0
0
0
5.177484e+08
3.011697e+08
2.04421e+08
1.564628e+08
1.357224e+08
0
0
0
0
0
0
0
0
0
0
0
0
0
0
0
0
0
0
0
0
0
0
0
0
0
3.010266e+08
2.043928e+08
1.564705e+08
1.3575e+08
0
0
0
0
0
0
0
0
0
0
0
0
0
0
0
0
0
0
0
0
0
0
0
0
0
2.04211e+08
1.563943e+08
1.357116e+08
0
0
0
0
0
0
0
0
0
0
0
0
0
0
0
0
0
0
0
0
0
0
0
0
0
1.561986e+08
1.355853e+08
0
0
0
0
0
0
0
0
0
0
0
0
0
0
0
0
0
0
0
0
0
0
0
0
0
1.353747e+08
0
0
0
0
0
0
0
0
0
0
0
0
0
0
0
0
0
0
0
0
0
0
0
0
0
0
0
0
0
0
0
0
0
0
0
0
0
0
0
0
0
0
0
0
0
0
0
0
0
0
0
0
0
0
0
0
0
0
0
0
0
0
0
0
0
0
0
0
0
0
0
0
0
0
0
0
0
0
0
0
0
0
0
0
0
0
0
0
0
0
0
0
0
0
0
0
0
0
0
0
0
0
0
0
0
0
0
0
0
0
0
0
0
0
0
0
0
0
0
0
0
0
0
0
0
0
0
0
0
0
0
0
0
0
0
0
0
0
0
0
0
0
0
0
0
0
0
0
0
0
0
0
0
0
0
0
0
0
0
0
0
0
0
0
0
0
0
0
0
0
0
0
0
0
0
0
0
0
0
0
0
0
0
0
5.181346e+08
3.013345e+08
2.045082e+08
1.565072e+08
1.357623e+08
0
0
0
0
0
0
0
0
0
0
0
0
0
0
0
0
0
0
0
0
0
0
0
0
0
3.013627e+08
2.04572e+08
1.565842e+08
1.358462e+08
0
0
0
0
0
0
0
0
0
0
0
0
0
0
0
0
0
0
0
0
0
0
0
0
0
2.045194e+08
1.565913e+08
1.358651e+08
0
0
0
0
0
0
0
0
0
0
0
0
0
0
0
0
0
0
0
0
0
0
0
0
0
1.564948e+08
1.3582e+08
0
0
0
0
0
0
0
0
0
0
0
0
0
0
0
0
0
0
0
0
0
0
0
0
0
1.356797e+08
0
0
0
0
0
0
0
0
0
0
0
0
0
0
0
0
0
0
0
0
0
0
0
0
0
0
0
0
0
0
0
0
0
0
0
0
0
0
0
0
0
0
0
0
0
0
0
0
0
0
0
0
0
0
0
0
0
0
0
0
0
0
0
0
0
0
0
0
0
0
0
0
0
0
0
0
0
0
0
0
0
0
0
0
0
0
0
0
0
0
0
0
0
0
0
0
0
0
0
0
0
0
0
0
0
0
0
0
0
0
0
0
0
0
0
0
0
0
0
0
0
0
0
0
0
0
0
0
0
0
0
0
0
0
0
0
0
0
0
0
0
0
0
0
0
0
0
0
0
0
0
0
0
0
0
0
0
0
0
0
0
0
0
0
0
0
0
0
0
0
0
0
0
0
0
0
0
0
0
0
0
0
0
0
0
0
0
0
0
0
0
0
0
0
0
3.015191e+08
2.046581e+08
1.566402e+08
1.358796e+08
0
0
0
0
0
0
0
0
0
0
0
0
0
0
0
0
0
0
0
0
0
0
0
0
0
2.046916e+08
1.567044e+08
1.359532e+08
0
0
0
0
0
0
0
0
0
0
0
0
0
0
0
0
0
0
0
0
0
0
0
0
0
1.566871e+08
1.359718e+08
0
0
0
0
0
0
0
0
0
0
0
0
0
0
0
0
0
0
0
0
0
0
0
0
0
1.35907e+08
0
0
0
0
0
0
0
0
0
0
0
0
0
0
0
0
0
0
0
0
0
0
0
0
0
0
0
0
0
0
0
0
0
0
0
0
0
0
0
0
0
0
0
0
0
0
0
0
0
0
0
0
0
0
0
0
0
0
0
0
0
0
0
0
0
0
0
0
0
0
0
0
0
0
0
0
0
0
0
0
0
0
0
0
0
0
0
0
0
0
0
0
0
0
0
0
0
0
0
0
0
0
0
0
0
0
0
0
0
0
0
0
0
0
0
0
0
0
0
0
0
0
0
0
0
0
0
0
0
0
0
0
0
0
0
0
0
0
0
0
0
0
0
0
0
0
0
0
0
0
0
0
0
0
0
0
0
0
0
0
0
0
0
0
0
0
0
0
0
0
0
0
0
0
0
0
0
0
0
0
0
0
0
0
0
0
0
0
0
0
0
0
0
0
0
0
0
0
0
0
0
0
0
0
0
2.047736e+08
1.567588e+08
1.359972e+08
0
0
0
0
0
0
0
0
0
0
0
0
0
0
0
0
0
0
0
0
0
0
0
0
0
1.567942e+08
1.360595e+08
0
0
0
0
0
0
0
0
0
0
0
0
0
0
0
0
0
0
0
0
0
0
0
0
0
1.360549e+08
0
0
0
0
0
0
0
0
0
0
0
0
0
0
0
0
0
0
0
0
0
0
0
0
0
0
0
0
0
0
0
0
0
0
0
0
0
0
0
0
0
0
0
0
0
0
0
0
0
0
0
0
0
0
0
0
0
0
0
0
0
0
0
0
0
0
0
0
0
0
0
0
0
0
0
0
0
0
0
0
0
0
0
0
0
0
0
0
0
0
0
0
0
0
0
0
0
0
0
0
0
0
0
0
0
0
0
0
0
0
0
0
0
0
0
0
0
0
0
0
0
0
0
0
0
0
0
0
0
0
0
0
0
0
0
0
0
0
0
0
0
0
0
0
0
0
0
0
0
0
0
0
0
0
0
0
0
0
0
0
0
0
0
0
0
0
0
0
0
0
0
0
0
0
0
0
0
0
0
0
0
0
0
0
0
0
0
0
0
0
0
0
0
0
0
0
0
0
0
0
0
0
0
0
0
0
0
0
0
0
0
0
0
0
0
1.568464e+08
1.361017e+08
0
0
0
0
0
0
0
0
0
0
0
0
0
0
0
0
0
0
0
0
0
0
0
0
0
1.36137e+08
0
0
0
0
0
0
0
0
0
0
0
0
0
0
0
0
0
0
0
0
0
0
0
0
0
0
0
0
0
0
0
0
0
0
0
0
0
0
0
0
0
0
0
0
0
0
0
0
0
0
0
0
0
0
0
0
0
0
0
0
0
0
0
0
0
0
0
0
0
0
0
0
0
0
0
0
0
0
0
0
0
0
0
0
0
0
0
0
0
0
0
0
0
0
0
0
0
0
0
0
0
0
0
0
0
0
0
0
0
0
0
0
0
0
0
0
0
0
0
0
0
0
0
0
0
0
0
0
0
0
0
0
0
0
0
0
0
0
0
0
0
0
0
0
0
0
0
0
0
0
0
0
0
0
0
0
0
0
0
0
0
0
0
0
0
0
0
0
0
0
0
0
0
0
0
0
0
0
0
0
0
0
0
0
0
0
0
0
0
0
0
0
0
0
0
0
0
0
0
0
0
0
0
0
0
0
0
0
0
0
0
0
0
0
0
0
0
0
0
0
0
0
0
0
0
1.361776e+08
0
0
0
0
0
0
0
0
0
0
0
0
0
0
0
0
0
0
0
0
0
0
0
0
0
0
0
0
0
0
0
0
0
0
0
0
0
0
0
0
0
0
0
0
0
0
0
0
0
0
0
0
0
0
0
0
0
0
0
0
0
0
0
0
0
0
0
0
0
0
0
0
0
0
0
0
0
0
0
0
0
0
0
0
0
0
0
0
0
0
0
0
0
0
0
0
0
0
0
0
0
0
0
0
0
0
0
0
0
0
0
0
0
0
0
0
0
0
0
0
0
0
0
0
0
0
0
0
0
0
0
0
0
0
0
0
0
0
0
0
0
0
0
0
0
0
0
0
0
0
0
0
0
0
0
0
0
0
0
0
0
0
0
0
0
0
0
0
0
0
0
0
0
0
0
0
0
0
0
0
0
0
0
0
0
0
0
0
0
0
0
0
0
0
0
0
0
0
0
0
0
0
0
0
0
0
0
0
0
0
0
0
0
0
0
0
0
0
0
0
0
0
0
0
0
0
0
0
0
0
0
0
0
0
0
0
0
0
0
0
0
0
0
0
0
0
0
0
0
0
0
0
0
0
0
0
0
0
0
0
0
0
0
0
0
0
0
0
0
0
0
0
0
0
0
0
0
0
0
0
0
0
0
0
0
0
0
0
0
0
0
0
0
0
0
0
0
0
0
0
0
0
0
0
0
0
0
0
0
0
0
0
0
0
0
0
0
0
0
0
0
0
0
0
0
0
0
0
0
0
0
0
0
0
0
0
0
0
0
0
0
0
0
0
0
0
0
0
0
0
0
0
0
0
0
0
0
0
0
0
0
0
0
0
0
0
0
0
0
0
0
0
0
0
0
0
0
0
0
0
0
0
0
0
0
0
0
0
0
0
0
0
0
0
0
0
0
0
0
0
0
0
0
0
0
0
0
0
0
0
0
0
0
0
0
0
0
0
0
0
0
0
0
0
0
0
0
0
0
0
0
0
0
0
0
0
0
0
0
0
0
0
0
0
0
0
0
0
0
0
0
0
0
0
0
0
0
0
0
0
0
0
0
0
0
0
0
0
0
0
0
0
0
0
0
0
0
0
0
0
0
0
0
0
0
0
0
0
0
0
0
0
0
0
0
0
0
0
0
0
0
0
0
0
0
0
0
0
0
0
0
0
0
0
0
0
0
0
0
0
0
0
0
0
0
0
0
0
0
0
0
0
0
0
0
0
0
0
0
0
0
0
0
0
0
0
0
0
0
0
0
0
0
0
0
0
0
0
0
0
0
0
0
0
0
0
0
0
0
0
0
0
0
0
0
0
0
0
0
0
0
0
0
0
0
0
0
0
0
0
0
0
0
0
0
0
0
0
0
0
0
0
0
0
0
0
0
0
0
0
0
0
0
0
0
0
0
0
0
0
0
0
0
0
0
0
0
0
0
0
0
0
0
0
0
0
0
0
0
0
0
0
0
0
0
0
0
0
0
0
0
0
0
0
0
0
0
0
0
0
0
0
0
0
0
0
0
0
0
0
0
0
0
0
0
0
0
0
0
0
0
0
0
0
0
0
0
0
0
0
0
0
0
0
0
0
0
0
0
0
0
0
0
0
0
0
0
0
0
0
0
0
0
0
0
0
0
0
0
0
0
0
0
0
0
0
0
0
0
0
0
0
0
0
0
0
0
0
0
0
0
0
0
0
0
0
0
0
0
0
0
0
0
0
0
0
0
0
0
0
0
0
0
0
0
0
0
0
0
0
0
0
0
0
0
0
0
0
0
0
0
0
0
0
0
0
0
0
0
0
0
0
0
0
0
0
0
0
0
0
0
0
0
0
0
0
0
0
0
0
0
0
0
0
0
0
0
0
0
0
0
0
0
0
0
0
0
0
0
0
0
0
0
0
0
0
0
0
0
0
0
0
0
0
0
0
0
0
0
0
0
0
0
0
0
0
0
0
0
0
0
0
0
0
0
0
0
0
0
0
0
0
0
0
0
0
0
0
0
0
0
0
0
0
0
0
0
0
0
0
0
0
0
0
0
0
0
0
0
0
0
0
0
0
0
0
0
0
0
0
0
0
0
0
0
0
0
0
0
0
0
0
0
0
0
0
0
0
0
0
0
0
0
0
0
0
0
0
0
0
0
0
0
0
0
0
0
0
0
0
0
0
0
0
0
0
0
0
0
0
0
0
0
0
0
0
0
0
0
0
0
0
0
0
0
0
0
0
0
0
0
0
0
0
0
0
0
0
0
0
0
0
0
0
0
0
0
0
0
0
0
0
0
0
0
0
0
0
0
0
0
0
0
0
0
0
0
0
0
0
0
0
0
0
0
0
0
0
0
0
0
0
0
0
0
0
0
0
0
0
0
0
0
0
0
0
0
0
0
0
0
0
0
0
0
0
0
0
0
0
0
0
0
0
0
0
0
0
0
0
0
0
0
0
0
0
0
0
0
0
0
0
0
0
0
0
0
0
0
0
0
0
0
0
0
0
0
0
0
0
0
0
0
0
0
0
0
0
0
0
0
0
0
0
0
0
0
0
0
0
0
0
0
0
0
0
0
0
0
0
0
0
0
0
0
0
0
0
0
0
0
0
0
0
0
0
0
0
0
0
0
0
0
0
0
0
0
0
0
0
0
0
0
0
0
0
0
0
0
0
0
0
0
0
0
0
0
0
0
0
0
0
0
0
0
0
0
0
0
0
0
0
0
0
0
0
0
0
0
0
0
0
0
0
0
0
0
0
0
0
0
0
0
0
0
0
0
0
0
0
0
0
0
0
0
0
0
0
0
0
0
0
0
0
0
0
0
0
0
0
0
0
0
0
0
0
0
0
0
0
0
0
0
0
0
0
0
0
0
0
0
0
0
0
0
0
0
0
0
0
0
0
0
0
0
0
0
0
0
0
0
0
0
0
0
0
0
0
0
0
0
0
0
0
0
0
0
0
0
0
0
0
0
0
0
0
0
0
0
0
0
0
0
0
0
0
0
0
0
0
0
0
0
0
0
0
0
0
0
0
0
0
0
0
0
0
0
0
0
0
0
0
0
0
0
0
0
0
0
0
0
0
0
0
0
0
0
0
0
0
0
0
0
0
0
0
0
0
0
0
0
0
0
0
0
0
0
0
0
0
0
0
0
0
0
0
0
0
0
0
0
0
0
0
0
0
0
0
0
0
0
0
0
0
0
0
0
0
0
0
0
0
0
0
0
0
0
0
0
0
0
0
0
0
0
0
0
0
0
0
0
0
0
0
0
0
0
0
0
0
0
0
0
0
0
0
0
0
0
0
0
0
0
0
0
0
0
0
0
0
0
0
0
0
0
0
0
0
0
0
0
0
0
0
0
0
0
0
0
0
0
0
0
0
0
0
0
0
0
0
0
0
0
0
0
0
0
0
0
0
0
0
0
0
0
0
0
0
0
0
0
0
0
0
0
0
0
0
0
0
0
0
0
0
0
0
0
0
0
0
0
0
0
0
0
0
0
0
0
0
0
0
0
0
0
0
0
0
0
0
0
0
0
0
0
0
0
0
0
0
0
0
0
0
0
0
0
0
0
0
0
0
0
0
0
0
0
0
0
0
0
0
0
0
0
0
0
0
0
0
0
0
0
0
0
0
0
0
0
0
0
0
0
0
0
0
0
0
0
0
0
0
0
0
0
0
0
0
0
0
0
0
0
0
0
0
0
0
0
0
0
0
0
0
0
0
0
0
0
0
0
0
0
0
0
0
0
0
0
0
0
0
0
0
0
0
0
0
0
0
0
0
0
0
0
0
0
0
0
0
0
0
0
0
0
0
0
0
0
0
0
0
0
0
0
0
0
0
0
0
0
0
0
0
0
0
0
0
0
0
0
0
0
0
0
0
0
0
0
0
0
0
0
0
0
0
0
0
0
0
0
0
0
0
0
0
0
0
0
0
0
0
0
0
0
0
0
0
0
0
0
0
0
0
0
0
0
0
0
0
0
0
0
0
0
0
0
0
0
0
0
0
0
0
0
0
0
0
0
0
0
0
0
0
0
0
0
0
0
0
0
0
0
0
0
0
0
0
0
0
0
0
0
0
0
0
0
0
0
0
0
0
0
0
0
0
0
0
0
0
0
0
0
0
0
0
0
0
0
0
0
0
0
0
0
0
0
0
0
0
0
0
0
0
0
0
0
0
0
0
0
0
0
0
0
0
0
0
0
0
0
0
0
0
0
0
0
0
0
0
0
0
0
0
0
0
0
0
0
0
0
0
0
0
0
0
0
0
0
0
0
0
0
0
0
0
0
0
0
0
0
0
0
0
0
0
0
0
0
0
0
0
0
0
0
0
0
0
0
0
0
0
0
0
0
0
0
0
0
0
0
0
0
0
0
0
0
0
0
0
0
0
0
0
0
0
0
0
0
0
0
0
0
0
0
0
0
0
0
0
0
0
0
0
0
0
0
0
0
0
0
0
0
0
0
0
0
0
0
0
0
0
0
0
0
0
0
0
0
0
0
0
0
0
0
0
0
0
0
0
0
0
0
0
0
0
0
0
0
0
0
0
0
0
0
0
0
0
0
0
0
0
0
0
0
0
0
0
0
0
0
0
0
0
0
0
0
0
0
0
0
0
0
0
0
0
0
0
0
0
0
0
0
0
0
0
0
0
0
0
0
0
0
0
0
0
0
0
0
0
0
0
0
0
0
0
0
0
0
0
0
0
0
0
0
0
0
0
0
0
0
0
0
0
0
0
0
0
0
0
0
0
0
0
0
0
0
0
0
0
0
0
0
0
0
0
0
0
0
0
0
0
0
0
0
0
0
0
0
0
0
0
0
0
0
0
0
0
0
0
0
0
0
0
0
0
0
0
0
0
0
0
0
0
0
0
0
0
0
0
0
0
0
0
0
0
0
0
0
0
0
0
0
0
0
0
0
0
0
0
0
0
0
0
0
0
0
0
0
0
0
0
0
0
0
0
0
0
0
0
0
0
0
0
0
0
0
0
0
0
0
0
0
0
0
0
0
0
0
0
0
0
0
0
0
0
0
0
0
0
0
0
0
0
0
0
0
0
0
0
0
0
0
0
0
0
0
0
0
0
0
0
0
0
0
0
0
0
0
0
0
0
0
0
0
0
0
0
0
0
0
0
0
0
0
0
0
0
0
0
0
0
0
0
0
0
0
0
0
0
0
0
0
0
0
0
0
0
0
0
0
0
0
0
0
0
0
0
0
0
0
0
0
0
0
0
0
0
0
0
0
0
0
0
0
0
0
0
0
0
0
0
0
0
0
0
0
0
0
0
0
0
0
0
0
0
0
0
0
0
0
0
0
0
0
0
0
0
0
0
0
0
0
0
0
0
0
0
0
0
0
0
0
0
0
0
0
0
0
0
0
0
0
0
0
0
0
0
0
0
0
0
0
0
0
0
0
0
0
0
0
0
0
0
0
0
0
0
0
0
0
0
0
0
0
0
0
0
0
0
0
0
0
0
0
0
0
0
0
0
0
0
0
0
0
0
0
0
0
0
0
0
0
0
0
0
0
0
0
0
0
0
0
0
0
0
0
0
0
0
0
0
0
0
0
0
0
0
0
0
0
0
0
0
0
0
0
0
0
0
0
0
0
0
0
0
0
0
0
0
0
0
0
0
0
0
0
0
0
0
0
0
0
0
0
0
0
0
0
0
0
0
0
0
0
0
0
0
0
0
0
0
0
0
0
)
;

boundaryField
{
    interconnectSides
    {
        type            zeroGradient;
    }
    anodeSides
    {
        type            zeroGradient;
    }
    interconnect1
    {
        type            zeroGradient;
    }
    phiEA_to_phiE0
    {
        type            zeroGradient;
    }
}


// ************************************************************************* //
