/*--------------------------------*- C++ -*----------------------------------*\
| =========                 |                                                 |
| \\      /  F ield         | OpenFOAM: The Open Source CFD Toolbox           |
|  \\    /   O peration     | Version:  2312                                  |
|   \\  /    A nd           | Website:  www.openfoam.com                      |
|    \\/     M anipulation  |                                                 |
\*---------------------------------------------------------------------------*/
FoamFile
{
    version     2.0;
    format      ascii;
    arch        "LSB;label=32;scalar=64";
    class       volScalarField;
    location    "40/phiEA";
    object      J;
}
// * * * * * * * * * * * * * * * * * * * * * * * * * * * * * * * * * * * * * //

dimensions      [0 -3 0 0 0 1 0];

internalField   nonuniform List<scalar> 
20000
(
1.04584e+08
1.045556e+08
1.055695e+08
7.279266e+07
1.044805e+08
1.055537e+08
7.275803e+07
1.066135e+08
7.375209e+07
5.302711e+07
1.043311e+08
1.055059e+08
7.268143e+07
1.066022e+08
7.372882e+07
5.299045e+07
1.075603e+08
7.474569e+07
5.39549e+07
4.145283e+07
1.040915e+08
1.054005e+08
7.25449e+07
1.065637e+08
7.368023e+07
5.291506e+07
1.075519e+08
7.472701e+07
5.392855e+07
4.141581e+07
1.084421e+08
7.563526e+07
5.490445e+07
4.235221e+07
3.613573e+07
1.03788e+08
1.052149e+08
7.233974e+07
1.064688e+08
7.358869e+07
5.278854e+07
1.075198e+08
7.468809e+07
5.388099e+07
4.134227e+07
1.084405e+08
7.562004e+07
5.488273e+07
4.232487e+07
3.609882e+07
1.093469e+08
7.645288e+07
5.574952e+07
4.326719e+07
3.701705e+07
0
1.035216e+08
1.049631e+08
7.209344e+07
1.062995e+08
7.343821e+07
5.260604e+07
1.074347e+08
7.460808e+07
5.379887e+07
4.122281e+07
1.084188e+08
7.558736e+07
5.484473e+07
4.227865e+07
3.602654e+07
1.093518e+08
7.644354e+07
5.573163e+07
4.324446e+07
3.698964e+07
0
1.103282e+08
7.727358e+07
5.652247e+07
4.407923e+07
3.79112e+07
0
0
1.033041e+08
1.047312e+08
7.188386e+07
1.060607e+08
7.324425e+07
5.239474e+07
1.072744e+08
7.44757e+07
5.367014e+07
4.105462e+07
1.083438e+08
7.551729e+07
5.477456e+07
4.220258e+07
3.591075e+07
1.093437e+08
7.642066e+07
5.569973e+07
4.320761e+07
3.694427e+07
0
1.103326e+08
7.726973e+07
5.650978e+07
4.406049e+07
3.788837e+07
0
0
1.149265e+08
7.808756e+07
5.729046e+07
4.482056e+07
3.870325e+07
0
0
0
1.031625e+08
1.045401e+08
7.172068e+07
1.058351e+08
7.306958e+07
5.221969e+07
1.070459e+08
7.429643e+07
5.351046e+07
4.086395e+07
1.081958e+08
7.539446e+07
5.466449e+07
4.208687e+07
3.574933e+07
1.092934e+08
7.63604e+07
5.563922e+07
4.314362e+07
3.687109e+07
0
1.103081e+08
7.725932e+07
5.648712e+07
4.402961e+07
3.785226e+07
0
0
1.149029e+08
7.808293e+07
5.72828e+07
4.480655e+07
3.868439e+07
0
0
0
1.166724e+08
8.175448e+07
5.801148e+07
4.555295e+07
3.942463e+07
0
0
0
0
1.030876e+08
1.044173e+08
7.16182e+07
1.056543e+08
7.293039e+07
5.208842e+07
1.068224e+08
7.413314e+07
5.336985e+07
4.070918e+07
1.079829e+08
7.522674e+07
5.452016e+07
4.194682e+07
3.556755e+07
1.091716e+08
7.624918e+07
5.5539e+07
4.30466e+07
3.676129e+07
0
1.100166e+08
7.722125e+07
5.643639e+07
4.397498e+07
3.779117e+07
0
0
1.148115e+08
7.805463e+07
5.727212e+07
4.478448e+07
3.865418e+07
0
0
0
1.166293e+08
8.174221e+07
5.800294e+07
4.554374e+07
3.941027e+07
0
0
0
0
1.180419e+08
8.281787e+07
6.117907e+07
4.621617e+07
4.013309e+07
0
0
0
0
0
1.030884e+08
1.043522e+08
7.156433e+07
1.05534e+08
7.284467e+07
5.200828e+07
1.066445e+08
7.400487e+07
5.326105e+07
4.059629e+07
1.077676e+08
7.506702e+07
5.43931e+07
4.182583e+07
3.542181e+07
1.089824e+08
7.609635e+07
5.540672e+07
4.292206e+07
3.662953e+07
0
1.099601e+08
7.713373e+07
5.634741e+07
4.38879e+07
3.769993e+07
0
0
1.146249e+08
7.778284e+07
5.724186e+07
4.473956e+07
3.860229e+07
0
0
0
1.165276e+08
8.167287e+07
5.797378e+07
4.553334e+07
3.938857e+07
0
0
0
0
1.18007e+08
8.277907e+07
6.117348e+07
4.620596e+07
4.012339e+07
0
0
0
0
0
1.193023e+08
8.365312e+07
6.184293e+07
4.906932e+07
4.076049e+07
0
0
0
0
0
0
1.031629e+08
1.043539e+08
7.156508e+07
1.05473e+08
7.28e+07
5.196671e+07
1.065293e+08
7.392171e+07
5.319644e+07
4.052872e+07
1.075956e+08
7.494276e+07
5.429531e+07
4.173439e+07
3.53172e+07
1.087856e+08
7.594509e+07
5.528405e+07
4.281542e+07
3.651716e+07
0
1.101348e+08
7.700211e+07
5.622933e+07
4.377553e+07
3.758372e+07
0
0
1.143291e+08
7.775802e+07
5.717517e+07
4.466348e+07
3.852098e+07
0
0
0
1.163342e+08
8.152686e+07
5.772033e+07
4.550776e+07
3.934625e+07
0
0
0
0
1.179178e+08
8.270087e+07
6.11176e+07
4.617679e+07
4.011307e+07
0
0
0
0
0
1.192792e+08
8.36223e+07
6.18077e+07
4.906745e+07
4.074934e+07
0
0
0
0
0
0
1.204732e+08
8.445798e+07
6.237003e+07
4.951111e+07
4.33603e+07
0
0
0
0
0
0
0
1.033058e+08
1.044187e+08
7.161836e+07
1.054727e+08
7.280147e+07
5.19673e+07
1.064691e+08
7.388007e+07
5.316334e+07
4.049415e+07
1.074799e+08
7.486483e+07
5.423331e+07
4.168154e+07
3.525524e+07
1.086237e+08
7.582734e+07
5.51907e+07
4.273484e+07
3.643347e+07
0
1.10031e+08
7.686741e+07
5.611521e+07
4.367374e+07
3.748584e+07
0
0
1.139731e+08
7.798884e+07
5.707702e+07
4.456478e+07
3.841688e+07
0
0
0
1.160382e+08
8.130096e+07
5.771534e+07
4.54531e+07
3.927574e+07
0
0
0
0
1.177434e+08
8.255947e+07
6.099371e+07
4.594436e+07
4.008939e+07
0
0
0
0
0
1.191961e+08
8.355781e+07
6.174317e+07
4.902024e+07
4.071953e+07
0
0
0
0
0
0
1.204431e+08
8.444767e+07
6.234275e+07
4.947874e+07
4.336022e+07
0
0
0
0
0
0
0
1.215582e+08
8.523592e+07
6.291584e+07
4.986839e+07
4.371574e+07
0
0
0
0
0
0
0
0
1.035235e+08
1.045416e+08
7.172203e+07
1.055358e+08
7.284584e+07
5.20083e+07
1.06469e+08
7.387981e+07
5.316445e+07
4.049463e+07
1.074204e+08
7.482391e+07
5.420261e+07
4.165486e+07
3.522379e+07
1.08515e+08
7.574944e+07
5.513386e+07
4.268463e+07
3.638572e+07
0
1.099153e+08
7.675873e+07
5.602847e+07
4.359772e+07
3.741278e+07
0
0
1.136284e+08
7.794952e+07
5.697839e+07
4.447148e+07
3.832403e+07
0
0
0
1.156603e+08
8.105836e+07
5.797299e+07
4.537362e+07
3.918495e+07
0
0
0
0
1.174644e+08
8.234658e+07
6.080642e+07
4.595076e+07
4.003971e+07
0
0
0
0
0
1.19031e+08
8.343691e+07
6.163153e+07
4.890965e+07
4.051152e+07
0
0
0
0
0
0
1.203617e+08
8.438906e+07
6.229286e+07
4.942254e+07
4.331842e+07
0
0
0
0
0
0
0
1.215293e+08
8.520982e+07
6.291334e+07
4.984385e+07
4.368553e+07
0
0
0
0
0
0
0
0
1.225543e+08
8.596025e+07
6.34715e+07
5.027088e+07
4.400616e+07
0
0
0
0
0
0
0
0
0
1.037886e+08
1.047339e+08
7.188535e+07
1.056553e+08
7.293154e+07
5.208939e+07
1.06529e+08
7.392317e+07
5.319732e+07
4.052868e+07
1.074213e+08
7.482384e+07
5.42024e+07
4.165571e+07
3.522422e+07
1.084595e+08
7.570919e+07
5.510397e+07
4.265997e+07
3.636183e+07
0
1.098298e+08
7.668736e+07
5.597212e+07
4.35525e+07
3.736771e+07
0
0
1.133685e+08
7.788689e+07
5.690018e+07
4.4402e+07
3.825555e+07
0
0
0
1.153302e+08
8.080753e+07
5.797156e+07
4.529517e+07
3.910048e+07
0
0
0
0
1.171147e+08
8.208144e+07
6.062655e+07
4.621552e+07
3.996773e+07
0
0
0
0
0
1.187572e+08
8.324452e+07
6.146542e+07
4.87451e+07
4.052154e+07
0
0
0
0
0
0
1.201988e+08
8.427773e+07
6.220267e+07
4.932833e+07
4.321664e+07
0
0
0
0
0
0
0
1.214459e+08
8.515259e+07
6.28693e+07
4.980261e+07
4.363426e+07
0
0
0
0
0
0
0
0
1.225231e+08
8.593502e+07
6.344883e+07
5.027277e+07
4.398339e+07
0
0
0
0
0
0
0
0
0
1.234767e+08
8.662708e+07
6.399306e+07
5.070256e+07
4.434785e+07
0
0
0
0
0
0
0
0
0
0
1.040915e+08
1.049652e+08
7.209399e+07
1.058376e+08
7.307174e+07
5.222075e+07
1.066443e+08
7.400566e+07
5.326186e+07
4.059699e+07
1.0748e+08
7.486458e+07
5.423445e+07
4.168222e+07
3.525518e+07
1.084589e+08
7.570991e+07
5.510389e+07
4.26598e+07
3.636258e+07
0
1.097832e+08
7.665147e+07
5.594281e+07
4.352876e+07
3.734569e+07
0
0
1.132247e+08
7.783881e+07
5.685003e+07
4.435758e+07
3.821531e+07
0
0
0
1.15064e+08
8.062349e+07
5.793974e+07
4.523391e+07
3.90384e+07
0
0
0
0
1.167788e+08
8.186979e+07
6.042772e+07
4.62367e+07
3.989773e+07
0
0
0
0
0
1.183998e+08
8.302159e+07
6.126323e+07
4.860041e+07
4.077717e+07
0
0
0
0
0
0
1.199299e+08
8.409179e+07
6.205962e+07
4.918908e+07
4.306582e+07
0
0
0
0
0
0
0
1.21287e+08
8.504334e+07
6.278859e+07
4.973002e+07
4.35494e+07
0
0
0
0
0
0
0
0
1.224439e+08
8.587567e+07
6.340592e+07
5.023729e+07
4.394655e+07
0
0
0
0
0
0
0
0
0
1.234473e+08
8.659986e+07
6.397106e+07
5.068247e+07
4.43514e+07
0
0
0
0
0
0
0
0
0
0
1.24347e+08
8.724609e+07
6.447588e+07
5.111114e+07
4.472401e+07
0
0
0
0
0
0
0
0
0
0
0
1.04332e+08
1.05216e+08
7.23398e+07
1.06061e+08
7.32459e+07
5.239521e+07
1.068232e+08
7.413523e+07
5.337143e+07
4.070996e+07
1.075951e+08
7.494264e+07
5.429594e+07
4.173498e+07
3.531781e+07
1.085148e+08
7.574948e+07
5.513366e+07
4.268553e+07
3.638633e+07
0
1.097833e+08
7.665111e+07
5.594333e+07
4.352867e+07
3.734554e+07
0
0
1.131417e+08
7.781227e+07
5.682509e+07
4.433435e+07
3.819423e+07
0
0
0
1.148905e+08
8.054751e+07
5.791305e+07
4.519547e+07
3.899908e+07
0
0
0
0
1.165159e+08
8.168774e+07
6.028584e+07
4.622225e+07
3.98437e+07
0
0
0
0
0
1.180679e+08
8.279617e+07
6.111742e+07
4.843134e+07
4.080896e+07
0
0
0
0
0
0
1.195765e+08
8.385259e+07
6.190736e+07
4.902222e+07
4.293885e+07
0
0
0
0
0
0
0
1.210183e+08
8.486275e+07
6.26529e+07
4.961496e+07
4.342403e+07
0
0
0
0
0
0
0
0
1.222858e+08
8.577058e+07
6.332745e+07
5.017393e+07
4.388245e+07
0
0
0
0
0
0
0
0
0
1.23367e+08
8.654397e+07
6.392624e+07
5.064795e+07
4.432005e+07
0
0
0
0
0
0
0
0
0
0
1.243168e+08
8.722016e+07
6.445233e+07
5.109158e+07
4.470547e+07
0
0
0
0
0
0
0
0
0
0
0
1.251508e+08
8.783845e+07
6.492621e+07
5.149163e+07
4.50812e+07
0
0
0
0
0
0
0
0
0
0
0
0
1.044814e+08
1.054028e+08
7.254568e+07
1.062995e+08
7.343913e+07
5.260613e+07
1.070462e+08
7.429676e+07
5.351171e+07
4.086435e+07
1.077694e+08
7.506763e+07
5.439472e+07
4.182704e+07
3.542248e+07
1.086241e+08
7.582701e+07
5.519064e+07
4.273536e+07
3.643397e+07
0
1.098292e+08
7.668729e+07
5.597218e+07
4.355235e+07
3.736851e+07
0
0
1.131417e+08
7.781224e+07
5.682489e+07
4.433473e+07
3.819414e+07
0
0
0
1.148023e+08
8.049129e+07
5.789799e+07
4.517651e+07
3.89785e+07
0
0
0
0
1.163472e+08
8.157016e+07
6.024804e+07
4.620743e+07
3.981022e+07
0
0
0
0
0
1.178101e+08
8.262072e+07
6.098256e+07
4.83134e+07
4.080188e+07
0
0
0
0
0
0
1.192461e+08
8.363363e+07
6.174421e+07
4.891261e+07
4.278585e+07
0
0
0
0
0
0
0
1.20668e+08
8.462815e+07
6.248045e+07
4.950124e+07
4.327425e+07
0
0
0
0
0
0
0
0
1.220198e+08
8.559022e+07
6.31973e+07
5.006664e+07
4.378059e+07
0
0
0
0
0
0
0
0
0
1.232129e+08
8.643919e+07
6.38517e+07
5.058693e+07
4.426473e+07
0
0
0
0
0
0
0
0
0
0
1.242384e+08
8.716298e+07
6.441019e+07
5.105539e+07
4.467497e+07
0
0
0
0
0
0
0
0
0
0
0
1.251231e+08
8.781176e+07
6.490354e+07
5.147086e+07
4.506312e+07
0
0
0
0
0
0
0
0
0
0
0
0
1.259009e+08
8.838534e+07
6.536369e+07
5.18483e+07
4.541467e+07
0
0
0
0
0
0
0
0
0
0
0
0
0
1.045563e+08
1.055077e+08
7.268226e+07
1.06469e+08
7.359062e+07
5.278915e+07
1.072734e+08
7.447582e+07
5.367089e+07
4.105473e+07
1.079839e+08
7.522709e+07
5.452052e+07
4.194778e+07
3.556791e+07
1.087859e+08
7.594644e+07
5.528452e+07
4.28167e+07
3.651822e+07
0
1.099161e+08
7.675912e+07
5.602833e+07
4.35977e+07
3.741325e+07
0
0
1.132255e+08
7.783841e+07
5.685004e+07
4.435764e+07
3.821518e+07
0
0
0
1.148027e+08
8.049125e+07
5.789791e+07
4.51764e+07
3.897883e+07
0
0
0
0
1.162616e+08
8.151103e+07
6.02067e+07
4.619871e+07
3.97938e+07
0
0
0
0
0
1.176413e+08
8.251015e+07
6.089616e+07
4.829659e+07
4.079206e+07
0
0
0
0
0
0
1.189894e+08
8.346423e+07
6.161808e+07
4.880429e+07
4.268036e+07
0
0
0
0
0
0
0
1.203366e+08
8.441161e+07
6.232516e+07
4.937285e+07
4.318097e+07
0
0
0
0
0
0
0
0
1.216696e+08
8.535902e+07
6.302959e+07
4.993123e+07
4.368326e+07
0
0
0
0
0
0
0
0
0
1.229529e+08
8.626152e+07
6.372175e+07
5.048512e+07
4.417041e+07
0
0
0
0
0
0
0
0
0
0
1.240812e+08
8.706203e+07
6.433586e+07
5.099799e+07
4.462191e+07
0
0
0
0
0
0
0
0
0
0
0
1.250427e+08
8.775608e+07
6.486021e+07
5.143678e+07
4.503106e+07
0
0
0
0
0
0
0
0
0
0
0
0
1.258737e+08
8.836084e+07
6.534038e+07
5.182814e+07
4.539552e+07
0
0
0
0
0
0
0
0
0
0
0
0
0
1.266028e+08
8.889476e+07
6.576822e+07
5.219932e+07
4.572796e+07
0
0
0
0
0
0
0
0
0
0
0
0
0
0
1.045835e+08
1.055542e+08
7.275871e+07
1.065641e+08
7.368165e+07
5.291569e+07
1.074348e+08
7.460821e+07
5.380032e+07
4.12233e+07
1.081972e+08
7.539366e+07
5.466469e+07
4.20875e+07
3.574945e+07
1.089834e+08
7.609729e+07
5.540705e+07
4.292242e+07
3.663038e+07
0
1.100312e+08
7.686779e+07
5.611618e+07
4.367412e+07
3.748698e+07
0
0
1.133698e+08
7.788765e+07
5.690052e+07
4.440198e+07
3.825554e+07
0
0
0
1.148908e+08
8.054824e+07
5.791286e+07
4.519553e+07
3.899914e+07
0
0
0
0
1.162611e+08
8.15113e+07
6.020667e+07
4.61986e+07
3.979372e+07
0
0
0
0
0
1.175555e+08
8.245469e+07
6.085336e+07
4.82636e+07
4.078598e+07
0
0
0
0
0
0
1.188223e+08
8.335482e+07
6.153987e+07
4.873534e+07
4.267267e+07
0
0
0
0
0
0
0
1.200777e+08
8.424423e+07
6.220542e+07
4.927429e+07
4.308542e+07
0
0
0
0
0
0
0
0
1.213374e+08
8.514205e+07
6.287708e+07
4.981126e+07
4.357069e+07
0
0
0
0
0
0
0
0
0
1.226035e+08
8.603086e+07
6.355729e+07
5.03544e+07
4.405123e+07
0
0
0
0
0
0
0
0
0
0
1.238227e+08
8.689586e+07
6.42083e+07
5.089637e+07
4.453285e+07
0
0
0
0
0
0
0
0
0
0
0
1.248876e+08
8.765269e+07
6.478911e+07
5.137956e+07
4.49814e+07
0
0
0
0
0
0
0
0
0
0
0
0
1.257982e+08
8.830353e+07
6.529819e+07
5.179301e+07
4.536531e+07
0
0
0
0
0
0
0
0
0
0
0
0
0
1.26573e+08
8.887112e+07
6.574661e+07
5.217863e+07
4.570931e+07
0
0
0
0
0
0
0
0
0
0
0
0
0
0
1.271923e+08
8.937899e+07
6.614465e+07
5.252456e+07
4.603834e+07
0
0
0
0
0
0
0
0
0
0
0
0
0
0
0
1.055702e+08
7.279218e+07
1.066017e+08
7.372937e+07
5.299101e+07
1.075208e+08
7.468841e+07
5.388204e+07
4.134275e+07
1.083439e+08
7.551731e+07
5.477462e+07
4.220371e+07
3.59112e+07
1.091726e+08
7.62503e+07
5.553844e+07
4.304682e+07
3.676186e+07
0
1.101364e+08
7.700297e+07
5.623012e+07
4.377583e+07
3.758406e+07
0
0
1.13629e+08
7.794969e+07
5.697881e+07
4.447222e+07
3.832437e+07
0
0
0
1.150638e+08
8.06246e+07
5.794039e+07
4.523421e+07
3.903841e+07
0
0
0
0
1.163474e+08
8.157044e+07
6.024861e+07
4.620735e+07
3.981028e+07
0
0
0
0
0
1.175566e+08
8.245425e+07
6.085357e+07
4.826358e+07
4.078588e+07
0
0
0
0
0
0
1.187405e+08
8.329988e+07
6.150111e+07
4.870167e+07
4.264377e+07
0
0
0
0
0
0
0
1.199088e+08
8.413701e+07
6.212922e+07
4.921399e+07
4.302487e+07
0
0
0
0
0
0
0
0
1.21079e+08
8.497416e+07
6.275966e+07
4.971912e+07
4.348479e+07
0
0
0
0
0
0
0
0
0
1.222695e+08
8.581312e+07
6.34046e+07
5.023731e+07
4.39469e+07
0
0
0
0
0
0
0
0
0
0
1.234693e+08
8.666643e+07
6.404438e+07
5.076867e+07
4.441815e+07
0
0
0
0
0
0
0
0
0
0
1.246249e+08
8.748831e+07
6.467548e+07
5.128006e+07
4.48925e+07
0
0
0
0
0
0
0
0
0
0
0
0
1.2564e+08
8.820205e+07
6.52252e+07
5.173852e+07
4.531581e+07
0
0
0
0
0
0
0
0
0
0
0
0
0
1.264896e+08
8.882385e+07
6.570311e+07
5.214435e+07
4.567813e+07
0
0
0
0
0
0
0
0
0
0
0
0
0
0
1.27159e+08
8.935291e+07
6.61241e+07
5.25052e+07
4.60192e+07
0
0
0
0
0
0
0
0
0
0
0
0
0
0
0
1.275961e+08
8.978536e+07
6.650794e+07
5.28271e+07
4.632615e+07
0
0
0
0
0
0
0
0
0
0
0
0
0
0
0
0
1.066132e+08
7.375263e+07
5.302672e+07
1.07553e+08
7.472648e+07
5.392903e+07
4.141628e+07
1.084186e+08
7.558814e+07
5.484498e+07
4.227946e+07
3.602698e+07
1.092945e+08
7.636048e+07
5.56392e+07
4.314364e+07
3.687209e+07
0
1.099606e+08
7.713465e+07
5.63483e+07
4.38875e+07
3.770014e+07
0
0
1.139744e+08
7.799019e+07
5.707774e+07
4.456545e+07
3.841716e+07
0
0
0
1.153305e+08
8.080796e+07
5.797169e+07
4.529559e+07
3.910112e+07
0
0
0
0
1.165153e+08
8.168753e+07
6.028669e+07
4.62228e+07
3.984397e+07
0
0
0
0
0
1.176417e+08
8.251029e+07
6.089643e+07
4.829704e+07
4.079201e+07
0
0
0
0
0
0
1.187395e+08
8.330079e+07
6.150075e+07
4.870185e+07
4.264374e+07
0
0
0
0
0
0
0
1.198216e+08
8.408959e+07
6.209141e+07
4.918443e+07
4.29955e+07
0
0
0
0
0
0
0
0
1.209146e+08
8.486615e+07
6.268567e+07
4.966126e+07
4.343266e+07
0
0
0
0
0
0
0
0
0
1.22007e+08
8.564658e+07
6.328755e+07
5.014755e+07
4.386717e+07
0
0
0
0
0
0
0
0
0
0
1.231329e+08
8.644828e+07
6.389081e+07
5.065151e+07
4.431661e+07
0
0
0
0
0
0
0
0
0
0
1.242683e+08
8.725569e+07
6.451272e+07
5.115281e+07
4.478064e+07
0
0
0
0
0
0
0
0
0
0
1.253741e+08
8.803412e+07
6.5113e+07
5.165378e+07
4.522886e+07
0
0
0
0
0
0
0
0
0
0
0
0
0
1.263265e+08
8.872047e+07
6.563158e+07
5.208835e+07
4.563112e+07
0
0
0
0
0
0
0
0
0
0
0
0
0
0
1.270697e+08
8.929411e+07
6.609269e+07
5.246986e+07
4.598876e+07
0
0
0
0
0
0
0
0
0
0
0
0
0
0
0
1.275638e+08
8.975696e+07
6.648526e+07
5.280888e+07
4.63082e+07
0
0
0
0
0
0
0
0
0
0
0
0
0
0
0
0
1.278532e+08
9.006286e+07
6.681345e+07
5.312266e+07
4.659381e+07
0
0
0
0
0
0
0
0
0
0
0
0
0
0
0
0
0
1.075595e+08
7.474525e+07
5.395522e+07
4.145252e+07
1.08441e+08
7.562107e+07
5.488227e+07
4.23253e+07
3.609925e+07
1.093448e+08
7.64205e+07
5.57003e+07
4.320782e+07
3.694498e+07
0
1.100189e+08
7.722225e+07
5.643649e+07
4.397494e+07
3.779118e+07
0
0
1.143293e+08
7.775846e+07
5.7176e+07
4.466422e+07
3.852063e+07
0
0
0
1.156605e+08
8.105933e+07
5.797407e+07
4.537422e+07
3.918557e+07
0
0
0
0
1.167787e+08
8.187001e+07
6.042808e+07
4.623682e+07
3.989813e+07
0
0
0
0
0
1.178076e+08
8.262025e+07
6.09824e+07
4.831408e+07
4.080239e+07
0
0
0
0
0
0
1.188206e+08
8.335518e+07
6.153999e+07
4.873561e+07
4.267307e+07
0
0
0
0
0
0
0
1.198228e+08
8.408875e+07
6.209207e+07
4.918414e+07
4.299566e+07
0
0
0
0
0
0
0
0
1.208309e+08
8.481055e+07
6.265692e+07
4.963285e+07
4.340728e+07
0
0
0
0
0
0
0
0
0
1.21837e+08
8.555016e+07
6.321314e+07
5.009181e+07
4.381751e+07
0
0
0
0
0
0
0
0
0
0
1.228681e+08
8.627828e+07
6.377533e+07
5.056251e+07
4.423917e+07
0
0
0
0
0
0
0
0
0
0
1.2393e+08
8.70366e+07
6.435922e+07
5.103468e+07
4.467905e+07
0
0
0
0
0
0
0
0
0
0
1.250118e+08
8.779965e+07
6.494756e+07
5.152754e+07
4.511741e+07
0
0
0
0
0
0
0
0
0
0
1.260605e+08
8.854541e+07
6.551638e+07
5.200467e+07
4.555884e+07
0
0
0
0
0
0
0
0
0
0
0
0
0
0
1.268998e+08
8.918698e+07
6.601992e+07
5.241495e+07
4.594039e+07
0
0
0
0
0
0
0
0
0
0
0
0
0
0
0
1.274774e+08
8.969366e+07
6.644093e+07
5.278624e+07
4.627679e+07
0
0
0
0
0
0
0
0
0
0
0
0
0
0
0
0
1.278196e+08
9.003567e+07
6.678908e+07
5.310256e+07
4.657699e+07
0
0
0
0
0
0
0
0
0
0
0
0
0
0
0
0
0
1.279574e+08
9.02419e+07
6.702305e+07
5.337194e+07
4.685688e+07
0
0
0
0
0
0
0
0
0
0
0
0
0
0
0
0
0
0
1.084419e+08
7.563454e+07
5.490394e+07
4.235239e+07
3.613545e+07
1.093518e+08
7.644389e+07
5.573249e+07
4.324407e+07
3.699004e+07
0
1.103093e+08
7.726035e+07
5.648698e+07
4.403004e+07
3.785245e+07
0
0
1.146276e+08
7.778476e+07
5.724269e+07
4.473967e+07
3.860225e+07
0
0
0
1.160369e+08
8.130111e+07
5.771578e+07
4.545383e+07
3.92764e+07
0
0
0
0
1.171151e+08
8.208173e+07
6.062728e+07
4.62164e+07
3.996828e+07
0
0
0
0
0
1.180685e+08
8.279616e+07
6.111758e+07
4.843166e+07
4.080907e+07
0
0
0
0
0
0
1.189892e+08
8.346226e+07
6.161776e+07
4.880418e+07
4.268097e+07
0
0
0
0
0
0
0
1.199086e+08
8.413577e+07
6.212948e+07
4.921411e+07
4.302512e+07
0
0
0
0
0
0
0
0
1.208309e+08
8.481156e+07
6.265624e+07
4.963334e+07
4.340701e+07
0
0
0
0
0
0
0
0
0
1.217478e+08
8.549824e+07
6.317515e+07
5.007298e+07
4.379329e+07
0
0
0
0
0
0
0
0
0
0
1.226939e+08
8.617096e+07
6.371573e+07
5.050649e+07
4.419152e+07
0
0
0
0
0
0
0
0
0
0
1.236627e+08
8.686534e+07
6.424075e+07
5.094727e+07
4.460246e+07
0
0
0
0
0
0
0
0
0
0
1.246749e+08
8.758011e+07
6.479378e+07
5.140963e+07
4.501484e+07
0
0
0
0
0
0
0
0
0
0
1.256908e+08
8.830648e+07
6.534974e+07
5.187609e+07
4.544833e+07
0
0
0
0
0
0
0
0
0
0
1.266192e+08
8.901887e+07
6.589557e+07
5.232866e+07
4.586904e+07
0
0
0
0
0
0
0
0
0
0
0
0
0
0
0
1.273048e+08
8.958226e+07
6.636512e+07
5.273045e+07
4.622938e+07
0
0
0
0
0
0
0
0
0
0
0
0
0
0
0
0
1.277307e+08
8.998038e+07
6.674118e+07
5.306666e+07
4.655819e+07
0
0
0
0
0
0
0
0
0
0
0
0
0
0
0
0
0
1.279247e+08
9.021345e+07
6.699976e+07
5.33505e+07
4.683832e+07
0
0
0
0
0
0
0
0
0
0
0
0
0
0
0
0
0
0
1.278896e+08
9.032331e+07
6.716184e+07
5.354422e+07
4.707899e+07
0
0
0
0
0
0
0
0
0
0
0
0
0
0
0
0
0
0
0
1.093467e+08
7.645277e+07
5.574895e+07
4.326668e+07
3.701719e+07
0
1.103333e+08
7.726968e+07
5.651001e+07
4.406121e+07
3.788801e+07
0
0
1.148147e+08
7.805571e+07
5.727301e+07
4.478435e+07
3.865455e+07
0
0
0
1.163377e+08
8.152889e+07
5.772187e+07
4.550846e+07
3.934636e+07
0
0
0
0
1.174629e+08
8.234566e+07
6.080663e+07
4.595119e+07
4.004038e+07
0
0
0
0
0
1.183973e+08
8.302181e+07
6.126351e+07
4.860098e+07
4.077797e+07
0
0
0
0
0
0
1.192461e+08
8.363401e+07
6.174422e+07
4.891274e+07
4.278614e+07
0
0
0
0
0
0
0
1.200788e+08
8.424404e+07
6.220401e+07
4.927409e+07
4.308533e+07
0
0
0
0
0
0
0
0
1.209149e+08
8.486604e+07
6.268484e+07
4.966145e+07
4.343278e+07
0
0
0
0
0
0
0
0
0
1.217461e+08
8.549828e+07
6.317588e+07
5.007242e+07
4.379371e+07
0
0
0
0
0
0
0
0
0
0
1.22604e+08
8.611385e+07
6.368113e+07
5.047817e+07
4.417679e+07
0
0
0
0
0
0
0
0
0
0
1.234836e+08
8.675466e+07
6.416773e+07
5.090728e+07
4.455459e+07
0
0
0
0
0
0
0
0
0
0
1.24401e+08
8.740764e+07
6.467447e+07
5.131956e+07
4.493979e+07
0
0
0
0
0
0
0
0
0
0
1.253384e+08
8.809533e+07
6.519598e+07
5.17582e+07
4.534601e+07
0
0
0
0
0
0
0
0
0
0
1.262355e+08
8.877522e+07
6.572516e+07
5.219918e+07
4.575635e+07
0
0
0
0
0
0
0
0
0
0
1.270187e+08
8.940394e+07
6.625081e+07
5.263414e+07
4.61556e+07
0
0
0
0
0
0
0
0
0
0
0
0
0
0
0
0
1.275592e+08
8.986696e+07
6.666233e+07
5.30083e+07
4.651003e+07
0
0
0
0
0
0
0
0
0
0
0
0
0
0
0
0
0
1.278379e+08
9.015063e+07
6.696201e+07
5.331162e+07
4.680648e+07
0
0
0
0
0
0
0
0
0
0
0
0
0
0
0
0
0
0
1.278602e+08
9.02951e+07
6.713747e+07
5.352371e+07
4.705926e+07
0
0
0
0
0
0
0
0
0
0
0
0
0
0
0
0
0
0
0
1.27674e+08
9.027614e+07
6.723392e+07
5.366132e+07
4.723287e+07
0
0
0
0
0
0
0
0
0
0
0
0
0
0
0
0
0
0
0
0
1.103271e+08
7.727326e+07
5.652242e+07
4.407877e+07
3.79107e+07
0
0
1.149039e+08
7.808343e+07
5.728276e+07
4.480671e+07
3.868505e+07
0
0
0
1.165288e+08
8.167541e+07
5.797469e+07
4.553412e+07
3.938846e+07
0
0
0
0
1.177416e+08
8.256245e+07
6.099523e+07
4.594563e+07
4.009002e+07
0
0
0
0
0
1.187544e+08
8.324331e+07
6.146487e+07
4.874535e+07
4.052195e+07
0
0
0
0
0
0
1.195766e+08
8.385046e+07
6.190747e+07
4.902248e+07
4.293936e+07
0
0
0
0
0
0
0
1.203385e+08
8.441159e+07
6.232541e+07
4.937287e+07
4.318108e+07
0
0
0
0
0
0
0
0
1.210807e+08
8.497501e+07
6.275951e+07
4.971808e+07
4.348462e+07
0
0
0
0
0
0
0
0
0
1.218361e+08
8.55504e+07
6.321308e+07
5.009124e+07
4.381768e+07
0
0
0
0
0
0
0
0
0
0
1.226006e+08
8.611255e+07
6.368115e+07
5.047871e+07
4.417628e+07
0
0
0
0
0
0
0
0
0
0
1.233905e+08
8.669727e+07
6.41284e+07
5.088203e+07
4.453052e+07
0
0
0
0
0
0
0
0
0
0
1.242205e+08
8.72928e+07
6.45987e+07
5.126517e+07
4.490797e+07
0
0
0
0
0
0
0
0
0
0
1.250629e+08
8.791784e+07
6.507597e+07
5.166744e+07
4.526849e+07
0
0
0
0
0
0
0
0
0
0
1.258726e+08
8.854698e+07
6.558285e+07
5.208147e+07
4.565415e+07
0
0
0
0
0
0
0
0
0
0
1.266303e+08
8.915165e+07
6.607706e+07
5.250132e+07
4.604214e+07
0
0
0
0
0
0
0
0
0
0
1.272748e+08
8.96791e+07
6.654045e+07
5.292321e+07
4.642619e+07
0
0
0
0
0
0
0
0
0
0
0
0
0
0
0
0
0
1.276694e+08
9.003729e+07
6.688152e+07
5.325083e+07
4.675599e+07
0
0
0
0
0
0
0
0
0
0
0
0
0
0
0
0
0
0
1.277787e+08
9.023351e+07
6.70898e+07
5.34957e+07
4.702472e+07
0
0
0
0
0
0
0
0
0
0
0
0
0
0
0
0
0
0
0
1.276482e+08
9.02498e+07
6.720948e+07
5.363986e+07
4.721402e+07
0
0
0
0
0
0
0
0
0
0
0
0
0
0
0
0
0
0
0
0
1.275093e+08
9.011025e+07
6.720486e+07
5.372877e+07
4.733854e+07
0
0
0
0
0
0
0
0
0
0
0
0
0
0
0
0
0
0
0
0
0
1.149254e+08
7.808653e+07
5.729016e+07
4.482055e+07
3.870284e+07
0
0
0
1.166316e+08
8.174296e+07
5.800334e+07
4.554373e+07
3.941041e+07
0
0
0
0
1.179188e+08
8.270189e+07
6.111951e+07
4.617758e+07
4.011379e+07
0
0
0
0
0
1.190309e+08
8.343558e+07
6.163388e+07
4.891084e+07
4.051266e+07
0
0
0
0
0
0
1.199306e+08
8.408949e+07
6.20588e+07
4.918875e+07
4.306607e+07
0
0
0
0
0
0
0
1.206696e+08
8.462825e+07
6.247879e+07
4.950129e+07
4.327449e+07
0
0
0
0
0
0
0
0
1.213387e+08
8.514372e+07
6.287705e+07
4.981143e+07
4.357072e+07
0
0
0
0
0
0
0
0
0
1.220077e+08
8.564799e+07
6.328815e+07
5.014744e+07
4.386627e+07
0
0
0
0
0
0
0
0
0
0
1.226923e+08
8.617028e+07
6.3716e+07
5.050646e+07
4.419104e+07
0
0
0
0
0
0
0
0
0
0
1.233904e+08
8.669459e+07
6.412746e+07
5.088202e+07
4.453099e+07
0
0
0
0
0
0
0
0
0
0
1.241272e+08
8.7233e+07
6.455912e+07
5.123556e+07
4.488678e+07
0
0
0
0
0
0
0
0
0
0
1.24877e+08
8.780216e+07
6.499668e+07
5.161069e+07
4.522227e+07
0
0
0
0
0
0
0
0
0
0
1.2558e+08
8.837143e+07
6.545884e+07
5.199022e+07
4.557601e+07
0
0
0
0
0
0
0
0
0
0
1.262631e+08
8.891725e+07
6.591755e+07
5.239619e+07
4.594017e+07
0
0
0
0
0
0
0
0
0
0
1.268906e+08
8.94224e+07
6.636079e+07
5.278777e+07
4.630964e+07
0
0
0
0
0
0
0
0
0
0
1.273898e+08
8.985063e+07
6.674828e+07
5.31597e+07
4.668351e+07
0
0
0
0
0
0
0
0
0
0
0
0
0
0
0
0
0
0
1.276208e+08
9.012379e+07
6.700889e+07
5.34335e+07
4.69721e+07
0
0
0
0
0
0
0
0
0
0
0
0
0
0
0
0
0
0
0
1.275755e+08
9.019107e+07
6.716258e+07
5.360102e+07
4.719033e+07
0
0
0
0
0
0
0
0
0
0
0
0
0
0
0
0
0
0
0
0
1.274849e+08
9.008575e+07
6.718142e+07
5.37071e+07
4.731879e+07
0
0
0
0
0
0
0
0
0
0
0
0
0
0
0
0
0
0
0
0
0
1.273309e+08
9.002873e+07
6.707714e+07
5.371181e+07
4.740187e+07
0
0
0
0
0
0
0
0
0
0
0
0
0
0
0
0
0
0
0
0
0
0
1.166723e+08
8.175353e+07
5.801063e+07
4.55527e+07
3.942463e+07
0
0
0
0
1.180076e+08
8.278106e+07
6.117404e+07
4.62063e+07
4.012339e+07
0
0
0
0
0
1.191973e+08
8.355864e+07
6.174401e+07
4.902172e+07
4.072025e+07
0
0
0
0
0
0
1.202002e+08
8.427763e+07
6.220177e+07
4.933022e+07
4.321769e+07
0
0
0
0
0
0
0
1.210202e+08
8.48633e+07
6.265123e+07
4.96144e+07
4.342378e+07
0
0
0
0
0
0
0
0
1.216722e+08
8.536027e+07
6.302969e+07
4.992991e+07
4.368329e+07
0
0
0
0
0
0
0
0
0
1.222688e+08
8.581434e+07
6.340593e+07
5.023729e+07
4.394704e+07
0
0
0
0
0
0
0
0
0
0
1.228686e+08
8.627884e+07
6.377641e+07
5.056295e+07
4.423907e+07
0
0
0
0
0
0
0
0
0
0
1.234845e+08
8.67533e+07
6.416722e+07
5.090756e+07
4.455457e+07
0
0
0
0
0
0
0
0
0
0
1.241256e+08
8.723287e+07
6.455719e+07
5.123487e+07
4.488677e+07
0
0
0
0
0
0
0
0
0
0
1.247806e+08
8.774237e+07
6.495536e+07
5.158086e+07
4.519697e+07
0
0
0
0
0
0
0
0
0
0
1.253892e+08
8.825585e+07
6.537876e+07
5.193041e+07
4.552763e+07
0
0
0
0
0
0
0
0
0
0
1.259717e+08
8.87269e+07
6.579676e+07
5.230156e+07
4.586164e+07
0
0
0
0
0
0
0
0
0
0
1.265252e+08
8.918541e+07
6.619717e+07
5.266587e+07
4.622033e+07
0
0
0
0
0
0
0
0
0
0
1.270054e+08
8.960263e+07
6.656446e+07
5.301978e+07
4.656466e+07
0
0
0
0
0
0
0
0
0
0
1.273504e+08
8.993961e+07
6.687637e+07
5.333038e+07
4.689428e+07
0
0
0
0
0
0
0
0
0
0
0
0
0
0
0
0
0
0
0
1.274262e+08
9.008628e+07
6.708541e+07
5.353813e+07
4.713643e+07
0
0
0
0
0
0
0
0
0
0
0
0
0
0
0
0
0
0
0
0
1.274137e+08
9.003248e+07
6.713612e+07
5.366876e+07
4.728425e+07
0
0
0
0
0
0
0
0
0
0
0
0
0
0
0
0
0
0
0
0
0
1.273086e+08
9.000543e+07
6.705453e+07
5.369067e+07
4.738188e+07
0
0
0
0
0
0
0
0
0
0
0
0
0
0
0
0
0
0
0
0
0
0
1.271369e+08
8.993342e+07
6.704447e+07
5.360929e+07
4.738867e+07
0
0
0
0
0
0
0
0
0
0
0
0
0
0
0
0
0
0
0
0
0
0
0
1.180416e+08
8.281774e+07
6.117836e+07
4.621548e+07
4.013285e+07
0
0
0
0
0
1.192804e+08
8.362291e+07
6.180931e+07
4.906788e+07
4.074964e+07
0
0
0
0
0
0
1.203615e+08
8.439017e+07
6.229348e+07
4.942326e+07
4.331974e+07
0
0
0
0
0
0
0
1.212869e+08
8.504451e+07
6.278854e+07
4.97294e+07
4.355109e+07
0
0
0
0
0
0
0
0
1.220226e+08
8.559171e+07
6.319769e+07
5.006539e+07
4.378012e+07
0
0
0
0
0
0
0
0
0
1.226047e+08
8.603291e+07
6.355824e+07
5.03545e+07
4.405005e+07
0
0
0
0
0
0
0
0
0
0
1.231326e+08
8.644766e+07
6.389177e+07
5.065259e+07
4.431658e+07
0
0
0
0
0
0
0
0
0
0
1.236631e+08
8.686568e+07
6.424119e+07
5.094811e+07
4.460284e+07
0
0
0
0
0
0
0
0
0
0
1.242198e+08
8.729359e+07
6.459761e+07
5.126477e+07
4.490824e+07
0
0
0
0
0
0
0
0
0
0
1.24781e+08
8.774116e+07
6.495524e+07
5.157942e+07
4.519636e+07
0
0
0
0
0
0
0
0
0
0
1.252943e+08
8.819419e+07
6.533738e+07
5.189924e+07
4.550212e+07
0
0
0
0
0
0
0
0
0
0
1.257766e+08
8.860602e+07
6.571968e+07
5.224096e+07
4.581043e+07
0
0
0
0
0
0
0
0
0
0
1.262288e+08
8.89984e+07
6.606344e+07
5.25749e+07
4.613872e+07
0
0
0
0
0
0
0
0
0
0
1.266414e+08
8.936738e+07
6.639913e+07
5.289478e+07
4.645916e+07
0
0
0
0
0
0
0
0
0
0
1.269748e+08
8.968513e+07
6.67031e+07
5.318653e+07
4.677161e+07
0
0
0
0
0
0
0
0
0
0
1.271707e+08
8.990943e+07
6.695398e+07
5.343545e+07
4.704672e+07
0
0
0
0
0
0
0
0
0
0
0
0
0
0
0
0
0
0
0
0
1.272705e+08
8.993154e+07
6.706065e+07
5.360955e+07
4.72296e+07
0
0
0
0
0
0
0
0
0
0
0
0
0
0
0
0
0
0
0
0
0
1.272397e+08
8.995271e+07
6.701262e+07
5.365327e+07
4.734774e+07
0
0
0
0
0
0
0
0
0
0
0
0
0
0
0
0
0
0
0
0
0
0
1.271157e+08
8.991217e+07
6.702293e+07
5.358846e+07
4.736903e+07
0
0
0
0
0
0
0
0
0
0
0
0
0
0
0
0
0
0
0
0
0
0
0
1.269347e+08
8.982516e+07
6.699787e+07
5.360346e+07
4.729651e+07
0
0
0
0
0
0
0
0
0
0
0
0
0
0
0
0
0
0
0
0
0
0
0
0
1.193018e+08
8.365286e+07
6.184284e+07
4.906879e+07
4.075986e+07
0
0
0
0
0
0
1.204419e+08
8.444863e+07
6.234325e+07
4.948007e+07
4.33606e+07
0
0
0
0
0
0
0
1.214472e+08
8.515237e+07
6.287022e+07
4.980308e+07
4.363491e+07
0
0
0
0
0
0
0
0
1.222877e+08
8.577033e+07
6.332842e+07
5.01739e+07
4.388194e+07
0
0
0
0
0
0
0
0
0
1.229541e+08
8.626374e+07
6.372289e+07
5.048543e+07
4.416933e+07
0
0
0
0
0
0
0
0
0
0
1.234696e+08
8.666739e+07
6.404597e+07
5.076942e+07
4.441824e+07
0
0
0
0
0
0
0
0
0
0
1.239306e+08
8.703634e+07
6.435879e+07
5.103545e+07
4.468002e+07
0
0
0
0
0
0
0
0
0
0
1.243995e+08
8.74079e+07
6.467465e+07
5.13199e+07
4.494054e+07
0
0
0
0
0
0
0
0
0
0
1.248774e+08
8.780162e+07
6.499732e+07
5.160982e+07
4.522191e+07
0
0
0
0
0
0
0
0
0
0
1.252943e+08
8.819459e+07
6.533656e+07
5.189912e+07
4.550087e+07
0
0
0
0
0
0
0
0
0
0
1.2568e+08
8.855059e+07
6.567715e+07
5.220964e+07
4.578374e+07
0
0
0
0
0
0
0
0
0
0
1.260287e+08
8.887752e+07
6.598066e+07
5.251866e+07
4.608676e+07
0
0
0
0
0
0
0
0
0
0
1.263469e+08
8.917502e+07
6.626943e+07
5.27922e+07
4.63813e+07
0
0
0
0
0
0
0
0
0
0
1.266158e+08
8.944996e+07
6.653922e+07
5.30603e+07
4.666347e+07
0
0
0
0
0
0
0
0
0
0
1.268106e+08
8.966239e+07
6.67713e+07
5.330273e+07
4.692032e+07
0
0
0
0
0
0
0
0
0
0
1.270199e+08
8.976142e+07
6.693521e+07
5.350719e+07
4.714024e+07
0
0
0
0
0
0
0
0
0
0
0
0
0
0
0
0
0
0
0
0
0
1.270975e+08
8.98556e+07
6.693849e+07
5.359406e+07
4.729665e+07
0
0
0
0
0
0
0
0
0
0
0
0
0
0
0
0
0
0
0
0
0
0
1.270476e+08
8.98608e+07
6.69812e+07
5.355327e+07
4.733558e+07
0
0
0
0
0
0
0
0
0
0
0
0
0
0
0
0
0
0
0
0
0
0
0
1.26912e+08
8.980437e+07
6.697826e+07
5.358359e+07
4.727701e+07
0
0
0
0
0
0
0
0
0
0
0
0
0
0
0
0
0
0
0
0
0
0
0
0
1.26729e+08
8.970759e+07
6.693933e+07
5.35838e+07
4.72997e+07
0
0
0
0
0
0
0
0
0
0
0
0
0
0
0
0
0
0
0
0
0
0
0
0
0
1.204745e+08
8.44576e+07
6.236986e+07
4.951106e+07
4.335983e+07
0
0
0
0
0
0
0
1.215313e+08
8.520882e+07
6.291406e+07
4.984427e+07
4.368673e+07
0
0
0
0
0
0
0
0
1.224448e+08
8.587665e+07
6.340573e+07
5.023807e+07
4.394695e+07
0
0
0
0
0
0
0
0
0
1.232141e+08
8.644085e+07
6.385145e+07
5.058775e+07
4.426472e+07
0
0
0
0
0
0
0
0
0
0
1.23824e+08
8.689694e+07
6.421003e+07
5.089728e+07
4.453312e+07
0
0
0
0
0
0
0
0
0
0
0
1.242682e+08
8.725592e+07
6.451349e+07
5.115409e+07
4.47813e+07
0
0
0
0
0
0
0
0
0
0
1.24675e+08
8.758055e+07
6.479361e+07
5.140935e+07
4.501552e+07
0
0
0
0
0
0
0
0
0
0
1.250618e+08
8.791676e+07
6.507615e+07
5.166753e+07
4.526879e+07
0
0
0
0
0
0
0
0
0
0
1.25387e+08
8.825633e+07
6.537832e+07
5.193094e+07
4.552684e+07
0
0
0
0
0
0
0
0
0
0
1.256793e+08
8.855067e+07
6.567751e+07
5.220908e+07
4.578364e+07
0
0
0
0
0
0
0
0
0
0
1.259309e+08
8.881663e+07
6.59464e+07
5.24866e+07
4.605991e+07
0
0
0
0
0
0
0
0
0
0
1.261461e+08
8.904585e+07
6.618903e+07
5.273013e+07
4.633407e+07
0
0
0
0
0
0
0
0
0
0
1.263284e+08
8.925848e+07
6.640426e+07
5.296189e+07
4.657476e+07
0
0
0
0
0
0
0
0
0
0
1.264603e+08
8.94311e+07
6.660673e+07
5.317768e+07
4.681116e+07
0
0
0
0
0
0
0
0
0
0
1.266665e+08
8.952006e+07
6.675882e+07
5.336387e+07
4.702491e+07
0
0
0
0
0
0
0
0
0
0
0
1.268519e+08
8.968814e+07
6.681533e+07
5.349681e+07
4.720738e+07
0
0
0
0
0
0
0
0
0
0
0
0
0
0
0
0
0
0
0
0
0
0
1.269087e+08
8.976411e+07
6.69095e+07
5.349413e+07
4.728393e+07
0
0
0
0
0
0
0
0
0
0
0
0
0
0
0
0
0
0
0
0
0
0
0
1.268508e+08
8.975362e+07
6.693729e+07
5.354843e+07
4.724532e+07
0
0
0
0
0
0
0
0
0
0
0
0
0
0
0
0
0
0
0
0
0
0
0
0
1.267085e+08
8.968564e+07
6.691984e+07
5.356574e+07
4.728109e+07
0
0
0
0
0
0
0
0
0
0
0
0
0
0
0
0
0
0
0
0
0
0
0
0
0
1.265259e+08
8.958371e+07
6.687062e+07
5.355278e+07
4.728969e+07
0
0
0
0
0
0
0
0
0
0
0
0
0
0
0
0
0
0
0
0
0
0
0
0
0
1.215611e+08
8.523715e+07
6.291557e+07
4.98683e+07
4.37157e+07
0
0
0
0
0
0
0
0
1.22527e+08
8.593673e+07
6.344808e+07
5.027334e+07
4.398377e+07
0
0
0
0
0
0
0
0
0
1.23369e+08
8.654449e+07
6.392703e+07
5.064781e+07
4.432076e+07
0
0
0
0
0
0
0
0
0
0
1.240829e+08
8.706288e+07
6.433724e+07
5.099777e+07
4.462266e+07
0
0
0
0
0
0
0
0
0
0
0
1.246259e+08
8.748925e+07
6.467641e+07
5.128146e+07
4.489331e+07
0
0
0
0
0
0
0
0
0
0
0
0
1.250125e+08
8.779942e+07
6.494777e+07
5.152817e+07
4.511855e+07
0
0
0
0
0
0
0
0
0
0
1.253391e+08
8.809559e+07
6.519632e+07
5.175808e+07
4.534577e+07
0
0
0
0
0
0
0
0
0
0
1.255805e+08
8.837074e+07
6.545807e+07
5.199035e+07
4.557607e+07
0
0
0
0
0
0
0
0
0
0
1.25777e+08
8.860448e+07
6.572012e+07
5.224059e+07
4.581091e+07
0
0
0
0
0
0
0
0
0
0
1.259298e+08
8.881604e+07
6.594654e+07
5.248691e+07
4.605944e+07
0
0
0
0
0
0
0
0
0
0
1.260471e+08
8.898442e+07
6.614739e+07
5.270708e+07
4.630663e+07
0
0
0
0
0
0
0
0
0
0
1.261275e+08
8.912852e+07
6.63141e+07
5.290335e+07
4.652183e+07
0
0
0
0
0
0
0
0
0
0
1.261789e+08
8.924524e+07
6.647199e+07
5.307421e+07
4.672657e+07
0
0
0
0
0
0
0
0
0
0
1.2632e+08
8.929051e+07
6.65972e+07
5.323775e+07
4.691683e+07
0
0
0
0
0
0
0
0
0
0
0
1.265024e+08
8.945112e+07
6.663935e+07
5.335898e+07
4.708132e+07
0
0
0
0
0
0
0
0
0
0
0
0
1.266662e+08
8.960024e+07
6.678788e+07
5.339685e+07
4.719936e+07
0
0
0
0
0
0
0
0
0
0
0
0
0
0
0
0
0
0
0
0
0
0
0
1.267169e+08
8.96592e+07
6.686584e+07
5.349092e+07
4.719332e+07
0
0
0
0
0
0
0
0
0
0
0
0
0
0
0
0
0
0
0
0
0
0
0
0
1.26649e+08
8.964012e+07
6.687944e+07
5.353101e+07
4.724937e+07
0
0
0
0
0
0
0
0
0
0
0
0
0
0
0
0
0
0
0
0
0
0
0
0
0
1.265068e+08
8.956356e+07
6.685044e+07
5.353469e+07
4.727279e+07
0
0
0
0
0
0
0
0
0
0
0
0
0
0
0
0
0
0
0
0
0
0
0
0
0
1.263248e+08
8.945823e+07
6.679393e+07
5.351128e+07
4.726903e+07
0
0
0
0
0
0
0
0
0
0
0
0
0
0
0
0
0
0
0
0
0
0
0
0
0
1.225548e+08
8.596273e+07
6.347253e+07
5.027069e+07
4.400608e+07
0
0
0
0
0
0
0
0
0
1.234491e+08
8.660315e+07
6.397247e+07
5.068189e+07
4.43519e+07
0
0
0
0
0
0
0
0
0
0
1.24239e+08
8.716468e+07
6.441058e+07
5.105606e+07
4.467484e+07
0
0
0
0
0
0
0
0
0
0
0
1.248866e+08
8.765406e+07
6.478975e+07
5.138074e+07
4.49812e+07
0
0
0
0
0
0
0
0
0
0
0
0
1.253748e+08
8.803492e+07
6.51137e+07
5.165458e+07
4.523012e+07
0
0
0
0
0
0
0
0
0
0
0
0
0
1.256901e+08
8.830714e+07
6.534954e+07
5.187627e+07
4.544889e+07
0
0
0
0
0
0
0
0
0
0
1.25873e+08
8.854772e+07
6.558313e+07
5.208173e+07
4.565404e+07
0
0
0
0
0
0
0
0
0
0
1.259714e+08
8.872732e+07
6.579634e+07
5.230099e+07
4.586175e+07
0
0
0
0
0
0
0
0
0
0
1.260273e+08
8.887796e+07
6.597972e+07
5.251906e+07
4.608641e+07
0
0
0
0
0
0
0
0
0
0
1.260469e+08
8.898347e+07
6.614698e+07
5.270724e+07
4.630692e+07
0
0
0
0
0
0
0
0
0
0
1.260297e+08
8.906536e+07
6.627223e+07
5.28721e+07
4.650345e+07
0
0
0
0
0
0
0
0
0
0
1.259841e+08
8.91138e+07
6.638097e+07
5.300543e+07
4.667747e+07
0
0
0
0
0
0
0
0
0
0
1.260395e+08
8.910784e+07
6.646697e+07
5.313414e+07
4.682739e+07
0
0
0
0
0
0
0
0
0
0
0
1.261583e+08
8.922377e+07
6.6476e+07
5.323521e+07
4.697208e+07
0
0
0
0
0
0
0
0
0
0
0
0
1.263205e+08
8.936557e+07
6.661482e+07
5.325677e+07
4.707844e+07
0
0
0
0
0
0
0
0
0
0
0
0
0
1.264778e+08
8.949724e+07
6.674692e+07
5.339461e+07
4.710797e+07
0
0
0
0
0
0
0
0
0
0
0
0
0
0
0
0
0
0
0
0
0
0
0
0
1.265183e+08
8.95498e+07
6.680976e+07
5.34737e+07
4.719869e+07
0
0
0
0
0
0
0
0
0
0
0
0
0
0
0
0
0
0
0
0
0
0
0
0
0
1.264489e+08
8.951939e+07
6.681403e+07
5.350051e+07
4.724138e+07
0
0
0
0
0
0
0
0
0
0
0
0
0
0
0
0
0
0
0
0
0
0
0
0
0
1.263097e+08
8.943903e+07
6.67752e+07
5.349281e+07
4.725206e+07
0
0
0
0
0
0
0
0
0
0
0
0
0
0
0
0
0
0
0
0
0
0
0
0
0
1.261351e+08
8.932934e+07
6.671278e+07
5.346103e+07
4.723827e+07
0
0
0
0
0
0
0
0
0
0
0
0
0
0
0
0
0
0
0
0
0
0
0
0
0
1.234797e+08
8.662766e+07
6.399511e+07
5.070343e+07
4.434769e+07
0
0
0
0
0
0
0
0
0
0
1.243171e+08
8.722174e+07
6.4455e+07
5.109279e+07
4.470496e+07
0
0
0
0
0
0
0
0
0
0
0
1.25043e+08
8.775658e+07
6.486167e+07
5.143712e+07
4.503167e+07
0
0
0
0
0
0
0
0
0
0
0
0
1.256418e+08
8.820101e+07
6.522621e+07
5.173904e+07
4.53169e+07
0
0
0
0
0
0
0
0
0
0
0
0
0
1.260603e+08
8.854608e+07
6.551703e+07
5.200523e+07
4.555959e+07
0
0
0
0
0
0
0
0
0
0
0
0
0
0
1.262362e+08
8.87747e+07
6.572573e+07
5.2199e+07
4.575651e+07
0
0
0
0
0
0
0
0
0
0
1.262625e+08
8.891754e+07
6.591818e+07
5.239645e+07
4.594041e+07
0
0
0
0
0
0
0
0
0
0
1.262297e+08
8.899815e+07
6.606376e+07
5.257464e+07
4.613823e+07
0
0
0
0
0
0
0
0
0
0
1.261457e+08
8.904478e+07
6.618943e+07
5.272954e+07
4.633444e+07
0
0
0
0
0
0
0
0
0
0
1.260304e+08
8.906515e+07
6.627154e+07
5.28718e+07
4.650362e+07
0
0
0
0
0
0
0
0
0
0
1.258878e+08
8.905146e+07
6.63373e+07
5.297412e+07
4.665083e+07
0
0
0
0
0
0
0
0
0
0
1.258488e+08
8.898097e+07
6.637383e+07
5.306447e+07
4.676816e+07
0
0
0
0
0
0
0
0
0
0
0
1.25883e+08
8.904116e+07
6.634743e+07
5.313536e+07
4.68824e+07
0
0
0
0
0
0
0
0
0
0
0
0
1.259846e+08
8.913992e+07
6.645279e+07
5.312962e+07
4.697135e+07
0
0
0
0
0
0
0
0
0
0
0
0
0
1.261367e+08
8.926541e+07
6.65754e+07
5.325664e+07
4.698401e+07
0
0
0
0
0
0
0
0
0
0
0
0
0
0
1.262861e+08
8.939016e+07
6.669216e+07
5.337955e+07
4.711407e+07
0
0
0
0
0
0
0
0
0
0
0
0
0
0
0
0
0
0
0
0
0
0
0
0
0
1.263229e+08
8.943128e+07
6.674777e+07
5.344466e+07
4.719087e+07
0
0
0
0
0
0
0
0
0
0
0
0
0
0
0
0
0
0
0
0
0
0
0
0
0
1.262503e+08
8.939586e+07
6.673999e+07
5.346181e+07
4.722116e+07
0
0
0
0
0
0
0
0
0
0
0
0
0
0
0
0
0
0
0
0
0
0
0
0
0
1.261192e+08
8.931347e+07
6.669478e+07
5.344376e+07
4.7221e+07
0
0
0
0
0
0
0
0
0
0
0
0
0
0
0
0
0
0
0
0
0
0
0
0
0
1.259573e+08
8.920405e+07
6.662509e+07
5.340475e+07
4.719891e+07
0
0
0
0
0
0
0
0
0
0
0
0
0
0
0
0
0
0
0
0
0
0
0
0
0
1.243469e+08
8.724878e+07
6.44765e+07
5.111288e+07
4.47248e+07
0
0
0
0
0
0
0
0
0
0
0
1.25124e+08
8.781195e+07
6.490487e+07
5.147306e+07
4.506423e+07
0
0
0
0
0
0
0
0
0
0
0
0
1.258e+08
8.830369e+07
6.529856e+07
5.179427e+07
4.536563e+07
0
0
0
0
0
0
0
0
0
0
0
0
0
1.263279e+08
8.872182e+07
6.563076e+07
5.208912e+07
4.563158e+07
0
0
0
0
0
0
0
0
0
0
0
0
0
0
1.26621e+08
8.901864e+07
6.589616e+07
5.232921e+07
4.586954e+07
0
0
0
0
0
0
0
0
0
0
0
0
0
0
0
1.266306e+08
8.915224e+07
6.607672e+07
5.250181e+07
4.604198e+07
0
0
0
0
0
0
0
0
0
0
1.265251e+08
8.9185e+07
6.619736e+07
5.266639e+07
4.622058e+07
0
0
0
0
0
0
0
0
0
0
1.263448e+08
8.917573e+07
6.626926e+07
5.279245e+07
4.63811e+07
0
0
0
0
0
0
0
0
0
0
1.261282e+08
8.912822e+07
6.631334e+07
5.290369e+07
4.652136e+07
0
0
0
0
0
0
0
0
0
0
1.258876e+08
8.905191e+07
6.633714e+07
5.29736e+07
4.665059e+07
0
0
0
0
0
0
0
0
0
0
1.257503e+08
8.891911e+07
6.633081e+07
5.30314e+07
4.674151e+07
0
0
0
0
0
0
0
0
0
0
0
1.256902e+08
8.891757e+07
6.625768e+07
5.30633e+07
4.68223e+07
0
0
0
0
0
0
0
0
0
0
0
0
1.257065e+08
8.896107e+07
6.632394e+07
5.303061e+07
4.688507e+07
0
0
0
0
0
0
0
0
0
0
0
0
0
1.258033e+08
8.904619e+07
6.641477e+07
5.313032e+07
4.687306e+07
0
0
0
0
0
0
0
0
0
0
0
0
0
0
1.259516e+08
8.916093e+07
6.652297e+07
5.32427e+07
4.699191e+07
0
0
0
0
0
0
0
0
0
0
0
0
0
0
0
1.260963e+08
8.927676e+07
6.663209e+07
5.335155e+07
4.710815e+07
0
0
0
0
0
0
0
0
0
0
0
0
0
0
0
0
0
0
0
0
0
0
0
0
0
1.261288e+08
8.931154e+07
6.667555e+07
5.340896e+07
4.717195e+07
0
0
0
0
0
0
0
0
0
0
0
0
0
0
0
0
0
0
0
0
0
0
0
0
0
1.260653e+08
8.926897e+07
6.666039e+07
5.341389e+07
4.719293e+07
0
0
0
0
0
0
0
0
0
0
0
0
0
0
0
0
0
0
0
0
0
0
0
0
0
1.259425e+08
8.918751e+07
6.660974e+07
5.338811e+07
4.718274e+07
0
0
0
0
0
0
0
0
0
0
0
0
0
0
0
0
0
0
0
0
0
0
0
0
0
1.257973e+08
8.908172e+07
6.653607e+07
5.33404e+07
4.715333e+07
0
0
0
0
0
0
0
0
0
0
0
0
0
0
0
0
0
0
0
0
0
0
0
0
0
1.251533e+08
8.783843e+07
6.492846e+07
5.149225e+07
4.508279e+07
0
0
0
0
0
0
0
0
0
0
0
0
1.258756e+08
8.836145e+07
6.534053e+07
5.182929e+07
4.539751e+07
0
0
0
0
0
0
0
0
0
0
0
0
0
1.264906e+08
8.882557e+07
6.570323e+07
5.214465e+07
4.567929e+07
0
0
0
0
0
0
0
0
0
0
0
0
0
0
1.268999e+08
8.9188e+07
6.60209e+07
5.241432e+07
4.594107e+07
0
0
0
0
0
0
0
0
0
0
0
0
0
0
0
1.270195e+08
8.940531e+07
6.625066e+07
5.263467e+07
4.61561e+07
0
0
0
0
0
0
0
0
0
0
0
0
0
0
0
0
1.268908e+08
8.94227e+07
6.636122e+07
5.278754e+07
4.631009e+07
0
0
0
0
0
0
0
0
0
0
1.266412e+08
8.936737e+07
6.639889e+07
5.28949e+07
4.645963e+07
0
0
0
0
0
0
0
0
0
0
1.263274e+08
8.925697e+07
6.640479e+07
5.296176e+07
4.657498e+07
0
0
0
0
0
0
0
0
0
0
1.259854e+08
8.911439e+07
6.638076e+07
5.300487e+07
4.667779e+07
0
0
0
0
0
0
0
0
0
0
1.257502e+08
8.891892e+07
6.63311e+07
5.303126e+07
4.674106e+07
0
0
0
0
0
0
0
0
0
0
0
1.255918e+08
8.88535e+07
6.621454e+07
5.303077e+07
4.679395e+07
0
0
0
0
0
0
0
0
0
0
0
0
1.25517e+08
8.883549e+07
6.623673e+07
5.29612e+07
4.682257e+07
0
0
0
0
0
0
0
0
0
0
0
0
0
1.255295e+08
8.88643e+07
6.628845e+07
5.30309e+07
4.678733e+07
0
0
0
0
0
0
0
0
0
0
0
0
0
0
1.256209e+08
8.894278e+07
6.636736e+07
5.311763e+07
4.688161e+07
0
0
0
0
0
0
0
0
0
0
0
0
0
0
0
1.25767e+08
8.905228e+07
6.646449e+07
5.321672e+07
4.698693e+07
0
0
0
0
0
0
0
0
0
0
0
0
0
0
0
1.259068e+08
8.916106e+07
6.656388e+07
5.331757e+07
4.709014e+07
0
0
0
0
0
0
0
0
0
0
0
0
0
0
0
0
0
0
0
0
0
0
0
0
0
1.259473e+08
8.91879e+07
6.659912e+07
5.336266e+07
4.714647e+07
0
0
0
0
0
0
0
0
0
0
0
0
0
0
0
0
0
0
0
0
0
0
0
0
0
1.25892e+08
8.914747e+07
6.65746e+07
5.335901e+07
4.715571e+07
0
0
0
0
0
0
0
0
0
0
0
0
0
0
0
0
0
0
0
0
0
0
0
0
0
1.257841e+08
8.906648e+07
6.652039e+07
5.332594e+07
4.713773e+07
0
0
0
0
0
0
0
0
0
0
0
0
0
0
0
0
0
0
0
0
0
0
0
0
0
1.256541e+08
8.896729e+07
6.644475e+07
5.327202e+07
4.709955e+07
0
0
0
0
0
0
0
0
0
0
0
0
0
0
0
0
0
0
0
0
0
0
0
0
0
1.259023e+08
8.838752e+07
6.536377e+07
5.18502e+07
4.541527e+07
0
0
0
0
0
0
0
0
0
0
0
0
0
1.265734e+08
8.88729e+07
6.5747e+07
5.217875e+07
4.571037e+07
0
0
0
0
0
0
0
0
0
0
0
0
0
0
1.270703e+08
8.929473e+07
6.609414e+07
5.246998e+07
4.598903e+07
0
0
0
0
0
0
0
0
0
0
0
0
0
0
0
1.273056e+08
8.958233e+07
6.636586e+07
5.27312e+07
4.622882e+07
0
0
0
0
0
0
0
0
0
0
0
0
0
0
0
0
1.272738e+08
8.96798e+07
6.654143e+07
5.292311e+07
4.642669e+07
0
0
0
0
0
0
0
0
0
0
0
0
0
0
0
0
0
1.270051e+08
8.960287e+07
6.656474e+07
5.30201e+07
4.656447e+07
0
0
0
0
0
0
0
0
0
0
1.266159e+08
8.94498e+07
6.653922e+07
5.306016e+07
4.666357e+07
0
0
0
0
0
0
0
0
0
0
1.261802e+08
8.924445e+07
6.647098e+07
5.307462e+07
4.672646e+07
0
0
0
0
0
0
0
0
0
0
1.258488e+08
8.898186e+07
6.637427e+07
5.306432e+07
4.676768e+07
0
0
0
0
0
0
0
0
0
0
0
1.255926e+08
8.885318e+07
6.621438e+07
5.303098e+07
4.679383e+07
0
0
0
0
0
0
0
0
0
0
0
0
1.254203e+08
8.877126e+07
6.619163e+07
5.292824e+07
4.679471e+07
0
0
0
0
0
0
0
0
0
0
0
0
0
1.25341e+08
8.874119e+07
6.619965e+07
5.296353e+07
4.672717e+07
0
0
0
0
0
0
0
0
0
0
0
0
0
0
1.25353e+08
8.87643e+07
6.623833e+07
5.301996e+07
4.679545e+07
0
0
0
0
0
0
0
0
0
0
0
0
0
0
0
1.254401e+08
8.88355e+07
6.630938e+07
5.309577e+07
4.687779e+07
0
0
0
0
0
0
0
0
0
0
0
0
0
0
0
1.255823e+08
8.894031e+07
6.639996e+07
5.318383e+07
4.697075e+07
0
0
0
0
0
0
0
0
0
0
0
0
0
0
0
1.257297e+08
8.904115e+07
6.649066e+07
5.327459e+07
4.706623e+07
0
0
0
0
0
0
0
0
0
0
0
0
0
0
0
0
0
0
0
0
0
0
0
0
0
1.257735e+08
8.906923e+07
6.651593e+07
5.331052e+07
4.711073e+07
0
0
0
0
0
0
0
0
0
0
0
0
0
0
0
0
0
0
0
0
0
0
0
0
0
1.257351e+08
8.903e+07
6.648878e+07
5.32965e+07
4.71114e+07
0
0
0
0
0
0
0
0
0
0
0
0
0
0
0
0
0
0
0
0
0
0
0
0
0
1.256425e+08
8.895339e+07
6.643052e+07
5.325747e+07
4.708591e+07
0
0
0
0
0
0
0
0
0
0
0
0
0
0
0
0
0
0
0
0
0
0
0
0
0
1.255389e+08
8.885903e+07
6.635544e+07
5.319857e+07
4.704112e+07
0
0
0
0
0
0
0
0
0
0
0
0
0
0
0
0
0
0
0
0
0
0
0
0
0
1.26603e+08
8.889615e+07
6.576996e+07
5.219945e+07
4.57297e+07
0
0
0
0
0
0
0
0
0
0
0
0
0
0
1.271583e+08
8.935328e+07
6.612561e+07
5.250547e+07
4.601931e+07
0
0
0
0
0
0
0
0
0
0
0
0
0
0
0
1.274769e+08
8.969421e+07
6.64413e+07
5.278747e+07
4.627691e+07
0
0
0
0
0
0
0
0
0
0
0
0
0
0
0
0
1.275594e+08
8.98676e+07
6.666241e+07
5.300885e+07
4.651069e+07
0
0
0
0
0
0
0
0
0
0
0
0
0
0
0
0
0
1.273887e+08
8.984986e+07
6.674879e+07
5.316042e+07
4.668342e+07
0
0
0
0
0
0
0
0
0
0
0
0
0
0
0
0
0
0
1.26975e+08
8.968498e+07
6.670338e+07
5.318679e+07
4.677189e+07
0
0
0
0
0
0
0
0
0
0
1.26461e+08
8.943122e+07
6.66066e+07
5.317769e+07
4.681106e+07
0
0
0
0
0
0
0
0
0
0
1.260397e+08
8.910885e+07
6.646643e+07
5.313344e+07
4.682776e+07
0
0
0
0
0
0
0
0
0
0
0
1.256902e+08
8.891757e+07
6.625824e+07
5.306363e+07
4.682217e+07
0
0
0
0
0
0
0
0
0
0
0
0
1.254205e+08
8.877186e+07
6.619127e+07
5.292811e+07
4.679488e+07
0
0
0
0
0
0
0
0
0
0
0
0
0
1.252479e+08
8.867803e+07
6.615433e+07
5.292885e+07
4.66988e+07
0
0
0
0
0
0
0
0
0
0
0
0
0
0
1.251681e+08
8.86415e+07
6.615137e+07
5.29513e+07
4.67371e+07
0
0
0
0
0
0
0
0
0
0
0
0
0
0
0
1.251757e+08
8.866161e+07
6.618328e+07
5.299572e+07
4.679307e+07
0
0
0
0
0
0
0
0
0
0
0
0
0
0
0
1.252639e+08
8.872651e+07
6.624576e+07
5.306312e+07
4.686531e+07
0
0
0
0
0
0
0
0
0
0
0
0
0
0
0
1.254103e+08
8.882395e+07
6.63298e+07
5.314393e+07
4.694773e+07
0
0
0
0
0
0
0
0
0
0
0
0
0
0
0
1.255616e+08
8.892591e+07
6.641071e+07
5.322521e+07
4.703347e+07
0
0
0
0
0
0
0
0
0
0
0
0
0
0
0
0
0
0
0
0
0
0
0
0
0
1.256176e+08
8.895092e+07
6.643262e+07
5.325027e+07
4.706893e+07
0
0
0
0
0
0
0
0
0
0
0
0
0
0
0
0
0
0
0
0
0
0
0
0
0
1.255952e+08
8.891834e+07
6.640237e+07
5.323094e+07
4.705937e+07
0
0
0
0
0
0
0
0
0
0
0
0
0
0
0
0
0
0
0
0
0
0
0
0
0
1.255281e+08
8.884674e+07
6.634221e+07
5.31855e+07
4.702744e+07
0
0
0
0
0
0
0
0
0
0
0
0
0
0
0
0
0
0
0
0
0
0
0
0
0
1.25449e+08
8.876681e+07
6.626616e+07
5.312389e+07
4.697695e+07
0
0
0
0
0
0
0
0
0
0
0
0
0
0
0
0
0
0
0
0
0
0
0
0
0
1.271913e+08
8.937912e+07
6.614591e+07
5.252597e+07
4.603847e+07
0
0
0
0
0
0
0
0
0
0
0
0
0
0
0
1.275645e+08
8.975625e+07
6.648557e+07
5.281017e+07
4.630841e+07
0
0
0
0
0
0
0
0
0
0
0
0
0
0
0
0
1.277312e+08
8.997999e+07
6.674166e+07
5.306691e+07
4.655931e+07
0
0
0
0
0
0
0
0
0
0
0
0
0
0
0
0
0
1.276697e+08
9.003741e+07
6.688203e+07
5.325091e+07
4.675647e+07
0
0
0
0
0
0
0
0
0
0
0
0
0
0
0
0
0
0
1.2735e+08
8.993885e+07
6.687587e+07
5.333077e+07
4.68949e+07
0
0
0
0
0
0
0
0
0
0
0
0
0
0
0
0
0
0
0
1.268106e+08
8.966266e+07
6.677124e+07
5.330302e+07
4.692056e+07
0
0
0
0
0
0
0
0
0
0
1.263198e+08
8.929109e+07
6.659734e+07
5.323765e+07
4.691684e+07
0
0
0
0
0
0
0
0
0
0
0
1.258822e+08
8.904147e+07
6.634814e+07
5.313497e+07
4.688181e+07
0
0
0
0
0
0
0
0
0
0
0
0
1.255174e+08
8.883547e+07
6.623671e+07
5.296157e+07
4.682286e+07
0
0
0
0
0
0
0
0
0
0
0
0
0
1.252469e+08
8.867831e+07
6.615473e+07
5.292848e+07
4.669868e+07
0
0
0
0
0
0
0
0
0
0
0
0
0
0
1.250737e+08
8.858136e+07
6.610674e+07
5.29164e+07
4.670713e+07
0
0
0
0
0
0
0
0
0
0
0
0
0
0
0
1.249935e+08
8.854163e+07
6.609642e+07
5.292851e+07
4.673357e+07
0
0
0
0
0
0
0
0
0
0
0
0
0
0
0
1.25001e+08
8.855482e+07
6.612331e+07
5.29657e+07
4.677838e+07
0
0
0
0
0
0
0
0
0
0
0
0
0
0
0
1.250949e+08
8.861612e+07
6.617824e+07
5.302395e+07
4.684242e+07
0
0
0
0
0
0
0
0
0
0
0
0
0
0
0
1.252455e+08
8.871262e+07
6.62528e+07
5.309724e+07
4.691772e+07
0
0
0
0
0
0
0
0
0
0
0
0
0
0
0
1.254095e+08
8.881243e+07
6.633028e+07
5.316787e+07
4.699417e+07
0
0
0
0
0
0
0
0
0
0
0
0
0
0
0
0
0
0
0
0
0
0
0
0
0
1.254829e+08
8.88402e+07
6.634551e+07
5.318702e+07
4.701893e+07
0
0
0
0
0
0
0
0
0
0
0
0
0
0
0
0
0
0
0
0
0
0
0
0
0
1.254818e+08
8.881341e+07
6.631557e+07
5.316229e+07
4.700352e+07
0
0
0
0
0
0
0
0
0
0
0
0
0
0
0
0
0
0
0
0
0
0
0
0
0
1.254363e+08
8.875505e+07
6.625451e+07
5.311162e+07
4.696472e+07
0
0
0
0
0
0
0
0
0
0
0
0
0
0
0
0
0
0
0
0
0
0
0
0
0
1.253842e+08
8.868764e+07
6.61856e+07
5.304603e+07
4.691061e+07
0
0
0
0
0
0
0
0
0
0
0
0
0
0
0
0
0
0
0
0
0
0
0
0
0
1.275986e+08
8.97843e+07
6.650812e+07
5.282822e+07
4.632742e+07
0
0
0
0
0
0
0
0
0
0
0
0
0
0
0
0
1.278207e+08
9.003624e+07
6.678847e+07
5.310282e+07
4.657817e+07
0
0
0
0
0
0
0
0
0
0
0
0
0
0
0
0
0
1.278378e+08
9.015099e+07
6.696171e+07
5.331204e+07
4.680668e+07
0
0
0
0
0
0
0
0
0
0
0
0
0
0
0
0
0
0
1.276211e+08
9.012404e+07
6.700899e+07
5.343392e+07
4.697219e+07
0
0
0
0
0
0
0
0
0
0
0
0
0
0
0
0
0
0
0
1.271714e+08
8.990916e+07
6.695348e+07
5.343512e+07
4.704706e+07
0
0
0
0
0
0
0
0
0
0
0
0
0
0
0
0
0
0
0
0
1.266652e+08
8.952008e+07
6.675913e+07
5.336387e+07
4.702519e+07
0
0
0
0
0
0
0
0
0
0
0
1.261598e+08
8.922353e+07
6.647652e+07
5.323535e+07
4.6972e+07
0
0
0
0
0
0
0
0
0
0
0
0
1.257065e+08
8.896051e+07
6.632423e+07
5.303113e+07
4.688474e+07
0
0
0
0
0
0
0
0
0
0
0
0
0
1.253413e+08
8.874144e+07
6.619964e+07
5.29635e+07
4.672747e+07
0
0
0
0
0
0
0
0
0
0
0
0
0
0
1.250734e+08
8.858058e+07
6.610701e+07
5.291667e+07
4.670678e+07
0
0
0
0
0
0
0
0
0
0
0
0
0
0
0
1.249005e+08
8.848023e+07
6.605413e+07
5.289408e+07
4.670338e+07
0
0
0
0
0
0
0
0
0
0
0
0
0
0
0
1.248203e+08
8.843667e+07
6.603868e+07
5.289851e+07
4.672015e+07
0
0
0
0
0
0
0
0
0
0
0
0
0
0
0
1.248328e+08
8.844571e+07
6.60573e+07
5.292958e+07
4.675792e+07
0
0
0
0
0
0
0
0
0
0
0
0
0
0
0
1.249329e+08
8.850756e+07
6.610551e+07
5.297971e+07
4.681302e+07
0
0
0
0
0
0
0
0
0
0
0
0
0
0
0
1.250981e+08
8.860164e+07
6.617575e+07
5.304254e+07
4.688088e+07
0
0
0
0
0
0
0
0
0
0
0
0
0
0
0
1.252746e+08
8.870504e+07
6.624748e+07
5.310721e+07
4.694687e+07
0
0
0
0
0
0
0
0
0
0
0
0
0
0
0
0
0
0
0
0
0
0
0
0
0
1.253706e+08
8.874032e+07
6.625978e+07
5.311785e+07
4.696524e+07
0
0
0
0
0
0
0
0
0
0
0
0
0
0
0
0
0
0
0
0
0
0
0
0
0
1.253927e+08
8.872257e+07
6.622952e+07
5.308995e+07
4.694394e+07
0
0
0
0
0
0
0
0
0
0
0
0
0
0
0
0
0
0
0
0
0
0
0
0
0
1.253735e+08
8.867471e+07
6.617426e+07
5.303528e+07
4.689909e+07
0
0
0
0
0
0
0
0
0
0
0
0
0
0
0
0
0
0
0
0
0
0
0
0
0
1.253657e+08
8.862432e+07
6.611095e+07
5.297272e+07
4.684019e+07
0
0
0
0
0
0
0
0
0
0
0
0
0
0
0
0
0
0
0
0
0
0
0
0
0
1.278531e+08
9.006492e+07
6.681251e+07
5.312288e+07
4.659485e+07
0
0
0
0
0
0
0
0
0
0
0
0
0
0
0
0
0
1.279245e+08
9.021424e+07
6.700024e+07
5.335e+07
4.683856e+07
0
0
0
0
0
0
0
0
0
0
0
0
0
0
0
0
0
0
1.277796e+08
9.023329e+07
6.70901e+07
5.349548e+07
4.702512e+07
0
0
0
0
0
0
0
0
0
0
0
0
0
0
0
0
0
0
0
1.274265e+08
9.008629e+07
6.708559e+07
5.353822e+07
4.713681e+07
0
0
0
0
0
0
0
0
0
0
0
0
0
0
0
0
0
0
0
0
1.270202e+08
8.9762e+07
6.693503e+07
5.350686e+07
4.713997e+07
0
0
0
0
0
0
0
0
0
0
0
0
0
0
0
0
0
0
0
0
0
1.265026e+08
8.945017e+07
6.663939e+07
5.335929e+07
4.708133e+07
0
0
0
0
0
0
0
0
0
0
0
0
1.259835e+08
8.91412e+07
6.64526e+07
5.313009e+07
4.697148e+07
0
0
0
0
0
0
0
0
0
0
0
0
0
1.255299e+08
8.886431e+07
6.628807e+07
5.303117e+07
4.678779e+07
0
0
0
0
0
0
0
0
0
0
0
0
0
0
1.251673e+08
8.864179e+07
6.615152e+07
5.29513e+07
4.673707e+07
0
0
0
0
0
0
0
0
0
0
0
0
0
0
0
1.248997e+08
8.847988e+07
6.605358e+07
5.289432e+07
4.670361e+07
0
0
0
0
0
0
0
0
0
0
0
0
0
0
0
1.247289e+08
8.837623e+07
6.599544e+07
5.286596e+07
4.669035e+07
0
0
0
0
0
0
0
0
0
0
0
0
0
0
0
1.24655e+08
8.832875e+07
6.5974e+07
5.286424e+07
4.669968e+07
0
0
0
0
0
0
0
0
0
0
0
0
0
0
0
1.246772e+08
8.83371e+07
6.598588e+07
5.288649e+07
4.673129e+07
0
0
0
0
0
0
0
0
0
0
0
0
0
0
0
1.247887e+08
8.839803e+07
6.603121e+07
5.292824e+07
4.677848e+07
0
0
0
0
0
0
0
0
0
0
0
0
0
0
0
1.249663e+08
8.8498e+07
6.609508e+07
5.298493e+07
4.683601e+07
0
0
0
0
0
0
0
0
0
0
0
0
0
0
0
1.251649e+08
8.860477e+07
6.616488e+07
5.304198e+07
4.689554e+07
0
0
0
0
0
0
0
0
0
0
0
0
0
0
0
0
0
0
0
0
0
0
0
0
0
1.252822e+08
8.865068e+07
6.617842e+07
5.30467e+07
4.690518e+07
0
0
0
0
0
0
0
0
0
0
0
0
0
0
0
0
0
0
0
0
0
0
0
0
0
1.253289e+08
8.864482e+07
6.615018e+07
5.301517e+07
4.687979e+07
0
0
0
0
0
0
0
0
0
0
0
0
0
0
0
0
0
0
0
0
0
0
0
0
0
1.25353e+08
8.861281e+07
6.609912e+07
5.296216e+07
4.68301e+07
0
0
0
0
0
0
0
0
0
0
0
0
0
0
0
0
0
0
0
0
0
0
0
0
0
8.859559e+07
6.6047e+07
5.290146e+07
4.677283e+07
0
0
0
0
0
0
0
0
0
0
0
0
0
0
0
0
0
0
0
0
0
0
0
0
0
1.279564e+08
9.024171e+07
6.702464e+07
5.337112e+07
4.68571e+07
0
0
0
0
0
0
0
0
0
0
0
0
0
0
0
0
0
0
1.278575e+08
9.029493e+07
6.713799e+07
5.352412e+07
4.70588e+07
0
0
0
0
0
0
0
0
0
0
0
0
0
0
0
0
0
0
0
1.275753e+08
9.01918e+07
6.716235e+07
5.360129e+07
4.719015e+07
0
0
0
0
0
0
0
0
0
0
0
0
0
0
0
0
0
0
0
0
1.272708e+08
8.99318e+07
6.706053e+07
5.360969e+07
4.722968e+07
0
0
0
0
0
0
0
0
0
0
0
0
0
0
0
0
0
0
0
0
0
1.268513e+08
8.968841e+07
6.681577e+07
5.349668e+07
4.72071e+07
0
0
0
0
0
0
0
0
0
0
0
0
0
0
0
0
0
0
0
0
0
0
1.263198e+08
8.93658e+07
6.661417e+07
5.325682e+07
4.707874e+07
0
0
0
0
0
0
0
0
0
0
0
0
0
1.258028e+08
8.904521e+07
6.641574e+07
5.313018e+07
4.687349e+07
0
0
0
0
0
0
0
0
0
0
0
0
0
0
1.253519e+08
8.87645e+07
6.623837e+07
5.30197e+07
4.679569e+07
0
0
0
0
0
0
0
0
0
0
0
0
0
0
0
1.249925e+08
8.854105e+07
6.609662e+07
5.29286e+07
4.673357e+07
0
0
0
0
0
0
0
0
0
0
0
0
0
0
0
1.247287e+08
8.837563e+07
6.599515e+07
5.286556e+07
4.669058e+07
0
0
0
0
0
0
0
0
0
0
0
0
0
0
0
1.245659e+08
8.826993e+07
6.593144e+07
5.283097e+07
4.667155e+07
0
0
0
0
0
0
0
0
0
0
0
0
0
0
0
1.245004e+08
8.822228e+07
6.590368e+07
5.282218e+07
4.667472e+07
0
0
0
0
0
0
0
0
0
0
0
0
0
0
0
1.245354e+08
8.823313e+07
6.591142e+07
5.283637e+07
4.669771e+07
0
0
0
0
0
0
0
0
0
0
0
0
0
0
0
1.246604e+08
8.829728e+07
6.595148e+07
5.287336e+07
4.67364e+07
0
0
0
0
0
0
0
0
0
0
0
0
0
0
0
1.248584e+08
8.840071e+07
6.60157e+07
5.292165e+07
4.678751e+07
0
0
0
0
0
0
0
0
0
0
0
0
0
0
0
1.25078e+08
8.851823e+07
6.60834e+07
5.297379e+07
4.683917e+07
0
0
0
0
0
0
0
0
0
0
0
0
0
0
0
0
0
0
0
0
0
0
0
0
0
1.252208e+08
8.857435e+07
6.610043e+07
5.297625e+07
4.684219e+07
0
0
0
0
0
0
0
0
0
0
0
0
0
0
0
0
0
0
0
0
0
0
0
0
0
1.253087e+08
8.858252e+07
6.607734e+07
5.294301e+07
4.681229e+07
0
0
0
0
0
0
0
0
0
0
0
0
0
0
0
0
0
0
0
0
0
0
0
0
0
8.858286e+07
6.60361e+07
5.289082e+07
4.67629e+07
0
0
0
0
0
0
0
0
0
0
0
0
0
0
0
0
0
0
0
0
0
0
0
0
0
6.601144e+07
5.283799e+07
4.67062e+07
0
0
0
0
0
0
0
0
0
0
0
0
0
0
0
0
0
0
0
0
0
0
0
0
0
1.278884e+08
9.032247e+07
6.716162e+07
5.354547e+07
4.707823e+07
0
0
0
0
0
0
0
0
0
0
0
0
0
0
0
0
0
0
0
1.276478e+08
9.024756e+07
6.720935e+07
5.364022e+07
4.721438e+07
0
0
0
0
0
0
0
0
0
0
0
0
0
0
0
0
0
0
0
0
1.274143e+08
9.00322e+07
6.713661e+07
5.366856e+07
4.728449e+07
0
0
0
0
0
0
0
0
0
0
0
0
0
0
0
0
0
0
0
0
0
1.270987e+08
8.985587e+07
6.693874e+07
5.359388e+07
4.729678e+07
0
0
0
0
0
0
0
0
0
0
0
0
0
0
0
0
0
0
0
0
0
0
1.266665e+08
8.95998e+07
6.67881e+07
5.339719e+07
4.719925e+07
0
0
0
0
0
0
0
0
0
0
0
0
0
0
0
0
0
0
0
0
0
0
0
1.26136e+08
8.926482e+07
6.657562e+07
5.325617e+07
4.698406e+07
0
0
0
0
0
0
0
0
0
0
0
0
0
0
1.256199e+08
8.894227e+07
6.636662e+07
5.311839e+07
4.688149e+07
0
0
0
0
0
0
0
0
0
0
0
0
0
0
0
1.25177e+08
8.866077e+07
6.618337e+07
5.299577e+07
4.679285e+07
0
0
0
0
0
0
0
0
0
0
0
0
0
0
0
1.24821e+08
8.843577e+07
6.603826e+07
5.289866e+07
4.672022e+07
0
0
0
0
0
0
0
0
0
0
0
0
0
0
0
1.245652e+08
8.826984e+07
6.593101e+07
5.283074e+07
4.667121e+07
0
0
0
0
0
0
0
0
0
0
0
0
0
0
0
1.24412e+08
8.816511e+07
6.586269e+07
5.278944e+07
4.664595e+07
0
0
0
0
0
0
0
0
0
0
0
0
0
0
0
1.243606e+08
8.811916e+07
6.583076e+07
5.277313e+07
4.664204e+07
0
0
0
0
0
0
0
0
0
0
0
0
0
0
0
1.244085e+08
8.813409e+07
6.583637e+07
5.278135e+07
4.665693e+07
0
0
0
0
0
0
0
0
0
0
0
0
0
0
0
1.245572e+08
8.820321e+07
6.587481e+07
5.281081e+07
4.669051e+07
0
0
0
0
0
0
0
0
0
0
0
0
0
0
0
1.247729e+08
8.831545e+07
6.593719e+07
5.285637e+07
4.673293e+07
0
0
0
0
0
0
0
0
0
0
0
0
0
0
0
1.250159e+08
8.844286e+07
6.600871e+07
5.29035e+07
4.677896e+07
0
0
0
0
0
0
0
0
0
0
0
0
0
0
0
0
0
0
0
0
0
0
0
0
0
1.252004e+08
8.851459e+07
6.602951e+07
5.290553e+07
4.677875e+07
0
0
0
0
0
0
0
0
0
0
0
0
0
0
0
0
0
0
0
0
0
0
0
0
0
8.855348e+07
6.601442e+07
5.287373e+07
4.674601e+07
0
0
0
0
0
0
0
0
0
0
0
0
0
0
0
0
0
0
0
0
0
0
0
0
0
6.599984e+07
5.282797e+07
4.66963e+07
0
0
0
0
0
0
0
0
0
0
0
0
0
0
0
0
0
0
0
0
0
0
0
0
0
5.279928e+07
4.664605e+07
0
0
0
0
0
0
0
0
0
0
0
0
0
0
0
0
0
0
0
0
0
0
0
0
0
1.276732e+08
9.027512e+07
6.723328e+07
5.366109e+07
4.723399e+07
0
0
0
0
0
0
0
0
0
0
0
0
0
0
0
0
0
0
0
0
1.274856e+08
9.008535e+07
6.717968e+07
5.370699e+07
4.731909e+07
0
0
0
0
0
0
0
0
0
0
0
0
0
0
0
0
0
0
0
0
0
1.272412e+08
8.995324e+07
6.701235e+07
5.365362e+07
4.734754e+07
0
0
0
0
0
0
0
0
0
0
0
0
0
0
0
0
0
0
0
0
0
0
1.269088e+08
8.976513e+07
6.690973e+07
5.349436e+07
4.728374e+07
0
0
0
0
0
0
0
0
0
0
0
0
0
0
0
0
0
0
0
0
0
0
0
1.264779e+08
8.949755e+07
6.674659e+07
5.339479e+07
4.710826e+07
0
0
0
0
0
0
0
0
0
0
0
0
0
0
0
0
0
0
0
0
0
0
0
0
1.259512e+08
8.916033e+07
6.65225e+07
5.32429e+07
4.69915e+07
0
0
0
0
0
0
0
0
0
0
0
0
0
0
0
1.254408e+08
8.883464e+07
6.630895e+07
5.309519e+07
4.687846e+07
0
0
0
0
0
0
0
0
0
0
0
0
0
0
0
1.250017e+08
8.855582e+07
6.612268e+07
5.296574e+07
4.677843e+07
0
0
0
0
0
0
0
0
0
0
0
0
0
0
0
1.246564e+08
8.83294e+07
6.597326e+07
5.286393e+07
4.669981e+07
0
0
0
0
0
0
0
0
0
0
0
0
0
0
0
1.244125e+08
8.816456e+07
6.586267e+07
5.278912e+07
4.664574e+07
0
0
0
0
0
0
0
0
0
0
0
0
0
0
0
1.242711e+08
8.806253e+07
6.579103e+07
5.274187e+07
4.661373e+07
0
0
0
0
0
0
0
0
0
0
0
0
0
0
0
1.242331e+08
8.802169e+07
6.575667e+07
5.271929e+07
4.660225e+07
0
0
0
0
0
0
0
0
0
0
0
0
0
0
0
1.24306e+08
8.804076e+07
6.576121e+07
5.272286e+07
4.661088e+07
0
0
0
0
0
0
0
0
0
0
0
0
0
0
0
1.24474e+08
8.812227e+07
6.579944e+07
5.274811e+07
4.663654e+07
0
0
0
0
0
0
0
0
0
0
0
0
0
0
0
1.247159e+08
8.824189e+07
6.586378e+07
5.278899e+07
4.667542e+07
0
0
0
0
0
0
0
0
0
0
0
0
0
0
0
1.249953e+08
8.838295e+07
6.593865e+07
5.283611e+07
4.671573e+07
0
0
0
0
0
0
0
0
0
0
0
0
0
0
0
0
0
0
0
0
0
0
0
0
0
8.848567e+07
6.596904e+07
5.283842e+07
4.671389e+07
0
0
0
0
0
0
0
0
0
0
0
0
0
0
0
0
0
0
0
0
0
0
0
0
0
6.597934e+07
5.281129e+07
4.668133e+07
0
0
0
0
0
0
0
0
0
0
0
0
0
0
0
0
0
0
0
0
0
0
0
0
0
5.278885e+07
4.663666e+07
0
0
0
0
0
0
0
0
0
0
0
0
0
0
0
0
0
0
0
0
0
0
0
0
0
4.660833e+07
0
0
0
0
0
0
0
0
0
0
0
0
0
0
0
0
0
0
0
0
0
0
0
0
0
1.275079e+08
9.010945e+07
6.720403e+07
5.372826e+07
4.733832e+07
0
0
0
0
0
0
0
0
0
0
0
0
0
0
0
0
0
0
0
0
0
1.27309e+08
9.000613e+07
6.705417e+07
5.368928e+07
4.738178e+07
0
0
0
0
0
0
0
0
0
0
0
0
0
0
0
0
0
0
0
0
0
0
1.270483e+08
8.986213e+07
6.698162e+07
5.355303e+07
4.733587e+07
0
0
0
0
0
0
0
0
0
0
0
0
0
0
0
0
0
0
0
0
0
0
0
1.267168e+08
8.965926e+07
6.686668e+07
5.349111e+07
4.719355e+07
0
0
0
0
0
0
0
0
0
0
0
0
0
0
0
0
0
0
0
0
0
0
0
0
1.262857e+08
8.939022e+07
6.669245e+07
5.337929e+07
4.711424e+07
0
0
0
0
0
0
0
0
0
0
0
0
0
0
0
0
0
0
0
0
0
0
0
0
0
1.257673e+08
8.905194e+07
6.646404e+07
5.321634e+07
4.698712e+07
0
0
0
0
0
0
0
0
0
0
0
0
0
0
0
1.252623e+08
8.872701e+07
6.624506e+07
5.306277e+07
4.686479e+07
0
0
0
0
0
0
0
0
0
0
0
0
0
0
0
1.248364e+08
8.84462e+07
6.605795e+07
5.29291e+07
4.675794e+07
0
0
0
0
0
0
0
0
0
0
0
0
0
0
0
1.24501e+08
8.822335e+07
6.590417e+07
5.282158e+07
4.667445e+07
0
0
0
0
0
0
0
0
0
0
0
0
0
0
0
1.242704e+08
8.806291e+07
6.579065e+07
5.274188e+07
4.661345e+07
0
0
0
0
0
0
0
0
0
0
0
0
0
0
0
1.241471e+08
8.796404e+07
6.571737e+07
5.268906e+07
4.657537e+07
0
0
0
0
0
0
0
0
0
0
0
0
0
0
0
1.241342e+08
8.792797e+07
6.568275e+07
5.266182e+07
4.655724e+07
0
0
0
0
0
0
0
0
0
0
0
0
0
0
0
1.242256e+08
8.796037e+07
6.568626e+07
5.266155e+07
4.656064e+07
0
0
0
0
0
0
0
0
0
0
0
0
0
0
0
1.244177e+08
8.805084e+07
6.572997e+07
5.26838e+07
4.658146e+07
0
0
0
0
0
0
0
0
0
0
0
0
0
0
0
1.246992e+08
8.818742e+07
6.579573e+07
5.272295e+07
4.661497e+07
0
0
0
0
0
0
0
0
0
0
0
0
0
0
0
8.835339e+07
6.58785e+07
5.276985e+07
4.665407e+07
0
0
0
0
0
0
0
0
0
0
0
0
0
0
0
0
0
0
0
0
0
0
0
0
0
6.593426e+07
5.27783e+07
4.665137e+07
0
0
0
0
0
0
0
0
0
0
0
0
0
0
0
0
0
0
0
0
0
0
0
0
0
5.277345e+07
4.662217e+07
0
0
0
0
0
0
0
0
0
0
0
0
0
0
0
0
0
0
0
0
0
0
0
0
0
4.659863e+07
0
0
0
0
0
0
0
0
0
0
0
0
0
0
0
0
0
0
0
0
0
0
0
0
0
0
0
0
0
0
0
0
0
0
0
0
0
0
0
0
0
0
0
0
0
0
0
0
0
0
1.273325e+08
9.002768e+07
6.707642e+07
5.371112e+07
4.740142e+07
0
0
0
0
0
0
0
0
0
0
0
0
0
0
0
0
0
0
0
0
0
0
1.271159e+08
8.991242e+07
6.702353e+07
5.358814e+07
4.736778e+07
0
0
0
0
0
0
0
0
0
0
0
0
0
0
0
0
0
0
0
0
0
0
0
1.268497e+08
8.975403e+07
6.693837e+07
5.354878e+07
4.724509e+07
0
0
0
0
0
0
0
0
0
0
0
0
0
0
0
0
0
0
0
0
0
0
0
0
1.265175e+08
8.954982e+07
6.680982e+07
5.347441e+07
4.719887e+07
0
0
0
0
0
0
0
0
0
0
0
0
0
0
0
0
0
0
0
0
0
0
0
0
0
1.260961e+08
8.927641e+07
6.663211e+07
5.335181e+07
4.710793e+07
0
0
0
0
0
0
0
0
0
0
0
0
0
0
0
0
0
0
0
0
0
0
0
0
0
1.255842e+08
8.894057e+07
6.63997e+07
5.318348e+07
4.697041e+07
0
0
0
0
0
0
0
0
0
0
0
0
0
0
0
1.250951e+08
8.861502e+07
6.617859e+07
5.302336e+07
4.68421e+07
0
0
0
0
0
0
0
0
0
0
0
0
0
0
0
1.246789e+08
8.834e+07
6.598623e+07
5.288691e+07
4.673087e+07
0
0
0
0
0
0
0
0
0
0
0
0
0
0
0
1.243603e+08
8.811968e+07
6.583152e+07
5.277349e+07
4.66415e+07
0
0
0
0
0
0
0
0
0
0
0
0
0
0
0
1.241474e+08
8.796342e+07
6.571767e+07
5.268879e+07
4.657538e+07
0
0
0
0
0
0
0
0
0
0
0
0
0
0
0
1.240435e+08
8.787322e+07
6.564266e+07
5.263196e+07
4.653126e+07
0
0
0
0
0
0
0
0
0
0
0
0
0
0
0
1.24052e+08
8.785023e+07
6.560781e+07
5.260158e+07
4.650799e+07
0
0
0
0
0
0
0
0
0
0
0
0
0
0
0
1.241689e+08
8.789114e+07
6.561736e+07
5.259753e+07
4.650686e+07
0
0
0
0
0
0
0
0
0
0
0
0
0
0
0
1.244004e+08
8.799596e+07
6.566403e+07
5.262139e+07
4.652391e+07
0
0
0
0
0
0
0
0
0
0
0
0
0
0
0
8.816181e+07
6.574097e+07
5.265877e+07
4.65546e+07
0
0
0
0
0
0
0
0
0
0
0
0
0
0
0
6.584277e+07
5.271032e+07
4.659236e+07
0
0
0
0
0
0
0
0
0
0
0
0
0
0
0
0
0
0
0
0
0
0
0
0
0
5.274084e+07
4.659442e+07
0
0
0
0
0
0
0
0
0
0
0
0
0
0
0
0
0
0
0
0
0
0
0
0
0
4.658542e+07
0
0
0
0
0
0
0
0
0
0
0
0
0
0
0
0
0
0
0
0
0
0
0
0
0
0
0
0
0
0
0
0
0
0
0
0
0
0
0
0
0
0
0
0
0
0
0
0
0
0
0
0
0
0
0
0
0
0
0
0
0
0
0
0
0
0
0
0
0
0
0
0
0
0
1.271366e+08
8.993477e+07
6.704376e+07
5.360867e+07
4.738803e+07
0
0
0
0
0
0
0
0
0
0
0
0
0
0
0
0
0
0
0
0
0
0
0
1.269137e+08
8.980465e+07
6.697843e+07
5.35841e+07
4.727671e+07
0
0
0
0
0
0
0
0
0
0
0
0
0
0
0
0
0
0
0
0
0
0
0
0
1.266472e+08
8.963925e+07
6.68797e+07
5.35319e+07
4.724969e+07
0
0
0
0
0
0
0
0
0
0
0
0
0
0
0
0
0
0
0
0
0
0
0
0
0
1.263239e+08
8.943065e+07
6.674784e+07
5.344474e+07
4.719151e+07
0
0
0
0
0
0
0
0
0
0
0
0
0
0
0
0
0
0
0
0
0
0
0
0
0
1.25908e+08
8.916087e+07
6.656352e+07
5.331756e+07
4.709038e+07
0
0
0
0
0
0
0
0
0
0
0
0
0
0
0
0
0
0
0
0
0
0
0
0
0
1.254107e+08
8.882543e+07
6.633002e+07
5.314373e+07
4.694742e+07
0
0
0
0
0
0
0
0
0
0
0
0
0
0
0
1.249321e+08
8.850767e+07
6.61048e+07
5.297996e+07
4.68125e+07
0
0
0
0
0
0
0
0
0
0
0
0
0
0
0
1.245362e+08
8.823455e+07
6.591352e+07
5.283664e+07
4.669806e+07
0
0
0
0
0
0
0
0
0
0
0
0
0
0
0
1.242354e+08
8.802146e+07
6.575708e+07
5.271985e+07
4.660257e+07
0
0
0
0
0
0
0
0
0
0
0
0
0
0
0
1.240437e+08
8.787347e+07
6.564218e+07
5.26322e+07
4.653103e+07
0
0
0
0
0
0
0
0
0
0
0
0
0
0
0
1.239649e+08
8.779123e+07
6.557002e+07
5.25711e+07
4.648235e+07
0
0
0
0
0
0
0
0
0
0
0
0
0
0
0
1.239974e+08
8.777926e+07
6.554085e+07
5.253782e+07
4.645516e+07
0
0
0
0
0
0
0
0
0
0
0
0
0
0
0
1.241554e+08
8.783543e+07
6.55533e+07
5.253573e+07
4.644954e+07
0
0
0
0
0
0
0
0
0
0
0
0
0
0
0
8.796854e+07
6.560843e+07
5.255929e+07
4.646695e+07
0
0
0
0
0
0
0
0
0
0
0
0
0
0
0
6.570897e+07
5.260445e+07
4.64949e+07
0
0
0
0
0
0
0
0
0
0
0
0
0
0
0
5.267179e+07
4.653605e+07
0
0
0
0
0
0
0
0
0
0
0
0
0
0
0
0
0
0
0
0
0
0
0
0
0
4.655807e+07
0
0
0
0
0
0
0
0
0
0
0
0
0
0
0
0
0
0
0
0
0
0
0
0
0
0
0
0
0
0
0
0
0
0
0
0
0
0
0
0
0
0
0
0
0
0
0
0
0
0
0
0
0
0
0
0
0
0
0
0
0
0
0
0
0
0
0
0
0
0
0
0
0
0
0
0
0
0
0
0
0
0
0
0
0
0
0
0
0
0
0
0
0
0
0
0
0
1.26935e+08
8.982477e+07
6.699895e+07
5.360297e+07
4.729593e+07
0
0
0
0
0
0
0
0
0
0
0
0
0
0
0
0
0
0
0
0
0
0
0
0
1.267084e+08
8.968702e+07
6.692009e+07
5.356586e+07
4.728155e+07
0
0
0
0
0
0
0
0
0
0
0
0
0
0
0
0
0
0
0
0
0
0
0
0
0
1.264501e+08
8.951797e+07
6.681338e+07
5.350067e+07
4.724219e+07
0
0
0
0
0
0
0
0
0
0
0
0
0
0
0
0
0
0
0
0
0
0
0
0
0
1.261294e+08
8.931223e+07
6.667507e+07
5.340906e+07
4.717202e+07
0
0
0
0
0
0
0
0
0
0
0
0
0
0
0
0
0
0
0
0
0
0
0
0
0
1.257279e+08
8.904215e+07
6.649054e+07
5.327425e+07
4.706621e+07
0
0
0
0
0
0
0
0
0
0
0
0
0
0
0
0
0
0
0
0
0
0
0
0
0
1.252465e+08
8.8713e+07
6.625391e+07
5.309743e+07
4.691754e+07
0
0
0
0
0
0
0
0
0
0
0
0
0
0
0
1.247897e+08
8.839755e+07
6.603131e+07
5.292778e+07
4.67787e+07
0
0
0
0
0
0
0
0
0
0
0
0
0
0
0
1.244098e+08
8.813481e+07
6.583747e+07
5.278292e+07
4.665716e+07
0
0
0
0
0
0
0
0
0
0
0
0
0
0
0
1.241338e+08
8.792974e+07
6.568255e+07
5.266215e+07
4.655771e+07
0
0
0
0
0
0
0
0
0
0
0
0
0
0
0
1.23965e+08
8.779147e+07
6.557021e+07
5.257072e+07
4.648256e+07
0
0
0
0
0
0
0
0
0
0
0
0
0
0
0
1.23911e+08
8.772368e+07
6.549954e+07
5.250923e+07
4.642897e+07
0
0
0
0
0
0
0
0
0
0
0
0
0
0
0
1.239803e+08
8.772501e+07
6.547535e+07
5.247751e+07
4.639816e+07
0
0
0
0
0
0
0
0
0
0
0
0
0
0
0
8.781082e+07
6.549691e+07
5.247532e+07
4.639316e+07
0
0
0
0
0
0
0
0
0
0
0
0
0
0
0
6.557439e+07
5.250401e+07
4.640925e+07
0
0
0
0
0
0
0
0
0
0
0
0
0
0
0
5.256941e+07
4.644358e+07
0
0
0
0
0
0
0
0
0
0
0
0
0
0
0
4.649863e+07
0
0
0
0
0
0
0
0
0
0
0
0
0
0
0
0
0
0
0
0
0
0
0
0
0
0
0
0
0
0
0
0
0
0
0
0
0
0
0
0
0
0
0
0
0
0
0
0
0
0
0
0
0
0
0
0
0
0
0
0
0
0
0
0
0
0
0
0
0
0
0
0
0
0
0
0
0
0
0
0
0
0
0
0
0
0
0
0
0
0
0
0
0
0
0
0
0
0
0
0
0
0
0
0
0
0
0
0
0
0
0
0
0
0
0
0
0
0
0
1.267273e+08
8.970784e+07
6.69389e+07
5.358469e+07
4.729928e+07
0
0
0
0
0
0
0
0
0
0
0
0
0
0
0
0
0
0
0
0
0
0
0
0
0
1.26509e+08
8.956356e+07
6.685145e+07
5.35349e+07
4.72729e+07
0
0
0
0
0
0
0
0
0
0
0
0
0
0
0
0
0
0
0
0
0
0
0
0
0
1.262509e+08
8.939691e+07
6.67389e+07
5.346133e+07
4.722129e+07
0
0
0
0
0
0
0
0
0
0
0
0
0
0
0
0
0
0
0
0
0
0
0
0
0
1.259462e+08
8.918842e+07
6.659959e+07
5.336227e+07
4.714657e+07
0
0
0
0
0
0
0
0
0
0
0
0
0
0
0
0
0
0
0
0
0
0
0
0
0
1.255611e+08
8.892448e+07
6.641142e+07
5.322514e+07
4.703314e+07
0
0
0
0
0
0
0
0
0
0
0
0
0
0
0
0
0
0
0
0
0
0
0
0
0
1.25097e+08
8.860238e+07
6.617601e+07
5.304339e+07
4.688106e+07
0
0
0
0
0
0
0
0
0
0
0
0
0
0
0
1.24662e+08
8.829811e+07
6.595119e+07
5.287346e+07
4.673602e+07
0
0
0
0
0
0
0
0
0
0
0
0
0
0
0
1.243071e+08
8.804188e+07
6.576172e+07
5.272372e+07
4.661224e+07
0
0
0
0
0
0
0
0
0
0
0
0
0
0
0
1.240525e+08
8.785003e+07
6.560905e+07
5.260139e+07
4.650828e+07
0
0
0
0
0
0
0
0
0
0
0
0
0
0
0
1.239126e+08
8.772372e+07
6.549978e+07
5.250938e+07
4.642863e+07
0
0
0
0
0
0
0
0
0
0
0
0
0
0
0
1.238927e+08
8.767049e+07
6.543709e+07
5.244598e+07
4.637367e+07
0
0
0
0
0
0
0
0
0
0
0
0
0
0
0
8.769811e+07
6.54202e+07
5.241593e+07
4.634309e+07
0
0
0
0
0
0
0
0
0
0
0
0
0
0
0
6.546482e+07
5.241936e+07
4.6337e+07
0
0
0
0
0
0
0
0
0
0
0
0
0
0
0
5.246697e+07
4.635692e+07
0
0
0
0
0
0
0
0
0
0
0
0
0
0
0
4.640948e+07
0
0
0
0
0
0
0
0
0
0
0
0
0
0
0
0
0
0
0
0
0
0
0
0
0
0
0
0
0
0
0
0
0
0
0
0
0
0
0
0
0
0
0
0
0
0
0
0
0
0
0
0
0
0
0
0
0
0
0
0
0
0
0
0
0
0
0
0
0
0
0
0
0
0
0
0
0
0
0
0
0
0
0
0
0
0
0
0
0
0
0
0
0
0
0
0
0
0
0
0
0
0
0
0
0
0
0
0
0
0
0
0
0
0
0
0
0
0
0
0
0
0
0
0
0
0
0
0
0
0
1.265267e+08
8.958247e+07
6.687082e+07
5.355237e+07
4.72905e+07
0
0
0
0
0
0
0
0
0
0
0
0
0
0
0
0
0
0
0
0
0
0
0
0
0
1.263097e+08
8.944096e+07
6.677518e+07
5.349355e+07
4.725225e+07
0
0
0
0
0
0
0
0
0
0
0
0
0
0
0
0
0
0
0
0
0
0
0
0
0
1.26064e+08
8.92694e+07
6.666124e+07
5.341304e+07
4.719251e+07
0
0
0
0
0
0
0
0
0
0
0
0
0
0
0
0
0
0
0
0
0
0
0
0
0
1.257734e+08
8.906852e+07
6.651639e+07
5.331087e+07
4.711038e+07
0
0
0
0
0
0
0
0
0
0
0
0
0
0
0
0
0
0
0
0
0
0
0
0
0
1.254094e+08
8.881209e+07
6.632927e+07
5.31684e+07
4.699411e+07
0
0
0
0
0
0
0
0
0
0
0
0
0
0
0
0
0
0
0
0
0
0
0
0
0
1.249668e+08
8.849719e+07
6.609558e+07
5.298511e+07
4.683676e+07
0
0
0
0
0
0
0
0
0
0
0
0
0
0
0
1.24558e+08
8.820448e+07
6.587546e+07
5.281064e+07
4.669059e+07
0
0
0
0
0
0
0
0
0
0
0
0
0
0
0
1.242262e+08
8.796117e+07
6.568713e+07
5.266193e+07
4.656141e+07
0
0
0
0
0
0
0
0
0
0
0
0
0
0
0
1.239981e+08
8.777967e+07
6.554075e+07
5.253872e+07
4.645499e+07
0
0
0
0
0
0
0
0
0
0
0
0
0
0
0
1.238939e+08
8.76717e+07
6.543715e+07
5.24462e+07
4.63738e+07
0
0
0
0
0
0
0
0
0
0
0
0
0
0
0
8.764267e+07
6.538311e+07
5.238711e+07
4.63159e+07
0
0
0
0
0
0
0
0
0
0
0
0
0
0
0
6.538667e+07
5.23611e+07
4.628586e+07
0
0
0
0
0
0
0
0
0
0
0
0
0
0
0
5.238371e+07
4.628404e+07
0
0
0
0
0
0
0
0
0
0
0
0
0
0
0
4.632088e+07
0
0
0
0
0
0
0
0
0
0
0
0
0
0
0
0
0
0
0
0
0
0
0
0
0
0
0
0
0
0
0
0
0
0
0
0
0
0
0
0
0
0
0
0
0
0
0
0
0
0
0
0
0
0
0
0
0
0
0
0
0
0
0
0
0
0
0
0
0
0
0
0
0
0
0
0
0
0
0
0
0
0
0
0
0
0
0
0
0
0
0
0
0
0
0
0
0
0
0
0
0
0
0
0
0
0
0
0
0
0
0
0
0
0
0
0
0
0
0
0
0
0
0
0
0
0
0
0
0
0
0
0
0
0
0
0
0
0
0
0
1.263255e+08
8.945877e+07
6.679306e+07
5.351144e+07
4.726864e+07
0
0
0
0
0
0
0
0
0
0
0
0
0
0
0
0
0
0
0
0
0
0
0
0
0
1.26117e+08
8.931341e+07
6.669634e+07
5.344373e+07
4.722165e+07
0
0
0
0
0
0
0
0
0
0
0
0
0
0
0
0
0
0
0
0
0
0
0
0
0
1.258909e+08
8.914632e+07
6.657485e+07
5.33597e+07
4.715495e+07
0
0
0
0
0
0
0
0
0
0
0
0
0
0
0
0
0
0
0
0
0
0
0
0
0
1.256184e+08
8.895087e+07
6.643209e+07
5.325066e+07
4.706922e+07
0
0
0
0
0
0
0
0
0
0
0
0
0
0
0
0
0
0
0
0
0
0
0
0
0
1.252749e+08
8.870503e+07
6.624724e+07
5.310646e+07
4.694732e+07
0
0
0
0
0
0
0
0
0
0
0
0
0
0
0
0
0
0
0
0
0
0
0
0
0
1.248573e+08
8.840121e+07
6.601514e+07
5.292199e+07
4.678766e+07
0
0
0
0
0
0
0
0
0
0
0
0
0
0
0
1.244747e+08
8.812295e+07
6.580042e+07
5.274863e+07
4.66364e+07
0
0
0
0
0
0
0
0
0
0
0
0
0
0
0
1.241686e+08
8.789158e+07
6.561793e+07
5.259823e+07
4.650718e+07
0
0
0
0
0
0
0
0
0
0
0
0
0
0
0
1.239814e+08
8.772553e+07
6.547568e+07
5.247747e+07
4.639893e+07
0
0
0
0
0
0
0
0
0
0
0
0
0
0
0
8.764359e+07
6.538393e+07
5.238719e+07
4.631611e+07
0
0
0
0
0
0
0
0
0
0
0
0
0
0
0
6.534882e+07
5.233345e+07
4.62612e+07
0
0
0
0
0
0
0
0
0
0
0
0
0
0
0
5.23245e+07
4.623394e+07
0
0
0
0
0
0
0
0
0
0
0
0
0
0
0
4.624918e+07
0
0
0
0
0
0
0
0
0
0
0
0
0
0
0
0
0
0
0
0
0
0
0
0
0
0
0
0
0
0
0
0
0
0
0
0
0
0
0
0
0
0
0
0
0
0
0
0
0
0
0
0
0
0
0
0
0
0
0
0
0
0
0
0
0
0
0
0
0
0
0
0
0
0
0
0
0
0
0
0
0
0
0
0
0
0
0
0
0
0
0
0
0
0
0
0
0
0
0
0
0
0
0
0
0
0
0
0
0
0
0
0
0
0
0
0
0
0
0
0
0
0
0
0
0
0
0
0
0
0
0
0
0
0
0
0
0
0
0
0
0
0
0
0
0
0
0
0
0
1.26135e+08
8.932979e+07
6.671316e+07
5.346039e+07
4.723841e+07
0
0
0
0
0
0
0
0
0
0
0
0
0
0
0
0
0
0
0
0
0
0
0
0
0
1.259438e+08
8.918546e+07
6.660971e+07
5.338939e+07
4.71827e+07
0
0
0
0
0
0
0
0
0
0
0
0
0
0
0
0
0
0
0
0
0
0
0
0
0
1.257352e+08
8.902896e+07
6.64878e+07
5.329664e+07
4.711203e+07
0
0
0
0
0
0
0
0
0
0
0
0
0
0
0
0
0
0
0
0
0
0
0
0
0
1.25484e+08
8.884092e+07
6.634551e+07
5.318659e+07
4.701929e+07
0
0
0
0
0
0
0
0
0
0
0
0
0
0
0
0
0
0
0
0
0
0
0
0
0
1.251655e+08
8.860509e+07
6.616486e+07
5.30418e+07
4.68949e+07
0
0
0
0
0
0
0
0
0
0
0
0
0
0
0
0
0
0
0
0
0
0
0
0
0
1.247731e+08
8.831459e+07
6.593763e+07
5.285597e+07
4.673322e+07
0
0
0
0
0
0
0
0
0
0
0
0
0
0
0
1.244174e+08
8.805149e+07
6.573052e+07
5.268458e+07
4.658192e+07
0
0
0
0
0
0
0
0
0
0
0
0
0
0
0
1.241556e+08
8.783537e+07
6.555361e+07
5.253615e+07
4.645016e+07
0
0
0
0
0
0
0
0
0
0
0
0
0
0
0
8.769886e+07
6.542051e+07
5.24162e+07
4.634306e+07
0
0
0
0
0
0
0
0
0
0
0
0
0
0
0
6.534944e+07
5.233403e+07
4.626128e+07
0
0
0
0
0
0
0
0
0
0
0
0
0
0
0
5.22962e+07
4.621043e+07
0
0
0
0
0
0
0
0
0
0
0
0
0
0
0
4.619831e+07
0
0
0
0
0
0
0
0
0
0
0
0
0
0
0
0
0
0
0
0
0
0
0
0
0
0
0
0
0
0
0
0
0
0
0
0
0
0
0
0
0
0
0
0
0
0
0
0
0
0
0
0
0
0
0
0
0
0
0
0
0
0
0
0
0
0
0
0
0
0
0
0
0
0
0
0
0
0
0
0
0
0
0
0
0
0
0
0
0
0
0
0
0
0
0
0
0
0
0
0
0
0
0
0
0
0
0
0
0
0
0
0
0
0
0
0
0
0
0
0
0
0
0
0
0
0
0
0
0
0
0
0
0
0
0
0
0
0
0
0
0
0
0
0
0
0
0
0
0
0
0
0
0
0
0
0
0
1.259563e+08
8.920386e+07
6.662541e+07
5.340505e+07
4.719835e+07
0
0
0
0
0
0
0
0
0
0
0
0
0
0
0
0
0
0
0
0
0
0
0
0
0
1.257818e+08
8.906747e+07
6.651856e+07
5.332593e+07
4.713889e+07
0
0
0
0
0
0
0
0
0
0
0
0
0
0
0
0
0
0
0
0
0
0
0
0
0
1.255958e+08
8.891836e+07
6.640152e+07
5.32301e+07
4.705947e+07
0
0
0
0
0
0
0
0
0
0
0
0
0
0
0
0
0
0
0
0
0
0
0
0
0
1.253692e+08
8.874112e+07
6.62603e+07
5.311787e+07
4.696485e+07
0
0
0
0
0
0
0
0
0
0
0
0
0
0
0
0
0
0
0
0
0
0
0
0
0
1.250778e+08
8.851849e+07
6.608372e+07
5.297376e+07
4.683901e+07
0
0
0
0
0
0
0
0
0
0
0
0
0
0
0
0
0
0
0
0
0
0
0
0
0
1.247153e+08
8.82422e+07
6.586316e+07
5.278938e+07
4.667509e+07
0
0
0
0
0
0
0
0
0
0
0
0
0
0
0
1.243999e+08
8.799568e+07
6.566456e+07
5.262185e+07
4.652461e+07
0
0
0
0
0
0
0
0
0
0
0
0
0
0
0
8.781103e+07
6.549697e+07
5.247555e+07
4.639352e+07
0
0
0
0
0
0
0
0
0
0
0
0
0
0
0
6.538712e+07
5.236128e+07
4.62861e+07
0
0
0
0
0
0
0
0
0
0
0
0
0
0
0
5.229663e+07
4.621092e+07
0
0
0
0
0
0
0
0
0
0
0
0
0
0
0
4.61742e+07
0
0
0
0
0
0
0
0
0
0
0
0
0
0
0
0
0
0
0
0
0
0
0
0
0
0
0
0
0
0
0
0
0
0
0
0
0
0
0
0
0
0
0
0
0
0
0
0
0
0
0
0
0
0
0
0
0
0
0
0
0
0
0
0
0
0
0
0
0
0
0
0
0
0
0
0
0
0
0
0
0
0
0
0
0
0
0
0
0
0
0
0
0
0
0
0
0
0
0
0
0
0
0
0
0
0
0
0
0
0
0
0
0
0
0
0
0
0
0
0
0
0
0
0
0
0
0
0
0
0
0
0
0
0
0
0
0
0
0
0
0
0
0
0
0
0
0
0
0
0
0
0
0
0
0
0
0
0
0
0
0
0
0
0
1.257965e+08
8.908084e+07
6.653583e+07
5.334065e+07
4.71536e+07
0
0
0
0
0
0
0
0
0
0
0
0
0
0
0
0
0
0
0
0
0
0
0
0
0
1.256442e+08
8.895154e+07
6.64312e+07
5.325584e+07
4.708591e+07
0
0
0
0
0
0
0
0
0
0
0
0
0
0
0
0
0
0
0
0
0
0
0
0
0
1.254806e+08
8.881391e+07
6.631556e+07
5.316159e+07
4.700275e+07
0
0
0
0
0
0
0
0
0
0
0
0
0
0
0
0
0
0
0
0
0
0
0
0
0
1.252817e+08
8.864959e+07
6.617901e+07
5.304706e+07
4.690521e+07
0
0
0
0
0
0
0
0
0
0
0
0
0
0
0
0
0
0
0
0
0
0
0
0
0
1.250146e+08
8.844283e+07
6.600885e+07
5.29038e+07
4.677893e+07
0
0
0
0
0
0
0
0
0
0
0
0
0
0
0
0
0
0
0
0
0
0
0
0
0
1.246991e+08
8.818696e+07
6.579607e+07
5.272249e+07
4.661533e+07
0
0
0
0
0
0
0
0
0
0
0
0
0
0
0
8.796808e+07
6.560823e+07
5.255973e+07
4.646737e+07
0
0
0
0
0
0
0
0
0
0
0
0
0
0
0
6.546496e+07
5.241946e+07
4.633721e+07
0
0
0
0
0
0
0
0
0
0
0
0
0
0
0
5.232476e+07
4.623409e+07
0
0
0
0
0
0
0
0
0
0
0
0
0
0
0
4.617457e+07
0
0
0
0
0
0
0
0
0
0
0
0
0
0
0
0
0
0
0
0
0
0
0
0
0
0
0
0
0
0
0
0
0
0
0
0
0
0
0
0
0
0
0
0
0
0
0
0
0
0
0
0
0
0
0
0
0
0
0
0
0
0
0
0
0
0
0
0
0
0
0
0
0
0
0
0
0
0
0
0
0
0
0
0
0
0
0
0
0
0
0
0
0
0
0
0
0
0
0
0
0
0
0
0
0
0
0
0
0
0
0
0
0
0
0
0
0
0
0
0
0
0
0
0
0
0
0
0
0
0
0
0
0
0
0
0
0
0
0
0
0
0
0
0
0
0
0
0
0
0
0
0
0
0
0
0
0
0
0
0
0
0
0
0
0
0
0
0
0
0
1.256547e+08
8.89666e+07
6.644401e+07
5.327176e+07
4.709978e+07
0
0
0
0
0
0
0
0
0
0
0
0
0
0
0
0
0
0
0
0
0
0
0
0
0
1.255284e+08
8.884823e+07
6.634084e+07
5.318598e+07
4.702594e+07
0
0
0
0
0
0
0
0
0
0
0
0
0
0
0
0
0
0
0
0
0
0
0
0
0
1.2539e+08
8.872151e+07
6.622998e+07
5.308993e+07
4.694331e+07
0
0
0
0
0
0
0
0
0
0
0
0
0
0
0
0
0
0
0
0
0
0
0
0
0
1.252176e+08
8.857392e+07
6.609967e+07
5.297671e+07
4.68425e+07
0
0
0
0
0
0
0
0
0
0
0
0
0
0
0
0
0
0
0
0
0
0
0
0
0
1.249958e+08
8.8382e+07
6.593873e+07
5.28362e+07
4.671601e+07
0
0
0
0
0
0
0
0
0
0
0
0
0
0
0
0
0
0
0
0
0
0
0
0
0
8.816173e+07
6.574063e+07
5.265909e+07
4.65542e+07
0
0
0
0
0
0
0
0
0
0
0
0
0
0
0
6.557405e+07
5.250385e+07
4.640964e+07
0
0
0
0
0
0
0
0
0
0
0
0
0
0
0
5.23838e+07
4.628415e+07
0
0
0
0
0
0
0
0
0
0
0
0
0
0
0
4.619852e+07
0
0
0
0
0
0
0
0
0
0
0
0
0
0
0
0
0
0
0
0
0
0
0
0
0
0
0
0
0
0
0
0
0
0
0
0
0
0
0
0
0
0
0
0
0
0
0
0
0
0
0
0
0
0
0
0
0
0
0
0
0
0
0
0
0
0
0
0
0
0
0
0
0
0
0
0
0
0
0
0
0
0
0
0
0
0
0
0
0
0
0
0
0
0
0
0
0
0
0
0
0
0
0
0
0
0
0
0
0
0
0
0
0
0
0
0
0
0
0
0
0
0
0
0
0
0
0
0
0
0
0
0
0
0
0
0
0
0
0
0
0
0
0
0
0
0
0
0
0
0
0
0
0
0
0
0
0
0
0
0
0
0
0
0
0
0
0
0
0
0
0
0
0
0
0
1.255381e+08
8.885971e+07
6.635484e+07
5.319794e+07
4.704086e+07
0
0
0
0
0
0
0
0
0
0
0
0
0
0
0
0
0
0
0
0
0
0
0
0
0
1.254376e+08
8.875514e+07
6.625575e+07
5.311059e+07
4.696513e+07
0
0
0
0
0
0
0
0
0
0
0
0
0
0
0
0
0
0
0
0
0
0
0
0
0
1.253268e+08
8.864251e+07
6.614928e+07
5.30156e+07
4.687977e+07
0
0
0
0
0
0
0
0
0
0
0
0
0
0
0
0
0
0
0
0
0
0
0
0
0
1.252006e+08
8.851207e+07
6.602919e+07
5.290499e+07
4.677916e+07
0
0
0
0
0
0
0
0
0
0
0
0
0
0
0
0
0
0
0
0
0
0
0
0
0
8.835373e+07
6.587775e+07
5.276997e+07
4.665414e+07
0
0
0
0
0
0
0
0
0
0
0
0
0
0
0
0
0
0
0
0
0
0
0
0
0
6.570893e+07
5.26042e+07
4.649521e+07
0
0
0
0
0
0
0
0
0
0
0
0
0
0
0
5.24667e+07
4.635679e+07
0
0
0
0
0
0
0
0
0
0
0
0
0
0
0
4.624925e+07
0
0
0
0
0
0
0
0
0
0
0
0
0
0
0
0
0
0
0
0
0
0
0
0
0
0
0
0
0
0
0
0
0
0
0
0
0
0
0
0
0
0
0
0
0
0
0
0
0
0
0
0
0
0
0
0
0
0
0
0
0
0
0
0
0
0
0
0
0
0
0
0
0
0
0
0
0
0
0
0
0
0
0
0
0
0
0
0
0
0
0
0
0
0
0
0
0
0
0
0
0
0
0
0
0
0
0
0
0
0
0
0
0
0
0
0
0
0
0
0
0
0
0
0
0
0
0
0
0
0
0
0
0
0
0
0
0
0
0
0
0
0
0
0
0
0
0
0
0
0
0
0
0
0
0
0
0
0
0
0
0
0
0
0
0
0
0
0
0
0
0
0
0
0
0
0
0
0
0
1.254482e+08
8.876599e+07
6.626684e+07
5.312338e+07
4.697637e+07
0
0
0
0
0
0
0
0
0
0
0
0
0
0
0
0
0
0
0
0
0
0
0
0
0
1.25372e+08
8.867564e+07
6.617429e+07
5.303632e+07
4.689818e+07
0
0
0
0
0
0
0
0
0
0
0
0
0
0
0
0
0
0
0
0
0
0
0
0
0
1.253075e+08
8.858057e+07
6.607557e+07
5.294225e+07
4.681269e+07
0
0
0
0
0
0
0
0
0
0
0
0
0
0
0
0
0
0
0
0
0
0
0
0
0
8.848591e+07
6.596718e+07
5.283817e+07
4.671343e+07
0
0
0
0
0
0
0
0
0
0
0
0
0
0
0
0
0
0
0
0
0
0
0
0
0
6.584298e+07
5.270971e+07
4.659249e+07
0
0
0
0
0
0
0
0
0
0
0
0
0
0
0
0
0
0
0
0
0
0
0
0
0
5.25694e+07
4.644336e+07
0
0
0
0
0
0
0
0
0
0
0
0
0
0
0
4.632063e+07
0
0
0
0
0
0
0
0
0
0
0
0
0
0
0
0
0
0
0
0
0
0
0
0
0
0
0
0
0
0
0
0
0
0
0
0
0
0
0
0
0
0
0
0
0
0
0
0
0
0
0
0
0
0
0
0
0
0
0
0
0
0
0
0
0
0
0
0
0
0
0
0
0
0
0
0
0
0
0
0
0
0
0
0
0
0
0
0
0
0
0
0
0
0
0
0
0
0
0
0
0
0
0
0
0
0
0
0
0
0
0
0
0
0
0
0
0
0
0
0
0
0
0
0
0
0
0
0
0
0
0
0
0
0
0
0
0
0
0
0
0
0
0
0
0
0
0
0
0
0
0
0
0
0
0
0
0
0
0
0
0
0
0
0
0
0
0
0
0
0
0
0
0
0
0
0
0
0
0
0
0
0
1.2538e+08
8.868708e+07
6.61848e+07
5.304669e+07
4.691013e+07
0
0
0
0
0
0
0
0
0
0
0
0
0
0
0
0
0
0
0
0
0
0
0
0
0
1.253485e+08
8.86116e+07
6.609971e+07
5.296216e+07
4.683105e+07
0
0
0
0
0
0
0
0
0
0
0
0
0
0
0
0
0
0
0
0
0
0
0
0
0
8.855238e+07
6.601276e+07
5.287234e+07
4.674531e+07
0
0
0
0
0
0
0
0
0
0
0
0
0
0
0
0
0
0
0
0
0
0
0
0
0
6.593441e+07
5.277687e+07
4.665115e+07
0
0
0
0
0
0
0
0
0
0
0
0
0
0
0
0
0
0
0
0
0
0
0
0
0
5.267192e+07
4.653549e+07
0
0
0
0
0
0
0
0
0
0
0
0
0
0
0
0
0
0
0
0
0
0
0
0
0
4.640947e+07
0
0
0
0
0
0
0
0
0
0
0
0
0
0
0
0
0
0
0
0
0
0
0
0
0
0
0
0
0
0
0
0
0
0
0
0
0
0
0
0
0
0
0
0
0
0
0
0
0
0
0
0
0
0
0
0
0
0
0
0
0
0
0
0
0
0
0
0
0
0
0
0
0
0
0
0
0
0
0
0
0
0
0
0
0
0
0
0
0
0
0
0
0
0
0
0
0
0
0
0
0
0
0
0
0
0
0
0
0
0
0
0
0
0
0
0
0
0
0
0
0
0
0
0
0
0
0
0
0
0
0
0
0
0
0
0
0
0
0
0
0
0
0
0
0
0
0
0
0
0
0
0
0
0
0
0
0
0
0
0
0
0
0
0
0
0
0
0
0
0
0
0
0
0
0
0
0
0
0
0
0
0
0
0
1.253642e+08
8.862052e+07
6.611056e+07
5.297197e+07
4.684081e+07
0
0
0
0
0
0
0
0
0
0
0
0
0
0
0
0
0
0
0
0
0
0
0
0
0
8.857878e+07
6.603514e+07
5.289118e+07
4.676288e+07
0
0
0
0
0
0
0
0
0
0
0
0
0
0
0
0
0
0
0
0
0
0
0
0
0
6.597837e+07
5.280986e+07
4.66801e+07
0
0
0
0
0
0
0
0
0
0
0
0
0
0
0
0
0
0
0
0
0
0
0
0
0
5.274091e+07
4.659317e+07
0
0
0
0
0
0
0
0
0
0
0
0
0
0
0
0
0
0
0
0
0
0
0
0
0
4.649874e+07
0
0
0
0
0
0
0
0
0
0
0
0
0
0
0
0
0
0
0
0
0
0
0
0
0
0
0
0
0
0
0
0
0
0
0
0
0
0
0
0
0
0
0
0
0
0
0
0
0
0
0
0
0
0
0
0
0
0
0
0
0
0
0
0
0
0
0
0
0
0
0
0
0
0
0
0
0
0
0
0
0
0
0
0
0
0
0
0
0
0
0
0
0
0
0
0
0
0
0
0
0
0
0
0
0
0
0
0
0
0
0
0
0
0
0
0
0
0
0
0
0
0
0
0
0
0
0
0
0
0
0
0
0
0
0
0
0
0
0
0
0
0
0
0
0
0
0
0
0
0
0
0
0
0
0
0
0
0
0
0
0
0
0
0
0
0
0
0
0
0
0
0
0
0
0
0
0
0
0
0
0
0
0
0
0
0
0
0
0
0
0
0
0
0
0
8.85943e+07
6.604383e+07
5.290118e+07
4.677212e+07
0
0
0
0
0
0
0
0
0
0
0
0
0
0
0
0
0
0
0
0
0
0
0
0
0
6.599641e+07
5.282718e+07
4.669659e+07
0
0
0
0
0
0
0
0
0
0
0
0
0
0
0
0
0
0
0
0
0
0
0
0
0
5.277258e+07
4.662086e+07
0
0
0
0
0
0
0
0
0
0
0
0
0
0
0
0
0
0
0
0
0
0
0
0
0
4.655812e+07
0
0
0
0
0
0
0
0
0
0
0
0
0
0
0
0
0
0
0
0
0
0
0
0
0
0
0
0
0
0
0
0
0
0
0
0
0
0
0
0
0
0
0
0
0
0
0
0
0
0
0
0
0
0
0
0
0
0
0
0
0
0
0
0
0
0
0
0
0
0
0
0
0
0
0
0
0
0
0
0
0
0
0
0
0
0
0
0
0
0
0
0
0
0
0
0
0
0
0
0
0
0
0
0
0
0
0
0
0
0
0
0
0
0
0
0
0
0
0
0
0
0
0
0
0
0
0
0
0
0
0
0
0
0
0
0
0
0
0
0
0
0
0
0
0
0
0
0
0
0
0
0
0
0
0
0
0
0
0
0
0
0
0
0
0
0
0
0
0
0
0
0
0
0
0
0
0
0
0
0
0
0
0
0
0
0
0
0
0
0
0
0
0
0
0
0
0
0
0
0
0
0
0
0
0
6.601041e+07
5.28353e+07
4.670596e+07
0
0
0
0
0
0
0
0
0
0
0
0
0
0
0
0
0
0
0
0
0
0
0
0
0
5.278595e+07
4.663595e+07
0
0
0
0
0
0
0
0
0
0
0
0
0
0
0
0
0
0
0
0
0
0
0
0
0
4.658461e+07
0
0
0
0
0
0
0
0
0
0
0
0
0
0
0
0
0
0
0
0
0
0
0
0
0
0
0
0
0
0
0
0
0
0
0
0
0
0
0
0
0
0
0
0
0
0
0
0
0
0
0
0
0
0
0
0
0
0
0
0
0
0
0
0
0
0
0
0
0
0
0
0
0
0
0
0
0
0
0
0
0
0
0
0
0
0
0
0
0
0
0
0
0
0
0
0
0
0
0
0
0
0
0
0
0
0
0
0
0
0
0
0
0
0
0
0
0
0
0
0
0
0
0
0
0
0
0
0
0
0
0
0
0
0
0
0
0
0
0
0
0
0
0
0
0
0
0
0
0
0
0
0
0
0
0
0
0
0
0
0
0
0
0
0
0
0
0
0
0
0
0
0
0
0
0
0
0
0
0
0
0
0
0
0
0
0
0
0
0
0
0
0
0
0
0
0
0
0
0
0
0
0
0
0
0
0
0
0
0
0
0
0
0
0
0
5.279843e+07
4.66436e+07
0
0
0
0
0
0
0
0
0
0
0
0
0
0
0
0
0
0
0
0
0
0
0
0
0
4.659598e+07
0
0
0
0
0
0
0
0
0
0
0
0
0
0
0
0
0
0
0
0
0
0
0
0
0
0
0
0
0
0
0
0
0
0
0
0
0
0
0
0
0
0
0
0
0
0
0
0
0
0
0
0
0
0
0
0
0
0
0
0
0
0
0
0
0
0
0
0
0
0
0
0
0
0
0
0
0
0
0
0
0
0
0
0
0
0
0
0
0
0
0
0
0
0
0
0
0
0
0
0
0
0
0
0
0
0
0
0
0
0
0
0
0
0
0
0
0
0
0
0
0
0
0
0
0
0
0
0
0
0
0
0
0
0
0
0
0
0
0
0
0
0
0
0
0
0
0
0
0
0
0
0
0
0
0
0
0
0
0
0
0
0
0
0
0
0
0
0
0
0
0
0
0
0
0
0
0
0
0
0
0
0
0
0
0
0
0
0
0
0
0
0
0
0
0
0
0
0
0
0
0
0
0
0
0
0
0
0
0
0
0
0
0
0
0
0
0
0
0
0
0
0
0
0
0
4.660756e+07
0
0
0
0
0
0
0
0
0
0
0
0
0
0
0
0
0
0
0
0
0
0
0
0
0
0
0
0
0
0
0
0
0
0
0
0
0
0
0
0
0
0
0
0
0
0
0
0
0
0
0
0
0
0
0
0
0
0
0
0
0
0
0
0
0
0
0
0
0
0
0
0
0
0
0
0
0
0
0
0
0
0
0
0
0
0
0
0
0
0
0
0
0
0
0
0
0
0
0
0
0
0
0
0
0
0
0
0
0
0
0
0
0
0
0
0
0
0
0
0
0
0
0
0
0
0
0
0
0
0
0
0
0
0
0
0
0
0
0
0
0
0
0
0
0
0
0
0
0
0
0
0
0
0
0
0
0
0
0
0
0
0
0
0
0
0
0
0
0
0
0
0
0
0
0
0
0
0
0
0
0
0
0
0
0
0
0
0
0
0
0
0
0
0
0
0
0
0
0
0
0
0
0
0
0
0
0
0
0
0
0
0
0
0
0
0
0
0
0
0
0
0
0
0
0
0
0
0
0
0
0
0
0
0
0
0
0
0
0
0
0
0
0
0
0
0
0
0
0
0
0
0
0
0
0
0
0
0
0
0
0
0
0
0
0
0
0
0
0
0
0
0
0
0
0
0
0
0
0
0
0
0
0
0
0
0
0
0
0
0
0
0
0
0
0
0
0
0
0
0
0
0
0
0
0
0
0
0
0
0
0
0
0
0
0
0
0
0
0
0
0
0
0
0
0
0
0
0
0
0
0
0
0
0
0
0
0
0
0
0
0
0
0
0
0
0
0
0
0
0
0
0
0
0
0
0
0
0
0
0
0
0
0
0
0
0
0
0
0
0
0
0
0
0
0
0
0
0
0
0
0
0
0
0
0
0
0
0
0
0
0
0
0
0
0
0
0
0
0
0
0
0
0
0
0
0
0
0
0
0
0
0
0
0
0
0
0
0
0
0
0
0
0
0
0
0
0
0
0
0
0
0
0
0
0
0
0
0
0
0
0
0
0
0
0
0
0
0
0
0
0
0
0
0
0
0
0
0
0
0
0
0
0
0
0
0
0
0
0
0
0
0
0
0
0
0
0
0
0
0
0
0
0
0
0
0
0
0
0
0
0
0
0
0
0
0
0
0
0
0
0
0
0
0
0
0
0
0
0
0
0
0
0
0
0
0
0
0
0
0
0
0
0
0
0
0
0
0
0
0
0
0
0
0
0
0
0
0
0
0
0
0
0
0
0
0
0
0
0
0
0
0
0
0
0
0
0
0
0
0
0
0
0
0
0
0
0
0
0
0
0
0
0
0
0
0
0
0
0
0
0
0
0
0
0
0
0
0
0
0
0
0
0
0
0
0
0
0
0
0
0
0
0
0
0
0
0
0
0
0
0
0
0
0
0
0
0
0
0
0
0
0
0
0
0
0
0
0
0
0
0
0
0
0
0
0
0
0
0
0
0
0
0
0
0
0
0
0
0
0
0
0
0
0
0
0
0
0
0
0
0
0
0
0
0
0
0
0
0
0
0
0
0
0
0
0
0
0
0
0
0
0
0
0
0
0
0
0
0
0
0
0
0
0
0
0
0
0
0
0
0
0
0
0
0
0
0
0
0
0
0
0
0
0
0
0
0
0
0
0
0
0
0
0
0
0
0
0
0
0
0
0
0
0
0
0
0
0
0
0
0
0
0
0
0
0
0
0
0
0
0
0
0
0
0
0
0
0
0
0
0
0
0
0
0
0
0
0
0
0
0
0
0
0
0
0
0
0
0
0
0
0
0
0
0
0
0
0
0
0
0
0
0
0
0
0
0
0
0
0
0
0
0
0
0
0
0
0
0
0
0
0
0
0
0
0
0
0
0
0
0
0
0
0
0
0
0
0
0
0
0
0
0
0
0
0
0
0
0
0
0
0
0
0
0
0
0
0
0
0
0
0
0
0
0
0
0
0
0
0
0
0
0
0
0
0
0
0
0
0
0
0
0
0
0
0
0
0
0
0
0
0
0
0
0
0
0
0
0
0
0
0
0
0
0
0
0
0
0
0
0
0
0
0
0
0
0
0
0
0
0
0
0
0
0
0
0
0
0
0
0
0
0
0
0
0
0
0
0
0
0
0
0
0
0
0
0
0
0
0
0
0
0
0
0
0
0
0
0
0
0
0
0
0
0
0
0
0
0
0
0
0
0
0
0
0
0
0
0
0
0
0
0
0
0
0
0
0
0
0
0
0
0
0
0
0
0
0
0
0
0
0
0
0
0
0
0
0
0
0
0
0
0
0
0
0
0
0
0
0
0
0
0
0
0
0
0
0
0
0
0
0
0
0
0
0
0
0
0
0
0
0
0
0
0
0
0
0
0
0
0
0
0
0
0
0
0
0
0
0
0
0
0
0
0
0
0
0
0
0
0
0
0
0
0
0
0
0
0
0
0
0
0
0
0
0
0
0
0
0
0
0
0
0
0
0
0
0
0
0
0
0
0
0
0
0
0
0
0
0
0
0
0
0
0
0
0
0
0
0
0
0
0
0
0
0
0
0
0
0
0
0
0
0
0
0
0
0
0
0
0
0
0
0
0
0
0
0
0
0
0
0
0
0
0
0
0
0
0
0
0
0
0
0
0
0
0
0
0
0
0
0
0
0
0
0
0
0
0
0
0
0
0
0
0
0
0
0
0
0
0
0
0
0
0
0
0
0
0
0
0
0
0
0
0
0
0
0
0
0
0
0
0
0
0
0
0
0
0
0
0
0
0
0
0
0
0
0
0
0
0
0
0
0
0
0
0
0
0
0
0
0
0
0
0
0
0
0
0
0
0
0
0
0
0
0
0
0
0
0
0
0
0
0
0
0
0
0
0
0
0
0
0
0
0
0
0
0
0
0
0
0
0
0
0
0
0
0
0
0
0
0
0
0
0
0
0
0
0
0
0
0
0
0
0
0
0
0
0
0
0
0
0
0
0
0
0
0
0
0
0
0
0
0
0
0
0
0
0
0
0
0
0
0
0
0
0
0
0
0
0
0
0
0
0
0
0
0
0
0
0
0
0
0
0
0
0
0
0
0
0
0
0
0
0
0
0
0
0
0
0
0
0
0
0
0
0
0
0
0
0
0
0
0
0
0
0
0
0
0
0
0
0
0
0
0
0
0
0
0
0
0
0
0
0
0
0
0
0
0
0
0
0
0
0
0
0
0
0
0
0
0
0
0
0
0
0
0
0
0
0
0
0
0
0
0
0
0
0
0
0
0
0
0
0
0
0
0
0
0
0
0
0
0
0
0
0
0
0
0
0
0
0
0
0
0
0
0
0
0
0
0
0
0
0
0
0
0
0
0
0
0
0
0
0
0
0
0
0
0
0
0
0
0
0
0
0
0
0
0
0
0
0
0
0
0
0
0
0
0
0
0
0
0
0
0
0
0
0
0
0
0
0
0
0
0
0
0
0
0
0
0
0
0
0
0
0
0
0
0
0
0
0
0
0
0
0
0
0
0
0
0
0
0
0
0
0
0
0
0
0
0
0
0
0
0
0
0
0
0
0
0
0
0
0
0
0
0
0
0
0
0
0
0
0
0
0
0
0
0
0
0
0
0
0
0
0
0
0
0
0
0
0
0
0
0
0
0
0
0
0
0
0
0
0
0
0
0
0
0
0
0
0
0
0
0
0
0
0
0
0
0
0
0
0
0
0
0
0
0
0
0
0
0
0
0
0
0
0
0
0
0
0
0
0
0
0
0
0
0
0
0
0
0
0
0
0
0
0
0
0
0
0
0
0
0
0
0
0
0
0
0
0
0
0
0
0
0
0
0
0
0
0
0
0
0
0
0
0
0
0
0
0
0
0
0
0
0
0
0
0
0
0
0
0
0
0
0
0
0
0
0
0
0
0
0
0
0
0
0
0
0
0
0
0
0
0
0
0
0
0
0
0
0
0
0
0
0
0
0
0
0
0
0
0
0
0
0
0
0
0
0
0
0
0
0
0
0
0
0
0
0
0
0
0
0
0
0
0
0
0
0
0
0
0
0
0
0
0
0
0
0
0
0
0
0
0
0
0
0
0
0
0
0
0
0
0
0
0
0
0
0
0
0
0
0
0
0
0
0
0
0
0
0
0
0
0
0
0
0
0
0
0
0
0
0
0
0
0
0
0
0
0
0
0
0
0
0
0
0
0
0
0
0
0
0
0
0
0
0
0
0
0
0
0
0
0
0
0
0
0
0
0
0
0
0
0
0
0
0
0
0
0
0
0
0
0
0
0
0
0
0
0
0
0
0
0
0
0
0
0
0
0
0
0
0
0
0
0
0
0
0
0
0
0
0
0
0
0
0
0
0
0
0
0
0
0
0
0
0
0
0
0
0
0
0
0
0
0
0
0
0
0
0
0
0
0
0
0
0
0
0
0
0
0
0
0
0
0
0
0
0
0
0
0
0
0
0
0
0
0
0
0
0
0
0
0
0
0
0
0
0
0
0
0
0
0
0
0
0
0
0
0
0
0
0
0
0
0
0
0
0
0
0
0
0
0
0
0
0
0
0
0
0
0
0
0
0
0
0
0
0
0
0
0
0
0
0
0
0
0
0
0
0
0
0
0
0
0
0
0
0
0
0
0
0
0
0
0
0
0
0
0
0
0
0
0
0
0
0
0
0
0
0
0
0
0
0
0
0
0
0
0
0
0
0
0
0
0
0
0
0
0
0
0
0
0
0
0
0
0
0
0
0
0
0
0
0
0
0
0
0
0
0
0
0
0
0
0
0
0
0
0
0
0
0
0
0
0
0
0
0
0
0
0
0
0
0
0
0
0
0
0
0
0
0
0
0
0
0
0
0
0
0
0
0
0
0
0
0
0
0
0
0
0
0
0
0
0
0
0
0
0
0
0
0
0
0
0
0
0
0
0
0
0
0
0
0
0
0
0
0
0
0
0
0
0
0
0
0
0
0
0
0
0
0
0
0
0
0
0
0
0
0
0
0
0
0
0
0
0
0
0
0
0
0
0
0
0
0
0
0
0
0
0
0
0
0
0
0
0
0
0
0
0
0
0
0
0
0
0
0
0
0
0
0
0
0
0
0
0
0
0
0
0
0
0
0
0
0
0
0
0
0
0
0
0
0
0
0
0
0
0
0
0
0
0
0
0
0
0
0
0
0
0
0
0
0
0
0
0
0
0
0
0
0
0
0
0
0
0
0
0
0
0
0
0
0
0
0
0
0
0
0
0
0
0
0
0
0
0
0
0
0
0
0
0
0
0
0
0
0
0
0
0
0
0
0
0
0
0
0
0
0
0
0
0
0
0
0
0
0
0
0
0
0
0
0
0
0
0
0
0
0
0
0
0
0
0
0
0
0
0
0
0
0
0
0
0
0
0
0
0
0
0
0
0
0
0
0
0
0
0
0
0
0
0
0
0
0
0
0
0
0
0
0
0
0
0
0
0
0
0
0
0
0
0
0
0
0
0
0
0
0
0
0
0
0
0
0
0
0
0
0
0
0
0
0
0
0
0
0
0
0
0
0
0
0
0
0
0
0
0
0
0
0
0
0
0
0
0
0
0
0
0
0
0
0
0
0
0
0
0
0
0
0
0
0
0
0
0
0
0
0
0
0
0
0
0
0
0
0
0
0
0
0
0
0
0
0
0
0
0
0
0
0
0
0
0
0
0
0
0
0
0
0
0
0
0
0
0
0
0
0
0
)
;

boundaryField
{
    interconnectSides
    {
        type            zeroGradient;
    }
    anodeSides
    {
        type            zeroGradient;
    }
    interconnect1
    {
        type            zeroGradient;
    }
    phiEA_to_phiE0
    {
        type            zeroGradient;
    }
}


// ************************************************************************* //
