/*--------------------------------*- C++ -*----------------------------------*\
| =========                 |                                                 |
| \\      /  F ield         | OpenFOAM: The Open Source CFD Toolbox           |
|  \\    /   O peration     | Version:  2312                                  |
|   \\  /    A nd           | Website:  www.openfoam.com                      |
|    \\/     M anipulation  |                                                 |
\*---------------------------------------------------------------------------*/
FoamFile
{
    version     2.0;
    format      ascii;
    arch        "LSB;label=32;scalar=64";
    class       cellSet;
    location    "constant/anode/polyMesh/sets";
    object      anodeChannel;
}
// * * * * * * * * * * * * * * * * * * * * * * * * * * * * * * * * * * * * * //


4000
(
0
1
2
3
4
5
6
7
8
9
10
11
12
13
14
15
16
17
18
19
20
21
22
23
24
25
26
27
28
29
30
31
32
33
34
35
36
37
38
39
40
41
42
43
44
45
46
47
48
49
50
51
52
53
54
55
57
58
59
60
61
62
63
64
65
66
67
68
69
70
71
72
73
74
75
76
77
78
79
80
81
82
83
84
88
89
90
91
92
93
94
95
96
97
98
99
100
101
102
103
104
105
106
107
108
109
110
111
112
113
114
115
116
117
118
119
120
121
122
123
130
131
132
8325
133
8326
134
8327
135
8328
136
8329
137
8330
138
8331
139
8332
140
8333
141
8334
142
143
144
145
146
147
148
149
150
151
152
153
154
155
156
157
8350
158
8351
159
8352
160
8353
161
8354
162
8355
163
8356
164
8357
165
8358
166
8359
167
168
169
170
171
172
173
174
8375
8376
8377
185
8378
186
8379
187
8380
188
8381
189
8382
190
8383
191
8384
192
193
194
195
196
197
198
199
200
201
202
203
204
205
206
207
8400
208
8401
209
8402
210
8403
211
8404
212
8405
213
8406
214
8407
215
8408
216
8409
217
218
219
220
221
222
223
224
225
226
227
228
229
230
231
232
8425
233
8426
234
8427
235
8428
236
8429
237
8430
238
8431
239
8432
8433
8434
255
256
257
8450
258
8451
259
8452
260
8453
261
8454
262
8455
263
8456
264
8457
265
8458
266
8459
267
268
269
270
271
272
273
274
275
276
277
278
279
280
281
282
8475
283
8476
284
8477
285
8478
286
8479
287
8480
288
8481
289
8482
290
8483
291
8484
292
293
294
295
296
297
298
299
300
301
302
303
304
305
306
307
8500
308
8501
309
8502
310
8503
311
8504
312
8505
313
8506
314
8507
315
8508
316
8509
317
318
8525
8526
8527
8528
8529
8530
8531
8532
340
8533
341
8534
342
343
344
345
346
347
348
349
350
351
352
353
354
355
356
357
8550
358
8551
359
8552
360
8553
361
8554
362
8555
363
8556
364
8557
365
8558
366
8559
367
368
369
370
371
372
373
374
375
376
377
378
379
380
381
382
383
384
385
386
387
388
389
390
391
392
393
394
395
396
397
398
399
400
401
403
404
405
406
407
408
409
410
411
412
440
441
442
443
444
445
446
447
448
449
450
451
452
453
454
455
456
457
458
459
460
461
462
463
464
465
466
467
468
469
470
471
472
473
474
475
476
477
478
479
480
481
482
483
484
485
486
487
488
489
490
491
492
493
494
495
496
497
498
500
501
502
503
504
505
506
507
508
509
512
513
514
515
516
517
518
519
520
521
8725
8726
8727
8728
8729
8730
8731
8732
8733
8734
555
556
557
8750
558
8751
559
8752
560
8753
561
8754
562
8755
563
8756
564
8757
565
8758
566
8759
567
568
569
570
571
572
573
574
575
576
577
578
579
580
581
582
8775
583
8776
584
8777
585
8778
586
8779
587
8780
588
8781
589
8782
590
8783
591
8784
592
593
594
595
596
597
598
599
600
601
602
603
604
605
606
607
8800
608
8801
609
8802
8803
611
8804
612
8805
613
8806
614
8807
615
8808
616
8809
617
618
619
620
623
624
625
626
627
628
629
630
631
632
8825
8826
8827
8828
636
8829
637
8830
638
8831
639
8832
640
8833
641
8834
642
643
644
645
8850
8851
8852
8853
8854
8855
8856
8857
8858
8859
8875
8876
8877
685
8878
686
8879
687
8880
688
8881
689
8882
690
8883
691
8884
692
693
694
695
696
697
698
699
700
701
702
703
704
705
706
707
8900
708
8901
709
8902
710
8903
711
8904
712
8905
713
8906
714
8907
715
8908
716
8909
717
718
719
720
721
722
723
724
725
726
727
728
729
730
731
732
8925
733
8926
734
8927
8928
736
8929
737
8930
738
8931
739
8932
740
8933
741
8934
742
743
744
745
748
749
750
751
752
753
754
755
756
757
8950
8951
8952
8953
761
8954
762
8955
763
8956
764
8957
765
8958
766
767
768
769
770
775
776
777
778
779
780
781
782
783
784
830
831
832
833
834
835
836
837
838
839
840
841
842
843
844
845
846
847
848
849
850
851
852
853
854
855
856
857
858
859
860
861
862
863
864
865
866
867
868
869
870
871
872
873
875
876
877
878
879
880
881
882
883
884
887
888
889
890
891
892
893
894
895
896
900
901
902
903
904
905
906
907
908
909
914
915
916
917
918
919
920
921
922
923
929
930
931
9124
932
9125
933
9126
934
9127
935
9128
936
9129
937
9130
938
9131
9132
9133
9149
9150
9151
9152
9153
9154
9155
9156
9157
9158
9174
9175
9176
9177
9178
9179
9180
9181
9182
990
9183
991
992
993
994
995
996
997
998
999
1000
1001
1002
1003
1004
1005
1006
9199
1007
9200
1008
9201
1009
9202
1010
9203
1011
9204
1012
9205
1013
9206
1014
9207
1015
9208
1016
1017
1018
1019
1020
1021
1022
1023
1024
1025
1026
1028
1029
1030
1031
9224
1032
9225
1033
9226
1034
9227
1035
9228
1036
9229
1037
9230
9231
9232
1040
9233
1041
1042
1043
1044
1045
1046
1047
1048
1049
1053
1054
1055
1056
9249
1057
9250
1058
9251
1059
9252
1060
9253
1061
9254
1062
9255
9256
9257
9258
1067
1068
1069
1070
1071
1072
1073
1074
1075
1076
9274
1082
9275
1083
9276
1084
9277
1085
9278
1086
9279
1087
9280
1088
9281
1089
9282
1090
9283
1091
1098
1099
1100
1101
1102
1103
1104
1105
1106
9299
1107
9300
9301
9302
9303
9304
9305
9306
9307
9308
9324
9325
9326
9327
9328
9329
9330
9331
9332
9348
9349
9350
9351
9352
9353
9354
9355
1165
1166
1167
1168
1169
1170
1171
1172
1173
1174
1175
1176
1177
1178
1179
1180
1181
1182
1183
1184
1185
1186
1187
1188
1189
1190
1191
1192
1193
1195
1196
1197
1198
1199
1200
1201
1202
1203
1204
1207
1208
1209
1210
1211
1212
1213
1214
1215
1216
1220
1221
1222
1223
1224
1225
1226
1227
1228
1229
1234
1235
1236
1237
1238
1239
1240
1241
1242
1243
1249
1250
1251
1252
1253
1254
1255
1256
1257
1258
1265
1266
1267
1268
1269
1270
1271
1272
1273
1274
1282
1283
1284
1285
1286
1287
1288
1289
1290
1291
9521
9522
9523
9524
9525
9526
9527
9528
9529
9530
9546
9547
1355
9548
1356
9549
1357
9550
1358
9551
1359
9552
1360
9553
1361
9554
1362
9555
1363
1364
1365
1366
1367
1368
1369
1370
1371
1372
1373
1374
1376
1377
1378
9571
1379
9572
1380
9573
1381
9574
1382
9575
1383
9576
1384
9577
1385
9578
9579
9580
1388
1389
1390
1391
1392
1393
1394
1395
1396
1397
1401
1402
1403
9596
1404
9597
1405
9598
1406
9599
1407
9600
1408
9601
1409
9602
1410
9603
9604
9605
1415
1416
1417
1418
1419
1420
1421
1422
1423
1424
9621
9622
1430
9623
1431
9624
1432
9625
1433
9626
1434
9627
1435
9628
1436
9629
1437
9630
1438
1439
1446
1447
1448
1449
1450
1451
1452
1453
9646
1454
9647
1455
9648
9649
9650
9651
9652
9653
9654
9655
1463
1464
1465
1466
1467
1468
1469
1470
1471
1472
9671
9672
9673
1481
9674
1482
9675
1483
9676
1484
9677
1485
9678
1486
9679
1487
9680
1488
1489
1490
9696
9697
9698
9699
9700
9701
9702
9703
9704
9720
9721
9722
9723
9724
9725
9726
9727
9743
9744
9745
9746
9747
9748
9749
1560
1561
1562
1563
1564
1565
1566
1567
1568
1569
1571
1572
1573
1574
1575
1576
1577
1578
1579
1580
1583
1584
1585
1586
1587
1588
1589
1590
1591
1592
1596
1597
1598
1599
1600
1601
1602
1603
1604
1605
1610
1611
1612
1613
1614
1615
1616
1617
1618
1619
1625
1626
1627
1628
1629
1630
1631
1632
1633
1634
1641
1642
1643
1644
1645
1646
1647
1648
1649
1650
1658
1659
1660
1661
1662
1663
1664
1665
1666
1667
1676
1677
1678
1679
1680
1681
1682
1683
1684
1685
1695
1696
1697
1698
1699
1700
1701
1702
1703
1704
9915
9916
9917
9918
9919
9920
9921
9922
9923
9924
9940
9941
9942
9943
9944
9945
9946
9947
9948
9949
9965
9966
9967
9968
9969
9970
9971
9972
9973
1781
9974
1782
1783
1784
1785
1786
1787
1788
1789
1790
1793
1794
1795
1796
1797
9990
1798
9991
1799
9992
1800
9993
1801
9994
1802
9995
9996
9997
9998
1806
9999
1807
1808
1809
1810
1811
1812
1813
1814
1815
1820
1821
1822
10015
1823
10016
1824
10017
1825
10018
1826
10019
1827
10020
1828
10021
1829
10022
10023
10024
1835
1836
1837
1838
1839
1840
1841
1842
1843
1844
10040
10041
10042
10043
1851
10044
1852
10045
1853
10046
1854
10047
1855
10048
1856
10049
1857
1858
1859
1860
1868
1869
1870
1871
1872
10065
1873
10066
1874
10067
1875
10068
1876
10069
1877
10070
10071
10072
10073
1886
1887
1888
1889
1890
1891
1892
1893
1894
1895
10089
10090
10091
10092
10093
10094
10095
10096
1905
1906
1907
1908
1909
1910
1911
1912
1913
1914
10112
10113
10114
10115
10116
10117
1925
10118
1926
1927
1928
1929
1930
1931
1932
1933
1934
10134
10135
10136
10137
10138
10139
2018
2019
2020
2021
2022
2023
2024
2025
2026
2027
2031
2032
2033
2034
2035
2036
2037
2038
2039
2040
2045
2046
2047
2048
2049
2050
2051
2052
2053
2054
2060
2061
2062
2063
2064
2065
2066
2067
2068
2069
2076
2077
2078
2079
2080
2081
2082
2083
2084
2085
2093
2094
2095
2096
2097
2098
2099
2100
2101
2102
2111
2112
10305
2113
10306
2114
10307
2115
10308
2116
10309
2117
10310
2118
10311
2119
10312
2120
10313
10314
2130
2131
2132
2133
2134
2135
2136
2137
10330
2138
10331
2139
10332
10333
10334
10335
10336
10337
10338
10339
2150
2151
2152
2153
2154
2155
2156
2157
2158
2159
10355
10356
10357
10358
10359
10360
10361
10362
10363
2171
10364
2172
2173
2174
2175
2176
2177
2178
2179
2180
10380
10381
10382
10383
10384
10385
10386
10387
10388
10389
10405
10406
10407
10408
10409
10410
10411
10412
10413
10414
10430
10431
10432
10433
10434
10435
10436
10437
10438
10454
10455
10456
10457
10458
10459
10460
10461
2271
2272
2273
2274
2275
2276
2277
2278
2279
2280
10477
2285
10478
2286
10479
2287
10480
2288
10481
2289
10482
2290
10483
2291
2292
2293
2294
2300
2301
2302
2303
2304
2305
2306
10499
2307
10500
2308
10501
2309
10502
10503
10504
2316
2317
2318
2319
2320
2321
2322
2323
2324
2325
10520
10521
10522
10523
10524
2333
2334
2335
2336
2337
2338
2339
2340
2341
2342
2351
2352
2353
2354
2355
2356
2357
2358
2359
2360
2370
2371
2372
2373
2374
2375
2376
2377
2378
2379
2390
2391
2392
2393
2394
2395
2396
2397
2398
2399
2411
2412
2413
2414
2415
2416
2417
2418
2419
2420
2433
2434
2435
2436
2437
2438
2439
2440
2441
2442
10690
10691
10692
10693
10694
10695
10696
10697
10698
10699
10715
10716
10717
10718
10719
10720
10721
10722
10723
10724
2540
2541
2542
2543
2544
2545
2546
2547
10740
2548
10741
2549
10742
10743
10744
10745
10746
10747
2555
10748
2556
10749
2557
2558
2559
2560
2561
2562
2563
2564
2571
2572
10765
2573
10766
2574
10767
2575
10768
2576
10769
2577
10770
2578
10771
2579
10772
2580
10773
10774
2588
2589
2590
2591
2592
2593
2594
2595
2596
2597
10790
10791
10792
10793
10794
10795
10796
10797
10798
2606
2607
2608
2609
2610
2611
2612
2613
2614
2615
10814
10815
10816
10817
2625
10818
2626
10819
2627
10820
2628
10821
2629
2630
2631
2632
2633
2634
10837
2645
10838
2646
10839
2647
10840
2648
10841
2649
10842
2650
10843
2651
2652
2653
2654
2666
10859
2667
10860
2668
10861
2669
10862
2670
10863
2671
10864
2672
2673
2674
2675
10880
2688
10881
2689
10882
2690
10883
2691
10884
2692
2693
2694
2695
2696
2697
10900
10901
10902
10903
2711
2712
2713
2714
2715
2716
2717
2718
2719
2720
2825
2826
2827
2828
2829
2830
2831
2832
2833
2834
2841
2842
2843
2844
2845
2846
2847
2848
2849
2850
2858
2859
2860
2861
2862
2863
2864
2865
2866
2867
11068
2876
11069
2877
11070
2878
11071
2879
11072
2880
11073
2881
11074
2882
11075
2883
11076
2884
11077
2885
2895
2896
2897
2898
2899
2900
11093
2901
11094
2902
11095
2903
11096
2904
11097
11098
11099
11100
11101
11102
2915
2916
2917
2918
2919
2920
2921
2922
2923
2924
11118
11119
11120
11121
11122
11123
11124
11125
11126
11127
2936
2937
2938
2939
2940
2941
2942
2943
2944
2945
11143
11144
11145
11146
11147
11148
11149
11150
2958
11151
2959
2960
2961
2962
2963
2964
2965
2966
2967
11167
11168
11169
11170
11171
11172
11173
2981
11174
2982
2983
2984
2985
2986
2987
2988
2989
2990
11190
11191
11192
11193
11194
11195
11196
3005
3006
3007
3008
3009
3010
3011
3012
3013
3014
11212
11213
11214
11215
11216
11217
11233
11234
11235
11236
11237
11253
11254
11255
11256
11272
11273
11274
3125
3126
3127
3128
3129
3130
3131
3132
3133
3134
3142
3143
3144
3145
3146
3147
3148
3149
3150
3151
3160
3161
3162
3163
3164
3165
3166
3167
3168
3169
3179
3180
3181
3182
3183
3184
3185
3186
3187
3188
3199
3200
3201
3202
3203
3204
3205
3206
3207
3208
3220
3221
3222
3223
3224
3225
3226
3227
3228
3229
3242
3243
3244
11437
3245
11438
3246
11439
3247
11440
3248
11441
3249
11442
3250
11443
3251
11444
11445
11446
3265
3266
3267
3268
3269
11462
3270
11463
3271
11464
3272
11465
3273
11466
3274
11467
11468
11469
11470
11471
3289
3290
3291
3292
3293
3294
11487
3295
11488
3296
11489
3297
11490
3298
11491
11492
11493
11494
11495
3314
3315
3316
3317
3318
11511
3319
11512
3320
11513
3321
11514
3322
11515
3323
11516
11517
11518
11534
11535
11536
11537
11538
11539
11540
11556
11557
11558
11559
11560
11561
11577
11578
11579
11580
11581
11597
11598
11599
11600
11616
11617
11618
3439
3440
3441
11634
3442
11635
3443
3444
3445
3446
3447
3448
3457
3458
3459
3460
3461
3462
3463
3464
3465
3466
3476
3477
3478
3479
3480
3481
3482
3483
3484
3485
3496
3497
3498
3499
3500
3501
3502
3503
3504
3505
3517
3518
3519
3520
3521
3522
3523
3524
3525
3526
3539
3540
3541
3542
3543
3544
3545
3546
3547
3548
3562
3563
3564
3565
3566
3567
3568
3569
3570
3571
3586
3587
3588
3589
3590
3591
3592
3593
3594
3595
11795
11796
11797
11798
11799
11800
11801
11802
11803
3611
11804
3612
3613
3614
3615
3616
3617
3618
3619
3620
11820
11821
11822
11823
11824
11825
11826
11827
11828
3636
3637
3638
3639
3640
3641
3642
3643
3644
3645
11844
11845
11846
11847
11848
11849
11850
11851
11867
11868
11869
11870
11871
11872
11873
11889
11890
11891
11892
11893
11894
11910
11911
11912
11913
11914
11930
11931
11932
11933
11949
11950
11951
3766
3767
3768
3769
3770
3771
3772
3773
3774
11967
3775
11968
3785
3786
3787
3788
3789
3790
3791
11984
3792
3793
3794
3805
3806
3807
3808
3809
3810
3811
3812
3813
3814
3826
3827
3828
3829
3830
3831
3832
3833
3834
3835
3848
3849
3850
3851
3852
3853
3854
3855
3856
3857
3871
3872
3873
3874
3875
3876
3877
3878
3879
3880
3895
3896
3897
3898
3899
3900
3901
3902
3903
3904
3920
3921
3922
3923
3924
3925
3926
3927
3928
3929
3945
3946
3947
12140
3948
12141
3949
12142
3950
12143
3951
12144
3952
12145
3953
12146
3954
12147
12148
3970
3971
12164
3972
12165
3973
12166
3974
12167
3975
12168
3976
12169
3977
12170
3978
12171
3979
12187
12188
12189
12190
12191
12192
12193
12209
12210
12211
12212
12213
12214
12230
12231
12232
12233
12234
12250
12251
12252
12253
12269
12270
12271
12287
12288
4105
4106
4107
4108
4109
4110
4111
12304
4112
4113
4114
4125
4126
4127
4128
4129
4130
4131
4132
4133
4134
4146
4147
4148
4149
4150
4151
4152
4153
4154
4155
4168
4169
4170
4171
4172
4173
4174
4175
4176
4177
4191
4192
4193
4194
4195
4196
4197
4198
4199
4200
4215
4216
4217
4218
4219
4220
4221
4222
4223
4224
4240
4241
4242
4243
4244
4245
4246
4247
4248
4249
4265
4266
4267
4268
4269
4270
4271
4272
4273
4274
12470
12471
12472
12473
12474
12475
12476
12477
4290
4291
4292
4293
4294
4295
4296
4297
4298
4299
12493
12494
12495
12496
12497
12498
12499
4315
4316
4317
4318
4319
4320
4321
4322
12515
4323
12516
4324
12517
12518
12519
12520
12536
12537
12538
12539
12540
12556
12557
12558
12559
12575
12576
12577
12593
12594
12610
4455
4456
4457
4458
4459
4460
4461
4462
4463
4464
4476
4477
4478
4479
4480
4481
4482
4483
4484
4485
4498
4499
4500
4501
4502
4503
4504
4505
4506
4507
4521
4522
4523
4524
4525
4526
4527
4528
4529
4530
4545
4546
4547
4548
4549
4550
4551
4552
4553
4554
4570
4571
4572
4573
4574
4575
4576
4577
4578
4579
12785
12786
12787
4595
12788
4596
12789
4597
12790
4598
12791
4599
4600
4601
4602
4603
4604
12807
12808
12809
12810
12811
12812
4620
4621
4622
4623
4624
4625
4626
4627
4628
4629
12828
12829
12830
12831
12832
4645
4646
4647
4648
4649
4650
4651
4652
4653
4654
12848
12849
12850
12851
4670
4671
4672
4673
4674
12867
4675
12868
4676
12869
4677
4678
4679
12885
12886
12902
4815
4816
4817
4818
4819
4820
4821
4822
4823
4824
4837
4838
4839
4840
4841
4842
4843
4844
4845
4846
4860
4861
4862
4863
4864
4865
4866
4867
4868
4869
4884
4885
4886
4887
4888
4889
4890
4891
4892
13085
4893
13086
13087
13088
13089
13090
4909
4910
4911
4912
4913
13106
4914
13107
4915
13108
4916
13109
4917
13110
4918
13126
4934
13127
4935
13128
4936
13129
4937
4938
4939
4940
4941
4942
4943
13145
13146
13147
4959
4960
4961
4962
4963
4964
4965
4966
4967
4968
13163
13164
4984
4985
4986
4987
13180
4988
4989
4990
4991
4992
4993
5009
5010
5011
5012
5013
5014
5015
5016
5017
5018
5034
5035
5036
5037
5038
5039
5040
5041
5042
5043
13370
13371
13372
13373
13374
5184
5185
5186
5187
5188
5189
5190
5191
5192
5193
13390
13391
13392
13393
5207
5208
5209
5210
5211
5212
5213
5214
5215
5216
13409
13410
13411
5231
5232
5233
5234
13427
5235
13428
5236
5237
5238
5239
5240
13444
5256
5257
5258
5259
5260
5261
5262
5263
5264
5265
5281
5282
5283
5284
5285
5286
5287
5288
5289
5290
5306
5307
5308
5309
5310
5311
5312
5313
5314
5315
5331
5332
5333
5334
5335
5336
5337
5338
5339
5340
5356
5357
5358
5359
5360
5361
5362
5363
5364
5365
5381
5382
5383
5384
5385
5386
5387
5388
5389
5390
5406
5407
5408
5409
5410
5411
5412
5413
5414
5415
13640
13641
13642
13643
13659
13660
13661
13677
13678
13694
5561
5562
5563
5564
5565
5566
5567
5568
5569
5570
5585
5586
5587
5588
5589
5590
5591
5592
5593
5594
5610
5611
5612
5613
5614
5615
5616
5617
5618
5619
5635
5636
5637
5638
5639
5640
5641
5642
5643
5644
5660
5661
5662
5663
5664
5665
5666
5667
5668
5669
5685
5686
5687
5688
5689
5690
5691
5692
5693
5694
13895
13896
13897
5710
5711
5712
5713
5714
5715
5716
5717
5718
5719
13913
13914
5735
5736
5737
13930
5738
5739
5740
5741
5742
5743
5744
5760
5761
5762
5763
5764
5765
5766
5767
5768
5769
5785
5786
5787
5788
5789
5790
5791
5792
5793
5794
14135
14136
5945
5946
5947
5948
5949
5950
5951
5952
5953
5954
14152
5970
5971
5972
5973
5974
5975
5976
5977
5978
5979
5995
5996
5997
5998
5999
6000
6001
6002
6003
6004
6020
6021
6022
6023
6024
6025
6026
6027
6028
6029
6045
6046
6047
6048
6049
6050
6051
6052
6053
6054
6070
6071
6072
6073
6074
6075
6076
6077
6078
6079
6095
6096
6097
6098
6099
6100
6101
6102
6103
6104
6120
6121
6122
6123
6124
6125
6126
6127
6128
6129
6145
6146
6147
6148
6149
6150
6151
6152
6153
6154
14360
6170
6171
6172
6173
6174
6175
6176
6177
6178
6179
6335
6336
6337
6338
6339
6340
6341
6342
6343
6344
6360
6361
6362
6363
6364
6365
6366
6367
6368
6369
6385
6386
6387
6388
6389
6390
6391
6392
6393
6394
6410
6411
6412
6413
6414
6415
6416
6417
6418
6419
6435
6436
6437
6438
6439
6440
6441
6442
6443
6444
6460
6461
6462
6463
6464
6465
6466
6467
6468
6469
6485
6486
6487
6488
6489
6490
6491
6492
6493
6494
6510
6511
6512
6513
6514
6515
6516
6517
6518
6519
6535
6536
6537
6538
6539
6540
6541
6542
6543
6544
6560
6561
6562
6563
6564
6565
6566
6567
6568
6569
6729
6730
6731
6732
6733
6734
6735
6736
6737
6738
6754
6755
6756
6757
6758
6759
6760
6761
6762
6763
6779
6780
6781
6782
6783
6784
6785
6786
6787
6788
6804
6805
6806
6807
6808
6809
6810
6811
6812
6813
6829
6830
6831
6832
6833
6834
6835
6836
6837
6838
6854
6855
6856
6857
6858
6859
6860
6861
6862
6863
6879
6880
6881
6882
6883
6884
6885
6886
6887
6888
6904
6905
6906
6907
6908
6909
6910
6911
6912
6913
6929
6930
6931
6932
6933
6934
6935
6936
6937
6938
6954
6955
6956
6957
6958
6959
6960
6961
6962
6963
7126
7127
7128
7129
7130
7131
7132
7133
7134
7135
7151
7152
7153
7154
7155
7156
7157
7158
7159
7160
7176
7177
7178
7179
7180
7181
7182
7183
7184
7185
7201
7202
7203
7204
7205
7206
7207
7208
7209
7210
7226
7227
7228
7229
7230
7231
7232
7233
7234
7235
7251
7252
7253
7254
7255
7256
7257
7258
7259
7260
7276
7277
7278
7279
7280
7281
7282
7283
7284
7285
7301
7302
7303
7304
7305
7306
7307
7308
7309
7310
7326
7327
7328
7329
7330
7331
7332
7333
7334
7335
7351
7352
7353
7354
7355
7356
7357
7358
7359
7360
7525
7526
7527
7528
7529
7530
7531
7532
7533
7534
7550
7551
7552
7553
7554
7555
7556
7557
7558
7559
7575
7576
7577
7578
7579
7580
7581
7582
7583
7584
7600
7601
7602
7603
7604
7605
7606
7607
7608
7609
7625
7626
7627
7628
7629
7630
7631
7632
7633
7634
7650
7651
7652
7653
7654
7655
7656
7657
7658
7659
7675
7676
7677
7678
7679
7680
7681
7682
7683
7684
7700
7701
7702
7703
7704
7705
7706
7707
7708
7709
7725
7726
7727
7728
7729
7730
7731
7732
7733
7734
7750
7751
7752
7753
7754
7755
7756
7757
7758
7759
7925
7926
7927
7928
7929
7930
7931
7932
7933
7934
7950
7951
7952
7953
7954
7955
7956
7957
7958
7959
7975
7976
7977
7978
7979
7980
7981
7982
7983
7984
8000
8001
8002
8003
8004
8005
8006
8007
8008
8009
8025
8026
8027
8028
8029
8030
8031
8032
8033
8034
8050
8051
8052
8053
8054
8055
8056
8057
8058
8059
8075
8076
8077
8078
8079
8080
8081
8082
8083
8084
8100
8101
8102
8103
8104
8105
8106
8107
8108
8109
8125
8126
8127
8128
8129
8130
8131
8132
8133
8134
8150
8151
8152
8153
8154
8155
8156
8157
8158
8159
)


// ************************************************************************* //
