/*--------------------------------*- C++ -*----------------------------------*\
| =========                 |                                                 |
| \\      /  F ield         | OpenFOAM: The Open Source CFD Toolbox           |
|  \\    /   O peration     | Version:  2312                                  |
|   \\  /    A nd           | Website:  www.openfoam.com                      |
|    \\/     M anipulation  |                                                 |
\*---------------------------------------------------------------------------*/
FoamFile
{
    version     2.0;
    format      ascii;
    arch        "LSB;label=32;scalar=64";
    class       volScalarField;
    location    "80/air";
    object      j;
}
// * * * * * * * * * * * * * * * * * * * * * * * * * * * * * * * * * * * * * //

dimensions      [0 -3 0 0 0 1 0];

internalField   nonuniform List<scalar> 
16000
(
0
0
0
0
0
0
0
0
0
0
0
0
0
0
0
0
0
0
0
0
0
0
0
0
0
0
0
0
0
0
0
0
0
0
0
0
0
0
0
0
0
0
0
0
0
0
0
0
0
0
0
0
0
0
0
0
0
0
0
0
0
0
0
0
0
0
0
0
0
0
0
0
0
0
0
0
0
0
0
0
0
0
0
0
0
0
0
0
0
0
0
0
0
0
0
0
0
0
0
0
0
0
0
0
0
0
0
0
0
0
0
0
0
0
0
0
0
0
0
0
0
0
0
0
0
0
0
0
0
0
0
0
0
0
0
0
0
0
0
0
0
0
0
0
0
0
0
0
0
0
0
0
0
0
0
0
0
0
0
0
0
0
0
0
0
0
0
0
0
0
0
0
0
0
0
0
0
0
0
0
0
0
0
0
0
0
0
0
0
0
0
0
0
0
0
0
0
0
0
0
0
0
0
0
0
0
0
0
0
0
0
0
0
0
0
0
0
0
0
0
0
0
0
0
0
0
0
0
0
0
0
0
0
0
0
0
0
0
0
0
0
0
0
0
0
0
0
0
0
0
0
0
0
0
0
0
0
0
0
0
0
0
0
0
0
0
0
0
0
0
0
0
0
0
0
0
0
0
0
0
0
0
0
0
0
0
0
0
0
0
0
0
0
0
0
0
0
0
0
0
0
0
0
0
0
0
0
0
0
0
0
0
0
0
0
0
0
0
0
0
0
0
0
0
0
0
0
0
0
0
0
0
0
0
0
0
0
0
0
0
0
0
0
0
0
0
0
0
0
0
0
0
0
0
0
0
0
0
0
0
0
0
0
0
0
0
0
0
0
0
0
0
0
0
0
0
0
0
0
0
0
0
0
0
0
0
0
0
0
0
0
0
0
0
0
0
0
0
0
0
0
0
0
0
0
0
0
0
0
0
0
0
0
0
0
0
0
0
0
0
0
0
0
0
0
0
0
0
0
0
0
0
0
0
0
0
0
0
0
0
0
0
0
0
0
0
0
0
0
0
0
0
0
0
0
0
0
0
0
0
0
0
0
0
0
0
0
0
0
0
0
0
0
0
0
0
0
0
0
0
0
0
0
0
0
0
0
0
0
0
0
0
0
0
0
0
0
0
0
0
0
0
0
0
0
0
0
0
0
0
0
0
0
0
0
0
0
0
0
0
0
0
0
0
0
0
0
0
0
0
0
0
0
0
0
0
0
0
0
0
0
0
0
0
0
0
0
0
0
0
0
0
0
0
0
0
0
0
0
0
0
0
0
0
0
0
0
0
0
0
0
0
0
0
0
0
0
0
0
0
0
0
0
0
0
0
0
0
0
0
0
0
0
0
0
0
0
0
0
0
0
0
0
0
0
0
0
0
0
0
0
0
0
0
0
0
0
0
0
0
0
0
0
0
0
0
0
0
0
0
0
0
0
0
0
0
0
0
0
0
0
0
0
0
0
0
0
0
0
0
0
0
0
0
0
0
0
0
0
0
0
0
0
0
0
0
0
0
0
0
0
0
0
0
0
0
0
0
0
0
0
0
0
0
0
0
0
0
0
0
0
0
0
0
0
0
0
0
0
0
0
0
0
0
0
0
0
0
0
0
0
0
0
0
0
0
0
0
0
0
0
0
0
0
0
0
0
0
0
0
0
0
0
0
0
0
0
0
0
0
0
0
0
0
0
0
0
0
0
0
0
0
0
0
0
0
0
0
0
0
0
0
0
0
0
0
0
0
0
0
0
0
0
0
0
0
0
0
0
0
0
0
0
0
0
0
0
0
0
0
0
0
0
0
0
0
0
0
0
0
0
0
0
0
0
0
0
0
0
0
0
0
0
0
0
0
0
0
0
0
0
0
0
0
0
0
0
0
0
0
0
0
0
0
0
0
0
0
0
0
0
0
0
0
0
0
0
0
0
0
0
0
0
0
0
0
0
0
0
0
0
0
0
0
0
0
0
0
0
0
0
0
0
0
0
0
0
0
0
0
0
0
0
0
0
0
0
0
0
0
0
0
0
0
0
0
0
0
0
0
0
0
0
0
0
0
0
0
0
0
0
0
0
0
0
0
0
0
0
0
0
0
0
0
0
0
0
0
0
0
0
0
0
0
0
0
0
0
0
0
0
0
0
0
0
0
0
0
0
0
0
0
0
0
0
0
0
0
0
0
0
0
0
0
0
0
0
0
0
0
0
0
0
0
0
0
0
0
0
0
0
0
0
0
0
0
0
0
0
2.017903e+08
0
0
0
0
0
0
0
0
0
0
0
0
0
0
0
0
0
0
0
0
0
0
0
0
0
0
0
0
0
0
0
0
0
0
0
0
0
0
0
0
0
0
0
0
0
0
0
0
0
0
0
0
0
0
0
0
0
0
0
0
0
0
0
0
0
0
0
0
0
0
0
0
0
0
0
0
0
0
0
0
0
0
0
0
0
0
0
0
0
0
0
0
0
0
0
0
0
0
0
0
0
0
0
0
0
0
0
0
0
0
0
0
0
0
0
0
0
0
0
0
0
0
0
0
0
0
0
0
0
0
0
0
0
0
0
0
0
0
0
0
0
0
0
0
0
0
0
0
0
0
0
0
0
0
0
0
0
0
0
0
0
0
2.022729e+08
0
0
0
0
0
0
0
0
0
0
2.018571e+08
2.385788e+08
0
0
0
0
0
0
0
0
0
0
0
0
0
0
0
0
0
0
0
0
0
0
0
0
0
0
0
0
0
0
0
0
0
0
0
0
0
0
0
0
0
0
0
0
0
0
0
0
0
0
0
0
0
0
0
0
0
0
0
0
0
0
0
0
0
0
0
0
0
0
0
0
0
0
0
0
0
0
0
0
0
0
0
0
0
0
0
0
0
0
0
0
0
0
0
0
0
0
0
0
0
0
0
0
0
0
0
0
0
0
0
0
0
0
0
0
0
0
0
0
0
0
0
0
0
0
0
0
0
0
0
0
0
0
0
0
0
0
0
0
0
0
0
0
0
0
0
0
0
0
0
0
0
0
0
0
0
0
0
0
0
0
0
0
2.03338e+08
0
0
0
0
0
0
0
0
0
0
2.023715e+08
2.391249e+08
0
0
0
0
0
0
0
0
0
0
2.019871e+08
2.386581e+08
3.518227e+08
0
0
0
0
0
0
0
0
0
0
0
0
0
0
0
0
0
0
0
0
0
0
0
0
0
0
0
0
0
0
0
0
0
0
0
0
0
0
0
0
0
0
0
0
0
0
0
0
0
0
0
0
0
0
0
0
0
0
0
0
0
0
0
0
0
0
0
0
0
0
0
0
0
0
0
0
0
0
0
0
0
0
0
0
0
0
0
0
0
0
0
0
0
0
0
0
0
0
0
0
0
0
0
0
0
0
0
0
0
0
0
0
0
0
0
0
0
0
0
0
0
0
0
0
0
0
0
0
0
0
0
0
0
0
0
0
0
0
0
0
0
0
0
0
0
0
0
0
0
0
0
0
0
0
0
0
0
0
0
0
0
0
0
0
0
2.055097e+08
0
0
0
0
0
0
0
0
0
0
2.03437e+08
2.403349e+08
0
0
0
0
0
0
0
0
0
0
2.024858e+08
2.39235e+08
3.525992e+08
0
0
0
0
0
0
0
0
0
0
2.02052e+08
2.388142e+08
3.519826e+08
7.522322e+08
0
0
0
0
0
0
0
0
0
0
0
0
0
0
0
0
0
0
0
0
0
0
0
0
0
0
0
0
0
0
0
0
0
0
0
0
0
0
0
0
0
0
0
0
0
0
0
0
0
0
0
0
0
0
0
0
0
0
0
0
0
0
0
0
0
0
0
0
0
0
0
0
0
0
0
0
0
0
0
0
0
0
0
0
0
0
0
0
0
0
0
0
0
0
0
0
0
0
0
0
0
0
0
0
0
0
0
0
0
0
0
0
0
0
0
0
0
0
0
0
0
0
0
0
0
0
0
0
0
0
0
0
0
0
0
0
0
0
0
0
0
0
0
0
0
0
0
0
0
0
0
0
0
0
0
0
0
0
0
0
0
0
0
0
0
2.082034e+08
0
0
0
0
0
0
0
0
0
0
2.053212e+08
2.428815e+08
0
0
0
0
0
0
0
0
0
0
2.035801e+08
2.40434e+08
3.543274e+08
0
0
0
0
0
0
0
0
0
0
2.025818e+08
2.393722e+08
3.527874e+08
7.53685e+08
0
0
0
0
0
0
0
0
0
0
2.021431e+08
2.388879e+08
3.522587e+08
7.529175e+08
4.097032e+09
0
0
0
0
0
0
0
0
0
0
0
0
0
0
0
0
0
0
0
0
0
0
0
0
0
0
0
0
0
0
0
0
0
0
0
0
0
0
0
0
0
0
0
0
0
0
0
0
0
0
0
0
0
0
0
0
0
0
0
0
0
0
0
0
0
0
0
0
0
0
0
0
0
0
0
0
0
0
0
0
0
0
0
0
0
0
0
0
0
0
0
0
0
0
0
0
0
0
0
0
0
0
0
0
0
0
0
0
0
0
0
0
0
0
0
0
0
0
0
0
0
0
0
0
0
0
0
0
0
0
0
0
0
0
0
0
0
0
0
0
0
0
0
0
0
0
0
0
0
0
0
0
0
0
0
0
0
0
0
0
0
0
0
0
0
2.118213e+08
0
0
0
0
0
0
0
0
0
0
2.083208e+08
2.459124e+08
0
0
0
0
0
0
0
0
0
0
2.055121e+08
2.425625e+08
3.582106e+08
0
0
0
0
0
0
0
0
0
0
2.036954e+08
2.406048e+08
3.544673e+08
7.569659e+08
0
0
0
0
0
0
0
0
0
0
2.026573e+08
2.394885e+08
3.530414e+08
7.543689e+08
4.097496e+09
0
0
0
0
0
0
0
0
0
0
2.021747e+08
2.389983e+08
3.524058e+08
7.539007e+08
4.109381e+09
0
0
0
0
0
0
0
0
0
0
0
0
0
0
0
0
0
0
0
0
0
0
0
0
0
0
0
0
0
0
0
0
0
0
0
0
0
0
0
0
0
0
0
0
0
0
0
0
0
0
0
0
0
0
0
0
0
0
0
0
0
0
0
0
0
0
0
0
0
0
0
0
0
0
0
0
0
0
0
0
0
0
0
0
0
0
0
0
0
0
0
0
0
0
0
0
0
0
0
0
0
0
0
0
0
0
0
0
0
0
0
0
0
0
0
0
0
0
0
0
0
0
0
0
0
0
0
0
0
0
0
0
0
0
0
0
0
0
0
0
0
0
0
0
0
0
0
0
0
0
0
0
0
0
0
2.156897e+08
0
0
0
0
0
0
0
0
0
0
0
0
0
0
0
0
0
0
0
0
2.127865e+08
2.500011e+08
0
0
0
0
0
0
0
0
0
0
2.085571e+08
2.459769e+08
3.623632e+08
0
0
0
0
0
0
0
0
0
0
2.056665e+08
2.427886e+08
3.574565e+08
7.655934e+08
0
0
0
0
0
0
0
0
0
0
2.0379e+08
2.407433e+08
3.547723e+08
7.573935e+08
4.099862e+09
0
0
0
0
0
0
0
0
0
0
2.027106e+08
2.395802e+08
3.532574e+08
7.553274e+08
4.108966e+09
0
0
0
0
0
0
0
0
0
0
2.022098e+08
2.390391e+08
3.52608e+08
7.545692e+08
4.125011e+09
0
0
0
0
0
0
0
0
0
0
0
0
0
0
0
0
0
0
0
0
0
0
0
0
0
0
0
0
0
0
0
0
0
0
0
0
0
0
0
0
0
0
0
0
0
0
0
0
0
0
0
0
0
0
0
0
0
0
0
0
0
0
0
0
0
0
0
0
0
0
0
0
0
0
0
0
0
0
0
0
0
0
0
0
0
0
0
0
0
0
0
0
0
0
0
0
0
0
0
0
0
0
0
0
0
0
0
0
0
0
0
0
0
0
0
0
0
0
0
0
0
0
0
0
0
0
0
0
0
0
0
0
0
0
0
0
0
0
0
0
0
0
0
0
0
2.191547e+08
0
0
0
0
0
0
0
0
0
0
0
0
0
0
0
0
0
0
0
0
2.171515e+08
2.543342e+08
0
0
0
0
0
0
0
0
0
0
0
0
0
0
0
0
0
0
0
0
2.126834e+08
2.51189e+08
3.679324e+08
0
0
0
0
0
0
0
0
0
0
2.087748e+08
2.462494e+08
3.622865e+08
7.723923e+08
0
0
0
0
0
0
0
0
0
0
2.057941e+08
2.429719e+08
3.578455e+08
7.6278e+08
4.135477e+09
0
0
0
0
0
0
0
0
0
0
2.038556e+08
2.408564e+08
3.550217e+08
7.58466e+08
4.107242e+09
0
0
0
0
0
0
0
0
0
0
2.027517e+08
2.396454e+08
3.534294e+08
7.561472e+08
4.124579e+09
0
0
0
0
0
0
0
0
0
0
2.022396e+08
2.390856e+08
3.527017e+08
7.553057e+08
4.137923e+09
0
0
0
0
0
0
0
0
0
0
0
0
0
0
0
0
0
0
0
0
0
0
0
0
0
0
0
0
0
0
0
0
0
0
0
0
0
0
0
0
0
0
0
0
0
0
0
0
0
0
0
0
0
0
0
0
0
0
0
0
0
0
0
0
0
0
0
0
0
0
0
0
0
0
0
0
0
0
0
0
0
0
0
0
0
0
0
0
0
0
0
0
0
0
0
0
0
0
0
0
0
0
0
0
0
0
0
0
0
0
0
0
0
0
0
0
0
0
0
0
0
0
0
0
0
0
0
0
0
0
0
0
0
0
0
2.213809e+08
0
0
0
0
0
0
0
0
0
0
0
0
0
0
0
0
0
0
0
0
2.209959e+08
2.581881e+08
0
0
0
0
0
0
0
0
0
0
0
0
0
0
0
0
0
0
0
0
2.172395e+08
2.561328e+08
3.738004e+08
0
0
0
0
0
0
0
0
0
0
0
0
0
0
0
0
0
0
0
0
2.129826e+08
2.509749e+08
3.699901e+08
7.812076e+08
0
0
0
0
0
0
0
0
0
0
2.089531e+08
2.465055e+08
3.627276e+08
7.71581e+08
4.114732e+09
0
0
0
0
0
0
0
0
0
0
2.058834e+08
2.431227e+08
3.581618e+08
7.640404e+08
4.104428e+09
0
0
0
0
0
0
0
0
0
0
2.039081e+08
2.409358e+08
3.552251e+08
7.593624e+08
4.123314e+09
0
0
0
0
0
0
0
0
0
0
2.02787e+08
2.396961e+08
3.535569e+08
7.568149e+08
4.138147e+09
0
0
0
0
0
0
0
0
0
0
2.022584e+08
2.391209e+08
3.528019e+08
7.557683e+08
4.149587e+09
0
0
0
0
0
0
0
0
0
0
0
0
0
0
0
0
0
0
0
0
0
0
0
0
0
0
0
0
0
0
0
0
0
0
0
0
0
0
0
0
0
0
0
0
0
0
0
0
0
0
0
0
0
0
0
0
0
0
0
0
0
0
0
0
0
0
0
0
0
0
0
0
0
0
0
0
0
0
0
0
0
0
0
0
0
0
0
0
0
0
0
0
0
0
0
0
0
0
0
0
0
0
0
0
0
0
0
0
0
0
0
0
0
0
0
0
0
0
0
0
0
0
0
0
0
2.225167e+08
0
0
0
0
0
0
0
0
0
0
0
0
0
0
0
0
0
0
0
0
2.234495e+08
2.606535e+08
0
0
0
0
0
0
0
0
0
0
0
0
0
0
0
0
0
0
0
0
2.214978e+08
2.604482e+08
3.789984e+08
0
0
0
0
0
0
0
0
0
0
0
0
0
0
0
0
0
0
0
0
2.175628e+08
2.5616e+08
3.768772e+08
7.905222e+08
0
0
0
0
0
0
0
0
0
0
0
0
0
0
0
0
0
0
0
0
2.132295e+08
2.51325e+08
3.694145e+08
7.871857e+08
4.081766e+09
0
0
0
0
0
0
0
0
0
0
2.090821e+08
2.467145e+08
3.631525e+08
7.728685e+08
4.102618e+09
0
0
0
0
0
0
0
0
0
0
2.059561e+08
2.43229e+08
3.584211e+08
7.650849e+08
4.121213e+09
0
0
0
0
0
0
0
0
0
0
2.039511e+08
2.409995e+08
3.55374e+08
7.600985e+08
4.137219e+09
0
0
0
0
0
0
0
0
0
0
2.028119e+08
2.397401e+08
3.536585e+08
7.573417e+08
4.149476e+09
0
0
0
0
0
0
0
0
0
0
2.023091e+08
2.391483e+08
3.528681e+08
7.562041e+08
4.158775e+09
0
0
0
0
0
0
0
0
0
0
0
0
0
0
0
0
0
0
0
0
0
0
0
0
0
0
0
0
0
0
0
0
0
0
0
0
0
0
0
0
0
0
0
0
0
0
0
0
0
0
0
0
0
0
0
0
0
0
0
0
0
0
0
0
0
0
0
0
0
0
0
0
0
0
0
0
0
0
0
0
0
0
0
0
0
0
0
0
0
0
0
0
0
0
0
0
0
0
0
0
0
0
0
0
0
0
0
0
0
0
0
0
0
0
2.22517e+08
0
0
0
0
0
0
0
0
0
0
0
0
0
0
0
0
0
0
0
0
2.246806e+08
2.619092e+08
0
0
0
0
0
0
0
0
0
0
0
0
0
0
0
0
0
0
0
0
2.242941e+08
2.631763e+08
3.823016e+08
0
0
0
0
0
0
0
0
0
0
0
0
0
0
0
0
0
0
0
0
2.216241e+08
2.610121e+08
3.82825e+08
7.988279e+08
0
0
0
0
0
0
0
0
0
0
0
0
0
0
0
0
0
0
0
0
2.17884e+08
2.565216e+08
3.767531e+08
7.991916e+08
4.052493e+09
0
0
0
0
0
0
0
0
0
0
0
0
0
0
0
0
0
0
0
0
2.134093e+08
2.516129e+08
3.699782e+08
7.849052e+08
4.136926e+09
0
0
0
0
0
0
0
0
0
0
2.091853e+08
2.468665e+08
3.634983e+08
7.741502e+08
4.117589e+09
0
0
0
0
0
0
0
0
0
0
2.060145e+08
2.433157e+08
3.586102e+08
7.659428e+08
4.13571e+09
0
0
0
0
0
0
0
0
0
0
2.039875e+08
2.410522e+08
3.554952e+08
7.606743e+08
4.148829e+09
0
0
0
0
0
0
0
0
0
0
2.028358e+08
2.397709e+08
3.537466e+08
7.577763e+08
4.158899e+09
0
0
0
0
0
0
0
0
0
0
2.0232e+08
2.392044e+08
3.529396e+08
7.565136e+08
4.166748e+09
0
0
0
0
0
0
0
0
0
0
0
0
0
0
0
0
0
0
0
0
0
0
0
0
0
0
0
0
0
0
0
0
0
0
0
0
0
0
0
0
0
0
0
0
0
0
0
0
0
0
0
0
0
0
0
0
0
0
0
0
0
0
0
0
0
0
0
0
0
0
0
0
0
0
0
0
0
0
0
0
0
0
0
0
0
0
0
0
0
0
0
0
0
0
0
0
0
0
0
0
0
0
2.213804e+08
0
0
0
0
0
0
0
0
0
0
0
0
0
0
0
0
0
0
0
0
2.246815e+08
2.619089e+08
0
0
0
0
0
0
0
0
0
0
0
0
0
0
0
0
0
0
0
0
2.256056e+08
2.64541e+08
3.839812e+08
0
0
0
0
0
0
0
0
0
0
0
0
0
0
0
0
0
0
0
0
2.243656e+08
2.641788e+08
3.865194e+08
8.039774e+08
0
0
0
0
0
0
0
0
0
0
0
0
0
0
0
0
0
0
0
0
2.220069e+08
2.610936e+08
3.83689e+08
8.093724e+08
4.031745e+09
0
0
0
0
0
0
0
0
0
0
0
0
0
0
0
0
0
0
0
0
2.181183e+08
2.568945e+08
3.772695e+08
7.983199e+08
4.126927e+09
0
0
0
0
0
0
0
0
0
0
0
0
0
0
0
0
0
0
0
0
2.135543e+08
2.518233e+08
3.704411e+08
7.864798e+08
4.112246e+09
0
0
0
0
0
0
0
0
0
0
2.092687e+08
2.46988e+08
3.637558e+08
7.751961e+08
4.132986e+09
0
0
0
0
0
0
0
0
0
0
2.06063e+08
2.433862e+08
3.587655e+08
7.66608e+08
4.147789e+09
0
0
0
0
0
0
0
0
0
0
2.040197e+08
2.410965e+08
3.555964e+08
7.61153e+08
4.158466e+09
0
0
0
0
0
0
0
0
0
0
2.02858e+08
2.397995e+08
3.538115e+08
7.58152e+08
4.166886e+09
0
0
0
0
0
0
0
0
0
0
2.023157e+08
2.392184e+08
3.530258e+08
7.568522e+08
4.173329e+09
0
0
0
0
0
0
0
0
0
0
0
0
0
0
0
0
0
0
0
0
0
0
0
0
0
0
0
0
0
0
0
0
0
0
0
0
0
0
0
0
0
0
0
0
0
0
0
0
0
0
0
0
0
0
0
0
0
0
0
0
0
0
0
0
0
0
0
0
0
0
0
0
0
0
0
0
0
0
0
0
0
0
0
0
0
0
0
0
0
2.191553e+08
0
0
0
0
0
0
0
0
0
0
0
0
0
0
0
0
0
0
0
0
2.234496e+08
2.606529e+08
0
0
0
0
0
0
0
0
0
0
0
0
0
0
0
0
0
0
0
0
2.256062e+08
2.645419e+08
3.839801e+08
0
0
0
0
0
0
0
0
0
0
0
0
0
0
0
0
0
0
0
0
2.257862e+08
2.656401e+08
3.883567e+08
8.065869e+08
0
0
0
0
0
0
0
0
0
0
0
0
0
0
0
0
0
0
0
0
2.247198e+08
2.641893e+08
3.881654e+08
8.153442e+08
4.015747e+09
0
0
0
0
0
0
0
0
0
0
0
0
0
0
0
0
0
0
0
0
2.222933e+08
2.615367e+08
3.836349e+08
8.114706e+08
4.117644e+09
0
0
0
0
0
0
0
0
0
0
0
0
0
0
0
0
0
0
0
0
2.183056e+08
2.571675e+08
3.778571e+08
7.994956e+08
4.114906e+09
0
0
0
0
0
0
0
0
0
0
0
0
0
0
0
0
0
0
0
0
2.136708e+08
2.51993e+08
3.707857e+08
7.877769e+08
4.128559e+09
0
0
0
0
0
0
0
0
0
0
2.093375e+08
2.470869e+08
3.63963e+08
7.760126e+08
4.145746e+09
0
0
0
0
0
0
0
0
0
0
2.061063e+08
2.434446e+08
3.58894e+08
7.671628e+08
4.15778e+09
0
0
0
0
0
0
0
0
0
0
2.040441e+08
2.411352e+08
3.556823e+08
7.615596e+08
4.166652e+09
0
0
0
0
0
0
0
0
0
0
2.028786e+08
2.398279e+08
3.53869e+08
7.584526e+08
4.173802e+09
0
0
0
0
0
0
0
0
0
0
2.023475e+08
2.392152e+08
3.530617e+08
7.571469e+08
4.179432e+09
0
0
0
0
0
0
0
0
0
0
0
0
0
0
0
0
0
0
0
0
0
0
0
0
0
0
0
0
0
0
0
0
0
0
0
0
0
0
0
0
0
0
0
0
0
0
0
0
0
0
0
0
0
0
0
0
0
0
0
0
0
0
0
0
0
0
0
0
0
0
0
0
0
0
0
2.156875e+08
0
0
0
0
0
0
0
0
0
0
0
0
0
0
0
0
0
0
0
0
2.209965e+08
2.58189e+08
0
0
0
0
0
0
0
0
0
0
0
0
0
0
0
0
0
0
0
0
2.24293e+08
2.631762e+08
3.823008e+08
0
0
0
0
0
0
0
0
0
0
0
0
0
0
0
0
0
0
0
0
2.257864e+08
2.656408e+08
3.883579e+08
8.065834e+08
0
0
0
0
0
0
0
0
0
0
0
0
0
0
0
0
0
0
0
0
2.260926e+08
2.657958e+08
3.90161e+08
8.182584e+08
4.007738e+09
0
0
0
0
0
0
0
0
0
0
0
0
0
0
0
0
0
0
0
0
2.250405e+08
2.645777e+08
3.880099e+08
8.197127e+08
4.1041e+09
0
0
0
0
0
0
0
0
0
0
0
0
0
0
0
0
0
0
0
0
2.225192e+08
2.618689e+08
3.843225e+08
8.107408e+08
4.13158e+09
0
0
0
0
0
0
0
0
0
0
0
0
0
0
0
0
0
0
0
0
2.184571e+08
2.573856e+08
3.782948e+08
8.010537e+08
4.124936e+09
0
0
0
0
0
0
0
0
0
0
0
0
0
0
0
0
0
0
0
0
2.137661e+08
2.5213e+08
3.710655e+08
7.88782e+08
4.142145e+09
0
0
0
0
0
0
0
0
0
0
2.093977e+08
2.471689e+08
3.64134e+08
7.766825e+08
4.156313e+09
0
0
0
0
0
0
0
0
0
0
2.061392e+08
2.434961e+08
3.590013e+08
7.676326e+08
4.166282e+09
0
0
0
0
0
0
0
0
0
0
2.04067e+08
2.411659e+08
3.557562e+08
7.619083e+08
4.173713e+09
0
0
0
0
0
0
0
0
0
0
2.028904e+08
2.398544e+08
3.539278e+08
7.587147e+08
4.179689e+09
0
0
0
0
0
0
0
0
0
0
2.023384e+08
2.39258e+08
3.530698e+08
7.573486e+08
4.184648e+09
0
0
0
0
0
0
0
0
0
0
0
0
0
0
0
0
0
0
0
0
0
0
0
0
0
0
0
0
0
0
0
0
0
0
0
0
0
0
0
0
0
0
0
0
0
0
0
0
0
0
0
0
0
0
0
0
0
0
0
0
2.118191e+08
0
0
0
0
0
0
0
0
0
0
0
0
0
0
0
0
0
0
0
0
2.171511e+08
2.54332e+08
0
0
0
0
0
0
0
0
0
0
0
0
0
0
0
0
0
0
0
0
2.21499e+08
2.604485e+08
3.79e+08
0
0
0
0
0
0
0
0
0
0
0
0
0
0
0
0
0
0
0
0
2.243649e+08
2.641771e+08
3.865192e+08
8.039763e+08
0
0
0
0
0
0
0
0
0
0
0
0
0
0
0
0
0
0
0
0
2.260942e+08
2.657961e+08
3.901618e+08
8.182611e+08
4.007711e+09
0
0
0
0
0
0
0
0
0
0
0
0
0
0
0
0
0
0
0
0
2.264329e+08
2.661141e+08
3.902825e+08
8.230309e+08
4.096392e+09
0
0
0
0
0
0
0
0
0
0
0
0
0
0
0
0
0
0
0
0
2.252936e+08
2.649489e+08
3.88533e+08
8.187773e+08
4.137264e+09
0
0
0
0
0
0
0
0
0
0
0
0
0
0
0
0
0
0
0
0
2.227016e+08
2.621313e+08
3.848468e+08
8.124943e+08
4.122475e+09
0
0
0
0
0
0
0
0
0
0
0
0
0
0
0
0
0
0
0
0
2.185801e+08
2.575627e+08
3.786467e+08
8.022573e+08
4.139311e+09
0
0
0
0
0
0
0
0
0
0
0
0
0
0
0
0
0
0
0
0
2.138483e+08
2.522427e+08
3.712938e+08
7.896122e+08
4.153328e+09
0
0
0
0
0
0
0
0
0
0
2.094456e+08
2.472401e+08
3.642773e+08
7.772465e+08
4.165256e+09
0
0
0
0
0
0
0
0
0
0
2.061705e+08
2.435366e+08
3.59095e+08
7.680307e+08
4.173637e+09
0
0
0
0
0
0
0
0
0
0
2.040887e+08
2.411939e+08
3.558181e+08
7.622097e+08
4.179838e+09
0
0
0
0
0
0
0
0
0
0
2.029133e+08
2.398684e+08
3.539811e+08
7.589686e+08
4.184856e+09
0
0
0
0
0
0
0
0
0
0
2.023623e+08
2.392442e+08
3.53151e+08
7.574785e+08
4.189106e+09
0
0
0
0
0
0
0
0
0
0
0
0
0
0
0
0
0
0
0
0
0
0
0
0
0
0
0
0
0
0
0
0
0
0
0
0
0
0
0
0
0
0
0
0
2.082006e+08
0
0
0
0
0
0
0
0
0
0
0
0
0
0
0
0
0
0
0
0
2.127854e+08
2.49999e+08
0
0
0
0
0
0
0
0
0
0
0
0
0
0
0
0
0
0
0
0
2.17238e+08
2.561322e+08
3.737976e+08
0
0
0
0
0
0
0
0
0
0
0
0
0
0
0
0
0
0
0
0
2.216245e+08
2.61013e+08
3.828251e+08
7.988319e+08
0
0
0
0
0
0
0
0
0
0
0
0
0
0
0
0
0
0
0
0
2.247196e+08
2.641888e+08
3.881626e+08
8.15344e+08
4.015752e+09
0
0
0
0
0
0
0
0
0
0
0
0
0
0
0
0
0
0
0
0
2.264327e+08
2.661156e+08
3.902832e+08
8.23032e+08
4.096407e+09
0
0
0
0
0
0
0
0
0
0
0
0
0
0
0
0
0
0
0
0
2.266993e+08
2.665077e+08
3.906552e+08
8.229544e+08
4.132149e+09
0
0
0
0
0
0
0
0
0
0
0
0
0
0
0
0
0
0
0
0
2.255008e+08
2.652425e+08
3.891143e+08
8.198094e+08
4.12627e+09
0
0
0
0
0
0
0
0
0
0
0
0
0
0
0
0
0
0
0
0
2.228534e+08
2.623438e+08
3.852639e+08
8.138767e+08
4.137254e+09
0
0
0
0
0
0
0
0
0
0
0
0
0
0
0
0
0
0
0
0
2.186853e+08
2.577074e+08
3.789347e+08
8.032423e+08
4.151089e+09
0
0
0
0
0
0
0
0
0
0
0
0
0
0
0
0
0
0
0
0
2.13916e+08
2.523396e+08
3.714834e+08
7.903035e+08
4.162845e+09
0
0
0
0
0
0
0
0
0
0
2.094885e+08
2.472978e+08
3.644011e+08
7.777272e+08
4.17297e+09
0
0
0
0
0
0
0
0
0
0
2.06197e+08
2.435744e+08
3.591718e+08
7.683788e+08
4.179985e+09
0
0
0
0
0
0
0
0
0
0
2.041096e+08
2.412204e+08
3.558734e+08
7.624718e+08
4.1852e+09
0
0
0
0
0
0
0
0
0
0
2.029335e+08
2.398959e+08
3.540133e+08
7.591947e+08
4.189549e+09
0
0
0
0
0
0
0
0
0
0
2.024022e+08
2.392717e+08
3.53141e+08
7.577578e+08
4.192877e+09
0
0
0
0
0
0
0
0
0
0
0
0
0
0
0
0
0
0
0
0
0
0
0
0
0
0
0
0
0
0
0
0
0
0
0
0
0
2.055065e+08
0
0
0
0
0
0
0
0
0
0
2.083202e+08
2.459096e+08
0
0
0
0
0
0
0
0
0
0
0
0
0
0
0
0
0
0
0
0
2.126808e+08
2.511878e+08
3.679299e+08
0
0
0
0
0
0
0
0
0
0
0
0
0
0
0
0
0
0
0
0
2.175625e+08
2.561579e+08
3.768761e+08
7.905174e+08
0
0
0
0
0
0
0
0
0
0
0
0
0
0
0
0
0
0
0
0
2.220078e+08
2.61094e+08
3.836897e+08
8.093723e+08
4.03177e+09
0
0
0
0
0
0
0
0
0
0
0
0
0
0
0
0
0
0
0
0
2.250433e+08
2.645769e+08
3.880094e+08
8.197063e+08
4.104105e+09
0
0
0
0
0
0
0
0
0
0
0
0
0
0
0
0
0
0
0
0
2.266986e+08
2.665074e+08
3.906569e+08
8.229564e+08
4.132146e+09
0
0
0
0
0
0
0
0
0
0
0
0
0
0
0
0
0
0
0
0
2.269178e+08
2.668166e+08
3.912687e+08
8.234684e+08
4.128674e+09
0
0
0
0
0
0
0
0
0
0
0
0
0
0
0
0
0
0
0
0
2.256723e+08
2.654829e+08
3.895774e+08
8.213088e+08
4.132905e+09
0
0
0
0
0
0
0
0
0
0
0
0
0
0
0
0
0
0
0
0
2.229798e+08
2.625212e+08
3.856046e+08
8.14999e+08
4.149516e+09
0
0
0
0
0
0
0
0
0
0
0
0
0
0
0
0
0
0
0
0
2.187737e+08
2.57831e+08
3.791726e+08
8.040632e+08
4.16108e+09
0
0
0
0
0
0
0
0
0
0
0
0
0
0
0
0
0
0
0
0
2.139754e+08
2.524201e+08
3.716467e+08
7.908881e+08
4.171024e+09
0
0
0
0
0
0
0
0
0
0
2.095262e+08
2.473489e+08
3.64504e+08
7.781445e+08
4.17968e+09
0
0
0
0
0
0
0
0
0
0
2.062253e+08
2.436064e+08
3.592421e+08
7.686759e+08
4.185577e+09
0
0
0
0
0
0
0
0
0
0
2.041286e+08
2.412456e+08
3.55925e+08
7.627044e+08
4.189948e+09
0
0
0
0
0
0
0
0
0
0
2.029419e+08
2.399206e+08
3.540653e+08
7.593642e+08
4.193723e+09
0
0
0
0
0
0
0
0
0
0
2.023993e+08
2.393242e+08
3.531886e+08
7.578329e+08
4.19694e+09
0
0
0
0
0
0
0
0
0
0
0
0
0
0
0
0
0
0
0
0
0
0
0
0
0
0
0
0
0
2.033357e+08
0
0
0
0
0
0
0
0
0
0
2.053204e+08
2.428783e+08
0
0
0
0
0
0
0
0
0
0
2.085536e+08
2.459768e+08
3.623594e+08
0
0
0
0
0
0
0
0
0
0
0
0
0
0
0
0
0
0
0
0
2.129803e+08
2.509719e+08
3.699883e+08
7.812037e+08
0
0
0
0
0
0
0
0
0
0
0
0
0
0
0
0
0
0
0
0
2.178826e+08
2.565209e+08
3.767499e+08
7.991893e+08
4.05248e+09
0
0
0
0
0
0
0
0
0
0
0
0
0
0
0
0
0
0
0
0
2.222951e+08
2.615371e+08
3.836353e+08
8.114713e+08
4.117646e+09
0
0
0
0
0
0
0
0
0
0
0
0
0
0
0
0
0
0
0
0
2.252938e+08
2.649517e+08
3.885314e+08
8.187769e+08
4.137234e+09
0
0
0
0
0
0
0
0
0
0
0
0
0
0
0
0
0
0
0
0
2.269172e+08
2.668158e+08
3.912682e+08
8.234704e+08
4.128691e+09
0
0
0
0
0
0
0
0
0
0
0
0
0
0
0
0
0
0
0
0
2.27098e+08
2.670696e+08
3.917545e+08
8.250316e+08
4.130294e+09
0
0
0
0
0
0
0
0
0
0
0
0
0
0
0
0
0
0
0
0
2.258155e+08
2.656825e+08
3.899584e+08
8.225261e+08
4.145458e+09
0
0
0
0
0
0
0
0
0
0
0
0
0
0
0
0
0
0
0
0
2.230897e+08
2.626696e+08
3.858905e+08
8.159316e+08
4.159896e+09
0
0
0
0
0
0
0
0
0
0
0
0
0
0
0
0
0
0
0
0
2.188508e+08
2.579352e+08
3.793764e+08
8.047544e+08
4.169674e+09
0
0
0
0
0
0
0
0
0
0
0
0
0
0
0
0
0
0
0
0
2.140265e+08
2.524905e+08
3.71784e+08
7.913953e+08
4.17812e+09
0
0
0
0
0
0
0
0
0
0
2.095639e+08
2.473942e+08
3.645946e+08
7.785022e+08
4.185572e+09
0
0
0
0
0
0
0
0
0
0
2.062494e+08
2.436404e+08
3.593021e+08
7.689441e+08
4.190498e+09
0
0
0
0
0
0
0
0
0
0
2.041432e+08
2.412687e+08
3.559729e+08
7.629166e+08
4.194169e+09
0
0
0
0
0
0
0
0
0
0
2.029478e+08
2.399316e+08
3.541111e+08
7.595663e+08
4.19732e+09
0
0
0
0
0
0
0
0
0
0
2.023907e+08
2.393187e+08
3.532767e+08
7.580104e+08
4.19978e+09
0
0
0
0
0
0
0
0
0
0
0
0
0
0
0
0
0
0
0
0
2.022682e+08
0
0
0
0
0
0
0
0
0
0
2.034372e+08
2.403328e+08
0
0
0
0
0
0
0
0
0
0
2.055069e+08
2.425621e+08
3.582065e+08
0
0
0
0
0
0
0
0
0
0
2.087717e+08
2.462459e+08
3.62287e+08
7.723851e+08
0
0
0
0
0
0
0
0
0
0
0
0
0
0
0
0
0
0
0
0
2.13227e+08
2.513222e+08
3.694102e+08
7.871814e+08
4.081759e+09
0
0
0
0
0
0
0
0
0
0
0
0
0
0
0
0
0
0
0
0
2.181212e+08
2.568922e+08
3.772681e+08
7.983133e+08
4.126919e+09
0
0
0
0
0
0
0
0
0
0
0
0
0
0
0
0
0
0
0
0
2.225177e+08
2.618703e+08
3.843224e+08
8.107418e+08
4.13158e+09
0
0
0
0
0
0
0
0
0
0
0
0
0
0
0
0
0
0
0
0
2.254998e+08
2.652427e+08
3.891178e+08
8.19806e+08
4.126274e+09
0
0
0
0
0
0
0
0
0
0
0
0
0
0
0
0
0
0
0
0
2.270975e+08
2.670694e+08
3.917533e+08
8.250307e+08
4.130292e+09
0
0
0
0
0
0
0
0
0
0
0
0
0
0
0
0
0
0
0
0
2.272507e+08
2.672792e+08
3.921537e+08
8.262956e+08
4.142986e+09
0
0
0
0
0
0
0
0
0
0
0
0
0
0
0
0
0
0
0
0
2.259388e+08
2.658503e+08
3.902766e+08
8.235415e+08
4.156075e+09
0
0
0
0
0
0
0
0
0
0
0
0
0
0
0
0
0
0
0
0
2.231837e+08
2.627982e+08
3.861317e+08
8.167243e+08
4.168818e+09
0
0
0
0
0
0
0
0
0
0
0
0
0
0
0
0
0
0
0
0
2.189178e+08
2.58026e+08
3.795494e+08
8.053519e+08
4.177137e+09
0
0
0
0
0
0
0
0
0
0
0
0
0
0
0
0
0
0
0
0
2.140765e+08
2.525513e+08
3.719042e+08
7.91831e+08
4.18437e+09
0
0
0
0
0
0
0
0
0
0
2.095965e+08
2.474391e+08
3.646753e+08
7.788168e+08
4.190769e+09
0
0
0
0
0
0
0
0
0
0
2.062691e+08
2.436695e+08
3.593639e+08
7.691768e+08
4.194904e+09
0
0
0
0
0
0
0
0
0
0
2.041517e+08
2.412865e+08
3.560169e+08
7.6311e+08
4.197959e+09
0
0
0
0
0
0
0
0
0
0
2.029511e+08
2.399394e+08
3.541369e+08
7.597425e+08
4.200767e+09
0
0
0
0
0
0
0
0
0
0
2.023862e+08
2.393093e+08
3.532775e+08
7.582629e+08
4.202919e+09
0
0
0
0
0
0
0
0
0
0
2.017993e+08
0
0
0
0
0
0
0
0
0
0
2.023712e+08
2.391204e+08
0
0
0
0
0
0
0
0
0
0
2.03575e+08
2.404345e+08
3.543252e+08
0
0
0
0
0
0
0
0
0
0
2.056624e+08
2.427835e+08
3.574567e+08
7.655848e+08
0
0
0
0
0
0
0
0
0
0
2.089491e+08
2.465022e+08
3.627234e+08
7.715833e+08
4.114701e+09
0
0
0
0
0
0
0
0
0
0
0
0
0
0
0
0
0
0
0
0
2.134118e+08
2.516097e+08
3.699742e+08
7.848971e+08
4.136894e+09
0
0
0
0
0
0
0
0
0
0
0
0
0
0
0
0
0
0
0
0
2.18303e+08
2.5717e+08
3.778532e+08
7.994927e+08
4.114886e+09
0
0
0
0
0
0
0
0
0
0
0
0
0
0
0
0
0
0
0
0
2.226998e+08
2.621298e+08
3.848481e+08
8.12493e+08
4.122486e+09
0
0
0
0
0
0
0
0
0
0
0
0
0
0
0
0
0
0
0
0
2.256701e+08
2.654823e+08
3.895775e+08
8.213148e+08
4.132898e+09
0
0
0
0
0
0
0
0
0
0
0
0
0
0
0
0
0
0
0
0
2.272515e+08
2.672791e+08
3.921537e+08
8.262931e+08
4.142982e+09
0
0
0
0
0
0
0
0
0
0
0
0
0
0
0
0
0
0
0
0
2.273818e+08
2.674578e+08
3.924866e+08
8.273482e+08
4.153711e+09
0
0
0
0
0
0
0
0
0
0
0
0
0
0
0
0
0
0
0
0
2.260449e+08
2.65994e+08
3.905467e+08
8.244013e+08
4.165215e+09
0
0
0
0
0
0
0
0
0
0
0
0
0
0
0
0
0
0
0
0
2.232653e+08
2.629085e+08
3.863406e+08
8.17403e+08
4.176591e+09
0
0
0
0
0
0
0
0
0
0
0
0
0
0
0
0
0
0
0
0
2.189805e+08
2.581053e+08
3.797004e+08
8.058669e+08
4.183698e+09
0
0
0
0
0
0
0
0
0
0
0
0
0
0
0
0
0
0
0
0
2.141208e+08
2.526102e+08
3.720088e+08
7.922143e+08
4.189875e+09
0
0
0
0
0
0
0
0
0
0
2.09624e+08
2.474779e+08
3.647537e+08
7.790988e+08
4.195373e+09
0
0
0
0
0
0
0
0
0
0
2.062809e+08
2.436929e+08
3.594172e+08
7.69403e+08
4.198804e+09
0
0
0
0
0
0
0
0
0
0
2.041566e+08
2.412981e+08
3.560522e+08
7.632861e+08
4.201397e+09
0
0
0
0
0
0
0
0
0
0
2.029556e+08
2.399452e+08
3.541568e+08
7.598736e+08
4.203835e+09
0
0
0
0
0
0
0
0
0
0
2.024233e+08
2.393093e+08
3.532642e+08
7.583423e+08
4.206048e+09
0
0
0
0
0
0
0
0
0
0
2.018557e+08
2.385893e+08
0
0
0
0
0
0
0
0
0
0
2.024806e+08
2.39235e+08
3.525945e+08
0
0
0
0
0
0
0
0
0
0
2.036903e+08
2.405998e+08
3.544682e+08
7.56963e+08
0
0
0
0
0
0
0
0
0
0
2.057887e+08
2.429678e+08
3.578391e+08
7.627813e+08
4.135424e+09
0
0
0
0
0
0
0
0
0
0
2.09083e+08
2.467102e+08
3.631479e+08
7.728624e+08
4.102636e+09
0
0
0
0
0
0
0
0
0
0
0
0
0
0
0
0
0
0
0
0
2.135514e+08
2.518256e+08
3.704362e+08
7.864722e+08
4.112225e+09
0
0
0
0
0
0
0
0
0
0
0
0
0
0
0
0
0
0
0
0
2.184533e+08
2.573829e+08
3.782975e+08
8.010452e+08
4.124927e+09
0
0
0
0
0
0
0
0
0
0
0
0
0
0
0
0
0
0
0
0
2.228519e+08
2.623424e+08
3.852621e+08
8.138783e+08
4.137245e+09
0
0
0
0
0
0
0
0
0
0
0
0
0
0
0
0
0
0
0
0
2.258157e+08
2.656804e+08
3.89958e+08
8.225257e+08
4.145474e+09
0
0
0
0
0
0
0
0
0
0
0
0
0
0
0
0
0
0
0
0
2.273818e+08
2.674586e+08
3.924871e+08
8.273488e+08
4.153699e+09
0
0
0
0
0
0
0
0
0
0
0
0
0
0
0
0
0
0
0
0
2.274953e+08
2.676102e+08
3.927724e+08
8.282387e+08
4.162937e+09
0
0
0
0
0
0
0
0
0
0
0
0
0
0
0
0
0
0
0
0
2.261374e+08
2.661184e+08
3.907776e+08
8.25141e+08
4.173167e+09
0
0
0
0
0
0
0
0
0
0
0
0
0
0
0
0
0
0
0
0
2.233394e+08
2.630049e+08
3.865209e+08
8.179942e+08
4.183411e+09
0
0
0
0
0
0
0
0
0
0
0
0
0
0
0
0
0
0
0
0
2.190356e+08
2.58179e+08
3.798333e+08
8.06319e+08
4.189488e+09
0
0
0
0
0
0
0
0
0
0
0
0
0
0
0
0
0
0
0
0
2.141574e+08
2.526628e+08
3.721085e+08
7.925518e+08
4.19477e+09
0
0
0
0
0
0
0
0
0
0
2.096427e+08
2.475106e+08
3.648217e+08
7.79364e+08
4.199519e+09
0
0
0
0
0
0
0
0
0
0
2.062917e+08
2.437085e+08
3.594609e+08
7.696017e+08
4.202406e+09
0
0
0
0
0
0
0
0
0
0
2.041624e+08
2.413052e+08
3.560788e+08
7.634369e+08
4.204501e+09
0
0
0
0
0
0
0
0
0
0
2.029598e+08
2.399524e+08
3.541736e+08
7.599851e+08
4.206536e+09
0
0
0
0
0
0
0
0
0
0
2.023881e+08
2.393511e+08
3.532767e+08
7.583563e+08
4.208405e+09
0
0
0
0
0
0
0
0
0
0
2.019688e+08
2.386554e+08
3.518403e+08
0
0
0
0
0
0
0
0
0
0
2.025728e+08
2.393677e+08
3.527877e+08
7.536801e+08
0
0
0
0
0
0
0
0
0
0
2.037845e+08
2.40738e+08
3.547661e+08
7.573956e+08
4.099859e+09
0
0
0
0
0
0
0
0
0
0
2.058844e+08
2.431167e+08
3.581566e+08
7.640298e+08
4.104438e+09
0
0
0
0
0
0
0
0
0
0
2.091824e+08
2.468672e+08
3.634924e+08
7.741407e+08
4.117593e+09
0
0
0
0
0
0
0
0
0
0
0
0
0
0
0
0
0
0
0
0
2.136668e+08
2.519901e+08
3.707883e+08
7.877673e+08
4.128536e+09
0
0
0
0
0
0
0
0
0
0
0
0
0
0
0
0
0
0
0
0
2.185769e+08
2.575591e+08
3.786431e+08
8.022614e+08
4.139278e+09
0
0
0
0
0
0
0
0
0
0
0
0
0
0
0
0
0
0
0
0
2.229815e+08
2.625196e+08
3.856033e+08
8.149955e+08
4.14952e+09
0
0
0
0
0
0
0
0
0
0
0
0
0
0
0
0
0
0
0
0
2.259378e+08
2.658502e+08
3.902741e+08
8.235413e+08
4.156066e+09
0
0
0
0
0
0
0
0
0
0
0
0
0
0
0
0
0
0
0
0
2.274948e+08
2.676106e+08
3.927734e+08
8.28241e+08
4.162942e+09
0
0
0
0
0
0
0
0
0
0
0
0
0
0
0
0
0
0
0
0
2.275929e+08
2.677433e+08
3.930161e+08
8.290113e+08
4.170963e+09
0
0
0
0
0
0
0
0
0
0
0
0
0
0
0
0
0
0
0
0
2.262211e+08
2.662274e+08
3.909791e+08
8.257786e+08
4.180164e+09
0
0
0
0
0
0
0
0
0
0
0
0
0
0
0
0
0
0
0
0
2.234063e+08
2.630917e+08
3.866797e+08
8.185106e+08
4.18944e+09
0
0
0
0
0
0
0
0
0
0
0
0
0
0
0
0
0
0
0
0
2.190824e+08
2.582438e+08
3.799554e+08
8.067209e+08
4.194634e+09
0
0
0
0
0
0
0
0
0
0
0
0
0
0
0
0
0
0
0
0
2.14185e+08
2.527062e+08
3.72198e+08
7.928662e+08
4.199146e+09
0
0
0
0
0
0
0
0
0
0
2.096604e+08
2.475338e+08
3.6488e+08
7.795975e+08
4.203306e+09
0
0
0
0
0
0
0
0
0
0
2.063013e+08
2.437221e+08
3.59494e+08
7.697723e+08
4.205634e+09
0
0
0
0
0
0
0
0
0
0
2.041697e+08
2.413135e+08
3.560979e+08
7.635649e+08
4.207282e+09
0
0
0
0
0
0
0
0
0
0
2.029652e+08
2.399578e+08
3.541929e+08
7.600839e+08
4.20898e+09
0
0
0
0
0
0
0
0
0
0
2.024321e+08
2.393093e+08
3.533469e+08
7.584522e+08
4.210119e+09
0
0
0
0
0
0
0
0
0
0
2.020615e+08
2.387882e+08
3.51972e+08
7.522773e+08
0
0
0
0
0
0
0
0
0
0
2.026516e+08
2.394792e+08
3.530372e+08
7.543694e+08
4.097495e+09
0
0
0
0
0
0
0
0
0
0
2.038552e+08
2.408501e+08
3.55015e+08
7.584557e+08
4.107247e+09
0
0
0
0
0
0
0
0
0
0
2.059529e+08
2.432302e+08
3.584129e+08
7.650753e+08
4.121191e+09
0
0
0
0
0
0
0
0
0
0
2.092651e+08
2.469853e+08
3.637564e+08
7.751855e+08
4.132941e+09
0
0
0
0
0
0
0
0
0
0
0
0
0
0
0
0
0
0
0
0
2.137613e+08
2.521261e+08
3.710618e+08
7.887863e+08
4.142119e+09
0
0
0
0
0
0
0
0
0
0
0
0
0
0
0
0
0
0
0
0
2.186855e+08
2.577039e+08
3.789303e+08
8.032359e+08
4.151098e+09
0
0
0
0
0
0
0
0
0
0
0
0
0
0
0
0
0
0
0
0
2.230886e+08
2.626711e+08
3.858884e+08
8.159302e+08
4.159882e+09
0
0
0
0
0
0
0
0
0
0
0
0
0
0
0
0
0
0
0
0
2.260457e+08
2.65993e+08
3.90546e+08
8.243973e+08
4.165217e+09
0
0
0
0
0
0
0
0
0
0
0
0
0
0
0
0
0
0
0
0
2.275943e+08
2.677424e+08
3.930171e+08
8.290126e+08
4.170984e+09
0
0
0
0
0
0
0
0
0
0
0
0
0
0
0
0
0
0
0
0
2.276817e+08
2.678581e+08
3.932305e+08
8.29675e+08
4.178056e+09
0
0
0
0
0
0
0
0
0
0
0
0
0
0
0
0
0
0
0
0
2.262965e+08
2.663251e+08
3.911565e+08
8.263403e+08
4.186321e+09
0
0
0
0
0
0
0
0
0
0
0
0
0
0
0
0
0
0
0
0
2.234638e+08
2.631699e+08
3.868215e+08
8.189688e+08
4.194804e+09
0
0
0
0
0
0
0
0
0
0
0
0
0
0
0
0
0
0
0
0
2.191211e+08
2.582993e+08
3.800635e+08
8.070861e+08
4.199262e+09
0
0
0
0
0
0
0
0
0
0
0
0
0
0
0
0
0
0
0
0
2.142113e+08
2.527398e+08
3.722728e+08
7.9315e+08
4.203137e+09
0
0
0
0
0
0
0
0
0
0
2.096768e+08
2.475552e+08
3.649243e+08
7.798033e+08
4.206699e+09
0
0
0
0
0
0
0
0
0
0
2.063118e+08
2.437347e+08
3.595226e+08
7.699173e+08
4.208521e+09
0
0
0
0
0
0
0
0
0
0
2.041757e+08
2.413231e+08
3.561183e+08
7.636716e+08
4.20981e+09
0
0
0
0
0
0
0
0
0
0
2.02976e+08
2.399649e+08
3.542071e+08
7.601851e+08
4.211173e+09
0
0
0
0
0
0
0
0
0
0
2.023951e+08
2.393632e+08
3.532934e+08
7.586573e+08
4.212256e+09
0
0
0
0
0
0
0
0
0
0
2.021216e+08
2.389021e+08
3.522197e+08
7.528775e+08
4.097283e+09
0
0
0
0
0
0
0
0
0
0
2.027069e+08
2.395736e+08
3.532453e+08
7.553232e+08
4.108972e+09
0
0
0
0
0
0
0
0
0
0
2.039051e+08
2.409349e+08
3.552161e+08
7.59351e+08
4.123291e+09
0
0
0
0
0
0
0
0
0
0
2.060117e+08
2.433126e+08
3.58612e+08
7.659273e+08
4.135675e+09
0
0
0
0
0
0
0
0
0
0
2.093321e+08
2.470832e+08
3.639601e+08
7.760127e+08
4.145717e+09
0
0
0
0
0
0
0
0
0
0
0
0
0
0
0
0
0
0
0
0
2.138468e+08
2.522377e+08
3.71289e+08
7.896058e+08
4.153339e+09
0
0
0
0
0
0
0
0
0
0
0
0
0
0
0
0
0
0
0
0
2.187731e+08
2.578311e+08
3.791679e+08
8.04056e+08
4.161063e+09
0
0
0
0
0
0
0
0
0
0
0
0
0
0
0
0
0
0
0
0
2.231834e+08
2.627969e+08
3.861333e+08
8.167204e+08
4.168822e+09
0
0
0
0
0
0
0
0
0
0
0
0
0
0
0
0
0
0
0
0
2.261391e+08
2.661189e+08
3.907765e+08
8.25139e+08
4.17316e+09
0
0
0
0
0
0
0
0
0
0
0
0
0
0
0
0
0
0
0
0
2.276812e+08
2.678591e+08
3.932289e+08
8.296778e+08
4.178057e+09
0
0
0
0
0
0
0
0
0
0
0
0
0
0
0
0
0
0
0
0
2.277615e+08
2.679616e+08
3.934165e+08
8.302644e+08
4.184278e+09
0
0
0
0
0
0
0
0
0
0
0
0
0
0
0
0
0
0
0
0
2.263629e+08
2.664129e+08
3.913146e+08
8.268384e+08
4.191824e+09
0
0
0
0
0
0
0
0
0
0
0
0
0
0
0
0
0
0
0
0
2.235144e+08
2.632379e+08
3.869495e+08
8.193782e+08
4.199618e+09
0
0
0
0
0
0
0
0
0
0
0
0
0
0
0
0
0
0
0
0
2.191558e+08
2.583456e+08
3.801571e+08
8.074127e+08
4.203441e+09
0
0
0
0
0
0
0
0
0
0
0
0
0
0
0
0
0
0
0
0
2.142359e+08
2.527715e+08
3.723333e+08
7.933947e+08
4.20676e+09
0
0
0
0
0
0
0
0
0
0
2.096926e+08
2.475754e+08
3.649647e+08
7.799738e+08
4.209778e+09
0
0
0
0
0
0
0
0
0
0
2.063207e+08
2.43748e+08
3.595494e+08
7.700453e+08
4.211152e+09
0
0
0
0
0
0
0
0
0
0
2.041891e+08
2.413308e+08
3.561393e+08
7.637747e+08
4.212078e+09
0
0
0
0
0
0
0
0
0
0
2.029822e+08
2.39978e+08
3.542241e+08
7.602683e+08
4.21326e+09
0
0
0
0
0
0
0
0
0
0
2.024252e+08
2.393202e+08
3.53378e+08
7.586052e+08
4.214579e+09
0
0
0
0
0
0
0
0
0
0
2.021962e+08
2.389722e+08
3.524322e+08
7.538293e+08
4.109156e+09
0
0
0
0
0
0
0
0
0
0
2.027487e+08
2.396407e+08
3.5342e+08
7.56126e+08
4.124579e+09
0
0
0
0
0
0
0
0
0
0
2.039486e+08
2.409961e+08
3.553724e+08
7.600806e+08
4.137187e+09
0
0
0
0
0
0
0
0
0
0
2.060576e+08
2.433834e+08
3.587618e+08
7.666126e+08
4.147736e+09
0
0
0
0
0
0
0
0
0
0
2.093951e+08
2.471634e+08
3.641291e+08
7.766784e+08
4.156306e+09
0
0
0
0
0
0
0
0
0
0
0
0
0
0
0
0
0
0
0
0
2.139137e+08
2.523381e+08
3.714768e+08
7.902954e+08
4.162827e+09
0
0
0
0
0
0
0
0
0
0
0
0
0
0
0
0
0
0
0
0
2.1885e+08
2.579344e+08
3.793764e+08
8.047457e+08
4.169659e+09
0
0
0
0
0
0
0
0
0
0
0
0
0
0
0
0
0
0
0
0
2.232657e+08
2.629079e+08
3.863388e+08
8.174053e+08
4.176578e+09
0
0
0
0
0
0
0
0
0
0
0
0
0
0
0
0
0
0
0
0
2.262205e+08
2.662285e+08
3.909794e+08
8.257767e+08
4.180152e+09
0
0
0
0
0
0
0
0
0
0
0
0
0
0
0
0
0
0
0
0
2.277606e+08
2.679612e+08
3.934171e+08
8.302604e+08
4.184298e+09
0
0
0
0
0
0
0
0
0
0
0
0
0
0
0
0
0
0
0
0
2.278315e+08
2.680544e+08
3.935831e+08
8.307805e+08
4.189874e+09
0
0
0
0
0
0
0
0
0
0
0
0
0
0
0
0
0
0
0
0
2.264212e+08
2.664912e+08
3.914564e+08
8.272824e+08
4.19676e+09
0
0
0
0
0
0
0
0
0
0
0
0
0
0
0
0
0
0
0
0
2.235604e+08
2.632979e+08
3.870619e+08
8.19748e+08
4.20395e+09
0
0
0
0
0
0
0
0
0
0
0
0
0
0
0
0
0
0
0
0
2.191895e+08
2.583873e+08
3.802366e+08
8.077008e+08
4.207223e+09
0
0
0
0
0
0
0
0
0
0
0
0
0
0
0
0
0
0
0
0
2.142568e+08
2.528007e+08
3.723898e+08
7.936036e+08
4.210002e+09
0
0
0
0
0
0
0
0
0
0
2.097062e+08
2.475951e+08
3.650028e+08
7.801288e+08
4.212513e+09
0
0
0
0
0
0
0
0
0
0
2.063365e+08
2.437594e+08
3.595763e+08
7.70164e+08
4.21353e+09
0
0
0
0
0
0
0
0
0
0
2.041968e+08
2.413469e+08
3.561572e+08
7.638743e+08
4.214168e+09
0
0
0
0
0
0
0
0
0
0
2.029903e+08
2.399858e+08
3.542478e+08
7.603541e+08
4.215116e+09
0
0
0
0
0
0
0
0
0
0
2.024368e+08
2.393559e+08
3.533181e+08
7.588233e+08
4.215783e+09
0
0
0
0
0
0
0
0
0
0
2.02201e+08
2.390647e+08
3.525649e+08
7.546365e+08
4.124791e+09
0
0
0
0
0
0
0
0
0
0
2.027851e+08
2.396924e+08
3.535497e+08
7.567968e+08
4.138077e+09
0
0
0
0
0
0
0
0
0
0
2.039812e+08
2.410493e+08
3.554903e+08
7.606707e+08
4.148757e+09
0
0
0
0
0
0
0
0
0
0
2.061036e+08
2.434391e+08
3.588905e+08
7.671572e+08
4.157817e+09
0
0
0
0
0
0
0
0
0
0
2.094427e+08
2.472376e+08
3.6427e+08
7.77237e+08
4.165253e+09
0
0
0
0
0
0
0
0
0
0
0
0
0
0
0
0
0
0
0
0
2.139736e+08
2.524175e+08
3.716447e+08
7.90876e+08
4.171e+09
0
0
0
0
0
0
0
0
0
0
0
0
0
0
0
0
0
0
0
0
2.189177e+08
2.580249e+08
3.795481e+08
8.053516e+08
4.177111e+09
0
0
0
0
0
0
0
0
0
0
0
0
0
0
0
0
0
0
0
0
2.233384e+08
2.630046e+08
3.865197e+08
8.179908e+08
4.183412e+09
0
0
0
0
0
0
0
0
0
0
0
0
0
0
0
0
0
0
0
0
2.262961e+08
2.663243e+08
3.911572e+08
8.263403e+08
4.186317e+09
0
0
0
0
0
0
0
0
0
0
0
0
0
0
0
0
0
0
0
0
2.278306e+08
2.680537e+08
3.935826e+08
8.307804e+08
4.189851e+09
0
0
0
0
0
0
0
0
0
0
0
0
0
0
0
0
0
0
0
0
2.278926e+08
2.681369e+08
3.937325e+08
8.312423e+08
4.194857e+09
0
0
0
0
0
0
0
0
0
0
0
0
0
0
0
0
0
0
0
0
2.264733e+08
2.665597e+08
3.915844e+08
8.276813e+08
4.201198e+09
0
0
0
0
0
0
0
0
0
0
0
0
0
0
0
0
0
0
0
0
2.236025e+08
2.633527e+08
3.871618e+08
8.200776e+08
4.20788e+09
0
0
0
0
0
0
0
0
0
0
0
0
0
0
0
0
0
0
0
0
2.192167e+08
2.584271e+08
3.803086e+08
8.079528e+08
4.210641e+09
0
0
0
0
0
0
0
0
0
0
0
0
0
0
0
0
0
0
0
2.142757e+08
2.528263e+08
3.724415e+08
7.937973e+08
4.212918e+09
0
0
0
0
0
0
0
0
0
0
2.097252e+08
2.476123e+08
3.6504e+08
7.802742e+08
4.21502e+09
0
0
0
0
0
0
0
0
0
0
2.063467e+08
2.437779e+08
3.595999e+08
7.702781e+08
4.21571e+09
0
0
0
0
0
0
0
0
0
0
2.042042e+08
2.413565e+08
3.561861e+08
7.639633e+08
4.216119e+09
0
0
0
0
0
0
0
0
0
0
2.029966e+08
2.399951e+08
3.542648e+08
7.604471e+08
4.216877e+09
0
0
0
0
0
0
0
0
0
0
2.02423e+08
2.393693e+08
3.53378e+08
7.587388e+08
4.218029e+09
0
0
0
0
0
0
0
0
0
0
2.022025e+08
2.390756e+08
3.527383e+08
7.55205e+08
4.138288e+09
0
0
0
0
0
0
0
0
0
0
2.028079e+08
2.397381e+08
3.53653e+08
7.573265e+08
4.149419e+09
0
0
0
0
0
0
0
0
0
0
2.040172e+08
2.410899e+08
3.555925e+08
7.611432e+08
4.15845e+09
0
0
0
0
0
0
0
0
0
0
2.061361e+08
2.434937e+08
3.589944e+08
7.676262e+08
4.166276e+09
0
0
0
0
0
0
0
0
0
0
2.094855e+08
2.472951e+08
3.64398e+08
7.77714e+08
4.172923e+09
0
0
0
0
0
0
0
0
0
0
0
0
0
0
0
0
0
0
0
0
2.140246e+08
2.524886e+08
3.717803e+08
7.913916e+08
4.178082e+09
0
0
0
0
0
0
0
0
0
0
0
0
0
0
0
0
0
0
0
0
2.18976e+08
2.581047e+08
3.796987e+08
8.058643e+08
4.183697e+09
0
0
0
0
0
0
0
0
0
0
0
0
0
0
0
0
0
0
0
0
2.234039e+08
2.630903e+08
3.866785e+08
8.185079e+08
4.189429e+09
0
0
0
0
0
0
0
0
0
0
0
0
0
0
0
0
0
0
0
0
2.263626e+08
2.664126e+08
3.913134e+08
8.268386e+08
4.191821e+09
0
0
0
0
0
0
0
0
0
0
0
0
0
0
0
0
0
0
0
0
2.278954e+08
2.681357e+08
3.937318e+08
8.312416e+08
4.194849e+09
0
0
0
0
0
0
0
0
0
0
0
0
0
0
0
0
0
0
0
0
2.279509e+08
2.682085e+08
3.938666e+08
8.316574e+08
4.199343e+09
0
0
0
0
0
0
0
0
0
0
0
0
0
0
0
0
0
0
0
0
2.265234e+08
2.666216e+08
3.916967e+08
8.280445e+08
4.205213e+09
0
0
0
0
0
0
0
0
0
0
0
0
0
0
0
0
0
0
0
0
2.23639e+08
2.634023e+08
3.872532e+08
8.203735e+08
4.211441e+09
0
0
0
0
0
0
0
0
0
0
0
0
0
0
0
0
0
0
0
2.192424e+08
2.584601e+08
3.803764e+08
8.081819e+08
4.21373e+09
0
0
0
0
0
0
0
0
0
0
0
0
0
0
0
0
0
0
2.143003e+08
2.5285e+08
3.724878e+08
7.939742e+08
4.215606e+09
0
0
0
0
0
0
0
0
0
0
2.097398e+08
2.476345e+08
3.650728e+08
7.804138e+08
4.217341e+09
0
0
0
0
0
0
0
0
0
0
2.063554e+08
2.437907e+08
3.596324e+08
7.70381e+08
4.217753e+09
0
0
0
0
0
0
0
0
0
0
2.042121e+08
2.413655e+08
3.562053e+08
7.640693e+08
4.217919e+09
0
0
0
0
0
0
0
0
0
0
2.030006e+08
2.400035e+08
3.542821e+08
7.605261e+08
4.218569e+09
0
0
0
0
0
0
0
0
0
0
2.024281e+08
2.393595e+08
3.533986e+08
7.58909e+08
4.218886e+09
0
0
0
0
0
0
0
0
0
0
2.022616e+08
2.390777e+08
3.527886e+08
7.558357e+08
4.149132e+09
0
0
0
0
0
0
0
0
0
0
2.028358e+08
2.397671e+08
3.53744e+08
7.577645e+08
4.15883e+09
0
0
0
0
0
0
0
0
0
0
2.040395e+08
2.411332e+08
3.556734e+08
7.615516e+08
4.166607e+09
0
0
0
0
0
0
0
0
0
0
2.061662e+08
2.435336e+08
3.590924e+08
7.680191e+08
4.173611e+09
0
0
0
0
0
0
0
0
0
0
2.095227e+08
2.473463e+08
3.645008e+08
7.781386e+08
4.179638e+09
0
0
0
0
0
0
0
0
0
0
0
0
0
0
0
0
0
0
0
0
2.140692e+08
2.525491e+08
3.719017e+08
7.918237e+08
4.184355e+09
0
0
0
0
0
0
0
0
0
0
0
0
0
0
0
0
0
0
0
0
2.190285e+08
2.581736e+08
3.798319e+08
8.063156e+08
4.189479e+09
0
0
0
0
0
0
0
0
0
0
0
0
0
0
0
0
0
0
0
0
2.234632e+08
2.631671e+08
3.868194e+08
8.189655e+08
4.194795e+09
0
0
0
0
0
0
0
0
0
0
0
0
0
0
0
0
0
0
0
0
2.264207e+08
2.664906e+08
3.914563e+08
8.2728e+08
4.196758e+09
0
0
0
0
0
0
0
0
0
0
0
0
0
0
0
0
0
0
0
0
2.279516e+08
2.682116e+08
3.938647e+08
8.316571e+08
4.199343e+09
0
0
0
0
0
0
0
0
0
0
0
0
0
0
0
0
0
0
0
0
2.280034e+08
2.682774e+08
3.939831e+08
8.320341e+08
4.203406e+09
0
0
0
0
0
0
0
0
0
0
0
0
0
0
0
0
0
0
0
0
2.265637e+08
2.666803e+08
3.917987e+08
8.283665e+08
4.208889e+09
0
0
0
0
0
0
0
0
0
0
0
0
0
0
0
0
0
0
0
2.236739e+08
2.634461e+08
3.873359e+08
8.206447e+08
4.214689e+09
0
0
0
0
0
0
0
0
0
0
0
0
0
0
0
0
0
0
2.192714e+08
2.584915e+08
3.804342e+08
8.083957e+08
4.216558e+09
0
0
0
0
0
0
0
0
0
0
0
0
0
0
0
0
0
2.143198e+08
2.528789e+08
3.725311e+08
7.941358e+08
4.218073e+09
0
0
0
0
0
0
0
0
0
0
2.097517e+08
2.476525e+08
3.65111e+08
7.805382e+08
4.219527e+09
0
0
0
0
0
0
0
0
0
0
2.063654e+08
2.438014e+08
3.59657e+08
7.704955e+08
4.219625e+09
0
0
0
0
0
0
0
0
0
0
2.042159e+08
2.413751e+08
3.562234e+08
7.641528e+08
4.219672e+09
0
0
0
0
0
0
0
0
0
0
2.030001e+08
2.400092e+08
3.543001e+08
7.605994e+08
4.22011e+09
0
0
0
0
0
0
0
0
0
0
2.024408e+08
2.39361e+08
3.534005e+08
7.589803e+08
4.220725e+09
0
0
0
0
0
0
0
0
0
0
2.022799e+08
2.391493e+08
3.528096e+08
7.561795e+08
4.158979e+09
0
0
0
0
0
0
0
0
0
0
2.028559e+08
2.398009e+08
3.538075e+08
7.581469e+08
4.166823e+09
0
0
0
0
0
0
0
0
0
0
2.040618e+08
2.411611e+08
3.557546e+08
7.618912e+08
4.173674e+09
0
0
0
0
0
0
0
0
0
0
2.06193e+08
2.435703e+08
3.591683e+08
7.683746e+08
4.179961e+09
0
0
0
0
0
0
0
0
0
0
2.095546e+08
2.473908e+08
3.645916e+08
7.784971e+08
4.185544e+09
0
0
0
0
0
0
0
0
0
0
0
0
0
0
0
0
0
0
0
0
2.141109e+08
2.526021e+08
3.720058e+08
7.922096e+08
4.189845e+09
0
0
0
0
0
0
0
0
0
0
0
0
0
0
0
0
0
0
0
0
2.190764e+08
2.582358e+08
3.799477e+08
8.067177e+08
4.194626e+09
0
0
0
0
0
0
0
0
0
0
0
0
0
0
0
0
0
0
0
0
2.235146e+08
2.632371e+08
3.869455e+08
8.19374e+08
4.199603e+09
0
0
0
0
0
0
0
0
0
0
0
0
0
0
0
0
0
0
0
0
2.264733e+08
2.665591e+08
3.915835e+08
8.276816e+08
4.20119e+09
0
0
0
0
0
0
0
0
0
0
0
0
0
0
0
0
0
0
0
0
2.280057e+08
2.682784e+08
3.939875e+08
8.320296e+08
4.203415e+09
0
0
0
0
0
0
0
0
0
0
0
0
0
0
0
0
0
0
0
0
2.280478e+08
2.683391e+08
3.940956e+08
8.323643e+08
4.207126e+09
0
0
0
0
0
0
0
0
0
0
0
0
0
0
0
0
0
0
0
2.266031e+08
2.667287e+08
3.918946e+08
8.286611e+08
4.212216e+09
0
0
0
0
0
0
0
0
0
0
0
0
0
0
0
0
0
0
2.237078e+08
2.634877e+08
3.874098e+08
8.20891e+08
4.217671e+09
0
0
0
0
0
0
0
0
0
0
0
0
0
0
0
0
0
2.19296e+08
2.585255e+08
3.804892e+08
8.085844e+08
4.219176e+09
0
0
0
0
0
0
0
0
0
0
0
0
0
0
0
0
2.143356e+08
2.52902e+08
3.725799e+08
7.942863e+08
4.220351e+09
0
0
0
0
0
0
0
0
0
0
2.09765e+08
2.476669e+08
3.651437e+08
7.806676e+08
4.221497e+09
0
0
0
0
0
0
0
0
0
0
2.063716e+08
2.438132e+08
3.596781e+08
7.705927e+08
4.221419e+09
0
0
0
0
0
0
0
0
0
0
2.042162e+08
2.413803e+08
3.56242e+08
7.642308e+08
4.221242e+09
0
0
0
0
0
0
0
0
0
0
2.030003e+08
2.400096e+08
3.543133e+08
7.606767e+08
4.221529e+09
0
0
0
0
0
0
0
0
0
0
2.024223e+08
2.39379e+08
3.53396e+08
7.590427e+08
4.222044e+09
0
0
0
0
0
0
0
0
0
0
2.023075e+08
2.391753e+08
3.529359e+08
7.564084e+08
4.16664e+09
0
0
0
0
0
0
0
0
0
0
2.028739e+08
2.398268e+08
3.538737e+08
7.584469e+08
4.173777e+09
0
0
0
0
0
0
0
0
0
0
2.040826e+08
2.41189e+08
3.558118e+08
7.622083e+08
4.179771e+09
0
0
0
0
0
0
0
0
0
0
2.062142e+08
2.43603e+08
3.592372e+08
7.686703e+08
4.185561e+09
0
0
0
0
0
0
0
0
0
0
2.095854e+08
2.47429e+08
3.64671e+08
7.788124e+08
4.190759e+09
0
0
0
0
0
0
0
0
0
0
0
0
0
0
0
0
0
0
0
0
2.141492e+08
2.526519e+08
3.720975e+08
7.925464e+08
4.194755e+09
0
0
0
0
0
0
0
0
0
0
0
0
0
0
0
0
0
0
0
0
2.191196e+08
2.582927e+08
3.800523e+08
8.070714e+08
4.199251e+09
0
0
0
0
0
0
0
0
0
0
0
0
0
0
0
0
0
0
0
0
2.235603e+08
2.632979e+08
3.870608e+08
8.197402e+08
4.203939e+09
0
0
0
0
0
0
0
0
0
0
0
0
0
0
0
0
0
0
0
0
2.265247e+08
2.666216e+08
3.916957e+08
8.280428e+08
4.205218e+09
0
0
0
0
0
0
0
0
0
0
0
0
0
0
0
0
0
0
0
0
2.2805e+08
2.683414e+08
3.940973e+08
8.323733e+08
4.207103e+09
0
0
0
0
0
0
0
0
0
0
0
0
0
0
0
0
0
0
0
2.280896e+08
2.683921e+08
3.941962e+08
8.326809e+08
4.210464e+09
0
0
0
0
0
0
0
0
0
0
0
0
0
0
0
0
0
0
2.266418e+08
2.667755e+08
3.919758e+08
8.289348e+08
4.215278e+09
0
0
0
0
0
0
0
0
0
0
0
0
0
0
0
0
0
2.237375e+08
2.635277e+08
3.874797e+08
8.211146e+08
4.220406e+09
0
0
0
0
0
0
0
0
0
0
0
0
0
0
0
0
2.193169e+08
2.585548e+08
3.805461e+08
8.08762e+08
4.221568e+09
0
0
0
0
0
0
0
0
0
0
0
0
0
0
0
2.143517e+08
2.529213e+08
3.726202e+08
7.944413e+08
4.222458e+09
0
0
0
0
0
0
0
0
0
0
2.097746e+08
2.476829e+08
3.651704e+08
7.80784e+08
4.22338e+09
0
0
0
0
0
0
0
0
0
0
2.063742e+08
2.438215e+08
3.596997e+08
7.706792e+08
4.223075e+09
0
0
0
0
0
0
0
0
0
0
2.042219e+08
2.413817e+08
3.562544e+08
7.643071e+08
4.222703e+09
0
0
0
0
0
0
0
0
0
0
2.030092e+08
2.400101e+08
3.543187e+08
7.607399e+08
4.222918e+09
0
0
0
0
0
0
0
0
0
0
2.02455e+08
2.393567e+08
3.534321e+08
7.590451e+08
4.223379e+09
0
0
0
0
0
0
0
0
0
0
2.023415e+08
2.392055e+08
3.529934e+08
7.568343e+08
4.172979e+09
0
0
0
0
0
0
0
0
0
0
2.028927e+08
2.398488e+08
3.539284e+08
7.587294e+08
4.179673e+09
0
0
0
0
0
0
0
0
0
0
2.040974e+08
2.412146e+08
3.558675e+08
7.624599e+08
4.185203e+09
0
0
0
0
0
0
0
0
0
0
2.062368e+08
2.436285e+08
3.592988e+08
7.689351e+08
4.190487e+09
0
0
0
0
0
0
0
0
0
0
2.096141e+08
2.47466e+08
3.647399e+08
7.790908e+08
4.195367e+09
0
0
0
0
0
0
0
0
0
0
0
0
0
0
0
0
0
0
0
0
2.141819e+08
2.526972e+08
3.72183e+08
7.928455e+08
4.199132e+09
0
0
0
0
0
0
0
0
0
0
0
0
0
0
0
0
0
0
0
0
2.191566e+08
2.583437e+08
3.80148e+08
8.073912e+08
4.203393e+09
0
0
0
0
0
0
0
0
0
0
0
0
0
0
0
0
0
0
0
0
2.236049e+08
2.633524e+08
3.871617e+08
8.200758e+08
4.20785e+09
0
0
0
0
0
0
0
0
0
0
0
0
0
0
0
0
0
0
0
0
2.265662e+08
2.666812e+08
3.917988e+08
8.283646e+08
4.208886e+09
0
0
0
0
0
0
0
0
0
0
0
0
0
0
0
0
0
0
0
2.280925e+08
2.683946e+08
3.941989e+08
8.32685e+08
4.210504e+09
0
0
0
0
0
0
0
0
0
0
0
0
0
0
0
0
0
0
2.281295e+08
2.684417e+08
3.942838e+08
8.329654e+08
4.213606e+09
0
0
0
0
0
0
0
0
0
0
0
0
0
0
0
0
0
2.266762e+08
2.668212e+08
3.920535e+08
8.291752e+08
4.218099e+09
0
0
0
0
0
0
0
0
0
0
0
0
0
0
0
0
2.237649e+08
2.635632e+08
3.875459e+08
8.213241e+08
4.222924e+09
0
0
0
0
0
0
0
0
0
0
0
0
0
0
0
2.193377e+08
2.5858e+08
3.80596e+08
8.089368e+08
4.223791e+09
0
0
0
0
0
0
0
0
0
0
0
0
0
0
2.143663e+08
2.529409e+08
3.72655e+08
7.945755e+08
4.224469e+09
0
0
0
0
0
0
0
0
0
0
2.097812e+08
2.476949e+08
3.65199e+08
7.808844e+08
4.225137e+09
0
0
0
0
0
0
0
0
0
0
2.063822e+08
2.438253e+08
3.597171e+08
7.707627e+08
4.224595e+09
0
0
0
0
0
0
0
0
0
0
2.042286e+08
2.41389e+08
3.562609e+08
7.643692e+08
4.224087e+09
0
0
0
0
0
0
0
0
0
0
2.030116e+08
2.400208e+08
3.543225e+08
7.607852e+08
4.224174e+09
0
0
0
0
0
0
0
0
0
2.024157e+08
2.393954e+08
3.534037e+08
7.591605e+08
4.224226e+09
0
0
0
0
0
0
0
0
0
0
2.023299e+08
2.392483e+08
3.530481e+08
7.570988e+08
4.179305e+09
0
0
0
0
0
0
0
0
0
0
2.029004e+08
2.398725e+08
3.539735e+08
7.589739e+08
4.184942e+09
0
0
0
0
0
0
0
0
0
0
2.041148e+08
2.412331e+08
3.55918e+08
7.62694e+08
4.189901e+09
0
0
0
0
0
0
0
0
0
0
2.062578e+08
2.436562e+08
3.593479e+08
7.691728e+08
4.194858e+09
0
0
0
0
0
0
0
0
0
0
2.096383e+08
2.475001e+08
3.648059e+08
7.793374e+08
4.199485e+09
0
0
0
0
0
0
0
0
0
0
0
0
0
0
0
0
0
0
0
0
2.142111e+08
2.527363e+08
3.722607e+08
7.931217e+08
4.20307e+09
0
0
0
0
0
0
0
0
0
0
0
0
0
0
0
0
0
0
0
0
2.191905e+08
2.583881e+08
3.802338e+08
8.076836e+08
4.207151e+09
0
0
0
0
0
0
0
0
0
0
0
0
0
0
0
0
0
0
0
0
2.236417e+08
2.634048e+08
3.872527e+08
8.203731e+08
4.211443e+09
0
0
0
0
0
0
0
0
0
0
0
0
0
0
0
0
0
0
0
2.266051e+08
2.667311e+08
3.918953e+08
8.286616e+08
4.212212e+09
0
0
0
0
0
0
0
0
0
0
0
0
0
0
0
0
0
0
2.281307e+08
2.684449e+08
3.942874e+08
8.329695e+08
4.213628e+09
0
0
0
0
0
0
0
0
0
0
0
0
0
0
0
0
0
2.281671e+08
2.684889e+08
3.943656e+08
8.332186e+08
4.216467e+09
0
0
0
0
0
0
0
0
0
0
0
0
0
0
0
0
2.267083e+08
2.66862e+08
3.921283e+08
8.294019e+08
4.220675e+09
0
0
0
0
0
0
0
0
0
0
0
0
0
0
0
2.237911e+08
2.635957e+08
3.876055e+08
8.215203e+08
4.225265e+09
0
0
0
0
0
0
0
0
0
0
0
0
0
0
2.193567e+08
2.586048e+08
3.806398e+08
8.090939e+08
4.225886e+09
0
0
0
0
0
0
0
0
0
0
0
0
0
2.143768e+08
2.529585e+08
3.726896e+08
7.946964e+08
4.226298e+09
0
0
0
0
0
0
0
0
0
0
2.097914e+08
2.477033e+08
3.652219e+08
7.809849e+08
4.22673e+09
0
0
0
0
0
0
0
0
0
0
2.0639e+08
2.438352e+08
3.597272e+08
7.70837e+08
4.226014e+09
0
0
0
0
0
0
0
0
0
0
2.042322e+08
2.413971e+08
3.562757e+08
7.644172e+08
4.225337e+09
0
0
0
0
0
0
0
0
0
2.030148e+08
2.400246e+08
3.54342e+08
7.608225e+08
4.22529e+09
0
0
0
0
0
0
0
0
2.024661e+08
2.393514e+08
3.534598e+08
7.591359e+08
4.225595e+09
0
0
0
0
0
0
0
0
0
0
2.023402e+08
2.392345e+08
3.53127e+08
7.573366e+08
4.18449e+09
0
0
0
0
0
0
0
0
0
0
2.029186e+08
2.398835e+08
3.540219e+08
7.5918e+08
4.189588e+09
0
0
0
0
0
0
0
0
0
0
2.041306e+08
2.412543e+08
3.559567e+08
7.629044e+08
4.194124e+09
0
0
0
0
0
0
0
0
0
0
2.062749e+08
2.436814e+08
3.593997e+08
7.693723e+08
4.198805e+09
0
0
0
0
0
0
0
0
0
0
2.096604e+08
2.47529e+08
3.648659e+08
7.795682e+08
4.203203e+09
0
0
0
0
0
0
0
0
0
0
0
0
0
0
0
0
0
0
0
0
2.142367e+08
2.527712e+08
3.723285e+08
7.933717e+08
4.206664e+09
0
0
0
0
0
0
0
0
0
0
0
0
0
0
0
0
0
0
0
0
2.192193e+08
2.584283e+08
3.803097e+08
8.079472e+08
4.210584e+09
0
0
0
0
0
0
0
0
0
0
0
0
0
0
0
0
0
0
0
2.236764e+08
2.634487e+08
3.87339e+08
8.206438e+08
4.21469e+09
0
0
0
0
0
0
0
0
0
0
0
0
0
0
0
0
0
0
2.266418e+08
2.667774e+08
3.919788e+08
8.289355e+08
4.215283e+09
0
0
0
0
0
0
0
0
0
0
0
0
0
0
0
0
0
2.281664e+08
2.684902e+08
3.9437e+08
8.33226e+08
4.216469e+09
0
0
0
0
0
0
0
0
0
0
0
0
0
0
0
0
2.282004e+08
2.685331e+08
3.944432e+08
8.334544e+08
4.219077e+09
0
0
0
0
0
0
0
0
0
0
0
0
0
0
0
2.267373e+08
2.668998e+08
3.921957e+08
8.296171e+08
4.223076e+09
0
0
0
0
0
0
0
0
0
0
0
0
0
0
2.238156e+08
2.636267e+08
3.876601e+08
8.216997e+08
4.227439e+09
0
0
0
0
0
0
0
0
0
0
0
0
0
2.193708e+08
2.586276e+08
3.806825e+08
8.092356e+08
4.227812e+09
0
0
0
0
0
0
0
0
0
0
0
0
2.143902e+08
2.529715e+08
3.727207e+08
7.948131e+08
4.228001e+09
0
0
0
0
0
0
0
0
0
0
2.098018e+08
2.477157e+08
3.652391e+08
7.810721e+08
4.22824e+09
0
0
0
0
0
0
0
0
0
0
2.063948e+08
2.438447e+08
3.597459e+08
7.708937e+08
4.227341e+09
0
0
0
0
0
0
0
0
0
2.04236e+08
2.414019e+08
3.562911e+08
7.6448e+08
4.226477e+09
0
0
0
0
0
0
0
0
2.030245e+08
2.400286e+08
3.543511e+08
7.608924e+08
4.226301e+09
0
0
0
0
0
0
0
2.024641e+08
2.394074e+08
3.534041e+08
7.592679e+08
4.226319e+09
0
0
0
0
0
0
0
0
0
0
2.023568e+08
2.392487e+08
3.531251e+08
7.576144e+08
4.189135e+09
0
0
0
0
0
0
0
0
0
0
2.029318e+08
2.399053e+08
3.540511e+08
7.593863e+08
4.193646e+09
0
0
0
0
0
0
0
0
0
0
2.041427e+08
2.412736e+08
3.559981e+08
7.630797e+08
4.197916e+09
0
0
0
0
0
0
0
0
0
0
2.06291e+08
2.437021e+08
3.594462e+08
7.695693e+08
4.202282e+09
0
0
0
0
0
0
0
0
0
0
2.096791e+08
2.475555e+08
3.649179e+08
7.797766e+08
4.206603e+09
0
0
0
0
0
0
0
0
0
0
0
0
0
0
0
0
0
0
0
0
2.142594e+08
2.528021e+08
3.723894e+08
7.935952e+08
4.209921e+09
0
0
0
0
0
0
0
0
0
0
0
0
0
0
0
0
0
0
0
2.192446e+08
2.584629e+08
3.803783e+08
8.081844e+08
4.21371e+09
0
0
0
0
0
0
0
0
0
0
0
0
0
0
0
0
0
0
2.237088e+08
2.634903e+08
3.87413e+08
8.208967e+08
4.217671e+09
0
0
0
0
0
0
0
0
0
0
0
0
0
0
0
0
0
2.266766e+08
2.668211e+08
3.920557e+08
8.291809e+08
4.218101e+09
0
0
0
0
0
0
0
0
0
0
0
0
0
0
0
0
2.281999e+08
2.685322e+08
3.94445e+08
8.334627e+08
4.219111e+09
0
0
0
0
0
0
0
0
0
0
0
0
0
0
0
2.282318e+08
2.685724e+08
3.945153e+08
8.336762e+08
4.221511e+09
0
0
0
0
0
0
0
0
0
0
0
0
0
0
2.267652e+08
2.66934e+08
3.922581e+08
8.298135e+08
4.225316e+09
0
0
0
0
0
0
0
0
0
0
0
0
0
2.238362e+08
2.636557e+08
3.877118e+08
8.218648e+08
4.229456e+09
0
0
0
0
0
0
0
0
0
0
0
0
2.193872e+08
2.586449e+08
3.807217e+08
8.093715e+08
4.229603e+09
0
0
0
0
0
0
0
0
0
0
0
2.144034e+08
2.52988e+08
3.727452e+08
7.949194e+08
4.229602e+09
0
0
0
0
0
0
0
0
0
0
2.098094e+08
2.477283e+08
3.652617e+08
7.81146e+08
4.229636e+09
0
0
0
0
0
0
0
0
0
2.064003e+08
2.438506e+08
3.597637e+08
7.709656e+08
4.228535e+09
0
0
0
0
0
0
0
0
2.042458e+08
2.414067e+08
3.563016e+08
7.64541e+08
4.227626e+09
0
0
0
0
0
0
0
2.030291e+08
2.400398e+08
3.5436e+08
7.60939e+08
4.22741e+09
0
0
0
0
0
0
2.024701e+08
2.394059e+08
3.534803e+08
7.591933e+08
4.2276e+09
0
0
0
0
0
0
0
0
0
0
2.023637e+08
2.39267e+08
3.531508e+08
7.577328e+08
4.193463e+09
0
0
0
0
0
0
0
0
0
0
2.029399e+08
2.399222e+08
3.540912e+08
7.595442e+08
4.197421e+09
0
0
0
0
0
0
0
0
0
0
2.041557e+08
2.412887e+08
3.560357e+08
7.632512e+08
4.20128e+09
0
0
0
0
0
0
0
0
0
0
2.063043e+08
2.437214e+08
3.594854e+08
7.69746e+08
4.205519e+09
0
0
0
0
0
0
0
0
0
0
2.096959e+08
2.475784e+08
3.649655e+08
7.799622e+08
4.209676e+09
0
0
0
0
0
0
0
0
0
0
0
0
0
0
0
0
0
0
0
2.142777e+08
2.528296e+08
3.724438e+08
7.937965e+08
4.212901e+09
0
0
0
0
0
0
0
0
0
0
0
0
0
0
0
0
0
0
2.192728e+08
2.584937e+08
3.804381e+08
8.083995e+08
4.216574e+09
0
0
0
0
0
0
0
0
0
0
0
0
0
0
0
0
0
2.237385e+08
2.635287e+08
3.874829e+08
8.211203e+08
4.220425e+09
0
0
0
0
0
0
0
0
0
0
0
0
0
0
0
0
2.267083e+08
2.66862e+08
3.92128e+08
8.294059e+08
4.220701e+09
0
0
0
0
0
0
0
0
0
0
0
0
0
0
0
2.282309e+08
2.685718e+08
3.94514e+08
8.336796e+08
4.221539e+09
0
0
0
0
0
0
0
0
0
0
0
0
0
0
2.282623e+08
2.686095e+08
3.945801e+08
8.338821e+08
4.223775e+09
0
0
0
0
0
0
0
0
0
0
0
0
0
2.267898e+08
2.66967e+08
3.923146e+08
8.299949e+08
4.227394e+09
0
0
0
0
0
0
0
0
0
0
0
0
2.238565e+08
2.636808e+08
3.877605e+08
8.220201e+08
4.231328e+09
0
0
0
0
0
0
0
0
0
0
0
2.194028e+08
2.586649e+08
3.807529e+08
8.094966e+08
4.231288e+09
0
0
0
0
0
0
0
0
0
0
2.144137e+08
2.530037e+08
3.727745e+08
7.950101e+08
4.231085e+09
0
0
0
0
0
0
0
0
0
2.098173e+08
2.477373e+08
3.652841e+08
7.812271e+08
4.230925e+09
0
0
0
0
0
0
0
0
2.064112e+08
2.438575e+08
3.597757e+08
7.710332e+08
4.229736e+09
0
0
0
0
0
0
0
2.042499e+08
2.414183e+08
3.563118e+08
7.645908e+08
4.228704e+09
0
0
0
0
0
0
2.030301e+08
2.400459e+08
3.543788e+08
7.609826e+08
4.228391e+09
0
0
0
0
0
2.02455e+08
2.394112e+08
3.534855e+08
7.593537e+08
4.228092e+09
0
0
0
0
0
0
0
0
0
0
2.023983e+08
2.3928e+08
3.531811e+08
7.578622e+08
4.196914e+09
0
0
0
0
0
0
0
0
0
0
2.0295e+08
2.399326e+08
3.541258e+08
7.597066e+08
4.200719e+09
0
0
0
0
0
0
0
0
0
0
2.041662e+08
2.413046e+08
3.560665e+08
7.63407e+08
4.204372e+09
0
0
0
0
0
0
0
0
0
0
2.063165e+08
2.437379e+08
3.595216e+08
7.699015e+08
4.208444e+09
0
0
0
0
0
0
0
0
0
0
2.097089e+08
2.47599e+08
3.650073e+08
7.801316e+08
4.212482e+09
0
0
0
0
0
0
0
0
0
0
0
0
0
0
0
0
0
0
2.143007e+08
2.528521e+08
3.724928e+08
7.939791e+08
4.215606e+09
0
0
0
0
0
0
0
0
0
0
0
0
0
0
0
0
0
2.19298e+08
2.585268e+08
3.804921e+08
8.085917e+08
4.219193e+09
0
0
0
0
0
0
0
0
0
0
0
0
0
0
0
0
2.237651e+08
2.635639e+08
3.875471e+08
8.213297e+08
4.222944e+09
0
0
0
0
0
0
0
0
0
0
0
0
0
0
0
2.267358e+08
2.668995e+08
3.921953e+08
8.296164e+08
4.223089e+09
0
0
0
0
0
0
0
0
0
0
0
0
0
0
2.28261e+08
2.686087e+08
3.94579e+08
8.338794e+08
4.223789e+09
0
0
0
0
0
0
0
0
0
0
0
0
0
2.282887e+08
2.686454e+08
3.94641e+08
8.340691e+08
4.225883e+09
0
0
0
0
0
0
0
0
0
0
0
0
2.268139e+08
2.669966e+08
3.923692e+08
8.301607e+08
4.22932e+09
0
0
0
0
0
0
0
0
0
0
0
2.238766e+08
2.637053e+08
3.878033e+08
8.221664e+08
4.233083e+09
0
0
0
0
0
0
0
0
0
0
2.194176e+08
2.586838e+08
3.807878e+08
8.096037e+08
4.232854e+09
0
0
0
0
0
0
0
0
0
2.144248e+08
2.530159e+08
3.72802e+08
7.951084e+08
4.232449e+09
0
0
0
0
0
0
0
0
2.098302e+08
2.477469e+08
3.65301e+08
7.813059e+08
4.232168e+09
0
0
0
0
0
0
0
2.064167e+08
2.438701e+08
3.597892e+08
7.710868e+08
4.230853e+09
0
0
0
0
0
0
2.042531e+08
2.414231e+08
3.563315e+08
7.646378e+08
4.229689e+09
0
0
0
0
0
2.030313e+08
2.400468e+08
3.543912e+08
7.610445e+08
4.229286e+09
0
0
0
0
2.024453e+08
2.393948e+08
3.534921e+08
7.593983e+08
4.229347e+09
0
0
0
0
0
0
0
0
0
0
2.023551e+08
2.393206e+08
3.532167e+08
7.579882e+08
4.200058e+09
0
0
0
0
0
0
0
0
0
0
2.029589e+08
2.399452e+08
3.541496e+08
7.598547e+08
4.203733e+09
0
0
0
0
0
0
0
0
0
0
2.041747e+08
2.413177e+08
3.560975e+08
7.635423e+08
4.207186e+09
0
0
0
0
0
0
0
0
0
0
2.063241e+08
2.437532e+08
3.595535e+08
7.700427e+08
4.211099e+09
0
0
0
0
0
0
0
0
0
0
2.097261e+08
2.476153e+08
3.650455e+08
7.802835e+08
4.215044e+09
0
0
0
0
0
0
0
0
0
0
0
0
0
0
0
0
0
2.143216e+08
2.52879e+08
3.72534e+08
7.941459e+08
4.218091e+09
0
0
0
0
0
0
0
0
0
0
0
0
0
0
0
0
2.193178e+08
2.585568e+08
3.805478e+08
8.087673e+08
4.221593e+09
0
0
0
0
0
0
0
0
0
0
0
0
0
0
0
2.237896e+08
2.635957e+08
3.876061e+08
8.215223e+08
4.22528e+09
0
0
0
0
0
0
0
0
0
0
0
0
0
0
2.267646e+08
2.669328e+08
3.922575e+08
8.298118e+08
4.225313e+09
0
0
0
0
0
0
0
0
0
0
0
0
0
2.282891e+08
2.686438e+08
3.946403e+08
8.340668e+08
4.225872e+09
0
0
0
0
0
0
0
0
0
0
0
0
2.283148e+08
2.686768e+08
3.946997e+08
8.342444e+08
4.227826e+09
0
0
0
0
0
0
0
0
0
0
0
2.26837e+08
2.670252e+08
3.924189e+08
8.3032e+08
4.231107e+09
0
0
0
0
0
0
0
0
0
0
2.238957e+08
2.637295e+08
3.87845e+08
8.222987e+08
4.234735e+09
0
0
0
0
0
0
0
0
0
2.194324e+08
2.587011e+08
3.808205e+08
8.097153e+08
4.234288e+09
0
0
0
0
0
0
0
0
2.144404e+08
2.530291e+08
3.728237e+08
7.951997e+08
4.233783e+09
0
0
0
0
0
0
0
2.09837e+08
2.477619e+08
3.653185e+08
7.813715e+08
4.233349e+09
0
0
0
0
0
0
2.064203e+08
2.438768e+08
3.598103e+08
7.711417e+08
4.231863e+09
0
0
0
0
0
2.042537e+08
2.414272e+08
3.563413e+08
7.647031e+08
4.230612e+09
0
0
0
0
2.030335e+08
2.400486e+08
3.543947e+08
7.610944e+08
4.230216e+09
0
0
0
2.024785e+08
2.39388e+08
3.534737e+08
7.594237e+08
4.230203e+09
0
0
0
0
0
0
0
0
0
0
2.024078e+08
2.392718e+08
3.532837e+08
7.581561e+08
4.202769e+09
0
0
0
0
0
0
0
0
0
0
2.029689e+08
2.399558e+08
3.541764e+08
7.599745e+08
4.206483e+09
0
0
0
0
0
0
0
0
0
0
2.041795e+08
2.413282e+08
3.561241e+08
7.636715e+08
4.209724e+09
0
0
0
0
0
0
0
0
0
0
2.063363e+08
2.437632e+08
3.595834e+08
7.701713e+08
4.213508e+09
0
0
0
0
0
0
0
0
0
0
2.09742e+08
2.476355e+08
3.650769e+08
7.804237e+08
4.217376e+09
0
0
0
0
0
0
0
0
0
0
0
0
0
0
0
0
2.143368e+08
2.529038e+08
3.725798e+08
7.942917e+08
4.220392e+09
0
0
0
0
0
0
0
0
0
0
0
0
0
0
0
2.193368e+08
2.585807e+08
3.805988e+08
8.089399e+08
4.223812e+09
0
0
0
0
0
0
0
0
0
0
0
0
0
0
2.238135e+08
2.636255e+08
3.876598e+08
8.217006e+08
4.227444e+09
0
0
0
0
0
0
0
0
0
0
0
0
0
2.267899e+08
2.669664e+08
3.923136e+08
8.299936e+08
4.227384e+09
0
0
0
0
0
0
0
0
0
0
0
0
2.283146e+08
2.686773e+08
3.946973e+08
8.342438e+08
4.227814e+09
0
0
0
0
0
0
0
0
0
0
0
2.283387e+08
2.687079e+08
3.947518e+08
8.344124e+08
4.229645e+09
0
0
0
0
0
0
0
0
0
0
2.268591e+08
2.670529e+08
3.924663e+08
8.304675e+08
4.232804e+09
0
0
0
0
0
0
0
0
0
2.23914e+08
2.637518e+08
3.878857e+08
8.224255e+08
4.23627e+09
0
0
0
0
0
0
0
0
2.194489e+08
2.587186e+08
3.808502e+08
8.098201e+08
4.235678e+09
0
0
0
0
0
0
0
2.144488e+08
2.530473e+08
3.72847e+08
7.952776e+08
4.235025e+09
0
0
0
0
0
0
2.098434e+08
2.477704e+08
3.653433e+08
7.81436e+08
4.23443e+09
0
0
0
0
0
2.064229e+08
2.438814e+08
3.598232e+08
7.712103e+08
4.232833e+09
0
0
0
0
2.042571e+08
2.414284e+08
3.563499e+08
7.647466e+08
4.231584e+09
0
0
0
2.030352e+08
2.400514e+08
3.543999e+08
7.611229e+08
4.231084e+09
0
0
2.024743e+08
2.39425e+08
3.53471e+08
7.594176e+08
4.230849e+09
0
0
0
0
0
0
0
0
0
0
2.023889e+08
2.393322e+08
3.532193e+08
7.583594e+08
4.205747e+09
0
0
0
0
0
0
0
0
0
0
2.029673e+08
2.399683e+08
3.541978e+08
7.600955e+08
4.208942e+09
0
0
0
0
0
0
0
0
0
0
2.041888e+08
2.413352e+08
3.561461e+08
7.637866e+08
4.21208e+09
0
0
0
0
0
0
0
0
0
0
2.063488e+08
2.437776e+08
3.596053e+08
7.702916e+08
4.215728e+09
0
0
0
0
0
0
0
0
0
0
2.097533e+08
2.476543e+08
3.651125e+08
7.805462e+08
4.219545e+09
0
0
0
0
0
0
0
0
0
0
0
0
0
0
0
2.143536e+08
2.529223e+08
3.726224e+08
7.944409e+08
4.22248e+09
0
0
0
0
0
0
0
0
0
0
0
0
0
0
2.193536e+08
2.586041e+08
3.806407e+08
8.090994e+08
4.225898e+09
0
0
0
0
0
0
0
0
0
0
0
0
0
2.23836e+08
2.636537e+08
3.877108e+08
8.218639e+08
4.22946e+09
0
0
0
0
0
0
0
0
0
0
0
0
2.268137e+08
2.669967e+08
3.923685e+08
8.301599e+08
4.229319e+09
0
0
0
0
0
0
0
0
0
0
0
2.283402e+08
2.687077e+08
3.947525e+08
8.344073e+08
4.229649e+09
0
0
0
0
0
0
0
0
0
0
2.283632e+08
2.687362e+08
3.94803e+08
8.345642e+08
4.231372e+09
0
0
0
0
0
0
0
0
0
2.26879e+08
2.670788e+08
3.925121e+08
8.306058e+08
4.234398e+09
0
0
0
0
0
0
0
0
2.239319e+08
2.637734e+08
3.879229e+08
8.22548e+08
4.237714e+09
0
0
0
0
0
0
0
2.194596e+08
2.587379e+08
3.808798e+08
8.09916e+08
4.236988e+09
0
0
0
0
0
0
2.144581e+08
2.530576e+08
3.728767e+08
7.953562e+08
4.236174e+09
0
0
0
0
0
2.098471e+08
2.477785e+08
3.653594e+08
7.815139e+08
4.235444e+09
0
0
0
0
2.064269e+08
2.438851e+08
3.598327e+08
7.712621e+08
4.233823e+09
0
0
0
2.042612e+08
2.414327e+08
3.563547e+08
7.647864e+08
4.232412e+09
0
0
2.030343e+08
2.400541e+08
3.544062e+08
7.611547e+08
4.231816e+09
0
2.024592e+08
2.394255e+08
3.535209e+08
7.594366e+08
4.231495e+09
0
0
0
0
0
0
0
0
0
0
2.024243e+08
2.393115e+08
3.533124e+08
7.582884e+08
4.208478e+09
0
0
0
0
0
0
0
0
0
0
2.029775e+08
2.399671e+08
3.542223e+08
7.601956e+08
4.211254e+09
0
0
0
0
0
0
0
0
0
0
2.041991e+08
2.413463e+08
3.561633e+08
7.638871e+08
4.214225e+09
0
0
0
0
0
0
0
0
0
0
2.06356e+08
2.437925e+08
3.596318e+08
7.703919e+08
4.217795e+09
0
0
0
0
0
0
0
0
0
0
2.097667e+08
2.476678e+08
3.651455e+08
7.806715e+08
4.221529e+09
0
0
0
0
0
0
0
0
0
0
0
0
0
0
2.143644e+08
2.529425e+08
3.72656e+08
7.945797e+08
4.22447e+09
0
0
0
0
0
0
0
0
0
0
0
0
0
2.193711e+08
2.586242e+08
3.806817e+08
8.092371e+08
4.227839e+09
0
0
0
0
0
0
0
0
0
0
0
0
2.238572e+08
2.636806e+08
3.87758e+08
8.220192e+08
4.231327e+09
0
0
0
0
0
0
0
0
0
0
0
2.268369e+08
2.670248e+08
3.92419e+08
8.30319e+08
4.231112e+09
0
0
0
0
0
0
0
0
0
0
2.283631e+08
2.687376e+08
3.948028e+08
8.345657e+08
4.231347e+09
0
0
0
0
0
0
0
0
0
2.283866e+08
2.687648e+08
3.948496e+08
8.347115e+08
4.232969e+09
0
0
0
0
0
0
0
0
2.268992e+08
2.671022e+08
3.925546e+08
8.307395e+08
4.235874e+09
0
0
0
0
0
0
0
2.239483e+08
2.637946e+08
3.879586e+08
8.226599e+08
4.239093e+09
0
0
0
0
0
0
2.194709e+08
2.58751e+08
3.809116e+08
8.100091e+08
4.238212e+09
0
0
0
0
0
2.14463e+08
2.530691e+08
3.728956e+08
7.954458e+08
4.237265e+09
0
0
0
0
2.098534e+08
2.477834e+08
3.653745e+08
7.815741e+08
4.236488e+09
0
0
0
2.06432e+08
2.438898e+08
3.598413e+08
7.713046e+08
4.234714e+09
0
0
2.042594e+08
2.414376e+08
3.563633e+08
7.648184e+08
4.233196e+09
0
2.030352e+08
2.400543e+08
3.544131e+08
7.611864e+08
4.232529e+09
2.024641e+08
2.394024e+08
3.535273e+08
7.595449e+08
4.232149e+09
0
0
0
0
0
0
0
0
0
0
2.024227e+08
2.39354e+08
3.532886e+08
7.585325e+08
4.209959e+09
0
0
0
0
0
0
0
0
0
0
2.029862e+08
2.399804e+08
3.542271e+08
7.602992e+08
4.213302e+09
0
0
0
0
0
0
0
0
0
0
2.042034e+08
2.413588e+08
3.56185e+08
7.639753e+08
4.216173e+09
0
0
0
0
0
0
0
0
0
0
2.063665e+08
2.438011e+08
3.596591e+08
7.704946e+08
4.219673e+09
0
0
0
0
0
0
0
0
0
0
2.097734e+08
2.476839e+08
3.651708e+08
7.807872e+08
4.223416e+09
0
0
0
0
0
0
0
0
0
0
0
0
0
2.14376e+08
2.529562e+08
3.726914e+08
7.946979e+08
4.226318e+09
0
0
0
0
0
0
0
0
0
0
0
0
2.193878e+08
2.586453e+08
3.807173e+08
8.093703e+08
4.22961e+09
0
0
0
0
0
0
0
0
0
0
0
2.238788e+08
2.637058e+08
3.878032e+08
8.22162e+08
4.233087e+09
0
0
0
0
0
0
0
0
0
0
2.268586e+08
2.670522e+08
3.924656e+08
8.304676e+08
4.232801e+09
0
0
0
0
0
0
0
0
0
2.283849e+08
2.687645e+08
3.948514e+08
8.347115e+08
4.232978e+09
0
0
0
0
0
0
0
0
2.284061e+08
2.687924e+08
3.94896e+08
8.348463e+08
4.23449e+09
0
0
0
0
0
0
0
2.26917e+08
2.671262e+08
3.925932e+08
8.308631e+08
4.237293e+09
0
0
0
0
0
0
2.239634e+08
2.638141e+08
3.879938e+08
8.227673e+08
4.240371e+09
0
0
0
0
0
2.194795e+08
2.587647e+08
3.809348e+08
8.101049e+08
4.239367e+09
0
0
0
0
2.144716e+08
2.530758e+08
3.729161e+08
7.95513e+08
4.238361e+09
0
0
0
2.098608e+08
2.477907e+08
3.65385e+08
7.816303e+08
4.237435e+09
0
0
2.064316e+08
2.438958e+08
3.598506e+08
7.713456e+08
4.235516e+09
0
2.0426e+08
2.414366e+08
3.563729e+08
7.648566e+08
4.233928e+09
2.030423e+08
2.400556e+08
3.544162e+08
7.612211e+08
4.233218e+09
2.394091e+08
3.534881e+08
7.595768e+08
4.233075e+09
0
0
0
0
0
0
0
0
0
0
2.024187e+08
2.393519e+08
3.533584e+08
7.585362e+08
4.212573e+09
0
0
0
0
0
0
0
0
0
0
2.029886e+08
2.399906e+08
3.54253e+08
7.603602e+08
4.215251e+09
0
0
0
0
0
0
0
0
0
0
2.042124e+08
2.41364e+08
3.562086e+08
7.640669e+08
4.21797e+09
0
0
0
0
0
0
0
0
0
0
2.063699e+08
2.438138e+08
3.596765e+08
7.705966e+08
4.221424e+09
0
0
0
0
0
0
0
0
0
0
2.097808e+08
2.476931e+08
3.651995e+08
7.80884e+08
4.225155e+09
0
0
0
0
0
0
0
0
0
0
0
0
2.1439e+08
2.529705e+08
3.727175e+08
7.948159e+08
4.228008e+09
0
0
0
0
0
0
0
0
0
0
0
2.19406e+08
2.586655e+08
3.807537e+08
8.094885e+08
4.231286e+09
0
0
0
0
0
0
0
0
0
0
2.238967e+08
2.63731e+08
3.878456e+08
8.222987e+08
4.234719e+09
0
0
0
0
0
0
0
0
0
2.26879e+08
2.670777e+08
3.925107e+08
8.306045e+08
4.234395e+09
0
0
0
0
0
0
0
0
2.284053e+08
2.687903e+08
3.948954e+08
8.348495e+08
4.234496e+09
0
0
0
0
0
0
0
2.284255e+08
2.68816e+08
3.949409e+08
8.349782e+08
4.2359e+09
0
0
0
0
0
0
2.26935e+08
2.671475e+08
3.926328e+08
8.309771e+08
4.238615e+09
0
0
0
0
0
2.239761e+08
2.638322e+08
3.880263e+08
8.228716e+08
4.241589e+09
0
0
0
0
2.194898e+08
2.587757e+08
3.809589e+08
8.101825e+08
4.240491e+09
0
0
0
2.144817e+08
2.530859e+08
3.729298e+08
7.955822e+08
4.239334e+09
0
0
2.098635e+08
2.477991e+08
3.653982e+08
7.816757e+08
4.238312e+09
0
2.064346e+08
2.438961e+08
3.598615e+08
7.713853e+08
4.236295e+09
2.042718e+08
2.414375e+08
3.563747e+08
7.648953e+08
4.234657e+09
2.400635e+08
3.544199e+08
7.612459e+08
4.233891e+09
3.535034e+08
7.594987e+08
4.233733e+09
0
0
0
0
0
0
0
0
0
0
2.02448e+08
2.393474e+08
3.533608e+08
7.587346e+08
4.214112e+09
0
0
0
0
0
0
0
0
0
0
2.02998e+08
2.39994e+08
3.542724e+08
7.604618e+08
4.216907e+09
0
0
0
0
0
0
0
0
0
0
2.04214e+08
2.413752e+08
3.562205e+08
7.641596e+08
4.219665e+09
0
0
0
0
0
0
0
0
0
0
2.063735e+08
2.438192e+08
3.597e+08
7.706743e+08
4.223096e+09
0
0
0
0
0
0
0
0
0
0
2.097927e+08
2.477027e+08
3.652191e+08
7.809854e+08
4.226725e+09
0
0
0
0
0
0
0
0
0
0
0
2.144056e+08
2.529875e+08
3.727439e+08
7.949132e+08
4.229611e+09
0
0
0
0
0
0
0
0
0
0
2.194196e+08
2.586866e+08
3.807887e+08
8.096054e+08
4.23283e+09
0
0
0
0
0
0
0
0
0
2.239153e+08
2.637524e+08
3.878869e+08
8.224266e+08
4.236269e+09
0
0
0
0
0
0
0
0
2.268983e+08
2.671021e+08
3.925525e+08
8.307362e+08
4.235874e+09
0
0
0
0
0
0
0
2.284254e+08
2.688152e+08
3.949377e+08
8.349767e+08
4.235912e+09
0
0
0
0
0
0
2.284445e+08
2.68839e+08
3.949804e+08
8.351054e+08
4.237257e+09
0
0
0
0
0
2.269506e+08
2.67169e+08
3.926683e+08
8.310914e+08
4.239855e+09
0
0
0
0
2.239896e+08
2.638481e+08
3.88057e+08
8.229688e+08
4.242749e+09
0
0
0
2.195028e+08
2.587879e+08
3.809792e+08
8.102608e+08
4.24151e+09
0
0
2.144865e+08
2.530973e+08
3.729474e+08
7.956362e+08
4.240286e+09
0
2.098688e+08
2.47803e+08
3.654126e+08
7.817248e+08
4.239108e+09
2.064523e+08
2.439e+08
3.59865e+08
7.714267e+08
4.237028e+09
2.414507e+08
3.563778e+08
7.649192e+08
4.235348e+09
3.544332e+08
7.612691e+08
4.234507e+09
7.595599e+08
4.233749e+09
0
0
0
0
0
0
0
0
0
0
2.024282e+08
2.393842e+08
3.533618e+08
7.587897e+08
4.216355e+09
0
0
0
0
0
0
0
0
0
0
2.029963e+08
2.400054e+08
3.542821e+08
7.605433e+08
4.218643e+09
0
0
0
0
0
0
0
0
0
0
2.042152e+08
2.413785e+08
3.562417e+08
7.642241e+08
4.221273e+09
0
0
0
0
0
0
0
0
0
0
2.063834e+08
2.438245e+08
3.597136e+08
7.707621e+08
4.224561e+09
0
0
0
0
0
0
0
0
0
0
2.098043e+08
2.47717e+08
3.652381e+08
7.81067e+08
4.228251e+09
0
0
0
0
0
0
0
0
0
0
2.144172e+08
2.530057e+08
3.727737e+08
7.950078e+08
4.231069e+09
0
0
0
0
0
0
0
0
0
2.194339e+08
2.587031e+08
3.808237e+08
8.097175e+08
4.234296e+09
0
0
0
0
0
0
0
0
2.23932e+08
2.637746e+08
3.879232e+08
8.225489e+08
4.237722e+09
0
0
0
0
0
0
0
2.26917e+08
2.671255e+08
3.925932e+08
8.308584e+08
4.237279e+09
0
0
0
0
0
0
2.284441e+08
2.688387e+08
3.949795e+08
8.350983e+08
4.237247e+09
0
0
0
0
0
2.284633e+08
2.688617e+08
3.950183e+08
8.352202e+08
4.238545e+09
0
0
0
0
2.269665e+08
2.671879e+08
3.927039e+08
8.311958e+08
4.241056e+09
0
0
0
2.240072e+08
2.638639e+08
3.880844e+08
8.230615e+08
4.243844e+09
0
0
2.195115e+08
2.588027e+08
3.810003e+08
8.103299e+08
4.242505e+09
0
2.144913e+08
2.531038e+08
3.729664e+08
7.956967e+08
4.241128e+09
2.098952e+08
2.478095e+08
3.654214e+08
7.817744e+08
4.2399e+09
2.4392e+08
3.598731e+08
7.714548e+08
4.237726e+09
3.563986e+08
7.649413e+08
4.235972e+09
7.613146e+08
4.235054e+09
4.234637e+09
0
0
0
0
0
0
0
0
0
0
2.024415e+08
2.393594e+08
3.534193e+08
7.588377e+08
4.217923e+09
0
0
0
0
0
0
0
0
0
0
2.029975e+08
2.400042e+08
3.543035e+08
7.606027e+08
4.220188e+09
0
0
0
0
0
0
0
0
0
0
2.04224e+08
2.413809e+08
3.56252e+08
7.64306e+08
4.222667e+09
0
0
0
0
0
0
0
0
0
0
2.063928e+08
2.438364e+08
3.597262e+08
7.708299e+08
4.226005e+09
0
0
0
0
0
0
0
0
0
0
2.098127e+08
2.477306e+08
3.652634e+08
7.811437e+08
4.229633e+09
0
0
0
0
0
0
0
0
0
2.144294e+08
2.530197e+08
3.728042e+08
7.951065e+08
4.232441e+09
0
0
0
0
0
0
0
0
2.194485e+08
2.587202e+08
3.808526e+08
8.098253e+08
4.235694e+09
0
0
0
0
0
0
0
2.239464e+08
2.63795e+08
3.879601e+08
8.226598e+08
4.239087e+09
0
0
0
0
0
0
2.269342e+08
2.671476e+08
3.926322e+08
8.309774e+08
4.238597e+09
0
0
0
0
0
2.284618e+08
2.688614e+08
3.950177e+08
8.352188e+08
4.238508e+09
0
0
0
0
2.284796e+08
2.688838e+08
3.950557e+08
8.353293e+08
4.239745e+09
0
0
0
2.269852e+08
2.672066e+08
3.927357e+08
8.312988e+08
4.242177e+09
0
0
2.240236e+08
2.63884e+08
3.88111e+08
8.231458e+08
4.244893e+09
0
2.195204e+08
2.588138e+08
3.810242e+08
8.10399e+08
4.243414e+09
2.145403e+08
2.531099e+08
3.729795e+08
7.957573e+08
4.241984e+09
2.478392e+08
3.654333e+08
7.818145e+08
4.240643e+09
3.599037e+08
7.714892e+08
4.238381e+09
7.650025e+08
4.236507e+09
4.235755e+09
0
0
0
0
0
0
0
0
0
0
2.024441e+08
2.393744e+08
3.53387e+08
7.5899e+08
4.21927e+09
0
0
0
0
0
0
0
0
0
0
2.030067e+08
2.400068e+08
3.543065e+08
7.606847e+08
4.221548e+09
0
0
0
0
0
0
0
0
0
0
2.042326e+08
2.413912e+08
3.562603e+08
7.643649e+08
4.224075e+09
0
0
0
0
0
0
0
0
0
0
2.063984e+08
2.438471e+08
3.597476e+08
7.708919e+08
4.227318e+09
0
0
0
0
0
0
0
0
0
2.098224e+08
2.477408e+08
3.652868e+08
7.812304e+08
4.230912e+09
0
0
0
0
0
0
0
0
2.144402e+08
2.530343e+08
3.72829e+08
7.952035e+08
4.233774e+09
0
0
0
0
0
0
0
2.194572e+08
2.587378e+08
3.808819e+08
8.099201e+08
4.237004e+09
0
0
0
0
0
0
2.239617e+08
2.638123e+08
3.879948e+08
8.227699e+08
4.240368e+09
0
0
0
0
0
2.269501e+08
2.671686e+08
3.926686e+08
8.31091e+08
4.23986e+09
0
0
0
0
2.284789e+08
2.688823e+08
3.950555e+08
8.35328e+08
4.23974e+09
0
0
0
2.284971e+08
2.689035e+08
3.950915e+08
8.354364e+08
4.240879e+09
0
0
2.27003e+08
2.672284e+08
3.927666e+08
8.313924e+08
4.243261e+09
0
2.240388e+08
2.639036e+08
3.881424e+08
8.232271e+08
4.245861e+09
2.195988e+08
2.588241e+08
3.810441e+08
8.104704e+08
4.24431e+09
2.531648e+08
3.72991e+08
7.958076e+08
4.242781e+09
3.654779e+08
7.818572e+08
4.241361e+09
7.715707e+08
4.238995e+09
4.237294e+09
0
0
0
0
0
0
0
0
0
0
2.024171e+08
2.393813e+08
3.534097e+08
7.589649e+08
4.221045e+09
0
0
0
0
0
0
0
0
0
0
2.030115e+08
2.400174e+08
3.543148e+08
7.607274e+08
4.222959e+09
0
0
0
0
0
0
0
0
0
0
2.042368e+08
2.414008e+08
3.562788e+08
7.64417e+08
4.225325e+09
0
0
0
0
0
0
0
0
0
2.064061e+08
2.438541e+08
3.597662e+08
7.709683e+08
4.228531e+09
0
0
0
0
0
0
0
0
2.098305e+08
2.477526e+08
3.653056e+08
7.813106e+08
4.232178e+09
0
0
0
0
0
0
0
2.144465e+08
2.530474e+08
3.728543e+08
7.952878e+08
4.235041e+09
0
0
0
0
0
0
2.194695e+08
2.587487e+08
3.809119e+08
8.100131e+08
4.238221e+09
0
0
0
0
0
2.239773e+08
2.63831e+08
3.880244e+08
8.228744e+08
4.241597e+09
0
0
0
0
2.26968e+08
2.671873e+08
3.927038e+08
8.311964e+08
4.24106e+09
0
0
0
2.284966e+08
2.689024e+08
3.950894e+08
8.354362e+08
4.240872e+09
0
0
2.285166e+08
2.689238e+08
3.951243e+08
8.355374e+08
4.241977e+09
0
2.270222e+08
2.672492e+08
3.928012e+08
8.314828e+08
4.244264e+09
2.241075e+08
2.63921e+08
3.881746e+08
8.233136e+08
4.246803e+09
2.58912e+08
3.810615e+08
8.105362e+08
4.245148e+09
3.730709e+08
7.958508e+08
4.243555e+09
7.819679e+08
4.242006e+09
4.239876e+09
0
0
0
0
0
0
0
0
0
0
2.024599e+08
2.393507e+08
3.534289e+08
7.590337e+08
4.222035e+09
0
0
0
0
0
0
0
0
0
0
2.030175e+08
2.400229e+08
3.543332e+08
7.60777e+08
4.224127e+09
0
0
0
0
0
0
0
0
0
2.042421e+08
2.414064e+08
3.562955e+08
7.644854e+08
4.226487e+09
0
0
0
0
0
0
0
0
2.064114e+08
2.438638e+08
3.597799e+08
7.710363e+08
4.229735e+09
0
0
0
0
0
0
0
2.098353e+08
2.477624e+08
3.653266e+08
7.813799e+08
4.233364e+09
0
0
0
0
0
0
2.14457e+08
2.530554e+08
3.728773e+08
7.953707e+08
4.236211e+09
0
0
0
0
0
2.194815e+08
2.587636e+08
3.809323e+08
8.10106e+08
4.23938e+09
0
0
0
0
2.239917e+08
2.638492e+08
3.88056e+08
8.22966e+08
4.242767e+09
0
0
0
2.269835e+08
2.672082e+08
3.927348e+08
8.312995e+08
4.242178e+09
0
0
2.285168e+08
2.689235e+08
3.951225e+08
8.355337e+08
4.241976e+09
0
2.285376e+08
2.689468e+08
3.951569e+08
8.356326e+08
4.243e+09
2.270868e+08
2.672711e+08
3.928346e+08
8.315777e+08
4.245238e+09
2.639971e+08
3.882021e+08
8.234049e+08
4.247689e+09
3.811878e+08
8.105914e+08
4.245993e+09
7.960314e+08
4.244203e+09
4.243019e+09
0
0
0
0
0
0
0
0
0
0
2.024458e+08
2.393997e+08
3.533902e+08
7.591171e+08
4.223164e+09
0
0
0
0
0
0
0
0
0
2.030203e+08
2.400303e+08
3.543444e+08
7.608447e+08
4.225235e+09
0
0
0
0
0
0
0
0
2.042465e+08
2.414132e+08
3.563073e+08
7.645483e+08
4.227639e+09
0
0
0
0
0
0
0
2.064147e+08
2.438703e+08
3.597979e+08
7.710933e+08
4.230851e+09
0
0
0
0
0
0
2.098437e+08
2.477687e+08
3.653443e+08
7.814524e+08
4.234452e+09
0
0
0
0
0
2.144675e+08
2.530679e+08
3.728929e+08
7.954477e+08
4.237325e+09
0
0
0
0
2.194914e+08
2.587777e+08
3.809579e+08
8.101787e+08
4.240498e+09
0
0
0
2.240056e+08
2.638663e+08
3.880858e+08
8.230605e+08
4.243841e+09
0
0
2.270026e+08
2.672268e+08
3.927685e+08
8.313905e+08
4.243267e+09
0
2.28537e+08
2.689469e+08
3.951569e+08
8.356284e+08
4.24299e+09
2.28595e+08
2.689705e+08
3.951938e+08
8.357238e+08
4.243997e+09
2.673425e+08
3.928682e+08
8.316706e+08
4.246164e+09
3.883114e+08
8.234799e+08
4.248636e+09
8.108633e+08
4.246678e+09
4.245485e+09
0
0
0
0
0
0
0
0
0
2.024558e+08
2.393809e+08
3.53462e+08
7.590755e+08
4.224528e+09
0
0
0
0
0
0
0
0
2.030252e+08
2.400339e+08
3.543585e+08
7.608964e+08
4.226395e+09
0
0
0
0
0
0
0
2.04249e+08
2.414188e+08
3.563208e+08
7.646005e+08
4.228721e+09
0
0
0
0
0
0
2.064213e+08
2.438749e+08
3.598107e+08
7.711592e+08
4.231873e+09
0
0
0
0
0
2.098515e+08
2.477786e+08
3.653573e+08
7.815163e+08
4.235519e+09
0
0
0
0
2.144743e+08
2.530802e+08
3.729145e+08
7.955083e+08
4.238377e+09
0
0
0
2.194997e+08
2.587898e+08
3.809817e+08
8.102596e+08
4.241507e+09
0
0
2.240228e+08
2.63883e+08
3.881143e+08
8.231484e+08
4.244893e+09
0
2.270232e+08
2.672491e+08
3.927993e+08
8.314862e+08
4.244254e+09
2.28594e+08
2.689699e+08
3.951939e+08
8.357241e+08
4.243973e+09
2.690337e+08
3.952301e+08
8.358246e+08
4.244908e+09
3.929713e+08
8.317574e+08
4.247103e+09
8.237199e+08
4.249379e+09
4.248302e+09
0
0
0
0
0
0
0
0
2.024524e+08
2.39396e+08
3.534318e+08
7.592444e+08
4.225255e+09
0
0
0
0
0
0
0
2.030286e+08
2.400405e+08
3.543669e+08
7.609524e+08
4.22742e+09
0
0
0
0
0
0
2.042543e+08
2.414222e+08
3.563319e+08
7.646558e+08
4.229715e+09
0
0
0
0
0
2.064265e+08
2.438826e+08
3.598208e+08
7.712109e+08
4.23291e+09
0
0
0
0
2.098572e+08
2.477876e+08
3.653744e+08
7.815699e+08
4.236502e+09
0
0
0
2.144803e+08
2.530889e+08
3.729352e+08
7.955792e+08
4.239321e+09
0
0
2.19514e+08
2.588e+08
3.81003e+08
8.103344e+08
4.242505e+09
0
2.240388e+08
2.63903e+08
3.88142e+08
8.232333e+08
4.24587e+09
2.270851e+08
2.672724e+08
3.928349e+08
8.315741e+08
4.245247e+09
2.690332e+08
3.952294e+08
8.358246e+08
4.24491e+09
3.953215e+08
8.359167e+08
4.245879e+09
8.319872e+08
4.247877e+09
4.250901e+09
0
0
0
0
0
0
0
2.024639e+08
2.393909e+08
3.534668e+08
7.591972e+08
4.226739e+09
0
0
0
0
0
0
2.030318e+08
2.400446e+08
3.543801e+08
7.609951e+08
4.228426e+09
0
0
0
0
0
2.042578e+08
2.414286e+08
3.563402e+08
7.647035e+08
4.230689e+09
0
0
0
0
2.064316e+08
2.438887e+08
3.598348e+08
7.712575e+08
4.23382e+09
0
0
0
2.098608e+08
2.477948e+08
3.653902e+08
7.816295e+08
4.23741e+09
0
0
2.14492e+08
2.530966e+08
3.729515e+08
7.95646e+08
4.240275e+09
0
2.195252e+08
2.588166e+08
3.810214e+08
8.104045e+08
4.243431e+09
2.24107e+08
2.63921e+08
3.881741e+08
8.233148e+08
4.246826e+09
2.673412e+08
3.928704e+08
8.316719e+08
4.246149e+09
3.953214e+08
8.359158e+08
4.245879e+09
8.361241e+08
4.24667e+09
4.249372e+09
0
0
0
0
0
0
2.024767e+08
2.394039e+08
3.53459e+08
7.593139e+08
4.227259e+09
0
0
0
0
0
2.030348e+08
2.400489e+08
3.543883e+08
7.610482e+08
4.229313e+09
0
0
0
0
2.042628e+08
2.414327e+08
3.563521e+08
7.64745e+08
4.231578e+09
0
0
0
2.064326e+08
2.438947e+08
3.59846e+08
7.713097e+08
4.234694e+09
0
0
2.098705e+08
2.477999e+08
3.654038e+08
7.81685e+08
4.238304e+09
0
2.144977e+08
2.5311e+08
3.729662e+08
7.957047e+08
4.241163e+09
2.196001e+08
2.588294e+08
3.810481e+08
8.104664e+08
4.244334e+09
2.639971e+08
3.882021e+08
8.234043e+08
4.24771e+09
3.929704e+08
8.31762e+08
4.247113e+09
8.361249e+08
4.24667e+09
4.248081e+09
0
0
0
0
0
2.024729e+08
2.394208e+08
3.534745e+08
7.593194e+08
4.228491e+09
0
0
0
0
2.030346e+08
2.400525e+08
3.543975e+08
7.61087e+08
4.230246e+09
0
0
0
2.042623e+08
2.414388e+08
3.563601e+08
7.64792e+08
4.232423e+09
0
0
2.064395e+08
2.438971e+08
3.59857e+08
7.713538e+08
4.235551e+09
0
2.098766e+08
2.47811e+08
3.654147e+08
7.817357e+08
4.239148e+09
2.145449e+08
2.531169e+08
3.729881e+08
7.957581e+08
4.242013e+09
2.589137e+08
3.810687e+08
8.105439e+08
4.245143e+09
3.883119e+08
8.2348e+08
4.248635e+09
8.319865e+08
4.247896e+09
4.248091e+09
0
0
0
0
2.024771e+08
2.394168e+08
3.535079e+08
7.593525e+08
4.229272e+09
0
0
0
2.030391e+08
2.400526e+08
3.544052e+08
7.61128e+08
4.231054e+09
0
0
2.0427e+08
2.414392e+08
3.563716e+08
7.648283e+08
4.23324e+09
0
2.064441e+08
2.439049e+08
3.598642e+08
7.713971e+08
4.236323e+09
2.099014e+08
2.478185e+08
3.654328e+08
7.817804e+08
4.239942e+09
2.5317e+08
3.730005e+08
7.958246e+08
4.242789e+09
3.811904e+08
8.106051e+08
4.24602e+09
8.23722e+08
4.249378e+09
4.249377e+09
0
0
0
2.024662e+08
2.394202e+08
3.535025e+08
7.594603e+08
4.229877e+09
0
0
2.030266e+08
2.400589e+08
3.544082e+08
7.61165e+08
4.231835e+09
0
2.042716e+08
2.414484e+08
3.563754e+08
7.648724e+08
4.233967e+09
2.064603e+08
2.439105e+08
3.598773e+08
7.714344e+08
4.237068e+09
2.478461e+08
3.654461e+08
7.818372e+08
4.240683e+09
3.730782e+08
7.958689e+08
4.24362e+09
8.108692e+08
4.246724e+09
4.250917e+09
0
0
2.024887e+08
2.394095e+08
3.53509e+08
7.594667e+08
4.23106e+09
0
2.030447e+08
2.400437e+08
3.544203e+08
7.611925e+08
4.232577e+09
2.042813e+08
2.414504e+08
3.563913e+08
7.649008e+08
4.234715e+09
2.439286e+08
3.598875e+08
7.71479e+08
4.237785e+09
3.654876e+08
7.818823e+08
4.241452e+09
7.960463e+08
4.244265e+09
4.248334e+09
0
2.024619e+08
2.394362e+08
3.534994e+08
7.594944e+08
4.231692e+09
2.030511e+08
2.40065e+08
3.544037e+08
7.612359e+08
4.233255e+09
2.414608e+08
3.563958e+08
7.649527e+08
4.23537e+09
3.599153e+08
7.715169e+08
4.238482e+09
7.819874e+08
4.242104e+09
4.245553e+09
2.024569e+08
2.394058e+08
3.535398e+08
7.595052e+08
4.232234e+09
2.400724e+08
3.544319e+08
7.612338e+08
4.233961e+09
3.56412e+08
7.649776e+08
4.236112e+09
7.715928e+08
4.239097e+09
4.243108e+09
2.393975e+08
3.535017e+08
7.596017e+08
4.232932e+09
3.544442e+08
7.612909e+08
4.234544e+09
7.650281e+08
4.236666e+09
4.239961e+09
3.534839e+08
7.595511e+08
4.233797e+09
7.613337e+08
4.235131e+09
4.237397e+09
7.595186e+08
4.23408e+09
4.235836e+09
4.234458e+09
)
;

boundaryField
{
    airInlet
    {
        type            calculated;
        value           uniform 0;
    }
    airOutlet
    {
        type            calculated;
        value           uniform 0;
    }
    cathodeSides
    {
        type            calculated;
        value           uniform 0;
    }
    air_to_interconnect
    {
        type            calculated;
        value           uniform 0;
    }
    air_to_electrolyte
    {
        type            calculated;
        value           uniform 0;
    }
}


// ************************************************************************* //
