/*--------------------------------*- C++ -*----------------------------------*\
| =========                 |                                                 |
| \\      /  F ield         | OpenFOAM: The Open Source CFD Toolbox           |
|  \\    /   O peration     | Version:  2312                                  |
|   \\  /    A nd           | Website:  www.openfoam.com                      |
|    \\/     M anipulation  |                                                 |
\*---------------------------------------------------------------------------*/
FoamFile
{
    version     2.0;
    format      ascii;
    arch        "LSB;label=32;scalar=64";
    class       volScalarField;
    location    "50/phiI";
    object      act;
}
// * * * * * * * * * * * * * * * * * * * * * * * * * * * * * * * * * * * * * //

dimensions      [0 0 0 0 0 0 0];

internalField   nonuniform List<scalar> 
12000
(
2.799702
2.808472
2.804827
2.808281
2.808206
2.789468
2.813919
2.806944
2.811992
2.816729
2.817529
2.808769
2.81492
2.804483
2.814125
2.822811
2.808164
2.811048
2.818808
2.82241
2.799769
2.810391
2.826266
2.797885
2.815658
2.821021
2.801884
2.80916
2.82204
2.830173
2.793318
2.810447
2.814875
2.824792
2.824149
2.836814
2.80741
2.80716
2.807447
2.819059
2.83101
2.785206
2.801755
2.821535
2.827069
2.808199
2.804278
2.81668
2.828593
2.83291
2.798512
2.803715
2.815049
2.820063
2.826912
0
2.837934
2.846308
2.846956
2.806182
2.820519
2.81584
2.799267
2.814778
2.826438
2.836698
2.802942
2.796179
2.812555
2.829663
2.828881
2.809418
2.811893
2.811076
2.825315
2.831527
0
2.792412
2.807723
2.810937
2.821709
2.822032
0
0
2.835804
2.851465
2.844773
2.845808
2.852665
2.851646
2.819256
2.818456
2.823698
2.827052
2.820569
2.805975
2.826217
2.834916
2.838367
2.81838
2.803608
2.809812
2.824
2.832205
0
2.808185
2.808473
2.817282
2.817182
2.828821
0
0
2.797684
2.800841
2.814057
2.818736
2.823533
0
0
0
2.842051
2.849563
2.842516
2.846158
2.857605
2.849042
2.845298
2.853649
2.855753
2.860634
2.811084
2.823102
2.826835
2.82906
2.832397
2.815086
2.82503
2.812475
2.836167
2.838136
0
2.814483
2.818667
2.812391
2.822939
2.82856
0
0
2.815078
2.806714
2.814727
2.823475
2.819324
0
0
0
2.810025
2.80246
2.808727
2.821467
2.820698
0
0
0
0
2.854593
2.848452
2.850065
2.853085
2.85425
2.848153
2.847731
2.852198
2.860237
2.857137
2.842807
2.852564
2.856946
2.86353
2.864322
2.817734
2.816218
2.82689
2.83429
2.830317
0
2.818591
2.820166
2.82989
2.819342
2.839024
0
0
2.814727
2.818691
2.820167
2.821629
2.827611
0
0
0
2.803709
2.817644
2.808271
2.821887
2.825084
0
0
0
0
2.806172
2.808903
2.806349
2.818537
2.824072
0
0
0
0
0
2.845293
2.843946
2.858831
2.851754
2.851144
2.855557
2.850365
2.860081
2.857347
2.856681
2.840908
2.854282
2.855993
2.867345
2.860261
2.844246
2.850244
2.855537
2.864797
2.866435
0
2.802893
2.823744
2.82099
2.833249
2.836433
0
0
2.811257
2.824086
2.828282
2.83661
2.821229
0
0
0
2.805395
2.820975
2.820556
2.825416
2.824684
0
0
0
0
2.809637
2.806766
2.822857
2.812049
2.824082
0
0
0
0
0
2.806567
2.808698
2.812046
2.814371
2.821941
0
0
0
0
0
2.305095
2.849662
2.857114
2.852062
2.853353
2.850138
2.862631
2.853932
2.859052
2.853425
2.864463
2.846254
2.856841
2.863483
2.864562
2.860294
2.850317
2.848555
2.856325
2.862475
2.870109
0
2.839443
2.851627
2.853624
2.862939
2.867606
0
0
2.80809
2.813194
2.82847
2.828322
2.834881
0
0
0
2.812705
2.820838
2.82905
2.836611
2.838844
0
0
0
0
2.792928
2.810215
2.8235
2.826592
2.826372
0
0
0
0
0
2.800683
2.815579
2.812769
2.828491
2.811932
0
0
0
0
0
2.282447
2.803576
2.811026
2.813521
2.817963
2.817172
0
0
0
0
0
2.809332
2.304765
2.846454
2.848043
2.859951
2.852638
2.862412
2.857032
2.850453
2.861972
2.854786
2.87031
2.847916
2.856933
2.863654
2.860973
2.868389
2.847198
2.85375
2.859142
2.871163
2.867422
0
2.847253
2.854211
2.853727
2.863717
2.86487
0
0
2.835018
2.845982
2.854182
2.861415
2.865512
0
0
0
2.807231
2.82104
2.822689
2.836275
2.830913
0
0
0
0
2.81134
2.831254
2.828764
2.8369
2.839072
0
0
0
0
0
2.804693
2.798664
2.817544
2.829281
2.828528
0
0
0
0
0
2.236953
2.802976
2.811607
2.822153
2.822051
2.830094
0
0
0
0
0
2.793306
2.282103
2.808532
2.813652
2.814027
2.818588
2.819766
0
0
0
0
0
3.49937
2.80945
2.303209
2.850226
2.855305
2.854253
2.845676
2.854665
2.865586
2.851093
2.857761
2.86552
2.86489
2.846908
2.858155
2.866676
2.862539
2.873828
2.85526
2.855925
2.859139
2.871455
2.86428
0
2.843317
2.855173
2.85679
2.866344
2.874197
0
0
2.840055
2.85487
2.855979
2.862705
2.866508
0
0
0
2.826933
2.840546
2.85151
2.861645
2.864286
0
0
0
0
2.814348
2.81699
2.825713
2.831111
2.838497
0
0
0
0
0
2.799576
2.816992
2.831383
2.836318
2.839406
0
0
0
0
0
2.169166
2.796261
2.812688
2.812784
2.824589
2.830567
0
0
0
0
0
2.761112
2.23658
2.810089
2.816734
2.816839
2.828287
2.825753
0
0
0
0
0
3.482721
2.793417
2.280528
2.804202
2.812946
2.818848
2.819392
2.819596
0
0
0
0
0
4.034463
3.499538
2.80852
2.300507
2.834771
2.84522
2.857971
2.850914
2.86203
2.856627
2.855548
2.854475
2.860421
2.874592
2.84781
2.858898
2.861006
2.872556
2.868159
2.854724
2.854389
2.861902
2.875378
2.865929
0
2.852215
2.859644
2.862526
2.866061
2.874601
0
0
2.849011
2.851481
2.859984
2.864987
2.869039
0
0
0
2.843407
2.843618
2.859579
2.861453
2.866227
0
0
0
0
2.837819
2.836328
2.846143
2.861025
2.864234
0
0
0
0
0
2.813494
2.824765
2.824887
2.834612
2.834147
0
0
0
0
0
2.082643
2.812555
2.81374
2.820855
2.83518
2.839022
0
0
0
0
0
2.712688
2.168745
2.811088
2.811558
2.816446
2.821582
2.826766
0
0
0
0
0
3.448863
2.761207
2.234962
2.80792
2.818604
2.818989
2.822221
2.830177
0
0
0
0
0
4.017866
3.482886
2.792477
2.2778
2.793513
2.809869
2.81646
2.823571
2.820413
0
0
0
0
0
4.496483
4.034955
3.498419
2.806597
2.296653
2.825367
2.847054
2.843654
2.849927
2.852477
2.861451
2.843886
2.859187
2.866087
2.863704
2.852864
2.861929
2.861957
2.870086
2.878607
2.853163
2.853517
2.862506
2.868854
2.875547
0
2.853766
2.862957
2.858808
2.869915
2.879041
0
0
2.849702
2.861055
2.862303
2.872571
2.868679
0
0
0
2.843879
2.858809
2.856423
2.868694
2.86826
0
0
0
0
2.841834
2.853257
2.847991
2.868378
2.863637
0
0
0
0
0
2.842831
2.844188
2.844779
2.855141
2.86485
0
0
0
0
0
1.99043
2.815257
2.820981
2.827698
2.831974
2.837553
0
0
0
0
0
2.650296
2.082145
2.816864
2.823246
2.820396
2.827895
2.836256
0
0
0
0
0
3.397271
2.71276
2.167052
2.810151
2.815529
2.814192
2.820159
2.824937
0
0
0
0
0
3.98424
3.449022
2.760243
2.23218
2.794766
2.812436
2.820222
2.821753
2.823537
0
0
0
0
0
4.480392
4.018359
3.48176
2.790543
2.273917
2.795641
2.804541
2.81378
2.822529
2.824471
0
0
0
0
0
4.896426
4.497241
4.034228
3.496096
2.803662
2.818265
2.826317
2.831148
2.848304
2.854596
2.846697
2.844957
2.857464
2.856678
2.868249
2.844708
2.851829
2.863727
2.874238
2.86664
2.849958
2.860876
2.865471
2.871334
2.874535
0
2.848903
2.862036
2.857888
2.870827
2.872089
0
0
2.853166
2.861516
2.86743
2.868338
2.873128
0
0
0
2.849956
2.857567
2.865424
2.868711
2.877017
0
0
0
0
2.845151
2.851979
2.863112
2.864563
2.872219
0
0
0
0
0
2.847457
2.849819
2.860141
2.855277
2.871791
0
0
0
0
0
1.918804
2.842032
2.850057
2.847573
2.85384
2.858348
0
0
0
0
0
2.582341
1.989815
2.806506
2.822046
2.824047
2.835096
2.834228
0
0
0
0
0
3.330023
2.650317
2.080334
2.821458
2.823695
2.826566
2.8294
2.829934
0
0
0
0
0
3.933034
3.397423
2.711758
2.164175
2.806221
2.813795
2.81786
2.818979
2.820667
0
0
0
0
0
4.447506
3.984733
3.447887
2.758277
2.228231
2.794699
2.804138
2.817212
2.826693
2.822096
0
0
0
0
0
4.880782
4.48115
4.017633
3.479429
2.787594
2.799421
2.801857
2.81012
2.820183
2.824225
0
0
0
0
0
5.238076
4.897417
4.496821
4.032364
3.492544
2.807905
2.824571
2.82266
2.814392
2.829662
2.834385
2.84726
2.856432
2.857992
2.855273
2.842302
2.852017
2.861562
2.864907
2.871114
2.847861
2.854009
2.855963
2.871929
2.877616
0
2.853693
2.85884
2.86454
2.873016
2.875365
0
0
2.848702
2.855097
2.866287
2.866272
2.874243
0
0
0
2.850583
2.861793
2.865184
2.875744
2.872627
0
0
0
0
2.846714
2.85485
2.862089
2.87395
2.871332
0
0
0
0
0
2.850736
2.853063
2.856422
2.872337
2.867603
0
0
0
0
0
1.871018
2.838955
2.85653
2.853717
2.86842
2.85833
0
0
0
0
0
2.527752
1.918127
2.839131
2.849007
2.853578
2.855766
2.857032
0
0
0
0
0
3.256102
2.582274
1.987822
2.812233
2.814265
2.823228
2.831538
2.837969
0
0
0
0
0
3.865685
3.330143
2.649237
2.077299
2.803354
2.82755
2.826791
2.832726
2.83217
0
0
0
0
0
4.397201
3.933522
3.396279
2.709742
2.160111
2.803423
2.810525
2.8131
2.826611
2.819928
0
0
0
0
0
4.848813
4.448267
3.984007
3.445543
2.75529
2.801577
2.795422
2.80998
2.824199
2.828574
0
0
0
0
0
5.222986
4.881775
4.480731
4.015772
3.475866
2.794999
2.808076
2.806485
2.820353
2.822039
0
0
0
0
0
5.539722
5.239283
4.897265
4.495304
4.02933
2.808543
2.815639
2.807935
2.822005
2.829298
2.829257
2.823753
2.823608
2.829945
2.840282
2.843891
2.85513
2.86007
2.865817
2.85836
2.849191
2.849882
2.8546
2.869923
2.868132
0
2.852569
2.855842
2.860156
2.864087
2.875197
0
0
2.854467
2.861736
2.863067
2.872598
2.876128
0
0
0
2.844065
2.855442
2.859182
2.874918
2.869749
0
0
0
0
2.853704
2.859102
2.865551
2.873326
2.879294
0
0
0
0
0
2.84188
2.854726
2.856738
2.870575
2.877397
0
0
0
0
0
1.842532
2.844085
2.85827
2.856864
2.864542
2.876111
0
0
0
0
0
2.489965
1.870313
2.842512
2.847832
2.860557
2.861706
2.871587
0
0
0
0
0
3.196301
2.527634
1.916051
2.847505
2.845467
2.852302
2.861941
2.859088
0
0
0
0
0
3.790735
3.256138
2.581062
1.984544
2.818412
2.827586
2.820594
2.830776
2.834533
0
0
0
0
0
4.33065
3.866144
3.328954
2.647116
2.073041
2.813784
2.806462
2.82871
2.833304
2.834669
0
0
0
0
0
4.799698
4.397963
3.93279
3.393923
2.706694
2.792088
2.812118
2.814816
2.81808
2.830333
0
0
0
0
0
5.192111
4.849811
4.447853
3.982146
3.441963
2.803676
2.801279
2.802837
2.819551
2.825959
0
0
0
0
0
5.525186
5.224197
4.881626
4.479215
4.012744
2.789549
2.803472
2.813733
2.816227
2.823011
0
0
0
0
0
5.807249
5.541114
5.239393
4.89605
4.492652
2.815184
2.81305
2.813991
2.812105
2.813616
2.814896
2.811483
2.823791
2.831661
2.835665
2.817831
2.825622
2.829469
2.836116
2.842023
2.844486
2.851747
2.858625
2.868072
2.868671
0
2.84931
2.856995
2.853945
2.861724
2.873169
0
0
2.850497
2.858162
2.859907
2.869027
2.86721
0
0
0
2.849319
2.86227
2.865997
2.871373
2.875775
0
0
0
0
2.853355
2.850352
2.858211
2.867606
2.878468
0
0
0
0
0
2.844036
2.860853
2.862743
2.87338
2.876606
0
0
0
0
0
1.829337
2.853326
2.848486
2.859239
2.86326
2.874118
0
0
0
0
0
2.466796
1.841815
2.851764
2.850371
2.862892
2.865158
2.867783
0
0
0
0
0
3.154974
2.489823
1.868207
2.849544
2.849919
2.853543
2.868572
2.864829
0
0
0
0
0
3.728997
3.196288
2.526356
1.912672
2.834956
2.854212
2.847697
2.859237
2.865086
0
0
0
0
0
4.255868
3.791109
3.254832
2.578768
1.979985
2.802637
2.824103
2.834815
2.828775
2.833436
0
0
0
0
0
4.734122
4.331383
3.865374
3.326539
2.643938
2.814525
2.820313
2.806102
2.835577
2.835357
0
0
0
0
0
5.144395
4.800697
4.397549
3.930922
3.39033
2.804173
2.805366
2.818442
2.823732
2.819658
0
0
0
0
0
5.495246
5.193329
4.849669
4.446345
3.979117
2.807277
2.808186
2.805644
2.813354
2.822986
0
0
0
0
0
5.793143
5.526582
5.224313
4.880417
4.476565
2.800041
2.799936
2.81085
2.822479
2.819791
0
0
0
0
0
6.045323
5.808804
5.541444
5.238486
4.893729
2.812855
2.821
2.808598
2.814948
2.818668
2.80116
2.815316
2.818297
2.823421
2.809251
2.821543
2.826356
2.838923
2.837841
2.81312
2.82343
2.828214
2.836689
2.837565
0
2.846363
2.853505
2.855212
2.866502
2.870981
0
0
2.846392
2.857222
2.860513
2.861797
2.864284
0
0
0
2.850779
2.858205
2.861212
2.867998
2.872643
0
0
0
0
2.853774
2.857012
2.867899
2.874418
2.874749
0
0
0
0
0
2.851124
2.860339
2.855296
2.865895
2.871326
0
0
0
0
0
1.829409
2.851133
2.851846
2.864392
2.870789
2.876676
0
0
0
0
0
2.455868
1.828614
2.845509
2.861799
2.852543
2.867251
2.865695
0
0
0
0
0
3.129872
2.466641
1.839699
2.851051
2.858752
2.854132
2.871325
2.868338
0
0
0
0
0
3.685305
3.154933
2.48852
1.864799
2.846433
2.857436
2.85305
2.86299
2.871542
0
0
0
0
0
4.193624
3.729322
3.194923
2.523984
1.907995
2.843043
2.841423
2.856786
2.854482
2.861616
0
0
0
0
0
4.659792
4.256509
3.790225
3.252267
2.575376
2.815472
2.8081
2.828028
2.842254
2.831459
0
0
0
0
0
5.080268
4.735095
4.33093
3.863456
3.322873
2.811061
2.826029
2.826237
2.814574
2.838322
0
0
0
0
0
5.448726
5.145617
4.800556
4.396041
3.927885
2.80548
2.808975
2.811857
2.826495
2.826937
0
0
0
0
0
5.764017
5.496651
5.193454
4.848469
4.443703
2.803181
2.81052
2.811058
2.813868
2.817483
0
0
0
0
0
6.031597
5.794703
5.526917
5.223413
4.878103
2.805905
2.804537
2.808722
2.820166
2.825246
0
0
0
0
0
6.258176
6.047025
5.809326
5.540789
5.236515
2.802153
2.814255
2.822739
2.814114
2.812945
2.81849
2.826419
2.801682
2.808358
2.820626
2.825871
2.825991
2.814936
2.812458
2.828558
2.833206
2.841448
0
2.818987
2.820954
2.828625
2.835479
2.839426
0
0
2.844907
2.854586
2.858479
2.863201
2.869346
0
0
0
2.839625
2.853602
2.860734
2.868581
2.864714
0
0
0
0
2.853986
2.860388
2.862618
2.868777
2.871089
0
0
0
0
0
2.845797
2.862923
2.861307
2.876279
2.877836
0
0
0
0
0
1.842686
2.853821
2.858646
2.864388
2.864373
2.868808
0
0
0
0
0
2.455872
1.828685
2.845302
2.859978
2.856787
2.872532
2.873895
0
0
0
0
0
3.118192
2.455706
1.826493
2.8549
2.852836
2.866544
2.861036
2.870341
0
0
0
0
0
3.657946
3.12981
2.465326
1.836284
2.852403
2.859527
2.862776
2.861344
2.874668
0
0
0
0
0
4.149065
3.685608
3.153535
2.486123
1.860095
2.844858
2.851658
2.860866
2.860795
2.866849
0
0
0
0
0
4.597289
4.19421
3.728388
3.192288
2.520502
2.84115
2.851256
2.846976
2.863927
2.856607
0
0
0
0
0
5.006962
4.660665
4.255936
3.788166
3.248416
2.815829
2.824783
2.812323
2.83474
2.844499
0
0
0
0
0
5.385752
5.081464
4.734916
4.329372
3.860359
2.810318
2.81925
2.829954
2.835073
2.81816
0
0
0
0
0
5.718573
5.450138
5.145747
4.799355
4.393401
2.782677
2.808251
2.816768
2.822154
2.829714
0
0
0
0
0
6.003202
5.765589
5.496998
5.192566
4.846166
2.800591
2.805258
2.81451
2.818259
2.816705
0
0
0
0
0
6.244812
6.033306
5.795231
5.526269
5.221453
2.800893
2.806626
2.813725
2.816763
2.823301
0
0
0
0
0
6.449224
6.260011
6.047718
5.80889
5.539101
2.811984
2.808319
2.815769
2.827873
2.806026
2.820057
2.81945
2.826304
2.829566
2.812101
2.810185
2.815306
2.82909
2.828691
0
2.820635
2.818834
2.817913
2.835537
2.835115
0
0
2.818652
2.82184
2.826779
2.83421
2.838006
0
0
0
2.843441
2.853132
2.85858
2.867083
2.866125
0
0
0
0
2.851667
2.847488
2.855545
2.8687
2.871673
0
0
0
0
0
2.847151
2.86216
2.86468
2.87152
2.871671
0
0
0
0
0
1.871187
2.847425
2.853042
2.867456
2.869203
2.879768
0
0
0
0
0
2.466835
1.841967
2.853926
2.861091
2.862444
2.872734
2.868469
0
0
0
0
0
3.118203
2.45571
1.826563
2.848396
2.853574
2.863819
2.865281
2.875997
0
0
0
0
0
3.644842
3.118117
2.454385
1.823076
2.852188
2.861192
2.856413
2.875324
2.86469
0
0
0
0
0
4.121022
3.658239
3.128385
2.46292
1.831578
2.85075
2.860518
2.863829
2.871102
2.863963
0
0
0
0
0
4.55221
4.149625
3.684659
3.150864
2.482618
2.838199
2.852638
2.853114
2.868872
2.863641
0
0
0
0
0
4.944727
4.598102
4.193578
3.726276
3.188358
2.838718
2.848788
2.854358
2.855306
2.866339
0
0
0
0
0
5.313254
5.008055
4.66036
4.254229
3.7849
2.810994
2.824134
2.828061
2.823548
2.836563
0
0
0
0
0
5.656681
5.387141
5.081559
4.733667
4.326672
2.809028
2.817947
2.821627
2.837565
2.838513
0
0
0
0
0
5.958707
5.720153
5.450493
5.144864
4.797051
2.807731
2.801605
2.815205
2.825613
2.82468
0
0
0
0
0
6.217094
6.004923
5.76613
5.496363
5.190619
2.806157
2.800855
2.811029
2.820254
2.821019
0
0
0
0
0
6.436175
6.246652
6.034006
5.794803
5.524588
2.800972
2.803866
2.811962
2.822504
2.819907
0
0
0
0
0
6.621398
6.451178
6.260857
6.047477
5.807445
2.814283
2.818893
2.818765
2.818927
2.828956
2.80098
2.810441
2.821759
2.826178
2.828543
0
2.815253
2.812132
2.819399
2.82376
2.831849
0
0
2.824288
2.826892
2.824767
2.826452
2.837959
0
0
0
2.816794
2.826595
2.827202
2.833352
2.8354
0
0
0
0
2.842873
2.850683
2.856732
2.866656
2.870297
0
0
0
0
0
2.84213
2.859432
2.854441
2.862219
2.871718
0
0
0
0
0
1.919026
2.845391
2.85577
2.86591
2.873258
2.875133
0
0
0
0
0
2.49002
1.870482
2.848383
2.853798
2.85783
2.875891
2.872204
0
0
0
0
0
3.129841
2.466679
1.839848
2.853691
2.861725
2.864927
2.870512
2.876097
0
0
0
0
0
3.644891
3.118127
2.454389
1.823143
2.841219
2.855444
2.859267
2.872426
2.868852
0
0
0
0
0
4.107573
3.64513
3.116672
2.451972
1.818369
2.845834
2.861399
2.864963
2.864626
2.878973
0
0
0
0
0
4.523707
4.121569
3.657288
3.12568
2.459408
2.848402
2.859378
2.864685
2.872411
2.874391
0
0
0
0
0
4.899504
4.552993
4.148976
3.682539
3.146892
2.839724
2.847276
2.856103
2.859781
2.871827
0
0
0
0
0
5.25124
4.945755
4.597732
4.191809
3.722956
2.839205
2.848131
2.853359
2.862325
2.858255
0
0
0
0
0
5.584807
5.314535
5.008018
4.658955
4.251352
2.818394
2.817453
2.826756
2.832942
2.82699
0
0
0
0
0
5.897738
5.658237
5.387463
5.080631
4.731306
2.810732
2.812777
2.824428
2.827377
2.840074
0
0
0
0
0
6.173429
5.960438
5.720705
5.449867
5.142922
2.806319
2.811577
2.814925
2.823543
2.828743
0
0
0
0
0
6.409067
6.218949
6.005639
5.765718
5.494699
2.80484
2.806733
2.809295
2.81876
2.822607
0
0
0
0
0
6.608669
6.438136
6.247507
6.033774
5.793367
2.801755
2.805993
2.80542
2.818207
2.824897
0
0
0
0
0
6.777065
6.62346
6.452163
6.26079
6.046248
2.812887
2.817085
2.822369
2.825118
2.819553
0
2.806777
2.806551
2.816565
2.826948
2.828828
0
0
2.807814
2.820378
2.818744
2.826768
2.827027
0
0
0
2.804059
2.828596
2.833662
2.831865
2.829296
0
0
0
0
2.798833
2.824941
2.830469
2.835048
2.835515
0
0
0
0
0
2.843655
2.850825
2.853978
2.864493
2.86956
0
0
0
0
0
1.990699
2.847477
2.849326
2.863054
2.862998
2.864517
0
0
0
0
0
2.527799
1.918349
2.848628
2.853577
2.861564
2.874249
2.876722
0
0
0
0
0
3.154996
2.489877
1.868374
2.851032
2.85658
2.85763
2.865552
2.879398
0
0
0
0
0
3.657992
3.129779
2.465364
1.836429
2.849532
2.859387
2.865373
2.872829
2.873783
0
0
0
0
0
4.10757
3.645178
3.116682
2.451977
1.818433
2.85071
2.847218
2.858434
2.869111
2.875952
0
0
0
0
0
4.509909
4.108114
3.64418
3.11394
2.448456
2.851713
2.852352
2.866197
2.872828
2.868096
0
0
0
0
0
4.870684
4.524473
4.120914
3.655174
3.121666
2.849407
2.85465
2.86396
2.873294
2.875793
0
0
0
0
0
5.205869
4.900499
4.552599
4.147196
3.679218
2.842274
2.849452
2.850677
2.864234
2.862126
0
0
0
0
0
5.522924
5.252451
4.94565
4.596258
4.188866
2.832876
2.847083
2.851843
2.861984
2.865188
0
0
0
0
0
5.826536
5.586253
5.314723
5.00693
4.656409
2.813001
2.82191
2.820733
2.832771
2.833846
0
0
0
0
0
6.113324
5.899446
5.658755
5.386797
5.078635
2.818919
2.81537
2.822271
2.832789
2.829139
0
0
0
0
0
6.366209
6.175297
5.961166
5.720303
5.448213
2.813358
2.805081
2.822027
2.826677
2.82641
0
0
0
0
0
6.582139
6.411043
6.21982
6.005425
5.764301
2.802383
2.811029
2.808597
2.816058
2.820989
0
0
0
0
0
6.764614
6.610739
6.439131
6.24745
6.032556
2.799549
2.807391
2.80951
2.809998
2.819382
0
0
0
0
0
6.918469
6.779226
6.624572
6.452254
6.259755
2.80575
2.813033
2.819302
2.826273
2.826701
0
0
2.805766
2.818061
2.809361
2.824717
2.828063
0
0
0
2.806435
2.810668
2.825228
2.826174
2.829131
0
0
0
0
2.801806
2.81338
2.832153
2.840854
2.834004
0
0
0
0
0
2.826989
2.811541
2.829634
2.837816
2.837578
0
0
0
0
0
2.08298
2.843846
2.851758
2.854704
2.861594
2.867257
0
0
0
0
0
2.582393
1.990083
2.847171
2.856216
2.852064
2.871284
2.866427
0
0
0
0
0
3.196375
2.527681
1.91627
2.849351
2.856148
2.858713
2.870653
2.877547
0
0
0
0
0
3.685358
3.154953
2.488573
1.864963
2.847159
2.855221
2.864052
2.865248
2.86859
0
0
0
0
0
4.121064
3.658284
3.128356
2.462957
1.831717
2.84989
2.856815
2.861932
2.873643
2.876055
0
0
0
0
0
4.509901
4.108111
3.644226
3.113949
2.448461
2.844934
2.856436
2.852971
2.866413
2.873428
0
0
0
0
0
4.8567
4.510669
4.107455
3.642071
3.109893
2.853781
2.859806
2.857021
2.875315
2.87609
0
0
0
0
0
5.176792
4.871662
4.524069
4.119135
3.651867
2.849034
2.857085
2.857094
2.872886
2.876697
0
0
0
0
0
5.47732
5.207043
4.900366
4.551108
4.144251
2.847354
2.849136
2.85546
2.858421
2.867344
0
0
0
0
0
5.764773
5.524296
5.252563
4.944488
4.59364
2.84209
2.838973
2.851016
2.859199
2.865111
0
0
0
0
0
6.04268
5.828129
5.586636
5.313893
5.004745
2.816452
2.815946
2.826925
2.829461
2.835105
0
0
0
0
0
6.306879
6.115168
5.900143
5.658313
5.385095
2.817293
2.821905
2.826063
2.830447
2.835931
0
0
0
0
0
6.540015
6.368199
6.176183
5.960965
5.718898
2.797403
2.815841
2.810537
2.828679
2.829826
0
0
0
0
0
6.738615
6.584224
6.412055
6.219783
6.004228
2.797103
2.811318
2.815622
2.814315
2.817743
0
0
0
0
0
6.906271
6.766784
6.61186
6.439233
6.246426
2.80334
2.805103
2.813335
2.815354
2.811165
0
0
0
0
0
7.047177
6.920721
6.780454
6.624807
6.451393
2.791596
2.810218
2.816138
2.825395
2.826713
0
0
0
2.805624
2.807327
2.819838
2.815571
2.827556
0
0
0
0
2.801911
2.812905
2.818239
2.831699
2.828703
0
0
0
0
0
2.812225
2.816821
2.822297
2.837739
2.843054
0
0
0
0
0
2.169516
2.809094
2.829142
2.821213
2.837444
2.840472
0
0
0
0
0
2.650343
2.082481
2.839416
2.853016
2.8546
2.862807
2.864335
0
0
0
0
0
3.256168
2.582326
1.988088
2.839287
2.853744
2.859762
2.859431
2.874395
0
0
0
0
0
3.729088
3.196361
2.526403
1.912888
2.850533
2.85703
2.858898
2.868136
2.874425
0
0
0
0
0
4.149083
3.685661
3.153555
2.486174
1.860255
2.85132
2.852389
2.856855
2.873091
2.867952
0
0
0
0
0
4.523658
4.121611
3.657333
3.125653
2.459443
2.850251
2.855562
2.861809
2.868723
2.877039
0
0
0
0
0
4.856706
4.510661
4.107453
3.642114
3.109901
2.84787
2.852182
2.859219
2.861408
2.869555
0
0
0
0
0
5.162648
4.85767
4.510262
4.105675
3.638772
2.855194
2.859234
2.863893
2.865587
2.879012
0
0
0
0
0
5.44798
5.177947
4.871517
4.522572
4.116197
2.850507
2.856945
2.860264
2.864308
2.876434
0
0
0
0
0
5.719025
5.478653
5.207123
4.89918
4.548479
2.83931
2.854448
2.853
2.864836
2.861252
0
0
0
0
0
5.981028
5.766289
5.524599
5.251653
4.942226
2.843765
2.84969
2.841524
2.859203
2.861953
0
0
0
0
0
6.236782
6.044407
5.828684
5.586029
5.311999
2.809075
2.8245
2.822086
2.833404
2.8327
0
0
0
0
0
6.481402
6.308846
6.116024
5.899904
5.656858
2.810589
2.82183
2.824631
2.836565
2.833095
0
0
0
0
0
6.697188
6.542116
6.369227
6.176163
5.959783
2.803179
2.802479
2.82042
2.818245
2.831032
0
0
0
0
0
6.880762
6.740801
6.585365
6.412178
6.218781
2.805146
2.802581
2.814694
2.822215
2.815616
0
0
0
0
0
7.035222
6.908531
6.768021
6.612106
6.438385
2.800564
2.806745
2.810647
2.820507
2.817178
0
0
0
0
0
7.164657
7.04951
6.922053
6.780819
6.624105
2.806534
2.798162
2.815583
2.822169
2.82708
0
0
0
0
2.806842
2.808161
2.815158
2.825567
2.817653
0
0
0
0
0
2.804874
2.810866
2.819666
2.825561
2.834296
0
0
0
0
0
2.23738
2.824994
2.818011
2.825465
2.832683
2.839312
0
0
0
0
0
2.712755
2.169095
2.796687
2.816303
2.830222
2.829952
2.840023
0
0
0
0
0
3.330016
2.650364
2.080667
2.839745
2.848858
2.857297
2.861884
2.865725
0
0
0
0
0
3.79079
3.256204
2.581113
1.984807
2.84936
2.847028
2.856817
2.867865
2.862212
0
0
0
0
0
4.193672
3.729413
3.194993
2.524029
1.908207
2.849823
2.85722
2.86225
2.866538
2.872014
0
0
0
0
0
4.552129
4.149643
3.684711
3.150883
2.482668
2.846915
2.860458
2.856788
2.863294
2.876913
0
0
0
0
0
4.870659
4.524425
4.120954
3.655218
3.121642
2.844692
2.857588
2.858889
2.870351
2.871442
0
0
0
0
0
5.162667
4.857676
4.510254
4.105673
3.638812
2.853339
2.856324
2.859085
2.866926
2.86496
0
0
0
0
0
5.433692
5.163796
4.857522
4.508766
4.10274
2.846465
2.861677
2.862544
2.872605
2.869379
0
0
0
0
0
5.689477
5.449293
5.178014
4.870325
4.519942
2.848169
2.858021
2.861353
2.868046
2.866871
0
0
0
0
0
5.935156
5.7205
5.478921
5.206183
4.8969
2.846728
2.849544
2.857847
2.860404
2.868884
0
0
0
0
0
6.175255
5.982675
5.766761
5.523905
5.249673
2.842314
2.852355
2.854906
2.848479
2.862431
0
0
0
0
0
6.411815
6.238629
6.045119
5.828275
5.584384
2.820701
2.818117
2.825428
2.830789
2.835382
0
0
0
0
0
6.639293
6.483482
6.309847
6.115965
5.898676
2.815292
2.816772
2.826439
2.83041
2.839678
0
0
0
0
0
6.839963
6.699391
6.543274
6.369369
6.175181
2.796795
2.806576
2.804036
2.826583
2.820802
0
0
0
0
0
7.010134
6.883039
6.742058
6.585632
6.411354
2.792912
2.8087
2.806621
2.821807
2.824255
0
0
0
0
0
7.152909
7.037564
6.909874
6.768398
6.611416
2.803476
2.809333
2.814225
2.816823
2.822451
0
0
0
0
0
7.27221
7.167066
7.050938
6.922536
6.780262
2.807071
2.813667
2.808677
2.823327
2.824226
0
0
0
0
0
2.801324
2.808696
2.814047
2.823906
2.827267
0
0
0
0
0
2.282953
2.801949
2.814688
2.819587
2.825836
2.828319
0
0
0
0
0
2.761111
2.237006
2.789187
2.830157
2.825201
2.832636
2.836371
0
0
0
0
0
3.397227
2.712825
2.167402
2.824577
2.806061
2.815256
2.836363
2.833027
0
0
0
0
0
3.865758
3.330136
2.649283
2.077629
2.843919
2.848408
2.852865
2.865472
2.864368
0
0
0
0
0
4.255916
3.791164
3.254896
2.578818
1.980243
2.845676
2.857094
2.852727
2.864594
2.871098
0
0
0
0
0
4.597159
4.194257
3.728477
3.192355
2.520547
2.844771
2.8573
2.859979
2.871381
2.869527
0
0
0
0
0
4.899463
4.552912
4.148993
3.68259
3.146911
2.843742
2.855484
2.865198
2.864273
2.865656
0
0
0
0
0
5.176819
4.871637
4.524021
4.119173
3.651909
2.853041
2.852849
2.860237
2.866706
2.873956
0
0
0
0
0
5.433706
5.163815
4.857527
4.508757
4.102738
2.853347
2.857559
2.86012
2.867854
2.870045
0
0
0
0
0
5.675042
5.434997
5.163858
4.85633
4.50614
2.852477
2.853257
2.865229
2.87
2.876118
0
0
0
0
0
5.905437
5.690931
5.449546
5.177065
4.868045
2.848275
2.856984
2.862501
2.869717
2.870897
0
0
0
0
0
6.129259
5.936759
5.720934
5.478196
5.204179
2.839462
2.855443
2.855449
2.865671
2.863012
0
0
0
0
0
6.350414
6.177019
5.983299
5.766261
5.522166
2.843029
2.849696
2.856435
2.863427
2.851035
0
0
0
0
0
6.570187
6.413771
6.239481
6.044888
5.826849
2.798516
2.825116
2.823516
2.830663
2.833785
0
0
0
0
0
6.782688
6.641475
6.484613
6.309952
6.114939
2.795759
2.819402
2.82728
2.834136
2.832773
0
0
0
0
0
6.96992
6.842258
6.700668
6.543562
6.368566
2.808991
2.79804
2.811594
2.810174
2.828249
0
0
0
0
0
7.12825
7.012496
6.884402
6.742458
6.584968
2.798025
2.802037
2.815261
2.814276
2.824101
0
0
0
0
0
7.260692
7.155328
7.039003
6.91037
6.767855
2.801858
2.805786
2.816222
2.821083
2.818264
0
0
0
0
0
7.370865
7.274689
7.168582
7.05153
6.922111
2.800767
2.812149
2.813774
2.817271
2.826288
0
0
0
0
0
2.305634
2.80955
2.810534
2.813697
2.820141
2.827144
0
0
0
0
0
2.793336
2.282608
2.808247
2.803204
2.817922
2.825805
2.827772
0
0
0
0
0
3.448799
2.761207
2.235386
2.809695
2.801962
2.830807
2.831956
2.834802
0
0
0
0
0
3.933056
3.397379
2.711823
2.164524
2.816589
2.830397
2.81304
2.819752
2.838367
0
0
0
0
0
4.330627
3.866216
3.328947
2.647162
2.073366
2.836318
2.852184
2.851976
2.860791
2.868439
0
0
0
0
0
4.659687
4.256556
3.79028
3.252327
2.575425
2.848064
2.852805
2.861548
2.861164
2.867463
0
0
0
0
0
4.944656
4.597973
4.193624
3.726362
3.18842
2.850926
2.854491
2.861289
2.86746
2.875221
0
0
0
0
0
5.205865
4.900458
4.55252
4.147213
3.679268
2.849937
2.851073
2.860175
2.874126
2.867098
0
0
0
0
0
5.448015
5.177974
4.871492
4.522525
4.116232
2.850987
2.860824
2.858848
2.867821
2.869713
0
0
0
0
0
5.675063
5.435011
5.163876
4.856334
4.50613
2.848223
2.8598
2.860358
2.868192
2.87161
0
0
0
0
0
5.890905
5.676487
5.435244
5.162908
4.854052
2.849876
2.859626
2.857201
2.872652
2.873059
0
0
0
0
0
6.099383
5.907017
5.691348
5.448812
5.175057
2.850318
2.856607
2.86218
2.870733
2.87295
0
0
0
0
0
6.30433
6.130977
5.937343
5.720399
5.476432
2.844769
2.847516
2.859721
2.86457
2.868554
0
0
0
0
0
6.508914
6.352284
6.177781
5.982974
5.764738
2.838869
2.851595
2.853173
2.864731
2.866574
0
0
0
0
0
6.71403
6.572243
6.414751
6.239411
6.043661
2.800947
2.80874
2.827657
2.829307
2.831728
0
0
0
0
0
6.913252
6.784963
6.642724
6.484867
6.309108
2.810572
2.805647
2.824963
2.834623
2.836644
0
0
0
0
0
7.088589
6.972301
6.843642
6.70109
6.542922
2.796953
2.812676
2.80526
2.820595
2.811891
0
0
0
0
0
7.236435
7.130689
7.013957
6.884923
6.741942
2.797626
2.80795
2.809677
2.822687
2.816793
0
0
0
0
0
7.359525
7.263181
7.156856
7.039608
6.909959
2.795724
2.804842
2.812447
2.823303
2.82264
0
0
0
0
0
7.461501
7.373409
7.276287
7.169275
7.051224
2.790842
2.809045
2.814167
2.818299
2.819619
0
0
0
0
0
2.809306
2.305303
2.805442
2.810414
2.816632
2.818509
2.822178
0
0
0
0
0
3.482642
2.793446
2.281029
2.802147
2.809768
2.813074
2.82507
2.827826
0
0
0
0
0
3.984254
3.448958
2.760245
2.232602
2.818814
2.820565
2.815442
2.834946
2.833619
0
0
0
0
0
4.397176
3.933544
3.396235
2.709805
2.160459
2.818764
2.822843
2.834247
2.823831
2.820696
0
0
0
0
0
4.734016
4.331361
3.865444
3.326533
2.643984
2.842951
2.842514
2.856209
2.859903
2.863629
0
0
0
0
0
5.006821
4.660561
4.255982
3.78822
3.248472
2.847197
2.856696
2.857007
2.87023
2.864779
0
0
0
0
0
5.251271
4.945684
4.597605
4.191853
3.723037
2.841359
2.857629
2.862435
2.869308
2.870462
0
0
0
0
0
5.477346
5.20704
4.900324
4.55103
4.144268
2.847742
2.8564
2.855565
2.869129
2.877835
0
0
0
0
0
5.689522
5.449328
5.17804
4.8703
4.519896
2.849597
2.856587
2.86488
2.868224
2.870701
0
0
0
0
0
5.890899
5.676508
5.435257
5.162925
4.854055
2.848496
2.855339
2.862483
2.867296
2.871413
0
0
0
0
0
6.084751
5.892475
5.676899
5.434506
5.160902
2.851595
2.857403
2.863509
2.864568
2.87574
0
0
0
0
0
6.274317
6.101078
5.907583
5.690802
5.447042
2.850376
2.859381
2.861483
2.870711
2.873921
0
0
0
0
0
6.462771
6.306153
6.131697
5.936979
5.718846
2.846075
2.853559
2.854084
2.868115
2.868315
0
0
0
0
0
6.652859
6.510882
6.353171
6.177613
5.981646
2.840377
2.846989
2.855813
2.860913
2.867675
0
0
0
0
0
6.844978
6.716176
6.573339
6.414827
6.238363
2.811709
2.808353
2.816398
2.833194
2.830459
0
0
0
0
0
7.03247
6.915611
6.78632
6.643113
6.484188
2.812021
2.816713
2.816376
2.833729
2.836726
0
0
0
0
0
7.197261
7.091047
6.973784
6.844185
6.700599
2.793559
2.79817
2.81389
2.815045
2.823859
0
0
0
0
0
7.335624
7.238944
7.132239
7.014589
6.884539
2.801647
2.80697
2.813841
2.815774
2.824779
0
0
0
0
0
7.450351
7.362079
7.26479
7.157562
7.039317
2.798258
2.805178
2.810835
2.820927
2.825155
0
0
0
0
0
7.544805
7.464104
7.375081
7.277072
7.16908
2.773424
2.805083
2.813813
2.818725
2.81922
0
0
0
0
0
3.499335
2.809424
2.303744
2.810228
2.816608
2.81375
2.823465
2.819439
0
0
0
0
0
4.017895
3.482807
2.792506
2.278298
2.800571
2.814859
2.812239
2.822612
2.827495
0
0
0
0
0
4.447487
3.984746
3.447824
2.758281
2.228651
2.816981
2.823568
2.829968
2.828396
2.835595
0
0
0
0
0
4.799541
4.397938
3.932813
3.393881
2.706754
2.798441
2.826636
2.824685
2.840804
2.828582
0
0
0
0
0
5.080078
4.734988
4.330909
3.863524
3.322867
2.843078
2.849302
2.846338
2.864557
2.862702
0
0
0
0
0
5.313257
5.007914
4.660256
4.254273
3.784953
2.845597
2.854805
2.861567
2.865915
2.873676
0
0
0
0
0
5.522933
5.252481
4.945579
4.596135
4.188908
2.849587
2.848127
2.861383
2.87191
2.872385
0
0
0
0
0
5.719044
5.47868
5.20712
4.899139
4.548403
2.852745
2.854023
2.859655
2.863156
2.872728
0
0
0
0
0
5.905442
5.690976
5.44958
5.17709
4.86802
2.850975
2.857228
2.859484
2.873161
2.872142
0
0
0
0
0
6.084769
5.89247
5.676918
5.434519
5.160917
2.850574
2.857929
2.859038
2.869051
2.870134
0
0
0
0
0
6.259581
6.086435
5.893033
5.676349
5.432736
2.849535
2.857864
2.861288
2.872079
2.867444
0
0
0
0
0
6.432648
6.276116
6.101777
5.907204
5.68924
2.837623
2.858525
2.863874
2.870447
2.87414
0
0
0
0
0
6.606626
6.46469
6.306995
6.131488
5.935616
2.845523
2.853542
2.858368
2.862703
2.871299
0
0
0
0
0
6.783944
6.654914
6.511882
6.353144
6.17646
2.842524
2.849254
2.85064
2.864013
2.863596
0
0
0
0
0
6.964597
6.847208
6.717378
6.573547
6.413941
2.813775
2.822207
2.813562
2.823868
2.833819
0
0
0
0
0
7.141639
7.034908
6.917067
6.786832
6.642583
2.810016
2.820461
2.824024
2.82544
2.836902
0
0
0
0
0
7.296907
7.199791
7.092621
6.97444
6.843828
2.79705
2.808179
2.802393
2.819473
2.81863
0
0
0
0
0
7.426758
7.338198
7.240576
7.132972
7.014329
2.799424
2.802637
2.813745
2.821102
2.816961
0
0
0
0
0
7.533818
7.452964
7.363763
7.265589
7.157384
2.794364
2.803544
2.808679
2.818803
2.823795
0
0
0
0
0
7.621596
7.547464
7.465845
7.37595
7.27698
2.784327
2.789637
2.809983
2.819504
2.819876
0
0
0
0
0
4.034501
3.499504
2.808496
2.301037
2.799253
2.815283
2.820724
2.817353
2.825954
0
0
0
0
0
4.480392
4.018388
3.481683
2.790571
2.274408
2.799913
2.809411
2.821035
2.818055
2.826066
0
0
0
0
0
4.848639
4.448249
3.984021
3.445482
2.755296
2.80739
2.822763
2.827431
2.838198
2.833679
0
0
0
0
0
5.144208
4.800541
4.397524
3.930946
3.39029
2.800138
2.816008
2.83009
2.832135
2.843099
0
0
0
0
0
5.38573
5.081274
4.73481
4.329352
3.860425
2.841471
2.850707
2.851838
2.853578
2.867616
0
0
0
0
0
5.584848
5.314538
5.007879
4.658852
4.251392
2.844929
2.853289
2.858257
2.87018
2.869363
0
0
0
0
0
5.764805
5.524305
5.252592
4.944417
4.593521
2.849671
2.856354
2.852801
2.869256
2.875823
0
0
0
0
0
5.935184
5.72052
5.478947
5.206181
4.896859
2.846194
2.859729
2.856991
2.867707
2.866165
0
0
0
0
0
6.099414
5.907023
5.691392
5.448844
5.17508
2.836411
2.859717
2.860907
2.866745
2.876744
0
0
0
0
0
6.259592
6.086453
5.893027
5.676367
5.432749
2.847639
2.859704
2.861743
2.867625
2.871737
0
0
0
0
0
6.417814
6.261368
6.087127
5.892649
5.674787
2.850942
2.857666
2.861254
2.869836
2.875496
0
0
0
0
0
6.576367
6.434541
6.276936
6.101552
5.90583
2.851237
2.842637
2.862361
2.872625
2.874003
0
0
0
0
0
6.737651
6.608632
6.465643
6.306926
6.130298
2.846413
2.854683
2.858105
2.867458
2.866061
0
0
0
0
0
6.903684
6.786082
6.656018
6.511986
6.352149
2.841608
2.850477
2.854314
2.858301
2.866875
0
0
0
0
0
7.074126
6.966904
6.848508
6.717706
6.572808
2.808614
2.819411
2.824932
2.822198
2.82689
0
0
0
0
0
7.24177
7.144149
7.036456
6.917691
6.786438
2.808878
2.820798
2.825443
2.832701
2.828808
0
0
0
0
0
7.388489
7.299504
7.201447
7.09338
6.974208
2.804036
2.808668
2.818383
2.813382
2.821247
0
0
0
0
0
7.510559
7.429393
7.339906
7.241401
7.132825
2.794271
2.806189
2.809984
2.82122
2.823383
0
0
0
0
0
7.610745
7.536487
7.454717
7.364647
7.265512
2.787165
2.803961
2.807345
2.815805
2.82155
0
0
0
0
0
7.692402
7.624306
7.54927
7.466793
7.37595
2.792907
2.801099
2.803979
2.816957
2.821
0
0
0
0
0
4.496487
4.034992
3.498384
2.806576
2.297176
2.805978
2.81931
2.818523
2.827697
2.817648
0
0
0
0
0
4.880616
4.481151
4.017662
3.479355
2.787622
2.793539
2.808147
2.816041
2.828979
2.820494
0
0
0
0
0
5.191896
4.849638
4.447835
3.982161
3.441904
2.811247
2.820024
2.829407
2.834289
2.84027
0
0
0
0
0
5.448685
5.145431
4.800401
4.396017
3.92791
2.808677
2.810375
2.815826
2.837574
2.834684
0
0
0
0
0
5.656704
5.387118
5.081371
4.73356
4.326654
2.838919
2.849034
2.854141
2.859129
2.855826
0
0
0
0
0
5.826599
5.586294
5.314725
5.006793
4.656307
2.847069
2.852735
2.857409
2.866537
2.873485
0
0
0
0
0
5.981076
5.766321
5.524608
5.25168
4.942155
2.848767
2.858047
2.859259
2.860503
2.87245
0
0
0
0
0
6.129292
5.936787
5.720954
5.478222
5.204176
2.851686
2.853116
2.863888
2.864809
2.870873
0
0
0
0
0
6.274312
6.101108
5.907588
5.690843
5.447073
2.85215
2.843563
2.8646
2.869244
2.869551
0
0
0
0
0
6.41781
6.26138
6.087143
5.892644
5.674805
2.848345
2.856487
2.86496
2.869892
2.871127
0
0
0
0
0
6.561495
6.419695
6.26218
6.086895
5.891272
2.841956
2.858512
2.861694
2.869142
2.873226
0
0
0
0
0
6.707309
6.578347
6.435471
6.276848
6.100348
2.839403
2.85818
2.847162
2.870627
2.876087
0
0
0
0
0
6.85737
6.739737
6.609687
6.4657
6.30589
2.843278
2.854468
2.85992
2.86667
2.870971
0
0
0
0
0
7.013318
6.905895
6.787281
6.65624
6.511135
2.838601
2.849249
2.854159
2.863177
2.860883
0
0
0
0
0
7.174588
7.076503
6.968293
6.848948
6.7171
2.806205
2.811989
2.822751
2.832174
2.824672
0
0
0
0
0
7.333769
7.244347
7.145781
7.037183
6.91742
2.815419
2.816402
2.821473
2.832982
2.835885
0
0
0
0
0
7.472702
7.391146
7.301237
7.2023
7.093261
2.804247
2.813821
2.818369
2.826517
2.816805
0
0
0
0
0
7.587779
7.513251
7.431172
7.340817
7.241355
2.790128
2.808996
2.810573
2.818231
2.823873
0
0
0
0
0
7.681702
7.613466
7.538306
7.455678
7.364664
2.796044
2.79442
2.814216
2.814311
2.817569
0
0
0
0
0
7.757668
7.69516
7.626171
7.550291
7.46688
2.811537
2.801331
2.806084
2.81756
2.819371
0
0
0
0
0
4.896268
4.497245
4.034264
3.496061
2.803644
2.805976
2.813334
2.822123
2.824518
2.829748
0
0
0
0
0
5.222747
4.88161
4.480731
4.015801
3.475795
2.818535
2.808861
2.813784
2.822312
2.831657
0
0
0
0
0
5.495175
5.193114
4.849497
4.446327
3.979134
2.807307
2.824507
2.827989
2.836679
2.836388
0
0
0
0
0
5.718622
5.450097
5.145562
4.799201
4.393378
2.796895
2.818145
2.820461
2.820613
2.839888
0
0
0
0
0
5.897813
5.65826
5.387441
5.080446
4.731199
2.83544
2.846543
2.853715
2.862056
2.861582
0
0
0
0
0
6.042732
5.828192
5.586675
5.313894
5.004612
2.84742
2.854246
2.856651
2.865691
2.869685
0
0
0
0
0
6.175271
5.982722
5.766792
5.523915
5.249697
2.846272
2.856662
2.862618
2.866612
2.863452
0
0
0
0
0
6.304393
6.131011
5.93737
5.720419
5.476457
2.8438
2.856556
2.857364
2.872526
2.868012
0
0
0
0
0
6.432612
6.276111
6.101807
5.90721
5.68928
2.850896
2.860741
2.850623
2.873182
2.872602
0
0
0
0
0
6.561512
6.419691
6.262191
6.086911
5.891268
2.846804
2.856292
2.862775
2.873786
2.87307
0
0
0
0
0
6.692365
6.563463
6.420617
6.262086
6.085687
2.849903
2.847806
2.862418
2.870057
2.872229
0
0
0
0
0
6.826926
6.709368
6.579379
6.435507
6.275796
2.846856
2.845948
2.862256
2.855114
2.873852
0
0
0
0
0
6.966948
6.859529
6.740887
6.609861
6.464804
2.84693
2.851079
2.858834
2.868869
2.869925
0
0
0
0
0
7.113878
7.015598
6.907182
6.78761
6.65552
2.842551
2.84713
2.853365
2.862259
2.866407
0
0
0
0
0
7.266903
7.177029
7.077974
6.968834
6.848467
2.810211
2.812839
2.814055
2.828966
2.834282
0
0
0
0
0
7.418405
7.336408
7.246056
7.146604
7.037029
2.818087
2.820468
2.8187
2.826737
2.835074
0
0
0
0
0
7.5503
7.475417
7.392951
7.302178
7.202285
2.80084
2.808786
2.820723
2.826956
2.828863
0
0
0
0
0
7.659002
7.590523
7.515095
7.432163
7.340865
2.79725
2.803427
2.814297
2.817144
2.820473
0
0
0
0
0
7.747117
7.684472
7.615345
7.539342
7.455782
2.794771
2.803128
2.805104
2.820896
2.816795
0
0
0
0
0
7.817836
7.760472
7.697081
7.627259
7.55046
2.808966
2.812873
2.812634
2.814594
2.821413
0
0
0
0
0
5.237817
4.897259
4.496824
4.0324
3.492507
2.811221
2.808962
2.817553
2.828194
2.826538
0
0
0
0
0
5.525108
5.223958
4.881462
4.479214
4.012772
2.811537
2.817571
2.812154
2.821569
2.824185
0
0
0
0
0
5.764056
5.49658
5.19324
4.848298
4.443686
2.803055
2.818152
2.830486
2.836106
2.838684
0
0
0
0
0
5.958786
5.720202
5.450451
5.144679
4.796899
2.812371
2.808086
2.821766
2.830084
2.821404
0
0
0
0
0
6.113404
5.899521
5.658779
5.386774
5.078454
2.843263
2.842699
2.850091
2.862293
2.864877
0
0
0
0
0
6.236806
6.044459
5.828747
5.586067
5.312
2.841558
2.854701
2.858031
2.864954
2.868779
0
0
0
0
0
6.350461
6.177035
5.983346
5.766292
5.522177
2.842601
2.854567
2.8608
2.871644
2.8694
0
0
0
0
0
6.462755
6.306215
6.13173
5.937006
5.718866
2.847958
2.850756
2.861601
2.865834
2.876055
0
0
0
0
0
6.576387
6.434505
6.276932
6.101581
5.905837
2.847011
2.857841
2.865623
2.860744
2.876794
0
0
0
0
0
6.692373
6.563479
6.420612
6.262097
6.085703
2.844209
2.85438
2.86054
2.872269
2.877465
0
0
0
0
0
6.811936
6.694411
6.564484
6.420647
6.261031
2.849534
2.85771
2.85252
2.870992
2.87343
0
0
0
0
0
6.936425
6.829057
6.710492
6.579532
6.434593
2.844412
2.855507
2.852886
2.870328
2.858642
0
0
0
0
0
7.067464
6.969175
6.860763
6.741167
6.609095
2.836466
2.854767
2.857992
2.867628
2.87226
0
0
0
0
0
7.206275
7.116222
7.016964
6.90761
6.78701
2.841917
2.850293
2.851368
2.861474
2.865162
0
0
0
0
0
7.351815
7.269404
7.178577
7.078609
6.968466
2.808952
2.818343
2.817951
2.822649
2.830286
0
0
0
0
0
7.496407
7.421101
7.338189
7.246966
7.146554
2.817267
2.82437
2.824387
2.826151
2.828393
0
0
0
0
0
7.621879
7.553068
7.477288
7.393972
7.30226
2.802153
2.812824
2.814591
2.827095
2.829191
0
0
0
0
0
7.724677
7.661794
7.592429
7.516161
7.432301
2.793987
2.806897
2.814284
2.820119
2.818848
0
0
0
0
0
7.807404
7.749932
7.686407
7.61645
7.539528
2.789933
2.802059
2.805646
2.815125
2.822396
0
0
0
0
0
7.87384
7.82068
7.762446
7.698233
7.627503
2.806442
2.809566
2.815214
2.82039
2.81803
0
0
0
0
0
5.539647
5.239024
4.897107
4.495306
4.029366
2.805879
2.809293
2.812192
2.822597
2.829619
0
0
0
0
0
5.793179
5.526505
5.224076
4.880253
4.476563
2.812285
2.812631
2.819107
2.817646
2.824165
0
0
0
0
0
6.003275
5.765628
5.496928
5.192353
4.845998
2.814067
2.814731
2.827687
2.840217
2.838994
0
0
0
0
0
6.173513
5.960517
5.720753
5.449825
5.142739
2.81108
2.821746
2.817234
2.82761
2.83383
0
0
0
0
0
6.306901
6.115248
5.900217
5.658336
5.385072
2.840155
2.851655
2.846482
2.857858
2.865517
0
0
0
0
0
6.411869
6.238653
6.04517
5.828337
5.584421
2.84296
2.84974
2.85904
2.866112
2.868036
0
0
0
0
0
6.508958
6.352331
6.177797
5.983019
5.76477
2.845998
2.849996
2.859071
2.868826
2.875218
0
0
0
0
0
6.606644
6.464674
6.307056
6.13152
5.935643
2.841746
2.853854
2.856151
2.870613
2.869317
0
0
0
0
0
6.707352
6.578366
6.435436
6.276845
6.100375
2.84888
2.854179
2.86285
2.873977
2.86583
0
0
0
0
0
6.811945
6.694419
6.5645
6.420643
6.261041
2.843693
2.853615
2.859709
2.868864
2.876286
0
0
0
0
0
6.921378
6.814054
6.695525
6.564629
6.41973
2.853075
2.858166
2.862179
2.860976
2.874417
0
0
0
0
0
7.036884
6.938623
6.830266
6.71075
6.578748
2.852685
2.852177
2.859675
2.861944
2.873617
0
0
0
0
0
7.159821
7.069753
6.970488
6.861139
6.74052
2.846706
2.844151
2.858795
2.866861
2.871002
0
0
0
0
0
7.291278
7.208678
7.117663
7.017484
6.907121
2.840675
2.849931
2.854569
2.859964
2.864367
0
0
0
0
0
7.430082
7.354373
7.271022
7.179298
7.078345
2.801322
2.817224
2.822318
2.824479
2.826039
0
0
0
0
0
7.568327
7.499157
7.422949
7.339181
7.247014
2.813411
2.822157
2.828058
2.831391
2.828857
0
0
0
0
0
7.687884
7.624696
7.555002
7.478384
7.394143
2.799128
2.806443
2.819696
2.822458
2.829099
0
0
0
0
0
7.785236
7.727515
7.663756
7.593563
7.516381
2.79712
2.799468
2.813572
2.821932
2.820936
0
0
0
0
0
7.863541
7.810261
7.75192
7.687575
7.616713
2.796261
2.793625
2.805977
2.810476
2.818825
0
0
0
0
0
7.925856
7.876725
7.822704
7.763658
7.698548
2.805538
2.809224
2.812884
2.819858
2.823205
0
0
0
0
0
5.8073
5.541039
5.239136
4.895892
4.492654
2.797153
2.805738
2.809592
2.818393
2.823505
0
0
0
0
0
6.031671
5.79474
5.52684
5.223178
4.87794
2.79559
2.816016
2.813972
2.825744
2.817928
0
0
0
0
0
6.217158
6.004996
5.766169
5.496294
5.190408
2.814869
2.822447
2.824741
2.83321
2.843029
0
0
0
0
0
6.366237
6.17538
5.961244
5.72035
5.448171
2.811584
2.826371
2.829302
2.827039
2.829323
0
0
0
0
0
6.481439
6.308869
6.116103
5.899977
5.656883
2.839128
2.848875
2.85645
2.854664
2.860605
0
0
0
0
0
6.570246
6.413825
6.239505
6.044938
5.82691
2.84052
2.851448
2.854666
2.867587
2.869245
0
0
0
0
0
6.652862
6.510925
6.353217
6.177629
5.98169
2.85105
2.854224
2.855337
2.86747
2.871962
0
0
0
0
0
6.73771
6.608649
6.465629
6.306984
6.130328
2.846224
2.849238
2.858235
2.865971
2.874652
0
0
0
0
0
6.826919
6.70941
6.579398
6.435475
6.275795
2.840923
2.856876
2.858993
2.871866
2.877462
0
0
0
0
0
6.92137
6.814063
6.695533
6.564644
6.419726
2.84744
2.852247
2.861166
2.869459
2.872194
0
0
0
0
0
7.021786
6.923563
6.815252
6.695774
6.563839
2.853529
2.86008
2.861989
2.871249
2.86464
0
0
0
0
0
7.129145
7.039144
6.93991
6.83062
6.710082
2.849375
2.859973
2.855174
2.868513
2.865758
0
0
0
0
0
7.244782
7.162168
7.07114
6.970954
6.860598
2.843974
2.852907
2.850328
2.866664
2.87055
0
0
0
0
0
7.369618
7.293736
7.210188
7.118268
7.017096
2.841109
2.84842
2.853835
2.862787
2.863137
0
0
0
0
0
7.50225
7.432692
7.356057
7.271823
7.179129
2.811297
2.809589
2.823319
2.828659
2.826336
0
0
0
0
0
7.634691
7.571125
7.501066
7.424017
7.33932
2.810423
2.817171
2.824343
2.834162
2.833203
0
0
0
0
0
7.748795
7.690748
7.626687
7.556169
7.478639
2.794488
2.802677
2.805274
2.826751
2.825099
0
0
0
0
0
7.841576
7.788117
7.72953
7.664956
7.59386
2.780007
2.798899
2.801202
2.819945
2.823902
0
0
0
0
0
7.915661
7.866437
7.812299
7.753148
7.687908
2.792911
2.799509
2.799128
2.811888
2.811803
0
0
0
0
0
7.974179
7.928776
7.878793
7.823972
7.76404
2.808888
2.80415
2.813675
2.819492
2.821079
0
0
0
0
0
6.045384
5.808855
5.541369
5.238231
4.893572
2.789322
2.80451
2.807659
2.815724
2.820388
0
0
0
0
0
6.244864
6.033379
5.795268
5.526192
5.22122
2.792899
2.806962
2.819979
2.82034
2.827817
0
0
0
0
0
6.409086
6.219013
6.005712
5.765757
5.494631
2.820657
2.823839
2.828525
2.833519
2.834856
0
0
0
0
0
6.540026
6.368226
6.176265
5.961042
5.718944
2.804456
2.81648
2.826139
2.836602
2.830421
0
0
0
0
0
6.639393
6.483519
6.309869
6.116043
5.898747
2.842064
2.848308
2.853308
2.865159
2.857488
0
0
0
0
0
6.714024
6.572302
6.414804
6.239435
6.043711
2.846218
2.84762
2.857042
2.862759
2.870873
0
0
0
0
0
6.783967
6.654918
6.511925
6.35319
6.176476
2.851422
2.858812
2.86068
2.863374
2.870569
0
0
0
0
0
6.857379
6.739795
6.609704
6.465687
6.305944
2.853098
2.85187
2.85523
2.8665
2.870224
0
0
0
0
0
6.936405
6.829051
6.710533
6.57955
6.434564
2.841332
2.848259
2.862397
2.867856
2.875652
0
0
0
0
0
7.021746
6.923555
6.815261
6.695782
6.563853
2.854525
2.855514
2.857122
2.871103
2.873582
0
0
0
0
0
7.113982
7.024032
6.924838
6.815596
6.6951
2.847829
2.861312
2.863989
2.869838
2.874977
0
0
0
0
0
7.214046
7.131462
7.040503
6.940353
6.830059
2.839333
2.857894
2.863842
2.862386
2.871901
0
0
0
0
0
7.323087
7.247183
7.163622
7.07169
6.970513
2.845762
2.852462
2.855313
2.859513
2.869506
0
0
0
0
0
7.441866
7.372127
7.29531
7.210871
7.117973
2.83985
2.849171
2.852021
2.862039
2.865673
0
0
0
0
0
7.56887
7.504909
7.434437
7.356933
7.271743
2.794906
2.816987
2.817867
2.83009
2.830034
0
0
0
0
0
7.695939
7.637537
7.573094
7.502205
7.424239
2.804649
2.816645
2.820232
2.829966
2.836205
0
0
0
0
0
7.805427
7.751701
7.692794
7.62792
7.556502
2.790549
2.800995
2.806818
2.809374
2.828362
0
0
0
0
0
7.893902
7.844496
7.790182
7.73079
7.665325
2.771169
2.788808
2.801572
2.806915
2.821858
0
0
0
0
0
7.964092
7.918593
7.86852
7.813585
7.753548
2.792499
2.796427
2.808577
2.806386
2.813743
0
0
0
0
0
8.019024
7.977133
7.930887
7.880113
7.824417
2.790276
2.808275
2.806308
2.820388
2.821794
0
0
0
0
0
6.25823
6.047087
5.809377
5.540715
5.236263
2.802784
2.795621
2.81133
2.814085
2.818199
0
0
0
0
0
6.436199
6.246705
6.03408
5.794839
5.524513
2.805563
2.803168
2.8165
2.827479
2.822217
0
0
0
0
0
6.582144
6.411061
6.219884
6.005497
5.76434
2.820128
2.824496
2.82822
2.835286
2.837193
0
0
0
0
0
6.697283
6.542127
6.369255
6.176243
5.959859
2.809737
2.814699
2.820416
2.832834
2.83937
0
0
0
0
0
6.782722
6.641574
6.484649
6.309975
6.115014
2.840411
2.850919
2.852429
2.86114
2.868394
0
0
0
0
0
6.845
6.716171
6.573398
6.414878
6.238387
2.846442
2.854022
2.852743
2.866262
2.865657
0
0
0
0
0
6.903716
6.786104
6.656022
6.512027
6.352194
2.84806
2.855839
2.863237
2.870008
2.866398
0
0
0
0
0
6.966941
6.859538
6.740943
6.609878
6.464794
2.845743
2.859586
2.855779
2.864205
2.869543
0
0
0
0
0
7.036845
6.938603
6.83026
6.710789
6.578765
2.851695
2.848759
2.854295
2.872211
2.871435
0
0
0
0
0
7.113996
7.023994
6.924831
6.815604
6.695108
2.844272
2.861039
2.859215
2.866306
2.875546
0
0
0
0
0
7.198865
7.116286
7.025379
6.925271
6.815027
2.849051
2.85445
2.866773
2.871853
2.872941
0
0
0
0
0
7.292272
7.216417
7.132889
7.041028
6.93989
2.848817
2.847094
2.862044
2.871772
2.864973
0
0
0
0
0
7.395306
7.325539
7.248701
7.164249
7.071342
2.840726
2.8537
2.857256
2.862584
2.86331
0
0
0
0
0
7.508557
7.444422
7.37376
7.296066
7.210663
2.830567
2.84767
2.853163
2.860016
2.864937
0
0
0
0
0
7.630369
7.571575
7.506711
7.435383
7.356938
2.789904
2.806428
2.822454
2.826806
2.832356
0
0
0
0
0
7.752848
7.698828
7.639561
7.574299
7.502505
2.807435
2.812698
2.817524
2.825689
2.831894
0
0
0
0
0
7.858015
7.808374
7.753798
7.694089
7.628326
2.797096
2.802655
2.803285
2.815056
2.810331
0
0
0
0
0
7.942525
7.896859
7.846608
7.7915
7.731226
2.799514
2.79105
2.794295
2.807862
2.808861
0
0
0
0
0
8.009027
7.967058
7.920719
7.869857
7.81405
2.793611
2.795475
2.80508
2.81739
2.808522
0
0
0
0
0
8.060694
8.022008
7.979282
7.932254
7.880616
2.806432
2.802187
2.811094
2.812004
2.822711
0
0
0
0
0
6.449236
6.260064
6.04778
5.80894
5.539028
2.811012
2.802955
2.803405
2.81767
2.816687
0
0
0
0
0
6.608687
6.43816
6.24756
6.033847
5.793403
2.810903
2.816688
2.813256
2.823383
2.830291
0
0
0
0
0
6.73873
6.58423
6.412074
6.219846
6.0043
2.81572
2.826666
2.828362
2.833317
2.837564
0
0
0
0
0
6.839994
6.699486
6.543286
6.369396
6.175259
2.805657
2.824828
2.822672
2.82793
2.834901
0
0
0
0
0
6.913256
6.784996
6.642823
6.484903
6.30913
2.843091
2.848452
2.854885
2.860598
2.863871
0
0
0
0
0
6.964657
6.84723
6.717373
6.573605
6.41399
2.848456
2.855141
2.859046
2.862181
2.869877
0
0
0
0
0
7.013303
6.905928
6.787303
6.656244
6.511175
2.850271
2.857077
2.859451
2.870937
2.873766
0
0
0
0
0
7.067431
6.969168
6.860772
6.741221
6.609111
2.84998
2.85373
2.864298
2.86299
2.868097
0
0
0
0
0
7.129161
7.039105
6.939891
6.830615
6.71012
2.842599
2.85961
2.852477
2.862063
2.876318
0
0
0
0
0
7.198868
7.116299
7.025342
6.925264
6.815035
2.845744
2.852006
2.865531
2.867839
2.870268
0
0
0
0
0
7.277047
7.201222
7.117701
7.025893
6.9248
2.848539
2.856274
2.857282
2.875352
2.875015
0
0
0
0
0
7.364423
7.294693
7.217906
7.13349
7.040656
2.850334
2.854223
2.851957
2.870609
2.874872
0
0
0
0
0
7.461964
7.397804
7.327114
7.249401
7.163987
2.845211
2.847176
2.857057
2.865147
2.865177
0
0
0
0
0
7.570124
7.511157
7.446111
7.374585
7.295941
2.840256
2.83865
2.850899
2.861482
2.862805
0
0
0
0
0
7.687478
7.633116
7.573431
7.507723
7.435465
2.804588
2.796468
2.815862
2.829227
2.829804
0
0
0
0
0
7.805703
7.755778
7.700902
7.640828
7.574675
2.803436
2.812371
2.817658
2.821925
2.827022
0
0
0
0
0
7.906868
7.860999
7.810516
7.75515
7.694564
2.803293
2.808998
2.8049
2.810419
2.817888
0
0
0
0
0
7.987654
7.945516
7.899014
7.847978
7.792001
2.793101
2.796803
2.80333
2.802747
2.80994
0
0
0
0
0
8.050803
8.012025
7.969222
7.922103
7.870378
2.79468
2.801668
2.812384
2.820321
0
0
0
0
0
8.09945
8.063709
8.024194
7.980694
7.932809
2.807843
2.812894
2.811316
2.818172
2.813835
0
0
0
0
0
6.621412
6.45119
6.260911
6.047539
5.807494
2.8081
2.816314
2.80574
2.811746
2.819978
0
0
0
0
0
6.764749
6.610757
6.439154
6.247503
6.032628
2.804871
2.816169
2.822458
2.824122
2.825767
0
0
0
0
0
6.880789
6.740916
6.58537
6.412197
6.218843
2.81415
2.819766
2.831827
2.834997
2.834973
0
0
0
0
0
6.969943
6.842289
6.700763
6.543574
6.368593
2.815711
2.814015
2.82928
2.830963
2.830479
0
0
0
0
0
7.032528
6.915616
6.786353
6.64321
6.484223
2.840923
2.851346
2.852947
2.863
2.86353
0
0
0
0
0
7.074112
6.966962
6.84853
6.717702
6.572865
2.846714
2.855936
2.858616
2.867826
2.866035
0
0
0
0
0
7.113852
7.015583
6.907214
6.787632
6.655524
2.848152
2.855811
2.863055
2.867441
2.874064
0
0
0
0
0
7.159825
7.069721
6.970481
6.861149
6.740571
2.847086
2.856527
2.858248
2.873131
2.865661
0
0
0
0
0
7.214062
7.131478
7.040464
6.940335
6.830055
2.846272
2.849378
2.863497
2.860695
2.865302
0
0
0
0
0
7.277031
7.201225
7.117714
7.025858
6.924793
2.85011
2.854935
2.857756
2.873942
2.871271
0
0
0
0
0
7.349139
7.279454
7.202699
7.118293
7.025512
2.844146
2.854802
2.861033
2.864907
2.878972
0
0
0
0
0
7.431045
7.36689
7.29624
7.218579
7.133205
2.841115
2.857344
2.857437
2.860237
2.87392
0
0
0
0
0
7.52351
7.464506
7.399435
7.327881
7.249219
2.845203
2.853594
2.849502
2.865281
2.868127
0
0
0
0
0
7.627282
7.572766
7.512899
7.447
7.374535
2.839455
2.847579
2.843326
2.858681
2.864433
0
0
0
0
0
7.740509
7.690264
7.635022
7.574505
7.507879
2.808935
2.810263
2.802896
2.823666
2.830944
0
0
0
0
0
7.854806
7.808671
7.7579
7.702229
7.641274
2.805534
2.806267
2.813507
2.824461
2.822388
0
0
0
0
0
7.952242
7.909887
7.863186
7.811921
7.75569
2.809578
2.804833
2.813746
2.811791
2.813054
0
0
0
0
0
8.029592
7.990677
7.947709
7.900433
7.848538
2.792295
2.800297
2.812954
2.806195
0
0
0
0
0
8.089644
8.05383
8.014226
7.970651
7.922678
2.800729
2.80877
2.814336
0
0
0
0
0
8.135463
8.102492
8.065929
8.025647
7.981298
2.816433
2.815658
2.816862
2.818718
2.821015
0
0
0
0
0
6.777193
6.623475
6.452175
6.260845
6.04631
2.809242
2.811516
2.818857
2.814043
2.815654
0
0
0
0
0
6.906321
6.766918
6.611878
6.439255
6.24648
2.810242
2.812726
2.820309
2.828897
2.828603
0
0
0
0
0
7.010178
6.883066
6.742173
6.585639
6.411373
2.810827
2.815954
2.826048
2.838962
2.837034
0
0
0
0
0
7.088657
6.972323
6.843673
6.701185
6.542935
2.81083
2.824952
2.82224
2.834655
2.833566
0
0
0
0
0
7.14163
7.034966
6.917073
6.786864
6.642677
2.841874
2.848
2.854483
2.861164
2.86588
0
0
0
0
0
7.174564
7.076488
6.968351
6.848969
6.717098
2.843992
2.853585
2.859897
2.866377
2.871191
0
0
0
0
0
7.206266
7.116196
7.01695
6.907642
6.787032
2.848085
2.853938
2.858487
2.871964
2.8705
0
0
0
0
0
7.244801
7.162172
7.071108
6.970948
6.860609
2.839834
2.854007
2.86028
2.865672
2.876692
0
0
0
0
0
7.292276
7.216433
7.132904
7.04099
6.939873
2.843978
2.852594
2.853652
2.871689
2.86391
0
0
0
0
0
7.349151
7.279438
7.202701
7.118305
7.02548
2.846327
2.858337
2.861185
2.866677
2.877491
0
0
0
0
0
7.41571
7.351592
7.280988
7.20336
7.117999
2.847734
2.851966
2.857766
2.868952
2.86777
0
0
0
0
0
7.492522
7.433554
7.368492
7.29698
7.218373
2.843671
2.849087
2.860661
2.865225
2.863589
0
0
0
0
0
7.580618
7.526092
7.466188
7.400263
7.327773
2.838099
2.85337
2.857819
2.856381
2.868364
0
0
0
0
0
7.680341
7.629963
7.574558
7.513847
7.447021
2.841077
2.846577
2.850916
2.85165
2.861328
0
0
0
0
0
7.789764
7.743332
7.692217
7.636153
7.574729
2.806649
2.814651
2.814343
2.810598
2.826083
0
0
0
0
0
7.900399
7.857808
7.810836
7.75928
7.70274
2.818666
2.811813
2.80849
2.820506
2.826414
0
0
0
0
0
7.9944
7.955294
7.912114
7.864641
7.81252
2.806337
2.810222
2.820122
2.814129
0
0
0
0
0
8.068592
8.032645
7.992909
7.949173
7.901046
2.795939
2.805613
2.815129
0
0
0
0
0
8.125736
8.092699
8.056066
8.015697
7.971274
2.807285
2.810932
0
0
0
0
0
8.168902
8.138531
8.104744
8.067421
8.026297
2.816105
2.818186
2.819913
2.825555
2.820674
0
0
0
0
0
6.91852
6.779354
6.624587
6.452267
6.25981
2.808203
2.814671
2.814163
2.822611
2.818242
0
0
0
0
0
7.035264
6.908581
6.768154
6.612124
6.438407
2.806453
2.808482
2.819121
2.827314
2.83105
0
0
0
0
0
7.128351
7.012539
6.884429
6.742573
6.584976
2.809143
2.820758
2.821988
2.83307
2.841083
0
0
0
0
0
7.197253
7.091115
6.973807
6.844216
6.700694
2.814165
2.811829
2.825344
2.830284
2.836211
0
0
0
0
0
7.241738
7.14414
7.036513
6.917698
6.786468
2.842352
2.850132
2.850843
2.862289
2.864158
0
0
0
0
0
7.266887
7.177005
7.07796
6.968891
6.848488
2.843514
2.846985
2.856925
2.867906
2.869258
0
0
0
0
0
7.291294
7.208669
7.117637
7.01747
6.907152
2.846662
2.852014
2.856372
2.86584
2.875518
0
0
0
0
0
7.323106
7.247203
7.163626
7.071659
6.970507
2.844973
2.846995
2.856618
2.868571
2.868381
0
0
0
0
0
7.364449
7.294697
7.217922
7.133504
7.04062
2.845303
2.849431
2.855738
2.861764
2.87502
0
0
0
0
0
7.415705
7.351604
7.280973
7.203363
7.11801
2.845504
2.854669
2.863194
2.870362
2.870395
0
0
0
0
0
7.477165
7.418206
7.353181
7.281715
7.203143
2.846117
2.858682
2.857112
2.864708
2.872032
0
0
0
0
0
7.549586
7.495073
7.435206
7.369293
7.296847
2.844975
2.851716
2.854902
2.868186
2.86812
0
0
0
0
0
7.63363
7.583238
7.527823
7.467075
7.400225
2.845172
2.844607
2.857627
2.866256
2.858713
0
0
0
0
0
7.729633
7.683057
7.631799
7.575564
7.513936
2.843567
2.84881
2.849832
2.858622
2.854537
0
0
0
0
0
7.835513
7.792621
7.745327
7.693401
7.636443
2.81571
2.809733
2.818475
2.819681
2.813457
0
0
0
0
0
7.942786
7.903434
7.860014
7.812267
7.759851
2.815379
2.810555
2.815
2.822647
0
0
0
0
0
8.033622
7.997482
7.957558
7.913615
7.865295
2.805732
2.816892
2.8216
0
0
0
0
0
8.104842
8.071674
8.034912
7.994414
7.949835
2.802131
2.806859
0
0
0
0
0
8.159265
8.128817
8.094966
8.057575
8.016368
2.809092
0
0
0
0
0
8.200022
8.171993
8.140812
8.106272
8.068114
2.812171
2.818812
2.819245
2.824691
2.827589
0
0
0
0
0
7.047226
6.920772
6.780581
6.624822
6.451406
2.809684
2.811864
2.819023
2.817712
2.823267
0
0
0
0
0
7.15301
7.037606
6.909923
6.76853
6.611435
2.789406
2.816021
2.811633
2.82698
2.829311
0
0
0
0
0
7.236443
7.130789
7.013999
6.88495
6.742056
2.812968
2.820062
2.825508
2.829424
2.835556
0
0
0
0
0
7.296859
7.199783
7.092689
6.974463
6.843859
2.810016
2.820282
2.815915
2.830537
2.833164
0
0
0
0
0
7.333762
7.244315
7.145772
7.03724
6.917429
2.838005
2.849404
2.85427
2.858504
2.865103
0
0
0
0
0
7.351847
7.269389
7.178553
7.078595
6.968521
2.839902
2.851182
2.848183
2.865007
2.870836
0
0
0
0
0
7.36963
7.293752
7.210178
7.118242
7.017083
2.849242
2.856386
2.854844
2.864
2.86858
0
0
0
0
0
7.395324
7.325557
7.24872
7.164253
7.071312
2.84663
2.853721
2.851542
2.864343
2.871799
0
0
0
0
0
7.431033
7.366916
7.296244
7.218594
7.133217
2.84383
2.852715
2.852542
2.863328
2.864935
0
0
0
0
0
7.477179
7.418201
7.353193
7.281701
7.203146
2.846642
2.853336
2.857978
2.871797
2.874122
0
0
0
0
0
7.534202
7.479701
7.419846
7.353971
7.281571
2.848174
2.854456
2.864604
2.866425
2.867314
0
0
0
0
0
7.602529
7.552174
7.496774
7.436065
7.36923
2.844671
2.853957
2.856053
2.864198
2.871239
0
0
0
0
0
7.682886
7.636285
7.585014
7.528768
7.467103
2.844835
2.851884
2.847103
2.866115
2.86944
0
0
0
0
0
7.775418
7.732383
7.684935
7.632857
7.575718
2.840186
2.850972
2.852468
2.857556
2.861204
0
0
0
0
0
7.878061
7.838402
7.794657
7.746559
7.693749
2.818347
2.808731
2.827067
2.821663
0
0
0
0
0
7.982224
7.945852
7.905679
7.861491
7.812893
2.814958
2.816547
2.817682
0
0
0
0
0
8.070063
8.036732
7.999782
7.959102
7.91432
2.809053
2.81869
0
0
0
0
0
8.138524
8.107949
8.073973
8.036457
7.995124
2.804314
0
0
0
0
0
8.190446
8.162369
8.131114
8.096512
8.058289
0
0
0
0
0
8.228901
8.203135
8.174303
8.142374
8.107005
2.805006
2.81057
2.820563
2.823713
2.825546
0
0
0
0
0
7.164737
7.049559
6.922103
6.780945
6.62412
2.80114
2.813397
2.815318
2.824106
2.818551
0
0
0
0
0
7.260701
7.155429
7.039045
6.910419
6.767986
2.802116
2.800525
2.81933
2.817934
2.829402
0
0
0
0
0
7.335579
7.238951
7.132338
7.01463
6.884567
2.803878
2.822114
2.825668
2.832201
2.831593
0
0
0
0
0
7.388466
7.299455
7.20144
7.093447
6.974231
2.795159
2.814047
2.824933
2.824104
2.832424
0
0
0
0
0
7.41845
7.336401
7.246024
7.146594
7.037085
2.839207
2.844518
2.853378
2.862619
2.861089
0
0
0
0
0
7.430097
7.354404
7.271008
7.179274
7.078331
2.846455
2.847872
2.854956
2.855052
2.867969
0
0
0
0
0
7.441903
7.372139
7.295326
7.210862
7.117948
2.850546
2.856011
2.861903
2.862537
2.866954
0
0
0
0
0
7.461984
7.397822
7.327132
7.249419
7.16399
2.848832
2.854272
2.856935
2.86023
2.867226
0
0
0
0
0
7.49256
7.433543
7.368517
7.296984
7.218387
2.849158
2.848923
2.856713
2.85978
2.866472
0
0
0
0
0
7.534205
7.479716
7.419841
7.353982
7.281559
2.845238
2.856468
2.85767
2.865433
2.875199
0
0
0
0
0
7.587094
7.536776
7.48139
7.420694
7.353897
2.840396
2.857461
2.859434
2.874278
2.87055
0
0
0
0
0
7.651723
7.605151
7.553918
7.49769
7.436066
2.845181
2.852035
2.859272
2.864507
2.868245
0
0
0
0
0
7.728634
7.685574
7.638102
7.586009
7.52886
2.846839
2.853246
2.854974
2.854121
2.869324
0
0
0
0
0
7.818007
7.778198
7.7343
7.68604
7.633068
2.847428
2.854134
2.860436
2.860234
0
0
0
0
0
7.917636
7.880979
7.840474
7.795935
7.746962
2.818581
2.813941
2.830799
0
0
0
0
0
8.018885
7.985317
7.948132
7.907199
7.862168
2.819761
2.81821
0
0
0
0
0
8.103953
8.0732
8.039065
8.001366
7.959854
2.809414
0
0
0
0
0
8.169857
8.141655
8.110279
8.075555
8.03721
0
0
0
0
0
8.219405
8.193573
8.164694
8.132695
8.097265
0
0
0
0
8.255693
8.232034
8.20547
8.175897
8.143145
2.804489
2.811694
2.812733
2.824929
2.824829
0
0
0
0
0
7.272229
7.167147
7.050987
6.922587
6.780387
2.80159
2.808312
2.817078
2.823224
2.825408
0
0
0
0
0
7.359479
7.26319
7.156955
7.03965
6.910007
2.807703
2.811779
2.811781
2.825005
2.819521
0
0
0
0
0
7.426746
7.338154
7.240584
7.13307
7.014369
2.807547
2.817433
2.823672
2.831718
2.834518
0
0
0
0
0
7.472773
7.391124
7.30119
7.202294
7.093328
2.818074
2.802402
2.814651
2.83194
2.827594
0
0
0
0
0
7.496436
7.421147
7.338182
7.246934
7.146545
2.833271
2.848362
2.84848
2.861346
2.865614
0
0
0
0
0
7.502301
7.432708
7.356088
7.271809
7.179105
2.843067
2.854909
2.852085
2.863
2.857612
0
0
0
0
0
7.50858
7.444459
7.373772
7.296082
7.210655
2.845054
2.855488
2.86038
2.870416
2.865521
0
0
0
0
0
7.523542
7.464526
7.399452
7.327898
7.249236
2.83917
2.855547
2.860279
2.864873
2.863997
0
0
0
0
0
7.549622
7.495111
7.435196
7.369317
7.296851
2.845869
2.856505
2.85324
2.864773
2.862371
0
0
0
0
0
7.587114
7.536778
7.481404
7.420689
7.353907
2.853126
2.853751
2.86293
2.865715
2.868119
0
0
0
0
0
7.636251
7.589703
7.538506
7.482294
7.420685
2.845558
2.847041
2.863105
2.867728
2.878452
0
0
0
0
0
7.697427
7.654378
7.606937
7.554884
7.497756
2.843787
2.853906
2.855836
2.868601
2.867685
0
0
0
0
0
7.771198
7.731353
7.687428
7.639143
7.586158
2.855574
2.857855
2.862531
2.856478
0
0
0
0
0
7.857619
7.820817
7.780152
7.735449
7.686304
2.851308
2.861506
2.863174
0
0
0
0
0
7.954446
7.920583
7.883087
7.841796
7.796388
2.822549
2.815843
0
0
0
0
0
8.05297
8.022006
7.987631
7.949694
7.907925
2.821355
0
0
0
0
0
8.135472
8.107115
8.075565
8.040686
8.002164
0
0
0
0
0
8.198954
8.17301
8.144013
8.111895
8.07635
0
0
0
0
8.246281
8.222552
8.195924
8.166306
8.133486
0
0
0
8.280597
8.258846
8.234394
8.207093
8.176703
2.804645
2.807783
2.813698
2.818212
2.825824
0
0
0
0
0
7.370808
7.274709
7.168662
7.051579
6.922161
2.801364
2.809853
2.812038
2.824285
2.825686
0
0
0
0
0
7.450335
7.362034
7.264799
7.15766
7.039359
2.809855
2.810539
2.815914
2.820688
2.826006
0
0
0
0
0
7.510643
7.429381
7.339862
7.241408
7.13292
2.81893
2.809022
2.820672
2.830241
2.833972
0
0
0
0
0
7.550354
7.475487
7.392929
7.302131
7.202279
2.815873
2.825761
2.813419
2.823173
2.833761
0
0
0
0
0
7.56839
7.499185
7.422995
7.339174
7.246982
2.832569
2.837068
2.852176
2.856507
2.86406
0
0
0
0
0
7.568905
7.50496
7.434453
7.356964
7.271731
2.847344
2.85006
2.859155
2.860162
2.865979
0
0
0
0
0
7.570158
7.51118
7.446148
7.374597
7.295957
2.850176
2.85305
2.858799
2.869089
2.873934
0
0
0
0
0
7.580679
7.526125
7.466208
7.400281
7.327789
2.849067
2.844543
2.859752
2.869731
2.868016
0
0
0
0
0
7.602563
7.55221
7.496811
7.436055
7.369253
2.849241
2.851899
2.861155
2.861949
2.867867
0
0
0
0
0
7.63625
7.589722
7.538509
7.482307
7.42068
2.851036
2.858878
2.858827
2.872551
2.86885
0
0
0
0
0
7.68192
7.638892
7.591475
7.539459
7.48235
2.837447
2.851512
2.853458
2.872228
2.871004
0
0
0
0
0
7.739936
7.700113
7.656201
7.607949
7.555004
2.849522
2.858938
2.863838
2.87237
0
0
0
0
0
7.810784
7.773945
7.733243
7.688513
7.639344
2.859275
2.866465
2.865231
0
0
0
0
0
7.894458
7.860455
7.822804
7.781343
7.735762
2.85912
2.864042
0
0
0
0
0
7.988678
7.957419
7.922724
7.884449
7.842298
2.823611
0
0
0
0
0
8.084676
8.056116
8.02435
7.98923
7.950466
0
0
0
0
0
8.164743
8.138656
8.109507
8.077222
8.041525
0
0
0
0
8.225957
8.202129
8.175394
8.145662
8.112728
0
0
0
8.271245
8.249448
8.224928
8.197566
8.167133
0
0
8.303775
8.283768
8.261228
8.236044
8.207932
2.798436
2.812362
2.812062
2.820097
2.819545
0
0
0
0
0
7.461497
7.373351
7.276305
7.169354
7.051273
2.802473
2.816607
2.813645
2.818683
2.826443
0
0
0
0
0
7.533911
7.452949
7.363718
7.265597
7.15748
2.801703
2.813305
2.810057
2.824697
2.823584
0
0
0
0
0
7.587858
7.513334
7.43116
7.340773
7.241362
2.816925
2.823987
2.812393
2.829104
2.83283
0
0
0
0
0
7.621964
7.553122
7.477358
7.39395
7.302215
2.817849
2.820733
2.833463
2.826689
2.827049
0
0
0
0
0
7.634733
7.571189
7.501096
7.424062
7.339312
2.842491
2.839036
2.843889
2.860092
2.859308
0
0
0
0
0
7.630404
7.571609
7.506762
7.4354
7.356968
2.841725
2.855005
2.853704
2.867288
2.863194
0
0
0
0
0
7.62735
7.5728
7.512921
7.447036
7.374548
2.850085
2.858131
2.858585
2.86629
2.872624
0
0
0
0
0
7.633666
7.5833
7.527856
7.467095
7.400242
2.849648
2.857727
2.850609
2.86854
2.873736
0
0
0
0
0
7.651726
7.605185
7.553954
7.497726
7.436057
2.853899
2.856195
2.856544
2.870231
2.865696
0
0
0
0
0
7.681922
7.638891
7.591494
7.539462
7.482362
2.843654
2.860119
2.863711
2.867759
2.876583
0
0
0
0
0
7.724401
7.68459
7.640701
7.592474
7.539568
2.845818
2.855256
2.861823
2.875961
0
0
0
0
0
7.779485
7.74265
7.701971
7.657256
7.608121
2.852294
2.867641
2.866823
0
0
0
0
0
7.847591
7.813558
7.775869
7.734369
7.688761
2.867535
2.869774
0
0
0
0
0
7.928746
7.897321
7.862475
7.824034
7.781704
2.861952
0
0
0
0
0
8.020521
7.991675
7.959589
7.924123
7.884995
0
0
0
0
0
8.114134
8.087845
8.058489
8.025984
7.990044
0
0
0
0
8.191926
8.167949
8.141075
8.111197
8.078101
0
0
0
8.251067
8.229151
8.204537
8.177072
8.146531
0
0
8.294485
8.27443
8.251846
8.226597
8.198426
0
8.325063
8.306962
8.286172
8.262905
8.236914
2.805475
2.805516
2.816344
2.818995
2.821825
0
0
0
0
0
7.544908
7.464101
7.375023
7.27709
7.169159
2.805185
2.807388
2.813226
2.818959
2.82123
0
0
0
0
0
7.610851
7.536581
7.454702
7.364601
7.26552
2.798132
2.804649
2.811751
2.81405
2.827434
0
0
0
0
0
7.659103
7.590602
7.515178
7.432152
7.340822
2.815386
2.819155
2.827344
2.822334
2.832083
0
0
0
0
0
7.687949
7.624782
7.555056
7.478453
7.394122
2.803398
2.820361
2.827292
2.841977
2.831732
0
0
0
0
0
7.695975
7.637578
7.573157
7.502235
7.424285
2.834586
2.850047
2.844184
2.853035
2.863
0
0
0
0
0
7.687539
7.633151
7.573465
7.507774
7.435482
2.846244
2.846908
2.859049
2.86164
2.870396
0
0
0
0
0
7.680367
7.63003
7.574591
7.51387
7.447057
2.85014
2.85898
2.863007
2.867888
2.869234
0
0
0
0
0
7.682886
7.636321
7.585074
7.5288
7.467121
2.842626
2.855769
2.8621
2.858743
2.872067
0
0
0
0
0
7.697431
7.654381
7.60697
7.554918
7.497789
2.842399
2.859056
2.861152
2.865113
2.873953
0
0
0
0
0
7.724411
7.684593
7.6407
7.592493
7.539571
2.850643
2.86475
2.872548
2.87135
0
0
0
0
0
7.763925
7.7271
7.686435
7.641743
7.592635
2.8544
2.863641
2.865287
0
0
0
0
0
7.816253
7.782225
7.744542
7.703067
7.657476
2.859767
2.870928
0
0
0
0
0
7.881869
7.85039
7.815513
7.777033
7.734664
2.870663
0
0
0
0
0
7.960628
7.931632
7.89937
7.863742
7.824438
0
0
0
0
0
8.050125
8.02354
7.993875
7.961023
7.924711
0
0
0
0
8.141511
8.117324
8.090246
8.060157
8.026837
0
0
0
8.217209
8.195152
8.170393
8.142795
8.112112
0
0
8.27442
8.25428
8.231582
8.206243
8.177974
0
8.315833
8.297687
8.27685
8.253541
8.227488
8.345681
8.328266
8.309385
8.287873
8.263804
2.807459
2.810759
2.812447
2.822671
2.82085
0
0
0
0
0
7.621698
7.547567
7.465842
7.375893
7.276997
2.80538
2.810366
2.810494
2.818577
2.820228
0
0
0
0
0
7.68182
7.613573
7.538399
7.455664
7.364618
2.799712
2.808124
2.811989
2.817068
2.814523
0
0
0
0
0
7.72475
7.661896
7.592507
7.516242
7.432289
2.812301
2.821152
2.821521
2.83402
2.825798
0
0
0
0
0
7.748846
7.690813
7.626772
7.556223
7.478707
2.81518
2.811555
2.824906
2.834378
2.844989
0
0
0
0
0
7.752918
7.698865
7.639601
7.574362
7.502536
2.839262
2.841434
2.852729
2.853217
2.856268
0
0
0
0
0
7.740541
7.690325
7.635057
7.574538
7.507929
2.848354
2.855707
2.84956
2.866894
2.8645
0
0
0
0
0
7.729659
7.683083
7.631865
7.575597
7.513959
2.849616
2.857898
2.863895
2.871679
2.871861
0
0
0
0
0
7.72866
7.685574
7.638137
7.586067
7.528891
2.839913
2.851509
2.859252
2.87114
2.86227
0
0
0
0
0
7.739958
7.700117
7.656204
7.607981
7.555037
2.851863
2.86326
2.869527
2.868679
0
0
0
0
0
7.763916
7.72711
7.686437
7.641742
7.592652
2.854267
2.873234
2.876238
0
0
0
0
0
7.800667
7.76665
7.728978
7.687517
7.641951
2.864381
2.866982
0
0
0
0
0
7.850511
7.819018
7.784147
7.745675
7.703331
2.862629
0
0
0
0
0
7.913736
7.884691
7.852375
7.816713
7.77737
0
0
0
0
0
7.990289
7.963536
7.933709
7.900671
7.864187
0
0
0
0
8.077645
8.053165
8.025766
7.995341
7.96165
0
0
0
8.166952
8.144721
8.11975
8.091944
8.061047
0
0
8.240731
8.220453
8.19762
8.172141
8.143743
0
8.29586
8.27765
8.256732
8.233316
8.207176
8.336686
8.31905
8.300127
8.27857
8.254461
8.348898
8.330707
8.311109
8.288799
2.801746
2.811294
2.811112
2.818982
2.824435
0
0
0
0
0
7.69251
7.624408
7.549372
7.466789
7.375894
2.798333
2.805634
2.811815
2.816772
2.819912
0
0
0
0
0
7.74719
7.68459
7.615451
7.539434
7.455768
2.806952
2.811148
2.815386
2.820681
2.818313
0
0
0
0
0
7.785309
7.727588
7.663858
7.593642
7.516461
2.815276
2.818167
2.826407
2.828443
2.836002
0
0
0
0
0
7.805508
7.751753
7.692858
7.628004
7.556557
2.807782
2.820144
2.822747
2.83252
2.836371
0
0
0
0
0
7.805765
7.755847
7.70094
7.640869
7.574737
2.841366
2.84634
2.84598
2.85922
2.856766
0
0
0
0
0
7.789791
7.743364
7.692277
7.636189
7.574761
2.842117
2.854993
2.860289
2.856634
2.869739
0
0
0
0
0
7.775452
7.732408
7.684961
7.632921
7.575751
2.847761
2.85827
2.861864
2.872641
2.875097
0
0
0
0
0
7.771213
7.731378
7.687429
7.639178
7.586214
2.847404
2.85687
2.867323
2.87481
0
0
0
0
0
7.779495
7.742671
7.701975
7.657259
7.608151
2.857885
2.871099
2.872875
0
0
0
0
0
7.800669
7.766641
7.728987
7.68752
7.64195
2.861786
2.876726
0
0
0
0
0
7.834906
7.803417
7.768558
7.730099
7.687771
2.868636
0
0
0
0
0
7.882339
7.853299
7.82097
7.785315
7.745982
0
0
0
0
0
7.943394
7.91658
7.886703
7.853609
7.817089
0
0
0
0
8.017866
7.993217
7.965639
7.935041
7.901154
0
0
0
8.103222
8.080705
8.055416
8.027263
7.996005
0
0
8.190663
8.170181
8.147171
8.121477
8.092869
0
8.262292
8.243992
8.222942
8.199395
8.173122
8.317194
8.299105
8.280123
8.258489
8.234279
8.339917
8.321507
8.301869
8.279518
8.351355
8.332452
8.312059
2.800943
2.806582
2.813883
2.816335
2.820657
0
0
0
0
0
7.757745
7.695269
7.626273
7.550392
7.466876
2.801336
2.809225
2.810267
2.817342
2.818963
0
0
0
0
0
7.807497
7.750005
7.686525
7.616554
7.539619
2.810703
2.811895
2.818727
2.823154
2.823685
0
0
0
0
0
7.841683
7.788189
7.729603
7.665057
7.593938
2.811961
2.819193
2.826345
2.83422
2.830493
0
0
0
0
0
7.858087
7.808455
7.75385
7.694152
7.628409
2.815316
2.809758
2.823178
2.831621
2.834997
0
0
0
0
0
7.854829
7.808732
7.757969
7.702267
7.641314
2.839698
2.848714
2.850842
2.854018
2.861244
0
0
0
0
0
7.835552
7.792648
7.745359
7.693461
7.636478
2.839415
2.850215
2.858226
2.869217
2.859083
0
0
0
0
0
7.818048
7.778232
7.734325
7.686066
7.63313
2.854631
2.862185
2.870008
2.876105
0
0
0
0
0
7.810813
7.77396
7.733268
7.688514
7.639377
2.852458
2.866028
2.870411
0
0
0
0
0
7.816276
7.782235
7.744563
7.703071
7.657478
2.867958
2.874343
0
0
0
0
0
7.834912
7.803419
7.76855
7.730107
7.687773
2.864474
0
0
0
0
0
7.866722
7.837679
7.805355
7.769713
7.730394
0
0
0
0
0
7.911995
7.885149
7.855278
7.822173
7.785662
0
0
0
0
7.970985
7.946258
7.918617
7.887968
7.854024
0
0
0
8.043499
8.020814
7.995345
7.967001
7.935559
0
0
8.127073
8.106301
8.082979
8.056942
8.027961
0
8.212339
8.19391
8.172654
8.148925
8.122435
8.284329
8.265569
8.246502
8.224742
8.200406
8.320454
8.301596
8.281903
8.259479
8.342391
8.32327
8.302841
8.353117
8.333426
2.804595
2.811106
2.813107
2.816811
2.817926
0
0
0
0
0
7.817919
7.760548
7.69719
7.627361
7.55056
2.806828
2.806442
2.813474
2.81954
2.81877
0
0
0
0
0
7.863652
7.810354
7.751992
7.687692
7.616815
2.799442
2.814619
2.818297
2.825148
2.825371
0
0
0
0
0
7.894001
7.844603
7.790255
7.730862
7.665425
2.815725
2.814253
2.822297
2.833703
2.837042
0
0
0
0
0
7.906921
7.861071
7.810598
7.755202
7.694627
2.822151
2.818209
2.818698
2.828898
2.834383
0
0
0
0
0
7.900439
7.857831
7.810897
7.75935
7.702779
2.836604
2.847514
2.851482
2.858659
2.857157
0
0
0
0
0
7.878111
7.838441
7.794683
7.746592
7.693808
2.847465
2.854242
2.86595
2.872593
0
0
0
0
0
7.857653
7.820857
7.780185
7.735473
7.68633
2.859769
2.869763
2.873216
0
0
0
0
0
7.847614
7.813586
7.775884
7.734393
7.688763
2.860873
2.869668
0
0
0
0
0
7.850509
7.819041
7.784158
7.745695
7.703336
2.872268
0
0
0
0
0
7.866729
7.837684
7.805357
7.769706
7.730403
0
0
0
0
0
7.896351
7.869516
7.839643
7.806545
7.770047
0
0
0
0
7.939555
7.914824
7.887153
7.85651
7.822558
0
0
0
7.996626
7.973868
7.94832
7.919912
7.888417
0
0
8.067418
8.046464
8.022964
7.996736
7.967553
0
8.14881
8.130169
8.108597
8.084532
8.057672
8.235261
8.215601
8.196403
8.174434
8.149912
8.287622
8.268096
8.248325
8.22578
8.322962
8.303397
8.282919
8.344173
8.324265
8.354112
2.797508
2.806968
2.815348
2.820205
2.816796
0
0
0
0
0
7.87396
7.820764
7.762522
7.698342
7.627604
2.799727
2.810038
2.808009
2.818988
2.823097
0
0
0
0
0
7.91577
7.866548
7.812392
7.75322
7.688024
2.805319
2.799708
2.81851
2.826182
2.826618
0
0
0
0
0
7.942582
7.896958
7.846714
7.791572
7.731298
2.814993
2.821109
2.818705
2.826915
2.835982
0
0
0
0
0
7.952293
7.90994
7.863257
7.812003
7.755743
2.810162
2.822861
2.823101
2.827857
2.830789
0
0
0
0
0
7.942862
7.903474
7.860038
7.812327
7.75992
2.844196
2.851655
2.858828
2.861348
0
0
0
0
0
7.917682
7.88103
7.840513
7.795961
7.746994
2.851713
2.862222
2.868847
0
0
0
0
0
7.89449
7.86049
7.822843
7.781376
7.735786
2.868709
2.872874
0
0
0
0
0
7.88188
7.850414
7.815541
7.777048
7.734687
2.864152
0
0
0
0
0
7.882361
7.853297
7.820992
7.785326
7.746002
0
0
0
0
0
7.896345
7.869524
7.839648
7.806547
7.770041
0
0
0
0
7.923885
7.899166
7.871506
7.840862
7.806917
0
0
0
7.965167
7.942403
7.916852
7.888416
7.856928
0
0
8.020544
7.999527
7.975951
7.949642
7.920395
0
8.089142
8.0704
8.048636
8.024381
7.997319
8.172625
8.151921
8.132485
8.110174
8.085292
8.23854
8.218111
8.198206
8.17545
8.290169
8.26994
8.249389
8.324783
8.304436
8.345189
2.797825
2.79958
2.808516
2.81928
2.821546
0
0
0
0
0
7.925961
7.876843
7.822787
7.763733
7.698657
2.80843
2.810509
2.813858
2.814575
2.820028
0
0
0
0
0
7.964176
7.918702
7.868631
7.813676
7.753619
2.804507
2.809864
2.807206
2.825801
2.828337
0
0
0
0
0
7.987728
7.945574
7.899112
7.848083
7.792073
2.810054
2.818932
2.826358
2.825439
2.827858
0
0
0
0
0
7.994486
7.955345
7.912167
7.864712
7.812601
2.816413
2.821164
2.82821
2.830681
0
0
0
0
0
7.98228
7.945927
7.905719
7.861515
7.812952
2.850286
2.8597
2.861236
0
0
0
0
0
7.95449
7.920629
7.883138
7.841835
7.796415
2.860362
2.865205
0
0
0
0
0
7.928768
7.897352
7.86251
7.824073
7.781735
2.872172
0
0
0
0
0
7.913753
7.884703
7.852398
7.81674
7.777385
0
0
0
0
0
7.911981
7.885171
7.855276
7.822194
7.785673
0
0
0
0
7.923889
7.899159
7.871513
7.840867
7.806919
0
0
0
7.949503
7.926718
7.901179
7.872754
7.841268
0
0
7.989118
7.968032
7.944453
7.91814
7.888867
0
8.042243
8.023461
8.001631
7.977298
7.950155
8.113653
8.09214
8.072592
8.050077
8.024994
8.175753
8.154255
8.134086
8.110962
8.24107
8.219935
8.199248
8.292034
8.271027
8.325843
2.801055
2.801303
2.804122
2.814222
2.819658
0
0
0
0
0
7.97426
7.928881
7.878911
7.824055
7.764114
2.806295
2.807035
2.815091
2.820853
2.816167
0
0
0
0
0
8.009114
7.967142
7.920826
7.869966
7.81414
2.802036
2.811765
2.818362
2.817004
2.828307
0
0
0
0
0
8.0297
7.990751
7.947769
7.90053
7.848641
2.813134
2.823692
2.833895
2.828011
0
0
0
0
0
8.033708
7.997568
7.957609
7.913668
7.865366
2.822069
2.826513
2.828567
0
0
0
0
0
8.018954
7.985375
7.948207
7.907239
7.862194
2.858968
2.862555
0
0
0
0
0
7.988725
7.957463
7.922769
7.884499
7.842335
2.863713
0
0
0
0
0
7.960654
7.931654
7.899402
7.863776
7.824475
0
0
0
0
0
7.943395
7.916597
7.886715
7.853633
7.817116
0
0
0
0
7.939544
7.914811
7.887175
7.856509
7.822578
0
0
0
7.949507
7.926721
7.901172
7.872762
7.841272
0
0
7.973436
7.952353
7.928754
7.902454
7.873193
0
8.01077
7.992
7.970103
7.945767
7.918621
8.067205
8.045175
8.025585
8.003001
7.977839
8.116667
8.094349
8.074056
8.050717
8.178108
8.155876
8.134901
8.242917
8.221
8.293145
2.808098
2.805888
2.806926
2.810053
2.815402
0
0
0
0
0
8.019116
7.977213
7.930991
7.88023
7.8245
2.801199
2.808267
2.810567
2.822697
2.823186
0
0
0
0
0
8.050925
8.012111
7.969305
7.92221
7.870487
2.806144
2.819325
2.827006
2.820773
0
0
0
0
0
8.068696
8.032753
7.992982
7.949232
7.901142
2.817849
2.832011
2.836154
0
0
0
0
0
8.070165
8.036818
7.999868
7.959153
7.914372
2.829237
2.828403
0
0
0
0
0
8.053049
8.022075
7.987688
7.949767
7.907966
2.862164
0
0
0
0
0
8.020554
7.991722
7.959634
7.924168
7.885045
0
0
0
0
0
7.990305
7.963562
7.933731
7.900703
7.86422
0
0
0
0
7.970977
7.946259
7.918635
7.88798
7.854047
0
0
0
7.96518
7.942392
7.916839
7.888437
7.856927
0
0
7.973441
7.952357
7.928757
7.902447
7.8732
0
7.995079
7.976302
7.954409
7.930055
7.902922
8.035995
8.013666
7.994089
7.971441
7.946276
8.070154
8.047316
8.026979
8.003569
8.118897
8.095834
8.074722
8.179754
8.156713
8.244008
2.783899
2.809789
2.810704
2.816226
2.81182
0
0
0
0
0
8.060819
8.022101
7.979362
7.932357
7.88073
2.802064
2.813473
2.817922
2.82532
0
0
0
0
0
8.089752
8.053952
8.014312
7.970733
7.922783
2.813837
2.827395
2.829756
0
0
0
0
0
8.104951
8.071777
8.035018
7.994487
7.949895
2.825039
2.83525
0
0
0
0
0
8.10406
8.073302
8.03915
8.001451
7.959905
2.83174
0
0
0
0
0
8.08474
8.056194
8.02442
7.989287
7.950538
0
0
0
0
0
8.050157
8.023573
7.993922
7.961068
7.924756
0
0
0
0
8.017888
7.993234
7.965665
7.935064
7.901186
0
0
0
7.996625
7.97386
7.948321
7.91993
7.888429
0
0
7.989108
7.968045
7.944442
7.918129
7.888887
0
7.995084
7.976307
7.954413
7.930058
7.902916
8.02044
7.997959
7.978377
7.955734
7.930553
8.038909
8.015772
7.995448
7.971978
8.072316
8.04873
8.027574
8.120406
8.096523
8.180619
2.800828
2.812604
2.816729
2.81941
0
0
0
0
0
8.099565
8.063833
8.024287
7.980773
7.932911
2.809521
2.821332
2.820836
0
0
0
0
0
8.125857
8.092806
8.056186
8.015783
7.971355
2.820717
2.830314
0
0
0
0
0
8.138647
8.108058
8.074075
8.036563
7.995195
2.827534
0
0
0
0
0
8.135563
8.107221
8.075666
8.04077
8.002248
0
0
0
0
0
8.114192
8.087909
8.058567
8.026053
7.990101
0
0
0
0
8.077678
8.053198
8.0258
7.995388
7.961695
0
0
0
8.04353
8.020835
7.995362
7.967028
7.935583
0
0
8.020555
7.999526
7.975944
7.949644
7.920412
0
8.010769
7.99199
7.970116
7.945757
7.91861
8.020451
7.997965
7.978382
7.955737
7.930555
8.023338
8.000052
7.979723
7.956257
8.041038
8.017152
7.996008
8.073755
8.049347
8.121122
2.806496
2.818743
2.818366
0
0
0
0
0
8.135588
8.102606
8.066053
8.025739
7.981377
2.816796
2.823749
0
0
0
0
0
8.159396
8.128937
8.095073
8.057695
8.016452
2.82287
0
0
0
0
0
8.169957
8.141779
8.110386
8.075656
8.037315
0
0
0
0
0
8.164809
8.138747
8.109613
8.077321
8.041608
0
0
0
0
8.141573
8.117383
8.09031
8.060234
8.026906
0
0
0
8.103274
8.080738
8.055449
8.027298
7.996052
0
0
8.067449
8.046496
8.022985
7.996752
7.96758
0
8.042265
8.023472
8.001631
7.977292
7.950158
8.036004
8.013666
7.99408
7.971454
7.946267
8.023349
8.000057
7.979728
7.95626
8.025451
8.001417
7.980271
8.042442
8.017736
8.074399
2.811555
2.820774
0
0
0
0
0
8.169039
8.138655
8.104858
8.067544
8.026388
2.819215
0
0
0
0
0
8.190569
8.1625
8.131234
8.096619
8.058406
0
0
0
0
0
8.19902
8.173112
8.144135
8.112002
8.07645
0
0
0
0
8.192012
8.168015
8.141166
8.111302
8.078199
0
0
0
8.167035
8.144784
8.119809
8.092008
8.061124
0
0
8.127128
8.106353
8.083012
8.056975
8.027996
0
8.08918
8.070431
8.048667
8.024402
7.997336
8.067218
8.045197
8.025596
8.003003
7.977834
8.038917
8.015773
7.99544
7.97199
8.025461
8.001423
7.980276
8.026842
8.001988
8.043053
2.812895
0
0
0
0
0
8.200149
8.17213
8.140936
8.106385
8.068237
0
0
0
0
0
8.219484
8.193695
8.164825
8.132813
8.097371
0
0
0
0
8.226051
8.202196
8.175495
8.145783
8.112834
0
0
0
8.217297
8.195238
8.170459
8.142885
8.112215
0
0
8.190751
8.170264
8.147233
8.121536
8.092932
0
8.14884
8.130223
8.108649
8.084565
8.057705
8.113674
8.092177
8.072622
8.050108
8.025014
8.070167
8.047338
8.026991
8.003572
8.041046
8.017153
7.996002
8.026851
8.001993
8.02744
0
0
0
0
0
8.228989
8.203262
8.17444
8.142497
8.107117
0
0
0
0
8.246386
8.222632
8.196046
8.166436
8.133603
0
0
0
8.251174
8.229245
8.204604
8.177174
8.146651
0
0
8.240826
8.220541
8.197706
8.172207
8.143833
0
8.212394
8.193997
8.172736
8.148987
8.122492
8.172674
8.151951
8.132539
8.110226
8.085325
8.116689
8.094385
8.074085
8.050748
8.072329
8.048752
8.027585
8.04245
8.017737
8.027449
0
0
0
0
8.255814
8.232123
8.205596
8.176033
8.143267
0
0
0
8.271378
8.249553
8.225007
8.197687
8.167262
0
0
8.274534
8.254387
8.231677
8.206311
8.178075
0
8.262374
8.244088
8.223031
8.19948
8.173187
8.23532
8.215656
8.196489
8.174514
8.149975
8.175803
8.154285
8.134139
8.111013
8.118919
8.095869
8.074751
8.073768
8.049368
8.043061
0
0
0
8.280734
8.258967
8.234482
8.207218
8.176838
0
0
8.294612
8.274564
8.251951
8.226676
8.198546
0
8.295968
8.277764
8.256839
8.233409
8.207244
8.284405
8.265651
8.246597
8.22483
8.20049
8.238599
8.218167
8.198291
8.175529
8.178157
8.155907
8.134952
8.120427
8.096557
8.074411
0
0
8.303902
8.283905
8.261348
8.236132
8.208056
0
8.31595
8.297813
8.276983
8.253646
8.227567
8.317279
8.299213
8.280236
8.258596
8.234372
8.287698
8.268179
8.248419
8.225867
8.241129
8.219991
8.199331
8.179802
8.156744
8.121144
0
8.325198
8.30709
8.286308
8.263024
8.237001
8.336769
8.319167
8.300251
8.278702
8.254565
8.320539
8.301703
8.282015
8.259585
8.290244
8.270022
8.249482
8.242975
8.221056
8.180666
8.34577
8.328401
8.309512
8.288008
8.263922
8.340001
8.321624
8.301993
8.279648
8.323048
8.303503
8.283029
8.292109
8.271109
8.244064
8.348988
8.330841
8.311235
8.288933
8.342476
8.323386
8.302963
8.324868
8.304541
8.293219
8.351446
8.332584
8.312184
8.344258
8.324381
8.325928
8.353208
8.333557
8.345275
8.354203
)
;

boundaryField
{
    cathodeSides
    {
        type            zeroGradient;
    }
    electrolyteSides
    {
        type            zeroGradient;
    }
    anodeSides
    {
        type            zeroGradient;
    }
    phiI_to_phiI0
    {
        type            zeroGradient;
    }
}


// ************************************************************************* //
