/*--------------------------------*- C++ -*----------------------------------*\
| =========                 |                                                 |
| \\      /  F ield         | OpenFOAM: The Open Source CFD Toolbox           |
|  \\    /   O peration     | Version:  2312                                  |
|   \\  /    A nd           | Website:  www.openfoam.com                      |
|    \\/     M anipulation  |                                                 |
\*---------------------------------------------------------------------------*/
FoamFile
{
    version     2.0;
    format      ascii;
    arch        "LSB;label=32;scalar=64";
    class       volScalarField;
    location    "50/phiI";
    object      dmdt;
}
// * * * * * * * * * * * * * * * * * * * * * * * * * * * * * * * * * * * * * //

dimensions      [0 -3 -1 0 1 0 0];

internalField   nonuniform List<scalar> 
12000
(
3613.304
3640.355
3546.292
3824.884
3642.518
3490.221
3840.747
3561.428
3743.893
4112.768
3668.722
3554.381
3847.888
3538.047
3750.718
4130.792
3588.74
3750.584
4005.523
4433.465
3617.503
3554.746
3882.88
3506.849
3750.689
4129.245
3562.616
3727.789
4016.773
4459.025
3547.246
3772.933
4008.958
4292.097
4915.435
3712.596
3544.573
3824.385
3517.08
3757.847
4162.18
3492.023
3691.474
4010.057
4455.154
3588.958
3747.172
3998.408
4306.382
4947.267
3576.397
3760.784
4038.927
4306.878
4720.818
0
3708.47
3641.275
3933.147
3502.046
3763.665
4116.964
3527.828
3714.901
4023.672
4491.122
3571.555
3704.264
3971.674
4306.894
4943.92
3607.55
3779.286
4020.701
4307.948
4739.836
0
3586.687
3786.588
4037.613
4349.606
4759.688
0
0
3703.427
3649.75
3917.177
3584.37
3838.65
4216.547
3576.782
3716.825
4015.057
4467.989
3604.443
3725.012
3997.826
4324.336
4985.683
3630.439
3749.666
3999.963
4289.283
4741.666
0
3638.242
3781.251
4049.933
4329.177
4765.857
0
0
3619.783
3794.897
4061.524
4355.04
4812.521
0
0
0
3716.659
3641.862
3911.481
3574.597
3846.388
4199.973
3609.661
3784.123
4092.929
4566.667
3558.026
3763.853
3986.365
4305.556
4981.68
3590.985
3796.904
3994.036
4309.773
4766.148
0
3644.438
3808.467
4031.189
4332.15
4748.521
0
0
3671.155
3812.457
4056.113
4361.668
4792.882
0
0
0
3680.342
3817.211
4078.84
4379.611
4822.547
0
0
0
0
3754.842
3630.999
3929.61
3572.912
3832.607
4199.166
3600.107
3766.604
4099.142
4549.371
3611.795
3809.977
4035.163
4397.214
5084.774
3589.743
3750.128
4022.333
4285.67
4742.255
0
3634.838
3785.446
4064.153
4301.604
4762.12
0
0
3662.508
3838.979
4065.726
4352.63
4804.135
0
0
0
3647.007
3862.132
4074.542
4373.494
4827.779
0
0
0
0
3677.724
3858.563
4089.734
4411.352
4852.672
0
0
0
0
0
3728.245
3611.849
3955.111
3555.434
3813.688
4216.976
3594.445
3767.103
4086.501
4550.826
3583.84
3796.282
4016.058
4402.003
5069.432
3624.599
3813.407
4065.895
4334.863
4847.362
0
3567.271
3786.572
4013.634
4326.355
4730.285
0
0
3629.393
3833.64
4065.615
4375.947
4760.721
0
0
0
3644.905
3866.413
4101.78
4375.071
4822.281
0
0
0
0
3680.214
3839.087
4140.722
4385.268
4845.076
0
0
0
0
0
3682.746
3869.819
4130.94
4419.818
4895.885
0
0
0
0
0
-4187.683
3730.204
3649.478
3937.12
3555.57
3807.103
4237.194
3599.064
3749.177
4063.849
4570.84
3593.667
3789.507
4012.559
4389.827
5074.141
3632.786
3784.117
4046.035
4305.661
4853.686
0
3635.113
3826.749
4072.529
4373.546
4780.428
0
0
3607.863
3781.022
4052.341
4323.738
4781.687
0
0
0
3645.66
3844.617
4106.925
4385.333
4842.388
0
0
0
0
3614.892
3843.378
4135.034
4420.435
4840.923
0
0
0
0
0
3658.808
3884.559
4120.704
4462.853
4856.509
0
0
0
0
0
-4209.207
3689.054
3882.388
4150.115
4456.436
4907.932
0
0
0
0
0
-3643.931
-3907.463
3734.016
3619.657
3951.774
3551.52
3842.536
4222.818
3582.938
3753.535
4065.474
4587.399
3582.014
3780.829
3996.049
4368.092
5097.008
3593.831
3792.671
4038.433
4302.705
4842.228
0
3645.835
3821.808
4046.376
4350.081
4741.918
0
0
3646.953
3835.606
4084.245
4384.297
4831.99
0
0
0
3614.364
3832.412
4067.17
4366.85
4786.674
0
0
0
0
3660.706
3894.833
4131.108
4431.359
4855.807
0
0
0
0
0
3670.357
3816.898
4130.047
4457.15
4899.003
0
0
0
0
0
-4252.118
3682.891
3881.969
4171.031
4457.827
4946.614
0
0
0
0
0
-3656.009
-3924.351
3716.552
3910.317
4157.744
4475.043
4944.663
0
0
0
0
0
-4781.188
-3464.204
-3719.491
3744.725
3647.745
3946.574
3534.581
3816.466
4240.316
3576.187
3736.491
4096.351
4572.875
3575.204
3781.341
3999.306
4370.19
5112.885
3620.491
3782.416
4027.921
4282.346
4822.488
0
3621.916
3795.264
4045.496
4339.245
4736.116
0
0
3654.032
3849.535
4073.978
4358.625
4804.727
0
0
0
3641.045
3845.189
4107.278
4396.707
4847.739
0
0
0
0
3652.643
3829.285
4104.132
4389.787
4831.81
0
0
0
0
0
3629.789
3862.705
4155.82
4458.144
4911.183
0
0
0
0
0
-4318.384
3652.801
3882.459
4128.679
4458.858
4938.931
0
0
0
0
0
-3689.693
-3958.398
3710.903
3918.086
4165.22
4499.82
4953.033
0
0
0
0
0
-4789.438
-3473.372
-3733.018
3708.906
3917.499
4195.023
4486.25
4963.843
0
0
0
0
0
-4742.921
-4489.43
-3350.086
-3529.14
3706.25
3626.575
3958.179
3557.861
3846.109
4222.859
3599.38
3733.183
4079.113
4595.175
3581.677
3774.531
3976.745
4399.353
5096.095
3603.539
3772.553
4033.432
4286.47
4824.401
0
3634.184
3809.37
4047.039
4325.866
4709.791
0
0
3659.75
3826.27
4056.049
4352.277
4789.705
0
0
0
3662.48
3844.306
4116.349
4375.523
4819.821
0
0
0
0
3685.541
3854.121
4119.569
4433.247
4862.033
0
0
0
0
0
3663.439
3871.07
4114.84
4432.347
4866.625
0
0
0
0
0
-4392.773
3682.222
3861.624
4137.705
4472.225
4943.566
0
0
0
0
0
-3730.461
-4011.446
3709.242
3891.839
4159.328
4465.908
4947.595
0
0
0
0
0
-4798.743
-3500.9
-3760.593
3717.06
3926.581
4192.528
4493.539
4991.934
0
0
0
0
0
-4737.445
-4497.249
-3357.146
-3540.607
3672.581
3914.424
4197.058
4522.915
4978.718
0
0
0
0
0
-4774.974
-4451.408
-4285.548
-3206.42
-3393.601
3694.233
3641.322
3921.991
3572.562
3826.537
4239.245
3576.704
3756.096
4103.781
4569.367
3594.211
3793.742
3989.946
4391.388
5122.46
3596.543
3773.274
4025.891
4260.567
4853.303
0
3634.107
3805.397
4027.917
4334.567
4712.366
0
0
3647.05
3840.625
4061.53
4359.287
4773.621
0
0
0
3653.854
3871.592
4091.588
4366.956
4808.915
0
0
0
0
3681.434
3876.699
4111.526
4436.668
4833.646
0
0
0
0
0
3711.692
3888.719
4140.649
4447.267
4912.211
0
0
0
0
0
-4472.113
3681.562
3871.918
4140.831
4439.344
4914.27
0
0
0
0
0
-3791.909
-4069.822
3710.064
3904.533
4147.523
4467.568
4955.585
0
0
0
0
0
-4787.618
-3533.318
-3803.992
3718.441
3909.712
4166.2
4480.131
4962.236
0
0
0
0
0
-4735.107
-4506.94
-3380.176
-3564.207
3676.171
3918.831
4199.4
4513.308
4986.57
0
0
0
0
0
-4775.007
-4446.086
-4293.06
-3212.223
-3404.126
3689.063
3896.745
4196.195
4531.439
5017.193
0
0
0
0
0
-4808.604
-4483.431
-4247.673
-4072.715
-3093.046
3667.256
3608.001
3897.941
3587.394
3843.095
4199.524
3591.568
3769.555
4084.463
4584.613
3581.434
3776.588
4005.314
4411.06
5090.318
3591.03
3794.806
4046.136
4281.857
4850.954
0
3618.834
3800.337
4028.93
4328.072
4684.492
0
0
3648.23
3836.243
4063.217
4336.559
4783.379
0
0
0
3671.974
3851.096
4102.971
4361.954
4818.342
0
0
0
0
3669.897
3860.158
4137.114
4406.3
4827.598
0
0
0
0
0
3698.172
3889.602
4155.735
4428.94
4909.743
0
0
0
0
0
-4529.372
3723.084
3919.197
4158.871
4471.059
4928.917
0
0
0
0
0
-3849.416
-4131.915
3662.706
3887.935
4143.06
4469.313
4922.264
0
0
0
0
0
-4778.753
-3583.411
-3850.796
3737.194
3919.208
4180.937
4486.4
4957.143
0
0
0
0
0
-4725.909
-4496.712
-3406.592
-3601.698
3707.097
3916.467
4184.235
4492.96
4968.32
0
0
0
0
0
-4765.175
-4443.955
-4303.046
-3232.486
-3425.902
3680.588
3894.799
4204.193
4535.257
5004.985
0
0
0
0
0
-4804.652
-4483.357
-4242.53
-4080.022
-3098.301
3709.719
3896.545
4185.181
4533.354
5031.32
0
0
0
0
0
-4771.225
-4517.024
-4279.277
-4034.926
-3908.43
3649.533
3596.513
3865.233
3529.532
3793.153
4173.59
3612.508
3788.313
4098.63
4547.818
3595.777
3789.528
4020.192
4391.103
5104.013
3599.472
3787.298
4031.571
4297.296
4866.712
0
3636.334
3795.125
4049.156
4346.787
4713.093
0
0
3638.565
3814.665
4057.249
4333.665
4777.799
0
0
0
3659.825
3854.89
4095.32
4369.99
4792.856
0
0
0
0
3664.988
3866.485
4116.002
4417.788
4815.119
0
0
0
0
0
3690.179
3876.171
4127.877
4459.294
4873.092
0
0
0
0
0
-4563.558
3688.909
3911.276
4159.222
4480.529
4904.109
0
0
0
0
0
-3891.366
-4175.794
3723.73
3930.956
4191.601
4488.652
4955.796
0
0
0
0
0
-4773.882
-3628.956
-3900.613
3691.379
3872.687
4153.664
4473.416
4958.182
0
0
0
0
0
-4708.261
-4489.48
-3448.407
-3641.634
3688.255
3944.386
4196.198
4512.122
4982.052
0
0
0
0
0
-4751.031
-4435.257
-4293.645
-3255.351
-3460.683
3702.611
3907.653
4180.8
4527.341
4985.48
0
0
0
0
0
-4796.107
-4474.269
-4240.619
-4090.197
-3117.243
3712.801
3867.432
4183.864
4543.706
5035.784
0
0
0
0
0
-4764.301
-4513.087
-4279.163
-4030.016
-3915.548
3700.994
3926.806
4182.221
4537.603
5036.264
0
0
0
0
0
-4766.889
-4482.14
-4312.43
-4065.505
-3871.423
3642.389
3583.092
3830.314
3565.833
3786.631
4150.66
3587.028
3734.016
4035.029
4507.163
3613.841
3815.13
4040.713
4403.204
5062.793
3621.412
3796.277
4041.155
4317.093
4844.259
0
3656.028
3801.042
4051.846
4335.122
4731.807
0
0
3656.321
3840.015
4052.555
4354.246
4796.62
0
0
0
3639.309
3838.035
4074.461
4365.167
4786.751
0
0
0
0
3683.457
3866.731
4116.666
4407.782
4826.739
0
0
0
0
0
3662.255
3871.222
4123.862
4433.729
4884.508
0
0
0
0
0
-4581.255
3692.558
3896.429
4142.97
4448.824
4934.166
0
0
0
0
0
-3915.27
-4202.058
3709.957
3901.095
4183.34
4484.748
4961.452
0
0
0
0
0
-4778.91
-3662.056
-3934.843
3755.39
3929.422
4204.264
4524.404
4977.558
0
0
0
0
0
-4684.214
-4486.603
-3485.501
-3684.399
3715.982
3930.402
4157.514
4486.207
4965.526
0
0
0
0
0
-4736.811
-4419.021
-4287.72
-3292.237
-3497.705
3716.833
3882.312
4215.071
4530.363
5007.837
0
0
0
0
0
-4788.828
-4460.61
-4232.438
-4081.635
-3138.514
3666.936
3919.759
4190.801
4511.403
5033.118
0
0
0
0
0
-4757.077
-4504.944
-4270.69
-4028.387
-3925.622
3724.593
3897.737
4161.93
4533.448
5046.004
0
0
0
0
0
-4765.083
-4475.394
-4308.566
-4065.433
-3866.726
3684.299
3917.845
4217.397
4533.998
5046.019
0
0
0
0
0
-4773.464
-4479.164
-4279.389
-4097.633
-3901.005
3662.254
3573.196
3842.794
3552.95
3747.64
4114.434
3560.778
3745.019
4035.265
4481.905
3582.287
3768.006
3994.806
4329.286
5008.728
3629.03
3816.835
4073.096
4341.06
4853.284
0
3649.64
3823.988
4054.749
4343.901
4757.682
0
0
3655.721
3851.879
4059.281
4361.751
4786.312
0
0
0
3659.026
3860.455
4102.086
4360.159
4808.558
0
0
0
0
3674.15
3837.518
4095.917
4387.411
4822.048
0
0
0
0
0
3659.035
3886.673
4129.654
4431.578
4872.562
0
0
0
0
0
-4590.406
3701.401
3863.6
4139.466
4437.082
4905.101
0
0
0
0
0
-3930.654
-4214.882
3715.142
3894.857
4168.466
4466.721
4925.532
0
0
0
0
0
-4801.389
-3680.068
-3955.33
3736.497
3917.894
4179.514
4511.933
4967.85
0
0
0
0
0
-4660.035
-4494.435
-3512.243
-3713.011
3719.261
3963.719
4199.674
4533.911
5016.347
0
0
0
0
0
-4713.006
-4396.038
-4286.591
-3324.627
-3537.736
3668.353
3920.549
4220.849
4493.837
4980.13
0
0
0
0
0
-4772.706
-4447.426
-4217.412
-4076.883
-3173.218
3723.103
3925.236
4145.841
4551.824
5028.473
0
0
0
0
0
-4746.293
-4498.075
-4257.585
-4020.84
-3917.634
3715.307
3899.303
4211.596
4537.483
5011.394
0
0
0
0
0
-4756.069
-4468.512
-4300.818
-4057.549
-3865.28
3741.74
3927.576
4183.04
4515.711
5043.705
0
0
0
0
0
-4771.893
-4477.432
-4272.86
-4093.925
-3900.976
3726.617
3908.907
4215.21
4567.11
5047.361
0
0
0
0
0
-4782.596
-4486.726
-4277.274
-4065.763
-3932.102
3580.733
3864.059
3549.076
3751.278
4117.537
3546.09
3737.05
4002.448
4448.727
3568.109
3772.365
3996.693
4332.083
4978.513
3579.833
3777.6
4022.881
4293.572
4767.14
0
3659.118
3837.248
4076.05
4382.69
4787.047
0
0
3672.07
3854.785
4082.719
4362.573
4796.784
0
0
0
3669.395
3859.926
4110.89
4368.006
4820.155
0
0
0
0
3677.823
3863.505
4129.793
4416.707
4817.592
0
0
0
0
0
3682.913
3876.68
4104.553
4409.693
4853.368
0
0
0
0
0
-4593.693
3686.459
3864.632
4151.167
4447.729
4901.599
0
0
0
0
0
-3941.122
-4221.857
3694.69
3911.148
4131.075
4460.5
4907.822
0
0
0
0
0
-4838.178
-3691.896
-3964.627
3721.526
3920.843
4164.651
4495.808
4946.716
0
0
0
0
0
-4642.995
-4519.888
-3526.018
-3730.129
3744.793
3947.407
4188.574
4514.289
4999.071
0
0
0
0
0
-4691.648
-4373.895
-4296.533
-3347.794
-3563.987
3746.392
3925.715
4236.936
4530.091
5025.247
0
0
0
0
0
-4751.006
-4424.619
-4195.571
-4077.3
-3203.853
3715.405
3870.234
4199.985
4556.639
4990.184
0
0
0
0
0
-4731.05
-4483.48
-4245.337
-4007.042
-3913.53
3723.694
3950.883
4214.228
4487.595
5055.025
0
0
0
0
0
-4745.029
-4458.445
-4294.395
-4045.166
-3858.209
3724.777
3918.552
4191.72
4556.925
5046.027
0
0
0
0
0
-4762.788
-4469.139
-4266.33
-4086.64
-3893.511
3732.259
3941.166
4208.393
4530.223
5030.509
0
0
0
0
0
-4780.069
-4485.011
-4275.623
-4059.514
-3928.555
3755.43
3930.075
4212.429
4568.024
5079.483
0
0
0
0
0
-4793.745
-4496.401
-4285.318
-4063.905
-3901.256
3534.1
3758.041
4127.821
3596.271
3738.53
4001.288
4446.568
3558.185
3747.274
3999.073
4297.043
4939.222
3603.786
3754.235
4045.32
4297.812
4771.793
0
3632.396
3783.537
4044.578
4330.576
4740.491
0
0
3676.569
3866.739
4103.469
4388.296
4842.498
0
0
0
3657.12
3875.96
4117.702
4394.42
4820.513
0
0
0
0
3689.977
3881.699
4126.039
4423.683
4827.067
0
0
0
0
0
3678.942
3888.642
4129.76
4447.692
4883.577
0
0
0
0
0
-4586.721
3707.006
3888.121
4143.097
4426.052
4877.226
0
0
0
0
0
-3940.658
-4224.93
3676.049
3896.726
4134.758
4472.235
4920.643
0
0
0
0
0
-4868.145
-3700.492
-3970.028
3720.845
3900.115
4183.524
4455.495
4937.599
0
0
0
0
0
-4627.107
-4558.703
-3535.305
-3737.413
3732.608
3933.253
4193.225
4488.598
4980.447
0
0
0
0
0
-4668.03
-4358.479
-4324.207
-3359.233
-3579.577
3736.373
3946.591
4220.931
4518.949
5006.366
0
0
0
0
0
-4727.232
-4405.175
-4175.14
-4088.81
-3225.533
3752.316
3960.577
4209.307
4570.833
5022.532
0
0
0
0
0
-4709.941
-4462.663
-4223.621
-3986.618
-3914.683
3731.445
3934.494
4149.732
4534.876
5053.734
0
0
0
0
0
-4724.934
-4444.363
-4281.057
-4033.957
-3845.272
3725.985
3939.566
4234.52
4560.927
4994.221
0
0
0
0
0
-4752.868
-4458.691
-4256.945
-4080.788
-3881.74
3659.615
3921.235
4216.62
4545.866
5067.77
0
0
0
0
0
-4770.806
-4476.429
-4267.961
-4053.405
-3921.639
3735.455
3927.034
4227.367
4552.993
5042.427
0
0
0
0
0
-4789.922
-4493.796
-4283.558
-4062.377
-3895.263
3749.75
3946.413
4235.713
4561.974
5083.408
0
0
0
0
0
-4802.427
-4507.59
-4295.169
-4071.859
-3899.503
3594.185
3729.949
4000.594
4446.171
3577.735
3793.813
4006.116
4295.125
4935.047
3607.906
3765.299
4020.394
4306.85
4732.747
0
3650.003
3794.171
4022.484
4355.077
4746.924
0
0
3652.303
3820.522
4053.095
4349.755
4789.201
0
0
0
3689.591
3885.473
4134.013
4419.963
4851.876
0
0
0
0
3702.971
3863.725
4135.152
4435.348
4857.55
0
0
0
0
0
3679.482
3898.06
4149.552
4447.602
4889.913
0
0
0
0
0
-4566.735
3684.059
3883.261
4157.595
4448.377
4919.538
0
0
0
0
0
-3932.356
-4219.833
3711.681
3912.364
4154.917
4465.103
4902.077
0
0
0
0
0
-4870.111
-3700.059
-3972.887
3706.104
3884.199
4164.814
4458.516
4949.919
0
0
0
0
0
-4618.849
-4591.134
-3542.504
-3741.914
3718.664
3923.911
4168.415
4512.058
4937.01
0
0
0
0
0
-4655.121
-4343.776
-4364.435
-3367.13
-3585.992
3734.9
3943.571
4207.743
4523.646
4971.728
0
0
0
0
0
-4707.784
-4383.8
-4161.069
-4117.865
-3236.003
3719.925
3947.431
4213.782
4554.541
5009.528
0
0
0
0
0
-4682.958
-4440.829
-4205.789
-3967.866
-3926.696
3755.391
3964.484
4237.295
4548.057
5067.385
0
0
0
0
0
-4702.663
-4423.989
-4261.266
-4013.63
-3825.98
3717.215
3947.254
4213.748
4500.816
5032.844
0
0
0
0
0
-4737.446
-4439.904
-4243.868
-4068.682
-3871.275
3727.402
3939.997
4217.694
4578.553
5071.239
0
0
0
0
0
-4760.945
-4467.05
-4258.103
-4044.77
-3916.208
3743.566
3912.036
4217.181
4566.542
5056.265
0
0
0
0
0
-4781.98
-4485.088
-4275.471
-4055.319
-3889.483
3764.426
3924.378
4220.036
4568.37
5066.457
0
0
0
0
0
-4797.936
-4504.099
-4292.557
-4070.159
-3898.075
3753.375
3949.204
4239.246
4588.876
5078.75
0
0
0
0
0
-4809.841
-4517.232
-4306.2
-4081.442
-3907.242
3613.955
3795.441
4012.126
4276.489
4925.29
3584.59
3769.806
4049.498
4309.478
4726.053
0
3646.307
3785.171
4048.881
4336.519
4760.356
0
0
3675.051
3851.716
4066.284
4340.141
4817.678
0
0
0
3651.395
3860.169
4092.913
4362.685
4807.939
0
0
0
0
3708.285
3895.861
4153.669
4455.544
4887.374
0
0
0
0
0
3687.841
3910.821
4142.474
4450.59
4907.126
0
0
0
0
0
-4532.977
3686.9
3889.423
4165.757
4472.901
4922.751
0
0
0
0
0
-3917.495
-4204.794
3700.015
3885.635
4153.803
4480.913
4921.75
0
0
0
0
0
-4834.744
-3693.425
-3969.195
3724.09
3918.955
4180.726
4477.646
4942.831
0
0
0
0
0
-4623.474
-4592.596
-3542.129
-3744.597
3688.344
3910.969
4159.477
4491.497
4938.826
0
0
0
0
0
-4652.408
-4336.238
-4398.607
-3373.509
-3590.079
3709.822
3932.546
4194.848
4495.332
4997.906
0
0
0
0
0
-4699.247
-4371.66
-4147.355
-4158.735
-3243.292
3738.053
3948.034
4218.588
4540.639
5012.979
0
0
0
0
0
-4665.105
-4422.512
-4186.228
-3955.095
-3955.787
3730.082
3935.659
4222.558
4543.385
5048.73
0
0
0
0
0
-4678.688
-4399.587
-4241.03
-3997.389
-3808.398
3755.512
3974.987
4246.911
4577.124
5048.05
0
0
0
0
0
-4708.178
-4418.679
-4224.413
-4050.232
-3852.079
3750.662
3925.342
4224.925
4544.791
5006.099
0
0
0
0
0
-4742.968
-4452.801
-4240.479
-4032.773
-3904.933
3736.319
3927.644
4233.638
4555.2
5087.659
0
0
0
0
0
-4769.106
-4475.652
-4266.641
-4046.156
-3881.387
3751.748
3946.316
4230.759
4566.584
5080.41
0
0
0
0
0
-4790.071
-4496.682
-4284.388
-4062.6
-3891.427
3757.288
3955.05
4227.549
4568.796
5082.005
0
0
0
0
0
-4807.676
-4512.862
-4302.98
-4078.919
-3905.627
3759.904
3960.846
4228.679
4584.244
5104.688
0
0
0
0
0
-4817.032
-4525.131
-4316.268
-4092.023
-3916.521
3623.841
3801.018
4057.543
4314.727
4699.17
0
3632.752
3781.352
4042.46
4355.105
4765.113
0
0
3641.529
3844.397
4060.704
4364.115
4803.723
0
0
0
3618.785
3871.448
4131.744
4380.917
4808.36
0
0
0
0
3600.05
3860.536
4129.651
4413.996
4826.245
0
0
0
0
0
3710.251
3918.06
4164.656
4477.448
4931.699
0
0
0
0
0
-4475.899
3716.589
3893.535
4180.069
4467.764
4922.837
0
0
0
0
0
-3892.714
-4179.262
3709.147
3895.691
4165.393
4490.834
4951.499
0
0
0
0
0
-4803.305
-3681.984
-3957.727
3719.479
3909.198
4154.171
4475.554
4960.408
0
0
0
0
0
-4629.127
-4555.643
-3536.717
-3741.706
3711.161
3924.791
4187.347
4504.612
4957.24
0
0
0
0
0
-4651.311
-4340.188
-4399.715
-3373.187
-3592.653
3718.401
3889.63
4177.823
4491.923
4975.381
0
0
0
0
0
-4691.772
-4369.168
-4140.392
-4193.705
-3249.28
3734.471
3913.744
4208.197
4523.001
4981.249
0
0
0
0
0
-4652.835
-4415.2
-4174.76
-3942.355
-3996.148
3738.023
3942.912
4225.303
4553.144
5032.556
0
0
0
0
0
-4662.863
-4383.091
-4223.782
-3979.473
-3796.499
3751.179
3948.586
4210.934
4559.036
5036.048
0
0
0
0
0
-4688.692
-4396.987
-4202.124
-4031.596
-3836.926
3746.333
3969.251
4255.403
4589.772
5080.125
0
0
0
0
0
-4718.676
-4425.358
-4220.395
-4014.592
-3887.561
3741.504
3949.175
4204.603
4560.964
5043.237
0
0
0
0
0
-4751.623
-4459.008
-4253.4
-4029.778
-3870.172
3773.47
3939.833
4232.582
4581.976
5061.879
0
0
0
0
0
-4778.304
-4484.426
-4275.399
-4054.431
-3882.796
3775.506
3934.768
4257.011
4592.969
5081.022
0
0
0
0
0
-4799.857
-4505.315
-4296.052
-4071.313
-3898.467
3759.188
3968.798
4235.552
4573.677
5083.193
0
0
0
0
0
-4813.255
-4522.687
-4312.045
-4089.058
-3914.109
3759.743
3969.415
4248.402
4567.635
5096.658
0
0
0
0
0
-4826.557
-4532.469
-4324.336
-4101.98
-3926.722
3628.22
3802.213
4060.395
4358.447
4766.894
0
0
3643.995
3853.106
4042.946
4360.945
4816.223
0
0
0
3648.518
3832.213
4118.11
4378.268
4831.997
0
0
0
0
3621.124
3832.055
4142.706
4453.72
4848.981
0
0
0
0
0
3707.993
3825.732
4134.73
4452.332
4888.851
0
0
0
0
0
-4397.322
3727.218
3921.111
4190.278
4490.373
4957.805
0
0
0
0
0
-3850.531
-4135.178
3722.536
3929.325
4160.228
4507.27
4948.928
0
0
0
0
0
-4783.648
-3663.058
-3938.181
3718.234
3916.522
4170.2
4494.913
4972.598
0
0
0
0
0
-4644.259
-4521.091
-3527.729
-3732.295
3709.231
3914.794
4192.153
4477.807
4954.638
0
0
0
0
0
-4658.829
-4345.516
-4361.674
-3368.461
-3590.118
3722.72
3917.768
4190.414
4514.028
4986.33
0
0
0
0
0
-4692.304
-4368.166
-4143.855
-4194.597
-3248.983
3705.032
3919.436
4167.006
4504.635
4980.758
0
0
0
0
0
-4645.207
-4408.321
-4172.473
-3935.926
-4030.711
3750.195
3945.149
4188.792
4542.532
5011.526
0
0
0
0
0
-4651.215
-4371.967
-4217.385
-3968.764
-3784.471
3746.995
3948.289
4213.109
4562.223
5047.547
0
0
0
0
0
-4668.429
-4382.66
-4186.768
-4015.551
-3820.11
3765.047
3960.291
4233.94
4546.847
5057.397
0
0
0
0
0
-4695.64
-4407.096
-4200.543
-3994.252
-3870.073
3772.2
3953.628
4250.712
4594.773
5094.653
0
0
0
0
0
-4726.367
-4436.137
-4227.675
-4011.103
-3853.041
3757.696
3937.548
4235.653
4550.416
5065.356
0
0
0
0
0
-4758.416
-4468.381
-4259.909
-4042.275
-3867.351
3770.879
3972.828
4250.169
4581.037
5095.758
0
0
0
0
0
-4787.814
-4494.153
-4284.426
-4062.92
-3890.801
3732.408
3973.497
4226.941
4602.804
5109.283
0
0
0
0
0
-4805.398
-4515.377
-4304.837
-4082.64
-3906.916
3746.393
3980.53
4260.176
4578.676
5087.033
0
0
0
0
0
-4822.46
-4528.889
-4321.758
-4097.961
-3923.93
3767.454
3969.363
4266.026
4593.37
5079.758
0
0
0
0
0
-4833.787
-4541.85
-4331.632
-4109.853
-3936.417
3604.005
3824.461
4065.952
4372.032
4816.904
0
0
0
3660.942
3830.164
4116.435
4355.779
4831.686
0
0
0
0
3641.419
3853.336
4117.712
4438.71
4850.512
0
0
0
0
0
3665.62
3856.669
4122.78
4462.775
4931.791
0
0
0
0
0
-4319.298
3669.963
3897.323
4118.674
4461.909
4932.701
0
0
0
0
0
-3792.257
-4073.984
3721.889
3942.994
4191.271
4519.534
4974.102
0
0
0
0
0
-4778.176
-3629.95
-3903.469
3698.031
3927.741
4200.791
4485.606
4991.745
0
0
0
0
0
-4664.74
-4498.647
-3513
-3716.231
3728.155
3926.977
4183.799
4502.37
4980.958
0
0
0
0
0
-4668.661
-4359.697
-4324.917
-3360.812
-3581.634
3721.135
3908.387
4177.765
4522.894
4959.061
0
0
0
0
0
-4698.439
-4374.86
-4148.88
-4156.192
-3244.573
3730.692
3923.765
4193.185
4513.189
4998.988
0
0
0
0
0
-4646.845
-4408.781
-4171.548
-3939.062
-4031.513
3726.077
3911.688
4187.48
4496.792
4990.172
0
0
0
0
0
-4643.145
-4364.716
-4211.057
-3966.741
-3778.415
3756.314
3952.22
4219.732
4521.479
5035.284
0
0
0
0
0
-4653.103
-4371.537
-4176.625
-4009.978
-3810.002
3761.394
3958.538
4221.937
4544.447
5059.024
0
0
0
0
0
-4677.538
-4388.544
-4187.47
-3980.089
-3854.956
3746.258
3975.442
4239.073
4576.907
5045.387
0
0
0
0
0
-4703.895
-4415.292
-4210.57
-3992.992
-3834.001
3782.227
3986.003
4230.351
4594.102
5099.258
0
0
0
0
0
-4735.092
-4444.656
-4238.468
-4018.372
-3849.782
3732.937
3973.745
4228.102
4574.442
5059.554
0
0
0
0
0
-4766.51
-4475.942
-4269.586
-4048.637
-3879.43
3746.652
3975.569
4255.016
4608.523
5094.027
0
0
0
0
0
-4793.299
-4504.038
-4294.329
-4071.762
-3899.008
3753.616
3938.185
4264.286
4576.319
5118.286
0
0
0
0
0
-4814.941
-4521.429
-4314.901
-4091.175
-3917.879
3768.907
3954.642
4267.411
4607.894
5091.382
0
0
0
0
0
-4831.472
-4537.874
-4328.238
-4107.295
-3932.579
3763.819
3969.788
4264.908
4616.475
5109.551
0
0
0
0
0
-4840.075
-4549.324
-4340.739
-4116.858
-3944.05
3664.572
3807.55
4100.866
4379.352
4839.227
0
0
0
0
3672.188
3852.185
4116.971
4434.968
4825.99
0
0
0
0
0
3663.234
3856.506
4138.149
4444.626
4920.228
0
0
0
0
0
-4253.951
3727.501
3869.381
4148.714
4461.87
4943.822
0
0
0
0
0
-3733.188
-4012.283
3632.254
3877.159
4161.651
4451.294
4946.013
0
0
0
0
0
-4778.477
-3583.652
-3854.666
3720.23
3939.182
4219.811
4520.31
5006.564
0
0
0
0
0
-4684.998
-4490.564
-3486.404
-3686.98
3746.325
3907.397
4198.319
4531.199
4970.68
0
0
0
0
0
-4693.65
-4378.237
-4300.383
-3348.401
-3567.11
3734.722
3933.951
4204.499
4510.898
4991.186
0
0
0
0
0
-4705.368
-4384.018
-4162.212
-4118.284
-3237.512
3715.469
3935.126
4181.959
4500.254
5011.172
0
0
0
0
0
-4652.879
-4414.266
-4177.601
-3943.734
-3993.73
3711.655
3938.076
4193.894
4524.024
4997.372
0
0
0
0
0
-4644.837
-4366.308
-4211.475
-3965.877
-3781.379
3750.165
3937.862
4195.076
4516.433
4985.686
0
0
0
0
0
-4646.686
-4364.03
-4169.724
-4004.187
-3808.171
3736.075
3962.423
4224.869
4554.725
5015.429
0
0
0
0
0
-4663.548
-4374.876
-4176.882
-3970.892
-3849.892
3756.035
3972.236
4237.249
4556.823
5038.008
0
0
0
0
0
-4686.58
-4398.53
-4193.447
-3981.159
-3820.717
3767.523
3967.818
4253.533
4575.96
5081.867
0
0
0
0
0
-4711.976
-4423.698
-4219.417
-4002.601
-3832.856
3783.596
4000.063
4273.913
4569.53
5102.394
0
0
0
0
0
-4744.376
-4453.883
-4247.382
-4028.803
-3856.882
3775.526
3953.109
4247.524
4575.467
5080.414
0
0
0
0
0
-4775.162
-4484.605
-4277.528
-4058.142
-3885.601
3771.005
3957.917
4265.429
4596.507
5125.159
0
0
0
0
0
-4803.981
-4510.318
-4304.26
-4081.429
-3907.593
3738.267
3954.125
4216.904
4609.784
5092.825
0
0
0
0
0
-4821.073
-4530.997
-4321.18
-4100.917
-3926.141
3731.085
3971.261
4243.77
4617.079
5125.081
0
0
0
0
0
-4834.967
-4546.916
-4336.895
-4113.677
-3941.584
3779.972
3985.922
4273.219
4612.473
5134.654
0
0
0
0
0
-4845.635
-4555.932
-4348.223
-4125.521
-3950.805
3679.131
3872.506
4104.32
4427.237
4850.772
0
0
0
0
0
3664.296
3861.571
4134.295
4449.692
4913.831
0
0
0
0
0
-4214.578
3664.228
3881.175
4149.988
4463.844
4931.389
0
0
0
0
0
-3686.456
-3960.596
3617.666
3930.017
4158.263
4479.142
4954.267
0
0
0
0
0
-4786.172
-3535.73
-3804.807
3721.47
3846.414
4134.02
4487.284
4940.365
0
0
0
0
0
-4711.678
-4489.098
-3448.564
-3645.29
3744.689
3934.513
4216.112
4553.884
5009.81
0
0
0
0
0
-4716.086
-4396.71
-4290.296
-3325.464
-3540.186
3736.634
3957.12
4188.108
4528.896
5021.352
0
0
0
0
0
-4722.038
-4407.346
-4179.17
-4092.409
-3226.083
3718.16
3943.519
4203.684
4539.348
4997.74
0
0
0
0
0
-4664.547
-4420.345
-4186.165
-3956.167
-3956.106
3719.184
3927.413
4211.165
4509.575
4984.508
0
0
0
0
0
-4653.97
-4371.833
-4216.434
-3971.366
-3785.776
3747.784
3922.126
4206.299
4523.071
5013.884
0
0
0
0
0
-4647.779
-4365.572
-4171.28
-4004.579
-3807.348
3754.113
3947.597
4211.09
4528.91
5006.701
0
0
0
0
0
-4654.421
-4368.84
-4169.902
-3964.4
-3844.469
3758.796
3942.871
4236.77
4556.262
5049.84
0
0
0
0
0
-4672.947
-4385.801
-4181.094
-3971.262
-3812.152
3755.398
3971.922
4252.029
4575.194
5054.003
0
0
0
0
0
-4692.735
-4407.763
-4203.862
-3986.877
-3821.867
3749.559
3984.504
4254.998
4593.356
5076.443
0
0
0
0
0
-4721.075
-4432.632
-4227.807
-4011.465
-3842.12
3789.681
3997.381
4284.48
4620.912
5075.354
0
0
0
0
0
-4752.758
-4463.354
-4256.757
-4037.61
-3866.967
3702.459
3978.699
4244.021
4583.8
5085.978
0
0
0
0
0
-4783.754
-4493.639
-4286.413
-4066.005
-3894.836
3706.603
3973.958
4269.754
4615.135
5110.887
0
0
0
0
0
-4810.603
-4520.608
-4310.936
-4091.057
-3916.968
3781.27
3930.093
4246.278
4561.453
5125.016
0
0
0
0
0
-4828.202
-4537.337
-4330.576
-4107.079
-3935.562
3749.375
3953.315
4270.725
4595.848
5135.682
0
0
0
0
0
-4843.376
-4550.99
-4345.803
-4121.862
-3947.789
3771.872
3978.885
4287.757
4624.547
5129.792
0
0
0
0
0
-4853.94
-4561.71
-4354.894
-4132.761
-3959.134
3673.687
3880.911
4134.39
4436.837
4911.374
0
0
0
0
0
-4193.951
3704.261
3881.116
4142.1
4460.14
4939.152
0
0
0
0
0
-3657.217
-3929.441
3702.846
3851.219
4155.937
4478.407
4951.461
0
0
0
0
0
-4796.272
-3498.044
-3762.976
3694.172
3845.207
4196.867
4489.867
4969.595
0
0
0
0
0
-4724.541
-4495.125
-3408.771
-3602.505
3704.31
3926.255
4132.14
4454.397
4975.878
0
0
0
0
0
-4734.216
-4422.066
-4287.286
-3292.342
-3501.227
3738.481
3958.654
4210.536
4550.839
5047.444
0
0
0
0
0
-4749.664
-4427.734
-4196.167
-4080.81
-3204.654
3749.414
3945.053
4235.166
4522.713
5019.868
0
0
0
0
0
-4683.448
-4435.731
-4208.023
-3971.653
-3930.14
3745.774
3935.288
4218.372
4533.811
5033.128
0
0
0
0
0
-4662.931
-4382.751
-4221.806
-3979.252
-3797.526
3737.737
3927.173
4204.018
4545.771
4997.771
0
0
0
0
0
-4656.805
-4374.139
-4176.375
-4009.051
-3812.472
3747.849
3958.113
4203.058
4535.419
5012.189
0
0
0
0
0
-4656.678
-4369.818
-4171.296
-3965.917
-3844.843
3735.597
3960.173
4218.187
4543.324
5023.071
0
0
0
0
0
-4667.147
-4377.46
-4175.425
-3964.814
-3805.999
3752.832
3967.485
4218.683
4569.313
5050.689
0
0
0
0
0
-4680.795
-4395.69
-4192.181
-3975.68
-3812.541
3768.667
3969.393
4254.979
4590.325
5075.232
0
0
0
0
0
-4703.002
-4414.855
-4213.075
-3997.176
-3827.378
3771.776
3963.801
4267.147
4599.979
5097.141
0
0
0
0
0
-4728.765
-4441.834
-4237.127
-4019.542
-3850.791
3780.839
4008.055
4280.268
4631.41
5132.235
0
0
0
0
0
-4764.216
-4472.055
-4266.176
-4046.74
-3875.542
3717.942
3926.71
4259.554
4583.769
5088.228
0
0
0
0
0
-4793.127
-4502.19
-4295.49
-4074.714
-3902.5
3764.087
3930.79
4267.85
4619.502
5131.616
0
0
0
0
0
-4817.276
-4527.435
-4320.779
-4097.699
-3926.283
3743.068
3984.429
4229.719
4602.641
5076.565
0
0
0
0
0
-4837.275
-4544.462
-4336.923
-4116.081
-3941.548
3750.33
3975.326
4256.88
4623.5
5116.701
0
0
0
0
0
-4849.273
-4559.42
-4350.158
-4130.426
-3955.644
3756.563
3972.816
4280.028
4640.331
5144.117
0
0
0
0
0
-4858.708
-4569.787
-4360.692
-4139.234
-3966.136
3646.502
3887.15
4151.396
4455.087
4922.984
0
0
0
0
0
-3640.612
-3913.265
3694.438
3891.405
4167.151
4465.751
4948.703
0
0
0
0
0
-4786.447
-3474.425
-3737.827
3681.476
3892.587
4150.397
4489.277
4970.241
0
0
0
0
0
-4733.455
-4504.792
-3377.618
-3566.65
3726.773
3917.082
4156.961
4520.661
4981.986
0
0
0
0
0
-4750.309
-4434.04
-4291.994
-3257.367
-3461.48
3720.058
3910.442
4204.583
4476.674
4940.744
0
0
0
0
0
-4773.256
-4444.939
-4220.145
-4076.432
-3173.306
3762.363
3944.802
4237.833
4546.988
5045.797
0
0
0
0
0
-4706.147
-4461.494
-4226.734
-3987.166
-3918.056
3751.129
3964.194
4222.686
4572.521
5018.876
0
0
0
0
0
-4682.599
-4399.811
-4236.084
-3999.617
-3812.023
3734.466
3952.867
4225.012
4551.422
5026.075
0
0
0
0
0
-4669.403
-4382.219
-4186.567
-4013.711
-3819.848
3740.309
3943.045
4203.484
4540.013
5040.044
0
0
0
0
0
-4667.411
-4377.917
-4179.384
-3970.58
-3848.996
3748.575
3950.368
4233.461
4540.098
5025.488
0
0
0
0
0
-4665.554
-4379.213
-4176.331
-3966.092
-3807.47
3746.907
3943.216
4231.289
4547.42
5036.499
0
0
0
0
0
-4674.884
-4390.203
-4184.503
-3970.422
-3806.472
3764.633
3963.133
4244.028
4551.483
5065.672
0
0
0
0
0
-4690.623
-4404.103
-4202.226
-3986.494
-3816.924
3773.668
3985.904
4251.601
4595.51
5091.021
0
0
0
0
0
-4711.817
-4425.099
-4220.618
-4006.053
-3837.416
3781.811
3989.048
4254.575
4611.126
5107.855
0
0
0
0
0
-4736.317
-4449.917
-4246.218
-4028.751
-3858.593
3783.728
3997.632
4294.177
4626.112
5143.167
0
0
0
0
0
-4768.819
-4483.456
-4274.919
-4055.815
-3884.391
3755.26
3931.53
4225.691
4599.1
5090.357
0
0
0
0
0
-4799.394
-4511.422
-4303.886
-4083.501
-3910.96
3766.059
3975.459
4243.202
4622.768
5136.237
0
0
0
0
0
-4825.418
-4534.404
-4327.617
-4106.989
-3932.764
3723.495
3935.034
4264.483
4589.122
5125.492
0
0
0
0
0
-4843.659
-4553.62
-4343.911
-4122.2
-3950.225
3771.668
3974.563
4273.384
4605.124
5144.402
0
0
0
0
0
-4857.144
-4565.417
-4358.438
-4134.748
-3963.907
3769.525
3980.795
4271.31
4637.912
5161.316
0
0
0
0
0
-4862.212
-4574.864
-4368.467
-4144.837
-3972.4
3595.351
3881.44
4168.434
4474.768
4940.25
0
0
0
0
0
-4783.444
-3461.032
-3724.918
3715.905
3919.572
4168.613
4500.402
4953.903
0
0
0
0
0
-4738.099
-4494.439
-3358.082
-3545.177
3681.533
3912.028
4166.744
4494.238
4985.315
0
0
0
0
0
-4765.444
-4442.498
-4301.159
-3230.139
-3428.319
3725.923
3928.988
4217.181
4512.976
5011.373
0
0
0
0
0
-4785.597
-4459.686
-4231.343
-4079.979
-3140.44
3661.344
3933.124
4181.952
4537.482
4979.679
0
0
0
0
0
-4725.237
-4483.856
-4242.906
-4009.546
-3913.087
3759.039
3970.399
4223.255
4577.673
5045.205
0
0
0
0
0
-4703.89
-4420.432
-4260.176
-4016.699
-3826.505
3753.001
3962.374
4245.401
4561.949
5070.436
0
0
0
0
0
-4687.026
-4400.476
-4202.177
-4026.822
-3839.102
3755.993
3941.741
4228.649
4564.782
5045.275
0
0
0
0
0
-4677.201
-4389.532
-4186.727
-3979.966
-3853.197
3753.712
3945.205
4215.902
4534.963
5035.672
0
0
0
0
0
-4672.249
-4389.206
-4183.665
-3973.682
-3811.828
3748.441
3958.442
4221.976
4568.087
5036.182
0
0
0
0
0
-4674.975
-4388.704
-4185.899
-3971.283
-3807.684
3750.983
3963.458
4217.914
4560.639
5040.471
0
0
0
0
0
-4684.208
-4398.364
-4197.046
-3979.428
-3811.979
3763.274
3970.863
4240.354
4582.414
5047.979
0
0
0
0
0
-4702.602
-4414.37
-4210.884
-3996.286
-3827.417
3743.471
3987.95
4267.512
4594.416
5098.875
0
0
0
0
0
-4718.562
-4434.478
-4230.687
-4013.548
-3845.993
3782.77
3995.022
4274.173
4599.641
5119.196
0
0
0
0
0
-4744.995
-4458.022
-4254.422
-4037.471
-3867.563
3797.214
4003.449
4282.061
4642.487
5138.12
0
0
0
0
0
-4776.48
-4488.373
-4286.11
-4064.29
-3893.157
3765.509
3981.158
4221.709
4572.602
5105.261
0
0
0
0
0
-4805.448
-4517.966
-4312.854
-4091.552
-3919.456
3764.157
3986.002
4276.43
4599.6
5144.195
0
0
0
0
0
-4830.204
-4542.451
-4334.634
-4113.6
-3941.673
3744.677
3965.979
4224.684
4609.973
5113.577
0
0
0
0
0
-4848.604
-4559.992
-4352.938
-4128.879
-3956.136
3764.279
3964.984
4276.004
4626.609
5122.984
0
0
0
0
0
-4859.124
-4573.169
-4364.376
-4142.696
-3968.122
3752.219
3978.837
4270.6
4627.518
5162.655
0
0
0
0
0
-4868.321
-4578.464
-4373.626
-4152.215
-3977.817
3641.21
3833.826
4163.916
4497.413
4964.433
0
0
0
0
0
-4744.36
-4490.972
-3347.019
-3534.279
3685.479
3920.18
4201.213
4491.813
4997.531
0
0
0
0
0
-4776.382
-4446.546
-4290.449
-3213.078
-3408.537
3686.509
3899.18
4201.206
4498.485
4997.049
0
0
0
0
0
-4792.965
-4474.216
-4239.328
-4088.494
-3115.009
3700.003
3932.291
4210.203
4558.991
5022.533
0
0
0
0
0
-4744.481
-4495.16
-4256.553
-4019.836
-3916.013
3672.227
3909.217
4211.868
4519.07
5035.219
0
0
0
0
0
-4723.474
-4439.034
-4281.257
-4031.579
-3847.645
3761.174
3971.888
4245.766
4559.193
5079.289
0
0
0
0
0
-4710.708
-4419.693
-4221.043
-4049.18
-3855.065
3753.476
3964.992
4239.129
4585.033
5061.743
0
0
0
0
0
-4696.102
-4405.649
-4203.69
-3994.211
-3865.46
3754.549
3963.927
4220.981
4563.846
5064.401
0
0
0
0
0
-4687.024
-4397.983
-4194.46
-3980.269
-3820.619
3737.934
3961.719
4217.444
4550.535
5028.857
0
0
0
0
0
-4683.636
-4395.108
-4195.259
-3977.947
-3814.883
3706.096
3963.007
4233.202
4553.423
5064.95
0
0
0
0
0
-4684.506
-4399.023
-4195.609
-3980.6
-3812.809
3747.797
3967.164
4239.126
4555.041
5055.384
0
0
0
0
0
-4691.974
-4407.922
-4205.355
-3991.475
-3820.768
3775.315
3976.355
4246.925
4579.655
5082.825
0
0
0
0
0
-4706.459
-4426.069
-4221.241
-4004.783
-3836.917
3788.175
3945.567
4267.738
4610.366
5099.583
0
0
0
0
0
-4724.938
-4441.606
-4240.288
-4023.207
-3853.307
3787.969
4002.294
4280.24
4621.843
5108.796
0
0
0
0
0
-4753.415
-4466.646
-4262.734
-4045.469
-3875.974
3793.099
4013.943
4293.452
4629.038
5156.335
0
0
0
0
0
-4783.307
-4496.213
-4291.155
-4075.053
-3901.358
3763.065
3974.236
4263.705
4572.987
5088.456
0
0
0
0
0
-4813.374
-4524.413
-4319.454
-4100.094
-3927.224
3766.975
3993.267
4279.559
4632.131
5122.136
0
0
0
0
0
-4837.864
-4547.617
-4342.454
-4120.407
-3948.066
3769.47
3975.738
4279.356
4589.051
5128.756
0
0
0
0
0
-4852.838
-4565.426
-4359.171
-4137.568
-3962.568
3753.053
3979.088
4268.101
4630.3
5149.508
0
0
0
0
0
-4862.493
-4575.578
-4371.882
-4148.402
-3975.789
3738.123
3977.634
4269.584
4623.832
5152.839
0
0
0
0
0
-4871.375
-4584.3
-4377.195
-4157.237
-3984.907
3673.859
3885.727
4149.94
4499.161
4990.665
0
0
0
0
0
-4775.83
-4452.515
-4286.616
-3203.446
-3398.558
3721.297
3943.408
4199.876
4538.796
4983.309
0
0
0
0
0
-4803.283
-4484.451
-4242.89
-4077.583
-3099.11
3676.242
3901.333
4191.065
4543.095
4999.226
0
0
0
0
0
-4754.648
-4502.129
-4270.43
-4027.219
-3924.014
3718.548
3931.315
4224.646
4548.389
5060.034
0
0
0
0
0
-4745.573
-4456.936
-4291.677
-4044.095
-3857.258
3706.566
3893.774
4175.185
4551.033
5019.724
0
0
0
0
0
-4736.051
-4439.002
-4238.886
-4068.758
-3868.966
3766.898
3974.251
4251.363
4583.699
5057.978
0
0
0
0
0
-4719.535
-4427.474
-4221.241
-4011.375
-3886.539
3769.901
3966.197
4244.931
4578.678
5086.21
0
0
0
0
0
-4705.737
-4415.42
-4209.266
-3995.888
-3833.931
3759.448
3968.409
4237.798
4555.844
5062.077
0
0
0
0
0
-4695.238
-4408.393
-4203.205
-3987.899
-3820.957
3766.839
3945.653
4239.21
4551.699
5047.384
0
0
0
0
0
-4687.959
-4406.412
-4201.702
-3989.346
-3819.048
3768.793
3913.604
4243.341
4569.219
5047.952
0
0
0
0
0
-4691.624
-4408.527
-4206.346
-3990.089
-3821.845
3767.932
3962.859
4249.255
4575.173
5054.079
0
0
0
0
0
-4700.593
-4416.35
-4214.898
-3999.572
-3832.396
3752.142
3986.724
4254.937
4584.568
5081.315
0
0
0
0
0
-4714.807
-4430.432
-4232.582
-4014.859
-3845.177
3751.324
3998.903
4227.058
4609.67
5116.113
0
0
0
0
0
-4735.441
-4448.264
-4247.548
-4032.639
-3862.627
3776.438
4003.468
4290.36
4627.228
5133.175
0
0
0
0
0
-4760.384
-4474.872
-4271.189
-4053.626
-3883.732
3792.622
4008.648
4299.277
4645.696
5142.66
0
0
0
0
0
-4790.658
-4503.393
-4298.914
-4079.975
-3911.751
3748.45
3962.764
4259.43
4611.334
5087.578
0
0
0
0
0
-4817.838
-4532.131
-4325.993
-4106.503
-3935.441
3793.483
3983.754
4271.856
4632.101
5154.792
0
0
0
0
0
-4842.36
-4555.186
-4347.746
-4127.857
-3954.655
3773.216
3995.386
4287.155
4635.584
5114.246
0
0
0
0
0
-4856.886
-4569.619
-4364.789
-4143.518
-3970.957
3738.521
3996.534
4272.377
4625.087
5155.092
0
0
0
0
0
-4867.6
-4578.973
-4374.49
-4155.546
-3981.297
3784.62
3954
4292.574
4622.277
5145.722
0
0
0
0
0
-4872.572
-4587.519
-4382.698
-4160.644
-3989.774
3746.772
3889.972
4170.58
4510.305
4998.608
0
0
0
0
0
-4808.24
-4484.057
-4248.566
-4073.505
-3090.155
3725.121
3934.753
4222.624
4535.653
5040
0
0
0
0
0
-4760.829
-4511.85
-4280.05
-4030.327
-3913.22
3763.08
3917.249
4190.088
4528.258
5048.104
0
0
0
0
0
-4754.648
-4466.301
-4298.249
-4057.178
-3864.179
3713.967
3952.215
4228.828
4566.103
5051.529
0
0
0
0
0
-4755.141
-4458.834
-4255.625
-4078.206
-3880.681
3671.017
3926.473
4196.964
4505.002
5053.232
0
0
0
0
0
-4744.878
-4451.652
-4239.913
-4028.052
-3904.964
3751.394
3980.453
4258.735
4593.197
5085.545
0
0
0
0
0
-4728.274
-4437.504
-4229.494
-4011.836
-3849.941
3770.554
3980.997
4246.066
4585.466
5081.01
0
0
0
0
0
-4711.247
-4425.472
-4219.346
-4001.392
-3835.609
3757.761
3972.176
4249.081
4572.739
5053.51
0
0
0
0
0
-4708.146
-4417.255
-4213.83
-3996.477
-3828.382
3745.562
3967.86
4223.767
4577.937
5048.999
0
0
0
0
0
-4697.875
-4411.886
-4212.796
-3995.792
-3830.136
3763.284
3983.6
4200.371
4582.004
5067.092
0
0
0
0
0
-4701.849
-4416.141
-4215.673
-4000.722
-3831.056
3754.666
3980.427
4248.785
4589.433
5073.596
0
0
0
0
0
-4708.117
-4425.147
-4223.575
-4008.796
-3840.252
3770.066
3956.855
4265.674
4594.635
5085.913
0
0
0
0
0
-4721.808
-4439.024
-4237.178
-4025.681
-3854.944
3778.632
3959.516
4280.738
4567.613
5115.829
0
0
0
0
0
-4742.666
-4458.567
-4254.254
-4039.727
-3871.8
3807.143
3991.238
4288.515
4639.293
5139.03
0
0
0
0
0
-4765.862
-4482.258
-4279.136
-4061.73
-3891.662
3808.14
4011.463
4295.848
4648.918
5163.258
0
0
0
0
0
-4797.455
-4510.471
-4306.178
-4087.423
-3916.528
3764.621
3960.997
4242.407
4603.59
5125.867
0
0
0
0
0
-4823.322
-4536.882
-4333.429
-4112.864
-3941.649
3806.381
4001.651
4267.539
4616.477
5152.066
0
0
0
0
0
-4845.178
-4559.786
-4355.103
-4133.025
-3961.824
3767.258
3979.413
4297.395
4645.006
5158.367
0
0
0
0
0
-4859.468
-4573.554
-4368.877
-4149.045
-3976.686
3766.576
3977.284
4293.497
4623.964
5148.384
0
0
0
0
0
-4869.906
-4583.817
-4377.8
-4158.134
-3988.166
3772.954
4001.912
4269.627
4645.311
5146.915
0
0
0
0
0
-4870.648
-4588.843
-4385.939
-4165.78
-3993.054
3739.866
3938.929
4199.134
4514.784
5017.843
0
0
0
0
0
-4766.713
-4516.558
-4279.749
-4035.691
-3909.117
3756.86
3922.919
4220.189
4560.269
5039.151
0
0
0
0
0
-4763.505
-4472.545
-4307.414
-4066.186
-3867.017
3743.098
3946.727
4199.413
4533.995
5032.312
0
0
0
0
0
-4763.399
-4467.692
-4264.298
-4084.244
-3893.114
3701.282
3941.1
4243.565
4574.085
5071.546
0
0
0
0
0
-4763.217
-4469.191
-4257.959
-4043.565
-3913.723
3729.116
3896.186
4208.022
4545.499
5001.89
0
0
0
0
0
-4754.693
-4460.864
-4252.409
-4029.393
-3865.634
3778.541
3963.416
4261.269
4603.777
5099.054
0
0
0
0
0
-4736.036
-4446.054
-4240.11
-4019.993
-3850.463
3759.347
3982.053
4261.087
4587.78
5088.666
0
0
0
0
0
-4722.64
-4431.973
-4229.506
-4011.292
-3840.968
3747.573
3971.77
4251.906
4591.435
5071.91
0
0
0
0
0
-4709.074
-4430.019
-4222.95
-4006.872
-3836.721
3760.191
3953.585
4249.337
4562.573
5079.026
0
0
0
0
0
-4708.111
-4421.616
-4218.921
-4006.437
-3836.442
3761.325
3972.049
4264.991
4543.923
5083.02
0
0
0
0
0
-4707.728
-4426.465
-4223.465
-4009.645
-3841.422
3749.881
3965.132
4259.767
4591.883
5091.786
0
0
0
0
0
-4717.414
-4432.611
-4232.347
-4017.319
-3849.175
3777.258
3982.477
4238.112
4607.43
5097.599
0
0
0
0
0
-4728.819
-4446.374
-4245.781
-4030.197
-3865.368
3780.311
3995.038
4250.76
4623.626
5074.709
0
0
0
0
0
-4746.627
-4465.613
-4264.234
-4046.223
-3878.679
3763.712
4022.765
4285.618
4637.144
5152.397
0
0
0
0
0
-4772.089
-4487.983
-4286.638
-4069.277
-3899.478
3808.311
4024.686
4299.208
4646.052
5165.372
0
0
0
0
0
-4800.614
-4517.102
-4312.96
-4094.504
-3923.712
3755.021
3983.21
4252.889
4594.37
5115.429
0
0
0
0
0
-4828.772
-4542.502
-4338.26
-4119.917
-3947.812
3812.467
4019.362
4292.052
4619.761
5134.819
0
0
0
0
0
-4849.097
-4562.63
-4359.649
-4140.047
-3966.839
3787.984
4000.623
4276.848
4647.624
5167.552
0
0
0
0
0
-4862.588
-4576.219
-4372.617
-4152.932
-3982.062
3767.795
3992.575
4294.488
4642.506
5145.705
0
0
0
0
0
-4866.225
-4586.227
-4382.353
-4161.26
-3990.691
3761.577
3990.476
4289.666
4634.082
5167.312
0
0
0
0
0
-4875.095
-4586.989
-4387.276
-4168.907
-3997.961
3739.403
3929.035
4217.684
4542.672
5022.634
0
0
0
0
0
-4765.719
-4477.996
-4311.902
-4065.885
-3872.133
3737.044
3936.943
4204.992
4555.489
5063.896
0
0
0
0
0
-4770.543
-4476.121
-4270.473
-4092.831
-3901.669
3755.515
3933.898
4222.983
4536.519
5042.51
0
0
0
0
0
-4771.447
-4476.872
-4266.506
-4051.509
-3919.349
3744.082
3930.507
4246.895
4596.14
5084.092
0
0
0
0
0
-4771.942
-4477.82
-4268.657
-4045.848
-3880.241
3726.166
3949.993
4197.443
4544.295
5055.46
0
0
0
0
0
-4758.525
-4471.295
-4261.7
-4041.382
-3867.028
3775.462
3995.628
4245.475
4603.834
5112.215
0
0
0
0
0
-4747.31
-4454.674
-4248.424
-4030.555
-3858.405
3771.485
3974.243
4264.754
4602.784
5092.714
0
0
0
0
0
-4732.426
-4443.385
-4236.521
-4021.169
-3850.592
3759.984
3958.248
4252.99
4591.279
5095.592
0
0
0
0
0
-4719.946
-4432.001
-4235.382
-4015.816
-3846.814
3742.992
3965.084
4236.299
4590.497
5064.357
0
0
0
0
0
-4717.99
-4431.958
-4228.339
-4012.676
-3846.715
3763.364
3970.622
4254.294
4604.145
5050.307
0
0
0
0
0
-4717.883
-4432.405
-4233.699
-4017.266
-3850.025
3756.877
3967.447
4248.116
4599.268
5096.364
0
0
0
0
0
-4723.964
-4442.248
-4239.658
-4025.807
-3857.463
3794.131
3993.33
4264.149
4579.07
5112.634
0
0
0
0
0
-4736.563
-4453.312
-4253.228
-4038.546
-3869.763
3803.574
3994.087
4277.09
4596.742
5132.223
0
0
0
0
0
-4752.562
-4470.194
-4271.043
-4055.741
-3884.969
3813.577
3977.671
4307.428
4634.9
5150.709
0
0
0
0
0
-4776.428
-4493.991
-4292.408
-4076.603
-3906.737
3801.763
4025.94
4313.145
4651.306
5163.204
0
0
0
0
0
-4805.232
-4520.601
-4319.328
-4100.915
-3930.58
3735.309
3973.52
4271.743
4598.962
5113.182
0
0
0
0
0
-4830.101
-4547.763
-4343.819
-4124.619
-3954.589
3800.592
4020.817
4308.9
4643.238
5142.174
0
0
0
0
0
-4850.597
-4566.481
-4362.437
-4144.397
-3973.6
3766.478
3994.069
4303.05
4632.37
5169.694
0
0
0
0
0
-4860.656
-4579.077
-4375.269
-4156.411
-3985.801
3782.447
3978.337
4294.916
4650.679
5161.052
0
0
0
0
0
-4872.364
-4582.699
-4384.727
-4165.499
-3993.69
3777.579
3965.051
4282.844
4635.351
5163.957
0
0
0
0
0
-4879.217
-4591.031
-4385.411
-4170.158
-4000.985
3739.889
3936.93
4211.667
4551.807
5051.144
0
0
0
0
0
-4775.158
-4478.244
-4275.549
-4097.076
-3901.349
3707.974
3923.689
4208.628
4545.399
5058.579
0
0
0
0
0
-4781.036
-4484.08
-4274.497
-4057.43
-3927.5
3700.746
3956.649
4209.77
4565.258
5037.704
0
0
0
0
0
-4783.069
-4485.572
-4275.779
-4053.879
-3887.67
3756.672
3962.431
4237.482
4585.999
5107.927
0
0
0
0
0
-4779.112
-4486.914
-4277.481
-4056.342
-3882.442
3735.637
3967.968
4246.865
4548.645
5048.158
0
0
0
0
0
-4768.044
-4476.184
-4272.377
-4050.361
-3878.588
3777.022
3993.976
4282.653
4590.567
5111.209
0
0
0
0
0
-4755.691
-4466.115
-4257.402
-4038.436
-3868.71
3767.803
3987.97
4259.312
4609.171
5108.901
0
0
0
0
0
-4736.263
-4453.129
-4247.745
-4028.184
-3860.163
3782.365
3974.299
4242.608
4594.188
5094.407
0
0
0
0
0
-4730.124
-4442.755
-4238.024
-4027.695
-3855.506
3773.225
3953.616
4245.401
4580.933
5094.758
0
0
0
0
0
-4720.814
-4442.036
-4238.599
-4021.614
-3852.856
3747.193
3975.834
4251.909
4596.868
5106.464
0
0
0
0
0
-4723.839
-4442.868
-4239.537
-4027.159
-3857.427
3769.94
3971.338
4258.912
4593.109
5101.903
0
0
0
0
0
-4731.193
-4449.034
-4249.375
-4032.799
-3865.678
3792.871
4004.706
4273.074
4608.854
5084.643
0
0
0
0
0
-4740.321
-4461.064
-4259.952
-4045.814
-3877.849
3789.799
4016.262
4272.52
4622.8
5107.17
0
0
0
0
0
-4756.287
-4476.284
-4275.933
-4062.204
-3894.134
3793.444
4023.401
4269.365
4653.174
5150.033
0
0
0
0
0
-4780.915
-4498.569
-4298.166
-4082.207
-3913.846
3805.457
4018.306
4313.284
4664.405
5169.624
0
0
0
0
0
-4806.82
-4525.148
-4323.003
-4106.931
-3936.736
3775.045
3952.616
4269.169
4617.572
5113.712
0
0
0
0
0
-4832.63
-4549.142
-4348.846
-4129.954
-3959.149
3790.584
4005.127
4305.289
4656.95
5162.74
0
0
0
0
0
-4850.438
-4567.733
-4366.147
-4147.032
-3977.792
3762.071
3968.947
4266.962
4656.344
5157.012
0
0
0
0
0
-4864.159
-4577.273
-4377.861
-4158.947
-3989.121
3726.988
3979.781
4262.052
4646.635
5174.127
0
0
0
0
0
-4876.76
-4588.22
-4381.311
-4167.733
-3997.737
3771.795
3980.054
4262.548
4632.681
5154.955
0
0
0
0
0
-4883.994
-4594.994
-4389.128
-4168.233
-4002.18
3753.977
3922.24
4224.377
4553.963
5056.314
0
0
0
0
0
-4782.375
-4488.202
-4276.516
-4062.157
-3931.549
3692.213
3922.572
4201.95
4549.233
5054.4
0
0
0
0
0
-4789.066
-4494.643
-4282.893
-4061.369
-3893.318
3699.591
3930.315
4242.68
4551.95
5075.37
0
0
0
0
0
-4790.081
-4497.524
-4284.739
-4062.821
-3890.023
3778.24
3977.921
4256.441
4588.4
5094.69
0
0
0
0
0
-4786.94
-4494.821
-4286.658
-4064.926
-3892.633
3710.851
3939.523
4237.227
4590.168
5060.155
0
0
0
0
0
-4780.481
-4485.955
-4277.851
-4060.826
-3887.267
3791.091
3997.386
4280.009
4631.285
5099.901
0
0
0
0
0
-4761.21
-4474.321
-4268.77
-4047.278
-3876.285
3789.55
3978.76
4275.982
4602.403
5117.385
0
0
0
0
0
-4745.232
-4457.961
-4257.328
-4038.963
-3867.022
3796.289
3995.922
4263.922
4583.001
5098.2
0
0
0
0
0
-4735.318
-4453.068
-4248.522
-4030.532
-3866.949
3786.557
3978.063
4239.687
4585.728
5087.324
0
0
0
0
0
-4727.372
-4445.135
-4248.653
-4031.539
-3861.445
3749.681
3957.449
4260.212
4593.581
5102.29
0
0
0
0
0
-4726.312
-4448.815
-4250.042
-4032.715
-3867
3796.808
3983.026
4253.223
4605.231
5099.868
0
0
0
0
0
-4732.236
-4456.25
-4256.144
-4042.299
-3872.419
3781.397
4006.311
4285.162
4613.46
5116.931
0
0
0
0
0
-4744.108
-4464.985
-4267.592
-4052.19
-3884.906
3770.333
4006.514
4298.463
4612.652
5132.217
0
0
0
0
0
-4762.589
-4480.162
-4281.973
-4067.088
-3900.35
3803.13
4011.49
4302.434
4619.94
5164.712
0
0
0
0
0
-4785.26
-4502.841
-4302.776
-4087.645
-3919.276
3805.637
4023.251
4304.633
4664.867
5182.283
0
0
0
0
0
-4809.458
-4526.861
-4327.385
-4110.575
-3942.51
3717.224
3984.72
4255.487
4616.396
5130.987
0
0
0
0
0
-4831.662
-4551.356
-4350.212
-4134.692
-3964.294
3771.272
4003.871
4293.547
4651.729
5177.899
0
0
0
0
0
-4855.103
-4567.509
-4367.184
-4150.529
-3980.323
3751.461
3976.013
4260.518
4608.507
5177.672
0
0
0
0
0
-4868.015
-4580.531
-4376.083
-4161.274
-3991.567
3689.73
3947.942
4267.121
4610.38
5170.076
0
0
0
0
0
-4880.919
-4592.293
-4386.321
-4164.371
-3999.877
3775.361
3975.751
4291.087
4617.11
5155.736
0
0
0
0
0
-4888.218
-4599.352
-4392.869
-4171.668
-4000.275
3703.43
3939.616
4201.661
4568.046
5064.836
0
0
0
0
0
-4792.233
-4496.231
-4286.649
-4063.245
-3897.802
3744.112
3901.943
4219.725
4545.032
5061.153
0
0
0
0
0
-4799.036
-4503.476
-4293.323
-4069.645
-3897.124
3740.319
3923.551
4237.627
4589.965
5062.85
0
0
0
0
0
-4797.93
-4505.168
-4296.724
-4071.574
-3898.656
3775.108
3980.46
4266.624
4600.986
5105.875
0
0
0
0
0
-4794.272
-4503.333
-4294.893
-4073.817
-3900.946
3742.65
3934.285
4223.84
4578.9
5100.554
0
0
0
0
0
-4786.201
-4498.002
-4287.611
-4066.367
-3897.429
3791.216
4010.691
4282.889
4625.835
5144.435
0
0
0
0
0
-4769.121
-4480.639
-4276.747
-4058.268
-3884.881
3791.079
4004.227
4265.074
4623.971
5109.391
0
0
0
0
0
-4753.452
-4466.72
-4262.677
-4048.168
-3877.426
3776.404
3997.569
4278.848
4610.651
5087.531
0
0
0
0
0
-4742.566
-4458.606
-4258.731
-4040.587
-3869.789
3774.367
3994.643
4257.268
4582.902
5089.055
0
0
0
0
0
-4734.124
-4451.955
-4251.859
-4041.299
-3871.051
3788.578
3959.819
4243.452
4606.187
5097.811
0
0
0
0
0
-4734.138
-4451.864
-4255.884
-4042.963
-3872.347
3757.381
4005.442
4261.259
4596.733
5113.957
0
0
0
0
0
-4740.599
-4457.717
-4263.223
-4048.826
-3881.647
3786.777
3990.174
4292.555
4626.018
5118.927
0
0
0
0
0
-4747.879
-4468.913
-4271.534
-4059.553
-3891.034
3793.99
3983.931
4289.768
4642.04
5118.773
0
0
0
0
0
-4766.559
-4485.933
-4285.892
-4072.9
-3905.127
3795.878
4019.258
4299.496
4646.367
5135.931
0
0
0
0
0
-4786.201
-4506.865
-4306.856
-4092.102
-3924.497
3791.336
4022.767
4311.159
4655.652
5183.437
0
0
0
0
0
-4809.336
-4529.391
-4329.144
-4114.71
-3946.067
3710.452
3947.314
4278.746
4610.435
5133.862
0
0
0
0
0
-4834.624
-4550.401
-4352.146
-4135.966
-3968.838
3790.059
3990.403
4284.427
4639.979
5171.805
0
0
0
0
0
-4858.15
-4571.922
-4366.835
-4151.363
-3983.676
3772.107
3985.918
4261.402
4617.447
5125.628
0
0
0
0
0
-4873.33
-4584.188
-4379.115
-4159.454
-3993.759
3798.693
3950.599
4244.083
4617.898
5132.941
0
0
0
0
0
-4883.38
-4596.375
-4390.086
-4168.962
-3996.606
3786.522
3977.051
4285.702
4652.43
5141.173
0
0
0
0
0
-4890.896
-4603.23
-4396.856
-4175.164
-4003.551
3755.088
3934.692
4222.236
4542.389
5080.406
0
0
0
0
0
-4802.188
-4506.697
-4295.05
-4073.093
-3898.887
3769.31
3932.113
4201.563
4563.942
5059.296
0
0
0
0
0
-4807.281
-4513.604
-4302.519
-4079.63
-3905.17
3763.847
3969.656
4231.998
4583.967
5105.499
0
0
0
0
0
-4807.546
-4513.562
-4304.642
-4083.204
-3907.142
3769.111
3987.81
4267.648
4606.176
5114.216
0
0
0
0
0
-4804.961
-4511.259
-4303.675
-4081.927
-3909.549
3728.142
3984.312
4234.034
4569.157
5088.286
0
0
0
0
0
-4790.663
-4504.181
-4299.191
-4075.802
-3902.866
3798.71
4008.116
4296.303
4630.796
5137.563
0
0
0
0
0
-4778.277
-4488.871
-4283.467
-4065.855
-3895.511
3798.944
4009.44
4291.39
4614.421
5135.151
0
0
0
0
0
-4759.572
-4475.111
-4271.156
-4053.572
-3886.308
3798.622
3994.515
4277.535
4620.12
5120.148
0
0
0
0
0
-4744.215
-4465.69
-4264.397
-4050.442
-3879.485
3788.353
3988.192
4277.442
4594.114
5089.827
0
0
0
0
0
-4742.334
-4458.57
-4258.686
-4044.401
-3880.506
3757.597
4002.06
4237.52
4581.732
5113.656
0
0
0
0
0
-4739.546
-4459.343
-4259.237
-4048.553
-3882.292
3768.327
3969.265
4287.474
4603.292
5103.384
0
0
0
0
0
-4744.579
-4465.642
-4264.939
-4055.616
-3887.953
3790.426
3998.189
4266.655
4636.509
5132.163
0
0
0
0
0
-4751.891
-4472.608
-4275.463
-4063.355
-3898.152
3808.031
3999.591
4269.278
4636.011
5151.451
0
0
0
0
0
-4767.143
-4489.96
-4291.188
-4076.707
-3910.739
3806.016
4006.42
4302.263
4646.535
5157.641
0
0
0
0
0
-4783.252
-4508.051
-4310.557
-4095.952
-3928.81
3815.609
4009.013
4308.168
4663.628
5174.097
0
0
0
0
0
-4813.442
-4528.951
-4331.505
-4116.408
-3950.036
3767.778
3921.402
4255.336
4626.506
5130.566
0
0
0
0
0
-4838.773
-4553.377
-4351.134
-4137.639
-3970.058
3779.282
3998.212
4284.654
4627.185
5157.987
0
0
0
0
0
-4861.976
-4574.991
-4370.986
-4150.865
-3984.431
3793.015
4006.213
4271.884
4614.519
5142.977
0
0
0
0
0
-4878.31
-4589.157
-4382.551
-4162.265
-3991.962
3781.401
3979.876
4272.678
4601.895
5141.166
0
0
0
0
0
-4888.343
-4598.589
-4394.03
-4172.444
-4000.966
3981.261
4277.902
4641.644
5181.097
0
0
0
0
0
-4895.017
-4605.8
-4400.444
-4178.836
-4006.894
3764.552
3966.716
4241.198
4569.174
5054.522
0
0
0
0
0
-4810.436
-4516.917
-4305.688
-4081.358
-3908.419
3767.041
3978.42
4214.323
4552.577
5078.76
0
0
0
0
0
-4816.536
-4522.405
-4312.56
-4088.693
-3914.788
3748.65
3971.957
4265.01
4592.636
5099.069
0
0
0
0
0
-4814.456
-4523.485
-4313.207
-4090.977
-3918.398
3772.892
3972.542
4280.725
4613.449
5118.169
0
0
0
0
0
-4810.123
-4521.387
-4311.856
-4090.547
-3917.433
3769.536
3946.088
4272.274
4583.442
5081.075
0
0
0
0
0
-4800.659
-4509.263
-4305.541
-4086.783
-3911.989
3797.074
4016.467
4296.011
4644.946
5144.476
0
0
0
0
0
-4783.55
-4498.206
-4291.71
-4072.558
-3902.812
3804.625
4012.862
4291.695
4639.206
5127.576
0
0
0
0
0
-4766.127
-4481.292
-4279.493
-4061.639
-3891.61
3793.048
4004.512
4283.623
4619.733
5127.675
0
0
0
0
0
-4753.951
-4468.263
-4271.233
-4055.976
-3889.013
3781.14
3997.098
4270.527
4621.393
5096.128
0
0
0
0
0
-4746.285
-4466.756
-4265.104
-4051.001
-3883.513
3777.151
3966.165
4281.796
4577.645
5085.436
0
0
0
0
0
-4742.516
-4465.018
-4266.335
-4051.925
-3887.683
3788.829
3986.134
4255.167
4629.648
5108.679
0
0
0
0
0
-4746.359
-4469.788
-4272.442
-4057.366
-3894.507
3770.692
3998.724
4282.229
4606.736
5145.318
0
0
0
0
0
-4756.18
-4476.433
-4279.033
-4067.138
-3901.83
3774.699
4020.258
4279.732
4613.983
5146.914
0
0
0
0
0
-4765.509
-4490.591
-4295.148
-4081.571
-3914.433
3812.941
4024.108
4285.518
4650.678
5160.58
0
0
0
0
0
-4787.758
-4505.151
-4311.847
-4099.334
-3932.509
3820.999
4031.275
4299.042
4658.836
5183.147
0
0
0
0
0
-4818.512
-4532.869
-4330.779
-4118.558
-3951.682
3780.08
3977.248
4217.376
4607.016
5141.865
0
0
0
0
0
-4844.512
-4557.342
-4354.059
-4136.53
-3971.615
3789.091
3979.606
4279.12
4635.639
5142.402
0
0
0
0
0
-4866.49
-4578.441
-4373.983
-4154.75
-3983.893
3825.953
3989.144
4301.667
4624.656
5139.071
0
0
0
0
0
-4880.648
-4593.738
-4387.193
-4165.47
-3994.647
3968.624
4270.573
4636.39
5130.262
0
0
0
0
0
-4892.232
-4603.273
-4396.022
-4176.203
-4004.286
4281.448
4633.003
5166.343
0
0
0
0
0
-4899.683
-4609.714
-4402.869
-4182.171
-4010.392
3800.101
3982.775
4255.311
4590.304
5086.461
0
0
0
0
0
-4819.169
-4525.494
-4315.906
-4091.715
-3916.451
3775.356
3969.716
4262.755
4565.977
5073.474
0
0
0
0
0
-4823.243
-4531.714
-4321.558
-4098.346
-3923.604
3776.204
3966.061
4261.832
4611.93
5116.343
0
0
0
0
0
-4823.317
-4530.314
-4323.153
-4099.326
-3925.95
3764.868
3968.58
4269.419
4629.78
5128.299
0
0
0
0
0
-4818.097
-4527.045
-4321.417
-4098.598
-3925.807
3763.895
3990.672
4247.724
4611.817
5097.343
0
0
0
0
0
-4805.594
-4519.054
-4310.937
-4092.986
-3922.537
3798.308
4010.496
4299.835
4645.452
5159.858
0
0
0
0
0
-4790.659
-4503.121
-4301.022
-4080.527
-3909.359
3801.605
4016.451
4296.913
4636.729
5151.081
0
0
0
0
0
-4771.496
-4487.84
-4285.616
-4069.688
-3899.374
3801.043
3999.536
4281.723
4630.299
5126.8
0
0
0
0
0
-4758.47
-4477.413
-4274.321
-4062.453
-3894.386
3763.38
3990.897
4276.978
4609.354
5128.841
0
0
0
0
0
-4749.298
-4470.694
-4273.111
-4057.113
-3889.897
3771.13
3984.833
4246.659
4622.954
5081.841
0
0
0
0
0
-4748.273
-4467.523
-4272.082
-4058.601
-3890.992
3783.578
4003.598
4274.611
4599.042
5136.462
0
0
0
0
0
-4748.628
-4471.257
-4276.559
-4064.433
-3896.236
3786.728
3983.51
4276.55
4624.231
5112.208
0
0
0
0
0
-4749.397
-4480.576
-4282.626
-4070.512
-3905.489
3793.096
3988.943
4301.197
4623.515
5124.015
0
0
0
0
0
-4766.914
-4488.766
-4295.772
-4085.355
-3919.057
3793.444
4030.375
4310.692
4628.748
5165.407
0
0
0
0
0
-4792.973
-4509.499
-4308.952
-4100.593
-3935.72
3822.542
4036.054
4317.396
4650.979
5177.234
0
0
0
0
0
-4823.618
-4537.641
-4334.508
-4117.598
-3953.718
3779.282
3989.395
4265.929
4567.558
5125.562
0
0
0
0
0
-4846.055
-4562.633
-4357.821
-4139.333
-3970.497
3837.927
4001.767
4263.788
4630.887
5156.781
0
0
0
0
0
-4869.009
-4582.733
-4377.14
-4157.604
-3987.611
4005.718
4286.573
4653.136
5148.155
0
0
0
0
0
-4884.266
-4596.136
-4391.421
-4169.81
-3997.712
4259.375
4618.366
5161.199
0
0
0
0
0
-4894.903
-4606.812
-4400.412
-4178
-4007.908
4634.344
5158.586
0
0
0
0
0
-4900.354
-4613.864
-4406.571
-4184.434
-4013.577
3805.52
3996.749
4273.76
4610.242
5104.878
0
0
0
0
0
-4826.944
-4534.351
-4324.564
-4101.596
-3926.482
3772.293
3984.982
4254.917
4600.445
5089.326
0
0
0
0
0
-4830.8
-4538.691
-4330.733
-4107.144
-3932.916
3768.473
3958.684
4264.327
4611.419
5129.156
0
0
0
0
0
-4830.726
-4539.175
-4329.776
-4108.973
-3934.04
3758.384
3990.233
4265.26
4618.437
5146.94
0
0
0
0
0
-4824.17
-4535.163
-4327.296
-4107.537
-3933.639
3769.017
3954.658
4264.544
4597.514
5122.391
0
0
0
0
0
-4812.94
-4524.419
-4320.395
-4098.35
-3928.555
3813.573
4016.381
4292.845
4648.433
5161.188
0
0
0
0
0
-4795.157
-4510.369
-4305.601
-4089.568
-3917.063
3797.98
3999.049
4298.338
4642.968
5148.111
0
0
0
0
0
-4776.021
-4493.327
-4292.006
-4075.58
-3907.155
3783.734
4000.894
4275.849
4622.344
5141.126
0
0
0
0
0
-4763.808
-4481.79
-4282.938
-4065.672
-3900.61
3775.878
3973.896
4266.444
4619.357
5113.076
0
0
0
0
0
-4753.941
-4473.59
-4276.962
-4064.795
-3895.78
3772.017
3975.324
4262.034
4587.447
5128.513
0
0
0
0
0
-4746.699
-4472.943
-4274.21
-4064.216
-3897.391
3778.332
3998.628
4287.371
4620.11
5106.805
0
0
0
0
0
-4741.881
-4473.624
-4277.77
-4068.372
-3903.015
3782.538
4011.672
4268.514
4614.938
5131.606
0
0
0
0
0
-4755.522
-4474.397
-4286.548
-4073.839
-3908.732
3792.817
4008.518
4277.895
4644.222
5133.343
0
0
0
0
0
-4773.282
-4490.586
-4293.763
-4085.903
-3922.706
3824.721
4004.263
4317.171
4660.472
5140.005
0
0
0
0
0
-4799.358
-4514.323
-4313.097
-4097.671
-3936.943
3828.884
4039.967
4321.91
4668.107
5169.227
0
0
0
0
0
-4825.205
-4542.184
-4338.964
-4121.115
-3952.704
3810.588
3979.222
4277.41
4608.177
5086.693
0
0
0
0
0
-4849.391
-4564.444
-4362.705
-4142.874
-3973.206
4016.667
4273.863
4613.397
5152.308
0
0
0
0
0
-4872.897
-4585.197
-4381.191
-4160.516
-3990.361
4281.84
4639.133
5174.437
0
0
0
0
0
-4888.119
-4599.353
-4393.784
-4173.733
-4001.865
4610.042
5139.271
0
0
0
0
0
-4897.853
-4609.509
-4403.652
-4182.108
-4009.609
5158.347
0
0
0
0
0
-4903.894
-4614.806
-4410.287
-4187.924
-4015.744
3794.979
4005.997
4276.677
4615.726
5127.246
0
0
0
0
0
-4834.311
-4542.429
-4333.314
-4110.008
-3936.034
3787.206
3975.035
4276.709
4592.562
5112.925
0
0
0
0
0
-4838.453
-4546.476
-4337.744
-4115.948
-3941.452
3714.321
3993.097
4244.841
4617.714
5129.263
0
0
0
0
0
-4837.76
-4546.926
-4338.482
-4115.229
-3943.376
3777.884
3987.003
4282.667
4616.419
5137.652
0
0
0
0
0
-4828.612
-4541.471
-4335.335
-4113.323
-3942.182
3762.615
3979.572
4241.345
4604.061
5114.092
0
0
0
0
0
-4818.583
-4531.645
-4325.917
-4107.341
-3933.791
3796.801
4027.627
4303.974
4640.963
5164.599
0
0
0
0
0
-4801.854
-4515.446
-4312.778
-4093.776
-3925.822
3790.316
4012.746
4272.865
4644.612
5154.9
0
0
0
0
0
-4781.21
-4498.148
-4297.485
-4081.667
-3912.848
3799.658
4005.108
4278.585
4617.682
5129.321
0
0
0
0
0
-4766.217
-4487.109
-4287.134
-4073.766
-3903.801
3775.705
3992.437
4256.19
4606.799
5125.734
0
0
0
0
0
-4753.565
-4478.44
-4279.71
-4068.457
-3903.196
3769.78
3983.242
4252.191
4601.511
5092.851
0
0
0
0
0
-4744.487
-4472.092
-4279.296
-4066.022
-3902.847
3781.743
3991.465
4276.719
4630.877
5128.564
0
0
0
0
0
-4750.359
-4467.658
-4280.133
-4069.351
-3906.811
3789.584
3998.116
4300.24
4615.611
5119.841
0
0
0
0
0
-4759.949
-4479.972
-4280.815
-4077.495
-3911.905
3795.449
4011.687
4292.952
4627.023
5154.599
0
0
0
0
0
-4779.174
-4496.387
-4295.829
-4083.739
-3923.224
3810.765
4037.2
4284.303
4667.123
5176.481
0
0
0
0
0
-4799.807
-4520.048
-4317.569
-4101.582
-3934.077
3825.012
4045.488
4327.713
4672.633
5186.663
0
0
0
0
0
-4828.766
-4544.026
-4343.054
-4125.268
-3956.083
4009.444
4249.947
4632.064
5124.378
0
0
0
0
0
-4852.949
-4567.351
-4364.616
-4147.404
-3976.604
4291.912
4621.709
5136.483
0
0
0
0
0
-4874.332
-4588.787
-4383.549
-4164.325
-3993.14
4622.09
5161.932
0
0
0
0
0
-4889.181
-4602.795
-4396.672
-4175.996
-4005.609
5134.259
0
0
0
0
0
-4900.51
-4612.226
-4406.276
-4185.099
-4013.539
0
0
0
0
0
-4905.752
-4618.245
-4411.375
-4191.301
-4019.094
3775.071
3979.738
4288.895
4618.226
5129.518
0
0
0
0
0
-4840.762
-4549.883
-4341.428
-4118.4
-3944.181
3759.299
3991.091
4263.36
4620.826
5106.676
0
0
0
0
0
-4842.801
-4554.2
-4345.491
-4122.722
-3949.941
3754.51
3942.98
4281.295
4592.318
5138.454
0
0
0
0
0
-4843.968
-4553.929
-4346.284
-4123.583
-3949.377
3743.752
4000.211
4281.994
4631.533
5134.597
0
0
0
0
0
-4836.467
-4546.123
-4341.679
-4121.06
-3947.809
3711.712
3964.392
4269.904
4591.759
5116.892
0
0
0
0
0
-4824.64
-4537.422
-4332.932
-4112.745
-3942.437
3802.486
4008.454
4314.773
4655.372
5156.315
0
0
0
0
0
-4804.597
-4521.493
-4318.121
-4100.685
-3929.823
3806.568
4005.955
4296.528
4614.452
5156.478
0
0
0
0
0
-4786.512
-4502.914
-4302.383
-4086.974
-3918.705
3811.188
4010.302
4293.548
4620.486
5125.883
0
0
0
0
0
-4770.529
-4489.607
-4292.319
-4077.713
-3911.557
3792.875
3988.322
4270.668
4599.908
5112.358
0
0
0
0
0
-4754.356
-4478.301
-4284.544
-4071.005
-3906.722
3787.348
3972.495
4263.469
4590.042
5107.174
0
0
0
0
0
-4749.421
-4469.675
-4278.878
-4070.769
-3904.517
3778.416
4002.411
4273.302
4615.862
5137.995
0
0
0
0
0
-4752.895
-4475.265
-4274.677
-4071.609
-3907.703
3770.753
4008.927
4283.395
4649.071
5127.36
0
0
0
0
0
-4765.241
-4484.04
-4285.896
-4072.038
-3915.399
3791.422
4008.596
4299.985
4639.186
5141.48
0
0
0
0
0
-4781.618
-4501.964
-4301.138
-4085.872
-3921.056
3823.106
4029.228
4319.944
4628.658
5183.035
0
0
0
0
0
-4805.522
-4521.113
-4322.751
-4105.738
-3937.832
4040.806
4331.801
4680.008
5191.333
0
0
0
0
0
-4831.259
-4547.363
-4345.002
-4128.998
-3960.054
4284.622
4592.022
5155.642
0
0
0
0
0
-4858.273
-4570.734
-4367.198
-4149.292
-3980.926
4635.891
5141.368
0
0
0
0
0
-4876.981
-4590.329
-4386.842
-4166.544
-3996.792
5139.161
0
0
0
0
0
-4892.757
-4604.108
-4399.759
-4178.621
-4007.794
0
0
0
0
0
-4902.888
-4614.669
-4408.76
-4187.596
-4016.391
0
0
0
0
-4907.391
-4619.852
-4414.616
-4192.426
-4022.292
3778.826
3989.669
4264.111
4630.835
5134.148
0
0
0
0
0
-4846.833
-4556.45
-4348.779
-4126.259
-3952.27
3765.549
3975.078
4281.121
4617.924
5138.307
0
0
0
0
0
-4850.073
-4559.013
-4353.135
-4130.179
-3956.488
3782.26
3978.868
4258.454
4627.609
5109.961
0
0
0
0
0
-4848.688
-4560.061
-4353.136
-4131.158
-3957.433
3771.787
3981.703
4281.081
4628.31
5150.904
0
0
0
0
0
-4844.473
-4553.859
-4346.351
-4127.214
-3955.279
3780.693
3924.257
4238.641
4617.534
5110.801
0
0
0
0
0
-4828.729
-4543.456
-4338.663
-4119.431
-3947.683
3792.103
4024.27
4295.432
4664.719
5173.325
0
0
0
0
0
-4809.371
-4524.513
-4323.636
-4105.996
-3936.495
3796.478
4024.764
4291.195
4643.285
5124.431
0
0
0
0
0
-4785.718
-4508.05
-4306.768
-4091.747
-3923.847
3790.242
4015.751
4294.553
4639.973
5128.423
0
0
0
0
0
-4767.34
-4493.453
-4294.795
-4082.659
-3915.344
3773.402
4002.355
4276.697
4612.57
5108.296
0
0
0
0
0
-4759.058
-4478.595
-4284.553
-4075.661
-3909.156
3779.877
3998.983
4253.784
4604.828
5093.123
0
0
0
0
0
-4755.213
-4474.498
-4276.313
-4070.528
-3909.057
3799.802
3994.036
4292.298
4614.832
5119.989
0
0
0
0
0
-4758.403
-4477.824
-4281.598
-4066.444
-3909.883
3794.616
3980.083
4297.172
4627.359
5161.125
0
0
0
0
0
-4768.959
-4489.155
-4289.678
-4076.704
-3910.149
3804.321
4009.547
4291.641
4650.015
5149.834
0
0
0
0
0
-4786.563
-4504.222
-4306.383
-4090.769
-3923.171
4042.996
4317.84
4666.488
5141.061
0
0
0
0
0
-4806.354
-4525.973
-4324.136
-4110.49
-3941.804
4329.599
4682.225
5199.998
0
0
0
0
0
-4836.873
-4549.807
-4348.107
-4130.933
-3963.597
4622.212
5108.07
0
0
0
0
0
-4860.711
-4575.404
-4370.376
-4151.625
-3982.769
5156.054
0
0
0
0
0
-4881.022
-4592.84
-4388.42
-4169.573
-3998.922
0
0
0
0
0
-4897.629
-4607.471
-4401.182
-4181.422
-4010.283
0
0
0
0
-4904.745
-4617.11
-4411.023
-4189.873
-4018.795
0
0
0
-4908.81
-4621.271
-4416.052
-4195.455
-4023.408
3781.095
3981.13
4273.889
4610.289
5147.318
0
0
0
0
0
-4852.43
-4562.742
-4355.313
-4133.3
-3959.871
3764.708
3986.034
4264.562
4633.754
5140.602
0
0
0
0
0
-4857.016
-4565.881
-4358.139
-4137.545
-3963.686
3789.665
3983.097
4270.11
4616.008
5143.993
0
0
0
0
0
-4854.846
-4565.143
-4359.101
-4137.705
-3964.767
3799.69
3965.148
4268.693
4629.704
5148.029
0
0
0
0
0
-4845.946
-4561.536
-4353.855
-4131.717
-3961.238
3775.992
3997.507
4236.048
4590.564
5132.004
0
0
0
0
0
-4832.706
-4547.417
-4344.545
-4124.942
-3954.118
3789.768
3993.504
4311.369
4645.825
5181.382
0
0
0
0
0
-4810.834
-4529.079
-4326.778
-4111.047
-3941.679
3811.667
4008.93
4311.197
4638.11
5156.168
0
0
0
0
0
-4784.413
-4507.904
-4311.661
-4095.77
-3928.476
3804.965
4005.235
4296.535
4641.588
5152.055
0
0
0
0
0
-4772.694
-4490.47
-4298.244
-4085.009
-3920.108
3788.32
3977.817
4284.461
4624.553
5120.053
0
0
0
0
0
-4761.812
-4483.124
-4284.45
-4075.7
-3913.655
3791.846
3986.32
4282.396
4597.572
5110.984
0
0
0
0
0
-4758.826
-4479.859
-4280.936
-4067.852
-3908.88
3795.404
4005.904
4278.916
4640.171
5121.043
0
0
0
0
0
-4762.13
-4483.209
-4284.108
-4072.826
-3904.919
3763.51
4001.716
4270.223
4644.942
5136.135
0
0
0
0
0
-4772.654
-4492.876
-4294.541
-4080.232
-3914.588
4011.583
4297.308
4637.173
5163.794
0
0
0
0
0
-4790.741
-4508.929
-4308.428
-4095.695
-3927.838
4328.507
4669.231
5180.262
0
0
0
0
0
-4811.564
-4527.281
-4328.373
-4111.977
-3946.325
4681.742
5201.644
0
0
0
0
0
-4839.65
-4554.608
-4350.48
-4133.816
-3965.487
5135.9
0
0
0
0
0
-4864.085
-4577.756
-4374.53
-4154.595
-3984.979
0
0
0
0
0
-4883.678
-4596.461
-4390.751
-4171.119
-4001.804
0
0
0
0
-4896.826
-4611.707
-4404.318
-4182.849
-4012.935
0
0
0
-4905.592
-4618.845
-4413.448
-4191.979
-4020.958
0
0
-4910.985
-4622.727
-4417.292
-4196.762
-4026.304
3763.093
3999.92
4273.53
4623.954
5128.658
0
0
0
0
0
-4860.896
-4568.227
-4361.598
-4139.597
-3966.656
3773.256
4009.99
4276.906
4614.679
5155.456
0
0
0
0
0
-4863.242
-4572.855
-4364.615
-4142.461
-3970.8
3762.193
3991.98
4258.433
4628.367
5139.497
0
0
0
0
0
-4858.626
-4571.336
-4364.269
-4143.38
-3971.072
3797.146
4007.966
4251.703
4624.545
5151.23
0
0
0
0
0
-4851.345
-4563.233
-4361.141
-4138.869
-3965.588
3790.333
3982.52
4299.88
4605.783
5111.922
0
0
0
0
0
-4833.917
-4551.247
-4348.333
-4130.553
-3959.439
3827.918
4001.043
4290.5
4661.959
5163.343
0
0
0
0
0
-4809.612
-4530.62
-4331.082
-4114.135
-3946.478
3807.819
4027.291
4292.845
4659.521
5151.374
0
0
0
0
0
-4791.378
-4506.294
-4311.911
-4100.367
-3932.302
3802.502
4020.459
4293.609
4639.299
5153.757
0
0
0
0
0
-4775.107
-4495.643
-4295.377
-4088.115
-3922.373
3808.556
4004.99
4266.145
4629.84
5136.172
0
0
0
0
0
-4765.734
-4486.107
-4288.772
-4075.297
-3913.708
3814.273
4002.386
4269.144
4628.361
5106.136
0
0
0
0
0
-4762.913
-4483.377
-4285.932
-4072.229
-3906.228
3785.851
4013.97
4290.385
4624.353
5150.669
0
0
0
0
0
-4763.94
-4486.461
-4289.308
-4075.225
-3911.001
3979.125
4282.74
4614.238
5156.668
0
0
0
0
0
-4776.321
-4496.109
-4298.192
-4084.82
-3917.968
4290.779
4645.942
5148.57
0
0
0
0
0
-4791.589
-4512.557
-4312.909
-4097.537
-3932.56
4678.662
5187.134
0
0
0
0
0
-4814.69
-4531.566
-4329.924
-4115.773
-3947.813
5202.683
0
0
0
0
0
-4842.427
-4557.297
-4354.64
-4136.086
-3968.243
0
0
0
0
0
-4865.111
-4580.925
-4376.778
-4158.359
-3987.822
0
0
0
0
-4885.654
-4598.781
-4394.007
-4173.272
-4003.31
0
0
0
-4899.65
-4611.406
-4408.082
-4185.777
-4014.335
0
0
-4909.613
-4619.734
-4415.045
-4194.33
-4022.974
0
-4911.111
-4624.856
-4418.748
-4197.861
-4027.547
3797.543
3979.696
4291.888
4625.661
5144.51
0
0
0
0
0
-4864.898
-4576.531
-4366.923
-4145.656
-3972.74
3785.026
3981.669
4275.202
4623.381
5137.75
0
0
0
0
0
-4867.039
-4579.007
-4371.458
-4148.512
-3975.579
3746.77
3962.339
4262.855
4599.549
5152.209
0
0
0
0
0
-4863.239
-4575.111
-4370.342
-4148.401
-3976.531
3798.14
3994.621
4296.364
4611.922
5148.16
0
0
0
0
0
-4852.234
-4568.426
-4362.933
-4145.72
-3972.47
3740.635
3988.013
4280.718
4654.481
5132.374
0
0
0
0
0
-4831.658
-4552.345
-4351.974
-4134.103
-3964.842
3798.747
4045.209
4292.296
4644.812
5180.429
0
0
0
0
0
-4813.87
-4529.346
-4332.616
-4118.142
-3949.485
3809.877
4014.081
4313.355
4640.251
5174.511
0
0
0
0
0
-4792.749
-4512.897
-4310.055
-4100.771
-3936.706
3810.582
4021.396
4307.47
4643.078
5149.053
0
0
0
0
0
-4778.432
-4498.055
-4300.317
-4085.283
-3925.305
3778.619
4016.594
4288.295
4608.589
5139.502
0
0
0
0
0
-4768.209
-4489.497
-4291.781
-4079.385
-3913.219
3771.944
4018.888
4287.234
4612.948
5137.934
0
0
0
0
0
-4765.003
-4487.059
-4289.301
-4076.903
-3910.437
3996.463
4298.235
4636.116
5133.4
0
0
0
0
0
-4770.866
-4488.456
-4292.169
-4080.195
-3913.319
4277.645
4627.206
5123.697
0
0
0
0
0
-4777.083
-4499.482
-4301.051
-4088.336
-3922.375
4634.249
5159.44
0
0
0
0
0
-4796.263
-4513.454
-4316.117
-4101.791
-3934.304
5195.846
0
0
0
0
0
-4816.924
-4534.669
-4333.535
-4117.391
-3951.396
0
0
0
0
0
-4842.682
-4559.904
-4357.211
-4139.781
-3970.436
0
0
0
0
-4867.709
-4581.833
-4379.716
-4160.488
-3991.384
0
0
0
-4887.857
-4600.801
-4396.07
-4176.237
-4005.362
0
0
-4901.099
-4614.126
-4408.064
-4189.198
-4017.136
0
-4909.594
-4623.216
-4415.948
-4195.795
-4025.253
-4912.574
-4625.067
-4420.8
-4199.276
-4028.58
3800.816
4007.782
4282.679
4642.367
5147.037
0
0
0
0
0
-4870.562
-4581.082
-4374.944
-4150.716
-3978.591
3781.494
3994.837
4270.395
4621.688
5142.817
0
0
0
0
0
-4871.45
-4582.858
-4377.408
-4155.07
-3981.364
3753.316
3972.775
4265.128
4608.502
5114.77
0
0
0
0
0
-4864.869
-4579.393
-4374.031
-4154.217
-3981.393
3782.719
4009.123
4278.999
4646.663
5136.176
0
0
0
0
0
-4850.729
-4569.227
-4367.883
-4147.465
-3979.034
3785.385
3958.701
4278.418
4630.133
5175.407
0
0
0
0
0
-4835.784
-4550.44
-4352.94
-4137.51
-3968.241
3805.784
4011.838
4329.449
4646.663
5163.97
0
0
0
0
0
-4818.491
-4533.434
-4331.239
-4119.581
-3953.313
3827.875
4032.076
4294.615
4661.121
5154.329
0
0
0
0
0
-4799.699
-4514.137
-4316.261
-4098.729
-3937.153
3813.936
4025.527
4308.684
4655.514
5157.648
0
0
0
0
0
-4782.692
-4501.041
-4302.631
-4089.957
-3922.546
3780.761
3995.946
4296.897
4635.471
5117.013
0
0
0
0
0
-4773.334
-4492.103
-4294.78
-4082.295
-3917.151
3990.886
4301.462
4631.026
5121.87
0
0
0
0
0
-4768.3
-4489.384
-4292.644
-4080.089
-3914.915
4276.672
4643.125
5146.52
0
0
0
0
0
-4770.418
-4494.528
-4294.23
-4082.751
-3918.116
4628.599
5136.525
0
0
0
0
0
-4782.751
-4500.424
-4304.156
-4090.903
-3925.777
5145.059
0
0
0
0
0
-4797.246
-4517.547
-4316.981
-4104.684
-3938.399
0
0
0
0
0
-4818.833
-4536.728
-4336.562
-4120.542
-3953.003
0
0
0
0
-4846.007
-4560.745
-4359.639
-4142.216
-3973.909
0
0
0
-4868.183
-4584.214
-4380.529
-4163.212
-3993.435
0
0
-4890.185
-4603.087
-4398.095
-4178.106
-4008.175
0
-4904.132
-4615.468
-4410.657
-4189.305
-4020.379
-4911.44
-4623.415
-4419.003
-4196.677
-4026.645
-4626.71
-4421.059
-4201.231
-4029.953
3775.595
4006.795
4287.109
4634.49
5163.92
0
0
0
0
0
-4873.393
-4586.208
-4379.689
-4158.343
-3983.457
3765.276
3972.893
4278.134
4620.88
5141.338
0
0
0
0
0
-4871.41
-4587.083
-4381.201
-4160.714
-3987.687
3780.004
3984.916
4276.009
4623.398
5127.333
0
0
0
0
0
-4862.789
-4580.955
-4378.01
-4157.724
-3987.001
3800.728
3994.482
4304.566
4629.835
5167.65
0
0
0
0
0
-4854.84
-4567.697
-4368.569
-4152.126
-3980.728
3761.18
3992.315
4273.2
4629.25
5147.45
0
0
0
0
0
-4841.497
-4554.376
-4351.218
-4138.318
-3971.502
3815.992
4020.297
4301.518
4675.802
5167.621
0
0
0
0
0
-4823.26
-4537.587
-4335.116
-4118.082
-3954.692
3806.383
4040.19
4320.416
4638.761
5175.937
0
0
0
0
0
-4801.492
-4520.606
-4317.407
-4104.548
-3935.097
3807.268
4032.666
4309.454
4657.293
5168.61
0
0
0
0
0
-4785.932
-4505.43
-4305.367
-4092.121
-3927.041
3993.332
4282.657
4640.283
5146.923
0
0
0
0
0
-4775.959
-4497.005
-4297.386
-4084.997
-3919.97
4279.35
4643.492
5139.685
0
0
0
0
0
-4768.818
-4492.233
-4295.052
-4083.153
-3917.981
4617.457
5153.085
0
0
0
0
0
-4774.917
-4494.221
-4299.669
-4084.779
-3920.527
5142.489
0
0
0
0
0
-4784.409
-4505.482
-4305.209
-4093.776
-3928.203
0
0
0
0
0
-4800.857
-4518.882
-4320.633
-4105.475
-3941.138
0
0
0
0
-4820.5
-4538.774
-4338.437
-4123.451
-3955.947
0
0
0
-4846.997
-4563.504
-4360.81
-4144.475
-3976.252
0
0
-4871.175
-4584.926
-4382.711
-4163.941
-3996.033
0
-4892.301
-4605.052
-4400.367
-4180.085
-4009.946
-4903.527
-4618.061
-4411.9
-4191.762
-4020.524
-4625.256
-4419.321
-4199.419
-4027.505
-4422.759
-4201.497
-4031.839
3772.994
3984.183
4294.974
4633.812
5155.841
0
0
0
0
0
-4874.712
-4589.091
-4384.375
-4163.01
-3990.792
3777.79
3995.545
4267.099
4626.333
5144.119
0
0
0
0
0
-4869.923
-4587.093
-4385.207
-4164.333
-3993.108
3797.638
3988.042
4289.65
4631.598
5149.13
0
0
0
0
0
-4867.526
-4579.022
-4379.461
-4161.4
-3990.374
3794.859
4005.883
4301.011
4659.152
5150.878
0
0
0
0
0
-4858.613
-4571.713
-4366.974
-4152.665
-3985.197
3791.471
3956.454
4277.807
4629.011
5148.013
0
0
0
0
0
-4842.203
-4559.588
-4354.941
-4136.645
-3972.244
3814.446
4031.861
4310.624
4652.915
5191.61
0
0
0
0
0
-4827.162
-4542.029
-4338.9
-4121.724
-3953.184
3801.58
4023.537
4323.716
4672.547
5150.616
0
0
0
0
0
-4806.037
-4522.602
-4323.422
-4105.593
-3940.669
4018.86
4316.766
4655.874
5171.137
0
0
0
0
0
-4790.767
-4508.263
-4309.723
-4094.647
-3929.114
4279.065
4630.147
5148.632
0
0
0
0
0
-4778.928
-4499.449
-4302.066
-4087.516
-3922.528
4629.529
5151.437
0
0
0
0
0
-4776.615
-4492.949
-4297.575
-4085.528
-3920.897
5123.486
0
0
0
0
0
-4776.65
-4498.747
-4299.416
-4089.758
-3922.506
0
0
0
0
0
-4788.917
-4506.885
-4309.722
-4094.856
-3930.949
0
0
0
0
-4803.598
-4522.044
-4322.133
-4108.801
-3941.894
0
0
0
-4822.771
-4540.448
-4340.551
-4125.159
-3958.761
0
0
-4848.725
-4564.676
-4363.153
-4145.778
-3978.413
0
-4873.721
-4587.759
-4383.551
-4165.952
-3996.725
-4891.664
-4607.159
-4402.035
-4182.283
-4011.871
-4617.861
-4414.172
-4192.912
-4022.886
-4421.132
-4199.777
-4030.09
-4203.168
-4032.104
3802.171
4001.092
4286.514
4634.248
5154.514
0
0
0
0
0
-4872.515
-4590.347
-4387.223
-4167.304
-3995.328
3794.475
3987.042
4289.083
4628.945
5147.349
0
0
0
0
0
-4875.012
-4585.786
-4385.2
-4168.08
-3996.594
3766.035
4002.626
4288.722
4640.736
5155.258
0
0
0
0
0
-4870.075
-4583.413
-4377.583
-4162.696
-3993.878
3797.382
3993.326
4294.714
4654.812
5183.067
0
0
0
0
0
-4864.019
-4575.381
-4370.818
-4150.983
-3985.679
3817.215
3991.53
4262.709
4622.215
5149.219
0
0
0
0
0
-4846.865
-4560.566
-4359.708
-4140.135
-3970.62
3812.538
4031.967
4316.287
4662.091
5173.049
0
0
0
0
0
-4828.924
-4545.625
-4343.016
-4125.203
-3956.677
4018.305
4309.69
4671.226
5190.021
0
0
0
0
0
-4808.36
-4526.631
-4325.481
-4111.203
-3941.669
4307.158
4661.211
5168.766
0
0
0
0
0
-4792.666
-4513.012
-4312.225
-4098.866
-3931.529
4623.839
5141.336
0
0
0
0
0
-4781.731
-4502.156
-4304.358
-4091.967
-3924.97
5142.493
0
0
0
0
0
-4778.417
-4499.988
-4298.392
-4087.809
-3923.215
0
0
0
0
0
-4781.191
-4500.308
-4303.867
-4089.502
-3927.241
0
0
0
0
-4791.67
-4511.498
-4310.955
-4098.943
-3932.018
0
0
0
-4806.889
-4524.86
-4324.963
-4110.333
-3945.052
0
0
-4823.544
-4542.365
-4342.165
-4127.261
-3960.383
0
-4853.003
-4566.258
-4364.398
-4147.831
-3979.73
-4875.598
-4590.113
-4386.21
-4166.829
-3998.642
-4606.834
-4404.091
-4183.734
-4013.999
-4414.223
-4194.955
-4023.985
-4201.523
-4030.456
-4033.726
3773.041
4001.758
4295.378
4641.624
5149.922
0
0
0
0
0
-4878.858
-4588.412
-4388.362
-4170.019
-3999.407
3767.486
3997.415
4270.723
4637.513
5158.647
0
0
0
0
0
-4878.398
-4590.496
-4383.968
-4167.993
-4000.178
3780.328
3956.768
4294.497
4645.49
5162.151
0
0
0
0
0
-4874.37
-4586.372
-4381.638
-4160.802
-3995.095
3797.909
4007.572
4285.882
4638.925
5178.022
0
0
0
0
0
-4865.933
-4580.271
-4374.331
-4154.609
-3984.005
3776.174
4009.134
4284.607
4619.624
5139.316
0
0
0
0
0
-4852.176
-4564.841
-4360.831
-4144.525
-3973.965
4029.297
4321.314
4666.248
5181.705
0
0
0
0
0
-4833.118
-4547.836
-4346.335
-4129.02
-3959.991
4305.145
4658.123
5186.12
0
0
0
0
0
-4810.53
-4529.011
-4329.08
-4113.22
-3947.032
4656.771
5173.271
0
0
0
0
0
-4794.777
-4514.402
-4316.81
-4101.106
-3935.614
5133.247
0
0
0
0
0
-4786.367
-4504.663
-4306.791
-4094.114
-3929.258
0
0
0
0
0
-4780.961
-4501.635
-4304.775
-4088.641
-3925.381
0
0
0
0
-4781.385
-4504.397
-4305.254
-4093.807
-3926.993
0
0
0
-4790.287
-4513.767
-4315.526
-4100.047
-3935.886
0
0
-4805.466
-4527.871
-4327.724
-4112.916
-3946.562
0
-4825.733
-4543.508
-4343.826
-4128.784
-3962.44
-4851.331
-4569.999
-4365.878
-4149.07
-3981.652
-4592.043
-4388.397
-4169.318
-3999.515
-4403.988
-4185.707
-4015.352
-4195.121
-4025.914
-4032.142
3770.403
3971.937
4285.756
4638.997
5163.881
0
0
0
0
0
-4881.719
-4594.161
-4386.56
-4171
-4002.022
3808.003
3997.369
4289.652
4623.05
5157.77
0
0
0
0
0
-4884.74
-4593.996
-4388.333
-4166.749
-4000.069
3783.432
3987.427
4260.616
4649.272
5170.112
0
0
0
0
0
-4879.695
-4590.337
-4384.795
-4164.545
-3993.235
3788.647
4002.83
4304.242
4636.95
5156.914
0
0
0
0
0
-4871.674
-4582.344
-4378.791
-4157.929
-3987.484
3988.577
4277.786
4627.483
5140.406
0
0
0
0
0
-4855.257
-4569.779
-4364.761
-4145.674
-3978.144
4325.645
4673.949
5184.967
0
0
0
0
0
-4836.015
-4551.385
-4348.768
-4132.092
-3963.635
4656.187
5173.531
0
0
0
0
0
-4813.415
-4531.049
-4331.462
-4116.483
-3948.998
5170.982
0
0
0
0
0
-4796.826
-4516.567
-4317.861
-4105.487
-3937.732
0
0
0
0
0
-4786.475
-4508.839
-4309.081
-4096.307
-3931.321
0
0
0
0
-4782.122
-4503.861
-4306.296
-4094.51
-3926.204
0
0
0
-4783.818
-4504.663
-4308.982
-4095.042
-3931.165
0
0
-4796.239
-4512.747
-4317.431
-4104.485
-3936.934
0
-4808.165
-4526.54
-4330.514
-4115.561
-3949.018
-4827.751
-4545.3
-4345.132
-4130.264
-3963.905
-4568.926
-4369.183
-4150.463
-3982.864
-4390.33
-4171.363
-4001.897
-4185.715
-4017.258
-4026.113
3786.76
3973.537
4266.662
4635.161
5157.593
0
0
0
0
0
-4885.361
-4597.1
-4391.791
-4169.225
-4002.931
3799.396
3994.552
4292.327
4644.15
5145.757
0
0
0
0
0
-4885.351
-4599.666
-4391.8
-4170.798
-3998.844
3781.051
4000.93
4296.337
4623.844
5175.377
0
0
0
0
0
-4883.591
-4594.902
-4388.456
-4167.717
-3996.8
3989.836
4297.54
4659.469
5160.647
0
0
0
0
0
-4875.961
-4587.423
-4380.917
-4162.035
-3990.675
4284.435
4621
5139.137
0
0
0
0
0
-4859.917
-4572.745
-4369.342
-4149.304
-3979.283
4680.607
5194.663
0
0
0
0
0
-4838.928
-4554.125
-4351.839
-4134.568
-3966.567
5173.611
0
0
0
0
0
-4817.493
-4533.587
-4333.356
-4118.802
-3952.089
0
0
0
0
0
-4798.967
-4518.49
-4319.993
-4106.315
-3941.955
0
0
0
0
-4788.471
-4509.124
-4312.888
-4098.423
-3933.393
0
0
0
-4784.413
-4505.225
-4308.254
-4095.917
-3931.788
0
0
-4787.17
-4506.849
-4309.264
-4098.489
-3932.329
0
-4794.255
-4518.386
-4316.676
-4106.136
-3941.235
-4808.611
-4528.95
-4329.271
-4118.168
-3951.57
-4547.303
-4346.691
-4131.599
-3965.301
-4368.53
-4153.443
-3984.205
-4173.242
-4003.857
-4017.302
3814.402
3995.814
4272.078
4617.128
5156.187
0
0
0
0
0
-4889.921
-4600.582
-4394.71
-4174.023
-4001.201
3788.691
3997.452
4285.986
4649.227
5170.206
0
0
0
0
0
-4892.136
-4600.525
-4396.915
-4174.132
-4002.709
3986.837
4307.085
4656.655
5153.822
0
0
0
0
0
-4886.722
-4598.532
-4392.407
-4171.103
-3999.91
4283.712
4655.506
5183.507
0
0
0
0
0
-4879.144
-4591.532
-4385.457
-4164.119
-3994.582
4635.22
5138.461
0
0
0
0
0
-4863.263
-4576.828
-4372.168
-4153.568
-3982.742
5202.549
0
0
0
0
0
-4840.694
-4557.033
-4354.407
-4137.295
-3969.006
0
0
0
0
0
-4819.21
-4537.166
-4335.629
-4120.551
-3954.345
0
0
0
0
-4802.346
-4520.698
-4321.772
-4108.359
-3942.704
0
0
0
-4792.571
-4511.171
-4313.243
-4101.941
-3935.418
0
0
-4786.849
-4507.356
-4309.724
-4097.665
-3933.134
0
-4787.906
-4509.787
-4311.262
-4098.748
-3935.619
-4795.449
-4516.566
-4322.001
-4105.532
-3942.776
-4529.956
-4331.457
-4116.987
-3954.067
-4348.609
-4133.011
-3966.614
-4153.021
-3987.019
-4005.676
3740.871
4011.796
4292.047
4635.236
5140.845
0
0
0
0
0
-4894.305
-4604.904
-4398.002
-4176.837
-4005.76
3983.536
4294.788
4641.973
5176.896
0
0
0
0
0
-4894.655
-4606.482
-4397.911
-4178.807
-4005.93
4292.953
4665.765
5184.058
0
0
0
0
0
-4890.559
-4601.505
-4395.795
-4174.598
-4003.14
4636.991
5183.312
0
0
0
0
0
-4883.06
-4594.414
-4389.324
-4168.244
-3996.612
5155.879
0
0
0
0
0
-4865.658
-4579.91
-4375.798
-4156.236
-3986.816
0
0
0
0
0
-4842.313
-4558.612
-4357.227
-4139.692
-3971.572
0
0
0
0
-4821.89
-4538.95
-4338.802
-4122.62
-3956.014
0
0
0
-4805.192
-4523.5
-4324.002
-4109.999
-3944.679
0
0
-4791.686
-4514.546
-4315.246
-4102.296
-3938.773
0
-4788.124
-4509.84
-4311.709
-4099.151
-3934.784
-4787.545
-4510.684
-4313.884
-4100.596
-3935.87
-4517.856
-4320.274
-4110.57
-3942.238
-4332.777
-4118.998
-3952.94
-4134.807
-3967.958
-3986.681
3993.551
4300.685
4643.52
5165.317
0
0
0
0
0
-4896.853
-4608.791
-4402.062
-4179.925
-4008.481
4289.403
4652.764
5170.171
0
0
0
0
0
-4898.219
-4608.897
-4403.185
-4179.833
-4010.367
4647.002
5193.65
0
0
0
0
0
-4894.363
-4604.989
-4398.609
-4177.764
-4006.417
5161.798
0
0
0
0
0
-4885.36
-4597.91
-4391.986
-4171.863
-4000.521
0
0
0
0
0
-4868.627
-4582.137
-4378.657
-4159.524
-3989.381
0
0
0
0
-4846.449
-4560.39
-4358.662
-4142.379
-3973.867
0
0
0
-4824.15
-4541.579
-4340.586
-4125.483
-3957.981
0
0
-4805.224
-4526.056
-4326.355
-4112.189
-3946.245
0
-4793.787
-4514.391
-4318.132
-4104.209
-3939.125
-4789.776
-4510.973
-4314.18
-4101.002
-3936.247
-4510.674
-4314.862
-4102.983
-3937.635
-4321.638
-4108.894
-3947.077
-4120.433
-3954.854
-3969.674
4293.074
4652.417
5167.529
0
0
0
0
0
-4901.897
-4611.354
-4405.535
-4183.723
-4011.441
4645.83
5180.09
0
0
0
0
0
-4901.888
-4612.328
-4405.476
-4184.589
-4011.385
5172.285
0
0
0
0
0
-4897.158
-4608.395
-4401.767
-4180.413
-4009.45
0
0
0
0
0
-4886.663
-4600.3
-4395.123
-4174.341
-4003.983
0
0
0
0
-4869.95
-4584.977
-4380.697
-4162.19
-3992.493
0
0
0
-4850.702
-4563.905
-4360.479
-4143.695
-3976.456
0
0
-4825.758
-4543.59
-4343.088
-4127.215
-3960.687
0
-4808.206
-4526.418
-4328.683
-4114.225
-3948.379
-4794.304
-4516.049
-4318.412
-4106.772
-3940.971
-4512.805
-4315.145
-4103.408
-3938.02
-4315.049
-4103.972
-3939.903
-4110.265
-3945.457
-3956.292
4641.084
5178.095
0
0
0
0
0
-4904.046
-4615.834
-4408.041
-4186.872
-4015.075
5173.44
0
0
0
0
0
-4903.855
-4615.472
-4408.749
-4186.743
-4015.876
0
0
0
0
0
-4898.737
-4610.96
-4404.844
-4183.296
-4011.992
0
0
0
0
-4888.607
-4601.415
-4397.477
-4177.194
-4006.356
0
0
0
-4873.409
-4586.14
-4383.384
-4164.056
-3995.046
0
0
-4852.505
-4567.465
-4363.542
-4145.471
-3977.712
0
-4828.562
-4545.174
-4344.923
-4129.569
-3962.37
-4809.513
-4529.255
-4329.251
-4116.374
-3950.276
-4516.93
-4319.763
-4107.259
-3943.383
-4317.121
-4104.229
-3940.357
-4104.231
-3940.876
-3946.803
5164.138
0
0
0
0
0
-4908.763
-4617.809
-4412.066
-4189.271
-4018.057
0
0
0
0
0
-4905.299
-4617.628
-4411.491
-4189.844
-4017.943
0
0
0
0
-4899.856
-4612.491
-4407.211
-4186.11
-4014.729
0
0
0
-4890.842
-4603.258
-4398.462
-4179.446
-4009.06
0
0
-4875.941
-4589.278
-4384.429
-4166.584
-3996.818
0
-4852.709
-4569.202
-4366.58
-4148.216
-3979.438
-4827.677
-4547.73
-4346.422
-4131.266
-3964.627
-4530.553
-4331.893
-4117.031
-3952.328
-4320.846
-4108.406
-3943.927
-4106.248
-3941.116
-3941.152
0
0
0
0
0
-4907.976
-4621.928
-4413.907
-4192.944
-4020.372
0
0
0
0
-4908.85
-4618.819
-4413.707
-4192.291
-4020.925
0
0
0
-4903.396
-4613.76
-4408.672
-4188.306
-4017.403
0
0
-4894.187
-4605.407
-4400.2
-4180.329
-4011.232
0
-4876.395
-4591.745
-4387.283
-4167.534
-3999.243
-4854.177
-4569.68
-4368.223
-4150.89
-3982.03
-4547.277
-4348.775
-4132.661
-3966.25
-4333.184
-4119.485
-3953.002
-4109.553
-3944.99
-3943.106
0
0
0
0
-4911.244
-4621.737
-4417.54
-4194.663
-4023.859
0
0
0
-4912.075
-4622.005
-4414.702
-4194.473
-4023.23
0
0
-4905.923
-4616.935
-4410.003
-4189.681
-4019.501
0
-4895.444
-4608.177
-4402.224
-4181.964
-4012.07
-4877.209
-4592.136
-4389.634
-4170.157
-4000.148
-4571.705
-4368.866
-4152.43
-3984.535
-4348.629
-4134.848
-3967.584
-4120.734
-3955.344
-3946.132
0
0
0
-4912.935
-4624.493
-4417.708
-4197.933
-4025.506
0
0
-4912.242
-4624.953
-4417.577
-4195.32
-4025.356
0
-4907.345
-4619.151
-4412.84
-4191.003
-4020.821
-4896.159
-4609.552
-4404.577
-4183.853
-4013.638
-4593.36
-4389.986
-4172.375
-4002.644
-4371.224
-4153.141
-3986.011
-4134.859
-3969.674
-3956.554
0
0
-4916.061
-4625.99
-4420.075
-4198.269
-4028.594
0
-4913.696
-4625.219
-4420.29
-4197.949
-4026.141
-4907.261
-4620.638
-4414.81
-4193.568
-4022.114
-4610.434
-4406.001
-4185.919
-4015.446
-4391.449
-4172.69
-4004.773
-4155.622
-3986.731
-3969.737
0
-4917.427
-4628.92
-4421.426
-4200.359
-4028.976
-4912.32
-4626.744
-4420.587
-4200.466
-4028.637
-4620.941
-4416.294
-4195.351
-4024.539
-4406.982
-4187.33
-4017.382
-4174.235
-4005.074
-3989.195
-4915.362
-4630.254
-4424.155
-4201.593
-4030.937
-4625.919
-4422.146
-4200.753
-4031.04
-4416.871
-4196.787
-4026.227
-4188.333
-4018.76
-4006.611
-4629.083
-4425.421
-4204.139
-4032.111
-4421.687
-4202.292
-4031.321
-4197.498
-4027.617
-4019.748
-4424.854
-4205.32
-4034.545
-4202.023
-4032.823
-4028.356
-4205.083
-4035.675
-4032.619
-4035.545
)
;

boundaryField
{
    cathodeSides
    {
        type            zeroGradient;
    }
    electrolyteSides
    {
        type            zeroGradient;
    }
    anodeSides
    {
        type            zeroGradient;
    }
    phiI_to_phiI0
    {
        type            zeroGradient;
    }
}


// ************************************************************************* //
