/*--------------------------------*- C++ -*----------------------------------*\
| =========                 |                                                 |
| \\      /  F ield         | OpenFOAM: The Open Source CFD Toolbox           |
|  \\    /   O peration     | Version:  2312                                  |
|   \\  /    A nd           | Website:  www.openfoam.com                      |
|    \\/     M anipulation  |                                                 |
\*---------------------------------------------------------------------------*/
FoamFile
{
    version     2.0;
    format      ascii;
    arch        "LSB;label=32;scalar=64";
    class       volScalarField;
    location    "2/phiEC";
    object      J;
}
// * * * * * * * * * * * * * * * * * * * * * * * * * * * * * * * * * * * * * //

dimensions      [0 -3 0 0 0 1 0];

internalField   nonuniform List<scalar> 
20000
(
0
0
0
0
0
0
0
0
0
0
0
0
0
0
0
0
0
0
0
0
0
0
0
0
0
0
0
0
0
0
0
0
0
0
0
0
0
0
0
0
0
0
0
0
0
0
0
0
0
0
0
0
0
0
0
0
0
0
0
0
0
0
0
0
0
0
0
0
0
0
0
0
0
0
0
0
0
0
0
0
0
0
0
0
0
0
0
0
0
0
0
0
0
0
0
0
0
0
0
0
0
0
0
0
0
0
0
0
0
0
0
0
0
0
0
0
0
0
0
0
0
0
0
0
0
0
0
0
0
0
0
0
0
0
0
0
0
0
0
0
0
0
0
0
0
0
0
0
0
0
0
0
0
0
0
0
0
0
0
0
0
0
0
0
0
0
0
0
0
0
0
0
0
0
0
0
0
0
0
0
0
0
0
0
0
0
0
0
0
0
0
0
0
0
0
0
0
0
0
0
0
0
0
0
0
0
0
0
0
0
0
0
0
0
0
0
0
0
0
0
0
0
0
0
0
0
0
0
0
0
0
0
0
0
0
0
0
0
0
0
0
0
0
0
0
0
0
0
0
0
0
0
0
0
0
0
0
0
0
0
0
0
0
0
0
0
0
0
0
0
0
0
0
0
0
0
0
0
0
0
0
0
0
0
0
0
0
0
0
0
0
0
0
0
0
0
0
0
0
0
0
0
0
0
0
0
0
0
0
0
0
0
0
0
0
0
0
0
0
0
0
0
0
0
0
0
0
0
0
0
0
0
0
0
0
0
0
0
0
0
0
0
0
0
0
0
0
0
0
0
0
0
0
0
0
0
0
0
0
0
0
0
0
0
0
0
0
0
0
0
0
0
0
0
0
0
0
0
0
0
0
0
0
0
0
0
0
0
0
0
0
0
0
0
0
0
0
0
0
0
0
0
0
0
0
0
0
0
0
0
0
0
0
0
0
0
0
0
0
0
0
0
0
0
0
0
0
0
0
0
0
0
0
0
0
0
0
0
0
0
0
0
0
0
0
0
0
0
0
0
0
0
0
0
0
0
0
0
0
0
0
0
0
0
0
0
0
0
0
0
0
0
0
0
0
0
0
0
0
0
0
0
0
0
0
0
0
0
0
0
0
0
0
0
0
0
0
0
0
0
0
0
0
0
0
0
0
0
0
0
0
0
0
0
0
0
0
0
0
0
0
0
0
0
0
0
0
0
0
0
0
0
0
0
0
0
0
0
0
0
0
0
0
0
0
0
0
0
0
0
0
0
0
0
0
0
0
0
0
0
0
0
0
0
0
0
0
0
0
0
0
0
0
0
0
0
0
0
0
0
0
0
0
0
0
0
0
0
0
0
0
0
0
0
0
0
0
0
0
0
0
0
0
0
0
0
0
0
0
0
0
0
0
0
0
0
0
0
0
0
0
0
0
0
0
0
0
0
0
0
0
0
0
0
0
0
0
0
0
0
0
0
0
0
0
0
0
0
0
0
0
0
0
0
0
0
0
0
0
0
0
0
0
0
0
0
0
0
0
0
0
0
0
0
0
0
0
0
0
0
0
0
0
0
0
0
0
0
0
0
0
0
0
0
0
0
0
0
0
0
0
0
0
0
0
0
0
0
0
0
0
0
0
0
0
0
0
0
0
0
0
0
0
0
0
0
0
0
0
0
0
0
0
0
0
0
0
0
0
0
0
0
0
0
0
0
0
0
0
0
0
0
0
0
0
0
0
0
0
0
0
0
0
0
0
0
0
0
0
0
0
0
0
0
0
0
0
0
0
0
0
0
0
0
0
0
0
0
0
0
0
0
0
0
0
0
0
0
0
0
0
0
0
0
0
0
0
0
0
0
0
0
0
0
0
0
0
0
0
0
0
0
0
0
0
0
0
0
0
0
0
0
0
0
0
0
0
0
0
0
0
0
0
0
0
0
0
0
0
0
0
0
0
0
0
0
0
0
0
0
0
0
0
0
0
0
0
0
0
0
0
0
0
0
0
0
0
0
0
0
0
0
0
0
0
0
0
0
0
0
0
0
0
0
0
0
0
0
0
0
0
0
0
0
0
0
0
0
0
0
0
0
0
0
0
0
0
0
0
0
0
0
0
0
0
0
0
0
0
0
0
0
0
0
0
0
0
0
0
0
0
0
0
0
0
0
0
0
0
0
0
0
0
0
0
0
0
0
0
0
0
0
0
0
0
0
0
0
0
0
0
0
0
0
0
0
0
0
0
0
0
0
0
0
0
0
0
0
0
0
0
0
0
0
0
0
0
0
0
0
0
0
0
0
0
0
0
0
0
0
0
0
0
0
0
0
0
0
0
0
0
0
0
0
0
0
0
0
0
0
0
0
0
0
0
0
0
0
0
0
0
0
0
0
0
0
0
0
0
0
0
0
0
0
0
0
0
0
0
0
0
0
0
0
0
0
0
0
0
0
0
0
0
0
0
0
0
0
0
0
0
0
0
0
0
0
0
0
0
0
0
0
0
0
0
0
0
0
0
0
0
0
0
0
0
0
0
0
0
0
0
0
0
0
0
0
0
0
0
0
0
0
0
0
0
0
0
0
0
0
0
0
0
0
0
0
0
0
0
0
0
0
0
0
0
0
0
0
0
0
0
0
0
0
0
0
0
0
0
0
0
0
0
0
0
0
0
0
0
0
0
0
0
0
0
0
0
0
0
0
0
0
0
0
0
0
0
0
0
0
0
0
0
0
0
0
0
0
0
0
0
0
0
0
0
0
0
0
0
0
0
0
0
0
0
0
0
0
0
0
0
0
0
0
0
0
0
0
0
0
0
0
0
0
0
0
0
0
0
0
0
0
0
0
0
0
0
0
0
0
0
0
0
0
0
0
0
0
0
0
0
0
0
0
0
0
0
0
0
0
0
0
0
0
0
0
0
0
0
0
0
0
0
0
0
0
0
0
0
0
0
0
0
0
0
0
0
0
0
0
0
0
0
0
0
0
0
0
0
0
0
0
0
0
0
0
0
0
0
0
0
0
0
0
0
0
0
0
0
0
0
0
0
0
0
0
0
0
0
0
0
0
0
0
0
0
0
0
0
0
0
0
0
0
0
0
0
0
0
0
0
0
0
0
0
0
0
0
0
0
0
0
0
0
0
0
0
0
0
0
0
0
0
0
0
0
0
0
0
0
0
0
0
0
0
0
0
0
0
0
0
0
0
0
0
0
0
0
0
0
0
0
0
0
0
0
0
0
0
0
0
0
0
0
0
0
0
0
0
0
0
0
0
0
0
0
0
0
0
0
0
0
0
0
0
0
0
0
0
0
0
0
0
0
0
0
0
0
0
0
0
0
0
0
0
0
0
0
0
0
0
0
0
0
0
0
0
0
0
0
0
0
0
0
0
0
0
0
0
0
0
0
0
0
0
0
0
0
0
0
0
0
0
0
0
0
0
0
0
0
0
0
0
0
0
0
0
0
0
0
0
0
0
0
0
0
0
0
0
0
0
0
0
0
0
0
0
0
0
0
0
0
0
0
0
0
0
0
0
0
0
0
0
0
0
0
0
0
0
0
0
0
0
0
0
0
0
0
0
0
0
0
0
0
0
0
0
0
0
0
0
0
0
0
0
0
0
0
0
0
0
0
0
0
0
0
0
0
0
0
0
0
0
0
0
0
0
0
0
0
0
0
0
0
0
0
0
0
0
0
0
0
0
0
0
0
0
0
0
0
0
0
0
0
0
0
0
0
0
0
0
0
0
0
0
0
0
0
0
0
0
0
0
0
0
0
0
0
0
0
0
0
0
0
0
0
0
0
0
0
0
0
0
0
0
0
0
0
0
0
0
0
0
0
0
0
0
0
0
0
0
0
0
0
0
0
0
0
0
0
0
0
0
0
0
0
0
0
0
0
0
0
0
0
0
0
0
0
0
0
0
0
0
0
0
0
0
0
0
0
0
0
0
0
0
0
0
0
0
0
0
0
0
0
0
0
0
0
0
0
0
0
0
0
0
0
0
0
0
0
0
0
0
0
0
0
0
0
0
0
0
0
0
0
0
0
0
0
0
0
0
0
0
0
0
0
0
0
0
0
0
0
0
0
0
0
0
0
0
0
0
0
0
0
0
0
0
0
0
0
0
0
0
0
0
0
0
0
0
0
0
0
0
0
0
0
0
0
0
0
0
0
0
0
0
0
0
0
0
0
0
0
0
0
0
0
0
0
0
0
0
0
0
0
0
0
0
0
0
0
0
0
0
0
0
0
0
0
0
0
0
0
0
0
0
0
0
0
0
0
0
0
0
0
0
0
0
0
0
0
0
0
0
0
0
0
0
0
0
0
0
0
0
0
0
0
0
0
0
0
0
0
0
0
0
0
0
0
0
0
0
0
0
0
0
0
0
0
0
0
0
0
0
0
0
0
0
0
0
0
0
0
0
0
0
0
0
0
0
0
0
0
0
0
0
0
0
0
0
0
0
0
0
0
0
0
0
0
0
0
0
0
0
0
0
0
0
0
0
0
0
0
0
0
0
0
0
0
0
0
0
0
0
0
0
0
0
0
0
0
0
0
0
0
0
0
0
0
0
0
0
0
0
0
0
0
0
0
0
0
0
0
0
0
0
0
0
0
0
0
0
0
0
0
0
0
0
0
0
0
0
0
0
0
0
0
0
0
0
0
0
0
0
0
0
0
0
0
0
0
0
0
0
0
0
0
0
0
0
0
0
0
0
0
0
0
0
0
0
0
0
0
0
0
0
0
0
0
0
0
0
0
0
0
0
0
0
0
0
0
0
0
0
0
0
0
0
0
0
0
0
0
0
0
0
0
0
0
0
0
0
0
0
0
0
0
0
0
0
0
0
0
0
0
0
0
0
0
0
0
0
0
0
0
0
0
0
0
0
0
0
0
0
0
0
0
0
0
0
0
0
0
0
0
0
0
0
0
0
0
0
0
0
0
0
0
0
0
0
0
0
0
0
0
0
0
0
0
0
0
0
0
0
0
0
0
0
0
0
0
0
0
0
0
0
0
0
0
0
0
0
0
0
0
0
0
0
0
0
0
0
0
0
0
0
0
0
0
0
0
0
0
0
0
0
0
0
0
0
0
0
0
0
0
0
0
0
0
0
0
0
0
0
0
0
0
0
0
0
0
0
0
0
0
0
0
0
0
0
0
0
0
0
0
0
0
0
0
0
0
0
0
0
0
0
0
0
0
0
0
0
0
0
0
0
0
0
0
0
0
0
0
0
0
0
0
0
0
0
0
0
0
0
0
0
0
0
0
0
0
0
0
0
0
0
0
0
0
0
0
0
0
0
0
0
0
0
0
0
0
0
0
0
0
0
0
0
0
0
0
0
0
0
0
0
0
0
0
0
0
0
0
0
0
0
0
0
0
0
0
0
0
0
0
0
0
0
0
0
0
0
0
0
0
0
0
0
0
0
0
0
0
0
0
0
0
0
0
0
0
0
0
0
0
0
0
0
0
0
0
0
0
0
0
0
0
0
0
0
0
0
0
0
0
0
0
0
0
0
0
0
0
0
0
0
0
0
0
0
0
0
0
0
0
0
0
0
0
0
0
0
0
0
0
0
0
0
0
0
0
0
0
0
0
0
0
0
0
0
0
0
0
0
0
0
0
0
0
0
0
0
0
0
0
0
0
0
0
0
0
0
0
0
0
0
0
0
0
0
0
0
0
0
0
0
0
0
0
0
0
0
0
0
0
0
-2.770423e+10
0
0
0
0
0
0
0
0
0
0
0
0
0
0
0
0
0
0
0
0
0
0
0
0
0
0
0
0
0
0
0
0
0
0
0
0
0
0
0
0
0
0
0
0
0
0
0
0
0
0
0
0
0
0
0
0
0
0
0
0
0
0
0
0
0
0
0
0
0
0
0
0
0
0
0
0
0
0
0
0
0
0
0
0
0
0
0
0
0
0
0
0
0
0
0
0
0
0
0
0
0
0
0
0
0
0
0
0
0
0
0
0
0
0
0
0
0
0
0
0
0
0
0
0
0
0
0
0
0
0
0
0
0
0
0
0
0
0
0
0
0
0
0
0
0
0
0
0
0
0
0
0
0
0
0
0
0
0
0
0
0
0
0
0
0
0
0
0
0
0
0
0
0
0
0
0
0
0
0
0
0
0
0
0
0
0
0
0
0
0
0
0
0
0
0
0
0
0
0
0
0
0
0
0
0
0
0
0
0
0
0
0
0
0
0
0
0
0
0
0
0
0
0
0
0
-2.752741e+10
0
0
0
0
0
0
0
0
0
0
0
0
0
0
0
0
0
0
0
0
0
0
0
0
0
-2.776019e+10
-3.257645e+10
0
0
0
0
0
0
0
0
0
0
0
0
0
0
0
0
0
0
0
0
0
0
0
0
0
0
0
0
0
0
0
0
0
0
0
0
0
0
0
0
0
0
0
0
0
0
0
0
0
0
0
0
0
0
0
0
0
0
0
0
0
0
0
0
0
0
0
0
0
0
0
0
0
0
0
0
0
0
0
0
0
0
0
0
0
0
0
0
0
0
0
0
0
0
0
0
0
0
0
0
0
0
0
0
0
0
0
0
0
0
0
0
0
0
0
0
0
0
0
0
0
0
0
0
0
0
0
0
0
0
0
0
0
0
0
0
0
0
0
0
0
0
0
0
0
0
0
0
0
0
0
0
0
0
0
0
0
0
0
0
0
0
0
0
0
0
0
0
0
0
0
0
0
0
0
0
0
0
0
0
0
0
0
0
0
0
0
0
0
0
0
0
0
0
0
0
0
0
0
0
0
0
0
0
0
0
0
0
0
0
0
0
0
0
0
-2.717803e+10
0
0
0
0
0
0
0
0
0
0
0
0
0
0
0
0
0
0
0
0
0
0
0
0
0
-2.758169e+10
-3.235085e+10
0
0
0
0
0
0
0
0
0
0
0
0
0
0
0
0
0
0
0
0
0
0
0
0
0
-2.777341e+10
-3.264573e+10
-3.455297e+10
0
0
0
0
0
0
0
0
0
0
0
0
0
0
0
0
0
0
0
0
0
0
0
0
0
0
0
0
0
0
0
0
0
0
0
0
0
0
0
0
0
0
0
0
0
0
0
0
0
0
0
0
0
0
0
0
0
0
0
0
0
0
0
0
0
0
0
0
0
0
0
0
0
0
0
0
0
0
0
0
0
0
0
0
0
0
0
0
0
0
0
0
0
0
0
0
0
0
0
0
0
0
0
0
0
0
0
0
0
0
0
0
0
0
0
0
0
0
0
0
0
0
0
0
0
0
0
0
0
0
0
0
0
0
0
0
0
0
0
0
0
0
0
0
0
0
0
0
0
0
0
0
0
0
0
0
0
0
0
0
0
0
0
0
0
0
0
0
0
0
0
0
0
0
0
0
0
0
0
0
0
0
0
0
0
0
0
0
0
0
0
0
0
0
0
0
0
0
0
0
0
0
0
0
0
-2.66111e+10
0
0
0
0
0
0
0
0
0
0
0
0
0
0
0
0
0
0
0
0
0
0
0
0
0
-2.722832e+10
-3.193122e+10
0
0
0
0
0
0
0
0
0
0
0
0
0
0
0
0
0
0
0
0
0
0
0
0
0
-2.759452e+10
-3.24184e+10
-3.43039e+10
0
0
0
0
0
0
0
0
0
0
0
0
0
0
0
0
0
0
0
0
0
0
0
0
0
-2.777876e+10
-3.266191e+10
-3.463273e+10
-3.676708e+10
0
0
0
0
0
0
0
0
0
0
0
0
0
0
0
0
0
0
0
0
0
0
0
0
0
0
0
0
0
0
0
0
0
0
0
0
0
0
0
0
0
0
0
0
0
0
0
0
0
0
0
0
0
0
0
0
0
0
0
0
0
0
0
0
0
0
0
0
0
0
0
0
0
0
0
0
0
0
0
0
0
0
0
0
0
0
0
0
0
0
0
0
0
0
0
0
0
0
0
0
0
0
0
0
0
0
0
0
0
0
0
0
0
0
0
0
0
0
0
0
0
0
0
0
0
0
0
0
0
0
0
0
0
0
0
0
0
0
0
0
0
0
0
0
0
0
0
0
0
0
0
0
0
0
0
0
0
0
0
0
0
0
0
0
0
0
0
0
0
0
0
0
0
0
0
0
0
0
0
0
0
0
0
0
0
0
0
0
0
0
0
0
0
0
0
-2.576013e+10
0
0
0
0
0
0
0
0
0
0
0
0
0
0
0
0
0
0
0
0
0
0
0
0
0
-2.66612e+10
-3.12541e+10
0
0
0
0
0
0
0
0
0
0
0
0
0
0
0
0
0
0
0
0
0
0
0
0
0
-2.724293e+10
-3.199354e+10
-3.385201e+10
0
0
0
0
0
0
0
0
0
0
0
0
0
0
0
0
0
0
0
0
0
0
0
0
0
-2.759981e+10
-3.243417e+10
-3.438136e+10
-3.649084e+10
0
0
0
0
0
0
0
0
0
0
0
0
0
0
0
0
0
0
0
0
0
0
0
0
0
-2.778214e+10
-3.266827e+10
-3.464929e+10
-3.686957e+10
-4.349524e+10
0
0
0
0
0
0
0
0
0
0
0
0
0
0
0
0
0
0
0
0
0
0
0
0
0
0
0
0
0
0
0
0
0
0
0
0
0
0
0
0
0
0
0
0
0
0
0
0
0
0
0
0
0
0
0
0
0
0
0
0
0
0
0
0
0
0
0
0
0
0
0
0
0
0
0
0
0
0
0
0
0
0
0
0
0
0
0
0
0
0
0
0
0
0
0
0
0
0
0
0
0
0
0
0
0
0
0
0
0
0
0
0
0
0
0
0
0
0
0
0
0
0
0
0
0
0
0
0
0
0
0
0
0
0
0
0
0
0
0
0
0
0
0
0
0
0
0
0
0
0
0
0
0
0
0
0
0
0
0
0
0
0
0
0
0
0
0
0
0
0
0
0
0
0
0
0
0
0
0
0
0
0
0
0
-2.465221e+10
0
0
0
0
0
0
0
0
0
0
0
0
0
0
0
0
0
0
0
0
0
0
0
0
0
-2.580735e+10
-3.024379e+10
0
0
0
0
0
0
0
0
0
0
0
0
0
0
0
0
0
0
0
0
0
0
0
0
0
-2.667371e+10
-3.131671e+10
-3.31254e+10
0
0
0
0
0
0
0
0
0
0
0
0
0
0
0
0
0
0
0
0
0
0
0
0
0
-2.724808e+10
-3.201151e+10
-3.392231e+10
-3.60018e+10
0
0
0
0
0
0
0
0
0
0
0
0
0
0
0
0
0
0
0
0
0
0
0
0
0
-2.760316e+10
-3.244048e+10
-3.43974e+10
-3.659047e+10
-4.314224e+10
0
0
0
0
0
0
0
0
0
0
0
0
0
0
0
0
0
0
0
0
0
0
0
0
0
-2.77853e+10
-3.267215e+10
-3.465607e+10
-3.688671e+10
-4.363062e+10
0
0
0
0
0
0
0
0
0
0
0
0
0
0
0
0
0
0
0
0
0
0
0
0
0
0
0
0
0
0
0
0
0
0
0
0
0
0
0
0
0
0
0
0
0
0
0
0
0
0
0
0
0
0
0
0
0
0
0
0
0
0
0
0
0
0
0
0
0
0
0
0
0
0
0
0
0
0
0
0
0
0
0
0
0
0
0
0
0
0
0
0
0
0
0
0
0
0
0
0
0
0
0
0
0
0
0
0
0
0
0
0
0
0
0
0
0
0
0
0
0
0
0
0
0
0
0
0
0
0
0
0
0
0
0
0
0
0
0
0
0
0
0
0
0
0
0
0
0
0
0
0
0
0
0
0
0
0
0
0
0
0
0
0
0
0
0
0
0
0
0
0
0
0
0
0
0
0
0
0
0
0
-2.360381e+10
0
0
0
0
0
0
0
0
0
0
0
0
0
0
0
-2.469628e+10
-2.893412e+10
0
0
0
0
0
0
0
0
0
0
0
0
0
0
0
0
0
0
0
0
0
0
0
0
0
-2.582024e+10
-3.030268e+10
-3.204472e+10
0
0
0
0
0
0
0
0
0
0
0
0
0
0
0
0
0
0
0
0
0
0
0
0
0
-2.667872e+10
-3.133172e+10
-3.319678e+10
-3.521689e+10
0
0
0
0
0
0
0
0
0
0
0
0
0
0
0
0
0
0
0
0
0
0
0
0
0
-2.725139e+10
-3.201769e+10
-3.394218e+10
-3.609085e+10
-4.254367e+10
0
0
0
0
0
0
0
0
0
0
0
0
0
0
0
0
0
0
0
0
0
0
0
0
0
-2.760631e+10
-3.244434e+10
-3.440412e+10
-3.660692e+10
-4.327352e+10
0
0
0
0
0
0
0
0
0
0
0
0
0
0
0
0
0
0
0
0
0
0
0
0
0
-2.778875e+10
-3.26757e+10
-3.466015e+10
-3.68933e+10
-4.365515e+10
0
0
0
0
0
0
0
0
0
0
0
0
0
0
0
0
0
0
0
0
0
0
0
0
0
0
0
0
0
0
0
0
0
0
0
0
0
0
0
0
0
0
0
0
0
0
0
0
0
0
0
0
0
0
0
0
0
0
0
0
0
0
0
0
0
0
0
0
0
0
0
0
0
0
0
0
0
0
0
0
0
0
0
0
0
0
0
0
0
0
0
0
0
0
0
0
0
0
0
0
0
0
0
0
0
0
0
0
0
0
0
0
0
0
0
0
0
0
0
0
0
0
0
0
0
0
0
0
0
0
0
0
0
0
0
0
0
0
0
0
0
0
0
0
0
0
0
0
0
0
0
0
0
0
0
0
0
0
0
0
0
0
0
0
0
0
0
0
0
0
0
0
0
0
0
0
0
0
0
-2.281938e+10
0
0
0
0
0
0
0
0
0
0
0
0
0
0
0
-2.364089e+10
-2.769658e+10
0
0
0
0
0
0
0
0
0
0
0
0
0
0
0
-2.47083e+10
-2.898955e+10
-3.065061e+10
0
0
0
0
0
0
0
0
0
0
0
0
0
0
0
0
0
0
0
0
0
0
0
0
0
-2.582498e+10
-3.031874e+10
-3.211186e+10
-3.405378e+10
0
0
0
0
0
0
0
0
0
0
0
0
0
0
0
0
0
0
0
0
0
0
0
0
0
-2.668195e+10
-3.133774e+10
-3.321154e+10
-3.530848e+10
-4.1593e+10
0
0
0
0
0
0
0
0
0
0
0
0
0
0
0
0
0
0
0
0
0
0
0
0
0
-2.725452e+10
-3.202151e+10
-3.394872e+10
-3.611345e+10
-4.266418e+10
0
0
0
0
0
0
0
0
0
0
0
0
0
0
0
0
0
0
0
0
0
0
0
0
0
-2.760974e+10
-3.244788e+10
-3.440819e+10
-3.661405e+10
-4.329651e+10
0
0
0
0
0
0
0
0
0
0
0
0
0
0
0
0
0
0
0
0
0
0
0
0
0
-2.779261e+10
-3.267953e+10
-3.466383e+10
-3.689708e+10
-4.366249e+10
0
0
0
0
0
0
0
0
0
0
0
0
0
0
0
0
0
0
0
0
0
0
0
0
0
0
0
0
0
0
0
0
0
0
0
0
0
0
0
0
0
0
0
0
0
0
0
0
0
0
0
0
0
0
0
0
0
0
0
0
0
0
0
0
0
0
0
0
0
0
0
0
0
0
0
0
0
0
0
0
0
0
0
0
0
0
0
0
0
0
0
0
0
0
0
0
0
0
0
0
0
0
0
0
0
0
0
0
0
0
0
0
0
0
0
0
0
0
0
0
0
0
0
0
0
0
0
0
0
0
0
0
0
0
0
0
0
0
0
0
0
0
0
0
0
0
0
0
0
0
0
0
0
0
0
0
0
0
0
0
0
0
0
0
0
0
0
0
0
0
0
0
0
0
0
-2.229286e+10
0
0
0
0
0
0
0
0
0
0
0
0
0
0
0
-2.284562e+10
-2.677442e+10
0
0
0
0
0
0
0
0
0
0
0
0
0
0
0
-2.366763e+10
-2.774315e+10
-2.933431e+10
0
0
0
0
0
0
0
0
0
0
0
0
0
0
0
-2.471278e+10
-2.900467e+10
-3.071312e+10
-3.256033e+10
0
0
0
0
0
0
0
0
0
0
0
0
0
0
0
0
0
0
0
0
0
0
0
0
0
-2.582811e+10
-3.032448e+10
-3.212942e+10
-3.413963e+10
-4.019086e+10
0
0
0
0
0
0
0
0
0
0
0
0
0
0
0
0
0
0
0
0
0
0
0
0
0
-2.668504e+10
-3.134149e+10
-3.321795e+10
-3.532225e+10
-4.17151e+10
0
0
0
0
0
0
0
0
0
0
0
0
0
0
0
0
0
0
0
0
0
0
0
0
0
-2.725794e+10
-3.202503e+10
-3.395275e+10
-3.612031e+10
-4.269296e+10
0
0
0
0
0
0
0
0
0
0
0
0
0
0
0
0
0
0
0
0
0
0
0
0
0
-2.76136e+10
-3.24517e+10
-3.441185e+10
-3.661832e+10
-4.33049e+10
0
0
0
0
0
0
0
0
0
0
0
0
0
0
0
0
0
0
0
0
0
0
0
0
0
-2.779696e+10
-3.268385e+10
-3.466776e+10
-3.690075e+10
-4.3668e+10
0
0
0
0
0
0
0
0
0
0
0
0
0
0
0
0
0
0
0
0
0
0
0
0
0
0
0
0
0
0
0
0
0
0
0
0
0
0
0
0
0
0
0
0
0
0
0
0
0
0
0
0
0
0
0
0
0
0
0
0
0
0
0
0
0
0
0
0
0
0
0
0
0
0
0
0
0
0
0
0
0
0
0
0
0
0
0
0
0
0
0
0
0
0
0
0
0
0
0
0
0
0
0
0
0
0
0
0
0
0
0
0
0
0
0
0
0
0
0
0
0
0
0
0
0
0
0
0
0
0
0
0
0
0
0
0
0
0
0
0
0
0
0
0
0
0
0
0
0
0
0
0
0
0
0
0
0
0
0
0
0
0
0
0
0
0
0
0
0
0
-2.20347e+10
0
0
0
0
0
0
0
0
0
0
0
0
0
0
0
-2.230716e+10
-2.61556e+10
0
0
0
0
0
0
0
0
0
0
0
0
0
0
0
-2.285643e+10
-2.680739e+10
-2.835585e+10
0
0
0
0
0
0
0
0
0
0
0
0
0
0
0
-2.367399e+10
-2.777702e+10
-2.938625e+10
-3.115199e+10
0
0
0
0
0
0
0
0
0
0
0
0
0
0
0
-2.471578e+10
-2.901014e+10
-3.07297e+10
-3.26402e+10
-3.839587e+10
0
0
0
0
0
0
0
0
0
0
0
0
0
0
0
0
0
0
0
0
0
0
0
0
0
-2.583114e+10
-3.032813e+10
-3.213546e+10
-3.415923e+10
-4.030576e+10
0
0
0
0
0
0
0
0
0
0
0
0
0
0
0
0
0
0
0
0
0
0
0
0
0
-2.668843e+10
-3.134497e+10
-3.322191e+10
-3.5329e+10
-4.173397e+10
0
0
0
0
0
0
0
0
0
0
0
0
0
0
0
0
0
0
0
0
0
0
0
0
0
-2.726178e+10
-3.202883e+10
-3.395639e+10
-3.612455e+10
-4.270097e+10
0
0
0
0
0
0
0
0
0
0
0
0
0
0
0
0
0
0
0
0
0
0
0
0
0
-2.761824e+10
-3.245601e+10
-3.441575e+10
-3.662204e+10
-4.330959e+10
0
0
0
0
0
0
0
0
0
0
0
0
0
0
0
0
0
0
0
0
0
0
0
0
0
-2.780253e+10
-3.268873e+10
-3.467217e+10
-3.690368e+10
-4.367286e+10
0
0
0
0
0
0
0
0
0
0
0
0
0
0
0
0
0
0
0
0
0
0
0
0
0
0
0
0
0
0
0
0
0
0
0
0
0
0
0
0
0
0
0
0
0
0
0
0
0
0
0
0
0
0
0
0
0
0
0
0
0
0
0
0
0
0
0
0
0
0
0
0
0
0
0
0
0
0
0
0
0
0
0
0
0
0
0
0
0
0
0
0
0
0
0
0
0
0
0
0
0
0
0
0
0
0
0
0
0
0
0
0
0
0
0
0
0
0
0
0
0
0
0
0
0
0
0
0
0
0
0
0
0
0
0
0
0
0
0
0
0
0
0
0
0
0
0
0
0
0
0
0
0
0
0
0
0
0
0
0
0
0
0
0
-2.20347e+10
0
0
0
0
0
0
0
0
0
0
0
0
0
0
0
-2.204155e+10
-2.585251e+10
0
0
0
0
0
0
0
0
0
0
0
0
0
0
0
-2.231323e+10
-2.617336e+10
-2.769916e+10
0
0
0
0
0
0
0
0
0
0
0
0
0
0
0
-2.286221e+10
-2.682098e+10
-2.839246e+10
-3.010824e+10
0
0
0
0
0
0
0
0
0
0
0
0
0
0
0
-2.367809e+10
-2.778488e+10
-2.942375e+10
-3.12191e+10
-3.670737e+10
0
0
0
0
0
0
0
0
0
0
0
0
0
0
0
-2.471907e+10
-2.901365e+10
-3.073548e+10
-3.265882e+10
-3.850314e+10
0
0
0
0
0
0
0
0
0
0
0
0
0
0
0
0
0
0
0
0
0
0
0
0
0
-2.583512e+10
-3.033154e+10
-3.213932e+10
-3.416546e+10
-4.033088e+10
0
0
0
0
0
0
0
0
0
0
0
0
0
0
0
0
0
0
0
0
0
0
0
0
0
-2.669251e+10
-3.134875e+10
-3.32255e+10
-3.533318e+10
-4.174199e+10
0
0
0
0
0
0
0
0
0
0
0
0
0
0
0
0
0
0
0
0
0
0
0
0
0
-2.726663e+10
-3.203312e+10
-3.396028e+10
-3.612824e+10
-4.270566e+10
0
0
0
0
0
0
0
0
0
0
0
0
0
0
0
0
0
0
0
0
0
0
0
0
0
-2.762349e+10
-3.246126e+10
-3.442016e+10
-3.662595e+10
-4.33133e+10
0
0
0
0
0
0
0
0
0
0
0
0
0
0
0
0
0
0
0
0
0
0
0
0
0
-2.780805e+10
-3.269512e+10
-3.467716e+10
-3.690827e+10
-4.367696e+10
0
0
0
0
0
0
0
0
0
0
0
0
0
0
0
0
0
0
0
0
0
0
0
0
0
0
0
0
0
0
0
0
0
0
0
0
0
0
0
0
0
0
0
0
0
0
0
0
0
0
0
0
0
0
0
0
0
0
0
0
0
0
0
0
0
0
0
0
0
0
0
0
0
0
0
0
0
0
0
0
0
0
0
0
0
0
0
0
0
0
0
0
0
0
0
0
0
0
0
0
0
0
0
0
0
0
0
0
0
0
0
0
0
0
0
0
0
0
0
0
0
0
0
0
0
0
0
0
0
0
0
0
0
0
0
0
0
0
0
0
0
0
0
0
0
0
0
0
0
0
0
0
0
0
0
0
0
-2.229286e+10
0
0
0
0
0
0
0
0
0
0
0
0
0
0
0
-2.204155e+10
-2.585251e+10
0
0
0
0
0
0
0
0
0
0
0
0
0
0
0
-2.204441e+10
-2.586087e+10
-2.737784e+10
0
0
0
0
0
0
0
0
0
0
0
0
0
0
0
-2.231749e+10
-2.618097e+10
-2.771905e+10
-2.940793e+10
0
0
0
0
0
0
0
0
0
0
0
0
0
0
0
-2.286638e+10
-2.682814e+10
-2.840742e+10
-3.01579e+10
-3.546397e+10
0
0
0
0
0
0
0
0
0
0
0
0
0
0
0
-2.368122e+10
-2.778979e+10
-2.943213e+10
-3.126146e+10
-3.679809e+10
0
0
0
0
0
0
0
0
0
0
0
0
0
0
0
-2.472251e+10
-2.90174e+10
-3.073921e+10
-3.266484e+10
-3.852735e+10
0
0
0
0
0
0
0
0
0
0
0
0
0
0
0
0
0
0
0
0
0
0
0
0
0
-2.583901e+10
-3.033606e+10
-3.214285e+10
-3.416953e+10
-4.033811e+10
0
0
0
0
0
0
0
0
0
0
0
0
0
0
0
0
0
0
0
0
0
0
0
0
0
-2.669739e+10
-3.135335e+10
-3.322937e+10
-3.533682e+10
-4.174665e+10
0
0
0
0
0
0
0
0
0
0
0
0
0
0
0
0
0
0
0
0
0
0
0
0
0
-2.727151e+10
-3.203864e+10
-3.396467e+10
-3.613213e+10
-4.270936e+10
0
0
0
0
0
0
0
0
0
0
0
0
0
0
0
0
0
0
0
0
0
0
0
0
0
-2.762899e+10
-3.246723e+10
-3.442576e+10
-3.663037e+10
-4.331711e+10
0
0
0
0
0
0
0
0
0
0
0
0
0
0
0
0
0
0
0
0
0
0
0
0
0
-2.781398e+10
-3.270138e+10
-3.468441e+10
-3.691405e+10
-4.36815e+10
0
0
0
0
0
0
0
0
0
0
0
0
0
0
0
0
0
0
0
0
0
0
0
0
0
0
0
0
0
0
0
0
0
0
0
0
0
0
0
0
0
0
0
0
0
0
0
0
0
0
0
0
0
0
0
0
0
0
0
0
0
0
0
0
0
0
0
0
0
0
0
0
0
0
0
0
0
0
0
0
0
0
0
0
0
0
0
0
0
0
0
0
0
0
0
0
0
0
0
0
0
0
0
0
0
0
0
0
0
0
0
0
0
0
0
0
0
0
0
0
0
0
0
0
0
0
0
0
0
0
0
0
0
0
0
0
0
0
0
0
0
0
0
0
0
0
0
0
0
-2.281938e+10
0
0
0
0
0
0
0
0
0
0
0
0
0
0
0
-2.230716e+10
-2.61556e+10
0
0
0
0
0
0
0
0
0
0
0
0
0
0
0
-2.204441e+10
-2.586087e+10
-2.737784e+10
0
0
0
0
0
0
0
0
0
0
0
0
0
0
0
-2.204697e+10
-2.58644e+10
-2.738725e+10
-2.906558e+10
0
0
0
0
0
0
0
0
0
0
0
0
0
0
0
-2.232113e+10
-2.618623e+10
-2.772722e+10
-2.943901e+10
-3.463035e+10
0
0
0
0
0
0
0
0
0
0
0
0
0
0
0
-2.286973e+10
-2.683315e+10
-2.841505e+10
-3.017502e+10
-3.553178e+10
0
0
0
0
0
0
0
0
0
0
0
0
0
0
0
-2.368464e+10
-2.779338e+10
-2.943759e+10
-3.127023e+10
-3.685343e+10
0
0
0
0
0
0
0
0
0
0
0
0
0
0
0
-2.472628e+10
-2.902126e+10
-3.07433e+10
-3.266878e+10
-3.853449e+10
0
0
0
0
0
0
0
0
0
0
0
0
0
0
0
0
0
0
0
0
0
0
0
0
0
-2.584317e+10
-3.034042e+10
-3.214791e+10
-3.417312e+10
-4.034269e+10
0
0
0
0
0
0
0
0
0
0
0
0
0
0
0
0
0
0
0
0
0
0
0
0
0
-2.670222e+10
-3.135888e+10
-3.323428e+10
-3.53407e+10
-4.175033e+10
0
0
0
0
0
0
0
0
0
0
0
0
0
0
0
0
0
0
0
0
0
0
0
0
0
-2.727705e+10
-3.204414e+10
-3.397074e+10
-3.613654e+10
-4.271315e+10
0
0
0
0
0
0
0
0
0
0
0
0
0
0
0
0
0
0
0
0
0
0
0
0
0
-2.763491e+10
-3.247347e+10
-3.443232e+10
-3.663651e+10
-4.332149e+10
0
0
0
0
0
0
0
0
0
0
0
0
0
0
0
0
0
0
0
0
0
0
0
0
0
-2.782047e+10
-3.270814e+10
-3.46911e+10
-3.69228e+10
-4.368618e+10
0
0
0
0
0
0
0
0
0
0
0
0
0
0
0
0
0
0
0
0
0
0
0
0
0
0
0
0
0
0
0
0
0
0
0
0
0
0
0
0
0
0
0
0
0
0
0
0
0
0
0
0
0
0
0
0
0
0
0
0
0
0
0
0
0
0
0
0
0
0
0
0
0
0
0
0
0
0
0
0
0
0
0
0
0
0
0
0
0
0
0
0
0
0
0
0
0
0
0
0
0
0
0
0
0
0
0
0
0
0
0
0
0
0
0
0
0
0
0
0
0
0
0
0
0
0
0
0
0
0
0
0
0
0
0
0
0
0
0
0
-2.360381e+10
0
0
0
0
0
0
0
0
0
0
0
0
0
0
0
-2.284562e+10
-2.677442e+10
0
0
0
0
0
0
0
0
0
0
0
0
0
0
0
-2.231323e+10
-2.617336e+10
-2.769916e+10
0
0
0
0
0
0
0
0
0
0
0
0
0
0
0
-2.204697e+10
-2.58644e+10
-2.738725e+10
-2.906558e+10
0
0
0
0
0
0
0
0
0
0
0
0
0
0
0
-2.204986e+10
-2.586748e+10
-2.739086e+10
-2.908485e+10
-3.422365e+10
0
0
0
0
0
0
0
0
0
0
0
0
0
0
0
-2.232432e+10
-2.619058e+10
-2.773274e+10
-2.944827e+10
-3.467422e+10
0
0
0
0
0
0
0
0
0
0
0
0
0
0
0
-2.287295e+10
-2.683702e+10
-2.84206e+10
-3.018299e+10
-3.55546e+10
0
0
0
0
0
0
0
0
0
0
0
0
0
0
0
-2.368833e+10
-2.779723e+10
-2.944131e+10
-3.127643e+10
-3.686392e+10
0
0
0
0
0
0
0
0
0
0
0
0
0
0
0
-2.473031e+10
-2.902549e+10
-3.074741e+10
-3.267336e+10
-3.853897e+10
0
0
0
0
0
0
0
0
0
0
0
0
0
0
0
0
0
0
0
0
0
0
0
0
0
-2.584781e+10
-3.034507e+10
-3.215248e+10
-3.417906e+10
-4.034634e+10
0
0
0
0
0
0
0
0
0
0
0
0
0
0
0
0
0
0
0
0
0
0
0
0
0
-2.67077e+10
-3.136433e+10
-3.324034e+10
-3.534606e+10
-4.175413e+10
0
0
0
0
0
0
0
0
0
0
0
0
0
0
0
0
0
0
0
0
0
0
0
0
0
-2.728339e+10
-3.205042e+10
-3.397646e+10
-3.614354e+10
-4.271746e+10
0
0
0
0
0
0
0
0
0
0
0
0
0
0
0
0
0
0
0
0
0
0
0
0
0
-2.764139e+10
-3.248021e+10
-3.443898e+10
-3.664415e+10
-4.332855e+10
0
0
0
0
0
0
0
0
0
0
0
0
0
0
0
0
0
0
0
0
0
0
0
0
0
-2.782753e+10
-3.271553e+10
-3.469803e+10
-3.693036e+10
-4.369811e+10
0
0
0
0
0
0
0
0
0
0
0
0
0
0
0
0
0
0
0
0
0
0
0
0
0
0
0
0
0
0
0
0
0
0
0
0
0
0
0
0
0
0
0
0
0
0
0
0
0
0
0
0
0
0
0
0
0
0
0
0
0
0
0
0
0
0
0
0
0
0
0
0
0
0
0
0
0
0
0
0
0
0
0
0
0
0
0
0
0
0
0
0
0
0
0
0
0
0
0
0
0
0
0
0
0
0
0
0
0
0
0
0
0
0
0
0
0
0
0
0
0
0
0
0
0
0
0
0
0
0
-2.465221e+10
0
0
0
0
0
0
0
0
0
0
0
0
0
0
0
-2.364089e+10
-2.769658e+10
0
0
0
0
0
0
0
0
0
0
0
0
0
0
0
-2.285643e+10
-2.680739e+10
-2.835585e+10
0
0
0
0
0
0
0
0
0
0
0
0
0
0
0
-2.231749e+10
-2.618097e+10
-2.771905e+10
-2.940793e+10
0
0
0
0
0
0
0
0
0
0
0
0
0
0
0
-2.204986e+10
-2.586748e+10
-2.739086e+10
-2.908485e+10
-3.422365e+10
0
0
0
0
0
0
0
0
0
0
0
0
0
0
0
-2.205272e+10
-2.587092e+10
-2.739387e+10
-2.908946e+10
-3.425195e+10
0
0
0
0
0
0
0
0
0
0
0
0
0
0
0
-2.232742e+10
-2.619426e+10
-2.773756e+10
-2.945389e+10
-3.468681e+10
0
0
0
0
0
0
0
0
0
0
0
0
0
0
0
-2.287658e+10
-2.684064e+10
-2.842475e+10
-3.018931e+10
-3.556419e+10
0
0
0
0
0
0
0
0
0
0
0
0
0
0
0
-2.369226e+10
-2.780137e+10
-2.94454e+10
-3.128025e+10
-3.68716e+10
0
0
0
0
0
0
0
0
0
0
0
0
0
0
0
-2.473483e+10
-2.902998e+10
-3.075185e+10
-3.267781e+10
-3.854423e+10
0
0
0
0
0
0
0
0
0
0
0
0
0
0
0
0
0
0
0
0
0
0
0
0
0
-2.585332e+10
-3.035026e+10
-3.215718e+10
-3.418391e+10
-4.035351e+10
0
0
0
0
0
0
0
0
0
0
0
0
0
0
0
0
0
0
0
0
0
0
0
0
0
-2.671356e+10
-3.137054e+10
-3.324598e+10
-3.535296e+10
-4.176019e+10
0
0
0
0
0
0
0
0
0
0
0
0
0
0
0
0
0
0
0
0
0
0
0
0
0
-2.728983e+10
-3.205768e+10
-3.398321e+10
-3.614959e+10
-4.272606e+10
0
0
0
0
0
0
0
0
0
0
0
0
0
0
0
0
0
0
0
0
0
0
0
0
0
-2.764844e+10
-3.248758e+10
-3.44459e+10
-3.665156e+10
-4.333835e+10
0
0
0
0
0
0
0
0
0
0
0
0
0
0
0
0
0
0
0
0
0
0
0
0
0
-2.783735e+10
-3.272358e+10
-3.470557e+10
-3.693751e+10
-4.370771e+10
0
0
0
0
0
0
0
0
0
0
0
0
0
0
0
0
0
0
0
0
0
0
0
0
0
0
0
0
0
0
0
0
0
0
0
0
0
0
0
0
0
0
0
0
0
0
0
0
0
0
0
0
0
0
0
0
0
0
0
0
0
0
0
0
0
0
0
0
0
0
0
0
0
0
0
0
0
0
0
0
0
0
0
0
0
0
0
0
0
0
0
0
0
0
0
0
0
0
0
0
0
0
0
0
0
0
0
0
0
0
0
0
0
0
0
0
0
0
0
-2.576013e+10
0
0
0
0
0
0
0
0
0
0
0
0
0
0
0
-2.469628e+10
-2.893412e+10
0
0
0
0
0
0
0
0
0
0
0
0
0
0
0
-2.366763e+10
-2.774315e+10
-2.933431e+10
0
0
0
0
0
0
0
0
0
0
0
0
0
0
0
-2.286221e+10
-2.682098e+10
-2.839246e+10
-3.010824e+10
0
0
0
0
0
0
0
0
0
0
0
0
0
0
0
-2.232113e+10
-2.618623e+10
-2.772722e+10
-2.943901e+10
-3.463035e+10
0
0
0
0
0
0
0
0
0
0
0
0
0
0
0
-2.205272e+10
-2.587092e+10
-2.739387e+10
-2.908946e+10
-3.425195e+10
0
0
0
0
0
0
0
0
0
0
0
0
0
0
0
-2.205564e+10
-2.587419e+10
-2.739782e+10
-2.909201e+10
-3.42585e+10
0
0
0
0
0
0
0
0
0
0
0
0
0
0
0
-2.233098e+10
-2.619773e+10
-2.774152e+10
-2.945925e+10
-3.469339e+10
0
0
0
0
0
0
0
0
0
0
0
0
0
0
0
-2.288042e+10
-2.684472e+10
-2.842846e+10
-3.019377e+10
-3.557204e+10
0
0
0
0
0
0
0
0
0
0
0
0
0
0
0
-2.369665e+10
-2.780575e+10
-2.944974e+10
-3.128464e+10
-3.687562e+10
0
0
0
0
0
0
0
0
0
0
0
0
0
0
0
-2.474019e+10
-2.903503e+10
-3.075633e+10
-3.26825e+10
-3.854914e+10
0
0
0
0
0
0
0
0
0
0
0
0
0
0
0
0
0
0
0
0
0
0
0
0
0
-2.585907e+10
-3.035653e+10
-3.216241e+10
-3.418854e+10
-4.035879e+10
0
0
0
0
0
0
0
0
0
0
0
0
0
0
0
0
0
0
0
0
0
0
0
0
0
-2.671995e+10
-3.13772e+10
-3.325264e+10
-3.535889e+10
-4.176847e+10
0
0
0
0
0
0
0
0
0
0
0
0
0
0
0
0
0
0
0
0
0
0
0
0
0
-2.729684e+10
-3.2065e+10
-3.399097e+10
-3.615718e+10
-4.273297e+10
0
0
0
0
0
0
0
0
0
0
0
0
0
0
0
0
0
0
0
0
0
0
0
0
0
-2.765607e+10
-3.249561e+10
-3.445343e+10
-3.665868e+10
-4.334747e+10
0
0
0
0
0
0
0
0
0
0
0
0
0
0
0
0
0
0
0
0
0
0
0
0
-2.784556e+10
-3.273494e+10
-3.471383e+10
-3.694517e+10
-4.37158e+10
0
0
0
0
0
0
0
0
0
0
0
0
0
0
0
0
0
0
0
0
0
0
0
0
0
0
0
0
0
0
0
0
0
0
0
0
0
0
0
0
0
0
0
0
0
0
0
0
0
0
0
0
0
0
0
0
0
0
0
0
0
0
0
0
0
0
0
0
0
0
0
0
0
0
0
0
0
0
0
0
0
0
0
0
0
0
0
0
0
0
0
0
0
0
0
0
0
-2.66111e+10
0
0
0
0
0
0
0
0
0
0
0
0
0
0
0
0
0
0
0
0
0
0
0
0
0
-2.580735e+10
-3.024379e+10
0
0
0
0
0
0
0
0
0
0
0
0
0
0
0
-2.47083e+10
-2.898955e+10
-3.065061e+10
0
0
0
0
0
0
0
0
0
0
0
0
0
0
0
-2.367399e+10
-2.777702e+10
-2.938625e+10
-3.115199e+10
0
0
0
0
0
0
0
0
0
0
0
0
0
0
0
-2.286638e+10
-2.682814e+10
-2.840742e+10
-3.01579e+10
-3.546397e+10
0
0
0
0
0
0
0
0
0
0
0
0
0
0
0
-2.232432e+10
-2.619058e+10
-2.773274e+10
-2.944827e+10
-3.467422e+10
0
0
0
0
0
0
0
0
0
0
0
0
0
0
0
-2.205564e+10
-2.587419e+10
-2.739782e+10
-2.909201e+10
-3.42585e+10
0
0
0
0
0
0
0
0
0
0
0
0
0
0
0
-2.205911e+10
-2.587744e+10
-2.740136e+10
-2.909623e+10
-3.42613e+10
0
0
0
0
0
0
0
0
0
0
0
0
0
0
0
-2.233475e+10
-2.620173e+10
-2.774505e+10
-2.946348e+10
-3.470028e+10
0
0
0
0
0
0
0
0
0
0
0
0
0
0
0
-2.288471e+10
-2.684901e+10
-2.843273e+10
-3.019751e+10
-3.557705e+10
0
0
0
0
0
0
0
0
0
0
0
0
0
0
0
-2.370184e+10
-2.781066e+10
-2.945412e+10
-3.128922e+10
-3.688044e+10
0
0
0
0
0
0
0
0
0
0
0
0
0
0
0
-2.474577e+10
-2.904111e+10
-3.076142e+10
-3.268684e+10
-3.855426e+10
0
0
0
0
0
0
0
0
0
0
0
0
0
0
0
0
0
0
0
0
0
0
0
0
0
-2.586536e+10
-3.036304e+10
-3.216925e+10
-3.419371e+10
-4.03634e+10
0
0
0
0
0
0
0
0
0
0
0
0
0
0
0
0
0
0
0
0
0
0
0
0
0
-2.672691e+10
-3.138446e+10
-3.325951e+10
-3.536636e+10
-4.177509e+10
0
0
0
0
0
0
0
0
0
0
0
0
0
0
0
0
0
0
0
0
0
0
0
0
0
-2.730442e+10
-3.207298e+10
-3.399844e+10
-3.616579e+10
-4.274244e+10
0
0
0
0
0
0
0
0
0
0
0
0
0
0
0
0
0
0
0
0
0
0
0
0
-2.766426e+10
-3.250431e+10
-3.446164e+10
-3.666631e+10
-4.335551e+10
0
0
0
0
0
0
0
0
0
0
0
0
0
0
0
0
0
0
0
0
0
0
0
-2.785435e+10
-3.274431e+10
-3.472703e+10
-3.695351e+10
-4.372396e+10
0
0
0
0
0
0
0
0
0
0
0
0
0
0
0
0
0
0
0
0
0
0
0
0
0
0
0
0
0
0
0
0
0
0
0
0
0
0
0
0
0
0
0
0
0
0
0
0
0
0
0
0
0
0
0
0
0
0
0
0
0
0
0
0
0
0
0
0
0
0
0
0
0
0
-2.717803e+10
0
0
0
0
0
0
0
0
0
0
0
0
0
0
0
0
0
0
0
0
0
0
0
0
0
-2.66612e+10
-3.12541e+10
0
0
0
0
0
0
0
0
0
0
0
0
0
0
0
0
0
0
0
0
0
0
0
0
0
-2.582024e+10
-3.030268e+10
-3.204472e+10
0
0
0
0
0
0
0
0
0
0
0
0
0
0
0
-2.471278e+10
-2.900467e+10
-3.071312e+10
-3.256033e+10
0
0
0
0
0
0
0
0
0
0
0
0
0
0
0
-2.367809e+10
-2.778488e+10
-2.942375e+10
-3.12191e+10
-3.670737e+10
0
0
0
0
0
0
0
0
0
0
0
0
0
0
0
-2.286973e+10
-2.683315e+10
-2.841505e+10
-3.017502e+10
-3.553178e+10
0
0
0
0
0
0
0
0
0
0
0
0
0
0
0
-2.232742e+10
-2.619426e+10
-2.773756e+10
-2.945389e+10
-3.468681e+10
0
0
0
0
0
0
0
0
0
0
0
0
0
0
0
-2.205911e+10
-2.587744e+10
-2.740136e+10
-2.909623e+10
-3.42613e+10
0
0
0
0
0
0
0
0
0
0
0
0
0
0
0
-2.206282e+10
-2.588133e+10
-2.740463e+10
-2.910005e+10
-3.426685e+10
0
0
0
0
0
0
0
0
0
0
0
0
0
0
0
-2.233895e+10
-2.620593e+10
-2.774923e+10
-2.946696e+10
-3.470529e+10
0
0
0
0
0
0
0
0
0
0
0
0
0
0
0
-2.288964e+10
-2.68538e+10
-2.843702e+10
-3.020203e+10
-3.558087e+10
0
0
0
0
0
0
0
0
0
0
0
0
0
0
0
-2.370724e+10
-2.781654e+10
-2.945906e+10
-3.129346e+10
-3.688542e+10
0
0
0
0
0
0
0
0
0
0
0
0
0
0
0
-2.475188e+10
-2.904742e+10
-3.076804e+10
-3.269186e+10
-3.855844e+10
0
0
0
0
0
0
0
0
0
0
0
0
0
0
0
0
0
0
0
0
0
0
0
0
0
-2.58722e+10
-3.037017e+10
-3.217596e+10
-3.420165e+10
-4.036867e+10
0
0
0
0
0
0
0
0
0
0
0
0
0
0
0
0
0
0
0
0
0
0
0
0
0
-2.673443e+10
-3.139236e+10
-3.326691e+10
-3.537352e+10
-4.178437e+10
0
0
0
0
0
0
0
0
0
0
0
0
0
0
0
0
0
0
0
0
0
0
0
0
-2.731258e+10
-3.208162e+10
-3.400659e+10
-3.617334e+10
-4.275299e+10
0
0
0
0
0
0
0
0
0
0
0
0
0
0
0
0
0
0
0
0
0
0
0
-2.767304e+10
-3.251366e+10
-3.447058e+10
-3.667468e+10
-4.336392e+10
0
0
0
0
0
0
0
0
0
0
0
0
0
0
0
0
0
0
0
0
0
0
-2.786372e+10
-3.275436e+10
-3.473668e+10
-3.69693e+10
-4.373254e+10
0
0
0
0
0
0
0
0
0
0
0
0
0
0
0
0
0
0
0
0
0
0
0
0
0
0
0
0
0
0
0
0
0
0
0
0
0
0
0
0
0
0
0
0
0
0
0
0
0
0
-2.752741e+10
0
0
0
0
0
0
0
0
0
0
0
0
0
0
0
0
0
0
0
0
0
0
0
0
0
-2.722832e+10
-3.193122e+10
0
0
0
0
0
0
0
0
0
0
0
0
0
0
0
0
0
0
0
0
0
0
0
0
0
-2.667371e+10
-3.131671e+10
-3.31254e+10
0
0
0
0
0
0
0
0
0
0
0
0
0
0
0
0
0
0
0
0
0
0
0
0
0
-2.582498e+10
-3.031874e+10
-3.211186e+10
-3.405378e+10
0
0
0
0
0
0
0
0
0
0
0
0
0
0
0
-2.471578e+10
-2.901014e+10
-3.07297e+10
-3.26402e+10
-3.839587e+10
0
0
0
0
0
0
0
0
0
0
0
0
0
0
0
-2.368122e+10
-2.778979e+10
-2.943213e+10
-3.126146e+10
-3.679809e+10
0
0
0
0
0
0
0
0
0
0
0
0
0
0
0
-2.287295e+10
-2.683702e+10
-2.84206e+10
-3.018299e+10
-3.55546e+10
0
0
0
0
0
0
0
0
0
0
0
0
0
0
0
-2.233098e+10
-2.619773e+10
-2.774152e+10
-2.945925e+10
-3.469339e+10
0
0
0
0
0
0
0
0
0
0
0
0
0
0
0
-2.206282e+10
-2.588133e+10
-2.740463e+10
-2.910005e+10
-3.426685e+10
0
0
0
0
0
0
0
0
0
0
0
0
0
0
0
-2.206698e+10
-2.588547e+10
-2.74087e+10
-2.910319e+10
-3.427138e+10
0
0
0
0
0
0
0
0
0
0
0
0
0
0
0
-2.234378e+10
-2.621063e+10
-2.775344e+10
-2.947138e+10
-3.470871e+10
0
0
0
0
0
0
0
0
0
0
0
0
0
0
0
-2.289498e+10
-2.685935e+10
-2.844185e+10
-3.020619e+10
-3.558577e+10
0
0
0
0
0
0
0
0
0
0
0
0
0
0
0
-2.371316e+10
-2.782263e+10
-2.946545e+10
-3.129833e+10
-3.688952e+10
0
0
0
0
0
0
0
0
0
0
0
0
0
0
0
-2.475853e+10
-2.905433e+10
-3.077453e+10
-3.269952e+10
-3.856353e+10
0
0
0
0
0
0
0
0
0
0
0
0
0
0
0
0
0
0
0
0
0
0
0
0
0
-2.58796e+10
-3.037794e+10
-3.218322e+10
-3.420862e+10
-4.037888e+10
0
0
0
0
0
0
0
0
0
0
0
0
0
0
0
0
0
0
0
0
0
0
0
0
-2.674387e+10
-3.140092e+10
-3.327499e+10
-3.538102e+10
-4.179259e+10
0
0
0
0
0
0
0
0
0
0
0
0
0
0
0
0
0
0
0
0
0
0
0
-2.732132e+10
-3.209093e+10
-3.401545e+10
-3.618164e+10
-4.276128e+10
0
0
0
0
0
0
0
0
0
0
0
0
0
0
0
0
0
0
0
0
0
0
-2.768278e+10
-3.252369e+10
-3.44802e+10
-3.668385e+10
-4.337327e+10
0
0
0
0
0
0
0
0
0
0
0
0
0
0
0
0
0
0
0
0
0
-2.787152e+10
-3.276509e+10
-3.474641e+10
-3.697913e+10
-4.374808e+10
0
0
0
0
0
0
0
0
0
0
0
0
0
0
0
0
0
0
0
0
0
0
0
0
0
-2.770423e+10
0
0
0
0
0
0
0
0
0
0
0
0
0
0
0
0
0
0
0
0
0
0
0
0
0
-2.758169e+10
-3.235085e+10
0
0
0
0
0
0
0
0
0
0
0
0
0
0
0
0
0
0
0
0
0
0
0
0
0
-2.724293e+10
-3.199354e+10
-3.385201e+10
0
0
0
0
0
0
0
0
0
0
0
0
0
0
0
0
0
0
0
0
0
0
0
0
0
-2.667872e+10
-3.133172e+10
-3.319678e+10
-3.521689e+10
0
0
0
0
0
0
0
0
0
0
0
0
0
0
0
0
0
0
0
0
0
0
0
0
0
-2.582811e+10
-3.032448e+10
-3.212942e+10
-3.413963e+10
-4.019086e+10
0
0
0
0
0
0
0
0
0
0
0
0
0
0
0
-2.471907e+10
-2.901365e+10
-3.073548e+10
-3.265882e+10
-3.850314e+10
0
0
0
0
0
0
0
0
0
0
0
0
0
0
0
-2.368464e+10
-2.779338e+10
-2.943759e+10
-3.127023e+10
-3.685343e+10
0
0
0
0
0
0
0
0
0
0
0
0
0
0
0
-2.287658e+10
-2.684064e+10
-2.842475e+10
-3.018931e+10
-3.556419e+10
0
0
0
0
0
0
0
0
0
0
0
0
0
0
0
-2.233475e+10
-2.620173e+10
-2.774505e+10
-2.946348e+10
-3.470028e+10
0
0
0
0
0
0
0
0
0
0
0
0
0
0
0
-2.206698e+10
-2.588547e+10
-2.74087e+10
-2.910319e+10
-3.427138e+10
0
0
0
0
0
0
0
0
0
0
0
0
0
0
0
-2.207175e+10
-2.589011e+10
-2.741284e+10
-2.910748e+10
-3.42744e+10
0
0
0
0
0
0
0
0
0
0
0
0
0
0
0
-2.234901e+10
-2.621606e+10
-2.775817e+10
-2.947546e+10
-3.47135e+10
0
0
0
0
0
0
0
0
0
0
0
0
0
0
0
-2.290075e+10
-2.686539e+10
-2.844776e+10
-3.021094e+10
-3.558981e+10
0
0
0
0
0
0
0
0
0
0
0
0
0
0
0
-2.37196e+10
-2.782932e+10
-2.947171e+10
-3.13057e+10
-3.689446e+10
0
0
0
0
0
0
0
0
0
0
0
0
0
0
0
-2.476573e+10
-2.906187e+10
-3.078156e+10
-3.270625e+10
-3.857333e+10
0
0
0
0
0
0
0
0
0
0
0
0
0
0
0
0
0
0
0
0
0
0
0
0
-2.588756e+10
-3.038634e+10
-3.219114e+10
-3.421596e+10
-4.038685e+10
0
0
0
0
0
0
0
0
0
0
0
0
0
0
0
0
0
0
0
0
0
0
0
-2.675254e+10
-3.141223e+10
-3.328375e+10
-3.538922e+10
-4.180087e+10
0
0
0
0
0
0
0
0
0
0
0
0
0
0
0
0
0
0
0
0
0
0
-2.733064e+10
-3.210092e+10
-3.402503e+10
-3.61907e+10
-4.277051e+10
0
0
0
0
0
0
0
0
0
0
0
0
0
0
0
0
0
0
0
0
0
-2.769276e+10
-3.253487e+10
-3.449056e+10
-3.669378e+10
-4.338363e+10
0
0
0
0
0
0
0
0
0
0
0
0
0
0
0
0
0
0
0
0
-2.78821e+10
-3.277374e+10
-3.475732e+10
-3.698999e+10
-4.376039e+10
0
0
0
0
0
0
0
0
0
0
0
0
0
0
0
0
0
0
0
0
0
0
0
0
0
-2.776019e+10
-3.257645e+10
0
0
0
0
0
0
0
0
0
0
0
0
0
0
0
0
0
0
0
0
0
0
0
0
0
-2.759452e+10
-3.24184e+10
-3.43039e+10
0
0
0
0
0
0
0
0
0
0
0
0
0
0
0
0
0
0
0
0
0
0
0
0
0
-2.724808e+10
-3.201151e+10
-3.392231e+10
-3.60018e+10
0
0
0
0
0
0
0
0
0
0
0
0
0
0
0
0
0
0
0
0
0
0
0
0
0
-2.668195e+10
-3.133774e+10
-3.321154e+10
-3.530848e+10
-4.1593e+10
0
0
0
0
0
0
0
0
0
0
0
0
0
0
0
0
0
0
0
0
0
0
0
0
0
-2.583114e+10
-3.032813e+10
-3.213546e+10
-3.415923e+10
-4.030576e+10
0
0
0
0
0
0
0
0
0
0
0
0
0
0
0
-2.472251e+10
-2.90174e+10
-3.073921e+10
-3.266484e+10
-3.852735e+10
0
0
0
0
0
0
0
0
0
0
0
0
0
0
0
-2.368833e+10
-2.779723e+10
-2.944131e+10
-3.127643e+10
-3.686392e+10
0
0
0
0
0
0
0
0
0
0
0
0
0
0
0
-2.288042e+10
-2.684472e+10
-2.842846e+10
-3.019377e+10
-3.557204e+10
0
0
0
0
0
0
0
0
0
0
0
0
0
0
0
-2.233895e+10
-2.620593e+10
-2.774923e+10
-2.946696e+10
-3.470529e+10
0
0
0
0
0
0
0
0
0
0
0
0
0
0
0
-2.207175e+10
-2.589011e+10
-2.741284e+10
-2.910748e+10
-3.42744e+10
0
0
0
0
0
0
0
0
0
0
0
0
0
0
0
-2.207694e+10
-2.589548e+10
-2.741751e+10
-2.911149e+10
-3.427904e+10
0
0
0
0
0
0
0
0
0
0
0
0
0
0
0
-2.235468e+10
-2.622197e+10
-2.776396e+10
-2.948012e+10
-3.471747e+10
0
0
0
0
0
0
0
0
0
0
0
0
0
0
0
-2.290701e+10
-2.687191e+10
-2.845407e+10
-3.021752e+10
-3.559463e+10
0
0
0
0
0
0
0
0
0
0
0
0
0
0
0
-2.372657e+10
-2.783662e+10
-2.947851e+10
-3.131219e+10
-3.690385e+10
0
0
0
0
0
0
0
0
0
0
0
0
0
0
-2.477347e+10
-2.907004e+10
-3.078924e+10
-3.271334e+10
-3.858099e+10
0
0
0
0
0
0
0
0
0
0
0
0
0
0
0
0
0
0
0
0
0
0
0
-2.58961e+10
-3.039542e+10
-3.219974e+10
-3.422398e+10
-4.039493e+10
0
0
0
0
0
0
0
0
0
0
0
0
0
0
0
0
0
0
0
0
0
0
-2.676044e+10
-3.142213e+10
-3.329723e+10
-3.539818e+10
-4.180998e+10
0
0
0
0
0
0
0
0
0
0
0
0
0
0
0
0
0
0
0
0
0
-2.734058e+10
-3.211157e+10
-3.403533e+10
-3.620058e+10
-4.278074e+10
0
0
0
0
0
0
0
0
0
0
0
0
0
0
0
0
0
0
0
0
-2.770331e+10
-3.254631e+10
-3.450237e+10
-3.670456e+10
-4.3395e+10
0
0
0
0
0
0
0
0
0
0
0
0
0
0
0
0
0
0
0
-2.789325e+10
-3.278585e+10
-3.476489e+10
-3.700189e+10
-4.377373e+10
0
0
0
0
0
0
0
0
0
0
0
0
0
0
0
0
0
0
0
0
0
0
0
0
0
-2.777341e+10
-3.264573e+10
-3.455297e+10
0
0
0
0
0
0
0
0
0
0
0
0
0
0
0
0
0
0
0
0
0
0
0
0
0
-2.759981e+10
-3.243417e+10
-3.438136e+10
-3.649084e+10
0
0
0
0
0
0
0
0
0
0
0
0
0
0
0
0
0
0
0
0
0
0
0
0
0
-2.725139e+10
-3.201769e+10
-3.394218e+10
-3.609085e+10
-4.254367e+10
0
0
0
0
0
0
0
0
0
0
0
0
0
0
0
0
0
0
0
0
0
0
0
0
0
-2.668504e+10
-3.134149e+10
-3.321795e+10
-3.532225e+10
-4.17151e+10
0
0
0
0
0
0
0
0
0
0
0
0
0
0
0
0
0
0
0
0
0
0
0
0
0
-2.583512e+10
-3.033154e+10
-3.213932e+10
-3.416546e+10
-4.033088e+10
0
0
0
0
0
0
0
0
0
0
0
0
0
0
0
-2.472628e+10
-2.902126e+10
-3.07433e+10
-3.266878e+10
-3.853449e+10
0
0
0
0
0
0
0
0
0
0
0
0
0
0
0
-2.369226e+10
-2.780137e+10
-2.94454e+10
-3.128025e+10
-3.68716e+10
0
0
0
0
0
0
0
0
0
0
0
0
0
0
0
-2.288471e+10
-2.684901e+10
-2.843273e+10
-3.019751e+10
-3.557705e+10
0
0
0
0
0
0
0
0
0
0
0
0
0
0
0
-2.234378e+10
-2.621063e+10
-2.775344e+10
-2.947138e+10
-3.470871e+10
0
0
0
0
0
0
0
0
0
0
0
0
0
0
0
-2.207694e+10
-2.589548e+10
-2.741751e+10
-2.911149e+10
-3.427904e+10
0
0
0
0
0
0
0
0
0
0
0
0
0
0
0
-2.208253e+10
-2.590135e+10
-2.742322e+10
-2.911609e+10
-3.428293e+10
0
0
0
0
0
0
0
0
0
0
0
0
0
0
0
-2.236081e+10
-2.622839e+10
-2.777013e+10
-2.948655e+10
-3.47222e+10
0
0
0
0
0
0
0
0
0
0
0
0
0
0
0
-2.291378e+10
-2.6879e+10
-2.846072e+10
-3.022427e+10
-3.560265e+10
0
0
0
0
0
0
0
0
0
0
0
0
0
0
-2.373408e+10
-2.784452e+10
-2.948594e+10
-3.131905e+10
-3.691123e+10
0
0
0
0
0
0
0
0
0
0
0
0
0
-2.478178e+10
-2.907885e+10
-3.079758e+10
-3.272112e+10
-3.858877e+10
0
0
0
0
0
0
0
0
0
0
0
0
0
0
0
0
0
0
0
0
0
0
-2.59052e+10
-3.040515e+10
-3.220906e+10
-3.423276e+10
-4.040382e+10
0
0
0
0
0
0
0
0
0
0
0
0
0
0
0
0
0
0
0
0
0
-2.677031e+10
-3.143061e+10
-3.330745e+10
-3.54152e+10
-4.182006e+10
0
0
0
0
0
0
0
0
0
0
0
0
0
0
0
0
0
0
0
0
-2.735109e+10
-3.212295e+10
-3.404636e+10
-3.621129e+10
-4.279203e+10
0
0
0
0
0
0
0
0
0
0
0
0
0
0
0
0
0
0
0
-2.771444e+10
-3.255839e+10
-3.451429e+10
-3.671735e+10
-4.340753e+10
0
0
0
0
0
0
0
0
0
0
0
0
0
0
0
0
0
0
-2.790496e+10
-3.279877e+10
-3.477683e+10
-3.700728e+10
-4.378709e+10
0
0
0
0
0
0
0
0
0
0
0
0
0
0
0
0
0
0
0
0
0
0
0
0
0
-2.777876e+10
-3.266191e+10
-3.463273e+10
-3.676708e+10
0
0
0
0
0
0
0
0
0
0
0
0
0
0
0
0
0
0
0
0
0
0
0
0
0
-2.760316e+10
-3.244048e+10
-3.43974e+10
-3.659047e+10
-4.314223e+10
0
0
0
0
0
0
0
0
0
0
0
0
0
0
0
0
0
0
0
0
0
0
0
0
0
-2.725452e+10
-3.202151e+10
-3.394872e+10
-3.611345e+10
-4.266418e+10
0
0
0
0
0
0
0
0
0
0
0
0
0
0
0
0
0
0
0
0
0
0
0
0
0
-2.668843e+10
-3.134497e+10
-3.322191e+10
-3.5329e+10
-4.173397e+10
0
0
0
0
0
0
0
0
0
0
0
0
0
0
0
0
0
0
0
0
0
0
0
0
0
-2.583901e+10
-3.033606e+10
-3.214285e+10
-3.416953e+10
-4.033811e+10
0
0
0
0
0
0
0
0
0
0
0
0
0
0
0
-2.473031e+10
-2.902549e+10
-3.074741e+10
-3.267336e+10
-3.853897e+10
0
0
0
0
0
0
0
0
0
0
0
0
0
0
0
-2.369665e+10
-2.780575e+10
-2.944974e+10
-3.128464e+10
-3.687562e+10
0
0
0
0
0
0
0
0
0
0
0
0
0
0
0
-2.288964e+10
-2.68538e+10
-2.843702e+10
-3.020203e+10
-3.558087e+10
0
0
0
0
0
0
0
0
0
0
0
0
0
0
0
-2.234901e+10
-2.621606e+10
-2.775817e+10
-2.947546e+10
-3.47135e+10
0
0
0
0
0
0
0
0
0
0
0
0
0
0
0
-2.208253e+10
-2.590135e+10
-2.742322e+10
-2.911609e+10
-3.428293e+10
0
0
0
0
0
0
0
0
0
0
0
0
0
0
0
-2.208859e+10
-2.590766e+10
-2.742937e+10
-2.912243e+10
-3.42876e+10
0
0
0
0
0
0
0
0
0
0
0
0
0
0
0
-2.236743e+10
-2.623532e+10
-2.777668e+10
-2.949315e+10
-3.473002e+10
0
0
0
0
0
0
0
0
0
0
0
0
0
0
-2.292107e+10
-2.688666e+10
-2.846793e+10
-3.023102e+10
-3.561062e+10
0
0
0
0
0
0
0
0
0
0
0
0
0
-2.374212e+10
-2.785304e+10
-2.9494e+10
-3.132656e+10
-3.691872e+10
0
0
0
0
0
0
0
0
0
0
0
0
-2.479065e+10
-2.908831e+10
-3.080662e+10
-3.272962e+10
-3.859736e+10
0
0
0
0
0
0
0
0
0
0
0
0
0
0
0
0
0
0
0
0
0
-2.591491e+10
-3.041554e+10
-3.221909e+10
-3.424235e+10
-4.041367e+10
0
0
0
0
0
0
0
0
0
0
0
0
0
0
0
0
0
0
0
0
-2.678075e+10
-3.144191e+10
-3.331438e+10
-3.542581e+10
-4.183894e+10
0
0
0
0
0
0
0
0
0
0
0
0
0
0
0
0
0
0
0
-2.736219e+10
-3.213498e+10
-3.405819e+10
-3.622282e+10
-4.280446e+10
0
0
0
0
0
0
0
0
0
0
0
0
0
0
0
0
0
0
-2.772613e+10
-3.257112e+10
-3.452683e+10
-3.672997e+10
-4.342302e+10
0
0
0
0
0
0
0
0
0
0
0
0
0
0
0
0
0
-2.791728e+10
-3.281215e+10
-3.478983e+10
-3.702062e+10
-4.379656e+10
0
0
0
0
0
0
0
0
0
0
0
0
0
0
0
0
0
0
0
0
0
0
0
0
0
-2.778214e+10
-3.266827e+10
-3.464929e+10
-3.686957e+10
-4.349524e+10
0
0
0
0
0
0
0
0
0
0
0
0
0
0
0
0
0
0
0
0
0
0
0
0
0
-2.760631e+10
-3.244434e+10
-3.440412e+10
-3.660692e+10
-4.327352e+10
0
0
0
0
0
0
0
0
0
0
0
0
0
0
0
0
0
0
0
0
0
0
0
0
0
-2.725794e+10
-3.202503e+10
-3.395275e+10
-3.612031e+10
-4.269296e+10
0
0
0
0
0
0
0
0
0
0
0
0
0
0
0
0
0
0
0
0
0
0
0
0
0
-2.669251e+10
-3.134875e+10
-3.32255e+10
-3.533318e+10
-4.174199e+10
0
0
0
0
0
0
0
0
0
0
0
0
0
0
0
0
0
0
0
0
0
0
0
0
0
-2.584317e+10
-3.034042e+10
-3.214791e+10
-3.417312e+10
-4.034269e+10
0
0
0
0
0
0
0
0
0
0
0
0
0
0
0
-2.473483e+10
-2.902998e+10
-3.075185e+10
-3.267781e+10
-3.854423e+10
0
0
0
0
0
0
0
0
0
0
0
0
0
0
0
-2.370184e+10
-2.781066e+10
-2.945412e+10
-3.128922e+10
-3.688044e+10
0
0
0
0
0
0
0
0
0
0
0
0
0
0
0
-2.289498e+10
-2.685935e+10
-2.844185e+10
-3.020619e+10
-3.558577e+10
0
0
0
0
0
0
0
0
0
0
0
0
0
0
0
-2.235468e+10
-2.622197e+10
-2.776396e+10
-2.948012e+10
-3.471747e+10
0
0
0
0
0
0
0
0
0
0
0
0
0
0
0
-2.208859e+10
-2.590766e+10
-2.742937e+10
-2.912243e+10
-3.42876e+10
0
0
0
0
0
0
0
0
0
0
0
0
0
0
0
-2.209517e+10
-2.591452e+10
-2.74358e+10
-2.912904e+10
-3.429531e+10
0
0
0
0
0
0
0
0
0
0
0
0
0
0
-2.237456e+10
-2.624282e+10
-2.778374e+10
-2.949984e+10
-3.473781e+10
0
0
0
0
0
0
0
0
0
0
0
0
0
-2.292891e+10
-2.689494e+10
-2.847575e+10
-3.023831e+10
-3.56181e+10
0
0
0
0
0
0
0
0
0
0
0
0
-2.375071e+10
-2.786221e+10
-2.950275e+10
-3.133477e+10
-3.692701e+10
0
0
0
0
0
0
0
0
0
0
0
-2.48001e+10
-2.909842e+10
-3.081637e+10
-3.27389e+10
-3.860688e+10
0
0
0
0
0
0
0
0
0
0
0
0
0
0
0
0
0
0
0
0
-2.592519e+10
-3.042665e+10
-3.222983e+10
-3.425277e+10
-4.042459e+10
0
0
0
0
0
0
0
0
0
0
0
0
0
0
0
0
0
0
0
-2.679177e+10
-3.145384e+10
-3.332611e+10
-3.542997e+10
-4.185125e+10
0
0
0
0
0
0
0
0
0
0
0
0
0
0
0
0
0
0
-2.737384e+10
-3.214767e+10
-3.407068e+10
-3.623531e+10
-4.281801e+10
0
0
0
0
0
0
0
0
0
0
0
0
0
0
0
0
0
-2.773844e+10
-3.258447e+10
-3.454003e+10
-3.674319e+10
-4.34382e+10
0
0
0
0
0
0
0
0
0
0
0
0
0
0
0
0
-2.793066e+10
-3.282622e+10
-3.480375e+10
-3.703518e+10
-4.381245e+10
0
0
0
0
0
0
0
0
0
0
0
0
0
0
0
0
0
0
0
0
0
0
0
0
0
-2.77853e+10
-3.267215e+10
-3.465607e+10
-3.688671e+10
-4.363062e+10
0
0
0
0
0
0
0
0
0
0
0
0
0
0
0
0
0
0
0
0
0
0
0
0
0
-2.760974e+10
-3.244788e+10
-3.440819e+10
-3.661405e+10
-4.329651e+10
0
0
0
0
0
0
0
0
0
0
0
0
0
0
0
0
0
0
0
0
0
0
0
0
0
-2.726178e+10
-3.202883e+10
-3.395639e+10
-3.612455e+10
-4.270097e+10
0
0
0
0
0
0
0
0
0
0
0
0
0
0
0
0
0
0
0
0
0
0
0
0
0
-2.669739e+10
-3.135335e+10
-3.322937e+10
-3.533682e+10
-4.174665e+10
0
0
0
0
0
0
0
0
0
0
0
0
0
0
0
0
0
0
0
0
0
0
0
0
0
-2.584781e+10
-3.034507e+10
-3.215248e+10
-3.417906e+10
-4.034634e+10
0
0
0
0
0
0
0
0
0
0
0
0
0
0
0
-2.474019e+10
-2.903503e+10
-3.075633e+10
-3.26825e+10
-3.854914e+10
0
0
0
0
0
0
0
0
0
0
0
0
0
0
0
-2.370724e+10
-2.781654e+10
-2.945906e+10
-3.129346e+10
-3.688542e+10
0
0
0
0
0
0
0
0
0
0
0
0
0
0
0
-2.290075e+10
-2.686539e+10
-2.844776e+10
-3.021094e+10
-3.558981e+10
0
0
0
0
0
0
0
0
0
0
0
0
0
0
0
-2.236081e+10
-2.622839e+10
-2.777013e+10
-2.948655e+10
-3.47222e+10
0
0
0
0
0
0
0
0
0
0
0
0
0
0
0
-2.209517e+10
-2.591452e+10
-2.74358e+10
-2.912904e+10
-3.429531e+10
0
0
0
0
0
0
0
0
0
0
0
0
0
0
-2.210222e+10
-2.592197e+10
-2.744278e+10
-2.913557e+10
-3.430315e+10
0
0
0
0
0
0
0
0
0
0
0
0
0
-2.238225e+10
-2.625092e+10
-2.779138e+10
-2.950697e+10
-3.474528e+10
0
0
0
0
0
0
0
0
0
0
0
0
-2.293725e+10
-2.690387e+10
-2.848424e+10
-3.024627e+10
-3.562613e+10
0
0
0
0
0
0
0
0
0
0
0
-2.375987e+10
-2.7872e+10
-2.951219e+10
-3.134375e+10
-3.693619e+10
0
0
0
0
0
0
0
0
0
0
-2.48101e+10
-2.910924e+10
-3.082683e+10
-3.274902e+10
-3.861744e+10
0
0
0
0
0
0
0
0
0
0
0
0
0
0
0
0
0
0
0
-2.593605e+10
-3.043839e+10
-3.224138e+10
-3.426399e+10
-4.043666e+10
0
0
0
0
0
0
0
0
0
0
0
0
0
0
0
0
0
0
-2.680333e+10
-3.146643e+10
-3.33385e+10
-3.544237e+10
-4.185692e+10
0
0
0
0
0
0
0
0
0
0
0
0
0
0
0
0
0
-2.73861e+10
-3.216096e+10
-3.408383e+10
-3.624847e+10
-4.283296e+10
0
0
0
0
0
0
0
0
0
0
0
0
0
0
0
0
-2.775137e+10
-3.259851e+10
-3.455382e+10
-3.675704e+10
-4.345393e+10
0
0
0
0
0
0
0
0
0
0
0
0
0
0
0
-2.794386e+10
-3.284156e+10
-3.48183e+10
-3.704962e+10
-4.382902e+10
0
0
0
0
0
0
0
0
0
0
0
0
0
0
0
0
0
0
0
0
0
0
0
0
0
-2.778875e+10
-3.26757e+10
-3.466015e+10
-3.68933e+10
-4.365515e+10
0
0
0
0
0
0
0
0
0
0
0
0
0
0
0
0
0
0
0
0
0
0
0
0
0
-2.76136e+10
-3.24517e+10
-3.441185e+10
-3.661832e+10
-4.33049e+10
0
0
0
0
0
0
0
0
0
0
0
0
0
0
0
0
0
0
0
0
0
0
0
0
0
-2.726663e+10
-3.203312e+10
-3.396028e+10
-3.612824e+10
-4.270566e+10
0
0
0
0
0
0
0
0
0
0
0
0
0
0
0
0
0
0
0
0
0
0
0
0
0
-2.670222e+10
-3.135888e+10
-3.323428e+10
-3.53407e+10
-4.175033e+10
0
0
0
0
0
0
0
0
0
0
0
0
0
0
0
0
0
0
0
0
0
0
0
0
0
-2.585332e+10
-3.035026e+10
-3.215718e+10
-3.418391e+10
-4.035351e+10
0
0
0
0
0
0
0
0
0
0
0
0
0
0
0
-2.474577e+10
-2.904111e+10
-3.076142e+10
-3.268685e+10
-3.855426e+10
0
0
0
0
0
0
0
0
0
0
0
0
0
0
0
-2.371316e+10
-2.782263e+10
-2.946545e+10
-3.129833e+10
-3.688952e+10
0
0
0
0
0
0
0
0
0
0
0
0
0
0
0
-2.290701e+10
-2.687191e+10
-2.845407e+10
-3.021752e+10
-3.559463e+10
0
0
0
0
0
0
0
0
0
0
0
0
0
0
0
-2.236743e+10
-2.623532e+10
-2.777668e+10
-2.949315e+10
-3.473002e+10
0
0
0
0
0
0
0
0
0
0
0
0
0
0
-2.210222e+10
-2.592197e+10
-2.744278e+10
-2.913557e+10
-3.430315e+10
0
0
0
0
0
0
0
0
0
0
0
0
0
-2.210979e+10
-2.592998e+10
-2.74504e+10
-2.914262e+10
-3.431038e+10
0
0
0
0
0
0
0
0
0
0
0
0
-2.239041e+10
-2.625967e+10
-2.779969e+10
-2.951475e+10
-3.475313e+10
0
0
0
0
0
0
0
0
0
0
0
-2.294615e+10
-2.691339e+10
-2.849346e+10
-3.025499e+10
-3.563501e+10
0
0
0
0
0
0
0
0
0
0
-2.376956e+10
-2.788247e+10
-2.952232e+10
-3.135355e+10
-3.69464e+10
0
0
0
0
0
0
0
0
0
0
-2.482068e+10
-2.912065e+10
-3.083806e+10
-3.275995e+10
-3.862915e+10
0
0
0
0
0
0
0
0
0
0
0
0
0
0
0
0
0
0
-2.594743e+10
-3.045079e+10
-3.225356e+10
-3.427619e+10
-4.044984e+10
0
0
0
0
0
0
0
0
0
0
0
0
0
0
0
0
0
-2.681551e+10
-3.147962e+10
-3.335154e+10
-3.545541e+10
-4.187176e+10
0
0
0
0
0
0
0
0
0
0
0
0
0
0
0
0
-2.739899e+10
-3.217495e+10
-3.409756e+10
-3.626227e+10
-4.284862e+10
0
0
0
0
0
0
0
0
0
0
0
0
0
0
0
-2.776458e+10
-3.261329e+10
-3.456832e+10
-3.677143e+10
-4.347032e+10
0
0
0
0
0
0
0
0
0
0
0
0
0
0
-2.795806e+10
-3.285663e+10
-3.48348e+10
-3.706483e+10
-4.384637e+10
0
0
0
0
0
0
0
0
0
0
0
0
0
0
0
0
0
0
0
0
0
0
0
0
0
-2.779261e+10
-3.267953e+10
-3.466383e+10
-3.689708e+10
-4.366249e+10
0
0
0
0
0
0
0
0
0
0
0
0
0
0
0
0
0
0
0
0
0
0
0
0
0
-2.761824e+10
-3.245601e+10
-3.441575e+10
-3.662204e+10
-4.330959e+10
0
0
0
0
0
0
0
0
0
0
0
0
0
0
0
0
0
0
0
0
0
0
0
0
0
-2.727151e+10
-3.203864e+10
-3.396467e+10
-3.613213e+10
-4.270936e+10
0
0
0
0
0
0
0
0
0
0
0
0
0
0
0
0
0
0
0
0
0
0
0
0
0
-2.67077e+10
-3.136433e+10
-3.324034e+10
-3.534606e+10
-4.175413e+10
0
0
0
0
0
0
0
0
0
0
0
0
0
0
0
0
0
0
0
0
0
0
0
0
0
-2.585907e+10
-3.035653e+10
-3.216241e+10
-3.418854e+10
-4.035879e+10
0
0
0
0
0
0
0
0
0
0
0
0
0
0
0
-2.475188e+10
-2.904742e+10
-3.076804e+10
-3.269186e+10
-3.855844e+10
0
0
0
0
0
0
0
0
0
0
0
0
0
0
0
-2.37196e+10
-2.782932e+10
-2.947171e+10
-3.13057e+10
-3.689446e+10
0
0
0
0
0
0
0
0
0
0
0
0
0
0
0
-2.291378e+10
-2.6879e+10
-2.846072e+10
-3.022427e+10
-3.560265e+10
0
0
0
0
0
0
0
0
0
0
0
0
0
0
-2.237456e+10
-2.624282e+10
-2.778374e+10
-2.949984e+10
-3.473781e+10
0
0
0
0
0
0
0
0
0
0
0
0
0
-2.210979e+10
-2.592998e+10
-2.74504e+10
-2.914262e+10
-3.431038e+10
0
0
0
0
0
0
0
0
0
0
0
0
-2.211792e+10
-2.593859e+10
-2.745861e+10
-2.915041e+10
-3.431814e+10
0
0
0
0
0
0
0
0
0
0
0
-2.239912e+10
-2.626898e+10
-2.780872e+10
-2.952327e+10
-3.47618e+10
0
0
0
0
0
0
0
0
0
0
-2.295555e+10
-2.692355e+10
-2.850329e+10
-3.026459e+10
-3.564491e+10
0
0
0
0
0
0
0
0
0
0
-2.37798e+10
-2.789352e+10
-2.953319e+10
-3.136413e+10
-3.695773e+10
0
0
0
0
0
0
0
0
0
0
-2.483175e+10
-2.913271e+10
-3.084989e+10
-3.277181e+10
-3.864198e+10
0
0
0
0
0
0
0
0
0
0
0
0
0
0
0
0
0
-2.595941e+10
-3.046375e+10
-3.226639e+10
-3.4289e+10
-4.046444e+10
0
0
0
0
0
0
0
0
0
0
0
0
0
0
0
0
-2.682831e+10
-3.149349e+10
-3.336514e+10
-3.54691e+10
-4.188727e+10
0
0
0
0
0
0
0
0
0
0
0
0
0
0
0
-2.74126e+10
-3.218967e+10
-3.4112e+10
-3.627658e+10
-4.286494e+10
0
0
0
0
0
0
0
0
0
0
0
0
0
0
-2.777918e+10
-3.262838e+10
-3.458364e+10
-3.678657e+10
-4.348719e+10
0
0
0
0
0
0
0
0
0
0
0
0
0
-2.797289e+10
-3.287285e+10
-3.48502e+10
-3.708233e+10
-4.386382e+10
0
0
0
0
0
0
0
0
0
0
0
0
0
0
0
0
0
0
0
0
0
0
0
0
0
-2.779696e+10
-3.268385e+10
-3.466776e+10
-3.690075e+10
-4.3668e+10
0
0
0
0
0
0
0
0
0
0
0
0
0
0
0
0
0
0
0
0
0
0
0
0
0
-2.762349e+10
-3.246126e+10
-3.442016e+10
-3.662595e+10
-4.33133e+10
0
0
0
0
0
0
0
0
0
0
0
0
0
0
0
0
0
0
0
0
0
0
0
0
0
-2.727705e+10
-3.204414e+10
-3.397074e+10
-3.613654e+10
-4.271315e+10
0
0
0
0
0
0
0
0
0
0
0
0
0
0
0
0
0
0
0
0
0
0
0
0
0
-2.671356e+10
-3.137054e+10
-3.324598e+10
-3.535296e+10
-4.176019e+10
0
0
0
0
0
0
0
0
0
0
0
0
0
0
0
0
0
0
0
0
0
0
0
0
0
-2.586536e+10
-3.036304e+10
-3.216925e+10
-3.419371e+10
-4.03634e+10
0
0
0
0
0
0
0
0
0
0
0
0
0
0
0
-2.475853e+10
-2.905434e+10
-3.077453e+10
-3.269952e+10
-3.856353e+10
0
0
0
0
0
0
0
0
0
0
0
0
0
0
0
-2.372657e+10
-2.783662e+10
-2.947851e+10
-3.131219e+10
-3.690385e+10
0
0
0
0
0
0
0
0
0
0
0
0
0
0
-2.292107e+10
-2.688666e+10
-2.846793e+10
-3.023102e+10
-3.561062e+10
0
0
0
0
0
0
0
0
0
0
0
0
0
-2.238225e+10
-2.625092e+10
-2.779138e+10
-2.950697e+10
-3.474528e+10
0
0
0
0
0
0
0
0
0
0
0
0
-2.211792e+10
-2.593859e+10
-2.745861e+10
-2.915041e+10
-3.431814e+10
0
0
0
0
0
0
0
0
0
0
0
-2.212652e+10
-2.594786e+10
-2.746747e+10
-2.915884e+10
-3.432689e+10
0
0
0
0
0
0
0
0
0
0
-2.240832e+10
-2.627893e+10
-2.781834e+10
-2.953268e+10
-3.477148e+10
0
0
0
0
0
0
0
0
0
0
-2.296551e+10
-2.693427e+10
-2.851385e+10
-3.027486e+10
-3.565607e+10
0
0
0
0
0
0
0
0
0
0
-2.379052e+10
-2.79052e+10
-2.954464e+10
-3.137561e+10
-3.697015e+10
0
0
0
0
0
0
0
0
0
0
-2.484342e+10
-2.91453e+10
-3.086238e+10
-3.278425e+10
-3.865618e+10
0
0
0
0
0
0
0
0
0
0
0
0
0
0
0
0
-2.597202e+10
-3.04774e+10
-3.227974e+10
-3.430247e+10
-4.047967e+10
0
0
0
0
0
0
0
0
0
0
0
0
0
0
0
-2.684183e+10
-3.150811e+10
-3.337946e+10
-3.548325e+10
-4.190346e+10
0
0
0
0
0
0
0
0
0
0
0
0
0
0
-2.742673e+10
-3.220525e+10
-3.412725e+10
-3.629165e+10
-4.288169e+10
0
0
0
0
0
0
0
0
0
0
0
0
0
-2.779358e+10
-3.264507e+10
-3.45991e+10
-3.680265e+10
-4.350493e+10
0
0
0
0
0
0
0
0
0
0
0
0
-2.798837e+10
-3.288977e+10
-3.486634e+10
-3.709771e+10
-4.388518e+10
0
0
0
0
0
0
0
0
0
0
0
0
0
0
0
0
0
0
0
0
0
0
0
0
0
-2.780253e+10
-3.268873e+10
-3.467217e+10
-3.690368e+10
-4.367286e+10
0
0
0
0
0
0
0
0
0
0
0
0
0
0
0
0
0
0
0
0
0
0
0
0
0
-2.762899e+10
-3.246723e+10
-3.442576e+10
-3.663037e+10
-4.331711e+10
0
0
0
0
0
0
0
0
0
0
0
0
0
0
0
0
0
0
0
0
0
0
0
0
0
-2.728339e+10
-3.205042e+10
-3.397646e+10
-3.614354e+10
-4.271746e+10
0
0
0
0
0
0
0
0
0
0
0
0
0
0
0
0
0
0
0
0
0
0
0
0
0
-2.671996e+10
-3.13772e+10
-3.325264e+10
-3.535889e+10
-4.176847e+10
0
0
0
0
0
0
0
0
0
0
0
0
0
0
0
0
0
0
0
0
0
0
0
0
0
-2.58722e+10
-3.037017e+10
-3.217596e+10
-3.420165e+10
-4.036867e+10
0
0
0
0
0
0
0
0
0
0
0
0
0
0
0
-2.476573e+10
-2.906187e+10
-3.078156e+10
-3.270625e+10
-3.857333e+10
0
0
0
0
0
0
0
0
0
0
0
0
0
0
-2.373408e+10
-2.784452e+10
-2.948594e+10
-3.131905e+10
-3.691123e+10
0
0
0
0
0
0
0
0
0
0
0
0
0
-2.292891e+10
-2.689494e+10
-2.847575e+10
-3.023831e+10
-3.56181e+10
0
0
0
0
0
0
0
0
0
0
0
0
-2.239041e+10
-2.625967e+10
-2.779969e+10
-2.951475e+10
-3.475313e+10
0
0
0
0
0
0
0
0
0
0
0
-2.212652e+10
-2.594786e+10
-2.746747e+10
-2.915884e+10
-3.432689e+10
0
0
0
0
0
0
0
0
0
0
-2.213562e+10
-2.595768e+10
-2.747709e+10
-2.916803e+10
-3.433646e+10
0
0
0
0
0
0
0
0
0
0
-2.241812e+10
-2.628941e+10
-2.782867e+10
-2.954273e+10
-3.478242e+10
0
0
0
0
0
0
0
0
0
0
-2.297592e+10
-2.694562e+10
-2.852495e+10
-3.028601e+10
-3.566811e+10
0
0
0
0
0
0
0
0
0
0
-2.380183e+10
-2.791739e+10
-2.955674e+10
-3.138764e+10
-3.698389e+10
0
0
0
0
0
0
0
0
0
0
-2.48557e+10
-2.915858e+10
-3.087533e+10
-3.279736e+10
-3.867094e+10
0
0
0
0
0
0
0
0
0
0
0
0
0
0
0
-2.598532e+10
-3.049178e+10
-3.229382e+10
-3.431633e+10
-4.04956e+10
0
0
0
0
0
0
0
0
0
0
0
0
0
0
-2.685586e+10
-3.152358e+10
-3.339459e+10
-3.549817e+10
-4.191999e+10
0
0
0
0
0
0
0
0
0
0
0
0
0
-2.744152e+10
-3.222136e+10
-3.414347e+10
-3.630764e+10
-4.289933e+10
0
0
0
0
0
0
0
0
0
0
0
0
-2.780904e+10
-3.266145e+10
-3.461662e+10
-3.681822e+10
-4.352314e+10
0
0
0
0
0
0
0
0
0
0
0
-2.800442e+10
-3.290743e+10
-3.488368e+10
-3.711522e+10
-4.390425e+10
0
0
0
0
0
0
0
0
0
0
0
0
0
0
0
0
0
0
0
0
0
0
0
0
0
-2.780805e+10
-3.269512e+10
-3.467716e+10
-3.690827e+10
-4.367696e+10
0
0
0
0
0
0
0
0
0
0
0
0
0
0
0
0
0
0
0
0
0
0
0
0
0
-2.763491e+10
-3.247347e+10
-3.443232e+10
-3.663651e+10
-4.332149e+10
0
0
0
0
0
0
0
0
0
0
0
0
0
0
0
0
0
0
0
0
0
0
0
0
0
-2.728983e+10
-3.205768e+10
-3.398321e+10
-3.614959e+10
-4.272606e+10
0
0
0
0
0
0
0
0
0
0
0
0
0
0
0
0
0
0
0
0
0
0
0
0
0
-2.672691e+10
-3.138446e+10
-3.325951e+10
-3.536636e+10
-4.177509e+10
0
0
0
0
0
0
0
0
0
0
0
0
0
0
0
0
0
0
0
0
0
0
0
0
0
-2.58796e+10
-3.037794e+10
-3.218322e+10
-3.420862e+10
-4.037888e+10
0
0
0
0
0
0
0
0
0
0
0
0
0
0
-2.477348e+10
-2.907004e+10
-3.078924e+10
-3.271334e+10
-3.858099e+10
0
0
0
0
0
0
0
0
0
0
0
0
0
-2.374212e+10
-2.785304e+10
-2.949401e+10
-3.132656e+10
-3.691872e+10
0
0
0
0
0
0
0
0
0
0
0
0
-2.293725e+10
-2.690387e+10
-2.848424e+10
-3.024627e+10
-3.562613e+10
0
0
0
0
0
0
0
0
0
0
0
-2.239912e+10
-2.626898e+10
-2.780872e+10
-2.952327e+10
-3.47618e+10
0
0
0
0
0
0
0
0
0
0
-2.213562e+10
-2.595768e+10
-2.747709e+10
-2.916803e+10
-3.433646e+10
0
0
0
0
0
0
0
0
0
0
-2.214537e+10
-2.596804e+10
-2.748726e+10
-2.917814e+10
-3.434708e+10
0
0
0
0
0
0
0
0
0
0
-2.242831e+10
-2.630058e+10
-2.783952e+10
-2.955363e+10
-3.47942e+10
0
0
0
0
0
0
0
0
0
0
-2.298694e+10
-2.695745e+10
-2.853671e+10
-3.029767e+10
-3.568144e+10
0
0
0
0
0
0
0
0
0
0
-2.381348e+10
-2.793025e+10
-2.956925e+10
-3.140034e+10
-3.699815e+10
0
0
0
0
0
0
0
0
0
0
-2.486847e+10
-2.917257e+10
-3.0889e+10
-3.281077e+10
-3.868644e+10
0
0
0
0
0
0
0
0
0
0
0
0
0
0
-2.599914e+10
-3.050693e+10
-3.230869e+10
-3.433098e+10
-4.051174e+10
0
0
0
0
0
0
0
0
0
0
0
0
0
-2.687057e+10
-3.153956e+10
-3.34107e+10
-3.551403e+10
-4.193743e+10
0
0
0
0
0
0
0
0
0
0
0
0
-2.745695e+10
-3.223822e+10
-3.416013e+10
-3.632487e+10
-4.291826e+10
0
0
0
0
0
0
0
0
0
0
0
-2.782549e+10
-3.267909e+10
-3.463331e+10
-3.683704e+10
-4.354107e+10
0
0
0
0
0
0
0
0
0
0
-2.802068e+10
-3.292567e+10
-3.49024e+10
-3.713422e+10
-4.392475e+10
0
0
0
0
0
0
0
0
0
0
0
0
0
0
0
0
0
0
0
0
0
0
0
0
0
-2.781398e+10
-3.270138e+10
-3.468441e+10
-3.691405e+10
-4.36815e+10
0
0
0
0
0
0
0
0
0
0
0
0
0
0
0
0
0
0
0
0
0
0
0
0
0
-2.764139e+10
-3.248021e+10
-3.443898e+10
-3.664415e+10
-4.332855e+10
0
0
0
0
0
0
0
0
0
0
0
0
0
0
0
0
0
0
0
0
0
0
0
0
0
-2.729684e+10
-3.2065e+10
-3.399097e+10
-3.615718e+10
-4.273298e+10
0
0
0
0
0
0
0
0
0
0
0
0
0
0
0
0
0
0
0
0
0
0
0
0
0
-2.673443e+10
-3.139236e+10
-3.326691e+10
-3.537352e+10
-4.178437e+10
0
0
0
0
0
0
0
0
0
0
0
0
0
0
0
0
0
0
0
0
0
0
0
0
-2.588756e+10
-3.038634e+10
-3.219114e+10
-3.421596e+10
-4.038686e+10
0
0
0
0
0
0
0
0
0
0
0
0
0
-2.478178e+10
-2.907885e+10
-3.079759e+10
-3.272112e+10
-3.858877e+10
0
0
0
0
0
0
0
0
0
0
0
0
-2.375071e+10
-2.786221e+10
-2.950275e+10
-3.133477e+10
-3.692701e+10
0
0
0
0
0
0
0
0
0
0
0
-2.294615e+10
-2.691339e+10
-2.849346e+10
-3.025499e+10
-3.563501e+10
0
0
0
0
0
0
0
0
0
0
-2.240832e+10
-2.627893e+10
-2.781834e+10
-2.953268e+10
-3.477148e+10
0
0
0
0
0
0
0
0
0
0
-2.214537e+10
-2.596804e+10
-2.748726e+10
-2.917814e+10
-3.434708e+10
0
0
0
0
0
0
0
0
0
0
-2.215543e+10
-2.597918e+10
-2.749798e+10
-2.918885e+10
-3.435899e+10
0
0
0
0
0
0
0
0
0
0
-2.243907e+10
-2.631216e+10
-2.785113e+10
-2.956502e+10
-3.480723e+10
0
0
0
0
0
0
0
0
0
0
-2.299826e+10
-2.696997e+10
-2.854884e+10
-3.031001e+10
-3.569526e+10
0
0
0
0
0
0
0
0
0
0
-2.382581e+10
-2.794348e+10
-2.958248e+10
-3.141328e+10
-3.701317e+10
0
0
0
0
0
0
0
0
0
0
-2.488191e+10
-2.918708e+10
-3.090308e+10
-3.282498e+10
-3.8702e+10
0
0
0
0
0
0
0
0
0
0
0
0
0
-2.601367e+10
-3.052266e+10
-3.232444e+10
-3.434656e+10
-4.052882e+10
0
0
0
0
0
0
0
0
0
0
0
0
-2.68859e+10
-3.155631e+10
-3.342721e+10
-3.553115e+10
-4.195619e+10
0
0
0
0
0
0
0
0
0
0
0
-2.747293e+10
-3.225581e+10
-3.417757e+10
-3.63423e+10
-4.29391e+10
0
0
0
0
0
0
0
0
0
0
-2.784177e+10
-3.269782e+10
-3.465156e+10
-3.685441e+10
-4.356461e+10
0
0
0
0
0
0
0
0
0
-2.803908e+10
-3.294408e+10
-3.492179e+10
-3.715344e+10
-4.394647e+10
0
0
0
0
0
0
0
0
0
0
0
0
0
0
0
0
0
0
0
0
0
0
0
0
0
-2.782047e+10
-3.270814e+10
-3.46911e+10
-3.69228e+10
-4.368618e+10
0
0
0
0
0
0
0
0
0
0
0
0
0
0
0
0
0
0
0
0
0
0
0
0
0
-2.764844e+10
-3.248758e+10
-3.44459e+10
-3.665156e+10
-4.333835e+10
0
0
0
0
0
0
0
0
0
0
0
0
0
0
0
0
0
0
0
0
0
0
0
0
0
-2.730442e+10
-3.207298e+10
-3.399844e+10
-3.616579e+10
-4.274244e+10
0
0
0
0
0
0
0
0
0
0
0
0
0
0
0
0
0
0
0
0
0
0
0
0
-2.674387e+10
-3.140092e+10
-3.327499e+10
-3.538102e+10
-4.179259e+10
0
0
0
0
0
0
0
0
0
0
0
0
0
0
0
0
0
0
0
0
0
0
0
-2.58961e+10
-3.039542e+10
-3.219974e+10
-3.422398e+10
-4.039493e+10
0
0
0
0
0
0
0
0
0
0
0
0
-2.479065e+10
-2.908831e+10
-3.080662e+10
-3.272962e+10
-3.859736e+10
0
0
0
0
0
0
0
0
0
0
0
-2.375987e+10
-2.787201e+10
-2.951219e+10
-3.134376e+10
-3.693619e+10
0
0
0
0
0
0
0
0
0
0
-2.295555e+10
-2.692355e+10
-2.850329e+10
-3.026459e+10
-3.564491e+10
0
0
0
0
0
0
0
0
0
0
-2.241812e+10
-2.628941e+10
-2.782867e+10
-2.954273e+10
-3.478242e+10
0
0
0
0
0
0
0
0
0
0
-2.215543e+10
-2.597918e+10
-2.749799e+10
-2.918885e+10
-3.435899e+10
0
0
0
0
0
0
0
0
0
0
-2.216625e+10
-2.59906e+10
-2.75096e+10
-2.920011e+10
-3.437183e+10
0
0
0
0
0
0
0
0
0
0
-2.245015e+10
-2.632437e+10
-2.7863e+10
-2.957728e+10
-3.482072e+10
0
0
0
0
0
0
0
0
0
0
-2.301024e+10
-2.698283e+10
-2.856175e+10
-3.032254e+10
-3.570984e+10
0
0
0
0
0
0
0
0
0
0
-2.38391e+10
-2.795754e+10
-2.959613e+10
-3.142701e+10
-3.702813e+10
0
0
0
0
0
0
0
0
0
0
-2.489628e+10
-2.920238e+10
-3.091814e+10
-3.283967e+10
-3.871853e+10
0
0
0
0
0
0
0
0
0
0
0
0
-2.602878e+10
-3.053925e+10
-3.234067e+10
-3.436331e+10
-4.054723e+10
0
0
0
0
0
0
0
0
0
0
0
-2.690176e+10
-3.157378e+10
-3.344454e+10
-3.55484e+10
-4.19769e+10
0
0
0
0
0
0
0
0
0
0
-2.74892e+10
-3.227395e+10
-3.419577e+10
-3.636057e+10
-4.29596e+10
0
0
0
0
0
0
0
0
0
-2.785968e+10
-3.271624e+10
-3.467104e+10
-3.687353e+10
-4.358494e+10
0
0
0
0
0
0
0
0
-2.805894e+10
-3.296519e+10
-3.494085e+10
-3.717279e+10
-4.396937e+10
0
0
0
0
0
0
0
0
0
0
0
0
0
0
0
0
0
0
0
0
0
0
0
0
0
-2.782753e+10
-3.271553e+10
-3.469804e+10
-3.693036e+10
-4.369811e+10
0
0
0
0
0
0
0
0
0
0
0
0
0
0
0
0
0
0
0
0
0
0
0
0
0
-2.765607e+10
-3.249561e+10
-3.445343e+10
-3.665868e+10
-4.334747e+10
0
0
0
0
0
0
0
0
0
0
0
0
0
0
0
0
0
0
0
0
0
0
0
0
-2.731258e+10
-3.208162e+10
-3.400659e+10
-3.617334e+10
-4.275299e+10
0
0
0
0
0
0
0
0
0
0
0
0
0
0
0
0
0
0
0
0
0
0
0
-2.675254e+10
-3.141223e+10
-3.328375e+10
-3.538922e+10
-4.180088e+10
0
0
0
0
0
0
0
0
0
0
0
0
0
0
0
0
0
0
0
0
0
0
-2.59052e+10
-3.040515e+10
-3.220906e+10
-3.423276e+10
-4.040382e+10
0
0
0
0
0
0
0
0
0
0
0
-2.48001e+10
-2.909843e+10
-3.081637e+10
-3.273891e+10
-3.860688e+10
0
0
0
0
0
0
0
0
0
0
-2.376956e+10
-2.788247e+10
-2.952232e+10
-3.135355e+10
-3.69464e+10
0
0
0
0
0
0
0
0
0
0
-2.296551e+10
-2.693427e+10
-2.851385e+10
-3.027487e+10
-3.565607e+10
0
0
0
0
0
0
0
0
0
0
-2.242831e+10
-2.630059e+10
-2.783952e+10
-2.955363e+10
-3.47942e+10
0
0
0
0
0
0
0
0
0
0
-2.216625e+10
-2.59906e+10
-2.75096e+10
-2.920011e+10
-3.437184e+10
0
0
0
0
0
0
0
0
0
0
-2.21772e+10
-2.600259e+10
-2.75213e+10
-2.921244e+10
-3.438515e+10
0
0
0
0
0
0
0
0
0
0
-2.246188e+10
-2.633696e+10
-2.787556e+10
-2.958951e+10
-3.483527e+10
0
0
0
0
0
0
0
0
0
0
-2.30231e+10
-2.699648e+10
-2.857499e+10
-3.033597e+10
-3.572429e+10
0
0
0
0
0
0
0
0
0
0
-2.385308e+10
-2.797267e+10
-2.961073e+10
-3.144124e+10
-3.704408e+10
0
0
0
0
0
0
0
0
0
0
-2.491095e+10
-2.92188e+10
-3.09343e+10
-3.285564e+10
-3.873638e+10
0
0
0
0
0
0
0
0
0
0
0
-2.604443e+10
-3.055646e+10
-3.235787e+10
-3.438025e+10
-4.056761e+10
0
0
0
0
0
0
0
0
0
0
-2.691797e+10
-3.159178e+10
-3.346261e+10
-3.556655e+10
-4.199716e+10
0
0
0
0
0
0
0
0
0
-2.750703e+10
-3.229236e+10
-3.421437e+10
-3.637963e+10
-4.298111e+10
0
0
0
0
0
0
0
0
-2.787937e+10
-3.273674e+10
-3.468988e+10
-3.689345e+10
-4.360753e+10
0
0
0
0
0
0
0
-2.808127e+10
-3.29882e+10
-3.496387e+10
-3.719228e+10
-4.399124e+10
0
0
0
0
0
0
0
0
0
0
0
0
0
0
0
0
0
0
0
0
0
0
0
0
0
-2.783735e+10
-3.272358e+10
-3.470557e+10
-3.693751e+10
-4.370771e+10
0
0
0
0
0
0
0
0
0
0
0
0
0
0
0
0
0
0
0
0
0
0
0
0
-2.766426e+10
-3.250431e+10
-3.446164e+10
-3.666631e+10
-4.335551e+10
0
0
0
0
0
0
0
0
0
0
0
0
0
0
0
0
0
0
0
0
0
0
0
-2.732132e+10
-3.209093e+10
-3.401545e+10
-3.618163e+10
-4.276128e+10
0
0
0
0
0
0
0
0
0
0
0
0
0
0
0
0
0
0
0
0
0
0
-2.676044e+10
-3.142213e+10
-3.329723e+10
-3.539818e+10
-4.180998e+10
0
0
0
0
0
0
0
0
0
0
0
0
0
0
0
0
0
0
0
0
0
-2.591491e+10
-3.041554e+10
-3.221909e+10
-3.424235e+10
-4.041367e+10
0
0
0
0
0
0
0
0
0
0
-2.48101e+10
-2.910924e+10
-3.082683e+10
-3.274902e+10
-3.861744e+10
0
0
0
0
0
0
0
0
0
0
-2.37798e+10
-2.789352e+10
-2.953319e+10
-3.136413e+10
-3.695773e+10
0
0
0
0
0
0
0
0
0
0
-2.297592e+10
-2.694562e+10
-2.852495e+10
-3.028601e+10
-3.566811e+10
0
0
0
0
0
0
0
0
0
0
-2.243907e+10
-2.631216e+10
-2.785113e+10
-2.956503e+10
-3.480723e+10
0
0
0
0
0
0
0
0
0
0
-2.21772e+10
-2.600259e+10
-2.75213e+10
-2.921244e+10
-3.438516e+10
0
0
0
0
0
0
0
0
0
0
-2.218879e+10
-2.601527e+10
-2.753367e+10
-2.922446e+10
-3.439983e+10
0
0
0
0
0
0
0
0
0
0
-2.247448e+10
-2.635031e+10
-2.788852e+10
-2.960253e+10
-3.484936e+10
0
0
0
0
0
0
0
0
0
0
-2.303669e+10
-2.70111e+10
-2.858918e+10
-3.034976e+10
-3.573992e+10
0
0
0
0
0
0
0
0
0
0
-2.386726e+10
-2.798859e+10
-2.962632e+10
-3.145673e+10
-3.706078e+10
0
0
0
0
0
0
0
0
0
0
-2.49262e+10
-2.923546e+10
-3.095133e+10
-3.287252e+10
-3.875573e+10
0
0
0
0
0
0
0
0
0
0
-2.606045e+10
-3.057419e+10
-3.237565e+10
-3.439825e+10
-4.058748e+10
0
0
0
0
0
0
0
0
0
-2.693566e+10
-3.161012e+10
-3.348105e+10
-3.558548e+10
-4.201852e+10
0
0
0
0
0
0
0
0
-2.752653e+10
-3.231275e+10
-3.42332e+10
-3.639878e+10
-4.300363e+10
0
0
0
0
0
0
0
-2.789938e+10
-3.275953e+10
-3.471107e+10
-3.691277e+10
-4.363076e+10
0
0
0
0
0
0
-2.810197e+10
-3.301416e+10
-3.498801e+10
-3.721603e+10
-4.401352e+10
0
0
0
0
0
0
0
0
0
0
0
0
0
0
0
0
0
0
0
0
0
0
0
0
-2.784556e+10
-3.273494e+10
-3.471383e+10
-3.694517e+10
-4.37158e+10
0
0
0
0
0
0
0
0
0
0
0
0
0
0
0
0
0
0
0
0
0
0
0
-2.767304e+10
-3.251366e+10
-3.447058e+10
-3.667468e+10
-4.336392e+10
0
0
0
0
0
0
0
0
0
0
0
0
0
0
0
0
0
0
0
0
0
0
-2.733064e+10
-3.210092e+10
-3.402503e+10
-3.61907e+10
-4.277051e+10
0
0
0
0
0
0
0
0
0
0
0
0
0
0
0
0
0
0
0
0
0
-2.677031e+10
-3.143061e+10
-3.330745e+10
-3.54152e+10
-4.182006e+10
0
0
0
0
0
0
0
0
0
0
0
0
0
0
0
0
0
0
0
0
-2.592519e+10
-3.042665e+10
-3.222984e+10
-3.425277e+10
-4.042459e+10
0
0
0
0
0
0
0
0
0
0
-2.482068e+10
-2.912065e+10
-3.083806e+10
-3.275995e+10
-3.862915e+10
0
0
0
0
0
0
0
0
0
0
-2.379052e+10
-2.790521e+10
-2.954464e+10
-3.137561e+10
-3.697015e+10
0
0
0
0
0
0
0
0
0
0
-2.298694e+10
-2.695745e+10
-2.853671e+10
-3.029767e+10
-3.568145e+10
0
0
0
0
0
0
0
0
0
0
-2.245015e+10
-2.632438e+10
-2.7863e+10
-2.957728e+10
-3.482072e+10
0
0
0
0
0
0
0
0
0
0
-2.218879e+10
-2.601527e+10
-2.753367e+10
-2.922446e+10
-3.439983e+10
0
0
0
0
0
0
0
0
0
0
-2.220107e+10
-2.602876e+10
-2.754674e+10
-2.923736e+10
-3.441361e+10
0
0
0
0
0
0
0
0
0
0
-2.248779e+10
-2.636464e+10
-2.790239e+10
-2.961602e+10
-3.486396e+10
0
0
0
0
0
0
0
0
0
0
-2.305045e+10
-2.702658e+10
-2.860421e+10
-3.03648e+10
-3.57561e+10
0
0
0
0
0
0
0
0
0
0
-2.388205e+10
-2.800469e+10
-2.964283e+10
-3.147295e+10
-3.707948e+10
0
0
0
0
0
0
0
0
0
0
-2.494192e+10
-2.925273e+10
-3.096852e+10
-3.289041e+10
-3.877492e+10
0
0
0
0
0
0
0
0
0
-2.607786e+10
-3.059231e+10
-3.239381e+10
-3.441687e+10
-4.060852e+10
0
0
0
0
0
0
0
0
-2.695492e+10
-3.163032e+10
-3.34998e+10
-3.560444e+10
-4.204088e+10
0
0
0
0
0
0
0
-2.754638e+10
-3.233529e+10
-3.425426e+10
-3.641809e+10
-4.302468e+10
0
0
0
0
0
0
-2.791996e+10
-3.278264e+10
-3.473492e+10
-3.69355e+10
-4.365272e+10
0
0
0
0
0
-2.812279e+10
-3.303804e+10
-3.501665e+10
-3.724205e+10
-4.403907e+10
0
0
0
0
0
0
0
0
0
0
0
0
0
0
0
0
0
0
0
0
0
0
0
-2.785435e+10
-3.274431e+10
-3.472703e+10
-3.69535e+10
-4.372396e+10
0
0
0
0
0
0
0
0
0
0
0
0
0
0
0
0
0
0
0
0
0
0
-2.768278e+10
-3.252369e+10
-3.44802e+10
-3.668385e+10
-4.337327e+10
0
0
0
0
0
0
0
0
0
0
0
0
0
0
0
0
0
0
0
0
0
-2.734058e+10
-3.211157e+10
-3.403533e+10
-3.620058e+10
-4.278074e+10
0
0
0
0
0
0
0
0
0
0
0
0
0
0
0
0
0
0
0
0
-2.678075e+10
-3.144191e+10
-3.331438e+10
-3.542582e+10
-4.183894e+10
0
0
0
0
0
0
0
0
0
0
0
0
0
0
0
0
0
0
0
-2.593605e+10
-3.043839e+10
-3.224138e+10
-3.426399e+10
-4.043666e+10
0
0
0
0
0
0
0
0
0
0
-2.483175e+10
-2.913271e+10
-3.084989e+10
-3.277181e+10
-3.864198e+10
0
0
0
0
0
0
0
0
0
0
-2.380183e+10
-2.791739e+10
-2.955674e+10
-3.138764e+10
-3.698389e+10
0
0
0
0
0
0
0
0
0
0
-2.299826e+10
-2.696997e+10
-2.854885e+10
-3.031001e+10
-3.569526e+10
0
0
0
0
0
0
0
0
0
0
-2.246188e+10
-2.633696e+10
-2.787523e+10
-2.958952e+10
-3.483527e+10
0
0
0
0
0
0
0
0
0
0
-2.220106e+10
-2.602876e+10
-2.754674e+10
-2.923736e+10
-3.441361e+10
0
0
0
0
0
0
0
0
0
0
-2.221424e+10
-2.604254e+10
-2.756078e+10
-2.925099e+10
-3.442856e+10
0
0
0
0
0
0
0
0
0
0
-2.250125e+10
-2.63798e+10
-2.791714e+10
-2.963073e+10
-3.488015e+10
0
0
0
0
0
0
0
0
0
0
-2.306484e+10
-2.704221e+10
-2.862025e+10
-3.038039e+10
-3.577425e+10
0
0
0
0
0
0
0
0
0
0
-2.389756e+10
-2.802143e+10
-2.965944e+10
-3.14903e+10
-3.709843e+10
0
0
0
0
0
0
0
0
0
-2.495886e+10
-2.927052e+10
-3.098619e+10
-3.290836e+10
-3.879594e+10
0
0
0
0
0
0
0
0
-2.609673e+10
-3.061217e+10
-3.241233e+10
-3.443552e+10
-4.063052e+10
0
0
0
0
0
0
0
-2.697589e+10
-3.165253e+10
-3.352066e+10
-3.562366e+10
-4.206245e+10
0
0
0
0
0
0
-2.756681e+10
-3.235818e+10
-3.427782e+10
-3.644002e+10
-4.304662e+10
0
0
0
0
0
-2.794326e+10
-3.280634e+10
-3.475908e+10
-3.696077e+10
-4.36793e+10
0
0
0
0
-2.814447e+10
-3.30619e+10
-3.504162e+10
-3.727456e+10
-4.406865e+10
0
0
0
0
0
0
0
0
0
0
0
0
0
0
0
0
0
0
0
0
0
0
-2.786372e+10
-3.275436e+10
-3.473668e+10
-3.69693e+10
-4.373254e+10
0
0
0
0
0
0
0
0
0
0
0
0
0
0
0
0
0
0
0
0
0
-2.769276e+10
-3.253487e+10
-3.449056e+10
-3.669378e+10
-4.338363e+10
0
0
0
0
0
0
0
0
0
0
0
0
0
0
0
0
0
0
0
0
-2.735109e+10
-3.212295e+10
-3.404636e+10
-3.621129e+10
-4.279203e+10
0
0
0
0
0
0
0
0
0
0
0
0
0
0
0
0
0
0
0
-2.679177e+10
-3.145384e+10
-3.332611e+10
-3.542997e+10
-4.185125e+10
0
0
0
0
0
0
0
0
0
0
0
0
0
0
0
0
0
0
-2.594743e+10
-3.045079e+10
-3.225356e+10
-3.427619e+10
-4.044985e+10
0
0
0
0
0
0
0
0
0
0
-2.484342e+10
-2.91453e+10
-3.086238e+10
-3.278425e+10
-3.865618e+10
0
0
0
0
0
0
0
0
0
0
-2.381348e+10
-2.793025e+10
-2.956926e+10
-3.140035e+10
-3.699816e+10
0
0
0
0
0
0
0
0
0
0
-2.301024e+10
-2.698283e+10
-2.856175e+10
-3.032254e+10
-3.570985e+10
0
0
0
0
0
0
0
0
0
0
-2.247447e+10
-2.635031e+10
-2.788847e+10
-2.960216e+10
-3.484937e+10
0
0
0
0
0
0
0
0
0
0
-2.221423e+10
-2.604254e+10
-2.756078e+10
-2.925099e+10
-3.442856e+10
0
0
0
0
0
0
0
0
0
0
-2.222756e+10
-2.605754e+10
-2.757491e+10
-2.92659e+10
-3.444453e+10
0
0
0
0
0
0
0
0
0
0
-2.251534e+10
-2.639508e+10
-2.793287e+10
-2.964607e+10
-3.489838e+10
0
0
0
0
0
0
0
0
0
0
-2.307995e+10
-2.705848e+10
-2.863637e+10
-3.039726e+10
-3.579236e+10
0
0
0
0
0
0
0
0
0
-2.391335e+10
-2.803903e+10
-2.967657e+10
-3.150766e+10
-3.711888e+10
0
0
0
0
0
0
0
0
-2.497715e+10
-2.928983e+10
-3.100441e+10
-3.292651e+10
-3.881715e+10
0
0
0
0
0
0
0
-2.611598e+10
-3.063389e+10
-3.243282e+10
-3.445452e+10
-4.065171e+10
0
0
0
0
0
0
-2.699612e+10
-3.167722e+10
-3.354385e+10
-3.564537e+10
-4.208426e+10
0
0
0
0
0
-2.758783e+10
-3.238168e+10
-3.430173e+10
-3.646496e+10
-4.307293e+10
0
0
0
0
-2.796446e+10
-3.283321e+10
-3.478385e+10
-3.698639e+10
-4.370954e+10
0
0
0
-2.816597e+10
-3.308667e+10
-3.506625e+10
-3.73011e+10
-4.410657e+10
0
0
0
0
0
0
0
0
0
0
0
0
0
0
0
0
0
0
0
0
0
-2.787152e+10
-3.276509e+10
-3.474641e+10
-3.697913e+10
-4.374808e+10
0
0
0
0
0
0
0
0
0
0
0
0
0
0
0
0
0
0
0
0
-2.770331e+10
-3.254631e+10
-3.450237e+10
-3.670456e+10
-4.3395e+10
0
0
0
0
0
0
0
0
0
0
0
0
0
0
0
0
0
0
0
-2.736219e+10
-3.213498e+10
-3.405819e+10
-3.622282e+10
-4.280446e+10
0
0
0
0
0
0
0
0
0
0
0
0
0
0
0
0
0
0
-2.680333e+10
-3.146643e+10
-3.33385e+10
-3.544237e+10
-4.185692e+10
0
0
0
0
0
0
0
0
0
0
0
0
0
0
0
0
0
-2.595941e+10
-3.046375e+10
-3.22664e+10
-3.4289e+10
-4.046445e+10
0
0
0
0
0
0
0
0
0
0
-2.48557e+10
-2.915858e+10
-3.087533e+10
-3.279736e+10
-3.867094e+10
0
0
0
0
0
0
0
0
0
0
-2.382581e+10
-2.794349e+10
-2.958249e+10
-3.141329e+10
-3.701317e+10
0
0
0
0
0
0
0
0
0
0
-2.302308e+10
-2.699648e+10
-2.857499e+10
-3.033597e+10
-3.57243e+10
0
0
0
0
0
0
0
0
0
0
-2.248778e+10
-2.636462e+10
-2.790268e+10
-2.961596e+10
-3.486397e+10
0
0
0
0
0
0
0
0
0
0
-2.222756e+10
-2.605754e+10
-2.757491e+10
-2.92659e+10
-3.444453e+10
0
0
0
0
0
0
0
0
0
0
-2.224149e+10
-2.607259e+10
-2.759047e+10
-2.92805e+10
-3.446254e+10
0
0
0
0
0
0
0
0
0
0
-2.253017e+10
-2.641101e+10
-2.794861e+10
-2.966261e+10
-3.491608e+10
0
0
0
0
0
0
0
0
0
-2.309531e+10
-2.707562e+10
-2.865302e+10
-3.041409e+10
-3.581226e+10
0
0
0
0
0
0
0
0
-2.39303e+10
-2.805687e+10
-2.969464e+10
-3.152525e+10
-3.713935e+10
0
0
0
0
0
0
0
-2.499583e+10
-2.931084e+10
-3.102432e+10
-3.294524e+10
-3.883776e+10
0
0
0
0
0
0
-2.613583e+10
-3.0656e+10
-3.245546e+10
-3.447583e+10
-4.067327e+10
0
0
0
0
0
-2.701692e+10
-3.170045e+10
-3.357143e+10
-3.566988e+10
-4.210953e+10
0
0
0
0
-2.760935e+10
-3.240576e+10
-3.432626e+10
-3.649027e+10
-4.310274e+10
0
0
0
-2.798595e+10
-3.285736e+10
-3.481337e+10
-3.701265e+10
-4.374028e+10
0
0
-2.818738e+10
-3.311093e+10
-3.509204e+10
-3.732678e+10
-4.413847e+10
0
0
0
0
0
0
0
0
0
0
0
0
0
0
0
0
0
0
0
0
-2.78821e+10
-3.277374e+10
-3.475732e+10
-3.698999e+10
-4.376039e+10
0
0
0
0
0
0
0
0
0
0
0
0
0
0
0
0
0
0
0
-2.771444e+10
-3.255839e+10
-3.451429e+10
-3.671735e+10
-4.340753e+10
0
0
0
0
0
0
0
0
0
0
0
0
0
0
0
0
0
0
-2.737384e+10
-3.214767e+10
-3.407068e+10
-3.623531e+10
-4.281801e+10
0
0
0
0
0
0
0
0
0
0
0
0
0
0
0
0
0
-2.681551e+10
-3.147962e+10
-3.335155e+10
-3.545541e+10
-4.187176e+10
0
0
0
0
0
0
0
0
0
0
0
0
0
0
0
0
-2.597202e+10
-3.04774e+10
-3.227975e+10
-3.430247e+10
-4.047967e+10
0
0
0
0
0
0
0
0
0
0
-2.486841e+10
-2.917223e+10
-3.088901e+10
-3.281078e+10
-3.868644e+10
0
0
0
0
0
0
0
0
0
0
-2.383909e+10
-2.795754e+10
-2.959613e+10
-3.142701e+10
-3.702814e+10
0
0
0
0
0
0
0
0
0
0
-2.303668e+10
-2.701108e+10
-2.858918e+10
-3.034976e+10
-3.573992e+10
0
0
0
0
0
0
0
0
0
0
-2.250126e+10
-2.637978e+10
-2.791723e+10
-2.963105e+10
-3.488016e+10
0
0
0
0
0
0
0
0
0
0
-2.224149e+10
-2.607259e+10
-2.759047e+10
-2.92805e+10
-3.446254e+10
0
0
0
0
0
0
0
0
0
0
-2.225617e+10
-2.608834e+10
-2.760593e+10
-2.929649e+10
-3.447953e+10
0
0
0
0
0
0
0
0
0
-2.254518e+10
-2.642783e+10
-2.796491e+10
-2.967903e+10
-3.493512e+10
0
0
0
0
0
0
0
0
-2.31112e+10
-2.709298e+10
-2.867063e+10
-3.043118e+10
-3.583207e+10
0
0
0
0
0
0
0
-2.394855e+10
-2.807617e+10
-2.971292e+10
-3.154389e+10
-3.715932e+10
0
0
0
0
0
0
-2.501511e+10
-2.933225e+10
-3.104619e+10
-3.296593e+10
-3.885904e+10
0
0
0
0
0
-2.615627e+10
-3.067877e+10
-3.247848e+10
-3.449972e+10
-4.069805e+10
0
0
0
0
-2.703827e+10
-3.172425e+10
-3.359564e+10
-3.570208e+10
-4.213878e+10
0
0
0
-2.763084e+10
-3.24303e+10
-3.435134e+10
-3.651625e+10
-4.313306e+10
0
0
-2.800746e+10
-3.288161e+10
-3.483824e+10
-3.704588e+10
-4.377181e+10
0
-2.819077e+10
-3.313471e+10
-3.511702e+10
-3.735398e+10
-4.416831e+10
0
0
0
0
0
0
0
0
0
0
0
0
0
0
0
0
0
0
0
-2.789325e+10
-3.278585e+10
-3.47649e+10
-3.700189e+10
-4.377373e+10
0
0
0
0
0
0
0
0
0
0
0
0
0
0
0
0
0
0
-2.772614e+10
-3.257112e+10
-3.452683e+10
-3.672997e+10
-4.342302e+10
0
0
0
0
0
0
0
0
0
0
0
0
0
0
0
0
0
-2.73861e+10
-3.216096e+10
-3.408383e+10
-3.624847e+10
-4.283296e+10
0
0
0
0
0
0
0
0
0
0
0
0
0
0
0
0
-2.682831e+10
-3.149349e+10
-3.336514e+10
-3.54691e+10
-4.188727e+10
0
0
0
0
0
0
0
0
0
0
0
0
0
0
0
-2.598528e+10
-3.049178e+10
-3.229382e+10
-3.431634e+10
-4.04956e+10
0
0
0
0
0
0
0
0
0
0
-2.488186e+10
-2.918673e+10
-3.090308e+10
-3.282498e+10
-3.870201e+10
0
0
0
0
0
0
0
0
0
0
-2.385307e+10
-2.797265e+10
-2.961073e+10
-3.144124e+10
-3.704408e+10
0
0
0
0
0
0
0
0
0
0
-2.305047e+10
-2.702656e+10
-2.860419e+10
-3.036481e+10
-3.57561e+10
0
0
0
0
0
0
0
0
0
0
-2.251535e+10
-2.639509e+10
-2.793295e+10
-2.964621e+10
-3.489838e+10
0
0
0
0
0
0
0
0
0
0
-2.225617e+10
-2.608835e+10
-2.760594e+10
-2.929649e+10
-3.447953e+10
0
0
0
0
0
0
0
0
0
-2.227121e+10
-2.6105e+10
-2.762206e+10
-2.931258e+10
-3.449838e+10
0
0
0
0
0
0
0
0
-2.256085e+10
-2.644479e+10
-2.79822e+10
-2.969577e+10
-3.495425e+10
0
0
0
0
0
0
0
-2.312841e+10
-2.711096e+10
-2.868844e+10
-3.044898e+10
-3.585149e+10
0
0
0
0
0
0
-2.39672e+10
-2.809709e+10
-2.973288e+10
-3.156276e+10
-3.718062e+10
0
0
0
0
0
-2.503499e+10
-2.935433e+10
-3.106844e+10
-3.298898e+10
-3.888307e+10
0
0
0
0
-2.617728e+10
-3.070213e+10
-3.250218e+10
-3.452401e+10
-4.072651e+10
0
0
0
-2.705966e+10
-3.174857e+10
-3.36204e+10
-3.57277e+10
-4.217634e+10
0
0
-2.765202e+10
-3.245454e+10
-3.437685e+10
-3.654271e+10
-4.316422e+10
0
-2.801148e+10
-3.290554e+10
-3.486321e+10
-3.707166e+10
-4.38093e+10
-2.818385e+10
-3.314143e+10
-3.514125e+10
-3.738011e+10
-4.420065e+10
0
0
0
0
0
0
0
0
0
0
0
0
0
0
0
0
0
0
-2.790496e+10
-3.279877e+10
-3.477683e+10
-3.700728e+10
-4.378709e+10
0
0
0
0
0
0
0
0
0
0
0
0
0
0
0
0
0
-2.773844e+10
-3.258447e+10
-3.454003e+10
-3.674319e+10
-4.34382e+10
0
0
0
0
0
0
0
0
0
0
0
0
0
0
0
0
-2.739899e+10
-3.217495e+10
-3.409756e+10
-3.626227e+10
-4.284862e+10
0
0
0
0
0
0
0
0
0
0
0
0
0
0
0
-2.684183e+10
-3.150811e+10
-3.337947e+10
-3.548325e+10
-4.190346e+10
0
0
0
0
0
0
0
0
0
0
0
0
0
0
-2.599909e+10
-3.050687e+10
-3.230869e+10
-3.433098e+10
-4.051175e+10
0
0
0
0
0
0
0
0
0
0
-2.489628e+10
-2.920237e+10
-3.091815e+10
-3.283967e+10
-3.871854e+10
0
0
0
0
0
0
0
0
0
0
-2.386727e+10
-2.798857e+10
-2.96263e+10
-3.145673e+10
-3.706079e+10
0
0
0
0
0
0
0
0
0
0
-2.306485e+10
-2.704222e+10
-2.862024e+10
-3.038037e+10
-3.577425e+10
0
0
0
0
0
0
0
0
0
0
-2.253017e+10
-2.641102e+10
-2.794862e+10
-2.966274e+10
-3.491608e+10
0
0
0
0
0
0
0
0
0
-2.227121e+10
-2.6105e+10
-2.762206e+10
-2.931259e+10
-3.449838e+10
0
0
0
0
0
0
0
0
-2.22869e+10
-2.612199e+10
-2.763917e+10
-2.932952e+10
-3.45173e+10
0
0
0
0
0
0
0
-2.257724e+10
-2.646254e+10
-2.799957e+10
-2.971363e+10
-3.497375e+10
0
0
0
0
0
0
-2.314668e+10
-2.713055e+10
-2.870694e+10
-3.046763e+10
-3.587203e+10
0
0
0
0
0
-2.398632e+10
-2.811844e+10
-2.975461e+10
-3.158365e+10
-3.720235e+10
0
0
0
0
-2.505544e+10
-2.937701e+10
-3.109138e+10
-3.301239e+10
-3.891049e+10
0
0
0
-2.619841e+10
-3.072603e+10
-3.252644e+10
-3.454904e+10
-4.075547e+10
0
0
-2.708128e+10
-3.177269e+10
-3.364567e+10
-3.575378e+10
-4.220702e+10
0
-2.765677e+10
-3.247809e+10
-3.440182e+10
-3.656963e+10
-4.319561e+10
-2.800454e+10
-3.291306e+10
-3.488761e+10
-3.709761e+10
-4.383937e+10
-3.312352e+10
-3.514868e+10
-3.7405e+10
-4.423116e+10
0
0
0
0
0
0
0
0
0
0
0
0
0
0
0
0
0
-2.791728e+10
-3.281215e+10
-3.478983e+10
-3.702062e+10
-4.379656e+10
0
0
0
0
0
0
0
0
0
0
0
0
0
0
0
0
-2.775137e+10
-3.259851e+10
-3.455382e+10
-3.675704e+10
-4.345393e+10
0
0
0
0
0
0
0
0
0
0
0
0
0
0
0
-2.74126e+10
-3.218967e+10
-3.4112e+10
-3.627658e+10
-4.286494e+10
0
0
0
0
0
0
0
0
0
0
0
0
0
0
-2.685586e+10
-3.152358e+10
-3.339459e+10
-3.549817e+10
-4.191999e+10
0
0
0
0
0
0
0
0
0
0
0
0
0
-2.601367e+10
-3.05226e+10
-3.232436e+10
-3.434656e+10
-4.052883e+10
0
0
0
0
0
0
0
0
0
0
-2.491096e+10
-2.92188e+10
-3.09343e+10
-3.285565e+10
-3.873582e+10
0
0
0
0
0
0
0
0
0
0
-2.388206e+10
-2.800471e+10
-2.964281e+10
-3.147293e+10
-3.707948e+10
0
0
0
0
0
0
0
0
0
0
-2.307996e+10
-2.70585e+10
-2.863638e+10
-3.039724e+10
-3.579234e+10
0
0
0
0
0
0
0
0
0
-2.254518e+10
-2.642784e+10
-2.796492e+10
-2.967904e+10
-3.493512e+10
0
0
0
0
0
0
0
0
-2.228689e+10
-2.612199e+10
-2.763917e+10
-2.932952e+10
-3.45173e+10
0
0
0
0
0
0
0
-2.230299e+10
-2.613976e+10
-2.765666e+10
-2.934719e+10
-3.453658e+10
0
0
0
0
0
0
-2.25945e+10
-2.648108e+10
-2.801787e+10
-2.973156e+10
-3.499417e+10
0
0
0
0
0
-2.316525e+10
-2.715147e+10
-2.872718e+10
-3.048729e+10
-3.589356e+10
0
0
0
0
-2.400565e+10
-2.814023e+10
-2.977679e+10
-3.160651e+10
-3.722699e+10
0
0
0
-2.507609e+10
-2.940025e+10
-3.111492e+10
-3.303659e+10
-3.893832e+10
0
0
-2.621989e+10
-3.074985e+10
-3.255126e+10
-3.457457e+10
-4.07854e+10
0
-2.708679e+10
-3.179681e+10
-3.367051e+10
-3.578044e+10
-4.223792e+10
-2.764944e+10
-3.248649e+10
-3.44256e+10
-3.659561e+10
-4.322755e+10
-3.289494e+10
-3.489594e+10
-3.712271e+10
-4.386984e+10
-3.512536e+10
-3.74126e+10
-4.426032e+10
0
0
0
0
0
0
0
0
0
0
0
0
0
0
0
0
-2.793067e+10
-3.282622e+10
-3.480374e+10
-3.703518e+10
-4.381245e+10
0
0
0
0
0
0
0
0
0
0
0
0
0
0
0
-2.776459e+10
-3.261329e+10
-3.456833e+10
-3.677143e+10
-4.347032e+10
0
0
0
0
0
0
0
0
0
0
0
0
0
0
-2.742673e+10
-3.220525e+10
-3.412725e+10
-3.629165e+10
-4.288169e+10
0
0
0
0
0
0
0
0
0
0
0
0
0
-2.687057e+10
-3.153956e+10
-3.34107e+10
-3.551403e+10
-4.193743e+10
0
0
0
0
0
0
0
0
0
0
0
0
-2.602878e+10
-3.053926e+10
-3.234059e+10
-3.436321e+10
-4.054723e+10
0
0
0
0
0
0
0
0
0
0
-2.492621e+10
-2.923548e+10
-3.095133e+10
-3.28725e+10
-3.875511e+10
0
0
0
0
0
0
0
0
0
0
-2.389757e+10
-2.802145e+10
-2.965946e+10
-3.149028e+10
-3.70984e+10
0
0
0
0
0
0
0
0
0
-2.309531e+10
-2.707563e+10
-2.865304e+10
-3.04141e+10
-3.581225e+10
0
0
0
0
0
0
0
0
-2.256085e+10
-2.644479e+10
-2.79822e+10
-2.969579e+10
-3.495425e+10
0
0
0
0
0
0
0
-2.230299e+10
-2.613976e+10
-2.765666e+10
-2.934719e+10
-3.453658e+10
0
0
0
0
0
0
-2.231965e+10
-2.615797e+10
-2.767511e+10
-2.936541e+10
-3.455677e+10
0
0
0
0
0
-2.261284e+10
-2.650071e+10
-2.803695e+10
-2.97508e+10
-3.501479e+10
0
0
0
0
-2.318391e+10
-2.717262e+10
-2.874891e+10
-3.050827e+10
-3.591642e+10
0
0
0
-2.402534e+10
-2.816212e+10
-2.979939e+10
-3.162988e+10
-3.725409e+10
0
0
-2.50972e+10
-2.942351e+10
-3.113903e+10
-3.306134e+10
-3.896719e+10
0
-2.622613e+10
-3.077384e+10
-3.257576e+10
-3.46007e+10
-4.081563e+10
-2.707073e+10
-3.180614e+10
-3.369515e+10
-3.580628e+10
-4.226952e+10
-3.246913e+10
-3.443487e+10
-3.661964e+10
-4.325802e+10
-3.487269e+10
-3.713213e+10
-4.389925e+10
-3.738409e+10
-4.427479e+10
0
0
0
0
0
0
0
0
0
0
0
0
0
0
0
-2.794386e+10
-3.284156e+10
-3.48183e+10
-3.704963e+10
-4.382903e+10
0
0
0
0
0
0
0
0
0
0
0
0
0
0
-2.777918e+10
-3.262838e+10
-3.458364e+10
-3.678657e+10
-4.348719e+10
0
0
0
0
0
0
0
0
0
0
0
0
0
-2.744152e+10
-3.222136e+10
-3.414347e+10
-3.630764e+10
-4.289933e+10
0
0
0
0
0
0
0
0
0
0
0
0
-2.68859e+10
-3.155631e+10
-3.342721e+10
-3.553115e+10
-4.195619e+10
0
0
0
0
0
0
0
0
0
0
0
-2.604443e+10
-3.055646e+10
-3.235787e+10
-3.438015e+10
-4.056761e+10
0
0
0
0
0
0
0
0
0
0
-2.494192e+10
-2.925275e+10
-3.096853e+10
-3.289038e+10
-3.877482e+10
0
0
0
0
0
0
0
0
0
-2.391335e+10
-2.803903e+10
-2.96766e+10
-3.150768e+10
-3.711886e+10
0
0
0
0
0
0
0
0
-2.31112e+10
-2.709298e+10
-2.867064e+10
-3.043121e+10
-3.583209e+10
0
0
0
0
0
0
0
-2.257723e+10
-2.646253e+10
-2.799957e+10
-2.971364e+10
-3.497376e+10
0
0
0
0
0
0
-2.231965e+10
-2.615797e+10
-2.767511e+10
-2.936541e+10
-3.455677e+10
0
0
0
0
0
-2.23371e+10
-2.617682e+10
-2.769369e+10
-2.938511e+10
-3.45778e+10
0
0
0
0
-2.263136e+10
-2.652161e+10
-2.805724e+10
-2.977052e+10
-3.503721e+10
0
0
0
-2.320288e+10
-2.719373e+10
-2.877085e+10
-3.053121e+10
-3.594095e+10
0
0
-2.404567e+10
-2.818425e+10
-2.982203e+10
-3.165363e+10
-3.728193e+10
0
-2.51041e+10
-2.944711e+10
-3.116295e+10
-3.308672e+10
-3.899647e+10
-2.621707e+10
-3.078398e+10
-3.260032e+10
-3.462618e+10
-4.084661e+10
-3.177751e+10
-3.370541e+10
-3.583172e+10
-4.229977e+10
-3.44134e+10
-3.663005e+10
-4.328566e+10
-3.710435e+10
-4.39149e+10
-4.423702e+10
0
0
0
0
0
0
0
0
0
0
0
0
0
0
-2.795806e+10
-3.285663e+10
-3.48348e+10
-3.706483e+10
-4.384637e+10
0
0
0
0
0
0
0
0
0
0
0
0
0
-2.779358e+10
-3.264507e+10
-3.45991e+10
-3.680265e+10
-4.350493e+10
0
0
0
0
0
0
0
0
0
0
0
0
-2.745695e+10
-3.223822e+10
-3.416013e+10
-3.632487e+10
-4.291826e+10
0
0
0
0
0
0
0
0
0
0
0
-2.690176e+10
-3.157378e+10
-3.344455e+10
-3.55484e+10
-4.19769e+10
0
0
0
0
0
0
0
0
0
0
-2.606045e+10
-3.057419e+10
-3.237565e+10
-3.439825e+10
-4.058748e+10
0
0
0
0
0
0
0
0
0
-2.495886e+10
-2.927053e+10
-3.098622e+10
-3.290838e+10
-3.87959e+10
0
0
0
0
0
0
0
0
-2.39303e+10
-2.805687e+10
-2.969464e+10
-3.152528e+10
-3.713938e+10
0
0
0
0
0
0
0
-2.312841e+10
-2.711096e+10
-2.868844e+10
-3.044899e+10
-3.585152e+10
0
0
0
0
0
0
-2.25945e+10
-2.648107e+10
-2.801787e+10
-2.973156e+10
-3.499418e+10
0
0
0
0
0
-2.23371e+10
-2.617683e+10
-2.769369e+10
-2.938512e+10
-3.45778e+10
0
0
0
0
-2.235546e+10
-2.619657e+10
-2.771311e+10
-2.940412e+10
-3.460127e+10
0
0
0
-2.264962e+10
-2.654259e+10
-2.807894e+10
-2.97921e+10
-3.506123e+10
0
0
-2.322266e+10
-2.721503e+10
-2.879268e+10
-3.05542e+10
-3.596815e+10
0
-2.405066e+10
-2.820696e+10
-2.984474e+10
-3.16774e+10
-3.731e+10
-2.510026e+10
-2.945795e+10
-3.118712e+10
-3.311157e+10
-3.902654e+10
-3.076644e+10
-3.261144e+10
-3.465158e+10
-4.087637e+10
-3.367178e+10
-3.584322e+10
-4.23296e+10
-3.661166e+10
-4.330261e+10
-4.388123e+10
0
0
0
0
0
0
0
0
0
0
0
0
0
-2.79729e+10
-3.287285e+10
-3.48502e+10
-3.708233e+10
-4.386382e+10
0
0
0
0
0
0
0
0
0
0
0
0
-2.780904e+10
-3.266145e+10
-3.461662e+10
-3.681819e+10
-4.352315e+10
0
0
0
0
0
0
0
0
0
0
0
-2.747292e+10
-3.225581e+10
-3.417757e+10
-3.63423e+10
-4.29391e+10
0
0
0
0
0
0
0
0
0
0
-2.691797e+10
-3.159178e+10
-3.346261e+10
-3.556655e+10
-4.199716e+10
0
0
0
0
0
0
0
0
0
-2.607786e+10
-3.059231e+10
-3.239381e+10
-3.441687e+10
-4.060853e+10
0
0
0
0
0
0
0
0
-2.497715e+10
-2.928983e+10
-3.100442e+10
-3.292654e+10
-3.881718e+10
0
0
0
0
0
0
0
-2.394855e+10
-2.807618e+10
-2.971292e+10
-3.15439e+10
-3.715936e+10
0
0
0
0
0
0
-2.314668e+10
-2.713055e+10
-2.870694e+10
-3.046763e+10
-3.587204e+10
0
0
0
0
0
-2.261284e+10
-2.650071e+10
-2.803695e+10
-2.97508e+10
-3.501479e+10
0
0
0
0
-2.235546e+10
-2.619657e+10
-2.771311e+10
-2.940412e+10
-3.460127e+10
0
0
0
-2.237384e+10
-2.621739e+10
-2.773349e+10
-2.942405e+10
-3.462309e+10
0
0
-2.266859e+10
-2.656306e+10
-2.810072e+10
-2.9815e+10
-3.508568e+10
0
-2.323843e+10
-2.723708e+10
-2.881451e+10
-3.057708e+10
-3.599556e+10
-2.404451e+10
-2.821512e+10
-2.986801e+10
-3.170094e+10
-3.733808e+10
-2.944726e+10
-3.119897e+10
-3.31366e+10
-3.905552e+10
-3.259186e+10
-3.466404e+10
-4.090611e+10
-3.581259e+10
-4.23479e+10
-4.327471e+10
0
0
0
0
0
0
0
0
0
0
0
0
-2.798837e+10
-3.288977e+10
-3.486634e+10
-3.709768e+10
-4.388519e+10
0
0
0
0
0
0
0
0
0
0
0
-2.782549e+10
-3.267909e+10
-3.463331e+10
-3.683702e+10
-4.354107e+10
0
0
0
0
0
0
0
0
0
0
-2.74892e+10
-3.227395e+10
-3.419577e+10
-3.636057e+10
-4.29596e+10
0
0
0
0
0
0
0
0
0
-2.693566e+10
-3.161012e+10
-3.348106e+10
-3.558548e+10
-4.201852e+10
0
0
0
0
0
0
0
0
-2.609673e+10
-3.061217e+10
-3.241234e+10
-3.443553e+10
-4.063052e+10
0
0
0
0
0
0
0
-2.499583e+10
-2.931084e+10
-3.102432e+10
-3.294525e+10
-3.88378e+10
0
0
0
0
0
0
-2.39672e+10
-2.809709e+10
-2.973288e+10
-3.156276e+10
-3.718063e+10
0
0
0
0
0
-2.316525e+10
-2.715147e+10
-2.872718e+10
-3.048729e+10
-3.589356e+10
0
0
0
0
-2.263136e+10
-2.652162e+10
-2.805724e+10
-2.977051e+10
-3.503721e+10
0
0
0
-2.237384e+10
-2.62174e+10
-2.773349e+10
-2.942405e+10
-3.462309e+10
0
0
-2.239207e+10
-2.623803e+10
-2.77551e+10
-2.944579e+10
-3.464753e+10
0
-2.268469e+10
-2.658415e+10
-2.812159e+10
-2.983785e+10
-3.511201e+10
-2.322115e+10
-2.725378e+10
-2.88372e+10
-3.05997e+10
-3.602258e+10
-2.820026e+10
-2.98768e+10
-3.172508e+10
-3.736541e+10
-3.118814e+10
-3.314984e+10
-3.90848e+10
-3.464668e+10
-4.092546e+10
-4.230677e+10
0
0
0
0
0
0
0
0
0
0
0
-2.800442e+10
-3.290743e+10
-3.488368e+10
-3.711518e+10
-4.390426e+10
0
0
0
0
0
0
0
0
0
0
-2.784177e+10
-3.269782e+10
-3.465156e+10
-3.685441e+10
-4.356461e+10
0
0
0
0
0
0
0
0
0
-2.750703e+10
-3.229236e+10
-3.421437e+10
-3.637963e+10
-4.298111e+10
0
0
0
0
0
0
0
0
-2.695492e+10
-3.163032e+10
-3.34998e+10
-3.560444e+10
-4.204088e+10
0
0
0
0
0
0
0
-2.611598e+10
-3.063389e+10
-3.243282e+10
-3.445452e+10
-4.065172e+10
0
0
0
0
0
0
-2.501511e+10
-2.933226e+10
-3.104619e+10
-3.296593e+10
-3.885905e+10
0
0
0
0
0
-2.398632e+10
-2.811844e+10
-2.975461e+10
-3.158366e+10
-3.720236e+10
0
0
0
0
-2.318391e+10
-2.717262e+10
-2.874891e+10
-3.050827e+10
-3.591642e+10
0
0
0
-2.264962e+10
-2.654259e+10
-2.807894e+10
-2.97921e+10
-3.506123e+10
0
0
-2.239207e+10
-2.623803e+10
-2.77551e+10
-2.944579e+10
-3.464753e+10
0
-2.240907e+10
-2.625823e+10
-2.777626e+10
-2.946867e+10
-3.467167e+10
-2.267113e+10
-2.660123e+10
-2.814317e+10
-2.985926e+10
-3.513963e+10
-2.7231e+10
-2.885334e+10
-3.062342e+10
-3.604879e+10
-2.986067e+10
-3.173474e+10
-3.739362e+10
-3.313919e+10
-3.910491e+10
-4.08992e+10
0
0
0
0
0
0
0
0
0
0
-2.802068e+10
-3.292567e+10
-3.490241e+10
-3.713421e+10
-4.392475e+10
0
0
0
0
0
0
0
0
0
-2.785968e+10
-3.271624e+10
-3.467104e+10
-3.687353e+10
-4.358494e+10
0
0
0
0
0
0
0
0
-2.752653e+10
-3.231275e+10
-3.42332e+10
-3.639878e+10
-4.300363e+10
0
0
0
0
0
0
0
-2.697589e+10
-3.165253e+10
-3.352066e+10
-3.562366e+10
-4.206245e+10
0
0
0
0
0
0
-2.613583e+10
-3.0656e+10
-3.245546e+10
-3.447583e+10
-4.067327e+10
0
0
0
0
0
-2.503499e+10
-2.935433e+10
-3.106844e+10
-3.298898e+10
-3.888307e+10
0
0
0
0
-2.400565e+10
-2.814023e+10
-2.977679e+10
-3.160651e+10
-3.722699e+10
0
0
0
-2.320288e+10
-2.719373e+10
-2.877086e+10
-3.053121e+10
-3.594095e+10
0
0
-2.266859e+10
-2.656306e+10
-2.810072e+10
-2.9815e+10
-3.508568e+10
0
-2.240907e+10
-2.625823e+10
-2.777626e+10
-2.946867e+10
-3.467167e+10
-2.240005e+10
-2.627651e+10
-2.779676e+10
-2.949052e+10
-3.469813e+10
-2.658722e+10
-2.815981e+10
-2.988164e+10
-3.516429e+10
-2.883024e+10
-3.063897e+10
-3.607655e+10
-3.172292e+10
-3.740874e+10
-3.908726e+10
0
0
0
0
0
0
0
0
0
-2.803908e+10
-3.294408e+10
-3.492179e+10
-3.715345e+10
-4.394647e+10
0
0
0
0
0
0
0
0
-2.787937e+10
-3.273674e+10
-3.468988e+10
-3.689345e+10
-4.360753e+10
0
0
0
0
0
0
0
-2.754638e+10
-3.233529e+10
-3.425426e+10
-3.641809e+10
-4.302468e+10
0
0
0
0
0
0
-2.699612e+10
-3.167722e+10
-3.354385e+10
-3.564537e+10
-4.208426e+10
0
0
0
0
0
-2.615628e+10
-3.067877e+10
-3.247848e+10
-3.449972e+10
-4.069805e+10
0
0
0
0
-2.505544e+10
-2.937701e+10
-3.109139e+10
-3.301239e+10
-3.891049e+10
0
0
0
-2.402534e+10
-2.816212e+10
-2.979939e+10
-3.162988e+10
-3.725409e+10
0
0
-2.322266e+10
-2.721503e+10
-2.879268e+10
-3.05542e+10
-3.596815e+10
0
-2.268469e+10
-2.658415e+10
-2.812159e+10
-2.983785e+10
-3.511201e+10
-2.240005e+10
-2.627651e+10
-2.779676e+10
-2.949052e+10
-3.469813e+10
-2.626818e+10
-2.781478e+10
-2.951146e+10
-3.472399e+10
-2.814562e+10
-2.989786e+10
-3.519025e+10
-3.062094e+10
-3.609329e+10
-3.739027e+10
0
0
0
0
0
0
0
0
-2.805894e+10
-3.296519e+10
-3.494085e+10
-3.717279e+10
-4.396937e+10
0
0
0
0
0
0
0
-2.789938e+10
-3.275953e+10
-3.471107e+10
-3.691277e+10
-4.363076e+10
0
0
0
0
0
0
-2.756681e+10
-3.235818e+10
-3.427782e+10
-3.644002e+10
-4.304662e+10
0
0
0
0
0
-2.701692e+10
-3.170045e+10
-3.357143e+10
-3.566988e+10
-4.210953e+10
0
0
0
0
-2.617728e+10
-3.070213e+10
-3.250218e+10
-3.452401e+10
-4.072652e+10
0
0
0
-2.507609e+10
-2.940025e+10
-3.111492e+10
-3.303659e+10
-3.893832e+10
0
0
-2.404567e+10
-2.818425e+10
-2.982203e+10
-3.165363e+10
-3.728194e+10
0
-2.323843e+10
-2.723709e+10
-2.881451e+10
-3.057709e+10
-3.599556e+10
-2.267113e+10
-2.660123e+10
-2.814317e+10
-2.985926e+10
-3.513963e+10
-2.626818e+10
-2.781478e+10
-2.951146e+10
-3.472399e+10
-2.780705e+10
-2.952929e+10
-3.474799e+10
-2.988466e+10
-3.520788e+10
-3.607848e+10
0
0
0
0
0
0
0
-2.808127e+10
-3.29882e+10
-3.496387e+10
-3.719228e+10
-4.399124e+10
0
0
0
0
0
0
-2.791996e+10
-3.278264e+10
-3.473492e+10
-3.69355e+10
-4.365272e+10
0
0
0
0
0
-2.758783e+10
-3.238168e+10
-3.430173e+10
-3.646496e+10
-4.307294e+10
0
0
0
0
-2.703827e+10
-3.172425e+10
-3.359565e+10
-3.570208e+10
-4.213879e+10
0
0
0
-2.619841e+10
-3.072603e+10
-3.252644e+10
-3.454904e+10
-4.075547e+10
0
0
-2.50972e+10
-2.942351e+10
-3.113903e+10
-3.306134e+10
-3.896719e+10
0
-2.405066e+10
-2.820696e+10
-2.984474e+10
-3.16774e+10
-3.731e+10
-2.322115e+10
-2.725378e+10
-2.88372e+10
-3.05997e+10
-3.602258e+10
-2.658721e+10
-2.815981e+10
-2.988164e+10
-3.516429e+10
-2.780705e+10
-2.952929e+10
-3.474799e+10
-2.952296e+10
-3.476777e+10
-3.520257e+10
0
0
0
0
0
0
-2.810197e+10
-3.301416e+10
-3.498801e+10
-3.721603e+10
-4.401352e+10
0
0
0
0
0
-2.794326e+10
-3.280634e+10
-3.475908e+10
-3.696077e+10
-4.36793e+10
0
0
0
0
-2.760935e+10
-3.240576e+10
-3.432627e+10
-3.649027e+10
-4.310274e+10
0
0
0
-2.705966e+10
-3.174857e+10
-3.36204e+10
-3.57277e+10
-4.217634e+10
0
0
-2.621989e+10
-3.074985e+10
-3.255126e+10
-3.457457e+10
-4.07854e+10
0
-2.51041e+10
-2.944711e+10
-3.116295e+10
-3.308672e+10
-3.899647e+10
-2.404451e+10
-2.821512e+10
-2.986801e+10
-3.170094e+10
-3.733809e+10
-2.7231e+10
-2.885334e+10
-3.062342e+10
-3.604879e+10
-2.814562e+10
-2.989786e+10
-3.519026e+10
-2.952296e+10
-3.476777e+10
-3.476994e+10
0
0
0
0
0
-2.812279e+10
-3.303804e+10
-3.501665e+10
-3.724205e+10
-4.403907e+10
0
0
0
0
-2.796446e+10
-3.283321e+10
-3.478385e+10
-3.698639e+10
-4.370954e+10
0
0
0
-2.763084e+10
-3.24303e+10
-3.435134e+10
-3.651625e+10
-4.313306e+10
0
0
-2.708128e+10
-3.177269e+10
-3.364568e+10
-3.575379e+10
-4.220702e+10
0
-2.622613e+10
-3.077384e+10
-3.257576e+10
-3.46007e+10
-4.081563e+10
-2.510026e+10
-2.945795e+10
-3.118712e+10
-3.311157e+10
-3.902655e+10
-2.820026e+10
-2.98768e+10
-3.172508e+10
-3.736541e+10
-2.883024e+10
-3.063897e+10
-3.607656e+10
-2.988466e+10
-3.520788e+10
-3.476994e+10
0
0
0
0
-2.814447e+10
-3.30619e+10
-3.504162e+10
-3.727456e+10
-4.406865e+10
0
0
0
-2.798595e+10
-3.285736e+10
-3.481337e+10
-3.701265e+10
-4.374028e+10
0
0
-2.765202e+10
-3.245454e+10
-3.437685e+10
-3.654271e+10
-4.316422e+10
0
-2.708679e+10
-3.179681e+10
-3.367051e+10
-3.578044e+10
-4.223793e+10
-2.621707e+10
-3.078398e+10
-3.260032e+10
-3.462618e+10
-4.084662e+10
-2.944726e+10
-3.119897e+10
-3.31366e+10
-3.905552e+10
-2.986067e+10
-3.173474e+10
-3.739363e+10
-3.062094e+10
-3.609329e+10
-3.520257e+10
0
0
0
-2.816597e+10
-3.308667e+10
-3.506625e+10
-3.73011e+10
-4.410657e+10
0
0
-2.800746e+10
-3.288161e+10
-3.483824e+10
-3.704588e+10
-4.377181e+10
0
-2.765677e+10
-3.247809e+10
-3.440182e+10
-3.656963e+10
-4.319561e+10
-2.707073e+10
-3.180614e+10
-3.369515e+10
-3.580628e+10
-4.226952e+10
-3.076644e+10
-3.261144e+10
-3.465158e+10
-4.087637e+10
-3.118814e+10
-3.314984e+10
-3.908481e+10
-3.172292e+10
-3.740874e+10
-3.607848e+10
0
0
-2.818738e+10
-3.311093e+10
-3.509204e+10
-3.732678e+10
-4.413847e+10
0
-2.801148e+10
-3.290554e+10
-3.486321e+10
-3.707166e+10
-4.38093e+10
-2.764944e+10
-3.248649e+10
-3.44256e+10
-3.659561e+10
-4.322755e+10
-3.177751e+10
-3.370541e+10
-3.583172e+10
-4.229977e+10
-3.259186e+10
-3.466404e+10
-4.090611e+10
-3.313919e+10
-3.910491e+10
-3.739027e+10
0
-2.819077e+10
-3.313471e+10
-3.511702e+10
-3.735398e+10
-4.416831e+10
-2.800454e+10
-3.291306e+10
-3.488761e+10
-3.709761e+10
-4.383937e+10
-3.246913e+10
-3.443487e+10
-3.661964e+10
-4.325802e+10
-3.367178e+10
-3.584322e+10
-4.23296e+10
-3.464668e+10
-4.092546e+10
-3.908726e+10
-2.818385e+10
-3.314143e+10
-3.514125e+10
-3.738011e+10
-4.420065e+10
-3.289494e+10
-3.489594e+10
-3.712271e+10
-4.386984e+10
-3.44134e+10
-3.663006e+10
-4.328566e+10
-3.581259e+10
-4.23479e+10
-4.08992e+10
-3.312352e+10
-3.514868e+10
-3.7405e+10
-4.423116e+10
-3.487269e+10
-3.713213e+10
-4.389925e+10
-3.661166e+10
-4.330261e+10
-4.230677e+10
-3.512536e+10
-3.74126e+10
-4.426032e+10
-3.710435e+10
-4.39149e+10
-4.327471e+10
-3.738409e+10
-4.427479e+10
-4.388123e+10
-4.423702e+10
)
;

boundaryField
{
    interconnect0
    {
        type            zeroGradient;
    }
    interconnectSides
    {
        type            zeroGradient;
    }
    cathodeSides
    {
        type            zeroGradient;
    }
    phiEC_to_phiE0
    {
        type            zeroGradient;
    }
}


// ************************************************************************* //
