/*--------------------------------*- C++ -*----------------------------------*\
| =========                 |                                                 |
| \\      /  F ield         | OpenFOAM: The Open Source CFD Toolbox           |
|  \\    /   O peration     | Version:  2312                                  |
|   \\  /    A nd           | Website:  www.openfoam.com                      |
|    \\/     M anipulation  |                                                 |
\*---------------------------------------------------------------------------*/
FoamFile
{
    version     2.0;
    format      ascii;
    arch        "LSB;label=32;scalar=64";
    class       volScalarField;
    location    "10/phiI";
    object      J;
}
// * * * * * * * * * * * * * * * * * * * * * * * * * * * * * * * * * * * * * //

dimensions      [0 -3 0 0 0 1 0];

internalField   nonuniform List<scalar> 
12000
(
3173.394
3170.468
3184.576
3177.059
3167.011
3181.889
3174.141
3195.245
3188.366
3187.911
3161.605
3178.886
3170.68
3192.686
3185.69
3185.008
3204.073
3199.165
3199.581
3205.102
3153.907
3174.219
3165.265
3189.908
3182.685
3181.521
3201.473
3196.616
3196.924
3202.224
3211.625
3208.107
3210.748
3217.357
3227.328
3144.419
3167.285
3157.559
3185.415
3178.014
3176.072
3198.859
3193.838
3193.904
3198.696
3209.017
3205.519
3208.222
3214.733
3224.486
3218.888
3215.762
3220.02
3229.121
3240.355
0
3135.552
3158.555
3148.069
3178.847
3171.078
3168.327
3194.517
3189.344
3189.212
3193.192
3206.338
3202.905
3205.432
3211.689
3220.906
3216.28
3213.167
3217.457
3226.632
3237.778
0
3225.806
3223.136
3227.98
3238.926
3252.915
0
0
3128.653
3150.205
3139.211
3170.443
3162.352
3158.811
3188.128
3182.776
3182.257
3185.387
3202.122
3198.564
3200.925
3206.964
3215.335
3213.57
3210.489
3214.834
3223.824
3234.704
0
3223.14
3220.54
3225.412
3236.405
3250.477
0
0
3231.431
3230.204
3235.689
3247.38
3263.433
0
0
0
3124.05
3143.605
3132.319
3162.444
3154.017
3149.941
3179.989
3174.381
3173.522
3175.827
3195.768
3192.178
3194.346
3199.979
3207.457
3209.228
3206.277
3210.486
3219.298
3229.94
0
3220.408
3217.833
3222.731
3233.768
3247.647
0
0
3228.75
3227.55
3233.122
3244.857
3260.971
0
0
0
3235.811
3235.992
3243.209
3255.631
3272.545
0
0
0
0
3121.769
3139.209
3127.722
3155.979
3147.431
3143.046
3172.018
3166.397
3165.192
3166.935
3187.601
3184.05
3185.95
3191.232
3197.848
3202.786
3199.929
3204.095
3212.7
3222.924
0
3216.07
3213.496
3218.516
3229.41
3243.1
0
0
3226.027
3224.82
3230.413
3242.171
3258.317
0
0
0
3233.232
3233.323
3240.582
3253.111
3270.086
0
0
0
0
3239.534
3240.521
3249.49
3263.888
3281.518
0
0
0
0
0
3121.769
3136.991
3125.443
3151.623
3143.044
3138.449
3165.712
3159.948
3158.614
3160.03
3179.779
3176.098
3177.976
3182.904
3188.932
3194.63
3191.776
3195.972
3204.305
3214.17
0
3209.659
3207.062
3212.171
3223.011
3236.486
0
0
3221.749
3220.486
3226.076
3237.952
3253.949
0
0
0
3230.625
3230.602
3237.847
3250.398
3267.395
0
0
0
0
3236.825
3237.954
3246.847
3261.306
3279.062
0
0
0
0
0
3242.024
3244.384
3254.466
3270.997
3290.771
0
0
0
0
0
-0
3124.05
3136.991
3125.443
3149.51
3140.831
3136.17
3161.366
3155.605
3154.233
3155.428
3173.469
3169.81
3171.541
3176.334
3182.018
3186.615
3183.975
3188.037
3196.341
3205.852
0
3201.343
3198.922
3204.031
3214.896
3228.102
0
0
3215.31
3214.081
3219.648
3231.611
3247.549
0
0
0
3226.315
3226.325
3233.512
3246.062
3263.176
0
0
0
0
3234.002
3235.348
3244.118
3258.564
3276.349
0
0
0
0
0
3239.316
3241.688
3251.922
3268.395
3288.252
0
0
0
0
0
-0
3243.589
3247.004
3258.748
3276.727
3299.044
0
0
0
0
0
-0
-0
3128.653
3139.209
3127.722
3149.51
3140.831
3136.17
3159.184
3153.497
3152.024
3153.147
3169.158
3165.477
3167.206
3171.957
3177.414
3180.215
3177.685
3181.764
3189.92
3199.298
0
3193.268
3190.929
3196.251
3206.982
3220.158
0
0
3206.989
3205.779
3211.524
3223.494
3239.454
0
0
0
3219.746
3219.891
3227.104
3239.646
3256.85
0
0
0
0
3229.681
3231.039
3239.83
3254.226
3272.022
0
0
0
0
0
3236.513
3238.865
3249.305
3265.653
3285.504
0
0
0
0
0
-0
3240.906
3244.309
3256.076
3274.22
3296.501
0
0
0
0
0
-0
-0
3244.324
3248.689
3261.761
3281.717
3305.851
0
0
0
0
0
-0
-0
-0
3135.552
3143.605
3132.319
3151.623
3143.044
3138.449
3159.184
3153.497
3152.024
3153.147
3167.026
3163.3
3165.102
3169.752
3175.133
3175.871
3173.387
3177.443
3185.597
3194.93
0
3186.77
3184.55
3189.98
3200.727
3213.762
0
0
3198.873
3197.727
3203.557
3215.74
3231.576
0
0
0
3211.38
3211.583
3218.814
3231.549
3248.773
0
0
0
0
3223.034
3224.475
3233.39
3247.816
3265.63
0
0
0
0
0
3232.234
3234.546
3244.985
3261.349
3281.169
0
0
0
0
0
-0
3238.29
3241.507
3253.247
3271.586
3293.746
0
0
0
0
0
-0
-0
3241.644
3246.018
3259.089
3279.084
3303.396
0
0
0
0
0
-0
-0
-0
3244.568
3249.528
3263.801
3285.396
3311.852
0
0
0
0
0
-0
-0
-0
-0
3144.419
3150.205
3139.211
3155.979
3147.431
3143.046
3161.366
3155.605
3154.233
3155.428
3167.026
3163.3
3165.102
3169.752
3175.133
3173.693
3171.262
3175.272
3183.495
3192.731
0
3182.35
3180.221
3185.696
3196.42
3209.455
0
0
3192.348
3191.25
3197.2
3209.494
3225.348
0
0
0
3203.267
3203.488
3210.783
3223.616
3241.06
0
0
0
0
3214.687
3216.122
3225.088
3239.546
3257.578
0
0
0
0
0
3225.732
3227.905
3238.415
3254.901
3274.768
0
0
0
0
0
-0
3233.883
3237.23
3248.916
3267.248
3289.426
0
0
0
0
0
-0
-0
3239.055
3243.402
3256.28
3276.243
3300.741
0
0
0
0
0
-0
-0
-0
3241.889
3246.86
3261.153
3282.763
3309.274
0
0
0
0
0
-0
-0
-0
-0
3244.236
3249.862
3264.955
3288.046
3316.492
0
0
0
0
0
-0
-0
-0
-0
-0
3153.907
3158.555
3148.069
3162.444
3154.017
3149.941
3165.712
3159.948
3158.614
3160.03
3169.158
3165.477
3167.206
3171.957
3177.414
3173.693
3171.262
3175.272
3183.495
3192.731
0
3180.134
3178.05
3183.577
3194.257
3207.36
0
0
3187.913
3186.844
3192.885
3205.228
3221.064
0
0
0
3196.745
3196.983
3204.325
3217.287
3234.851
0
0
0
0
3206.595
3208.031
3217.008
3231.545
3249.699
0
0
0
0
0
3217.423
3219.572
3230.067
3246.606
3266.535
0
0
0
0
0
-0
3227.399
3230.734
3242.27
3260.668
3282.975
0
0
0
0
0
-0
-0
3234.783
3238.998
3251.991
3271.894
3296.385
0
0
0
0
0
-0
-0
-0
3239.267
3244.272
3258.527
3279.942
3306.422
0
0
0
0
0
-0
-0
-0
-0
3241.566
3247.195
3262.309
3285.435
3313.912
0
0
0
0
0
-0
-0
-0
-0
-0
3243.586
3249.604
3265.557
3289.741
3320.028
0
0
0
0
0
-0
-0
-0
-0
-0
3161.605
3167.285
3157.559
3170.443
3162.352
3158.811
3172.018
3166.397
3165.192
3166.935
3173.469
3169.81
3171.541
3176.334
3182.018
3175.871
3173.387
3177.443
3185.597
3194.93
0
3180.134
3178.05
3183.577
3194.257
3207.36
0
0
3185.69
3184.635
3190.72
3203.116
3218.911
0
0
0
3192.309
3192.562
3199.932
3212.991
3230.611
0
0
0
0
3200.084
3201.529
3210.519
3225.11
3243.414
0
0
0
0
0
3209.334
3211.501
3221.989
3238.544
3258.582
0
0
0
0
0
-0
3219.125
3222.44
3233.94
3252.324
3274.701
0
0
0
0
0
-0
-0
3228.329
3232.52
3245.487
3265.24
3289.8
0
0
0
0
0
-0
-0
-0
3234.958
3240.003
3254.115
3275.634
3302.052
0
0
0
0
0
-0
-0
-0
-0
3238.995
3244.574
3259.711
3282.791
3311.08
0
0
0
0
0
-0
-0
-0
-0
-0
3240.92
3246.946
3262.912
3287.132
3317.47
0
0
0
0
0
-0
-0
-0
-0
-0
3242.762
3249.014
3265.526
3290.81
3322.519
0
0
0
0
0
-0
-0
-0
-0
-0
3167.011
3174.219
3165.265
3178.847
3171.078
3168.327
3179.989
3174.381
3173.522
3175.827
3179.779
3176.098
3177.976
3182.904
3188.932
3180.215
3177.685
3181.764
3189.92
3199.298
0
3182.35
3180.221
3185.696
3196.42
3209.455
0
0
3185.69
3184.635
3190.72
3203.116
3218.911
0
0
0
3190.085
3190.345
3197.729
3210.835
3228.51
0
0
0
0
3195.654
3197.107
3206.108
3220.732
3239.145
0
0
0
0
0
3202.729
3205.011
3215.501
3232.072
3252.184
0
0
0
0
0
-0
3211.061
3214.373
3225.882
3244.261
3266.672
0
0
0
0
0
-0
-0
3219.981
3224.261
3237.196
3256.912
3281.473
0
0
0
0
0
-0
-0
-0
3228.539
3233.556
3247.628
3269.117
3295.396
0
0
0
0
0
-0
-0
-0
-0
3234.671
3240.268
3255.431
3278.365
3306.75
0
0
0
0
0
-0
-0
-0
-0
-0
3238.361
3244.377
3260.282
3284.516
3314.802
0
0
0
0
0
-0
-0
-0
-0
-0
3240.095
3246.361
3262.889
3288.201
3319.961
0
0
0
0
0
-51767.96
-0
-0
-0
-0
3241.75
3248.238
3265.119
3291.173
3324.279
0
0
0
0
0
-251733.5
-0
-0
-0
-0
3170.468
3178.886
3170.68
3185.415
3178.014
3176.072
3188.128
3182.776
3182.257
3185.387
3187.601
3184.05
3185.95
3191.232
3197.848
3186.615
3183.975
3188.037
3196.341
3205.852
0
3186.77
3184.55
3189.98
3200.727
3213.762
0
0
3187.913
3186.844
3192.885
3205.228
3221.064
0
0
0
3190.085
3190.345
3197.729
3210.835
3228.51
0
0
0
0
3193.432
3194.89
3203.897
3218.537
3237.003
0
0
0
0
0
3198.289
3200.595
3211.09
3227.674
3247.831
0
0
0
0
0
-0
3204.465
3207.788
3219.405
3237.788
3260.229
0
0
0
0
0
-0
-0
3211.938
3216.219
3229.141
3248.867
3273.437
0
0
0
0
0
-0
-0
-0
3220.316
3225.222
3239.371
3260.826
3287.081
0
0
0
0
0
-0
-0
-0
-0
3228.273
3233.856
3248.977
3271.864
3300.223
0
0
0
0
0
-0
-0
-0
-0
-0
3234.058
3240.056
3255.967
3280.219
3310.364
0
0
0
0
0
-154136.4
-0
-0
-0
-0
3237.468
3243.803
3260.31
3285.554
3317.322
0
0
0
0
0
-180247.1
-0
-0
-0
-0
3239.142
3245.583
3262.487
3288.571
3321.72
0
0
0
0
0
-376770.8
-0
-0
-0
-0
3240.789
3247.261
3264.486
3291.09
3325.235
0
0
0
0
0
-2829187
-0
-0
-0
-0
3173.394
3181.889
3174.141
3189.908
3182.685
3181.521
3194.517
3189.344
3189.212
3193.192
3195.768
3192.178
3194.346
3199.979
3207.457
3194.63
3191.776
3195.972
3204.305
3214.17
0
3193.268
3190.929
3196.251
3206.982
3220.158
0
0
3192.348
3191.25
3197.2
3209.494
3225.348
0
0
0
3192.309
3192.562
3199.932
3212.991
3230.611
0
0
0
0
3193.432
3194.89
3203.897
3218.537
3237.003
0
0
0
0
0
3196.067
3198.38
3208.878
3225.469
3245.648
0
0
0
0
0
-0
3200.033
3203.363
3214.999
3233.388
3255.85
0
0
0
0
0
-0
-0
3205.461
3209.644
3222.571
3242.404
3266.989
0
0
0
0
0
-0
-0
-0
3212.21
3217.203
3231.341
3252.782
3279.06
0
0
0
0
0
-0
-0
-0
-0
3220.078
3225.648
3240.648
3263.607
3291.943
0
0
0
0
0
-285018.5
-0
-0
-0
-0
3227.684
3233.666
3249.548
3273.75
3303.852
0
0
0
0
0
-410167.7
-0
-0
-0
-0
3233.265
3239.505
3255.983
3281.225
3313.008
0
0
0
0
0
-383145.2
-0
-0
-0
-0
3236.566
3242.958
3259.921
3285.976
3319.052
0
0
0
0
0
-527268.2
-0
-0
-0
-0
3238.206
3244.665
3261.852
3288.493
3322.682
0
0
0
0
0
-2956377
-0
-0
-0
-0
3239.678
3246.325
3263.618
3290.714
3325.645
0
0
0
0
0
-4259001
-0
-0
-0
-0
3184.576
3177.059
3192.686
3185.69
3185.008
3198.859
3193.838
3193.904
3198.696
3202.122
3198.564
3200.925
3206.964
3215.335
3202.786
3199.929
3204.095
3212.7
3222.924
0
3201.343
3198.922
3204.031
3214.896
3228.102
0
0
3198.873
3197.727
3203.557
3215.74
3231.576
0
0
0
3196.745
3196.983
3204.325
3217.287
3234.851
0
0
0
0
3195.654
3197.107
3206.108
3220.732
3239.145
0
0
0
0
0
3196.067
3198.38
3208.878
3225.469
3245.648
0
0
0
0
0
-0
3197.824
3201.148
3212.789
3231.18
3253.654
0
0
0
0
0
-0
-0
3201.056
3205.227
3218.155
3238.007
3262.605
0
0
0
0
0
-0
-0
-0
3205.738
3210.746
3224.781
3246.228
3272.619
0
0
0
0
0
-146024.4
-0
-0
-0
3212.01
3217.566
3232.639
3255.585
3283.92
0
0
0
0
0
-581400
-0
-0
-0
-0
3219.516
3225.487
3241.343
3265.423
3295.602
0
0
0
0
0
-735121
-0
-0
-0
-0
3226.921
3233.138
3249.586
3274.792
3306.527
0
0
0
0
0
-675047.4
-0
-0
-0
-0
3232.382
3238.76
3255.616
3281.636
3314.709
0
0
0
0
0
-760464.6
-0
-0
-0
-0
3235.627
3242.092
3259.221
3285.91
3320.065
0
0
0
0
0
-3143510
-0
-0
-0
-0
3237.04
3243.754
3261.042
3288.114
3323.096
0
0
0
0
0
-4351956
-0
-0
-0
-0
3238.37
3245.228
3262.756
3290.043
3325.666
0
0
0
0
0
-5893285
-673234.9
-0
-0
-0
3195.245
3188.366
3187.911
3201.473
3196.616
3196.924
3202.224
3206.338
3202.905
3205.432
3211.689
3220.906
3209.228
3206.277
3210.486
3219.298
3229.94
0
3209.659
3207.062
3212.171
3223.011
3236.486
0
0
3206.989
3205.779
3211.524
3223.494
3239.454
0
0
0
3203.267
3203.488
3210.783
3223.616
3241.06
0
0
0
0
3200.084
3201.529
3210.519
3225.11
3243.414
0
0
0
0
0
3198.289
3200.595
3211.09
3227.674
3247.831
0
0
0
0
0
-0
3197.824
3201.148
3212.789
3231.18
3253.654
0
0
0
0
0
-0
-0
3198.84
3203.025
3215.944
3235.8
3260.406
0
0
0
0
0
-0
-0
-0
3201.342
3206.356
3220.372
3241.819
3268.237
0
0
0
0
0
-312503
-0
-0
-0
3205.541
3211.115
3226.194
3249.038
3277.391
0
0
0
0
0
-824183.5
-0
-0
-0
-0
3211.488
3217.442
3233.273
3257.422
3287.599
0
0
0
0
0
-1055044
-0
-0
-0
-0
3218.774
3224.987
3241.41
3266.584
3298.211
0
0
0
0
0
-1043225
-0
-0
-0
-0
3226.052
3232.424
3249.244
3275.225
3308.263
0
0
0
0
0
-1101453
-0
-0
-0
-0
3231.442
3237.912
3255.015
3281.594
3315.713
0
0
0
0
0
-3703258
-0
-0
-0
-0
3234.467
3241.178
3258.462
3285.471
3320.493
0
0
0
0
0
-4443623
-0
-0
-0
-0
3235.8
3242.602
3260.204
3287.499
3323.114
0
0
0
0
0
-5981040
-747567
-0
-0
-0
3236.884
3243.927
3261.702
3289.32
3325.308
0
0
0
0
0
-7509629
-1983261
-0
-0
-0
3204.073
3199.165
3199.581
3205.102
3209.017
3205.519
3208.222
3214.733
3224.486
3213.57
3210.489
3214.834
3223.824
3234.704
0
3216.07
3213.496
3218.516
3229.41
3243.1
0
0
3215.31
3214.081
3219.648
3231.611
3247.549
0
0
0
3211.38
3211.583
3218.814
3231.549
3248.773
0
0
0
0
3206.595
3208.031
3217.008
3231.545
3249.699
0
0
0
0
0
3202.729
3205.011
3215.501
3232.072
3252.184
0
0
0
0
0
-0
3200.033
3203.363
3214.999
3233.388
3255.85
0
0
0
0
0
-0
-0
3198.84
3203.025
3215.944
3235.8
3260.406
0
0
0
0
0
-0
-0
-0
3199.13
3204.147
3218.173
3239.612
3266.038
0
0
0
0
0
-396762.7
-0
-0
-0
3201.153
3206.734
3221.812
3244.636
3272.995
0
0
0
0
0
-990923
-0
-0
-0
-0
3205.017
3210.995
3226.834
3250.986
3281.074
0
0
0
0
0
-1311231
-0
-0
-0
-0
3210.742
3216.984
3233.378
3258.525
3290.226
0
0
0
0
0
-1394892
-0
-0
-0
-0
3217.853
3224.295
3241.096
3267.047
3300.06
0
0
0
0
0
-1512299
-0
-0
-0
-0
3225.081
3231.592
3248.675
3275.21
3309.291
0
0
0
0
0
-4029580
-0
-0
-0
-0
3230.315
3236.998
3254.276
3281.252
3316.166
0
0
0
0
0
-4583951
-365067.3
-0
-0
-0
3233.241
3240.032
3257.623
3284.907
3320.457
0
0
0
0
0
-6062357
-826148.7
-0
-0
-0
3234.317
3241.368
3259.097
3286.799
3322.808
0
0
0
0
0
-7594090
-2050460
-0
-0
-0
3235.4
3242.438
3260.42
3288.354
3324.814
0
0
0
0
0
-9070771
-3246015
-0
-0
-0
3211.625
3208.107
3210.748
3217.357
3227.328
3216.28
3213.167
3217.457
3226.632
3237.778
0
3220.408
3217.833
3222.731
3233.768
3247.647
0
0
3221.749
3220.486
3226.076
3237.952
3253.949
0
0
0
3219.746
3219.891
3227.104
3239.646
3256.85
0
0
0
0
3214.687
3216.122
3225.088
3239.546
3257.578
0
0
0
0
0
3209.334
3211.501
3221.989
3238.544
3258.582
0
0
0
0
0
-0
3204.465
3207.788
3219.405
3237.788
3260.229
0
0
0
0
0
-0
-0
3201.056
3205.227
3218.155
3238.007
3262.605
0
0
0
0
0
-0
-0
-0
3199.13
3204.147
3218.173
3239.612
3266.038
0
0
0
0
0
-396762.7
-0
-0
-0
3198.955
3204.529
3219.607
3242.44
3270.795
0
0
0
0
0
-1073820
-0
-0
-0
-0
3200.636
3206.622
3222.461
3246.61
3276.683
0
0
0
0
0
-1485123
-0
-0
-0
-0
3204.325
3210.534
3226.942
3252.093
3283.804
0
0
0
0
0
-1672731
-0
-0
-0
-0
3209.918
3216.287
3233.105
3259.025
3292.02
0
0
0
0
0
-1893309
-0
-0
-0
-0
3216.989
3223.411
3240.55
3267.061
3301.118
0
0
0
0
0
-4360853
-0
-0
-0
-0
3224.031
3230.646
3247.952
3274.901
3309.771
0
0
0
0
0
-4804507
-662854.2
-0
-0
-0
3229.086
3235.886
3253.437
3280.71
3316.223
0
0
0
0
0
-6186919
-946698.8
-0
-0
-0
3231.759
3238.812
3256.523
3284.208
3320.202
0
0
0
0
0
-7664938
-2116931
-0
-0
-0
3232.839
3239.883
3257.882
3285.783
3322.336
0
0
0
0
0
-9153833
-3308593
-0
-0
-0
3234.06
3240.946
3258.928
3287.118
3324.002
0
0
0
0
0
-1.055109e+07
-4443353
-328009.7
-0
-0
3218.888
3215.762
3220.02
3229.121
3240.355
0
3223.14
3220.54
3225.412
3236.405
3250.477
0
0
3226.027
3224.82
3230.413
3242.171
3258.317
0
0
0
3226.315
3226.325
3233.511
3246.062
3263.176
0
0
0
0
3223.034
3224.475
3233.39
3247.816
3265.63
0
0
0
0
0
3217.423
3219.572
3230.067
3246.606
3266.535
0
0
0
0
0
-0
3211.061
3214.373
3225.882
3244.261
3266.672
0
0
0
0
0
-0
-0
3205.461
3209.644
3222.571
3242.404
3266.989
0
0
0
0
0
-0
-0
-0
3201.342
3206.356
3220.372
3241.819
3268.237
0
0
0
0
0
-312503.1
-0
-0
-0
3198.955
3204.529
3219.607
3242.44
3270.795
0
0
0
0
0
-1073820
-0
-0
-0
-0
3198.441
3204.431
3220.259
3244.407
3274.492
0
0
0
0
0
-1571675
-0
-0
-0
-0
3199.953
3206.168
3222.576
3247.724
3279.437
0
0
0
0
0
-1858472
-0
-0
-0
-0
3203.52
3209.891
3226.668
3252.597
3285.602
0
0
0
0
0
-2187688
-0
-0
-0
-0
3209.077
3215.5
3232.556
3259.078
3293.112
0
0
0
0
0
-4669972
-0
-0
-0
-0
3215.885
3222.572
3239.779
3266.776
3301.627
0
0
0
0
0
-5085605
-954167
-0
-0
-0
3222.769
3229.611
3247.085
3274.376
3309.863
0
0
0
0
0
-6383855
-1134505
-0
-0
-0
3227.625
3234.663
3252.372
3280.012
3315.993
0
0
0
0
0
-7786393
-2219382
-0
-0
-0
3230.281
3237.329
3255.322
3283.199
3319.732
0
0
0
0
0
-9221315
-3364712
-0
-0
-0
3231.432
3238.396
3256.392
3284.611
3321.478
0
0
0
0
0
-1.063363e+07
-4503300
-377972
-0
-0
3232.784
3239.591
3257.411
3285.631
3322.861
0
0
0
0
0
-1.194497e+07
-5562327
-1321525
-0
-0
3225.806
3223.136
3227.98
3238.926
3252.915
0
0
3228.75
3227.55
3233.122
3244.857
3260.971
0
0
0
3230.625
3230.602
3237.847
3250.398
3267.395
0
0
0
0
3229.681
3231.039
3239.83
3254.226
3272.022
0
0
0
0
0
3225.732
3227.905
3238.415
3254.901
3274.768
0
0
0
0
0
-0
3219.125
3222.44
3233.94
3252.324
3274.701
0
0
0
0
0
-0
-0
3211.938
3216.219
3229.141
3248.867
3273.437
0
0
0
0
0
-0
-0
-0
3205.738
3210.746
3224.781
3246.228
3272.619
0
0
0
0
0
-146024.5
-0
-0
-0
3201.153
3206.734
3221.812
3244.636
3272.995
0
0
0
0
0
-990923
-0
-0
-0
-0
3198.441
3204.431
3220.259
3244.407
3274.492
0
0
0
0
0
-1571675
-0
-0
-0
-0
3197.751
3203.98
3220.389
3245.525
3277.239
0
0
0
0
0
-1951059
-0
-0
-0
-0
3199.155
3205.535
3222.308
3248.235
3281.24
0
0
0
0
0
-2382880
-0
-0
-0
-0
3202.616
3209.124
3226.172
3252.65
3286.697
0
0
0
0
0
-4915620
-0
-0
-0
-0
3207.988
3214.686
3231.88
3258.793
3293.66
0
0
0
0
0
-5363185
-1222615
-0
-0
-0
3214.719
3221.484
3239.016
3266.207
3301.745
0
0
0
0
0
-6642782
-1372492
-0
-0
-0
3221.365
3228.356
3246.096
3273.654
3309.652
0
0
0
0
0
-7972801
-2379737
-0
-0
-0
3226.085
3233.201
3251.17
3279.039
3315.525
0
0
0
0
0
-9334210
-3460904
-0
-0
-0
3228.876
3235.842
3253.835
3282.043
3318.883
0
0
0
0
0
-1.070074e+07
-4555217
-426569.7
-0
-0
3230.149
3236.976
3254.881
3283.127
3320.396
0
0
0
0
0
-1.20272e+07
-5621219
-1367108
-0
-0
3231.344
3238.296
3256.013
3284.084
3321.409
0
0
0
0
0
-1.32389e+07
-6615598
-2216170
-0
-0
3231.431
3230.204
3235.689
3247.38
3263.433
0
0
0
3233.232
3233.323
3240.582
3253.111
3270.086
0
0
0
0
3234.002
3235.348
3244.118
3258.564
3276.349
0
0
0
0
0
3232.234
3234.546
3244.985
3261.349
3281.169
0
0
0
0
0
-0
3227.399
3230.734
3242.27
3260.668
3282.975
0
0
0
0
0
-0
-0
3219.981
3224.261
3237.196
3256.912
3281.473
0
0
0
0
0
-0
-0
-0
3212.21
3217.203
3231.341
3252.782
3279.06
0
0
0
0
0
-0
-0
-0
-0
3205.541
3211.115
3226.194
3249.038
3277.391
0
0
0
0
0
-824183.5
-0
-0
-0
-0
3200.636
3206.622
3222.461
3246.61
3276.683
0
0
0
0
0
-1485123
-0
-0
-0
-0
3197.751
3203.98
3220.389
3245.525
3277.239
0
0
0
0
0
-1951059
-0
-0
-0
-0
3196.965
3203.34
3220.124
3246.049
3279.045
0
0
0
0
0
-2479088
-0
-0
-0
-0
3198.255
3204.774
3221.822
3248.294
3282.342
0
0
0
0
0
-5082192
-0
-0
-0
-0
3201.616
3208.247
3225.516
3252.415
3287.245
0
0
0
0
0
-5588343
-1433832
-0
-0
-0
3206.845
3213.613
3231.143
3258.317
3293.779
0
0
0
0
0
-6902532
-1605383
-0
-0
-0
3213.253
3220.326
3237.978
3265.588
3301.495
0
0
0
0
0
-8218432
-2589510
-0
-0
-0
3219.833
3226.952
3244.863
3272.757
3309.166
0
0
0
0
0
-9513347
-3608066
-0
-0
-0
3224.751
3231.653
3249.705
3277.883
3314.714
0
0
0
0
0
-1.081199e+07
-4642242
-509901.4
-0
-0
3227.638
3234.424
3252.324
3280.563
3317.819
0
0
0
0
0
-1.209205e+07
-5672052
-1409938
-0
-0
3228.804
3235.674
3253.419
3281.586
3318.948
0
0
0
0
0
-1.332116e+07
-6674181
-2259600
-0
-0
3229.873
3236.833
3254.661
3282.624
3319.845
0
0
0
0
0
-1.442219e+07
-7599415
-3049071
-287961.2
-0
3235.811
3235.992
3243.209
3255.631
3272.545
0
0
0
0
3236.825
3237.954
3246.847
3261.306
3279.062
0
0
0
0
0
3236.513
3238.865
3249.305
3265.653
3285.504
0
0
0
0
0
-0
3233.883
3237.23
3248.916
3267.248
3289.426
0
0
0
0
0
-0
-0
3228.329
3232.52
3245.487
3265.24
3289.8
0
0
0
0
0
-0
-0
-0
3220.316
3225.222
3239.371
3260.826
3287.081
0
0
0
0
0
-0
-0
-0
-0
3212.01
3217.566
3232.639
3255.585
3283.92
0
0
0
0
0
-581400
-0
-0
-0
-0
3205.017
3210.995
3226.834
3250.986
3281.074
0
0
0
0
0
-1311231
-0
-0
-0
-0
3199.953
3206.168
3222.576
3247.724
3279.437
0
0
0
0
0
-1858472
-0
-0
-0
-0
3196.965
3203.34
3220.124
3246.049
3279.045
0
0
0
0
0
-2479088
-0
-0
-0
-0
3196.07
3202.591
3219.631
3246.111
3280.159
0
0
0
0
0
-5165468
-0
-0
-0
-0
3197.269
3203.901
3221.174
3248.069
3282.896
0
0
0
0
0
-5742085
-1576683
-0
-0
-0
3200.415
3207.263
3224.718
3251.959
3287.411
0
0
0
0
0
-7118312
-1792208
-0
-0
-0
3205.383
3212.477
3230.121
3257.724
3293.618
0
0
0
0
0
-8466397
-2798027
-0
-0
-0
3211.796
3218.859
3236.841
3264.646
3301.109
0
0
0
0
0
-9753273
-3801364
-0
-0
-0
3218.447
3225.412
3243.456
3271.574
3308.428
0
0
0
0
0
-1.098595e+07
-4779892
-636571.2
-0
-0
3223.539
3230.305
3248.135
3276.427
3313.652
0
0
0
0
0
-1.220228e+07
-5756469
-1481789
-0
-0
3226.265
3233.166
3250.866
3279.023
3316.376
0
0
0
0
0
-1.338542e+07
-6723265
-2300123
-0
-0
3227.274
3234.304
3252.061
3280.066
3317.39
0
0
0
0
0
-1.450478e+07
-7658021
-3092057
-322412.4
-0
3228.441
3235.335
3253.128
3281.187
3318.322
0
0
0
0
0
-1.549204e+07
-8505163
-3832139
-987743.1
-0
3239.534
3240.521
3249.49
3263.888
3281.518
0
0
0
0
0
3239.316
3241.688
3251.922
3268.395
3288.252
0
0
0
0
0
-0
3238.29
3241.507
3253.247
3271.586
3293.746
0
0
0
0
0
-0
-0
3234.783
3238.998
3251.991
3271.894
3296.385
0
0
0
0
0
-0
-0
-0
3228.539
3233.556
3247.628
3269.117
3295.396
0
0
0
0
0
-0
-0
-0
-0
3220.078
3225.648
3240.647
3263.607
3291.943
0
0
0
0
0
-285018.5
-0
-0
-0
-0
3211.488
3217.442
3233.273
3257.422
3287.599
0
0
0
0
0
-1055044
-0
-0
-0
-0
3204.325
3210.534
3226.942
3252.093
3283.804
0
0
0
0
0
-1672731
-0
-0
-0
-0
3199.155
3205.535
3222.308
3248.235
3281.24
0
0
0
0
0
-2382880
-0
-0
-0
-0
3196.07
3202.591
3219.631
3246.111
3280.159
0
0
0
0
0
-5165468
-0
-0
-0
-0
3195.086
3201.723
3218.994
3245.88
3280.715
0
0
0
0
0
-5819292
-1647815
-0
-0
-0
3196.082
3202.931
3220.38
3247.621
3283.071
0
0
0
0
0
-7264432
-1919211
-0
-0
-0
3199.031
3206.07
3223.784
3251.308
3287.271
0
0
0
0
0
-8673405
-2970244
-0
-0
-0
3203.873
3211.015
3229.007
3256.799
3293.258
0
0
0
0
0
-9993108
-3995107
-0
-0
-0
3210.42
3217.395
3235.375
3263.558
3300.333
0
0
0
0
0
-1.121656e+07
-4963801
-802009
-0
-0
3217.32
3224.013
3241.896
3270.176
3307.345
0
0
0
0
0
-1.237305e+07
-5888791
-1594542
-0
-0
3222.102
3229.075
3246.746
3274.832
3312.235
0
0
0
0
0
-1.349406e+07
-6806657
-2367417
-0
-0
3224.805
3231.77
3249.551
3277.507
3314.821
0
0
0
0
0
-1.457059e+07
-7706602
-3130999
-357156.8
-0
3225.85
3232.748
3250.621
3278.622
3315.811
0
0
0
0
0
-1.557346e+07
-8563983
-3875154
-1021217
-0
3226.655
3233.871
3251.549
3279.547
3316.785
0
0
0
0
0
-1.644429e+07
-9329405
-4558560
-1647604
-287352.9
3242.024
3244.384
3254.466
3270.997
3290.771
0
0
0
0
0
-0
3240.906
3244.309
3256.076
3274.22
3296.501
0
0
0
0
0
-0
-0
3239.055
3243.402
3256.28
3276.243
3300.741
0
0
0
0
0
-0
-0
-0
3234.958
3240.003
3254.115
3275.634
3302.052
0
0
0
0
0
-0
-0
-0
-0
3228.273
3233.856
3248.977
3271.864
3300.223
0
0
0
0
0
-0
-0
-0
-0
-0
3219.516
3225.487
3241.343
3265.423
3295.602
0
0
0
0
0
-735121
-0
-0
-0
-0
3210.742
3216.984
3233.378
3258.525
3290.226
0
0
0
0
0
-1394892
-0
-0
-0
-0
3203.52
3209.891
3226.668
3252.597
3285.602
0
0
0
0
0
-2187689
-0
-0
-0
-0
3198.255
3204.774
3221.822
3248.294
3282.342
0
0
0
0
0
-5082192
-0
-0
-0
-0
3195.086
3201.723
3218.994
3245.88
3280.715
0
0
0
0
0
-5819292
-1647815
-0
-0
-0
3193.917
3200.756
3218.205
3245.442
3280.885
0
0
0
0
0
-7337786
-1982747
-0
-0
-0
3194.705
3201.752
3219.459
3246.974
3282.938
0
0
0
0
0
-8813781
-3086514
-0
-0
-0
3197.533
3204.686
3222.614
3250.469
3286.858
0
0
0
0
0
-1.019055e+07
-4155870
-119505.8
-0
-0
3202.572
3209.498
3227.547
3255.734
3292.5
0
0
0
0
0
-1.145277e+07
-5147180
-966131.7
-0
-0
3209.26
3216.006
3233.89
3262.106
3299.342
0
0
0
0
0
-1.259891e+07
-6064332
-1744280
-0
-0
3215.886
3222.867
3240.459
3268.592
3305.985
0
0
0
0
0
-1.366233e+07
-6936401
-2473048
-0
-0
3220.711
3227.614
3245.46
3273.385
3310.63
0
0
0
0
0
-1.467624e+07
-7788678
-3197220
-414378.1
-0
3223.391
3230.284
3248.086
3276.108
3313.247
0
0
0
0
0
-1.563837e+07
-8613339
-3913660
-1053993
-0
3224.129
3231.293
3248.985
3277.072
3314.269
0
0
0
0
0
-1.652531e+07
-9387501
-4601741
-1681117
-316221.3
3224.794
3232.052
3249.993
3277.84
3315.014
0
0
0
0
0
-1.72867e+07
-1.006879e+07
-5224535
-2263682
-882473.3
3243.589
3247.004
3258.748
3276.727
3299.044
0
0
0
0
0
-0
-0
3241.644
3246.018
3259.089
3279.084
3303.396
0
0
0
0
0
-0
-0
-0
3239.267
3244.272
3258.527
3279.942
3306.422
0
0
0
0
0
-0
-0
-0
-0
3234.671
3240.268
3255.431
3278.365
3306.75
0
0
0
0
0
-0
-0
-0
-0
-0
3227.684
3233.666
3249.548
3273.75
3303.852
0
0
0
0
0
-410167.7
-0
-0
-0
-0
3218.774
3224.987
3241.41
3266.584
3298.211
0
0
0
0
0
-1043225
-0
-0
-0
-0
3209.918
3216.287
3233.105
3259.025
3292.02
0
0
0
0
0
-1893310
-0
-0
-0
-0
3202.616
3209.124
3226.172
3252.65
3286.697
0
0
0
0
0
-4915620
-0
-0
-0
-0
3197.269
3203.901
3221.174
3248.069
3282.896
0
0
0
0
0
-5742085
-1576684
-0
-0
-0
3193.917
3200.756
3218.205
3245.442
3280.885
0
0
0
0
0
-7337786
-1982747
-0
-0
-0
3192.526
3199.595
3217.287
3244.801
3280.762
0
0
0
0
0
-8884076
-3144825
-0
-0
-0
3193.199
3200.375
3218.304
3246.148
3282.529
0
0
0
0
0
-1.032628e+07
-4264565
-220767
-0
-0
3196.241
3203.181
3221.231
3249.353
3286.182
0
0
0
0
0
-1.164569e+07
-5297762
-1101139
-0
-0
3201.43
3208.184
3226.011
3254.289
3291.534
0
0
0
0
0
-1.282982e+07
-6243686
-1892671
-0
-0
3207.89
3214.827
3232.464
3260.597
3297.935
0
0
0
0
0
-1.38843e+07
-7108252
-2613014
-0
-0
3214.448
3221.41
3239.256
3267.101
3304.394
0
0
0
0
0
-1.48424e+07
-7916412
-3300552
-504181.9
-0
3219.313
3226.197
3243.932
3272.014
3309.124
0
0
0
0
0
-1.57435e+07
-8693351
-3978756
-1109808
-0
3221.549
3228.839
3246.519
3274.534
3311.749
0
0
0
0
0
-1.659052e+07
-9436317
-4640600
-1713508
-345836
3222.272
3229.538
3247.438
3275.312
3312.583
0
0
0
0
0
-1.736903e+07
-1.012664e+07
-5267254
-2297347
-911395.1
3223.173
3230.154
3248.073
3276.137
3313.144
0
0
0
0
0
-1.80271e+07
-1.072817e+07
-5826936
-2832070
-1439667
3244.324
3248.689
3261.761
3281.717
3305.851
0
0
0
0
0
-0
-0
-0
3241.889
3246.86
3261.153
3282.763
3309.274
0
0
0
0
0
-0
-0
-0
-0
3238.995
3244.574
3259.711
3282.791
3311.08
0
0
0
0
0
-0
-0
-0
-0
-0
3234.058
3240.056
3255.967
3280.219
3310.364
0
0
0
0
0
-154136.4
-0
-0
-0
-0
3226.921
3233.138
3249.586
3274.792
3306.527
0
0
0
0
0
-675047.5
-0
-0
-0
-0
3217.853
3224.295
3241.096
3267.047
3300.06
0
0
0
0
0
-1512300
-0
-0
-0
-0
3209.077
3215.5
3232.556
3259.078
3293.112
0
0
0
0
0
-4669972
-0
-0
-0
-0
3201.616
3208.247
3225.516
3252.415
3287.245
0
0
0
0
0
-5588343
-1433833
-0
-0
-0
3196.082
3202.931
3220.38
3247.621
3283.071
0
0
0
0
0
-7264432
-1919211
-0
-0
-0
3192.526
3199.595
3217.287
3244.801
3280.762
0
0
0
0
0
-8884076
-3144825
-0
-0
-0
3191.015
3198.204
3216.15
3243.978
3280.358
0
0
0
0
0
-1.039488e+07
-4319011
-271488.4
-0
-0
3191.907
3198.862
3216.928
3245.046
3281.867
0
0
0
0
0
-1.177812e+07
-5401231
-1191895
-0
-0
3195.116
3201.876
3219.708
3247.983
3285.169
0
0
0
0
0
-1.301885e+07
-6390262
-2013910
-0
-0
3200.008
3207.024
3224.66
3252.734
3290.137
0
0
0
0
0
-1.411045e+07
-7283540
-2755736
-15155.3
-0
3206.465
3213.436
3231.231
3259.118
3296.416
0
0
0
0
0
-1.506135e+07
-8085208
-3437533
-622222.3
-0
3213.104
3219.945
3237.733
3265.814
3302.85
0
0
0
0
0
-1.590851e+07
-8819396
-4080422
-1196974
-0
3217.459
3224.768
3242.434
3270.382
3307.656
0
0
0
0
0
-1.669564e+07
-9515832
-4704180
-1768333
-396289.7
3219.742
3226.963
3244.982
3272.84
3310.042
0
0
0
0
0
-1.743451e+07
-1.01756e+07
-5305755
-2329901
-940664.5
3220.582
3227.644
3245.581
3273.619
3310.665
0
0
0
0
0
-1.810867e+07
-1.078662e+07
-5869518
-2865412
-1468746
3221.752
3228.494
3246.067
3274.055
3311.251
0
0
0
0
0
-1.867006e+07
-1.131217e+07
-6368852
-3349656
-1955159
3244.568
3249.528
3263.801
3285.396
3311.852
0
0
0
0
0
-0
-0
-0
-0
3241.566
3247.195
3262.309
3285.435
3313.912
0
0
0
0
0
-0
-0
-0
-0
-0
3238.361
3244.377
3260.282
3284.516
3314.802
0
0
0
0
0
-0
-0
-0
-0
-0
3233.265
3239.505
3255.983
3281.225
3313.008
0
0
0
0
0
-383145.2
-0
-0
-0
-0
3226.052
3232.424
3249.244
3275.225
3308.263
0
0
0
0
0
-1101453
-0
-0
-0
-0
3216.989
3223.411
3240.55
3267.061
3301.118
0
0
0
0
0
-4360853
-0
-0
-0
-0
3207.988
3214.686
3231.88
3258.793
3293.66
0
0
0
0
0
-5363185
-1222615
-0
-0
-0
3200.415
3207.263
3224.718
3251.959
3287.411
0
0
0
0
0
-7118312
-1792208
-0
-0
-0
3194.705
3201.752
3219.459
3246.974
3282.938
0
0
0
0
0
-8813781
-3086515
-0
-0
-0
3191.015
3198.204
3216.15
3243.978
3280.358
0
0
0
0
0
-1.039488e+07
-4319011
-271488.4
-0
-0
3189.697
3196.687
3214.761
3242.893
3279.699
0
0
0
0
0
-1.184507e+07
-5453419
-1237354
-0
-0
3190.796
3197.558
3215.398
3243.685
3280.868
0
0
0
0
0
-1.314847e+07
-6490899
-2097144
-0
-0
3193.686
3200.733
3218.366
3246.44
3283.844
0
0
0
0
0
-1.429631e+07
-7427063
-2872450
-120736.1
-0
3198.658
3205.58
3223.447
3251.329
3288.579
0
0
0
0
0
-1.528438e+07
-8256835
-3577012
-742487.9
-0
3205.109
3211.985
3229.773
3257.805
3294.887
0
0
0
0
0
-1.612672e+07
-8985742
-4214908
-1312448
-0
3211.272
3218.571
3236.19
3264.188
3301.463
0
0
0
0
0
-1.68604e+07
-9640827
-4804429
-1854060
-474924.2
3215.632
3222.881
3240.915
3268.756
3305.896
0
0
0
0
0
-1.753917e+07
-1.025492e+07
-5368853
-2383505
-990222.1
3218.045
3225.12
3243.007
3271.158
3308.188
0
0
0
0
0
-1.817435e+07
-1.083568e+07
-5908077
-2897682
-1498147
3219.165
3225.916
3243.578
3271.597
3308.782
0
0
0
0
0
-1.875211e+07
-1.137044e+07
-6411669
-3382928
-1983970
3220.452
3227.032
3244.289
3271.873
3308.957
0
0
0
0
0
-1.922188e+07
-1.18242e+07
-6852785
-3818568
-2425868
3244.236
3249.862
3264.955
3288.046
3316.492
0
0
0
0
0
-0
-0
-0
-0
-0
3240.92
3246.946
3262.912
3287.132
3317.47
0
0
0
0
0
-0
-0
-0
-0
-0
3237.468
3243.803
3260.31
3285.554
3317.322
0
0
0
0
0
-180247.1
-0
-0
-0
-0
3232.382
3238.76
3255.616
3281.636
3314.709
0
0
0
0
0
-760464.7
-0
-0
-0
-0
3225.081
3231.592
3248.675
3275.21
3309.291
0
0
0
0
0
-4029580
-0
-0
-0
-0
3215.885
3222.572
3239.779
3266.776
3301.627
0
0
0
0
0
-5085605
-954167.3
-0
-0
-0
3206.845
3213.613
3231.143
3258.317
3293.779
0
0
0
0
0
-6902533
-1605383
-0
-0
-0
3199.031
3206.07
3223.784
3251.308
3287.271
0
0
0
0
0
-8673405
-2970245
-0
-0
-0
3193.199
3200.375
3218.304
3246.148
3282.529
0
0
0
0
0
-1.032628e+07
-4264565
-220767
-0
-0
3189.697
3196.687
3214.761
3242.893
3279.699
0
0
0
0
0
-1.184507e+07
-5453419
-1237354
-0
-0
3188.619
3195.356
3213.226
3241.519
3278.716
0
0
0
0
0
-1.321372e+07
-6541759
-2138918
-0
-0
3189.382
3196.429
3214.057
3242.136
3279.552
0
0
0
0
0
-1.442352e+07
-7525542
-2952601
-193107.4
-0
3192.337
3199.282
3217.171
3245.046
3282.298
0
0
0
0
0
-1.546632e+07
-8397806
-3691253
-840913.9
-0
3197.319
3204.204
3221.938
3250.037
3287.121
0
0
0
0
0
-1.634502e+07
-9154707
-4351452
-1429979
-66407.38
3203.264
3210.599
3228.245
3256.244
3293.481
0
0
0
0
0
-1.707451e+07
-9806051
-4936863
-1967395
-578784.1
3209.417
3216.706
3234.725
3262.522
3299.713
0
0
0
0
0
-1.770234e+07
-1.037926e+07
-5468140
-2467989
-1067556
3213.955
3221.018
3238.929
3267.093
3304.108
0
0
0
0
0
-1.827948e+07
-1.091463e+07
-5970897
-2950822
-1546607
3216.584
3223.384
3241.055
3269.025
3306.317
0
0
0
0
0
-1.881855e+07
-1.141961e+07
-6450229
-3415213
-2013105
3217.872
3224.458
3241.734
3269.419
3306.543
0
0
0
0
0
-1.930417e+07
-1.188282e+07
-6895728
-3851931
-2454642
3219.283
3225.69
3242.703
3269.904
3306.542
0
0
0
0
0
-1.967937e+07
-1.226872e+07
-7281390
-4240106
-2853574
3243.586
3249.604
3265.557
3289.741
3320.028
0
0
0
0
0
-0
-0
-0
-0
-0
3240.095
3246.361
3262.889
3288.2
3319.961
0
0
0
0
0
-51767.97
-0
-0
-0
-0
3236.566
3242.958
3259.921
3285.976
3319.052
0
0
0
0
0
-527268.3
-0
-0
-0
-0
3231.442
3237.912
3255.015
3281.594
3315.713
0
0
0
0
0
-3703258
-0
-0
-0
-0
3224.031
3230.646
3247.952
3274.901
3309.771
0
0
0
0
0
-4804507
-662854.5
-0
-0
-0
3214.719
3221.484
3239.016
3266.207
3301.745
0
0
0
0
0
-6642782
-1372492
-0
-0
-0
3205.383
3212.477
3230.121
3257.724
3293.618
0
0
0
0
0
-8466397
-2798027
-0
-0
-0
3197.533
3204.686
3222.614
3250.469
3286.858
0
0
0
0
0
-1.019056e+07
-4155870
-119505.9
-0
-0
3191.907
3198.862
3216.928
3245.046
3281.867
0
0
0
0
0
-1.177812e+07
-5401231
-1191895
-0
-0
3188.619
3195.356
3213.226
3241.519
3278.716
0
0
0
0
0
-1.321372e+07
-6541759
-2138918
-0
-0
3187.214
3194.26
3211.859
3239.965
3277.388
0
0
0
0
0
-1.44875e+07
-7575124
-2993099
-229015.6
-0
3187.991
3194.993
3212.875
3240.743
3278.001
0
0
0
0
0
-1.559137e+07
-8494395
-3769684
-908527.8
-0
3191.026
3197.906
3215.655
3243.772
3280.853
0
0
0
0
0
-1.65243e+07
-9292782
-4463580
-1526306
-155180.9
3195.481
3202.835
3220.485
3248.429
3285.737
0
0
0
0
0
-1.729008e+07
-9971636
-5071104
-2082437
-684661.5
3201.472
3208.72
3226.77
3254.594
3291.793
0
0
0
0
0
-1.791655e+07
-1.054165e+07
-5599309
-2579532
-1169476
3207.725
3214.816
3232.763
3260.912
3297.89
0
0
0
0
0
-1.844301e+07
-1.103794e+07
-6069363
-3034421
-1622810
3212.502
3219.303
3236.959
3264.951
3302.258
0
0
0
0
0
-1.892419e+07
-1.14987e+07
-6512719
-3468054
-2061131
3215.337
3221.882
3239.205
3266.898
3303.976
0
0
0
0
0
-1.937108e+07
-1.193244e+07
-6934327
-3884172
-2483784
3216.708
3223.122
3240.154
3267.387
3304.135
0
0
0
0
0
-1.976398e+07
-1.232754e+07
-7324599
-4273713
-2882428
3217.968
3224.476
3241.234
3268.118
3304.317
0
0
0
0
0
-2.005625e+07
-1.264271e+07
-7657629
-4616433
-3239147
3242.762
3249.014
3265.526
3290.81
3322.519
0
0
0
0
0
-0
-0
-0
-0
-0
3239.142
3245.583
3262.487
3288.571
3321.72
0
0
0
0
0
-376770.9
-0
-0
-0
-0
3235.627
3242.092
3259.221
3285.91
3320.065
0
0
0
0
0
-3143510
-0
-0
-0
-0
3230.315
3236.998
3254.276
3281.252
3316.166
0
0
0
0
0
-4583951
-365067.5
-0
-0
-0
3222.769
3229.611
3247.085
3274.376
3309.863
0
0
0
0
0
-6383855
-1134505
-0
-0
-0
3213.253
3220.326
3237.978
3265.588
3301.495
0
0
0
0
0
-8218433
-2589510
-0
-0
-0
3203.873
3211.015
3229.007
3256.799
3293.258
0
0
0
0
0
-9993109
-3995107
-0
-0
-0
3196.241
3203.181
3221.231
3249.353
3286.182
0
0
0
0
0
-1.164569e+07
-5297762
-1101139
-0
-0
3190.796
3197.558
3215.398
3243.685
3280.868
0
0
0
0
0
-1.314847e+07
-6490899
-2097144
-0
-0
3187.214
3194.26
3211.859
3239.965
3277.388
0
0
0
0
0
-1.44875e+07
-7575124
-2993099
-229015.7
-0
3185.824
3192.833
3210.711
3238.547
3275.833
0
0
0
0
0
-1.565458e+07
-8543004
-3809184
-942689.4
-0
3186.739
3193.577
3211.376
3239.484
3276.558
0
0
0
0
0
-1.66476e+07
-9387688
-4540483
-1592472
-216195.1
3189.198
3196.566
3214.203
3242.159
3279.488
0
0
0
0
0
-1.746859e+07
-1.010761e+07
-5180974
-2176941
-771541.3
3193.681
3200.965
3219.028
3246.853
3284.009
0
0
0
0
0
-1.813037e+07
-1.070504e+07
-5730981
-2692533
-1273098
3199.784
3206.893
3224.797
3252.979
3289.99
0
0
0
0
0
-1.865455e+07
-1.119973e+07
-6198432
-3144692
-1723093
3206.33
3213.086
3230.767
3258.795
3296.093
0
0
0
0
0
-1.908752e+07
-1.162172e+07
-6610446
-3550803
-2136517
3211.208
3217.808
3235.129
3262.807
3299.91
0
0
0
0
0
-1.947809e+07
-1.201186e+07
-6996769
-3936697
-2531532
3214.177
3220.592
3237.582
3264.86
3301.616
0
0
0
0
0
-1.983168e+07
-1.237745e+07
-7363465
-4305951
-2911519
3215.461
3221.913
3238.69
3265.607
3301.852
0
0
0
0
0
-2.014095e+07
-1.270303e+07
-7701032
-4650264
-3268255
3216.796
3223.117
3239.889
3266.439
3302.259
0
0
0
0
0
-2.036693e+07
-1.295658e+07
-7978865
-4949504
-3584496
3241.75
3248.238
3265.119
3291.173
3324.279
0
0
0
0
0
-251733.5
-0
-0
-0
-0
3238.206
3244.665
3261.852
3288.493
3322.682
0
0
0
0
0
-2956377
-0
-0
-0
-0
3234.467
3241.178
3258.462
3285.471
3320.493
0
0
0
0
0
-4443623
-0
-0
-0
-0
3229.086
3235.886
3253.437
3280.71
3316.223
0
0
0
0
0
-6186919
-946698.9
-0
-0
-0
3221.365
3228.356
3246.096
3273.654
3309.652
0
0
0
0
0
-7972801
-2379737
-0
-0
-0
3211.796
3218.859
3236.841
3264.646
3301.109
0
0
0
0
0
-9753273
-3801364
-0
-0
-0
3202.572
3209.498
3227.547
3255.734
3292.5
0
0
0
0
0
-1.145277e+07
-5147180
-966131.8
-0
-0
3195.116
3201.876
3219.708
3247.983
3285.169
0
0
0
0
0
-1.301885e+07
-6390262
-2013910
-0
-0
3189.382
3196.429
3214.057
3242.136
3279.552
0
0
0
0
0
-1.442352e+07
-7525542
-2952602
-193107.6
-0
3185.824
3192.833
3210.711
3238.547
3275.833
0
0
0
0
0
-1.565458e+07
-8543004
-3809184
-942689.4
-0
3184.58
3191.417
3209.22
3237.321
3274.366
0
0
0
0
0
-1.670971e+07
-9435636
-4579200
-1625806
-247027.7
3184.919
3192.295
3209.884
3237.887
3275.208
0
0
0
0
0
-1.759024e+07
-1.020111e+07
-5256507
-2241810
-831251.7
3187.374
3194.706
3212.776
3240.586
3277.756
0
0
0
0
0
-1.830558e+07
-1.083988e+07
-5839117
-2785150
-1358322
3192.022
3199.13
3217.064
3245.258
3282.277
0
0
0
0
0
-1.886661e+07
-1.136161e+07
-6328283
-3255572
-1824845
3198.355
3205.167
3222.864
3250.852
3288.193
0
0
0
0
0
-1.930014e+07
-1.178179e+07
-6738579
-3659370
-2235604
3205.035
3211.651
3228.924
3256.63
3293.773
0
0
0
0
0
-1.964171e+07
-1.213492e+07
-7093895
-4018841
-2606121
3210.098
3216.473
3233.514
3260.792
3297.536
0
0
0
0
0
-1.993858e+07
-1.24572e+07
-7426092
-4358344
-2958965
3212.902
3219.389
3236.164
3263.039
3299.329
0
0
0
0
0
-2.020704e+07
-1.275345e+07
-7740066
-4682659
-3297330
3214.24
3220.622
3237.35
3263.935
3299.8
0
0
0
0
0
-2.04499e+07
-1.301675e+07
-8023271
-4983524
-3613815
3215.563
3221.899
3238.396
3264.878
3300.296
0
0
0
0
0
-2.061408e+07
-1.322025e+07
-8253137
-5237066
-3891112
3240.789
3247.261
3264.486
3291.09
3325.235
0
0
0
0
0
-2829187
-0
-0
-0
-0
3237.04
3243.754
3261.042
3288.114
3323.096
0
0
0
0
0
-4351956
-0
-0
-0
-0
3233.241
3240.032
3257.623
3284.907
3320.457
0
0
0
0
0
-6062357
-826148.7
-0
-0
-0
3227.625
3234.663
3252.372
3280.012
3315.993
0
0
0
0
0
-7786393
-2219382
-0
-0
-0
3219.833
3226.951
3244.863
3272.757
3309.166
0
0
0
0
0
-9513347
-3608067
-0
-0
-0
3210.42
3217.395
3235.375
3263.558
3300.333
0
0
0
0
0
-1.121656e+07
-4963802
-802009.1
-0
-0
3201.43
3208.184
3226.011
3254.289
3291.534
0
0
0
0
0
-1.282982e+07
-6243686
-1892671
-0
-0
3193.686
3200.733
3218.366
3246.44
3283.844
0
0
0
0
0
-1.429631e+07
-7427063
-2872451
-120736.3
-0
3187.991
3194.993
3212.875
3240.743
3278.001
0
0
0
0
0
-1.559137e+07
-8494396
-3769684
-908528
-0
3184.58
3191.417
3209.22
3237.321
3274.366
0
0
0
0
0
-1.670971e+07
-9435637
-4579200
-1625806
-247027.8
3182.763
3190.144
3207.729
3235.734
3273.049
0
0
0
0
0
-1.765139e+07
-1.024823e+07
-5294656
-2274479
-861339.6
3183.098
3190.442
3208.515
3236.276
3273.493
0
0
0
0
0
-1.842587e+07
-1.093205e+07
-5913484
-2848843
-1416858
3185.76
3192.846
3210.822
3239.021
3276.029
0
0
0
0
0
-1.90414e+07
-1.149426e+07
-6435169
-3346681
-1908357
3190.602
3197.433
3215.124
3243.142
3280.502
0
0
0
0
0
-1.95116e+07
-1.194219e+07
-6867076
-3768664
-2335431
3197.107
3203.699
3221.027
3248.75
3285.866
0
0
0
0
0
-1.98531e+07
-1.229499e+07
-7220826
-4126359
-2703669
3203.888
3210.314
3227.369
3254.603
3291.383
0
0
0
0
0
-2.010348e+07
-1.258033e+07
-7523317
-4439775
-3032997
3208.821
3215.319
3232.053
3258.981
3295.274
0
0
0
0
0
-2.031388e+07
-1.283356e+07
-7802506
-4735140
-3344634
3211.785
3218.069
3234.83
3261.413
3297.241
0
0
0
0
0
-2.051823e+07
-1.306574e+07
-8062643
-5016032
-3643006
3213.008
3219.357
3235.925
3262.379
3297.846
0
0
0
0
0
-2.069916e+07
-1.327963e+07
-8297316
-5271835
-3920619
3214.511
3220.621
3237.042
3263.166
3298.44
0
0
0
0
0
-2.080328e+07
-1.343639e+07
-8487685
-5485629
-4157020
3239.678
3246.325
3263.618
3290.714
3325.645
0
0
0
0
0
-4259001
-0
-0
-0
-0
3235.8
3242.602
3260.204
3287.499
3323.114
0
0
0
0
0
-5981041
-747567.1
-0
-0
-0
3231.759
3238.812
3256.523
3284.208
3320.202
0
0
0
0
0
-7664938
-2116931
-0
-0
-0
3226.085
3233.201
3251.17
3279.039
3315.525
0
0
0
0
0
-9334210
-3460904
-0
-0
-0
3218.447
3225.412
3243.456
3271.574
3308.428
0
0
0
0
0
-1.098595e+07
-4779892
-636571.3
-0
-0
3209.26
3216.006
3233.89
3262.106
3299.342
0
0
0
0
0
-1.259891e+07
-6064333
-1744280
-0
-0
3200.008
3207.024
3224.66
3252.734
3290.137
0
0
0
0
0
-1.411045e+07
-7283540
-2755736
-15155.54
-0
3192.337
3199.281
3217.171
3245.046
3282.298
0
0
0
0
0
-1.546632e+07
-8397806
-3691254
-840914.2
-0
3186.739
3193.577
3211.376
3239.484
3276.558
0
0
0
0
0
-1.66476e+07
-9387688
-4540483
-1592473
-216195.2
3182.763
3190.144
3207.729
3235.734
3273.049
0
0
0
0
0
-1.765139e+07
-1.024823e+07
-5294656
-2274479
-861339.6
3180.946
3188.295
3206.369
3234.124
3271.344
0
0
0
0
0
-1.84864e+07
-1.097841e+07
-5950969
-2881009
-1446345
3181.445
3188.587
3206.569
3234.769
3271.733
0
0
0
0
0
-1.916027e+07
-1.158534e+07
-6508421
-3409358
-1965821
3184.354
3191.195
3208.86
3236.917
3274.286
0
0
0
0
0
-1.968433e+07
-1.20739e+07
-6972404
-3858539
-2417559
3189.307
3195.973
3213.317
3241.035
3278.189
0
0
0
0
0
-2.006467e+07
-1.245471e+07
-7348045
-4234409
-2802042
3195.966
3202.408
3219.44
3246.732
3283.539
0
0
0
0
0
-2.031509e+07
-1.273983e+07
-7649686
-4546342
-3129526
3202.654
3209.123
3225.907
3252.852
3289.112
0
0
0
0
0
-2.047808e+07
-1.295688e+07
-7899666
-4816655
-3417971
3207.679
3213.997
3230.768
3257.313
3293.197
0
0
0
0
0
-2.062655e+07
-1.314578e+07
-8125622
-5068115
-3690358
3210.55
3216.907
3233.376
3259.864
3295.331
0
0
0
0
0
-2.076661e+07
-1.333044e+07
-8335427
-5304573
-3949908
3211.952
3218.079
3234.525
3260.732
3295.996
0
0
0
0
0
-2.08885e+07
-1.349711e+07
-8531576
-5520160
-4187184
3213.96
3219.526
3235.63
3261.589
3296.429
0
0
0
0
0
-2.096202e+07
-1.36093e+07
-8685062
-5700924
-4387941
3238.37
3245.228
3262.756
3290.043
3325.666
0
0
0
0
0
-5893285
-673235
-0
-0
-0
3234.317
3241.368
3259.097
3286.799
3322.808
0
0
0
0
0
-7594090
-2050460
-0
-0
-0
3230.281
3237.329
3255.322
3283.199
3319.732
0
0
0
0
0
-9221315
-3364712
-0
-0
-0
3224.751
3231.653
3249.705
3277.883
3314.714
0
0
0
0
0
-1.081199e+07
-4642242
-509901.5
-0
-0
3217.32
3224.013
3241.896
3270.176
3307.345
0
0
0
0
0
-1.237305e+07
-5888791
-1594542
-0
-0
3207.89
3214.827
3232.464
3260.597
3297.935
0
0
0
0
0
-1.38843e+07
-7108252
-2613014
-0
-0
3198.659
3205.58
3223.447
3251.329
3288.579
0
0
0
0
0
-1.528438e+07
-8256836
-3577013
-742488.1
-0
3191.026
3197.907
3215.655
3243.772
3280.853
0
0
0
0
0
-1.65243e+07
-9292782
-4463580
-1526306
-155181.1
3184.918
3192.295
3209.884
3237.887
3275.208
0
0
0
0
0
-1.759024e+07
-1.020111e+07
-5256507
-2241810
-831251.8
3180.946
3188.295
3206.369
3234.124
3271.344
0
0
0
0
0
-1.84864e+07
-1.097841e+07
-5950970
-2881009
-1446345
3179.282
3186.443
3204.426
3232.625
3269.585
0
0
0
0
0
-1.921978e+07
-1.163118e+07
-6545292
-3440960
-1994847
3180.109
3186.897
3204.612
3232.673
3270.045
0
0
0
0
0
-1.980253e+07
-1.216384e+07
-7044733
-3920247
-2474090
3183.052
3189.749
3207.097
3234.79
3271.986
0
0
0
0
0
-2.023637e+07
-1.258522e+07
-7452208
-4323041
-2883014
3188.22
3194.637
3211.74
3239.049
3275.86
0
0
0
0
0
-2.052556e+07
-1.289891e+07
-7776166
-4653242
-3226735
3194.694
3201.225
3218.025
3244.952
3281.28
0
0
0
0
0
-2.068978e+07
-1.311633e+07
-8025780
-4922422
-3513637
3201.522
3207.845
3224.587
3251.186
3287.095
0
0
0
0
0
-2.079155e+07
-1.326908e+07
-8222397
-5149498
-3763751
3206.474
3212.81
3229.314
3255.814
3291.25
0
0
0
0
0
-2.087535e+07
-1.341077e+07
-8398311
-5357222
-3996846
3209.432
3215.627
3232.079
3258.191
3293.489
0
0
0
0
0
-2.095637e+07
-1.354744e+07
-8571167
-5551782
-4216660
3211.404
3216.98
3233.114
3259.113
3294.046
0
0
0
0
0
-2.104557e+07
-1.367013e+07
-8729849
-5735403
-4417893
3212.822
3218.936
3234.406
3259.956
3294.546
0
0
0
0
0
-2.107942e+07
-1.375984e+07
-8848730
-5885367
-4588951
3236.884
3243.927
3261.702
3289.32
3325.308
0
0
0
0
0
-7509629
-1983261
-0
-0
-0
3232.839
3239.883
3257.882
3285.783
3322.336
0
0
0
0
0
-9153833
-3308593
-0
-0
-0
3228.876
3235.842
3253.835
3282.043
3318.883
0
0
0
0
0
-1.070074e+07
-4555217
-426569.7
-0
-0
3223.539
3230.305
3248.135
3276.427
3313.652
0
0
0
0
0
-1.220228e+07
-5756470
-1481790
-0
-0
3215.886
3222.867
3240.459
3268.592
3305.985
0
0
0
0
0
-1.366233e+07
-6936401
-2473048
-0
-0
3206.466
3213.436
3231.231
3259.118
3296.416
0
0
0
0
0
-1.506135e+07
-8085208
-3437533
-622222.6
-0
3197.318
3204.205
3221.938
3250.037
3287.121
0
0
0
0
0
-1.634502e+07
-9154707
-4351452
-1429979
-66407.61
3189.198
3196.565
3214.203
3242.159
3279.488
0
0
0
0
0
-1.746859e+07
-1.010761e+07
-5180975
-2176941
-771541.4
3183.098
3190.442
3208.515
3236.276
3273.493
0
0
0
0
0
-1.842587e+07
-1.093205e+07
-5913485
-2848843
-1416858
3179.282
3186.443
3204.426
3232.625
3269.585
0
0
0
0
0
-1.921978e+07
-1.163118e+07
-6545292
-3440960
-1994847
3177.984
3184.741
3202.472
3230.534
3267.906
0
0
0
0
0
-1.98622e+07
-1.220893e+07
-7081156
-3951324
-2502601
3178.779
3185.521
3202.811
3230.552
3267.754
0
0
0
0
0
-2.035425e+07
-1.267458e+07
-7523601
-4383927
-2938664
3181.929
3188.406
3205.535
3232.848
3269.642
0
0
0
0
0
-2.069686e+07
-1.302852e+07
-7879578
-4740668
-3306577
3186.952
3193.507
3210.281
3237.281
3273.634
0
0
0
0
0
-2.089945e+07
-1.327499e+07
-8151262
-5028566
-3609776
3193.62
3199.909
3216.714
3243.335
3279.241
0
0
0
0
0
-2.100317e+07
-1.342782e+07
-8348284
-5255126
-3858600
3200.27
3206.669
3223.178
3249.655
3285.153
0
0
0
0
0
-2.104156e+07
-1.353453e+07
-8495366
-5437976
-4070092
3205.39
3211.561
3227.993
3254.142
3289.458
0
0
0
0
0
-2.106569e+07
-1.362869e+07
-8633744
-5604319
-4264120
3208.888
3214.467
3230.667
3256.671
3291.517
0
0
0
0
0
-2.111557e+07
-1.37207e+07
-8769168
-5768273
-4446356
3210.269
3216.394
3231.887
3257.482
3292.127
0
0
0
0
0
-2.11635e+07
-1.381965e+07
-8893604
-5920503
-4618911
3217.779
3233.704
3258.52
3292.613
0
0
0
0
0
-2.115271e+07
-1.387937e+07
-8995082
-6041878
-4762304
3235.4
3242.438
3260.42
3288.354
3324.814
0
0
0
0
0
-9070771
-3246015
-0
-0
-0
3231.432
3238.396
3256.392
3284.611
3321.478
0
0
0
0
0
-1.063363e+07
-4503300
-377972
-0
-0
3227.638
3234.424
3252.324
3280.563
3317.819
0
0
0
0
0
-1.209206e+07
-5672052
-1409938
-0
-0
3222.102
3229.075
3246.746
3274.832
3312.235
0
0
0
0
0
-1.349406e+07
-6806657
-2367417
-0
-0
3214.448
3221.41
3239.256
3267.101
3304.394
0
0
0
0
0
-1.48424e+07
-7916412
-3300552
-504182.1
-0
3205.109
3211.985
3229.773
3257.805
3294.887
0
0
0
0
0
-1.612672e+07
-8985742
-4214908
-1312448
-0
3195.481
3202.834
3220.485
3248.429
3285.737
0
0
0
0
0
-1.729008e+07
-9971637
-5071105
-2082437
-684661.7
3187.373
3194.706
3212.775
3240.586
3277.756
0
0
0
0
0
-1.830558e+07
-1.083988e+07
-5839117
-2785150
-1358322
3181.445
3188.587
3206.569
3234.768
3271.733
0
0
0
0
0
-1.916027e+07
-1.158534e+07
-6508421
-3409358
-1965821
3177.984
3184.741
3202.472
3230.534
3267.906
0
0
0
0
0
-1.98622e+07
-1.220893e+07
-7081156
-3951324
-2502601
3176.617
3183.403
3200.661
3228.417
3265.62
0
0
0
0
0
-2.041401e+07
-1.271968e+07
-7559435
-4414600
-2966698
3177.659
3184.149
3201.319
3228.573
3265.417
0
0
0
0
0
-2.081445e+07
-1.311751e+07
-7950428
-4800744
-3361461
3180.709
3187.24
3204.07
3231.096
3267.459
0
0
0
0
0
-2.106989e+07
-1.340419e+07
-8253870
-5115433
-3688472
3185.851
3192.195
3209.024
3235.622
3271.61
0
0
0
0
0
-2.12133e+07
-1.358572e+07
-8473653
-5360153
-3954002
3192.36
3198.79
3215.268
3241.814
3277.347
0
0
0
0
0
-2.125372e+07
-1.369369e+07
-8620179
-5543285
-4164817
3199.236
3205.372
3221.869
3248.029
3283.334
0
0
0
0
0
-2.123235e+07
-1.375248e+07
-8731047
-5685447
-4336716
3204.886
3210.434
3226.612
3252.6
3287.49
0
0
0
0
0
-2.122583e+07
-1.380228e+07
-8832808
-5820256
-4493703
3207.799
3213.884
3229.381
3255.04
3289.692
0
0
0
0
0
-2.123453e+07
-1.38707e+07
-8933043
-5953187
-4648488
3215.235
3231.189
3256.044
3290.196
0
0
0
0
0
-2.123911e+07
-1.393959e+07
-9039324
-6077090
-4792832
3232.477
3257.635
3290.888
0
0
0
0
0
-2.119589e+07
-1.396683e+07
-9117359
-6184018
-4910620
3234.06
3240.946
3258.928
3287.118
3324.002
0
0
0
0
0
-1.055109e+07
-4443353
-328009.8
-0
-0
3230.149
3236.976
3254.881
3283.127
3320.396
0
0
0
0
0
-1.20272e+07
-5621219
-1367108
-0
-0
3226.265
3233.166
3250.866
3279.023
3316.376
0
0
0
0
0
-1.338542e+07
-6723266
-2300123
-0
-0
3220.711
3227.614
3245.46
3273.385
3310.63
0
0
0
0
0
-1.467624e+07
-7788678
-3197220
-414378.3
-0
3213.103
3219.945
3237.733
3265.814
3302.85
0
0
0
0
0
-1.590851e+07
-8819396
-4080422
-1196975
-0
3203.263
3210.598
3228.245
3256.244
3293.481
0
0
0
0
0
-1.707451e+07
-9806052
-4936864
-1967395
-578784.2
3193.681
3200.965
3219.027
3246.853
3284.008
0
0
0
0
0
-1.813037e+07
-1.070504e+07
-5730982
-2692534
-1273098
3185.76
3192.846
3210.822
3239.02
3276.029
0
0
0
0
0
-1.90414e+07
-1.149426e+07
-6435170
-3346682
-1908358
3180.109
3186.897
3204.612
3232.673
3270.044
0
0
0
0
0
-1.980253e+07
-1.216384e+07
-7044733
-3920247
-2474090
3176.617
3183.403
3200.661
3228.417
3265.62
0
0
0
0
0
-2.041401e+07
-1.271969e+07
-7559435
-4414600
-2966698
3175.502
3181.996
3199.206
3226.428
3263.287
0
0
0
0
0
-2.087449e+07
-1.316268e+07
-7986195
-4830925
-3389119
3176.442
3182.987
3199.826
3226.891
3263.2
0
0
0
0
0
-2.118677e+07
-1.349286e+07
-8324337
-5174993
-3742616
3179.618
3185.977
3202.779
3229.433
3265.453
0
0
0
0
0
-2.138372e+07
-1.371417e+07
-8575839
-5446283
-4032187
3184.631
3191.05
3207.583
3234.157
3269.68
0
0
0
0
0
-2.146347e+07
-1.385112e+07
-8744821
-5648298
-4259128
3191.295
3197.487
3214.018
3240.155
3275.542
0
0
0
0
0
-2.14447e+07
-1.391188e+07
-8856469
-5789562
-4431104
3198.703
3204.296
3220.442
3246.502
3281.413
0
0
0
0
0
-2.139312e+07
-1.39267e+07
-8929536
-5901512
-4566658
3203.853
3209.893
3225.358
3251.002
3285.647
0
0
0
0
0
-2.134603e+07
-1.395285e+07
-8996847
-6006219
-4695259
3212.772
3228.686
3253.547
3287.762
0
0
0
0
0
-2.131117e+07
-1.399215e+07
-9078418
-6109826
-4822246
3229.963
3255.162
3288.47
0
0
0
0
0
-2.128207e+07
-1.402851e+07
-9161921
-6218815
-4941223
3256.293
3289.752
0
0
0
0
0
-2.120937e+07
-1.403274e+07
-9215303
-6306423
-5045973
3232.784
3239.591
3257.411
3285.631
3322.861
0
0
0
0
0
-1.194497e+07
-5562327
-1321525
-0
-0
3228.804
3235.674
3253.419
3281.586
3318.948
0
0
0
0
0
-1.332117e+07
-6674181
-2259601
-0
-0
3224.805
3231.77
3249.551
3277.507
3314.821
0
0
0
0
0
-1.457059e+07
-7706602
-3130999
-357156.9
-0
3219.313
3226.197
3243.932
3272.014
3309.124
0
0
0
0
0
-1.57435e+07
-8693351
-3978756
-1109808
-0
3211.271
3218.57
3236.19
3264.188
3301.463
0
0
0
0
0
-1.68604e+07
-9640827
-4804429
-1854060
-474924.3
3201.471
3208.72
3226.77
3254.594
3291.793
0
0
0
0
0
-1.791656e+07
-1.054165e+07
-5599310
-2579533
-1169476
3192.022
3199.13
3217.063
3245.257
3282.277
0
0
0
0
0
-1.886661e+07
-1.136161e+07
-6328283
-3255572
-1824846
3184.354
3191.195
3208.859
3236.917
3274.286
0
0
0
0
0
-1.968433e+07
-1.20739e+07
-6972405
-3858539
-2417559
3178.779
3185.521
3202.811
3230.552
3267.754
0
0
0
0
0
-2.035425e+07
-1.267458e+07
-7523601
-4383927
-2938664
3175.502
3181.996
3199.206
3226.428
3263.287
0
0
0
0
0
-2.087449e+07
-1.316268e+07
-7986196
-4830925
-3389119
3174.283
3180.837
3197.679
3224.781
3261.062
0
0
0
0
0
-2.124597e+07
-1.353795e+07
-8360134
-5205065
-3769829
3175.376
3181.726
3198.539
3225.201
3261.262
0
0
0
0
0
-2.149992e+07
-1.380226e+07
-8645966
-5505460
-4085835
3178.371
3184.842
3201.387
3227.935
3263.521
0
0
0
0
0
-2.16338e+07
-1.397938e+07
-8846333
-5733995
-4336625
3183.576
3189.787
3206.308
3232.505
3267.931
0
0
0
0
0
-2.16544e+07
-1.406958e+07
-8980183
-5893885
-4525397
3190.799
3196.379
3212.585
3238.688
3273.593
0
0
0
0
0
-2.160619e+07
-1.408557e+07
-9054975
-6006260
-4659889
3197.65
3203.725
3219.24
3244.86
3279.587
0
0
0
0
0
-2.151413e+07
-1.407788e+07
-9094214
-6086646
-4768301
3208.835
3224.706
3249.54
3283.751
0
0
0
0
0
-2.142364e+07
-1.40748e+07
-9142559
-6162920
-4869988
3227.504
3252.67
3285.987
0
0
0
0
0
-2.135366e+07
-1.408174e+07
-9202644
-6250867
-4970666
3253.822
3287.339
0
0
0
0
0
-2.129589e+07
-1.409426e+07
-9260831
-6341484
-5076251
3288.26
0
0
0
0
0
-2.120529e+07
-1.407685e+07
-9297034
-6409128
-5163791
3231.344
3238.296
3256.013
3284.084
3321.409
0
0
0
0
0
-1.32389e+07
-6615598
-2216170
-0
-0
3227.274
3234.304
3252.061
3280.066
3317.39
0
0
0
0
0
-1.450478e+07
-7658022
-3092057
-322412.5
-0
3223.391
3230.284
3248.086
3276.108
3313.247
0
0
0
0
0
-1.563837e+07
-8613339
-3913660
-1053993
-0
3217.459
3224.768
3242.434
3270.382
3307.656
0
0
0
0
0
-1.669564e+07
-9515832
-4704181
-1768333
-396289.8
3209.417
3216.706
3234.725
3262.522
3299.713
0
0
0
0
0
-1.770234e+07
-1.037926e+07
-5468140
-2467990
-1067557
3199.784
3206.893
3224.796
3252.978
3289.99
0
0
0
0
0
-1.865456e+07
-1.119973e+07
-6198432
-3144693
-1723093
3190.602
3197.433
3215.124
3243.142
3280.502
0
0
0
0
0
-1.95116e+07
-1.194219e+07
-6867076
-3768664
-2335431
3183.052
3189.749
3207.097
3234.79
3271.986
0
0
0
0
0
-2.023638e+07
-1.258522e+07
-7452208
-4323041
-2883014
3177.659
3184.149
3201.319
3228.573
3265.416
0
0
0
0
0
-2.081445e+07
-1.311751e+07
-7950429
-4800744
-3361461
3174.283
3180.837
3197.679
3224.781
3261.062
0
0
0
0
0
-2.124597e+07
-1.353795e+07
-8360135
-5205066
-3769829
3173.259
3179.576
3196.395
3223.06
3259.156
0
0
0
0
0
-2.155849e+07
-1.384692e+07
-8681512
-5535540
-4112930
3174.119
3180.616
3197.15
3223.709
3259.306
0
0
0
0
0
-2.174987e+07
-1.406693e+07
-8915951
-5792827
-4389906
3177.339
3183.551
3200.123
3226.333
3261.743
0
0
0
0
0
-2.182447e+07
-1.419755e+07
-9081408
-5978958
-4602465
3183.031
3188.689
3204.917
3231.015
3265.991
0
0
0
0
0
-2.181605e+07
-1.424305e+07
-9179228
-6109489
-4753531
3189.71
3195.846
3211.354
3237.044
3271.828
0
0
0
0
0
-2.172791e+07
-1.423681e+07
-9218763
-6191292
-4862119
3202.648
3218.559
3243.452
3277.652
0
0
0
0
0
-2.159296e+07
-1.419974e+07
-9240453
-6243930
-4942185
3223.58
3248.706
3282.006
0
0
0
0
0
-2.146639e+07
-1.416529e+07
-9266868
-6304175
-5018434
3251.376
3284.861
0
0
0
0
0
-2.136857e+07
-1.414615e+07
-9301984
-6375110
-5104977
3285.845
0
0
0
0
0
-2.129196e+07
-1.413865e+07
-9342464
-6444890
-5194305
0
0
0
0
0
-2.120757e+07
-1.410905e+07
-9362385
-6498699
-5264126
3229.873
3236.833
3254.661
3282.624
3319.845
0
0
0
0
0
-1.442219e+07
-7599415
-3049071
-287961.3
-0
3225.85
3232.748
3250.621
3278.622
3315.811
0
0
0
0
0
-1.557346e+07
-8563983
-3875154
-1021217
-0
3221.548
3228.838
3246.519
3274.534
3311.749
0
0
0
0
0
-1.659052e+07
-9436317
-4640601
-1713508
-345836.1
3215.632
3222.881
3240.914
3268.757
3305.896
0
0
0
0
0
-1.753917e+07
-1.025492e+07
-5368853
-2383505
-990222.2
3207.725
3214.816
3232.763
3260.912
3297.89
0
0
0
0
0
-1.844301e+07
-1.103794e+07
-6069363
-3034421
-1622810
3198.355
3205.167
3222.864
3250.852
3288.192
0
0
0
0
0
-1.930014e+07
-1.178179e+07
-6738579
-3659370
-2235604
3189.307
3195.973
3213.317
3241.035
3278.188
0
0
0
0
0
-2.006467e+07
-1.245471e+07
-7348045
-4234410
-2802043
3181.929
3188.406
3205.535
3232.848
3269.641
0
0
0
0
0
-2.069686e+07
-1.302852e+07
-7879579
-4740668
-3306577
3176.442
3182.987
3199.826
3226.891
3263.2
0
0
0
0
0
-2.118677e+07
-1.349286e+07
-8324337
-5174994
-3742616
3173.259
3179.576
3196.395
3223.06
3259.156
0
0
0
0
0
-2.155849e+07
-1.384692e+07
-8681512
-5535540
-4112930
3172.006
3178.507
3195.007
3221.572
3257.172
0
0
0
0
0
-2.180823e+07
-1.411106e+07
-8951286
-5822588
-4416997
3173.064
3179.316
3195.911
3222.111
3257.534
0
0
0
0
0
-2.194027e+07
-1.428432e+07
-9150580
-6037328
-4655412
3176.587
3182.478
3198.704
3224.856
3259.853
0
0
0
0
0
-2.1986e+07
-1.437085e+07
-9280054
-6194238
-4830013
3181.966
3188.108
3203.696
3229.414
3264.209
0
0
0
0
0
-2.193814e+07
-1.439423e+07
-9342675
-6295113
-4954685
3194.734
3210.711
3235.608
3269.895
0
0
0
0
0
-2.18079e+07
-1.435982e+07
-9364698
-6347548
-5035866
3217.414
3242.59
3275.962
0
0
0
0
0
-2.163637e+07
-1.429063e+07
-9364200
-6385632
-5091155
3247.47
3280.923
0
0
0
0
0
-2.148153e+07
-1.422983e+07
-9366988
-6428297
-5152917
3283.413
0
0
0
0
0
-2.136524e+07
-1.41922e+07
-9381917
-6478810
-5224488
0
0
0
0
0
-2.12918e+07
-1.417094e+07
-9408038
-6534407
-5295244
0
0
0
0
-2.120207e+07
-1.414737e+07
-9419537
-6575269
-5352726
3228.44
3235.335
3253.128
3281.187
3318.322
0
0
0
0
0
-1.549204e+07
-8505164
-3832139
-987743.1
-0
3224.129
3231.293
3248.985
3277.072
3314.269
0
0
0
0
0
-1.652531e+07
-9387501
-4601741
-1681117
-316221.4
3219.742
3226.962
3244.982
3272.84
3310.042
0
0
0
0
0
-1.743451e+07
-1.01756e+07
-5305755
-2329901
-940664.6
3213.955
3221.018
3238.929
3267.093
3304.108
0
0
0
0
0
-1.827948e+07
-1.091463e+07
-5970897
-2950822
-1546608
3206.33
3213.086
3230.767
3258.795
3296.093
0
0
0
0
0
-1.908752e+07
-1.162172e+07
-6610446
-3550803
-2136518
3197.107
3203.699
3221.027
3248.749
3285.866
0
0
0
0
0
-1.98531e+07
-1.229499e+07
-7220827
-4126359
-2703669
3188.22
3194.637
3211.74
3239.049
3275.86
0
0
0
0
0
-2.052556e+07
-1.289891e+07
-7776167
-4653243
-3226735
3180.709
3187.24
3204.07
3231.096
3267.459
0
0
0
0
0
-2.106989e+07
-1.340419e+07
-8253870
-5115435
-3688472
3175.376
3181.726
3198.539
3225.201
3261.262
0
0
0
0
0
-2.149993e+07
-1.380226e+07
-8645966
-5505461
-4085836
3172.006
3178.507
3195.007
3221.572
3257.172
0
0
0
0
0
-2.180823e+07
-1.411106e+07
-8951286
-5822588
-4416997
3170.929
3177.211
3193.808
3219.974
3255.405
0
0
0
0
0
-2.199858e+07
-1.432823e+07
-9185450
-6066973
-4682185
3172.305
3178.219
3194.485
3220.659
3255.65
0
0
0
0
0
-2.210164e+07
-1.445795e+07
-9348156
-6252213
-4882525
3175.652
3181.689
3197.509
3223.229
3258.085
0
0
0
0
0
-2.210777e+07
-1.452183e+07
-9443343
-6379417
-5030845
3187.019
3203.006
3227.991
3262.319
0
0
0
0
0
-2.201887e+07
-1.451708e+07
-9488414
-6450967
-5128983
3209.532
3234.787
3268.183
0
0
0
0
0
-2.185123e+07
-1.445136e+07
-9489692
-6488776
-5183829
3241.335
3274.855
0
0
0
0
0
-2.165248e+07
-1.435643e+07
-9464251
-6508993
-5226034
3279.535
0
0
0
0
0
-2.147941e+07
-1.427495e+07
-9446962
-6532666
-5272257
0
0
0
0
0
-2.136402e+07
-1.422486e+07
-9449316
-6566563
-5325667
0
0
0
0
-2.128835e+07
-1.42075e+07
-9465242
-6611161
-5383816
0
0
0
-2.120866e+07
-1.418029e+07
-9482489
-6645815
-5429925
3226.655
3233.871
3251.549
3279.547
3316.785
0
0
0
0
0
-1.644429e+07
-9329405
-4558560
-1647604
-287353
3222.272
3229.538
3247.438
3275.312
3312.583
0
0
0
0
0
-1.736903e+07
-1.012664e+07
-5267255
-2297347
-911395.2
3218.045
3225.119
3243.007
3271.158
3308.188
0
0
0
0
0
-1.817435e+07
-1.083568e+07
-5908077
-2897683
-1498147
3212.502
3219.303
3236.958
3264.951
3302.258
0
0
0
0
0
-1.892419e+07
-1.14987e+07
-6512719
-3468054
-2061131
3205.035
3211.651
3228.924
3256.629
3293.773
0
0
0
0
0
-1.964171e+07
-1.213492e+07
-7093895
-4018841
-2606122
3195.966
3202.408
3219.44
3246.732
3283.539
0
0
0
0
0
-2.031509e+07
-1.273983e+07
-7649687
-4546342
-3129526
3186.952
3193.507
3210.281
3237.281
3273.634
0
0
0
0
0
-2.089945e+07
-1.327499e+07
-8151262
-5028568
-3609776
3179.618
3185.977
3202.779
3229.433
3265.453
0
0
0
0
0
-2.138372e+07
-1.371417e+07
-8575840
-5446283
-4032188
3174.119
3180.616
3197.15
3223.709
3259.306
0
0
0
0
0
-2.174987e+07
-1.406693e+07
-8915952
-5792827
-4389906
3170.929
3177.211
3193.808
3219.974
3255.405
0
0
0
0
0
-2.199858e+07
-1.432823e+07
-9185450
-6066974
-4682185
3170.169
3176.093
3192.386
3218.563
3253.522
0
0
0
0
0
-2.215984e+07
-1.450181e+07
-9382822
-6281445
-4909205
3171.33
3177.424
3193.267
3219.027
3253.908
0
0
0
0
0
-2.222324e+07
-1.460873e+07
-9512023
-6436250
-5082991
3180.732
3196.614
3221.832
3256.172
0
0
0
0
0
-2.218905e+07
-1.464378e+07
-9588815
-6535101
-5204704
3201.85
3227.123
3260.621
0
0
0
0
0
-2.206228e+07
-1.460934e+07
-9612968
-6591925
-5276541
3233.497
3267.116
0
0
0
0
0
-2.186869e+07
-1.451604e+07
-9590057
-6613335
-5318212
3273.448
0
0
0
0
0
-2.165027e+07
-1.440208e+07
-9545679
-6613066
-5344599
0
0
0
0
0
-2.147862e+07
-1.430932e+07
-9512880
-6620409
-5374035
0
0
0
0
-2.135979e+07
-1.425965e+07
-9506713
-6645103
-5412570
0
0
0
-2.129514e+07
-1.424192e+07
-9526876
-6681740
-5461181
0
0
-2.123407e+07
-1.422209e+07
-9541869
-6721773
-5501981
3224.794
3232.052
3249.993
3277.84
3315.014
0
0
0
0
0
-1.72867e+07
-1.006879e+07
-5224536
-2263682
-882473.4
3220.582
3227.644
3245.581
3273.618
3310.665
0
0
0
0
0
-1.810867e+07
-1.078662e+07
-5869519
-2865412
-1468746
3216.584
3223.384
3241.055
3269.024
3306.317
0
0
0
0
0
-1.881855e+07
-1.141961e+07
-6450230
-3415213
-2013105
3211.208
3217.808
3235.129
3262.806
3299.91
0
0
0
0
0
-1.947809e+07
-1.201186e+07
-6996770
-3936697
-2531532
3203.888
3210.314
3227.369
3254.603
3291.382
0
0
0
0
0
-2.010348e+07
-1.258033e+07
-7523318
-4439775
-3032997
3194.694
3201.225
3218.025
3244.952
3281.28
0
0
0
0
0
-2.068978e+07
-1.311633e+07
-8025781
-4922423
-3513638
3185.851
3192.195
3209.024
3235.622
3271.61
0
0
0
0
0
-2.12133e+07
-1.358572e+07
-8473654
-5360153
-3954003
3178.371
3184.842
3201.387
3227.935
3263.521
0
0
0
0
0
-2.16338e+07
-1.397938e+07
-8846334
-5733995
-4336626
3173.064
3179.316
3195.911
3222.111
3257.534
0
0
0
0
0
-2.194028e+07
-1.428431e+07
-9150581
-6037329
-4655412
3170.169
3176.093
3192.386
3218.563
3253.522
0
0
0
0
0
-2.215985e+07
-1.450182e+07
-9382822
-6281446
-4909206
3169.172
3175.297
3191.148
3216.933
3251.82
0
0
0
0
0
-2.228135e+07
-1.465248e+07
-9546620
-6465290
-5109293
3176.427
3192.365
3217.609
3251.994
0
0
0
0
0
-2.230514e+07
-1.473046e+07
-9657269
-6592563
-5255755
3195.589
3220.764
3254.502
0
0
0
0
0
-2.223248e+07
-1.473691e+07
-9712210
-6675759
-5352082
3225.858
3259.51
0
0
0
0
0
-2.207986e+07
-1.46739e+07
-9713941
-6715919
-5410642
3265.677
0
0
0
0
0
-2.186703e+07
-1.456343e+07
-9669884
-6717528
-5437881
0
0
0
0
0
-2.165074e+07
-1.443518e+07
-9611836
-6702254
-5446039
0
0
0
0
-2.14732e+07
-1.434429e+07
-9572094
-6697282
-5460914
0
0
0
-2.13672e+07
-1.429448e+07
-9566313
-6715766
-5491600
0
0
-2.132037e+07
-1.428383e+07
-9587387
-6756651
-5533267
0
-2.124764e+07
-1.427637e+07
-9608100
-6795327
-5579006
3223.173
3230.154
3248.073
3276.137
3313.144
0
0
0
0
0
-1.80271e+07
-1.072817e+07
-5826936
-2832070
-1439667
3219.165
3225.916
3243.578
3271.596
3308.781
0
0
0
0
0
-1.875211e+07
-1.137044e+07
-6411669
-3382929
-1983970
3215.337
3221.882
3239.205
3266.897
3303.975
0
0
0
0
0
-1.937108e+07
-1.193244e+07
-6934327
-3884172
-2483784
3210.098
3216.473
3233.514
3260.792
3297.536
0
0
0
0
0
-1.993858e+07
-1.24572e+07
-7426093
-4358345
-2958965
3202.654
3209.123
3225.907
3252.852
3289.112
0
0
0
0
0
-2.047808e+07
-1.295688e+07
-7899667
-4816656
-3417971
3193.62
3199.909
3216.714
3243.335
3279.241
0
0
0
0
0
-2.100317e+07
-1.342782e+07
-8348285
-5255127
-3858601
3184.631
3191.05
3207.583
3234.157
3269.68
0
0
0
0
0
-2.146346e+07
-1.385112e+07
-8744822
-5648298
-4259129
3177.339
3183.551
3200.123
3226.333
3261.743
0
0
0
0
0
-2.182449e+07
-1.419755e+07
-9081410
-5978959
-4602465
3172.305
3178.219
3194.485
3220.659
3255.65
0
0
0
0
0
-2.210165e+07
-1.445796e+07
-9348156
-6252214
-4882525
3169.172
3175.297
3191.148
3216.933
3251.82
0
0
0
0
0
-2.228136e+07
-1.465248e+07
-9546622
-6465290
-5109293
3174.278
3190.245
3215.498
3249.908
0
0
0
0
0
-2.236291e+07
-1.477412e+07
-9691739
-6621518
-5281879
3191.301
3216.533
3250.303
0
0
0
0
0
-2.234775e+07
-1.482344e+07
-9780427
-6732982
-5403725
3219.628
3253.198
0
0
0
0
0
-2.225043e+07
-1.480139e+07
-9814126
-6798530
-5485884
3258.095
0
0
0
0
0
-2.2079e+07
-1.472025e+07
-9793513
-6820608
-5529736
0
0
0
0
0
-2.186712e+07
-1.459669e+07
-9737807
-6804963
-5539378
0
0
0
0
-2.164533e+07
-1.44719e+07
-9669208
-6779200
-5534270
0
0
0
-2.148235e+07
-1.437695e+07
-9631698
-6769689
-5538323
0
0
-2.139335e+07
-1.433671e+07
-9627767
-6788621
-5563730
0
-2.133385e+07
-1.433797e+07
-9653649
-6831109
-5609383
-2.130285e+07
-1.431581e+07
-9682255
-6874464
-5654068
3221.752
3228.494
3246.066
3274.055
3311.251
0
0
0
0
0
-1.867006e+07
-1.131217e+07
-6368852
-3349656
-1955160
3217.872
3224.458
3241.734
3269.419
3306.543
0
0
0
0
0
-1.930417e+07
-1.188282e+07
-6895728
-3851931
-2454642
3214.177
3220.592
3237.582
3264.86
3301.615
0
0
0
0
0
-1.983168e+07
-1.237745e+07
-7363465
-4305951
-2911519
3208.821
3215.319
3232.053
3258.981
3295.273
0
0
0
0
0
-2.031388e+07
-1.283356e+07
-7802506
-4735141
-3344634
3201.522
3207.845
3224.587
3251.186
3287.095
0
0
0
0
0
-2.079156e+07
-1.326908e+07
-8222398
-5149498
-3763752
3192.36
3198.79
3215.268
3241.814
3277.347
0
0
0
0
0
-2.125372e+07
-1.36937e+07
-8620180
-5543285
-4164817
3183.576
3189.787
3206.308
3232.505
3267.931
0
0
0
0
0
-2.165443e+07
-1.406957e+07
-8980185
-5893885
-4525398
3176.587
3182.478
3198.704
3224.856
3259.853
0
0
0
0
0
-2.198602e+07
-1.437086e+07
-9280053
-6194239
-4830014
3171.33
3177.424
3193.267
3219.027
3253.908
0
0
0
0
0
-2.222324e+07
-1.460874e+07
-9512029
-6436249
-5082993
3174.278
3190.245
3215.498
3249.908
0
0
0
0
0
-2.236291e+07
-1.477412e+07
-9691741
-6621520
-5281879
3189.16
3214.421
3248.203
0
0
0
0
0
-2.240591e+07
-1.486647e+07
-9814801
-6761807
-5429757
3215.361
3248.992
0
0
0
0
0
-2.236686e+07
-1.488787e+07
-9881798
-6855513
-5537291
3251.911
0
0
0
0
0
-2.224894e+07
-1.484785e+07
-9893543
-6904121
-5603805
0
0
0
0
0
-2.207945e+07
-1.47549e+07
-9859847
-6907726
-5631661
0
0
0
0
-2.18624e+07
-1.463185e+07
-9795086
-6883570
-5625917
0
0
0
-2.165393e+07
-1.450431e+07
-9730651
-6849575
-5611702
0
0
-2.150428e+07
-1.442134e+07
-9690548
-6842448
-5612069
0
-2.140692e+07
-1.439122e+07
-9694133
-6864185
-5637903
-2.138878e+07
-1.437731e+07
-9727703
-6910240
-5685241
-1.437499e+07
-9739744
-6958625
-5734002
3220.452
3227.032
3244.289
3271.873
3308.956
0
0
0
0
0
-1.922188e+07
-1.18242e+07
-6852785
-3818568
-2425868
3216.708
3223.122
3240.154
3267.387
3304.135
0
0
0
0
0
-1.976398e+07
-1.232754e+07
-7324599
-4273713
-2882429
3212.902
3219.389
3236.164
3263.039
3299.329
0
0
0
0
0
-2.020704e+07
-1.275345e+07
-7740066
-4682659
-3297331
3207.679
3213.997
3230.768
3257.313
3293.197
0
0
0
0
0
-2.062655e+07
-1.314578e+07
-8125622
-5068116
-3690359
3200.27
3206.669
3223.178
3249.655
3285.153
0
0
0
0
0
-2.104156e+07
-1.353453e+07
-8495366
-5437976
-4070092
3191.295
3197.487
3214.018
3240.155
3275.542
0
0
0
0
0
-2.144472e+07
-1.391187e+07
-8856471
-5789563
-4431104
3183.031
3188.689
3204.917
3231.015
3265.991
0
0
0
0
0
-2.181607e+07
-1.424306e+07
-9179227
-6109490
-4753532
3175.652
3181.689
3197.509
3223.229
3258.085
0
0
0
0
0
-2.210778e+07
-1.452184e+07
-9443353
-6379417
-5030847
3176.427
3192.365
3217.609
3251.994
0
0
0
0
0
-2.230514e+07
-1.473046e+07
-9657274
-6592568
-5255755
3189.16
3214.421
3248.203
0
0
0
0
0
-2.240591e+07
-1.486647e+07
-9814802
-6761809
-5429758
3213.228
3246.89
0
0
0
0
0
-2.242579e+07
-1.493166e+07
-9915442
-6884240
-5563196
3247.672
0
0
0
0
0
-2.236512e+07
-1.493505e+07
-9961499
-6960401
-5654981
0
0
0
0
0
-2.225055e+07
-1.488091e+07
-9959826
-6991032
-5706558
0
0
0
0
-2.207341e+07
-1.47901e+07
-9918663
-6984556
-5717879
0
0
0
-2.187145e+07
-1.466556e+07
-9854378
-6953708
-5704880
0
0
-2.167558e+07
-1.454681e+07
-9789056
-6924087
-5683476
0
-2.151902e+07
-1.447155e+07
-9759093
-6915315
-5686121
-2.145906e+07
-1.443053e+07
-9768234
-6943285
-5714836
-1.44363e+07
-9785092
-6994327
-5765164
-9802038
-7025448
-5817662
3219.283
3225.69
3242.703
3269.904
3306.542
0
0
0
0
0
-1.967937e+07
-1.226872e+07
-7281391
-4240106
-2853574
3215.461
3221.913
3238.69
3265.607
3301.852
0
0
0
0
0
-2.014095e+07
-1.270303e+07
-7701032
-4650264
-3268255
3211.785
3218.069
3234.83
3261.413
3297.241
0
0
0
0
0
-2.051823e+07
-1.306574e+07
-8062643
-5016032
-3643007
3206.474
3212.81
3229.314
3255.814
3291.25
0
0
0
0
0
-2.087535e+07
-1.341077e+07
-8398312
-5357222
-3996846
3199.236
3205.372
3221.869
3248.029
3283.334
0
0
0
0
0
-2.123237e+07
-1.375248e+07
-8731048
-5685448
-4336716
3190.799
3196.379
3212.585
3238.688
3273.593
0
0
0
0
0
-2.160621e+07
-1.408558e+07
-9054974
-6006261
-4659890
3181.966
3188.108
3203.696
3229.414
3264.209
0
0
0
0
0
-2.193815e+07
-1.439424e+07
-9342686
-6295112
-4954686
3180.732
3196.614
3221.832
3256.172
0
0
0
0
0
-2.218905e+07
-1.464378e+07
-9588823
-6535109
-5204703
3191.301
3216.533
3250.303
0
0
0
0
0
-2.234775e+07
-1.482344e+07
-9780430
-6732986
-5403729
3213.228
3246.89
0
0
0
0
0
-2.242579e+07
-1.493166e+07
-9915442
-6884241
-5563198
3245.551
0
0
0
0
0
-2.242393e+07
-1.497919e+07
-9996026
-6988386
-5680791
0
0
0
0
0
-2.23672e+07
-1.496781e+07
-1.002823e+07
-7047712
-5757030
0
0
0
0
-2.224396e+07
-1.491784e+07
-1.001663e+07
-7067730
-5792559
0
0
0
-2.208366e+07
-1.48215e+07
-9977781
-7056192
-5795114
0
0
-2.189079e+07
-1.470804e+07
-9914249
-7025884
-5776388
0
-2.168839e+07
-1.459777e+07
-9855056
-6996406
-5759150
-2.156683e+07
-1.451285e+07
-9829035
-6996456
-5760479
-1.448739e+07
-9825501
-7027272
-5794684
-9847261
-7061053
-5848772
-7088484
-5884475
3217.968
3224.476
3241.234
3268.118
3304.317
0
0
0
0
0
-2.005625e+07
-1.264271e+07
-7657630
-4616433
-3239147
3214.24
3220.622
3237.35
3263.935
3299.8
0
0
0
0
0
-2.04499e+07
-1.301675e+07
-8023271
-4983524
-3613815
3210.55
3216.907
3233.376
3259.864
3295.331
0
0
0
0
0
-2.07666e+07
-1.333044e+07
-8335427
-5304573
-3949908
3205.39
3211.561
3227.993
3254.142
3289.458
0
0
0
0
0
-2.10657e+07
-1.362869e+07
-8633744
-5604320
-4264120
3198.703
3204.296
3220.442
3246.502
3281.413
0
0
0
0
0
-2.139313e+07
-1.392671e+07
-8929534
-5901513
-4566659
3189.71
3195.846
3211.354
3237.044
3271.828
0
0
0
0
0
-2.172792e+07
-1.423682e+07
-9218773
-6191291
-4862120
3187.019
3203.006
3227.991
3262.319
0
0
0
0
0
-2.201887e+07
-1.451709e+07
-9488424
-6450976
-5128982
3195.589
3220.764
3254.502
0
0
0
0
0
-2.223248e+07
-1.473691e+07
-9712214
-6675765
-5352089
3215.361
3248.992
0
0
0
0
0
-2.236686e+07
-1.488787e+07
-9881799
-6855515
-5537295
3245.551
0
0
0
0
0
-2.242393e+07
-1.497919e+07
-9996026
-6988386
-5680792
0
0
0
0
0
-2.242621e+07
-1.501182e+07
-1.006286e+07
-7076572
-5782139
0
0
0
0
-2.235994e+07
-1.500502e+07
-1.00847e+07
-7124701
-5843425
0
0
0
-2.225331e+07
-1.494866e+07
-1.007761e+07
-7137245
-5869647
0
0
-2.210221e+07
-1.486573e+07
-1.003491e+07
-7128068
-5868015
0
-2.190431e+07
-1.475585e+07
-9979899
-7099620
-5849804
-2.173609e+07
-1.463616e+07
-9926190
-7074789
-5832954
-1.456614e+07
-9888548
-7076533
-5842206
-9885996
-7093814
-5878165
-7124008
-5915497
-5944947
3216.796
3223.117
3239.889
3266.439
3302.259
0
0
0
0
0
-2.036693e+07
-1.295658e+07
-7978866
-4949504
-3584496
3213.008
3219.357
3235.925
3262.379
3297.846
0
0
0
0
0
-2.069915e+07
-1.327963e+07
-8297317
-5271835
-3920619
3209.432
3215.627
3232.079
3258.191
3293.489
0
0
0
0
0
-2.095638e+07
-1.354744e+07
-8571168
-5551782
-4216660
3204.886
3210.434
3226.612
3252.6
3287.49
0
0
0
0
0
-2.122584e+07
-1.380229e+07
-8832807
-5820257
-4493703
3197.65
3203.725
3219.24
3244.86
3279.587
0
0
0
0
0
-2.151414e+07
-1.407789e+07
-9094223
-6086645
-4768302
3194.734
3210.711
3235.608
3269.895
0
0
0
0
0
-2.18079e+07
-1.435982e+07
-9364708
-6347556
-5035865
3201.85
3227.123
3260.621
0
0
0
0
0
-2.206228e+07
-1.460934e+07
-9612972
-6591933
-5276548
3219.628
3253.198
0
0
0
0
0
-2.225043e+07
-1.480139e+07
-9814127
-6798533
-5485889
3247.672
0
0
0
0
0
-2.236512e+07
-1.493505e+07
-9961500
-6960401
-5654983
0
0
0
0
0
-2.242621e+07
-1.501182e+07
-1.006286e+07
-7076572
-5782139
0
0
0
0
-2.241741e+07
-1.504912e+07
-1.01192e+07
-7153548
-5869348
0
0
0
-2.236825e+07
-1.503534e+07
-1.014582e+07
-7193886
-5920747
0
0
-2.227323e+07
-1.499115e+07
-1.013411e+07
-7210917
-5940514
0
-2.211615e+07
-1.491278e+07
-1.010242e+07
-7198968
-5941106
-2.195306e+07
-1.479578e+07
-1.004755e+07
-7177473
-5924922
-1.468926e+07
-9982378
-7156166
-5912013
-9946089
-7145302
-5922058
-7155392
-5944694
-5975912
3215.563
3221.899
3238.396
3264.878
3300.296
0
0
0
0
0
-2.061408e+07
-1.322025e+07
-8253137
-5237066
-3891112
3211.952
3218.079
3234.525
3260.732
3295.996
0
0
0
0
0
-2.088851e+07
-1.349711e+07
-8531576
-5520160
-4187184
3208.888
3214.467
3230.667
3256.671
3291.517
0
0
0
0
0
-2.111558e+07
-1.372071e+07
-8769167
-5768274
-4446356
3203.853
3209.893
3225.358
3251.002
3285.647
0
0
0
0
0
-2.134603e+07
-1.395286e+07
-8996855
-6006218
-4695260
3202.648
3218.559
3243.452
3277.652
0
0
0
0
0
-2.159296e+07
-1.419974e+07
-9240461
-6243937
-4942184
3209.532
3234.787
3268.183
0
0
0
0
0
-2.185123e+07
-1.445136e+07
-9489696
-6488783
-5183836
3225.858
3259.51
0
0
0
0
0
-2.207986e+07
-1.46739e+07
-9713942
-6715922
-5410648
3251.911
0
0
0
0
0
-2.224894e+07
-1.484785e+07
-9893543
-6904122
-5603807
0
0
0
0
0
-2.23672e+07
-1.496781e+07
-1.002823e+07
-7047712
-5757030
0
0
0
0
-2.241741e+07
-1.504912e+07
-1.01192e+07
-7153548
-5869348
0
0
0
-2.242578e+07
-1.507831e+07
-1.018033e+07
-7222602
-5946628
0
0
-2.238971e+07
-1.507657e+07
-1.020191e+07
-7267593
-5991301
0
-2.229311e+07
-1.504006e+07
-1.019951e+07
-7281191
-6015270
-2.216496e+07
-1.495237e+07
-1.016929e+07
-7278593
-6013514
-1.48496e+07
-1.010556e+07
-7255355
-6003423
-1.003967e+07
-7221551
-5993121
-7204357
-5990679
-6003888
3214.511
3220.621
3237.042
3263.166
3298.44
0
0
0
0
0
-2.080328e+07
-1.343639e+07
-8487685
-5485629
-4157020
3211.404
3216.98
3233.114
3259.113
3294.046
0
0
0
0
0
-2.104558e+07
-1.367013e+07
-8729848
-5735404
-4417894
3207.799
3213.884
3229.381
3255.04
3289.692
0
0
0
0
0
-2.123454e+07
-1.387071e+07
-8933050
-5953186
-4648488
3208.835
3224.706
3249.54
3283.751
0
0
0
0
0
-2.142364e+07
-1.407481e+07
-9142567
-6162926
-4869987
3217.414
3242.59
3275.962
0
0
0
0
0
-2.163637e+07
-1.429063e+07
-9364204
-6385639
-5091162
3233.497
3267.116
0
0
0
0
0
-2.186869e+07
-1.451604e+07
-9590059
-6613338
-5318219
3258.095
0
0
0
0
0
-2.2079e+07
-1.472025e+07
-9793513
-6820609
-5529739
0
0
0
0
0
-2.225055e+07
-1.488091e+07
-9959826
-6991032
-5706559
0
0
0
0
-2.235994e+07
-1.500502e+07
-1.00847e+07
-7124701
-5843425
0
0
0
-2.242578e+07
-1.507831e+07
-1.018033e+07
-7222602
-5946628
0
0
-2.244756e+07
-1.511963e+07
-1.023555e+07
-7296280
-6017058
0
-2.240975e+07
-1.51267e+07
-1.026599e+07
-7337497
-6066055
-2.233617e+07
-1.508303e+07
-1.026833e+07
-7358614
-6087082
-1.500688e+07
-1.022656e+07
-7355700
-6093658
-1.016338e+07
-7322573
-6081224
-7280351
-6058520
-6047607
3213.96
3219.526
3235.63
3261.589
3296.429
0
0
0
0
0
-2.096203e+07
-1.36093e+07
-8685060
-5700924
-4387942
3210.269
3216.394
3231.887
3257.482
3292.127
0
0
0
0
0
-2.11635e+07
-1.381966e+07
-8893609
-5920502
-4618911
3212.772
3228.686
3253.547
3287.763
0
0
0
0
0
-2.131117e+07
-1.399216e+07
-9078425
-6109831
-4822246
3223.58
3248.706
3282.006
0
0
0
0
0
-2.146639e+07
-1.416529e+07
-9266871
-6304181
-5018439
3241.335
3274.855
0
0
0
0
0
-2.165247e+07
-1.435643e+07
-9464252
-6508996
-5226040
3265.677
0
0
0
0
0
-2.186703e+07
-1.456343e+07
-9669885
-6717529
-5437884
0
0
0
0
0
-2.207945e+07
-1.47549e+07
-9859846
-6907726
-5631662
0
0
0
0
-2.224396e+07
-1.491784e+07
-1.001663e+07
-7067730
-5792559
0
0
0
-2.236825e+07
-1.503534e+07
-1.014582e+07
-7193886
-5920747
0
0
-2.244756e+07
-1.511963e+07
-1.023555e+07
-7296280
-6017058
0
-2.246761e+07
-1.51698e+07
-1.02997e+07
-7365459
-6091770
-2.245152e+07
-1.516978e+07
-1.033578e+07
-7413629
-6137524
-1.513345e+07
-1.032748e+07
-7437585
-6165116
-1.028532e+07
-7422008
-6170722
-7381774
-6148357
-6115209
3212.822
3218.936
3234.406
3259.956
3294.546
0
0
0
0
0
-2.107943e+07
-1.375985e+07
-8848735
-5885366
-4588951
3215.235
3231.189
3256.044
3290.196
0
0
0
0
0
-2.123911e+07
-1.393959e+07
-9039331
-6077095
-4792831
3227.504
3252.67
3285.987
0
0
0
0
0
-2.135366e+07
-1.408174e+07
-9202647
-6250873
-4970670
3247.47
3280.923
0
0
0
0
0
-2.148153e+07
-1.422983e+07
-9366989
-6428300
-5152923
3273.448
0
0
0
0
0
-2.165027e+07
-1.440208e+07
-9545680
-6613067
-5344602
0
0
0
0
0
-2.186712e+07
-1.459669e+07
-9737806
-6804963
-5539379
0
0
0
0
-2.207341e+07
-1.47901e+07
-9918663
-6984556
-5717880
0
0
0
-2.225331e+07
-1.494866e+07
-1.007761e+07
-7137245
-5869647
0
0
-2.238971e+07
-1.507657e+07
-1.020191e+07
-7267593
-5991302
0
-2.246761e+07
-1.51698e+07
-1.02997e+07
-7365459
-6091770
-2.250978e+07
-1.521288e+07
-1.036937e+07
-7441654
-6162590
-1.521825e+07
-1.039498e+07
-7493379
-6214347
-1.038323e+07
-7504981
-6243912
-7482225
-6236954
-6205394
3217.779
3233.704
3258.52
3292.613
0
0
0
0
0
-2.115272e+07
-1.387938e+07
-8995089
-6041882
-4762303
3229.963
3255.162
3288.47
0
0
0
0
0
-2.128207e+07
-1.402851e+07
-9161924
-6218821
-4941227
3251.376
3284.861
0
0
0
0
0
-2.136857e+07
-1.414615e+07
-9301985
-6375113
-5104982
3279.535
0
0
0
0
0
-2.147941e+07
-1.427495e+07
-9446963
-6532667
-5272260
0
0
0
0
0
-2.165074e+07
-1.443518e+07
-9611835
-6702254
-5446040
0
0
0
0
-2.18624e+07
-1.463185e+07
-9795086
-6883569
-5625917
0
0
0
-2.208366e+07
-1.48215e+07
-9977780
-7056192
-5795114
0
0
-2.227323e+07
-1.499115e+07
-1.013411e+07
-7210917
-5940514
0
-2.240975e+07
-1.51267e+07
-1.026599e+07
-7337497
-6066055
-2.250978e+07
-1.521288e+07
-1.036937e+07
-7441654
-6162590
-1.526155e+07
-1.042857e+07
-7521214
-6239468
-1.044856e+07
-7560804
-6293824
-7562830
-6310973
-6294970
3232.477
3257.635
3290.888
0
0
0
0
0
-2.119589e+07
-1.396683e+07
-9117362
-6184023
-4910623
3253.822
3287.339
0
0
0
0
0
-2.129589e+07
-1.409426e+07
-9260832
-6341487
-5076257
3283.413
0
0
0
0
0
-2.136524e+07
-1.41922e+07
-9381917
-6478810
-5224491
0
0
0
0
0
-2.147862e+07
-1.430932e+07
-9512879
-6620410
-5374036
0
0
0
0
-2.164533e+07
-1.44719e+07
-9669208
-6779200
-5534270
0
0
0
-2.187145e+07
-1.466556e+07
-9854378
-6953708
-5704880
0
0
-2.210221e+07
-1.486573e+07
-1.003491e+07
-7128068
-5868016
0
-2.229311e+07
-1.504006e+07
-1.019951e+07
-7281191
-6015270
-2.245152e+07
-1.516978e+07
-1.033578e+07
-7413629
-6137524
-1.526155e+07
-1.042857e+07
-7521214
-6239468
-1.048225e+07
-7588628
-6318745
-7616494
-6360912
-6366921
3256.293
3289.752
0
0
0
0
0
-2.120937e+07
-1.403274e+07
-9215304
-6306425
-5045978
3285.845
0
0
0
0
0
-2.129195e+07
-1.413865e+07
-9342464
-6444891
-5194308
0
0
0
0
0
-2.136402e+07
-1.422486e+07
-9449315
-6566564
-5325668
0
0
0
0
-2.14732e+07
-1.434429e+07
-9572094
-6697281
-5460915
0
0
0
-2.165393e+07
-1.450431e+07
-9730651
-6849575
-5611701
0
0
-2.189079e+07
-1.470804e+07
-9914249
-7025884
-5776388
0
-2.211615e+07
-1.491278e+07
-1.010242e+07
-7198968
-5941106
-2.233617e+07
-1.508303e+07
-1.026833e+07
-7358614
-6087082
-1.521825e+07
-1.039498e+07
-7493380
-6214347
-1.048225e+07
-7588628
-6318745
-7644381
-6385822
-6414825
3288.26
0
0
0
0
0
-2.120529e+07
-1.407685e+07
-9297034
-6409129
-5163793
0
0
0
0
0
-2.12918e+07
-1.417094e+07
-9408037
-6534407
-5295244
0
0
0
0
-2.135979e+07
-1.425965e+07
-9506713
-6645102
-5412570
0
0
0
-2.148235e+07
-1.437695e+07
-9631697
-6769689
-5538323
0
0
-2.167558e+07
-1.454681e+07
-9789056
-6924087
-5683476
0
-2.190431e+07
-1.475585e+07
-9979899
-7099620
-5849804
-2.216496e+07
-1.495237e+07
-1.016929e+07
-7278593
-6013515
-1.513345e+07
-1.032748e+07
-7437585
-6165116
-1.044856e+07
-7560804
-6293825
-7644381
-6385822
-6439790
0
0
0
0
0
-2.120757e+07
-1.410905e+07
-9362384
-6498699
-5264126
0
0
0
0
-2.128835e+07
-1.42075e+07
-9465242
-6611160
-5383817
0
0
0
-2.13672e+07
-1.429448e+07
-9566313
-6715766
-5491599
0
0
-2.150428e+07
-1.442134e+07
-9690548
-6842447
-5612069
0
-2.168839e+07
-1.459777e+07
-9855056
-6996406
-5759150
-2.195306e+07
-1.479578e+07
-1.004755e+07
-7177473
-5924922
-1.500688e+07
-1.022656e+07
-7355700
-6093658
-1.038323e+07
-7504981
-6243912
-7616494
-6360912
-6439790
0
0
0
0
-2.120207e+07
-1.414737e+07
-9419537
-6575268
-5352727
0
0
0
-2.129514e+07
-1.424192e+07
-9526875
-6681739
-5461180
0
0
-2.139335e+07
-1.433671e+07
-9627767
-6788621
-5563730
0
-2.151902e+07
-1.447155e+07
-9759093
-6915315
-5686120
-2.173609e+07
-1.463616e+07
-9926190
-7074788
-5832954
-1.48496e+07
-1.010556e+07
-7255355
-6003423
-1.028532e+07
-7422008
-6170722
-7562830
-6310973
-6414825
0
0
0
-2.120866e+07
-1.418029e+07
-9482488
-6645815
-5429924
0
0
-2.132037e+07
-1.428383e+07
-9587387
-6756651
-5533267
0
-2.140692e+07
-1.439122e+07
-9694133
-6864185
-5637903
-2.156683e+07
-1.451285e+07
-9829035
-6996456
-5760479
-1.468926e+07
-9982378
-7156166
-5912013
-1.016338e+07
-7322573
-6081224
-7482225
-6236954
-6366921
0
0
-2.123407e+07
-1.422209e+07
-9541869
-6721773
-5501981
0
-2.133385e+07
-1.433797e+07
-9653649
-6831109
-5609383
-2.145906e+07
-1.443053e+07
-9768234
-6943285
-5714836
-1.456614e+07
-9888548
-7076533
-5842206
-1.003967e+07
-7221551
-5993122
-7381774
-6148357
-6294970
0
-2.124764e+07
-1.427637e+07
-9608100
-6795327
-5579006
-2.138878e+07
-1.437731e+07
-9727703
-6910240
-5685241
-1.448739e+07
-9825500
-7027272
-5794684
-9946088
-7145302
-5922058
-7280351
-6058520
-6205393
-2.130285e+07
-1.431581e+07
-9682254
-6874464
-5654068
-1.44363e+07
-9785092
-6994327
-5765164
-9885996
-7093814
-5878165
-7204357
-5990679
-6115208
-1.437499e+07
-9739744
-6958625
-5734002
-9847261
-7061053
-5848772
-7155392
-5944694
-6047606
-9802038
-7025448
-5817662
-7124008
-5915497
-6003888
-7088484
-5884475
-5975912
-5944947
)
;

boundaryField
{
    cathodeSides
    {
        type            zeroGradient;
    }
    electrolyteSides
    {
        type            zeroGradient;
    }
    anodeSides
    {
        type            zeroGradient;
    }
    phiI_to_phiI0
    {
        type            zeroGradient;
    }
}


// ************************************************************************* //
