/*--------------------------------*- C++ -*----------------------------------*\
| =========                 |                                                 |
| \\      /  F ield         | OpenFOAM: The Open Source CFD Toolbox           |
|  \\    /   O peration     | Version:  2312                                  |
|   \\  /    A nd           | Website:  www.openfoam.com                      |
|    \\/     M anipulation  |                                                 |
\*---------------------------------------------------------------------------*/
FoamFile
{
    version     2.0;
    format      ascii;
    arch        "LSB;label=32;scalar=64";
    class       volScalarField;
    location    "1/fuel";
    object      j;
}
// * * * * * * * * * * * * * * * * * * * * * * * * * * * * * * * * * * * * * //

dimensions      [0 -3 0 0 0 1 0];

internalField   nonuniform List<scalar> 
16000
(
3.623259e+08
3.618745e+08
3.638175e+08
2.110788e+08
3.60697e+08
3.636409e+08
2.109838e+08
3.655344e+08
2.117505e+08
1.393024e+08
3.588617e+08
3.629353e+08
2.106104e+08
3.653582e+08
2.118704e+08
1.393488e+08
3.657559e+08
2.127775e+08
1.397017e+08
1.010792e+08
3.561242e+08
3.618946e+08
2.101268e+08
3.647514e+08
2.11885e+08
1.392721e+08
3.655951e+08
2.129009e+08
1.399343e+08
1.011865e+08
3.648199e+08
2.128337e+08
1.404759e+08
1.013683e+08
8.209575e+07
3.534916e+08
3.608622e+08
2.095143e+08
3.638306e+08
2.120666e+08
1.3929e+08
3.650188e+08
2.129827e+08
1.402112e+08
1.012343e+08
3.646393e+08
2.129677e+08
1.407176e+08
1.016472e+08
8.2211e+07
3.634561e+08
2.121154e+08
1.404646e+08
1.02037e+08
8.233736e+07
0
3.513452e+08
3.592868e+08
2.093879e+08
3.626035e+08
2.128334e+08
1.39476e+08
3.641418e+08
2.132335e+08
1.408373e+08
1.014627e+08
3.640222e+08
2.130708e+08
1.410493e+08
1.020346e+08
8.228808e+07
3.632423e+08
2.122336e+08
1.407146e+08
1.0233e+08
8.261471e+07
0
3.620357e+08
2.111264e+08
1.398184e+08
1.019963e+08
8.296527e+07
0
0
3.498126e+08
3.578106e+08
2.095713e+08
3.611827e+08
2.136166e+08
1.402887e+08
3.62966e+08
2.137872e+08
1.42247e+08
1.019953e+08
3.630799e+08
2.13353e+08
1.41727e+08
1.028491e+08
8.256234e+07
3.625573e+08
2.123042e+08
1.410629e+08
1.027663e+08
8.302476e+07
0
3.617825e+08
2.112193e+08
1.400535e+08
1.022967e+08
8.326154e+07
0
0
3.607735e+08
2.101243e+08
1.389602e+08
1.01379e+08
8.292252e+07
0
0
0
3.488431e+08
3.566183e+08
2.098629e+08
3.599444e+08
2.143972e+08
1.413521e+08
3.6159e+08
2.146864e+08
1.43906e+08
1.032006e+08
3.618059e+08
2.139449e+08
1.429331e+08
1.045133e+08
8.318743e+07
3.615078e+08
2.125344e+08
1.417652e+08
1.036227e+08
8.387903e+07
0
3.610172e+08
2.112383e+08
1.403711e+08
1.027481e+08
8.371736e+07
0
0
3.604859e+08
2.101886e+08
1.391725e+08
1.016651e+08
8.32266e+07
0
0
0
3.597716e+08
2.092422e+08
1.381067e+08
1.005743e+08
8.233019e+07
0
0
0
0
3.483754e+08
3.554746e+08
2.101186e+08
3.590106e+08
2.150122e+08
1.423379e+08
3.603694e+08
2.156644e+08
1.455315e+08
1.046337e+08
3.60271e+08
2.148798e+08
1.44688e+08
1.065432e+08
8.445314e+07
3.60068e+08
2.130484e+08
1.430015e+08
1.051013e+08
8.555749e+07
0
3.598405e+08
2.113868e+08
1.410246e+08
1.036267e+08
8.460302e+07
0
0
3.596662e+08
2.101498e+08
1.394437e+08
1.020869e+08
8.369844e+07
0
0
0
3.597273e+08
2.092816e+08
1.382942e+08
1.008389e+08
8.262119e+07
0
0
0
0
3.59321e+08
2.08587e+08
1.373609e+08
9.978206e+07
8.155959e+07
0
0
0
0
0
3.483754e+08
3.550326e+08
2.102624e+08
3.583938e+08
2.152243e+08
1.430623e+08
3.594369e+08
2.164945e+08
1.468292e+08
1.059125e+08
3.586666e+08
2.158749e+08
1.464906e+08
1.085229e+08
8.593921e+07
3.581533e+08
2.138591e+08
1.447847e+08
1.072126e+08
8.764555e+07
0
3.582377e+08
2.117746e+08
1.421881e+08
1.051329e+08
8.612002e+07
0
0
3.586055e+08
2.102101e+08
1.400235e+08
1.029186e+08
8.460833e+07
0
0
0
3.58697e+08
2.092061e+08
1.385152e+08
1.012167e+08
8.306621e+07
0
0
0
0
3.588655e+08
2.08869e+08
1.375266e+08
1.000235e+08
8.183063e+07
0
0
0
0
0
3.586051e+08
2.08391e+08
1.368305e+08
9.909215e+07
8.080183e+07
0
0
0
0
0
0
3.488431e+08
3.550326e+08
2.102624e+08
3.580882e+08
2.154057e+08
1.434408e+08
3.588164e+08
2.170742e+08
1.475631e+08
1.068353e+08
3.575467e+08
2.167097e+08
1.47982e+08
1.101078e+08
8.725814e+07
3.56722e+08
2.146071e+08
1.466005e+08
1.093595e+08
8.966864e+07
0
3.565139e+08
2.123425e+08
1.438576e+08
1.072703e+08
8.827316e+07
0
0
3.565666e+08
2.105794e+08
1.410741e+08
1.043552e+08
8.615595e+07
0
0
0
3.568264e+08
2.09404e+08
1.390203e+08
1.019789e+08
8.393359e+07
0
0
0
0
3.576621e+08
2.086287e+08
1.377166e+08
1.003548e+08
8.223492e+07
0
0
0
0
0
3.581002e+08
2.082893e+08
1.37225e+08
9.931327e+07
8.105139e+07
0
0
0
0
0
0
3.57713e+08
2.078623e+08
1.367109e+08
9.861373e+07
8.014116e+07
0
0
0
0
0
0
0
3.498126e+08
3.554746e+08
2.101186e+08
3.580882e+08
2.154057e+08
1.434408e+08
3.585076e+08
2.173688e+08
1.479828e+08
1.073132e+08
3.568548e+08
2.172894e+08
1.490127e+08
1.110733e+08
8.82073e+07
3.558221e+08
2.152936e+08
1.480952e+08
1.111278e+08
9.128903e+07
0
3.549864e+08
2.131681e+08
1.454754e+08
1.094296e+08
9.045885e+07
0
0
3.545235e+08
2.112364e+08
1.425543e+08
1.063851e+08
8.833951e+07
0
0
0
3.548044e+08
2.093803e+08
1.400952e+08
1.033096e+08
8.541839e+07
0
0
0
0
3.555954e+08
2.081813e+08
1.383548e+08
1.010487e+08
8.303821e+07
0
0
0
0
0
3.567974e+08
2.078925e+08
1.372667e+08
9.961583e+07
8.141267e+07
0
0
0
0
0
0
3.571143e+08
2.077216e+08
1.367465e+08
9.905155e+07
8.037164e+07
0
0
0
0
0
0
0
3.571448e+08
2.072025e+08
1.362472e+08
9.852087e+07
7.968749e+07
0
0
0
0
0
0
0
0
3.513452e+08
3.566183e+08
2.098629e+08
3.583938e+08
2.152243e+08
1.430623e+08
3.585076e+08
2.173688e+08
1.479828e+08
1.073132e+08
3.565178e+08
2.175832e+08
1.495343e+08
1.115936e+08
8.869817e+07
3.552066e+08
2.158136e+08
1.491256e+08
1.123475e+08
9.231275e+07
0
3.538321e+08
2.140597e+08
1.468412e+08
1.112012e+08
9.225746e+07
0
0
3.52779e+08
2.119732e+08
1.442126e+08
1.083715e+08
9.054189e+07
0
0
0
3.525629e+08
2.097641e+08
1.416226e+08
1.051845e+08
8.750409e+07
0
0
0
0
3.533379e+08
2.080801e+08
1.390651e+08
1.02423e+08
8.442601e+07
0
0
0
0
0
3.545831e+08
2.072801e+08
1.373401e+08
1.00436e+08
8.215387e+07
0
0
0
0
0
0
3.55409e+08
2.07246e+08
1.366409e+08
9.92148e+07
8.070624e+07
0
0
0
0
0
0
0
3.56512e+08
2.069895e+08
1.362478e+08
9.861603e+07
8.012664e+07
0
0
0
0
0
0
0
0
3.567115e+08
2.067901e+08
1.356759e+08
9.807569e+07
7.960768e+07
0
0
0
0
0
0
0
0
0
3.534916e+08
3.578106e+08
2.095713e+08
3.590106e+08
2.150122e+08
1.423379e+08
3.588164e+08
2.170742e+08
1.475631e+08
1.068353e+08
3.565178e+08
2.175832e+08
1.495343e+08
1.115936e+08
8.869817e+07
3.549258e+08
2.160832e+08
1.496464e+08
1.129644e+08
9.284566e+07
0
3.530729e+08
2.146514e+08
1.478158e+08
1.12421e+08
9.34976e+07
0
0
3.514784e+08
2.126174e+08
1.457426e+08
1.100313e+08
9.234733e+07
0
0
0
3.506304e+08
2.103179e+08
1.431945e+08
1.071939e+08
8.956217e+07
0
0
0
0
3.508424e+08
2.082926e+08
1.403362e+08
1.043223e+08
8.639527e+07
0
0
0
0
0
3.521264e+08
2.069851e+08
1.379363e+08
1.014629e+08
8.360435e+07
0
0
0
0
0
0
3.534075e+08
2.065139e+08
1.365612e+08
9.951943e+07
8.157105e+07
0
0
0
0
0
0
0
3.547347e+08
2.062559e+08
1.360713e+08
9.863342e+07
8.033199e+07
0
0
0
0
0
0
0
0
3.560503e+08
2.065496e+08
1.356128e+08
9.813745e+07
7.971417e+07
0
0
0
0
0
0
0
0
0
3.563449e+08
2.064781e+08
1.353229e+08
9.753819e+07
7.915972e+07
0
0
0
0
0
0
0
0
0
0
3.561242e+08
3.592868e+08
2.093879e+08
3.599444e+08
2.143972e+08
1.413521e+08
3.594369e+08
2.164945e+08
1.468292e+08
1.059125e+08
3.568548e+08
2.172894e+08
1.490127e+08
1.110733e+08
8.82073e+07
3.549258e+08
2.160832e+08
1.496464e+08
1.129644e+08
9.284566e+07
0
3.526981e+08
2.149735e+08
1.483137e+08
1.130372e+08
9.412466e+07
0
0
3.506301e+08
2.130763e+08
1.467976e+08
1.111975e+08
9.358999e+07
0
0
0
3.491949e+08
2.108378e+08
1.445082e+08
1.089807e+08
9.1274e+07
0
0
0
0
3.487048e+08
2.086852e+08
1.417382e+08
1.062474e+08
8.846155e+07
0
0
0
0
0
3.49407e+08
2.069879e+08
1.390457e+08
1.031153e+08
8.558352e+07
0
0
0
0
0
0
3.50869e+08
2.060587e+08
1.369797e+08
1.004103e+08
8.269342e+07
0
0
0
0
0
0
0
3.526255e+08
2.056261e+08
1.358825e+08
9.878907e+07
8.072278e+07
0
0
0
0
0
0
0
0
3.542131e+08
2.057568e+08
1.352378e+08
9.808722e+07
7.976928e+07
0
0
0
0
0
0
0
0
0
3.556587e+08
2.062146e+08
1.352349e+08
9.754001e+07
7.923366e+07
0
0
0
0
0
0
0
0
0
0
3.55929e+08
2.062118e+08
1.350575e+08
9.720826e+07
7.863112e+07
0
0
0
0
0
0
0
0
0
0
3.588617e+08
3.608622e+08
2.095143e+08
3.611827e+08
2.136166e+08
1.402887e+08
3.603694e+08
2.156644e+08
1.455315e+08
1.046337e+08
3.575467e+08
2.167097e+08
1.47982e+08
1.101078e+08
8.725814e+07
3.552066e+08
2.158136e+08
1.491256e+08
1.123475e+08
9.231275e+07
0
3.526981e+08
2.149735e+08
1.483137e+08
1.130372e+08
9.412466e+07
0
0
3.502131e+08
2.13312e+08
1.473488e+08
1.117916e+08
9.421768e+07
0
0
0
3.482626e+08
2.112202e+08
1.454234e+08
1.102255e+08
9.246633e+07
0
0
0
0
3.471272e+08
2.090889e+08
1.429363e+08
1.078448e+08
9.027866e+07
0
0
0
0
0
3.470868e+08
2.07209e+08
1.402972e+08
1.048768e+08
8.757061e+07
0
0
0
0
0
0
3.480023e+08
2.058792e+08
1.378965e+08
1.018981e+08
8.443012e+07
0
0
0
0
0
0
0
3.499406e+08
2.050991e+08
1.36156e+08
9.950839e+07
8.168355e+07
0
0
0
0
0
0
0
0
3.520125e+08
2.050393e+08
1.351055e+08
9.813756e+07
8.001268e+07
0
0
0
0
0
0
0
0
0
3.537686e+08
2.053722e+08
1.348059e+08
9.732672e+07
7.922279e+07
0
0
0
0
0
0
0
0
0
0
3.552115e+08
2.05928e+08
1.349487e+08
9.718623e+07
7.864703e+07
0
0
0
0
0
0
0
0
0
0
3.55563e+08
2.058916e+08
1.3483e+08
9.696103e+07
7.830746e+07
0
0
0
0
0
0
0
0
0
0
3.60697e+08
3.618946e+08
2.101268e+08
3.626035e+08
2.128334e+08
1.39476e+08
3.6159e+08
2.146864e+08
1.43906e+08
1.032006e+08
3.586666e+08
2.158749e+08
1.464906e+08
1.085229e+08
8.593921e+07
3.558221e+08
2.152936e+08
1.480952e+08
1.111278e+08
9.128903e+07
0
3.530729e+08
2.146514e+08
1.478158e+08
1.12421e+08
9.34976e+07
0
0
3.502131e+08
2.13312e+08
1.473488e+08
1.117916e+08
9.421768e+07
0
0
0
3.478055e+08
2.114196e+08
1.458888e+08
1.108824e+08
9.307323e+07
0
0
0
0
3.461075e+08
2.093984e+08
1.437804e+08
1.089537e+08
9.154636e+07
0
0
0
0
0
3.453825e+08
2.074922e+08
1.413868e+08
1.063632e+08
8.921606e+07
0
0
0
0
0
0
3.455475e+08
2.059491e+08
1.389899e+08
1.03514e+08
8.626001e+07
0
0
0
0
0
0
0
3.469053e+08
2.047957e+08
1.369068e+08
1.008106e+08
8.325062e+07
0
0
0
0
0
0
0
0
3.492031e+08
2.043922e+08
1.353109e+08
9.87179e+07
8.080566e+07
0
0
0
0
0
0
0
0
0
3.514871e+08
2.045798e+08
1.345938e+08
9.740327e+07
7.936226e+07
0
0
0
0
0
0
0
0
0
0
3.532551e+08
2.050415e+08
1.344742e+08
9.692074e+07
7.85063e+07
0
0
0
0
0
0
0
0
0
0
3.548378e+08
2.055815e+08
1.347027e+08
9.691901e+07
7.829992e+07
0
0
0
0
0
0
0
0
0
0
3.552093e+08
2.056196e+08
1.345469e+08
9.674862e+07
7.806472e+07
0
0
0
0
0
0
0
0
0
0
3.618745e+08
3.629353e+08
2.106104e+08
3.638306e+08
2.120666e+08
1.3929e+08
3.62966e+08
2.137872e+08
1.42247e+08
1.019953e+08
3.60271e+08
2.148798e+08
1.44688e+08
1.065432e+08
8.445314e+07
3.56722e+08
2.146071e+08
1.466005e+08
1.093595e+08
8.966864e+07
0
3.538321e+08
2.140597e+08
1.468412e+08
1.112012e+08
9.225745e+07
0
0
3.506301e+08
2.130763e+08
1.467976e+08
1.111975e+08
9.358999e+07
0
0
0
3.478055e+08
2.114196e+08
1.458888e+08
1.108824e+08
9.307323e+07
0
0
0
0
3.456092e+08
2.095629e+08
1.442118e+08
1.095166e+08
9.221813e+07
0
0
0
0
0
3.442849e+08
2.07727e+08
1.421627e+08
1.074037e+08
9.035687e+07
0
0
0
0
0
0
3.437397e+08
2.061258e+08
1.39968e+08
1.048956e+08
8.779912e+07
0
0
0
0
0
0
0
3.443065e+08
2.047514e+08
1.378618e+08
1.022743e+08
8.493966e+07
0
0
0
0
0
0
0
0
3.460252e+08
2.039486e+08
1.359471e+08
9.986086e+07
8.219167e+07
0
0
0
0
0
0
0
0
0
3.485673e+08
2.038299e+08
1.346894e+08
9.791673e+07
8.00196e+07
0
0
0
0
0
0
0
0
0
0
3.508695e+08
2.041823e+08
1.341939e+08
9.692049e+07
7.864109e+07
0
0
0
0
0
0
0
0
0
0
3.528679e+08
2.046383e+08
1.341878e+08
9.660957e+07
7.810744e+07
0
0
0
0
0
0
0
0
0
0
3.542344e+08
2.053055e+08
1.343953e+08
9.668873e+07
7.803745e+07
0
0
0
0
0
0
0
0
0
0
3.557551e+08
2.053509e+08
1.343098e+08
9.647895e+07
7.785544e+07
0
0
0
0
0
0
0
0
0
0
3.623259e+08
3.636409e+08
2.109838e+08
3.647514e+08
2.11885e+08
1.392721e+08
3.641418e+08
2.132335e+08
1.408373e+08
1.014627e+08
3.618059e+08
2.139449e+08
1.429331e+08
1.045133e+08
8.318743e+07
3.581533e+08
2.138591e+08
1.447847e+08
1.072126e+08
8.764555e+07
0
3.549864e+08
2.131681e+08
1.454754e+08
1.094296e+08
9.045885e+07
0
0
3.514784e+08
2.126174e+08
1.457426e+08
1.100313e+08
9.234733e+07
0
0
0
3.482625e+08
2.112202e+08
1.454234e+08
1.102254e+08
9.246633e+07
0
0
0
0
3.456092e+08
2.095629e+08
1.442118e+08
1.095166e+08
9.221813e+07
0
0
0
0
0
3.437495e+08
2.078558e+08
1.425614e+08
1.07934e+08
9.093552e+07
0
0
0
0
0
0
3.425628e+08
2.062942e+08
1.406746e+08
1.058705e+08
8.887459e+07
0
0
0
0
0
0
0
3.423864e+08
2.048394e+08
1.387418e+08
1.035486e+08
8.637779e+07
0
0
0
0
0
0
0
0
3.433078e+08
2.037829e+08
1.367964e+08
1.011916e+08
8.373268e+07
0
0
0
0
0
0
0
0
0
3.452621e+08
2.032668e+08
1.35197e+08
9.8949e+07
8.125028e+07
0
0
0
0
0
0
0
0
0
0
3.478052e+08
2.033404e+08
1.341955e+08
9.73282e+07
7.923232e+07
0
0
0
0
0
0
0
0
0
0
3.504645e+08
2.036907e+08
1.338464e+08
9.65435e+07
7.816658e+07
0
0
0
0
0
0
0
0
0
0
3.526072e+08
2.043555e+08
1.338277e+08
9.634004e+07
7.780126e+07
0
0
0
0
0
0
0
0
0
0
3.547646e+08
2.048997e+08
1.341556e+08
9.63954e+07
7.781052e+07
0
0
0
0
0
0
0
0
0
0
3.561628e+08
2.057815e+08
1.340725e+08
9.625607e+07
7.758781e+07
0
0
0
0
0
0
0
0
0
0
3.638175e+08
2.110788e+08
3.653582e+08
2.118704e+08
1.393488e+08
3.650188e+08
2.129827e+08
1.402112e+08
1.012343e+08
3.630799e+08
2.13353e+08
1.41727e+08
1.028491e+08
8.256234e+07
3.60068e+08
2.130484e+08
1.430015e+08
1.051013e+08
8.555749e+07
0
3.565139e+08
2.123425e+08
1.438576e+08
1.072703e+08
8.827316e+07
0
0
3.52779e+08
2.119732e+08
1.442126e+08
1.083715e+08
9.054189e+07
0
0
0
3.491949e+08
2.108378e+08
1.445082e+08
1.089807e+08
9.1274e+07
0
0
0
0
3.461075e+08
2.093984e+08
1.437803e+08
1.089537e+08
9.154635e+07
0
0
0
0
0
3.437495e+08
2.078558e+08
1.425614e+08
1.07934e+08
9.093552e+07
0
0
0
0
0
0
3.419415e+08
2.063912e+08
1.410402e+08
1.063693e+08
8.942218e+07
0
0
0
0
0
0
0
3.411005e+08
2.049406e+08
1.39387e+08
1.044568e+08
8.739003e+07
0
0
0
0
0
0
0
0
3.413042e+08
2.037759e+08
1.375943e+08
1.023718e+08
8.506669e+07
0
0
0
0
0
0
0
0
0
3.42436e+08
2.030002e+08
1.359344e+08
1.001778e+08
8.266196e+07
0
0
0
0
0
0
0
0
0
0
3.443319e+08
2.0267e+08
1.345931e+08
9.823629e+07
8.035486e+07
0
0
0
0
0
0
0
0
0
0
0
3.473789e+08
2.027252e+08
1.337635e+08
9.686042e+07
7.865375e+07
0
0
0
0
0
0
0
0
0
0
3.50337e+08
2.034012e+08
1.334042e+08
9.621498e+07
7.779536e+07
0
0
0
0
0
0
0
0
0
0
3.532774e+08
2.041627e+08
1.335836e+08
9.599519e+07
7.753519e+07
0
0
0
0
0
0
0
0
0
0
3.552026e+08
2.0532e+08
1.338236e+08
9.617063e+07
7.75193e+07
0
0
0
0
0
0
0
0
0
0
3.562463e+08
2.061012e+08
1.344565e+08
9.60319e+07
7.73724e+07
0
0
0
0
0
0
0
0
0
0
3.655344e+08
2.117505e+08
1.393024e+08
3.655951e+08
2.129009e+08
1.399343e+08
1.011865e+08
3.640222e+08
2.130708e+08
1.410493e+08
1.020346e+08
8.228808e+07
3.615078e+08
2.125344e+08
1.417652e+08
1.036227e+08
8.387903e+07
0
3.582377e+08
2.117746e+08
1.421881e+08
1.051329e+08
8.612002e+07
0
0
3.545235e+08
2.112364e+08
1.425543e+08
1.063851e+08
8.833951e+07
0
0
0
3.506304e+08
2.103178e+08
1.431945e+08
1.071939e+08
8.956217e+07
0
0
0
0
3.471272e+08
2.090889e+08
1.429363e+08
1.078448e+08
9.027865e+07
0
0
0
0
0
3.442849e+08
2.07727e+08
1.421626e+08
1.074037e+08
9.035686e+07
0
0
0
0
0
0
3.419415e+08
2.063912e+08
1.410402e+08
1.063693e+08
8.942218e+07
0
0
0
0
0
0
0
3.404894e+08
2.049729e+08
1.397232e+08
1.049237e+08
8.79073e+07
0
0
0
0
0
0
0
0
3.399666e+08
2.037916e+08
1.381776e+08
1.032209e+08
8.601419e+07
0
0
0
0
0
0
0
0
0
3.4035e+08
2.029211e+08
1.366447e+08
1.012789e+08
8.390432e+07
0
0
0
0
0
0
0
0
0
0
3.413664e+08
2.023106e+08
1.35237e+08
9.93571e+07
8.166718e+07
0
0
0
0
0
0
0
0
0
0
0
3.438791e+08
2.019095e+08
1.34062e+08
9.766206e+07
7.965408e+07
0
0
0
0
0
0
0
0
0
0
0
0
3.473677e+08
2.024293e+08
1.33206e+08
9.645017e+07
7.819287e+07
0
0
0
0
0
0
0
0
0
0
3.511245e+08
2.033158e+08
1.331573e+08
9.578995e+07
7.747087e+07
0
0
0
0
0
0
0
0
0
0
3.537589e+08
2.046891e+08
1.33415e+08
9.576734e+07
7.719231e+07
0
0
0
0
0
0
0
0
0
0
3.553085e+08
2.056621e+08
1.342037e+08
9.587368e+07
7.730275e+07
0
0
0
0
0
0
0
0
0
0
3.560428e+08
2.061713e+08
1.347404e+08
9.639807e+07
7.7157e+07
0
0
0
0
0
0
0
0
0
0
3.657559e+08
2.127775e+08
1.397017e+08
1.010792e+08
3.646393e+08
2.129677e+08
1.407176e+08
1.016472e+08
8.2211e+07
3.625573e+08
2.123042e+08
1.410629e+08
1.027663e+08
8.302476e+07
0
3.598405e+08
2.113868e+08
1.410246e+08
1.036267e+08
8.460302e+07
0
0
3.565666e+08
2.105794e+08
1.410741e+08
1.043552e+08
8.615595e+07
0
0
0
3.525629e+08
2.097641e+08
1.416226e+08
1.051845e+08
8.750409e+07
0
0
0
0
3.487048e+08
2.086852e+08
1.417382e+08
1.062474e+08
8.846154e+07
0
0
0
0
0
3.453825e+08
2.074922e+08
1.413868e+08
1.063632e+08
8.921606e+07
0
0
0
0
0
0
3.425628e+08
2.062942e+08
1.406746e+08
1.058705e+08
8.887458e+07
0
0
0
0
0
0
0
3.404894e+08
2.049729e+08
1.397232e+08
1.049237e+08
8.79073e+07
0
0
0
0
0
0
0
0
3.393309e+08
2.038238e+08
1.384641e+08
1.036596e+08
8.650056e+07
0
0
0
0
0
0
0
0
0
3.38946e+08
2.028915e+08
1.371589e+08
1.020687e+08
8.47945e+07
0
0
0
0
0
0
0
0
0
0
3.391815e+08
2.021605e+08
1.358803e+08
1.003739e+08
8.28326e+07
0
0
0
0
0
0
0
0
0
0
0
3.408701e+08
2.014281e+08
1.3462e+08
9.869244e+07
8.086037e+07
0
0
0
0
0
0
0
0
0
0
0
0
3.439786e+08
2.016047e+08
1.333685e+08
9.715575e+07
7.908803e+07
0
0
0
0
0
0
0
0
0
0
0
0
0
3.482878e+08
2.02442e+08
1.329581e+08
9.591238e+07
7.778742e+07
0
0
0
0
0
0
0
0
0
0
3.516676e+08
2.03933e+08
1.330852e+08
9.556167e+07
7.704788e+07
0
0
0
0
0
0
0
0
0
0
3.53902e+08
2.050643e+08
1.338829e+08
9.560993e+07
7.697402e+07
0
0
0
0
0
0
0
0
0
0
3.550657e+08
2.057496e+08
1.345068e+08
9.624579e+07
7.703661e+07
0
0
0
0
0
0
0
0
0
0
3.558518e+08
2.059905e+08
1.348029e+08
9.66688e+07
7.751794e+07
0
0
0
0
0
0
0
0
0
0
3.648199e+08
2.128337e+08
1.404759e+08
1.013683e+08
8.209575e+07
3.632423e+08
2.122336e+08
1.407146e+08
1.0233e+08
8.261471e+07
0
3.610172e+08
2.112383e+08
1.403711e+08
1.027481e+08
8.371736e+07
0
0
3.586055e+08
2.102101e+08
1.400235e+08
1.029186e+08
8.460833e+07
0
0
0
3.548044e+08
2.093803e+08
1.400952e+08
1.033096e+08
8.541839e+07
0
0
0
0
3.508424e+08
2.082925e+08
1.403362e+08
1.043223e+08
8.639527e+07
0
0
0
0
0
3.470868e+08
2.07209e+08
1.402972e+08
1.048768e+08
8.757061e+07
0
0
0
0
0
0
3.437397e+08
2.061258e+08
1.39968e+08
1.048956e+08
8.779911e+07
0
0
0
0
0
0
0
3.411004e+08
2.049406e+08
1.39387e+08
1.044568e+08
8.739002e+07
0
0
0
0
0
0
0
0
3.393309e+08
2.038238e+08
1.384641e+08
1.036596e+08
8.650055e+07
0
0
0
0
0
0
0
0
0
3.38218e+08
2.02902e+08
1.374346e+08
1.024728e+08
8.525348e+07
0
0
0
0
0
0
0
0
0
0
3.377158e+08
2.020745e+08
1.363517e+08
1.011102e+08
8.36655e+07
0
0
0
0
0
0
0
0
0
0
0
3.38598e+08
2.011903e+08
1.351973e+08
9.964427e+07
8.194349e+07
0
0
0
0
0
0
0
0
0
0
0
0
3.4104e+08
2.010978e+08
1.338117e+08
9.81028e+07
8.020513e+07
0
0
0
0
0
0
0
0
0
0
0
0
0
3.450383e+08
2.017131e+08
1.331181e+08
9.648473e+07
7.858747e+07
0
0
0
0
0
0
0
0
0
0
0
0
0
0
3.489081e+08
2.031622e+08
1.32976e+08
9.568635e+07
7.725172e+07
0
0
0
0
0
0
0
0
0
0
3.518673e+08
2.043548e+08
1.33633e+08
9.549723e+07
7.683173e+07
0
0
0
0
0
0
0
0
0
0
3.535766e+08
2.051818e+08
1.342148e+08
9.605457e+07
7.682663e+07
0
0
0
0
0
0
0
0
0
0
3.548483e+08
2.055347e+08
1.345844e+08
9.653405e+07
7.741354e+07
0
0
0
0
0
0
0
0
0
0
3.555814e+08
2.058442e+08
1.346349e+08
9.672951e+07
7.778632e+07
0
0
0
0
0
0
0
0
0
0
3.634561e+08
2.121154e+08
1.404646e+08
1.02037e+08
8.233736e+07
0
3.617825e+08
2.112193e+08
1.400535e+08
1.022967e+08
8.326154e+07
0
0
3.596662e+08
2.101498e+08
1.394437e+08
1.020869e+08
8.369845e+07
0
0
0
3.568264e+08
2.09404e+08
1.390203e+08
1.019789e+08
8.393359e+07
0
0
0
0
3.533378e+08
2.080801e+08
1.390651e+08
1.02423e+08
8.442601e+07
0
0
0
0
0
3.49407e+08
2.069879e+08
1.390457e+08
1.031153e+08
8.558352e+07
0
0
0
0
0
0
3.455475e+08
2.059491e+08
1.389899e+08
1.035139e+08
8.626001e+07
0
0
0
0
0
0
0
3.423864e+08
2.048394e+08
1.387418e+08
1.035486e+08
8.637778e+07
0
0
0
0
0
0
0
0
3.399666e+08
2.037916e+08
1.381776e+08
1.032209e+08
8.601419e+07
0
0
0
0
0
0
0
0
0
3.38218e+08
2.02902e+08
1.374346e+08
1.024728e+08
8.525347e+07
0
0
0
0
0
0
0
0
0
0
3.369585e+08
2.020173e+08
1.366072e+08
1.014901e+08
8.410231e+07
0
0
0
0
0
0
0
0
0
0
0
3.371047e+08
2.010489e+08
1.356165e+08
1.003386e+08
8.273541e+07
0
0
0
0
0
0
0
0
0
0
0
0
3.387989e+08
2.008023e+08
1.343063e+08
9.89908e+07
8.122427e+07
0
0
0
0
0
0
0
0
0
0
0
0
0
3.422212e+08
2.012697e+08
1.335429e+08
9.73194e+07
7.962221e+07
0
0
0
0
0
0
0
0
0
0
0
0
0
0
3.457427e+08
2.025426e+08
1.33225e+08
9.626027e+07
7.791848e+07
0
0
0
0
0
0
0
0
0
0
0
0
0
0
0
3.491822e+08
2.036421e+08
1.336144e+08
9.571016e+07
7.704155e+07
0
0
0
0
0
0
0
0
0
0
3.514137e+08
2.045182e+08
1.340053e+08
9.601662e+07
7.677805e+07
0
0
0
0
0
0
0
0
0
0
3.533112e+08
2.048962e+08
1.343192e+08
9.636969e+07
7.726254e+07
0
0
0
0
0
0
0
0
0
0
3.550393e+08
2.053693e+08
1.343849e+08
9.660899e+07
7.769834e+07
0
0
0
0
0
0
0
0
0
0
3.574344e+08
2.056997e+08
1.34508e+08
9.656414e+07
7.785135e+07
0
0
0
0
0
0
0
0
0
0
3.620357e+08
2.111264e+08
1.398184e+08
1.019963e+08
8.296527e+07
0
0
3.604859e+08
2.101886e+08
1.391725e+08
1.016651e+08
8.322661e+07
0
0
0
3.58697e+08
2.092061e+08
1.385152e+08
1.012167e+08
8.306622e+07
0
0
0
0
3.555954e+08
2.081813e+08
1.383548e+08
1.010487e+08
8.303821e+07
0
0
0
0
0
3.521264e+08
2.069851e+08
1.379363e+08
1.014629e+08
8.360435e+07
0
0
0
0
0
0
3.480023e+08
2.058792e+08
1.378965e+08
1.018981e+08
8.443012e+07
0
0
0
0
0
0
0
3.443065e+08
2.047514e+08
1.378618e+08
1.022742e+08
8.493965e+07
0
0
0
0
0
0
0
0
3.413042e+08
2.037759e+08
1.375943e+08
1.023718e+08
8.506669e+07
0
0
0
0
0
0
0
0
0
3.38946e+08
2.028915e+08
1.371589e+08
1.020687e+08
8.47945e+07
0
0
0
0
0
0
0
0
0
0
3.369585e+08
2.020172e+08
1.366072e+08
1.014901e+08
8.410231e+07
0
0
0
0
0
0
0
0
0
0
0
3.364025e+08
2.009649e+08
1.358212e+08
1.006987e+08
8.313653e+07
0
0
0
0
0
0
0
0
0
0
0
0
3.373019e+08
2.006433e+08
1.346727e+08
9.963449e+07
8.197432e+07
0
0
0
0
0
0
0
0
0
0
0
0
0
3.400753e+08
2.010047e+08
1.339977e+08
9.812625e+07
8.057843e+07
0
0
0
0
0
0
0
0
0
0
0
0
0
0
3.430001e+08
2.021956e+08
1.337096e+08
9.708051e+07
7.884099e+07
0
0
0
0
0
0
0
0
0
0
0
0
0
0
0
3.460948e+08
2.030863e+08
1.339594e+08
9.637216e+07
7.771456e+07
0
0
0
0
0
0
0
0
0
0
0
0
0
0
0
0
3.4856e+08
2.03866e+08
1.340368e+08
9.631394e+07
7.707892e+07
0
0
0
0
0
0
0
0
0
0
3.51076e+08
2.041225e+08
1.341506e+08
9.636929e+07
7.72854e+07
0
0
0
0
0
0
0
0
0
0
3.536865e+08
2.046961e+08
1.340544e+08
9.647032e+07
7.757307e+07
0
0
0
0
0
0
0
0
0
0
3.567965e+08
2.055233e+08
1.342418e+08
9.641276e+07
7.777739e+07
0
0
0
0
0
0
0
0
0
0
3.574952e+08
2.070789e+08
1.344156e+08
9.644408e+07
7.767891e+07
0
0
0
0
0
0
0
0
0
0
3.607735e+08
2.101243e+08
1.389602e+08
1.01379e+08
8.292252e+07
0
0
0
3.597273e+08
2.092816e+08
1.382942e+08
1.008389e+08
8.262119e+07
0
0
0
0
3.576621e+08
2.086287e+08
1.377166e+08
1.003548e+08
8.223492e+07
0
0
0
0
0
3.545831e+08
2.072801e+08
1.373401e+08
1.00436e+08
8.215387e+07
0
0
0
0
0
0
3.50869e+08
2.060587e+08
1.369797e+08
1.004102e+08
8.269342e+07
0
0
0
0
0
0
0
3.469053e+08
2.047957e+08
1.369068e+08
1.008106e+08
8.325061e+07
0
0
0
0
0
0
0
0
3.433078e+08
2.037828e+08
1.367964e+08
1.011916e+08
8.373267e+07
0
0
0
0
0
0
0
0
0
3.4035e+08
2.029211e+08
1.366447e+08
1.012789e+08
8.390431e+07
0
0
0
0
0
0
0
0
0
0
3.377158e+08
2.020745e+08
1.363517e+08
1.011102e+08
8.366549e+07
0
0
0
0
0
0
0
0
0
0
0
3.364025e+08
2.009649e+08
1.358212e+08
1.006987e+08
8.313652e+07
0
0
0
0
0
0
0
0
0
0
0
0
3.365279e+08
2.005968e+08
1.348515e+08
9.995869e+07
8.235601e+07
0
0
0
0
0
0
0
0
0
0
0
0
0
3.386441e+08
2.008472e+08
1.343507e+08
9.871773e+07
8.127869e+07
0
0
0
0
0
0
0
0
0
0
0
0
0
0
3.409132e+08
2.020067e+08
1.341939e+08
9.786467e+07
7.971618e+07
0
0
0
0
0
0
0
0
0
0
0
0
0
0
0
3.434033e+08
2.027971e+08
1.345291e+08
9.725216e+07
7.862701e+07
0
0
0
0
0
0
0
0
0
0
0
0
0
0
0
0
3.45296e+08
2.033746e+08
1.344369e+08
9.70652e+07
7.784394e+07
0
0
0
0
0
0
0
0
0
0
0
0
0
0
0
0
0
3.481288e+08
2.033248e+08
1.342359e+08
9.671289e+07
7.766639e+07
0
0
0
0
0
0
0
0
0
0
3.516195e+08
2.038709e+08
1.337844e+08
9.650913e+07
7.763172e+07
0
0
0
0
0
0
0
0
0
0
3.550132e+08
2.049931e+08
1.338823e+08
9.62107e+07
7.767814e+07
0
0
0
0
0
0
0
0
0
0
3.565914e+08
2.068334e+08
1.34381e+08
9.627787e+07
7.757364e+07
0
0
0
0
0
0
0
0
0
0
3.574489e+08
2.071376e+08
1.356098e+08
9.638594e+07
7.755755e+07
0
0
0
0
0
0
0
0
0
0
3.597716e+08
2.092422e+08
1.381067e+08
1.005743e+08
8.233019e+07
0
0
0
0
3.588655e+08
2.08869e+08
1.375266e+08
1.000235e+08
8.183063e+07
0
0
0
0
0
3.567974e+08
2.078925e+08
1.372667e+08
9.961583e+07
8.141267e+07
0
0
0
0
0
0
3.534075e+08
2.065139e+08
1.365612e+08
9.951943e+07
8.157105e+07
0
0
0
0
0
0
0
3.499406e+08
2.050991e+08
1.36156e+08
9.950838e+07
8.168355e+07
0
0
0
0
0
0
0
0
3.460252e+08
2.039486e+08
1.359471e+08
9.986086e+07
8.219166e+07
0
0
0
0
0
0
0
0
0
3.42436e+08
2.030002e+08
1.359344e+08
1.001778e+08
8.266195e+07
0
0
0
0
0
0
0
0
0
0
3.391814e+08
2.021605e+08
1.358803e+08
1.003739e+08
8.28326e+07
0
0
0
0
0
0
0
0
0
0
0
3.371046e+08
2.010489e+08
1.356165e+08
1.003386e+08
8.27354e+07
0
0
0
0
0
0
0
0
0
0
0
0
3.365279e+08
2.005968e+08
1.348515e+08
9.995868e+07
8.2356e+07
0
0
0
0
0
0
0
0
0
0
0
0
0
3.379053e+08
2.007582e+08
1.34553e+08
9.901619e+07
8.163684e+07
0
0
0
0
0
0
0
0
0
0
0
0
0
0
3.395225e+08
2.019017e+08
1.345498e+08
9.844362e+07
8.036391e+07
0
0
0
0
0
0
0
0
0
0
0
0
0
0
0
3.413312e+08
2.026547e+08
1.350807e+08
9.806616e+07
7.949438e+07
0
0
0
0
0
0
0
0
0
0
0
0
0
0
0
0
3.424858e+08
2.03129e+08
1.35057e+08
9.802444e+07
7.881986e+07
0
0
0
0
0
0
0
0
0
0
0
0
0
0
0
0
0
3.447618e+08
2.026791e+08
1.346934e+08
9.751486e+07
7.851568e+07
0
0
0
0
0
0
0
0
0
0
0
0
0
0
0
0
0
0
3.488615e+08
2.030071e+08
1.337354e+08
9.69043e+07
7.805649e+07
0
0
0
0
0
0
0
0
0
0
3.528733e+08
2.043012e+08
1.335694e+08
9.615083e+07
7.777661e+07
0
0
0
0
0
0
0
0
0
0
3.552439e+08
2.060309e+08
1.341478e+08
9.604914e+07
7.741035e+07
0
0
0
0
0
0
0
0
0
0
3.568256e+08
2.067425e+08
1.355171e+08
9.64124e+07
7.743803e+07
0
0
0
0
0
0
0
0
0
0
3.575645e+08
2.070952e+08
1.35666e+08
9.749649e+07
7.753477e+07
0
0
0
0
0
0
0
0
0
0
3.59321e+08
2.08587e+08
1.373609e+08
9.978206e+07
8.155959e+07
0
0
0
0
0
3.581002e+08
2.082893e+08
1.37225e+08
9.931327e+07
8.105139e+07
0
0
0
0
0
0
3.55409e+08
2.07246e+08
1.366409e+08
9.921479e+07
8.070624e+07
0
0
0
0
0
0
0
3.526255e+08
2.05626e+08
1.358825e+08
9.878907e+07
8.072278e+07
0
0
0
0
0
0
0
0
3.492031e+08
2.043922e+08
1.353109e+08
9.87179e+07
8.080566e+07
0
0
0
0
0
0
0
0
0
3.452621e+08
2.032668e+08
1.35197e+08
9.8949e+07
8.125028e+07
0
0
0
0
0
0
0
0
0
0
3.413664e+08
2.023106e+08
1.35237e+08
9.935708e+07
8.166717e+07
0
0
0
0
0
0
0
0
0
0
0
3.385979e+08
2.011903e+08
1.351973e+08
9.964426e+07
8.194348e+07
0
0
0
0
0
0
0
0
0
0
0
0
3.373019e+08
2.006433e+08
1.346727e+08
9.963448e+07
8.197431e+07
0
0
0
0
0
0
0
0
0
0
0
0
0
3.379053e+08
2.007582e+08
1.34553e+08
9.901619e+07
8.163684e+07
0
0
0
0
0
0
0
0
0
0
0
0
0
0
3.388052e+08
2.018404e+08
1.347271e+08
9.875176e+07
8.069601e+07
0
0
0
0
0
0
0
0
0
0
0
0
0
0
0
3.398741e+08
2.025817e+08
1.354831e+08
9.864915e+07
8.013087e+07
0
0
0
0
0
0
0
0
0
0
0
0
0
0
0
0
3.403514e+08
2.03001e+08
1.356493e+08
9.890094e+07
7.971995e+07
0
0
0
0
0
0
0
0
0
0
0
0
0
0
0
0
0
3.418551e+08
2.023266e+08
1.353526e+08
9.852077e+07
7.956653e+07
0
0
0
0
0
0
0
0
0
0
0
0
0
0
0
0
0
0
3.456946e+08
2.022889e+08
1.340503e+08
9.77614e+07
7.895353e+07
0
0
0
0
0
0
0
0
0
0
0
0
0
0
0
0
0
0
0
3.50137e+08
2.035891e+08
1.334661e+08
9.641528e+07
7.825394e+07
0
0
0
0
0
0
0
0
0
0
3.533047e+08
2.052853e+08
1.33954e+08
9.595033e+07
7.740903e+07
0
0
0
0
0
0
0
0
0
0
3.550749e+08
2.062197e+08
1.350777e+08
9.630344e+07
7.724901e+07
0
0
0
0
0
0
0
0
0
0
3.569581e+08
2.068611e+08
1.354719e+08
9.746983e+07
7.757313e+07
0
0
0
0
0
0
0
0
0
0
3.560489e+08
2.071825e+08
1.356234e+08
9.755346e+07
7.859332e+07
0
0
0
0
0
0
0
0
0
0
3.586051e+08
2.08391e+08
1.368305e+08
9.909215e+07
8.080183e+07
0
0
0
0
0
0
3.571143e+08
2.077216e+08
1.367465e+08
9.905155e+07
8.037164e+07
0
0
0
0
0
0
0
3.547347e+08
2.062559e+08
1.360713e+08
9.863342e+07
8.033198e+07
0
0
0
0
0
0
0
0
3.520125e+08
2.050393e+08
1.351055e+08
9.813756e+07
8.001268e+07
0
0
0
0
0
0
0
0
0
3.485673e+08
2.038299e+08
1.346894e+08
9.791672e+07
8.00196e+07
0
0
0
0
0
0
0
0
0
0
3.443319e+08
2.026699e+08
1.345931e+08
9.823628e+07
8.035485e+07
0
0
0
0
0
0
0
0
0
0
0
3.4087e+08
2.014281e+08
1.3462e+08
9.869243e+07
8.086035e+07
0
0
0
0
0
0
0
0
0
0
0
0
3.387988e+08
2.008023e+08
1.343063e+08
9.899079e+07
8.122425e+07
0
0
0
0
0
0
0
0
0
0
0
0
0
3.386441e+08
2.008472e+08
1.343507e+08
9.871772e+07
8.127868e+07
0
0
0
0
0
0
0
0
0
0
0
0
0
0
3.388052e+08
2.018404e+08
1.347271e+08
9.875175e+07
8.0696e+07
0
0
0
0
0
0
0
0
0
0
0
0
0
0
0
3.390844e+08
2.025372e+08
1.356847e+08
9.894393e+07
8.046109e+07
0
0
0
0
0
0
0
0
0
0
0
0
0
0
0
0
3.388751e+08
2.02887e+08
1.360797e+08
9.952703e+07
8.036315e+07
0
0
0
0
0
0
0
0
0
0
0
0
0
0
0
0
0
3.396026e+08
2.0214e+08
1.359581e+08
9.943489e+07
8.05255e+07
0
0
0
0
0
0
0
0
0
0
0
0
0
0
0
0
0
0
3.429457e+08
2.018658e+08
1.346097e+08
9.880504e+07
8.00485e+07
0
0
0
0
0
0
0
0
0
0
0
0
0
0
0
0
0
0
0
3.470389e+08
2.030332e+08
1.337216e+08
9.713335e+07
7.920771e+07
0
0
0
0
0
0
0
0
0
0
0
0
0
0
0
0
0
0
0
0
3.507593e+08
2.04592e+08
1.339868e+08
9.61656e+07
7.775376e+07
0
0
0
0
0
0
0
0
0
0
3.529844e+08
2.056291e+08
1.348398e+08
9.631869e+07
7.721028e+07
0
0
0
0
0
0
0
0
0
0
3.552437e+08
2.060836e+08
1.352478e+08
9.71931e+07
7.750188e+07
0
0
0
0
0
0
0
0
0
0
3.550701e+08
2.069616e+08
1.355406e+08
9.745632e+07
7.858062e+07
0
0
0
0
0
0
0
0
0
0
3.544476e+08
2.06016e+08
1.357006e+08
9.75112e+07
7.865486e+07
0
0
0
0
0
0
0
0
0
0
3.57713e+08
2.078623e+08
1.367109e+08
9.861373e+07
8.014116e+07
0
0
0
0
0
0
0
3.565119e+08
2.069895e+08
1.362478e+08
9.861603e+07
8.012663e+07
0
0
0
0
0
0
0
0
3.542131e+08
2.057568e+08
1.352378e+08
9.808722e+07
7.976928e+07
0
0
0
0
0
0
0
0
0
3.514871e+08
2.045798e+08
1.345938e+08
9.740327e+07
7.936226e+07
0
0
0
0
0
0
0
0
0
0
3.478052e+08
2.033404e+08
1.341954e+08
9.732819e+07
7.923232e+07
0
0
0
0
0
0
0
0
0
0
3.43879e+08
2.019095e+08
1.34062e+08
9.766205e+07
7.965407e+07
0
0
0
0
0
0
0
0
0
0
0
0
3.4104e+08
2.010978e+08
1.338117e+08
9.810279e+07
8.020512e+07
0
0
0
0
0
0
0
0
0
0
0
0
0
3.400753e+08
2.010047e+08
1.339977e+08
9.812624e+07
8.057842e+07
0
0
0
0
0
0
0
0
0
0
0
0
0
0
3.395225e+08
2.019017e+08
1.345498e+08
9.844361e+07
8.03639e+07
0
0
0
0
0
0
0
0
0
0
0
0
0
0
0
3.390844e+08
2.025372e+08
1.356847e+08
9.894392e+07
8.046108e+07
0
0
0
0
0
0
0
0
0
0
0
0
0
0
0
0
3.381412e+08
2.027796e+08
1.362959e+08
9.984416e+07
8.068765e+07
0
0
0
0
0
0
0
0
0
0
0
0
0
0
0
0
0
3.381215e+08
2.020068e+08
1.363632e+08
1.000868e+08
8.120897e+07
0
0
0
0
0
0
0
0
0
0
0
0
0
0
0
0
0
0
3.40802e+08
2.015955e+08
1.351598e+08
9.973205e+07
8.104285e+07
0
0
0
0
0
0
0
0
0
0
0
0
0
0
0
0
0
0
0
3.443725e+08
2.027405e+08
1.342221e+08
9.807943e+07
8.034231e+07
0
0
0
0
0
0
0
0
0
0
0
0
0
0
0
0
0
0
0
0
3.478555e+08
2.04092e+08
1.343888e+08
9.683044e+07
7.85657e+07
0
0
0
0
0
0
0
0
0
0
0
0
0
0
0
0
0
0
0
0
3.503108e+08
2.050852e+08
1.348928e+08
9.666477e+07
7.75079e+07
0
0
0
0
0
0
0
0
0
0
3.53213e+08
2.05375e+08
1.351458e+08
9.71676e+07
7.75765e+07
0
0
0
0
0
0
0
0
0
0
3.536037e+08
2.062129e+08
1.351225e+08
9.735723e+07
7.837465e+07
0
0
0
0
0
0
0
0
0
0
3.533691e+08
2.055625e+08
1.356298e+08
9.749381e+07
7.860317e+07
0
0
0
0
0
0
0
0
0
0
3.533226e+08
2.047665e+08
1.346677e+08
9.758419e+07
7.861648e+07
0
0
0
0
0
0
0
0
0
0
3.571448e+08
2.072025e+08
1.362472e+08
9.852086e+07
7.968749e+07
0
0
0
0
0
0
0
0
3.560503e+08
2.065496e+08
1.356128e+08
9.813745e+07
7.971417e+07
0
0
0
0
0
0
0
0
0
3.537686e+08
2.053722e+08
1.348059e+08
9.732671e+07
7.922279e+07
0
0
0
0
0
0
0
0
0
0
3.508695e+08
2.041823e+08
1.341939e+08
9.692048e+07
7.864108e+07
0
0
0
0
0
0
0
0
0
0
3.473789e+08
2.027252e+08
1.337635e+08
9.686041e+07
7.865374e+07
0
0
0
0
0
0
0
0
0
0
3.439786e+08
2.016047e+08
1.333685e+08
9.715574e+07
7.908802e+07
0
0
0
0
0
0
0
0
0
0
0
0
0
3.422212e+08
2.012697e+08
1.335428e+08
9.731939e+07
7.96222e+07
0
0
0
0
0
0
0
0
0
0
0
0
0
0
3.409132e+08
2.020067e+08
1.341939e+08
9.786464e+07
7.971617e+07
0
0
0
0
0
0
0
0
0
0
0
0
0
0
0
3.39874e+08
2.025817e+08
1.354831e+08
9.864913e+07
8.013086e+07
0
0
0
0
0
0
0
0
0
0
0
0
0
0
0
0
3.381412e+08
2.027796e+08
1.362959e+08
9.984415e+07
8.068765e+07
0
0
0
0
0
0
0
0
0
0
0
0
0
0
0
0
0
3.373334e+08
2.01955e+08
1.365149e+08
1.004172e+08
8.155425e+07
0
0
0
0
0
0
0
0
0
0
0
0
0
0
0
0
0
0
3.393869e+08
2.014526e+08
1.355463e+08
1.003691e+08
8.175047e+07
0
0
0
0
0
0
0
0
0
0
0
0
0
0
0
0
0
0
0
3.423083e+08
2.02561e+08
1.347101e+08
9.895172e+07
8.135153e+07
0
0
0
0
0
0
0
0
0
0
0
0
0
0
0
0
0
0
0
0
3.453539e+08
2.038665e+08
1.350076e+08
9.772295e+07
7.959974e+07
0
0
0
0
0
0
0
0
0
0
0
0
0
0
0
0
0
0
0
0
3.472729e+08
2.047384e+08
1.353484e+08
9.747044e+07
7.826893e+07
0
0
0
0
0
0
0
0
0
0
0
0
0
0
0
0
0
0
0
0
3.506272e+08
2.047275e+08
1.353305e+08
9.753331e+07
7.800447e+07
0
0
0
0
0
0
0
0
0
0
3.514856e+08
2.05552e+08
1.349157e+08
9.745995e+07
7.840688e+07
0
0
0
0
0
0
0
0
0
0
3.517122e+08
2.049461e+08
1.352379e+08
9.723714e+07
7.854094e+07
0
0
0
0
0
0
0
0
0
0
3.526989e+08
2.042334e+08
1.344218e+08
9.757832e+07
7.86133e+07
0
0
0
0
0
0
0
0
0
0
3.536834e+08
2.039589e+08
1.335534e+08
9.660158e+07
7.868648e+07
0
0
0
0
0
0
0
0
0
0
3.567114e+08
2.067901e+08
1.356759e+08
9.807569e+07
7.960768e+07
0
0
0
0
0
0
0
0
0
3.556587e+08
2.062146e+08
1.352349e+08
9.754001e+07
7.923366e+07
0
0
0
0
0
0
0
0
0
0
3.532551e+08
2.050415e+08
1.344742e+08
9.692073e+07
7.85063e+07
0
0
0
0
0
0
0
0
0
0
3.504644e+08
2.036907e+08
1.338464e+08
9.654349e+07
7.816657e+07
0
0
0
0
0
0
0
0
0
0
3.473677e+08
2.024293e+08
1.33206e+08
9.645016e+07
7.819286e+07
0
0
0
0
0
0
0
0
0
0
3.450383e+08
2.017131e+08
1.331181e+08
9.648472e+07
7.858746e+07
0
0
0
0
0
0
0
0
0
0
0
0
0
0
3.430001e+08
2.021956e+08
1.337096e+08
9.708049e+07
7.884098e+07
0
0
0
0
0
0
0
0
0
0
0
0
0
0
0
3.413312e+08
2.026547e+08
1.350807e+08
9.806614e+07
7.949436e+07
0
0
0
0
0
0
0
0
0
0
0
0
0
0
0
0
3.38875e+08
2.02887e+08
1.360797e+08
9.952702e+07
8.036313e+07
0
0
0
0
0
0
0
0
0
0
0
0
0
0
0
0
0
3.373334e+08
2.01955e+08
1.365149e+08
1.004172e+08
8.155424e+07
0
0
0
0
0
0
0
0
0
0
0
0
0
0
0
0
0
0
3.386322e+08
2.013767e+08
1.357508e+08
1.006314e+08
8.210808e+07
0
0
0
0
0
0
0
0
0
0
0
0
0
0
0
0
0
0
0
3.409539e+08
2.024734e+08
1.350783e+08
9.956966e+07
8.205137e+07
0
0
0
0
0
0
0
0
0
0
0
0
0
0
0
0
0
0
0
0
3.434466e+08
2.037519e+08
1.355777e+08
9.854982e+07
8.05515e+07
0
0
0
0
0
0
0
0
0
0
0
0
0
0
0
0
0
0
0
0
3.446471e+08
2.04645e+08
1.360309e+08
9.847685e+07
7.925122e+07
0
0
0
0
0
0
0
0
0
0
0
0
0
0
0
0
0
0
0
0
3.47702e+08
2.042701e+08
1.359214e+08
9.839062e+07
7.890608e+07
0
0
0
0
0
0
0
0
0
0
0
0
0
0
0
0
0
0
0
0
3.487034e+08
2.049757e+08
1.350063e+08
9.795061e+07
7.884964e+07
0
0
0
0
0
0
0
0
0
0
3.492955e+08
2.042138e+08
1.350744e+08
9.724033e+07
7.869893e+07
0
0
0
0
0
0
0
0
0
0
3.511781e+08
2.034665e+08
1.341134e+08
9.734678e+07
7.842777e+07
0
0
0
0
0
0
0
0
0
0
3.530867e+08
2.037175e+08
1.332357e+08
9.645569e+07
7.869448e+07
0
0
0
0
0
0
0
0
0
0
3.540002e+08
2.042486e+08
1.328737e+08
9.553667e+07
7.772028e+07
0
0
0
0
0
0
0
0
0
0
3.563449e+08
2.064781e+08
1.353229e+08
9.753819e+07
7.915971e+07
0
0
0
0
0
0
0
0
0
0
3.552115e+08
2.05928e+08
1.349487e+08
9.718622e+07
7.864703e+07
0
0
0
0
0
0
0
0
0
0
3.528678e+08
2.046383e+08
1.341878e+08
9.660956e+07
7.810743e+07
0
0
0
0
0
0
0
0
0
0
3.50337e+08
2.034012e+08
1.334042e+08
9.621498e+07
7.779536e+07
0
0
0
0
0
0
0
0
0
0
3.482878e+08
2.024419e+08
1.329581e+08
9.591237e+07
7.778742e+07
0
0
0
0
0
0
0
0
0
0
3.457427e+08
2.025426e+08
1.33225e+08
9.626025e+07
7.791847e+07
0
0
0
0
0
0
0
0
0
0
0
0
0
0
0
3.434032e+08
2.027971e+08
1.345291e+08
9.725214e+07
7.862699e+07
0
0
0
0
0
0
0
0
0
0
0
0
0
0
0
0
3.403512e+08
2.03001e+08
1.356493e+08
9.890093e+07
7.971993e+07
0
0
0
0
0
0
0
0
0
0
0
0
0
0
0
0
0
3.381214e+08
2.020068e+08
1.363632e+08
1.000868e+08
8.120897e+07
0
0
0
0
0
0
0
0
0
0
0
0
0
0
0
0
0
0
3.386322e+08
2.013767e+08
1.357508e+08
1.006313e+08
8.210808e+07
0
0
0
0
0
0
0
0
0
0
0
0
0
0
0
0
0
0
0
3.402371e+08
2.02425e+08
1.352571e+08
9.987876e+07
8.234677e+07
0
0
0
0
0
0
0
0
0
0
0
0
0
0
0
0
0
0
0
0
3.421212e+08
2.037143e+08
1.359962e+08
9.913815e+07
8.123006e+07
0
0
0
0
0
0
0
0
0
0
0
0
0
0
0
0
0
0
0
0
3.426315e+08
2.046508e+08
1.36662e+08
9.938241e+07
8.016941e+07
0
0
0
0
0
0
0
0
0
0
0
0
0
0
0
0
0
0
0
0
3.451874e+08
2.040735e+08
1.367211e+08
9.945818e+07
8.000214e+07
0
0
0
0
0
0
0
0
0
0
0
0
0
0
0
0
0
0
0
0
3.455335e+08
2.046108e+08
1.354956e+08
9.893606e+07
7.979634e+07
0
0
0
0
0
0
0
0
0
0
0
0
0
0
0
0
0
0
0
0
3.46104e+08
2.034812e+08
1.352303e+08
9.764065e+07
7.926523e+07
0
0
0
0
0
0
0
0
0
0
3.488486e+08
2.024984e+08
1.338836e+08
9.73917e+07
7.848924e+07
0
0
0
0
0
0
0
0
0
0
3.516177e+08
2.030528e+08
1.327922e+08
9.627624e+07
7.853345e+07
0
0
0
0
0
0
0
0
0
0
3.53411e+08
2.040269e+08
1.327805e+08
9.5322e+07
7.76219e+07
0
0
0
0
0
0
0
0
0
0
3.546684e+08
2.044879e+08
1.33134e+08
9.492026e+07
7.666888e+07
0
0
0
0
0
0
0
0
0
0
3.55929e+08
2.062118e+08
1.350574e+08
9.720825e+07
7.863112e+07
0
0
0
0
0
0
0
0
0
0
3.548378e+08
2.055815e+08
1.347027e+08
9.691901e+07
7.829991e+07
0
0
0
0
0
0
0
0
0
0
3.526072e+08
2.043555e+08
1.338277e+08
9.634004e+07
7.780125e+07
0
0
0
0
0
0
0
0
0
0
3.511245e+08
2.033158e+08
1.331573e+08
9.578994e+07
7.747087e+07
0
0
0
0
0
0
0
0
0
0
3.489081e+08
2.031622e+08
1.32976e+08
9.568634e+07
7.725171e+07
0
0
0
0
0
0
0
0
0
0
3.460948e+08
2.030863e+08
1.339594e+08
9.637214e+07
7.771454e+07
0
0
0
0
0
0
0
0
0
0
0
0
0
0
0
0
3.424856e+08
2.03129e+08
1.35057e+08
9.802443e+07
7.881984e+07
0
0
0
0
0
0
0
0
0
0
0
0
0
0
0
0
0
3.396025e+08
2.021399e+08
1.35958e+08
9.943488e+07
8.052549e+07
0
0
0
0
0
0
0
0
0
0
0
0
0
0
0
0
0
0
3.393869e+08
2.014525e+08
1.355462e+08
1.00369e+08
8.175046e+07
0
0
0
0
0
0
0
0
0
0
0
0
0
0
0
0
0
0
0
3.402371e+08
2.02425e+08
1.352571e+08
9.987873e+07
8.234677e+07
0
0
0
0
0
0
0
0
0
0
0
0
0
0
0
0
0
0
0
0
3.414627e+08
2.036962e+08
1.361999e+08
9.941724e+07
8.156324e+07
0
0
0
0
0
0
0
0
0
0
0
0
0
0
0
0
0
0
0
0
3.41218e+08
2.046459e+08
1.371271e+08
1.000189e+08
8.080741e+07
0
0
0
0
0
0
0
0
0
0
0
0
0
0
0
0
0
0
0
0
3.432736e+08
2.039898e+08
1.3745e+08
1.004222e+08
8.099848e+07
0
0
0
0
0
0
0
0
0
0
0
0
0
0
0
0
0
0
0
0
3.428171e+08
2.045062e+08
1.362007e+08
1.001147e+08
8.094731e+07
0
0
0
0
0
0
0
0
0
0
0
0
0
0
0
0
0
0
0
0
3.424542e+08
2.029192e+08
1.358049e+08
9.852817e+07
8.03388e+07
0
0
0
0
0
0
0
0
0
0
0
0
0
0
0
0
0
0
0
0
3.457324e+08
2.01441e+08
1.338978e+08
9.785516e+07
7.896753e+07
0
0
0
0
0
0
0
0
0
0
3.493624e+08
2.021494e+08
1.323504e+08
9.625686e+07
7.863551e+07
0
0
0
0
0
0
0
0
0
0
3.519584e+08
2.033995e+08
1.324254e+08
9.501312e+07
7.748209e+07
0
0
0
0
0
0
0
0
0
0
3.541155e+08
2.042715e+08
1.330575e+08
9.489073e+07
7.650294e+07
0
0
0
0
0
0
0
0
0
0
3.550164e+08
2.050109e+08
1.333445e+08
9.516993e+07
7.609602e+07
0
0
0
0
0
0
0
0
0
0
3.55563e+08
2.058916e+08
1.3483e+08
9.696103e+07
7.830746e+07
0
0
0
0
0
0
0
0
0
0
3.542344e+08
2.053055e+08
1.343953e+08
9.668873e+07
7.803745e+07
0
0
0
0
0
0
0
0
0
0
3.532774e+08
2.041627e+08
1.335835e+08
9.599518e+07
7.753519e+07
0
0
0
0
0
0
0
0
0
0
3.516676e+08
2.03933e+08
1.330852e+08
9.556166e+07
7.704787e+07
0
0
0
0
0
0
0
0
0
0
3.491821e+08
2.036421e+08
1.336144e+08
9.571014e+07
7.704154e+07
0
0
0
0
0
0
0
0
0
0
3.452959e+08
2.033745e+08
1.344369e+08
9.706519e+07
7.784392e+07
0
0
0
0
0
0
0
0
0
0
0
0
0
0
0
0
0
3.41855e+08
2.023265e+08
1.353526e+08
9.852076e+07
7.956651e+07
0
0
0
0
0
0
0
0
0
0
0
0
0
0
0
0
0
0
3.40802e+08
2.015955e+08
1.351597e+08
9.973202e+07
8.104284e+07
0
0
0
0
0
0
0
0
0
0
0
0
0
0
0
0
0
0
0
3.409539e+08
2.024735e+08
1.350783e+08
9.956959e+07
8.205135e+07
0
0
0
0
0
0
0
0
0
0
0
0
0
0
0
0
0
0
0
0
3.414627e+08
2.036962e+08
1.361999e+08
9.941723e+07
8.156322e+07
0
0
0
0
0
0
0
0
0
0
0
0
0
0
0
0
0
0
0
0
3.405108e+08
2.046584e+08
1.373585e+08
1.00322e+08
8.111157e+07
0
0
0
0
0
0
0
0
0
0
0
0
0
0
0
0
0
0
0
0
3.419456e+08
2.03913e+08
1.379559e+08
1.011033e+08
8.168447e+07
0
0
0
0
0
0
0
0
0
0
0
0
0
0
0
0
0
0
0
0
3.407688e+08
2.045063e+08
1.368478e+08
1.0116e+08
8.199687e+07
0
0
0
0
0
0
0
0
0
0
0
0
0
0
0
0
0
0
0
0
3.393108e+08
2.026484e+08
1.365947e+08
9.961591e+07
8.15996e+07
0
0
0
0
0
0
0
0
0
0
0
0
0
0
0
0
0
0
0
0
3.421398e+08
2.004946e+08
1.342928e+08
9.882514e+07
7.99458e+07
0
0
0
0
0
0
0
0
0
0
0
0
0
0
0
0
0
0
0
0
3.463348e+08
2.01146e+08
1.320721e+08
9.65849e+07
7.917537e+07
0
0
0
0
0
0
0
0
0
0
3.49731e+08
2.025485e+08
1.320396e+08
9.479107e+07
7.752239e+07
0
0
0
0
0
0
0
0
0
0
3.527392e+08
2.036561e+08
1.327338e+08
9.466518e+07
7.623659e+07
0
0
0
0
0
0
0
0
0
0
3.540019e+08
2.048228e+08
1.332727e+08
9.515585e+07
7.608024e+07
0
0
0
0
0
0
0
0
0
0
3.554318e+08
2.052367e+08
1.338101e+08
9.536971e+07
7.634388e+07
0
0
0
0
0
0
0
0
0
0
3.552093e+08
2.056196e+08
1.345469e+08
9.674861e+07
7.806471e+07
0
0
0
0
0
0
0
0
0
0
3.547646e+08
2.048997e+08
1.341556e+08
9.63954e+07
7.781051e+07
0
0
0
0
0
0
0
0
0
0
3.537589e+08
2.046891e+08
1.334149e+08
9.576733e+07
7.71923e+07
0
0
0
0
0
0
0
0
0
0
3.518673e+08
2.043548e+08
1.33633e+08
9.549722e+07
7.683172e+07
0
0
0
0
0
0
0
0
0
0
3.485599e+08
2.03866e+08
1.340368e+08
9.631393e+07
7.70789e+07
0
0
0
0
0
0
0
0
0
0
3.447618e+08
2.02679e+08
1.346934e+08
9.751485e+07
7.851567e+07
0
0
0
0
0
0
0
0
0
0
0
0
0
0
0
0
0
0
3.429458e+08
2.018658e+08
1.346096e+08
9.880501e+07
8.004849e+07
0
0
0
0
0
0
0
0
0
0
0
0
0
0
0
0
0
0
0
3.423081e+08
2.02561e+08
1.347101e+08
9.895163e+07
8.13515e+07
0
0
0
0
0
0
0
0
0
0
0
0
0
0
0
0
0
0
0
0
3.421212e+08
2.037142e+08
1.359962e+08
9.913814e+07
8.123e+07
0
0
0
0
0
0
0
0
0
0
0
0
0
0
0
0
0
0
0
0
3.405111e+08
2.046584e+08
1.373585e+08
1.00322e+08
8.111157e+07
0
0
0
0
0
0
0
0
0
0
0
0
0
0
0
0
0
0
0
0
3.412871e+08
2.03886e+08
1.382201e+08
1.014327e+08
8.20125e+07
0
0
0
0
0
0
0
0
0
0
0
0
0
0
0
0
0
0
0
0
3.393598e+08
2.044992e+08
1.372883e+08
1.018932e+08
8.272394e+07
0
0
0
0
0
0
0
0
0
0
0
0
0
0
0
0
0
0
0
0
3.369314e+08
2.025352e+08
1.373186e+08
1.005829e+08
8.271956e+07
0
0
0
0
0
0
0
0
0
0
0
0
0
0
0
0
0
0
0
0
3.389968e+08
1.998765e+08
1.349299e+08
9.99947e+07
8.111854e+07
0
0
0
0
0
0
0
0
0
0
0
0
0
0
0
0
0
0
0
0
3.428279e+08
2.002389e+08
1.321197e+08
9.738305e+07
8.023408e+07
0
0
0
0
0
0
0
0
0
0
0
0
0
0
0
0
0
0
0
0
3.467467e+08
2.016059e+08
1.318071e+08
9.483934e+07
7.793248e+07
0
0
0
0
0
0
0
0
0
0
3.506311e+08
2.028262e+08
1.323915e+08
9.449644e+07
7.607903e+07
0
0
0
0
0
0
0
0
0
0
3.524814e+08
2.04267e+08
1.329598e+08
9.495887e+07
7.589615e+07
0
0
0
0
0
0
0
0
0
0
3.547404e+08
2.047551e+08
1.337634e+08
9.536005e+07
7.634284e+07
0
0
0
0
0
0
0
0
0
0
3.548722e+08
2.055683e+08
1.33983e+08
9.581384e+07
7.653964e+07
0
0
0
0
0
0
0
0
0
0
3.557551e+08
2.053509e+08
1.343098e+08
9.647894e+07
7.785544e+07
0
0
0
0
0
0
0
0
0
0
3.552026e+08
2.0532e+08
1.338236e+08
9.617063e+07
7.751929e+07
0
0
0
0
0
0
0
0
0
0
3.53902e+08
2.050642e+08
1.338829e+08
9.560992e+07
7.697402e+07
0
0
0
0
0
0
0
0
0
0
3.514136e+08
2.045182e+08
1.340053e+08
9.601661e+07
7.677804e+07
0
0
0
0
0
0
0
0
0
0
3.481287e+08
2.033247e+08
1.342359e+08
9.671288e+07
7.766638e+07
0
0
0
0
0
0
0
0
0
0
3.456946e+08
2.022889e+08
1.340502e+08
9.776137e+07
7.895352e+07
0
0
0
0
0
0
0
0
0
0
0
0
0
0
0
0
0
0
0
3.443724e+08
2.027405e+08
1.342221e+08
9.807934e+07
8.034228e+07
0
0
0
0
0
0
0
0
0
0
0
0
0
0
0
0
0
0
0
0
3.434466e+08
2.037518e+08
1.355778e+08
9.854979e+07
8.055142e+07
0
0
0
0
0
0
0
0
0
0
0
0
0
0
0
0
0
0
0
0
3.412188e+08
2.046459e+08
1.371271e+08
1.00019e+08
8.080739e+07
0
0
0
0
0
0
0
0
0
0
0
0
0
0
0
0
0
0
0
0
3.412876e+08
2.038862e+08
1.382201e+08
1.014326e+08
8.20125e+07
0
0
0
0
0
0
0
0
0
0
0
0
0
0
0
0
0
0
0
0
3.38664e+08
2.045117e+08
1.375167e+08
1.022596e+08
8.307606e+07
0
0
0
0
0
0
0
0
0
0
0
0
0
0
0
0
0
0
0
0
3.352944e+08
2.024588e+08
1.378229e+08
1.01254e+08
8.350954e+07
0
0
0
0
0
0
0
0
0
0
0
0
0
0
0
0
0
0
0
0
3.365298e+08
1.994909e+08
1.355488e+08
1.010356e+08
8.216311e+07
0
0
0
0
0
0
0
0
0
0
0
0
0
0
0
0
0
0
0
0
3.397425e+08
1.996176e+08
1.324413e+08
9.840632e+07
8.148653e+07
0
0
0
0
0
0
0
0
0
0
0
0
0
0
0
0
0
0
0
0
3.433e+08
2.00755e+08
1.318872e+08
9.530494e+07
7.882638e+07
0
0
0
0
0
0
0
0
0
0
0
0
0
0
0
0
0
0
0
0
3.478089e+08
2.019177e+08
1.32208e+08
9.45883e+07
7.621615e+07
0
0
0
0
0
0
0
0
0
0
3.50283e+08
2.035305e+08
1.326368e+08
9.482947e+07
7.579284e+07
0
0
0
0
0
0
0
0
0
0
3.528299e+08
2.040969e+08
1.335036e+08
9.517357e+07
7.61858e+07
0
0
0
0
0
0
0
0
0
0
3.541035e+08
2.052826e+08
1.337121e+08
9.582793e+07
7.654278e+07
0
0
0
0
0
0
0
0
0
0
3.550399e+08
2.051093e+08
1.342821e+08
9.595567e+07
7.697784e+07
0
0
0
0
0
0
0
0
0
0
3.561628e+08
2.057815e+08
1.340725e+08
9.625606e+07
7.758781e+07
0
0
0
0
0
0
0
0
0
0
3.553085e+08
2.056621e+08
1.342037e+08
9.587367e+07
7.730274e+07
0
0
0
0
0
0
0
0
0
0
3.535766e+08
2.051818e+08
1.342148e+08
9.605457e+07
7.682662e+07
0
0
0
0
0
0
0
0
0
0
3.51076e+08
2.041224e+08
1.341506e+08
9.636928e+07
7.728539e+07
0
0
0
0
0
0
0
0
0
0
3.488615e+08
2.030071e+08
1.337354e+08
9.690428e+07
7.805648e+07
0
0
0
0
0
0
0
0
0
0
3.470388e+08
2.030332e+08
1.337216e+08
9.713328e+07
7.920768e+07
0
0
0
0
0
0
0
0
0
0
0
0
0
0
0
0
0
0
0
0
3.45354e+08
2.038664e+08
1.350076e+08
9.772292e+07
7.959966e+07
0
0
0
0
0
0
0
0
0
0
0
0
0
0
0
0
0
0
0
0
3.426327e+08
2.046508e+08
1.366619e+08
9.938244e+07
8.016939e+07
0
0
0
0
0
0
0
0
0
0
0
0
0
0
0
0
0
0
0
0
3.41947e+08
2.039136e+08
1.379559e+08
1.011033e+08
8.168449e+07
0
0
0
0
0
0
0
0
0
0
0
0
0
0
0
0
0
0
0
0
3.386639e+08
2.045121e+08
1.375169e+08
1.022596e+08
8.307604e+07
0
0
0
0
0
0
0
0
0
0
0
0
0
0
0
0
0
0
0
0
3.34482e+08
2.024389e+08
1.380873e+08
1.015864e+08
8.389809e+07
0
0
0
0
0
0
0
0
0
0
0
0
0
0
0
0
0
0
0
0
3.348882e+08
1.992256e+08
1.359883e+08
1.017678e+08
8.289405e+07
0
0
0
0
0
0
0
0
0
0
0
0
0
0
0
0
0
0
0
0
3.372875e+08
1.991675e+08
1.328116e+08
9.934633e+07
8.260283e+07
0
0
0
0
0
0
0
0
0
0
0
0
0
0
0
0
0
0
0
0
3.402786e+08
2.001688e+08
1.32204e+08
9.602563e+07
7.993878e+07
0
0
0
0
0
0
0
0
0
0
0
0
0
0
0
0
0
0
0
0
3.445535e+08
2.011169e+08
1.323316e+08
9.5085e+07
7.678569e+07
0
0
0
0
0
0
0
0
0
0
0
0
0
0
0
0
0
0
0
0
3.473903e+08
2.027491e+08
1.324849e+08
9.496461e+07
7.597542e+07
0
0
0
0
0
0
0
0
0
0
3.505496e+08
2.033029e+08
1.332637e+08
9.506291e+07
7.611946e+07
0
0
0
0
0
0
0
0
0
0
3.520058e+08
2.043848e+08
1.333664e+08
9.56917e+07
7.639582e+07
0
0
0
0
0
0
0
0
0
0
3.543151e+08
2.047625e+08
1.34154e+08
9.578627e+07
7.700391e+07
0
0
0
0
0
0
0
0
0
0
3.563528e+08
2.052361e+08
1.338673e+08
9.624269e+07
7.709469e+07
0
0
0
0
0
0
0
0
0
0
3.562463e+08
2.061012e+08
1.344565e+08
9.603189e+07
7.73724e+07
0
0
0
0
0
0
0
0
0
0
3.550657e+08
2.057496e+08
1.345068e+08
9.624579e+07
7.70366e+07
0
0
0
0
0
0
0
0
0
0
3.533112e+08
2.048961e+08
1.343192e+08
9.636969e+07
7.726253e+07
0
0
0
0
0
0
0
0
0
0
3.516195e+08
2.038709e+08
1.337844e+08
9.650912e+07
7.763171e+07
0
0
0
0
0
0
0
0
0
0
3.501369e+08
2.035891e+08
1.33466e+08
9.641523e+07
7.825392e+07
0
0
0
0
0
0
0
0
0
0
3.478557e+08
2.040919e+08
1.343888e+08
9.683041e+07
7.856564e+07
0
0
0
0
0
0
0
0
0
0
0
0
0
0
0
0
0
0
0
0
3.446485e+08
2.046451e+08
1.360308e+08
9.847688e+07
7.925119e+07
0
0
0
0
0
0
0
0
0
0
0
0
0
0
0
0
0
0
0
0
3.432758e+08
2.039907e+08
1.3745e+08
1.004221e+08
8.09985e+07
0
0
0
0
0
0
0
0
0
0
0
0
0
0
0
0
0
0
0
0
3.393596e+08
2.045003e+08
1.372888e+08
1.018932e+08
8.272388e+07
0
0
0
0
0
0
0
0
0
0
0
0
0
0
0
0
0
0
0
0
3.344819e+08
2.024389e+08
1.380877e+08
1.015866e+08
8.389808e+07
0
0
0
0
0
0
0
0
0
0
0
0
0
0
0
0
0
0
0
0
3.339265e+08
1.991088e+08
1.362227e+08
1.021347e+08
8.325029e+07
0
0
0
0
0
0
0
0
0
0
0
0
0
0
0
0
0
0
0
0
3.354855e+08
1.988878e+08
1.330782e+08
1.000163e+08
8.339254e+07
0
0
0
0
0
0
0
0
0
0
0
0
0
0
0
0
0
0
0
0
3.37891e+08
1.997144e+08
1.325259e+08
9.672701e+07
8.095867e+07
0
0
0
0
0
0
0
0
0
0
0
0
0
0
0
0
0
0
0
0
3.417105e+08
2.005877e+08
1.326737e+08
9.580181e+07
7.760303e+07
0
0
0
0
0
0
0
0
0
0
0
0
0
0
0
0
0
0
0
0
3.440717e+08
2.020999e+08
1.326558e+08
9.549842e+07
7.657894e+07
0
0
0
0
0
0
0
0
0
0
0
0
0
0
0
0
0
0
0
0
3.476393e+08
2.024841e+08
1.33225e+08
9.5229e+07
7.634191e+07
0
0
0
0
0
0
0
0
0
0
3.494751e+08
2.035332e+08
1.330819e+08
9.565977e+07
7.634753e+07
0
0
0
0
0
0
0
0
0
0
3.525512e+08
2.037209e+08
1.336313e+08
9.557192e+07
7.690548e+07
0
0
0
0
0
0
0
0
0
0
3.556824e+08
2.049209e+08
1.336849e+08
9.618295e+07
7.697419e+07
0
0
0
0
0
0
0
0
0
0
3.558338e+08
2.062613e+08
1.339768e+08
9.5841e+07
7.737764e+07
0
0
0
0
0
0
0
0
0
0
3.560428e+08
2.061713e+08
1.347404e+08
9.639806e+07
7.715699e+07
0
0
0
0
0
0
0
0
0
0
3.548483e+08
2.055347e+08
1.345844e+08
9.653404e+07
7.741354e+07
0
0
0
0
0
0
0
0
0
0
3.536865e+08
2.046961e+08
1.340544e+08
9.647031e+07
7.757307e+07
0
0
0
0
0
0
0
0
0
0
3.528732e+08
2.043012e+08
1.335694e+08
9.61508e+07
7.777659e+07
0
0
0
0
0
0
0
0
0
0
3.507595e+08
2.045919e+08
1.339869e+08
9.616558e+07
7.775372e+07
0
0
0
0
0
0
0
0
0
0
3.472744e+08
2.047386e+08
1.353483e+08
9.747047e+07
7.826891e+07
0
0
0
0
0
0
0
0
0
0
0
0
0
0
0
0
0
0
0
0
3.451898e+08
2.040746e+08
1.367211e+08
9.945808e+07
8.000216e+07
0
0
0
0
0
0
0
0
0
0
0
0
0
0
0
0
0
0
0
0
3.407685e+08
2.04508e+08
1.368486e+08
1.0116e+08
8.199679e+07
0
0
0
0
0
0
0
0
0
0
0
0
0
0
0
0
0
0
0
0
3.352942e+08
2.024586e+08
1.378238e+08
1.012545e+08
8.350954e+07
0
0
0
0
0
0
0
0
0
0
0
0
0
0
0
0
0
0
0
0
3.339265e+08
1.991088e+08
1.362227e+08
1.02135e+08
8.325046e+07
0
0
0
0
0
0
0
0
0
0
0
0
0
0
0
0
0
0
0
0
3.343189e+08
1.986542e+08
1.33224e+08
1.003546e+08
8.37819e+07
0
0
0
0
0
0
0
0
0
0
0
0
0
0
0
0
0
0
0
0
3.362567e+08
1.992617e+08
1.327672e+08
9.723097e+07
8.168943e+07
0
0
0
0
0
0
0
0
0
0
0
0
0
0
0
0
0
0
0
0
3.394719e+08
2.002004e+08
1.329845e+08
9.646991e+07
7.839009e+07
0
0
0
0
0
0
0
0
0
0
0
0
0
0
0
0
0
0
0
0
3.411588e+08
2.017137e+08
1.330529e+08
9.623524e+07
7.739614e+07
0
0
0
0
0
0
0
0
0
0
0
0
0
0
0
0
0
0
0
0
3.443318e+08
2.018047e+08
1.335313e+08
9.580948e+07
7.697857e+07
0
0
0
0
0
0
0
0
0
0
0
0
0
0
0
0
0
0
0
0
3.462362e+08
2.027066e+08
1.330188e+08
9.593288e+07
7.659998e+07
0
0
0
0
0
0
0
0
0
0
3.495564e+08
2.026719e+08
1.332993e+08
9.550169e+07
7.693311e+07
0
0
0
0
0
0
0
0
0
0
3.540279e+08
2.040782e+08
1.330364e+08
9.582921e+07
7.680229e+07
0
0
0
0
0
0
0
0
0
0
3.552866e+08
2.059875e+08
1.338206e+08
9.57293e+07
7.733436e+07
0
0
0
0
0
0
0
0
0
0
2.059639e+08
1.348965e+08
9.594445e+07
7.696902e+07
0
0
0
0
0
0
0
0
0
0
3.558517e+08
2.059905e+08
1.348028e+08
9.66688e+07
7.751793e+07
0
0
0
0
0
0
0
0
0
0
3.550393e+08
2.053693e+08
1.343848e+08
9.660898e+07
7.769833e+07
0
0
0
0
0
0
0
0
0
0
3.550132e+08
2.049932e+08
1.338823e+08
9.621068e+07
7.767813e+07
0
0
0
0
0
0
0
0
0
0
3.533049e+08
2.052853e+08
1.33954e+08
9.595031e+07
7.7409e+07
0
0
0
0
0
0
0
0
0
0
3.503121e+08
2.050854e+08
1.348927e+08
9.66648e+07
7.750788e+07
0
0
0
0
0
0
0
0
0
0
3.477043e+08
2.042712e+08
1.359216e+08
9.839054e+07
7.890611e+07
0
0
0
0
0
0
0
0
0
0
0
0
0
0
0
0
0
0
0
0
3.428169e+08
2.045082e+08
1.362017e+08
1.001148e+08
8.094722e+07
0
0
0
0
0
0
0
0
0
0
0
0
0
0
0
0
0
0
0
0
3.369312e+08
2.025351e+08
1.3732e+08
1.005837e+08
8.271958e+07
0
0
0
0
0
0
0
0
0
0
0
0
0
0
0
0
0
0
0
0
3.348882e+08
1.992255e+08
1.359882e+08
1.017686e+08
8.289454e+07
0
0
0
0
0
0
0
0
0
0
0
0
0
0
0
0
0
0
0
0
3.343189e+08
1.986542e+08
1.332239e+08
1.003546e+08
8.378222e+07
0
0
0
0
0
0
0
0
0
0
0
0
0
0
0
0
0
0
0
0
3.354617e+08
1.988482e+08
1.327988e+08
9.748451e+07
8.205181e+07
0
0
0
0
0
0
0
0
0
0
0
0
0
0
0
0
0
0
0
0
3.379445e+08
1.999497e+08
1.330553e+08
9.693718e+07
7.895908e+07
0
0
0
0
0
0
0
0
0
0
0
0
0
0
0
0
0
0
0
0
3.388528e+08
2.014462e+08
1.334303e+08
9.688835e+07
7.816492e+07
0
0
0
0
0
0
0
0
0
0
0
0
0
0
0
0
0
0
0
0
3.41436e+08
2.013775e+08
1.340568e+08
9.660119e+07
7.781247e+07
0
0
0
0
0
0
0
0
0
0
0
0
0
0
0
0
0
0
0
0
3.425623e+08
2.020411e+08
1.333085e+08
9.664153e+07
7.728231e+07
0
0
0
0
0
0
0
0
0
0
0
0
0
0
0
0
0
0
0
0
3.461316e+08
2.015854e+08
1.332329e+08
9.575778e+07
7.728847e+07
0
0
0
0
0
0
0
0
0
0
3.511961e+08
2.027253e+08
1.325292e+08
9.571589e+07
7.679654e+07
0
0
0
0
0
0
0
0
0
0
3.539171e+08
2.052282e+08
1.333143e+08
9.525732e+07
7.705778e+07
0
0
0
0
0
0
0
0
0
0
2.057809e+08
1.347775e+08
9.585653e+07
7.687403e+07
0
0
0
0
0
0
0
0
0
0
1.346807e+08
9.682276e+07
7.707322e+07
0
0
0
0
0
0
0
0
0
0
3.555814e+08
2.058442e+08
1.346349e+08
9.67295e+07
7.778631e+07
0
0
0
0
0
0
0
0
0
0
3.567965e+08
2.055234e+08
1.342418e+08
9.641274e+07
7.777738e+07
0
0
0
0
0
0
0
0
0
0
3.552441e+08
2.060309e+08
1.341478e+08
9.604913e+07
7.741033e+07
0
0
0
0
0
0
0
0
0
0
3.529856e+08
2.056293e+08
1.348398e+08
9.631872e+07
7.721026e+07
0
0
0
0
0
0
0
0
0
0
3.506292e+08
2.047285e+08
1.353307e+08
9.753326e+07
7.80045e+07
0
0
0
0
0
0
0
0
0
0
3.455334e+08
2.046126e+08
1.354967e+08
9.893618e+07
7.979627e+07
0
0
0
0
0
0
0
0
0
0
0
0
0
0
0
0
0
0
0
0
3.393106e+08
2.026484e+08
1.365963e+08
9.961683e+07
8.159967e+07
0
0
0
0
0
0
0
0
0
0
0
0
0
0
0
0
0
0
0
0
3.365298e+08
1.994908e+08
1.355487e+08
1.010369e+08
8.216386e+07
0
0
0
0
0
0
0
0
0
0
0
0
0
0
0
0
0
0
0
0
3.354855e+08
1.988878e+08
1.33078e+08
1.000162e+08
8.339343e+07
0
0
0
0
0
0
0
0
0
0
0
0
0
0
0
0
0
0
0
0
3.354618e+08
1.988482e+08
1.327988e+08
9.748447e+07
8.205178e+07
0
0
0
0
0
0
0
0
0
0
0
0
0
0
0
0
0
0
0
0
3.37205e+08
1.998456e+08
1.329223e+08
9.707964e+07
7.923893e+07
0
0
0
0
0
0
0
0
0
0
0
0
0
0
0
0
0
0
0
0
3.372736e+08
2.012812e+08
1.337069e+08
9.719581e+07
7.868841e+07
0
0
0
0
0
0
0
0
0
0
0
0
0
0
0
0
0
0
0
0
3.391355e+08
2.010654e+08
1.345415e+08
9.732115e+07
7.85632e+07
0
0
0
0
0
0
0
0
0
0
0
0
0
0
0
0
0
0
0
0
3.393726e+08
2.016291e+08
1.33805e+08
9.755481e+07
7.817061e+07
0
0
0
0
0
0
0
0
0
0
0
0
0
0
0
0
0
0
0
0
3.42297e+08
2.006277e+08
1.335386e+08
9.645784e+07
7.809394e+07
0
0
0
0
0
0
0
0
0
0
0
0
0
0
0
0
0
0
0
0
3.479891e+08
2.014909e+08
1.32232e+08
9.59705e+07
7.714164e+07
0
0
0
0
0
0
0
0
0
0
3.518176e+08
2.040022e+08
1.325693e+08
9.497696e+07
7.701045e+07
0
0
0
0
0
0
0
0
0
0
2.052323e+08
1.343458e+08
9.549125e+07
7.648212e+07
0
0
0
0
0
0
0
0
0
0
1.346391e+08
9.676997e+07
7.700087e+07
0
0
0
0
0
0
0
0
0
0
9.665428e+07
7.792756e+07
0
0
0
0
0
0
0
0
0
0
3.574344e+08
2.056997e+08
1.34508e+08
9.656412e+07
7.785134e+07
0
0
0
0
0
0
0
0
0
0
3.565916e+08
2.068334e+08
1.34381e+08
9.627786e+07
7.757362e+07
0
0
0
0
0
0
0
0
0
0
3.550759e+08
2.062199e+08
1.350777e+08
9.630347e+07
7.7249e+07
0
0
0
0
0
0
0
0
0
0
3.532144e+08
2.053759e+08
1.35146e+08
9.716757e+07
7.757653e+07
0
0
0
0
0
0
0
0
0
0
3.487033e+08
2.049772e+08
1.350072e+08
9.795076e+07
7.88496e+07
0
0
0
0
0
0
0
0
0
0
3.424541e+08
2.029192e+08
1.358064e+08
9.852912e+07
8.033891e+07
0
0
0
0
0
0
0
0
0
0
0
0
0
0
0
0
0
0
0
0
3.389967e+08
1.998764e+08
1.349299e+08
9.999614e+07
8.111944e+07
0
0
0
0
0
0
0
0
0
0
0
0
0
0
0
0
0
0
0
0
3.372874e+08
1.991675e+08
1.328115e+08
9.934618e+07
8.260413e+07
0
0
0
0
0
0
0
0
0
0
0
0
0
0
0
0
0
0
0
0
3.362568e+08
1.992616e+08
1.327672e+08
9.723086e+07
8.168936e+07
0
0
0
0
0
0
0
0
0
0
0
0
0
0
0
0
0
0
0
0
3.372051e+08
1.998456e+08
1.329223e+08
9.707965e+07
7.92389e+07
0
0
0
0
0
0
0
0
0
0
0
0
0
0
0
0
0
0
0
0
3.365066e+08
2.012213e+08
1.338516e+08
9.718204e+07
7.886854e+07
0
0
0
0
0
0
0
0
0
0
0
0
0
0
0
0
0
0
0
0
3.37456e+08
2.008645e+08
1.348947e+08
9.782169e+07
7.894584e+07
0
0
0
0
0
0
0
0
0
0
0
0
0
0
0
0
0
0
0
0
3.368777e+08
2.013175e+08
1.342548e+08
9.837611e+07
7.898877e+07
0
0
0
0
0
0
0
0
0
0
0
0
0
0
0
0
0
0
0
0
3.389213e+08
1.999768e+08
1.340507e+08
9.734913e+07
7.909898e+07
0
0
0
0
0
0
0
0
0
0
0
0
0
0
0
0
0
0
0
0
3.444235e+08
2.004031e+08
1.322775e+08
9.668743e+07
7.794671e+07
0
0
0
0
0
0
0
0
0
0
0
0
0
0
0
0
0
0
0
0
3.490056e+08
2.029358e+08
1.321392e+08
9.501161e+07
7.735408e+07
0
0
0
0
0
0
0
0
0
0
2.045046e+08
1.337157e+08
9.50127e+07
7.626892e+07
0
0
0
0
0
0
0
0
0
0
1.343872e+08
9.647508e+07
7.66821e+07
0
0
0
0
0
0
0
0
0
0
9.667332e+07
7.788811e+07
0
0
0
0
0
0
0
0
0
0
7.780403e+07
0
0
0
0
0
0
0
0
0
0
3.574954e+08
2.070789e+08
1.344156e+08
9.644407e+07
7.767889e+07
0
0
0
0
0
0
0
0
0
0
3.568264e+08
2.067427e+08
1.355171e+08
9.641242e+07
7.743802e+07
0
0
0
0
0
0
0
0
0
0
3.552446e+08
2.060843e+08
1.352479e+08
9.719308e+07
7.750191e+07
0
0
0
0
0
0
0
0
0
0
3.514853e+08
2.055531e+08
1.349165e+08
9.746011e+07
7.840685e+07
0
0
0
0
0
0
0
0
0
0
3.461038e+08
2.034812e+08
1.352316e+08
9.764152e+07
7.926538e+07
0
0
0
0
0
0
0
0
0
0
3.421397e+08
2.004945e+08
1.342928e+08
9.882651e+07
7.994673e+07
0
0
0
0
0
0
0
0
0
0
0
0
0
0
0
0
0
0
0
0
3.397424e+08
1.996175e+08
1.324412e+08
9.840622e+07
8.148799e+07
0
0
0
0
0
0
0
0
0
0
0
0
0
0
0
0
0
0
0
0
3.378913e+08
1.997143e+08
1.325259e+08
9.672688e+07
8.09586e+07
0
0
0
0
0
0
0
0
0
0
0
0
0
0
0
0
0
0
0
0
3.379446e+08
1.999499e+08
1.330553e+08
9.693718e+07
7.8959e+07
0
0
0
0
0
0
0
0
0
0
0
0
0
0
0
0
0
0
0
0
3.365066e+08
2.012213e+08
1.338516e+08
9.718203e+07
7.886854e+07
0
0
0
0
0
0
0
0
0
0
0
0
0
0
0
0
0
0
0
0
3.365687e+08
2.007853e+08
1.35079e+08
9.806995e+07
7.897647e+07
0
0
0
0
0
0
0
0
0
0
0
0
0
0
0
0
0
0
0
0
3.351497e+08
2.010323e+08
1.345788e+08
9.894869e+07
7.954676e+07
0
0
0
0
0
0
0
0
0
0
0
0
0
0
0
0
0
0
0
0
3.362735e+08
1.995041e+08
1.344997e+08
9.814078e+07
8.001389e+07
0
0
0
0
0
0
0
0
0
0
0
0
0
0
0
0
0
0
0
0
3.413763e+08
1.996085e+08
1.325754e+08
9.759448e+07
7.893673e+07
0
0
0
0
0
0
0
0
0
0
0
0
0
0
0
0
0
0
0
0
3.457412e+08
2.020572e+08
1.320666e+08
9.548046e+07
7.817545e+07
0
0
0
0
0
0
0
0
0
0
0
0
0
0
0
0
0
0
0
0
2.037336e+08
1.334372e+08
9.492101e+07
7.63939e+07
0
0
0
0
0
0
0
0
0
0
1.341568e+08
9.610577e+07
7.63074e+07
0
0
0
0
0
0
0
0
0
0
9.654515e+07
7.763499e+07
0
0
0
0
0
0
0
0
0
0
7.783443e+07
0
0
0
0
0
0
0
0
0
0
0
0
0
0
0
0
0
0
0
0
3.574496e+08
2.071378e+08
1.356098e+08
9.638596e+07
7.755754e+07
0
0
0
0
0
0
0
0
0
0
3.569583e+08
2.068617e+08
1.35472e+08
9.746982e+07
7.757315e+07
0
0
0
0
0
0
0
0
0
0
3.536033e+08
2.062137e+08
1.351232e+08
9.735739e+07
7.837464e+07
0
0
0
0
0
0
0
0
0
0
3.492953e+08
2.042136e+08
1.350753e+08
9.72411e+07
7.869908e+07
0
0
0
0
0
0
0
0
0
0
3.457324e+08
2.014409e+08
1.338977e+08
9.785633e+07
7.896839e+07
0
0
0
0
0
0
0
0
0
0
3.428278e+08
2.002389e+08
1.321197e+08
9.738301e+07
8.023548e+07
0
0
0
0
0
0
0
0
0
0
0
0
0
0
0
0
0
0
0
0
3.402789e+08
2.001687e+08
1.32204e+08
9.602553e+07
7.993876e+07
0
0
0
0
0
0
0
0
0
0
0
0
0
0
0
0
0
0
0
0
3.39472e+08
2.002006e+08
1.329844e+08
9.64699e+07
7.838999e+07
0
0
0
0
0
0
0
0
0
0
0
0
0
0
0
0
0
0
0
0
3.372737e+08
2.012813e+08
1.33707e+08
9.719578e+07
7.868842e+07
0
0
0
0
0
0
0
0
0
0
0
0
0
0
0
0
0
0
0
0
3.365687e+08
2.007853e+08
1.35079e+08
9.806999e+07
7.897646e+07
0
0
0
0
0
0
0
0
0
0
0
0
0
0
0
0
0
0
0
0
3.340889e+08
2.008007e+08
1.347474e+08
9.923422e+07
7.982132e+07
0
0
0
0
0
0
0
0
0
0
0
0
0
0
0
0
0
0
0
0
3.34693e+08
1.99136e+08
1.347366e+08
9.868821e+07
8.064045e+07
0
0
0
0
0
0
0
0
0
0
0
0
0
0
0
0
0
0
0
0
3.39087e+08
1.990571e+08
1.328799e+08
9.838421e+07
7.982725e+07
0
0
0
0
0
0
0
0
0
0
0
0
0
0
0
0
0
0
0
0
3.427622e+08
2.015173e+08
1.322439e+08
9.618273e+07
7.917999e+07
0
0
0
0
0
0
0
0
0
0
0
0
0
0
0
0
0
0
0
0
2.030809e+08
1.335537e+08
9.527703e+07
7.696826e+07
0
0
0
0
0
0
0
0
0
0
0
0
0
0
0
0
0
0
0
0
1.341295e+08
9.615712e+07
7.630991e+07
0
0
0
0
0
0
0
0
0
0
9.652279e+07
7.736277e+07
0
0
0
0
0
0
0
0
0
0
7.774291e+07
0
0
0
0
0
0
0
0
0
0
0
0
0
0
0
0
0
0
0
0
0
0
0
0
0
0
0
0
0
3.575645e+08
2.070958e+08
1.356662e+08
9.749649e+07
7.753479e+07
0
0
0
0
0
0
0
0
0
0
3.550695e+08
2.069619e+08
1.355412e+08
9.745647e+07
7.858062e+07
0
0
0
0
0
0
0
0
0
0
3.51712e+08
2.049458e+08
1.352385e+08
9.72378e+07
7.854109e+07
0
0
0
0
0
0
0
0
0
0
3.488486e+08
2.024983e+08
1.338835e+08
9.739259e+07
7.849e+07
0
0
0
0
0
0
0
0
0
0
3.463347e+08
2.01146e+08
1.32072e+08
9.658484e+07
7.917656e+07
0
0
0
0
0
0
0
0
0
0
3.433003e+08
2.007549e+08
1.318871e+08
9.530486e+07
7.882641e+07
0
0
0
0
0
0
0
0
0
0
0
0
0
0
0
0
0
0
0
0
3.417107e+08
2.005879e+08
1.326736e+08
9.58018e+07
7.760296e+07
0
0
0
0
0
0
0
0
0
0
0
0
0
0
0
0
0
0
0
0
3.388528e+08
2.014463e+08
1.334304e+08
9.688829e+07
7.816493e+07
0
0
0
0
0
0
0
0
0
0
0
0
0
0
0
0
0
0
0
0
3.37456e+08
2.008645e+08
1.348948e+08
9.782181e+07
7.89458e+07
0
0
0
0
0
0
0
0
0
0
0
0
0
0
0
0
0
0
0
0
3.340889e+08
2.008007e+08
1.347475e+08
9.923424e+07
7.982136e+07
0
0
0
0
0
0
0
0
0
0
0
0
0
0
0
0
0
0
0
0
3.338757e+08
1.988019e+08
1.347698e+08
9.896023e+07
8.095046e+07
0
0
0
0
0
0
0
0
0
0
0
0
0
0
0
0
0
0
0
0
3.375662e+08
1.988048e+08
1.330373e+08
9.884429e+07
8.043252e+07
0
0
0
0
0
0
0
0
0
0
0
0
0
0
0
0
0
0
0
0
3.407612e+08
2.012035e+08
1.324804e+08
9.683549e+07
8.006628e+07
0
0
0
0
0
0
0
0
0
0
0
0
0
0
0
0
0
0
0
0
2.02645e+08
1.339527e+08
9.587649e+07
7.776849e+07
0
0
0
0
0
0
0
0
0
0
0
0
0
0
0
0
0
0
0
0
1.344351e+08
9.669187e+07
7.677475e+07
0
0
0
0
0
0
0
0
0
0
0
0
0
0
0
0
0
0
0
0
9.680738e+07
7.749761e+07
0
0
0
0
0
0
0
0
0
0
7.777823e+07
0
0
0
0
0
0
0
0
0
0
0
0
0
0
0
0
0
0
0
0
0
0
0
0
0
0
0
0
0
0
0
0
0
0
0
0
0
3.56048e+08
2.071826e+08
1.35624e+08
9.75536e+07
7.859333e+07
0
0
0
0
0
0
0
0
0
0
3.533687e+08
2.055621e+08
1.3563e+08
9.749439e+07
7.860331e+07
0
0
0
0
0
0
0
0
0
0
3.51178e+08
2.034663e+08
1.341132e+08
9.734738e+07
7.842843e+07
0
0
0
0
0
0
0
0
0
0
3.493623e+08
2.021493e+08
1.323503e+08
9.625672e+07
7.863643e+07
0
0
0
0
0
0
0
0
0
0
3.46747e+08
2.016058e+08
1.318071e+08
9.483926e+07
7.793249e+07
0
0
0
0
0
0
0
0
0
0
3.445537e+08
2.011171e+08
1.323316e+08
9.508498e+07
7.678564e+07
0
0
0
0
0
0
0
0
0
0
0
0
0
0
0
0
0
0
0
0
3.411588e+08
2.017138e+08
1.330531e+08
9.623518e+07
7.739614e+07
0
0
0
0
0
0
0
0
0
0
0
0
0
0
0
0
0
0
0
0
3.391355e+08
2.010655e+08
1.345416e+08
9.732132e+07
7.856314e+07
0
0
0
0
0
0
0
0
0
0
0
0
0
0
0
0
0
0
0
0
3.351497e+08
2.010324e+08
1.345788e+08
9.894874e+07
7.954687e+07
0
0
0
0
0
0
0
0
0
0
0
0
0
0
0
0
0
0
0
0
3.338757e+08
1.988019e+08
1.347698e+08
9.896024e+07
8.095048e+07
0
0
0
0
0
0
0
0
0
0
0
0
0
0
0
0
0
0
0
0
3.36784e+08
1.986425e+08
1.329807e+08
9.900563e+07
8.073102e+07
0
0
0
0
0
0
0
0
0
0
0
0
0
0
0
0
0
0
0
0
3.395161e+08
2.010207e+08
1.32734e+08
9.72249e+07
8.059111e+07
0
0
0
0
0
0
0
0
0
0
0
0
0
0
0
0
0
0
0
0
2.025373e+08
1.343923e+08
9.644995e+07
7.851891e+07
0
0
0
0
0
0
0
0
0
0
0
0
0
0
0
0
0
0
0
0
1.349428e+08
9.748932e+07
7.748585e+07
0
0
0
0
0
0
0
0
0
0
0
0
0
0
0
0
0
0
0
0
9.751636e+07
7.812766e+07
0
0
0
0
0
0
0
0
0
0
0
0
0
0
0
0
0
0
0
0
7.814268e+07
0
0
0
0
0
0
0
0
0
0
0
0
0
0
0
0
0
0
0
0
0
0
0
0
0
0
0
0
0
0
0
0
0
0
0
0
0
0
0
0
0
0
0
0
3.544472e+08
2.060154e+08
1.357007e+08
9.751173e+07
7.8655e+07
0
0
0
0
0
0
0
0
0
0
3.526988e+08
2.042331e+08
1.344214e+08
9.757856e+07
7.861387e+07
0
0
0
0
0
0
0
0
0
0
3.516176e+08
2.030527e+08
1.32792e+08
9.6276e+07
7.853408e+07
0
0
0
0
0
0
0
0
0
0
3.497312e+08
2.025485e+08
1.320396e+08
9.479096e+07
7.752231e+07
0
0
0
0
0
0
0
0
0
0
3.47809e+08
2.019179e+08
1.322079e+08
9.458828e+07
7.62161e+07
0
0
0
0
0
0
0
0
0
0
3.440718e+08
2.021e+08
1.32656e+08
9.549836e+07
7.657894e+07
0
0
0
0
0
0
0
0
0
0
0
0
0
0
0
0
0
0
0
0
3.414361e+08
2.013775e+08
1.340569e+08
9.660137e+07
7.781242e+07
0
0
0
0
0
0
0
0
0
0
0
0
0
0
0
0
0
0
0
0
3.368777e+08
2.013175e+08
1.342548e+08
9.837618e+07
7.898892e+07
0
0
0
0
0
0
0
0
0
0
0
0
0
0
0
0
0
0
0
0
3.34693e+08
1.99136e+08
1.347366e+08
9.868823e+07
8.06405e+07
0
0
0
0
0
0
0
0
0
0
0
0
0
0
0
0
0
0
0
0
3.36784e+08
1.986425e+08
1.329807e+08
9.900564e+07
8.073103e+07
0
0
0
0
0
0
0
0
0
0
0
0
0
0
0
0
0
0
0
0
3.389172e+08
2.009217e+08
1.328252e+08
9.729389e+07
8.079628e+07
0
0
0
0
0
0
0
0
0
0
0
0
0
0
0
0
0
0
0
0
2.025573e+08
1.347253e+08
9.691993e+07
7.89695e+07
0
0
0
0
0
0
0
0
0
0
0
0
0
0
0
0
0
0
0
0
1.355428e+08
9.825865e+07
7.815132e+07
0
0
0
0
0
0
0
0
0
0
0
0
0
0
0
0
0
0
0
0
9.843064e+07
7.901305e+07
0
0
0
0
0
0
0
0
0
0
0
0
0
0
0
0
0
0
0
0
7.894702e+07
0
0
0
0
0
0
0
0
0
0
0
0
0
0
0
0
0
0
0
0
0
0
0
0
0
0
0
0
0
0
0
0
0
0
0
0
0
0
0
0
0
0
0
0
0
0
0
0
0
0
0
0
0
0
0
0
0
0
0
0
3.533225e+08
2.047662e+08
1.346672e+08
9.75843e+07
7.861701e+07
0
0
0
0
0
0
0
0
0
0
3.530867e+08
2.037174e+08
1.332355e+08
9.645535e+07
7.869479e+07
0
0
0
0
0
0
0
0
0
0
3.519586e+08
2.033994e+08
1.324254e+08
9.501297e+07
7.748191e+07
0
0
0
0
0
0
0
0
0
0
3.506312e+08
2.028264e+08
1.323915e+08
9.44964e+07
7.607893e+07
0
0
0
0
0
0
0
0
0
0
3.473903e+08
2.027492e+08
1.324851e+08
9.496456e+07
7.59754e+07
0
0
0
0
0
0
0
0
0
0
3.443318e+08
2.018048e+08
1.335314e+08
9.580966e+07
7.697852e+07
0
0
0
0
0
0
0
0
0
0
0
0
0
0
0
0
0
0
0
0
3.393726e+08
2.016291e+08
1.33805e+08
9.755489e+07
7.817078e+07
0
0
0
0
0
0
0
0
0
0
0
0
0
0
0
0
0
0
0
0
3.362735e+08
1.995041e+08
1.344997e+08
9.814082e+07
8.001395e+07
0
0
0
0
0
0
0
0
0
0
0
0
0
0
0
0
0
0
0
0
3.375663e+08
1.988048e+08
1.330374e+08
9.884429e+07
8.043255e+07
0
0
0
0
0
0
0
0
0
0
0
0
0
0
0
0
0
0
0
0
3.389172e+08
2.009217e+08
1.328252e+08
9.729389e+07
8.079629e+07
0
0
0
0
0
0
0
0
0
0
0
0
0
0
0
0
0
0
0
0
2.02589e+08
1.348935e+08
9.712401e+07
7.908732e+07
0
0
0
0
0
0
0
0
0
0
0
0
0
0
0
0
0
0
0
0
1.360394e+08
9.881901e+07
7.866765e+07
0
0
0
0
0
0
0
0
0
0
0
0
0
0
0
0
0
0
0
0
9.933031e+07
7.98613e+07
0
0
0
0
0
0
0
0
0
0
0
0
0
0
0
0
0
0
0
0
7.997275e+07
0
0
0
0
0
0
0
0
0
0
0
0
0
0
0
0
0
0
0
0
0
0
0
0
0
0
0
0
0
0
0
0
0
0
0
0
0
0
0
0
0
0
0
0
0
0
0
0
0
0
0
0
0
0
0
0
0
0
0
0
0
0
0
0
0
0
0
0
0
0
0
0
0
0
0
3.536833e+08
2.039588e+08
1.335532e+08
9.660113e+07
7.868667e+07
0
0
0
0
0
0
0
0
0
0
3.534112e+08
2.040269e+08
1.327804e+08
9.53218e+07
7.762161e+07
0
0
0
0
0
0
0
0
0
0
3.527393e+08
2.036563e+08
1.327337e+08
9.466513e+07
7.623646e+07
0
0
0
0
0
0
0
0
0
0
3.502831e+08
2.035306e+08
1.32637e+08
9.482942e+07
7.579281e+07
0
0
0
0
0
0
0
0
0
0
3.476393e+08
2.024842e+08
1.332251e+08
9.522917e+07
7.634186e+07
0
0
0
0
0
0
0
0
0
0
3.425623e+08
2.020411e+08
1.333086e+08
9.664162e+07
7.728249e+07
0
0
0
0
0
0
0
0
0
0
0
0
0
0
0
0
0
0
0
0
3.389213e+08
1.999768e+08
1.340507e+08
9.734918e+07
7.909905e+07
0
0
0
0
0
0
0
0
0
0
0
0
0
0
0
0
0
0
0
0
3.390871e+08
1.990571e+08
1.328799e+08
9.838421e+07
7.982729e+07
0
0
0
0
0
0
0
0
0
0
0
0
0
0
0
0
0
0
0
0
3.395162e+08
2.010207e+08
1.32734e+08
9.72249e+07
8.059111e+07
0
0
0
0
0
0
0
0
0
0
0
0
0
0
0
0
0
0
0
0
2.02589e+08
1.348935e+08
9.712401e+07
7.908732e+07
0
0
0
0
0
0
0
0
0
0
0
0
0
0
0
0
0
0
0
0
1.363099e+08
9.910448e+07
7.890109e+07
0
0
0
0
0
0
0
0
0
0
0
0
0
0
0
0
0
0
0
0
1.000292e+08
8.047693e+07
0
0
0
0
0
0
0
0
0
0
0
0
0
0
0
0
0
0
0
0
8.09331e+07
0
0
0
0
0
0
0
0
0
0
0
0
0
0
0
0
0
0
0
0
0
0
0
0
0
0
0
0
0
0
0
0
0
0
0
0
0
0
0
0
0
0
0
0
0
0
0
0
0
0
0
0
0
0
0
0
0
0
0
0
0
0
0
0
0
0
0
0
0
0
0
0
0
0
0
0
0
0
0
0
0
0
0
0
0
0
0
0
0
3.540004e+08
2.042485e+08
1.328737e+08
9.553643e+07
7.77199e+07
0
0
0
0
0
0
0
0
0
0
3.541156e+08
2.042717e+08
1.330575e+08
9.489066e+07
7.650277e+07
0
0
0
0
0
0
0
0
0
0
3.524815e+08
2.042671e+08
1.3296e+08
9.495882e+07
7.58961e+07
0
0
0
0
0
0
0
0
0
0
3.505497e+08
2.03303e+08
1.332638e+08
9.506307e+07
7.611941e+07
0
0
0
0
0
0
0
0
0
0
3.462362e+08
2.027066e+08
1.330189e+08
9.593296e+07
7.660014e+07
0
0
0
0
0
0
0
0
0
0
3.422971e+08
2.006277e+08
1.335386e+08
9.64579e+07
7.809402e+07
0
0
0
0
0
0
0
0
0
0
0
0
0
0
0
0
0
0
0
0
3.413763e+08
1.996085e+08
1.325754e+08
9.759449e+07
7.893677e+07
0
0
0
0
0
0
0
0
0
0
0
0
0
0
0
0
0
0
0
0
3.407613e+08
2.012035e+08
1.324804e+08
9.68355e+07
8.006629e+07
0
0
0
0
0
0
0
0
0
0
0
0
0
0
0
0
0
0
0
0
2.025573e+08
1.347253e+08
9.691993e+07
7.89695e+07
0
0
0
0
0
0
0
0
0
0
0
0
0
0
0
0
0
0
0
0
1.363099e+08
9.910448e+07
7.890109e+07
0
0
0
0
0
0
0
0
0
0
0
0
0
0
0
0
0
0
0
0
1.004013e+08
8.078963e+07
0
0
0
0
0
0
0
0
0
0
0
0
0
0
0
0
0
0
0
0
8.16704e+07
0
0
0
0
0
0
0
0
0
0
0
0
0
0
0
0
0
0
0
0
0
0
0
0
0
0
0
0
0
0
0
0
0
0
0
0
0
0
0
0
0
0
0
0
0
0
0
0
0
0
0
0
0
0
0
0
0
0
0
0
0
0
0
0
0
0
0
0
0
0
0
0
0
0
0
0
0
0
0
0
0
0
0
0
0
0
0
0
0
0
0
0
0
0
0
0
0
0
0
0
0
0
3.546685e+08
2.04488e+08
1.331339e+08
9.492019e+07
7.666867e+07
0
0
0
0
0
0
0
0
0
0
3.54002e+08
2.048229e+08
1.332728e+08
9.51558e+07
7.608018e+07
0
0
0
0
0
0
0
0
0
0
3.5283e+08
2.04097e+08
1.335037e+08
9.517372e+07
7.618576e+07
0
0
0
0
0
0
0
0
0
0
3.494752e+08
2.035332e+08
1.330819e+08
9.565986e+07
7.634768e+07
0
0
0
0
0
0
0
0
0
0
3.461316e+08
2.015854e+08
1.332329e+08
9.575783e+07
7.728856e+07
0
0
0
0
0
0
0
0
0
0
3.444235e+08
2.004031e+08
1.322775e+08
9.668745e+07
7.794676e+07
0
0
0
0
0
0
0
0
0
0
0
0
0
0
0
0
0
0
0
0
3.427622e+08
2.015173e+08
1.322439e+08
9.618274e+07
7.917999e+07
0
0
0
0
0
0
0
0
0
0
0
0
0
0
0
0
0
0
0
0
2.025373e+08
1.343923e+08
9.644995e+07
7.851891e+07
0
0
0
0
0
0
0
0
0
0
0
0
0
0
0
0
0
0
0
0
1.360394e+08
9.881902e+07
7.866765e+07
0
0
0
0
0
0
0
0
0
0
0
0
0
0
0
0
0
0
0
0
1.004013e+08
8.078963e+07
0
0
0
0
0
0
0
0
0
0
0
0
0
0
0
0
0
0
0
0
8.206121e+07
0
0
0
0
0
0
0
0
0
0
0
0
0
0
0
0
0
0
0
0
0
0
0
0
0
0
0
0
0
0
0
0
0
0
0
0
0
0
0
0
0
0
0
0
0
0
0
0
0
0
0
0
0
0
0
0
0
0
0
0
0
0
0
0
0
0
0
0
0
0
0
0
0
0
0
0
0
0
0
0
0
0
0
0
0
0
0
0
0
0
0
0
0
0
0
0
0
0
0
0
0
0
0
0
0
0
0
0
0
0
0
0
0
0
3.550165e+08
2.05011e+08
1.333446e+08
9.516988e+07
7.609596e+07
0
0
0
0
0
0
0
0
0
0
3.547405e+08
2.047552e+08
1.337635e+08
9.53602e+07
7.63428e+07
0
0
0
0
0
0
0
0
0
0
3.520058e+08
2.043848e+08
1.333665e+08
9.569179e+07
7.639596e+07
0
0
0
0
0
0
0
0
0
0
3.495564e+08
2.026719e+08
1.332993e+08
9.550175e+07
7.69332e+07
0
0
0
0
0
0
0
0
0
0
3.479892e+08
2.014909e+08
1.32232e+08
9.597052e+07
7.714169e+07
0
0
0
0
0
0
0
0
0
0
3.457412e+08
2.020572e+08
1.320667e+08
9.548048e+07
7.817546e+07
0
0
0
0
0
0
0
0
0
0
0
0
0
0
0
0
0
0
0
0
2.02645e+08
1.339528e+08
9.587649e+07
7.77685e+07
0
0
0
0
0
0
0
0
0
0
0
0
0
0
0
0
0
0
0
0
1.355428e+08
9.825866e+07
7.815132e+07
0
0
0
0
0
0
0
0
0
0
0
0
0
0
0
0
0
0
0
0
1.000292e+08
8.047693e+07
0
0
0
0
0
0
0
0
0
0
0
0
0
0
0
0
0
0
0
0
8.206121e+07
0
0
0
0
0
0
0
0
0
0
0
0
0
0
0
0
0
0
0
0
0
0
0
0
0
0
0
0
0
0
0
0
0
0
0
0
0
0
0
0
0
0
0
0
0
0
0
0
0
0
0
0
0
0
0
0
0
0
0
0
0
0
0
0
0
0
0
0
0
0
0
0
0
0
0
0
0
0
0
0
0
0
0
0
0
0
0
0
0
0
0
0
0
0
0
0
0
0
0
0
0
0
0
0
0
0
0
0
0
0
0
0
0
0
0
0
0
0
0
0
0
0
0
0
0
3.554319e+08
2.052368e+08
1.338102e+08
9.536985e+07
7.634383e+07
0
0
0
0
0
0
0
0
0
0
3.541036e+08
2.052826e+08
1.337121e+08
9.582802e+07
7.654293e+07
0
0
0
0
0
0
0
0
0
0
3.525513e+08
2.037209e+08
1.336314e+08
9.557198e+07
7.690556e+07
0
0
0
0
0
0
0
0
0
0
3.511962e+08
2.027253e+08
1.325292e+08
9.571591e+07
7.67966e+07
0
0
0
0
0
0
0
0
0
0
3.490056e+08
2.029358e+08
1.321393e+08
9.501162e+07
7.735409e+07
0
0
0
0
0
0
0
0
0
0
2.030809e+08
1.335537e+08
9.527704e+07
7.696828e+07
0
0
0
0
0
0
0
0
0
0
0
0
0
0
0
0
0
0
0
0
1.349428e+08
9.748933e+07
7.748585e+07
0
0
0
0
0
0
0
0
0
0
0
0
0
0
0
0
0
0
0
0
9.933033e+07
7.986131e+07
0
0
0
0
0
0
0
0
0
0
0
0
0
0
0
0
0
0
0
0
8.167041e+07
0
0
0
0
0
0
0
0
0
0
0
0
0
0
0
0
0
0
0
0
0
0
0
0
0
0
0
0
0
0
0
0
0
0
0
0
0
0
0
0
0
0
0
0
0
0
0
0
0
0
0
0
0
0
0
0
0
0
0
0
0
0
0
0
0
0
0
0
0
0
0
0
0
0
0
0
0
0
0
0
0
0
0
0
0
0
0
0
0
0
0
0
0
0
0
0
0
0
0
0
0
0
0
0
0
0
0
0
0
0
0
0
0
0
0
0
0
0
0
0
0
0
0
0
0
0
0
0
0
0
0
0
0
0
0
3.548722e+08
2.055683e+08
1.339831e+08
9.581393e+07
7.653978e+07
0
0
0
0
0
0
0
0
0
0
3.543151e+08
2.047625e+08
1.341541e+08
9.578633e+07
7.700399e+07
0
0
0
0
0
0
0
0
0
0
3.540279e+08
2.040782e+08
1.330364e+08
9.582923e+07
7.680235e+07
0
0
0
0
0
0
0
0
0
0
3.518177e+08
2.040022e+08
1.325693e+08
9.497698e+07
7.701047e+07
0
0
0
0
0
0
0
0
0
0
2.037336e+08
1.334372e+08
9.492102e+07
7.639392e+07
0
0
0
0
0
0
0
0
0
0
1.344351e+08
9.669188e+07
7.677475e+07
0
0
0
0
0
0
0
0
0
0
0
0
0
0
0
0
0
0
0
0
9.843065e+07
7.901306e+07
0
0
0
0
0
0
0
0
0
0
0
0
0
0
0
0
0
0
0
0
8.093312e+07
0
0
0
0
0
0
0
0
0
0
0
0
0
0
0
0
0
0
0
0
0
0
0
0
0
0
0
0
0
0
0
0
0
0
0
0
0
0
0
0
0
0
0
0
0
0
0
0
0
0
0
0
0
0
0
0
0
0
0
0
0
0
0
0
0
0
0
0
0
0
0
0
0
0
0
0
0
0
0
0
0
0
0
0
0
0
0
0
0
0
0
0
0
0
0
0
0
0
0
0
0
0
0
0
0
0
0
0
0
0
0
0
0
0
0
0
0
0
0
0
0
0
0
0
0
0
0
0
0
0
0
0
0
0
0
0
0
0
0
0
0
0
0
0
0
3.550399e+08
2.051093e+08
1.342821e+08
9.595574e+07
7.697793e+07
0
0
0
0
0
0
0
0
0
0
3.556824e+08
2.049209e+08
1.336849e+08
9.618298e+07
7.697425e+07
0
0
0
0
0
0
0
0
0
0
3.539171e+08
2.052283e+08
1.333143e+08
9.525734e+07
7.70578e+07
0
0
0
0
0
0
0
0
0
0
2.045046e+08
1.337158e+08
9.501271e+07
7.626893e+07
0
0
0
0
0
0
0
0
0
0
1.341295e+08
9.615713e+07
7.630991e+07
0
0
0
0
0
0
0
0
0
0
9.751638e+07
7.812767e+07
0
0
0
0
0
0
0
0
0
0
0
0
0
0
0
0
0
0
0
0
7.997277e+07
0
0
0
0
0
0
0
0
0
0
0
0
0
0
0
0
0
0
0
0
0
0
0
0
0
0
0
0
0
0
0
0
0
0
0
0
0
0
0
0
0
0
0
0
0
0
0
0
0
0
0
0
0
0
0
0
0
0
0
0
0
0
0
0
0
0
0
0
0
0
0
0
0
0
0
0
0
0
0
0
0
0
0
0
0
0
0
0
0
0
0
0
0
0
0
0
0
0
0
0
0
0
0
0
0
0
0
0
0
0
0
0
0
0
0
0
0
0
0
0
0
0
0
0
0
0
0
0
0
0
0
0
0
0
0
0
0
0
0
0
0
0
0
0
0
0
0
0
0
0
0
0
0
0
0
3.563528e+08
2.052361e+08
1.338673e+08
9.624272e+07
7.709475e+07
0
0
0
0
0
0
0
0
0
0
3.552866e+08
2.059875e+08
1.338206e+08
9.572932e+07
7.733439e+07
0
0
0
0
0
0
0
0
0
0
2.052323e+08
1.343458e+08
9.549127e+07
7.648214e+07
0
0
0
0
0
0
0
0
0
0
1.341568e+08
9.610578e+07
7.630742e+07
0
0
0
0
0
0
0
0
0
0
9.68074e+07
7.749763e+07
0
0
0
0
0
0
0
0
0
0
7.894704e+07
0
0
0
0
0
0
0
0
0
0
0
0
0
0
0
0
0
0
0
0
0
0
0
0
0
0
0
0
0
0
0
0
0
0
0
0
0
0
0
0
0
0
0
0
0
0
0
0
0
0
0
0
0
0
0
0
0
0
0
0
0
0
0
0
0
0
0
0
0
0
0
0
0
0
0
0
0
0
0
0
0
0
0
0
0
0
0
0
0
0
0
0
0
0
0
0
0
0
0
0
0
0
0
0
0
0
0
0
0
0
0
0
0
0
0
0
0
0
0
0
0
0
0
0
0
0
0
0
0
0
0
0
0
0
0
0
0
0
0
0
0
0
0
0
0
0
0
0
0
0
0
0
0
0
0
0
0
0
0
0
0
0
0
0
0
3.558338e+08
2.062613e+08
1.339768e+08
9.584102e+07
7.737767e+07
0
0
0
0
0
0
0
0
0
0
2.057809e+08
1.347775e+08
9.585654e+07
7.687405e+07
0
0
0
0
0
0
0
0
0
0
1.343872e+08
9.647509e+07
7.668211e+07
0
0
0
0
0
0
0
0
0
0
9.65228e+07
7.736278e+07
0
0
0
0
0
0
0
0
0
0
7.81427e+07
0
0
0
0
0
0
0
0
0
0
0
0
0
0
0
0
0
0
0
0
0
0
0
0
0
0
0
0
0
0
0
0
0
0
0
0
0
0
0
0
0
0
0
0
0
0
0
0
0
0
0
0
0
0
0
0
0
0
0
0
0
0
0
0
0
0
0
0
0
0
0
0
0
0
0
0
0
0
0
0
0
0
0
0
0
0
0
0
0
0
0
0
0
0
0
0
0
0
0
0
0
0
0
0
0
0
0
0
0
0
0
0
0
0
0
0
0
0
0
0
0
0
0
0
0
0
0
0
0
0
0
0
0
0
0
0
0
0
0
0
0
0
0
0
0
0
0
0
0
0
0
0
0
0
0
0
0
0
0
0
0
0
0
0
0
2.059639e+08
1.348966e+08
9.594447e+07
7.696904e+07
0
0
0
0
0
0
0
0
0
0
1.346391e+08
9.676998e+07
7.700089e+07
0
0
0
0
0
0
0
0
0
0
9.654516e+07
7.7635e+07
0
0
0
0
0
0
0
0
0
0
7.777824e+07
0
0
0
0
0
0
0
0
0
0
0
0
0
0
0
0
0
0
0
0
0
0
0
0
0
0
0
0
0
0
0
0
0
0
0
0
0
0
0
0
0
0
0
0
0
0
0
0
0
0
0
0
0
0
0
0
0
0
0
0
0
0
0
0
0
0
0
0
0
0
0
0
0
0
0
0
0
0
0
0
0
0
0
0
0
0
0
0
0
0
0
0
0
0
0
0
0
0
0
0
0
0
0
0
0
0
0
0
0
0
0
0
0
0
0
0
0
0
0
0
0
0
0
0
0
0
0
0
0
0
0
0
0
0
0
0
0
0
0
0
0
0
0
0
0
0
0
0
0
0
0
0
0
0
0
0
0
0
0
0
0
0
0
0
0
1.346807e+08
9.682278e+07
7.707324e+07
0
0
0
0
0
0
0
0
0
0
9.667333e+07
7.788813e+07
0
0
0
0
0
0
0
0
0
0
7.774292e+07
0
0
0
0
0
0
0
0
0
0
0
0
0
0
0
0
0
0
0
0
0
0
0
0
0
0
0
0
0
0
0
0
0
0
0
0
0
0
0
0
0
0
0
0
0
0
0
0
0
0
0
0
0
0
0
0
0
0
0
0
0
0
0
0
0
0
0
0
0
0
0
0
0
0
0
0
0
0
0
0
0
0
0
0
0
0
0
0
0
0
0
0
0
0
0
0
0
0
0
0
0
0
0
0
0
0
0
0
0
0
0
0
0
0
0
0
0
0
0
0
0
0
0
0
0
0
0
0
0
0
0
0
0
0
0
0
0
0
0
0
0
0
0
0
0
0
0
0
0
0
0
0
0
0
0
0
0
0
0
0
0
0
0
0
9.665429e+07
7.792757e+07
0
0
0
0
0
0
0
0
0
0
7.783444e+07
0
0
0
0
0
0
0
0
0
0
0
0
0
0
0
0
0
0
0
0
0
0
0
0
0
0
0
0
0
0
0
0
0
0
0
0
0
0
0
0
0
0
0
0
0
0
0
0
0
0
0
0
0
0
0
0
0
0
0
0
0
0
0
0
0
0
0
0
0
0
0
0
0
0
0
0
0
0
0
0
0
0
0
0
0
0
0
0
0
0
0
0
0
0
0
0
0
0
0
0
0
0
0
0
0
0
0
0
0
0
0
0
0
0
0
0
0
0
0
0
0
0
0
0
0
0
0
0
0
0
0
0
0
0
0
0
0
0
0
0
0
0
0
0
0
0
0
0
0
0
0
0
0
0
0
0
0
0
0
0
0
0
7.780404e+07
0
0
0
0
0
0
0
0
0
0
0
0
0
0
0
0
0
0
0
0
0
0
0
0
0
0
0
0
0
0
0
0
0
0
0
0
0
0
0
0
0
0
0
0
0
0
0
0
0
0
0
0
0
0
0
0
0
0
0
0
0
0
0
0
0
0
0
0
0
0
0
0
0
0
0
0
0
0
0
0
0
0
0
0
0
0
0
0
0
0
0
0
0
0
0
0
0
0
0
0
0
0
0
0
0
0
0
0
0
0
0
0
0
0
0
0
0
0
0
0
0
0
0
0
0
0
0
0
0
0
0
0
0
0
0
0
0
0
0
0
0
0
0
0
0
0
0
0
0
0
0
0
0
0
0
0
0
0
0
0
0
0
0
0
0
0
0
0
0
0
0
0
0
0
0
0
0
0
0
0
0
0
0
0
0
0
0
0
0
0
0
0
0
0
0
0
0
0
0
0
0
0
0
0
0
0
0
0
0
0
0
0
0
0
0
0
0
0
0
0
0
0
0
0
0
0
0
0
0
0
0
0
0
0
0
0
0
0
0
0
0
0
0
0
0
0
0
0
0
0
0
0
0
0
0
0
0
0
0
0
0
0
0
0
0
0
0
0
0
0
0
0
0
0
0
0
0
0
0
0
0
0
0
0
0
0
0
0
0
0
0
0
0
0
0
0
0
0
0
0
0
0
0
0
0
0
0
0
0
0
0
0
0
0
0
0
0
0
0
0
0
0
0
0
0
0
0
0
0
0
0
0
0
0
0
0
0
0
0
0
0
0
0
0
0
0
0
0
0
0
0
0
0
0
0
0
0
0
0
0
0
0
0
0
0
0
0
0
0
0
0
0
0
0
0
0
0
0
0
0
0
0
0
0
0
0
0
0
0
0
0
0
0
0
0
0
0
0
0
0
0
0
0
0
0
0
0
0
0
0
0
0
0
0
0
0
0
0
0
0
0
0
0
0
0
0
0
0
0
0
0
0
0
0
0
0
0
0
0
0
0
0
0
0
0
0
0
0
0
0
0
0
0
0
0
0
0
0
0
0
0
0
0
0
0
0
0
0
0
0
0
0
0
0
0
0
0
0
0
0
0
0
0
0
0
0
0
0
0
0
0
0
0
0
0
0
0
0
0
0
0
0
0
0
0
0
0
0
0
0
0
0
0
0
0
0
0
0
0
0
0
0
0
0
0
0
0
0
0
0
0
0
0
0
0
0
0
0
0
0
0
0
0
0
0
0
0
0
0
0
0
0
0
0
0
0
0
0
0
0
0
0
0
0
0
0
0
0
0
0
0
0
0
0
0
0
0
0
0
0
0
0
0
0
0
0
0
0
0
0
0
0
0
0
0
0
0
0
0
0
0
0
0
0
0
0
0
0
0
0
0
0
0
0
0
0
0
0
0
0
0
0
0
0
0
0
0
0
0
0
0
0
0
0
0
0
0
0
0
0
0
0
0
0
0
0
0
0
0
0
0
0
0
0
0
0
0
0
0
0
0
0
0
0
0
0
0
0
0
0
0
0
0
0
0
0
0
0
0
0
0
0
0
0
0
0
0
0
0
0
0
0
0
0
0
0
0
0
0
0
0
0
0
0
0
0
0
0
0
0
0
0
0
0
0
0
0
0
0
0
0
0
0
0
0
0
0
0
0
0
0
0
0
0
0
0
0
0
0
0
0
0
0
0
0
0
0
0
0
0
0
0
0
0
0
0
0
0
0
0
0
0
0
0
0
0
0
0
0
0
0
0
0
0
0
0
0
0
0
0
0
0
0
0
0
0
0
0
0
0
0
0
0
0
0
0
0
0
0
0
0
0
0
0
0
0
0
0
0
0
0
0
0
0
0
0
0
0
0
0
0
0
0
0
0
0
0
0
0
0
0
0
0
0
0
0
0
0
0
0
0
0
0
0
0
0
0
0
0
0
0
0
0
0
0
0
0
0
0
0
0
0
0
0
0
0
0
0
0
0
0
0
0
0
0
0
0
0
0
0
0
0
0
0
0
0
0
0
0
0
0
0
0
0
0
0
0
0
0
0
0
0
0
0
0
0
0
0
0
0
0
0
0
0
0
0
0
0
0
0
0
0
0
0
0
0
0
0
0
0
0
0
0
0
0
0
0
0
0
0
0
0
0
0
0
0
0
0
0
0
0
0
0
0
0
0
0
0
0
0
0
0
0
0
0
0
0
0
0
0
0
0
0
0
0
0
0
0
0
0
0
0
0
0
0
0
0
0
0
)
;

boundaryField
{
    anodeSides
    {
        type            calculated;
        value           uniform 0;
    }
    fuelInlet
    {
        type            calculated;
        value           uniform 0;
    }
    fuelOutlet
    {
        type            calculated;
        value           uniform 0;
    }
    fuel_to_electrolyte
    {
        type            calculated;
        value           uniform 0;
    }
    fuel_to_interconnect
    {
        type            calculated;
        value           uniform 0;
    }
}


// ************************************************************************* //
