/*--------------------------------*- C++ -*----------------------------------*\
| =========                 |                                                 |
| \\      /  F ield         | OpenFOAM: The Open Source CFD Toolbox           |
|  \\    /   O peration     | Version:  2312                                  |
|   \\  /    A nd           | Website:  www.openfoam.com                      |
|    \\/     M anipulation  |                                                 |
\*---------------------------------------------------------------------------*/
FoamFile
{
    version     2.0;
    format      ascii;
    arch        "LSB;label=32;scalar=64";
    class       volScalarField;
    location    "10/air";
    object      j;
}
// * * * * * * * * * * * * * * * * * * * * * * * * * * * * * * * * * * * * * //

dimensions      [0 -3 0 0 0 1 0];

internalField   nonuniform List<scalar> 
16000
(
0
0
0
0
0
0
0
0
0
0
0
0
0
0
0
0
0
0
0
0
0
0
0
0
0
0
0
0
0
0
0
0
0
0
0
0
0
0
0
0
0
0
0
0
0
0
0
0
0
0
0
0
0
0
0
0
0
0
0
0
0
0
0
0
0
0
0
0
0
0
0
0
0
0
0
0
0
0
0
0
0
0
0
0
0
0
0
0
0
0
0
0
0
0
0
0
0
0
0
0
0
0
0
0
0
0
0
0
0
0
0
0
0
0
0
0
0
0
0
0
0
0
0
0
0
0
0
0
0
0
0
0
0
0
0
0
0
0
0
0
0
0
0
0
0
0
0
0
0
0
0
0
0
0
0
0
0
0
0
0
0
0
0
0
0
0
0
0
0
0
0
0
0
0
0
0
0
0
0
0
0
0
0
0
0
0
0
0
0
0
0
0
0
0
0
0
0
0
0
0
0
0
0
0
0
0
0
0
0
0
0
0
0
0
0
0
0
0
0
0
0
0
0
0
0
0
0
0
0
0
0
0
0
0
0
0
0
0
0
0
0
0
0
0
0
0
0
0
0
0
0
0
0
0
0
0
0
0
0
0
0
0
0
0
0
0
0
0
0
0
0
0
0
0
0
0
0
0
0
0
0
0
0
0
0
0
0
0
0
0
0
0
0
0
0
0
0
0
0
0
0
0
0
0
0
0
0
0
0
0
0
0
0
0
0
0
0
0
0
0
0
0
0
0
0
0
0
0
0
0
0
0
0
0
0
0
0
0
0
0
0
0
0
0
0
0
0
0
0
0
0
0
0
0
0
0
0
0
0
0
0
0
0
0
0
0
0
0
0
0
0
0
0
0
0
0
0
0
0
0
0
0
0
0
0
0
0
0
0
0
0
0
0
0
0
0
0
0
0
0
0
0
0
0
0
0
0
0
0
0
0
0
0
0
0
0
0
0
0
0
0
0
0
0
0
0
0
0
0
0
0
0
0
0
0
0
0
0
0
0
0
0
0
0
0
0
0
0
0
0
0
0
0
0
0
0
0
0
0
0
0
0
0
0
0
0
0
0
0
0
0
0
0
0
0
0
0
0
0
0
0
0
0
0
0
0
0
0
0
0
0
0
0
0
0
0
0
0
0
0
0
0
0
0
0
0
0
0
0
0
0
0
0
0
0
0
0
0
0
0
0
0
0
0
0
0
0
0
0
0
0
0
0
0
0
0
0
0
0
0
0
0
0
0
0
0
0
0
0
0
0
0
0
0
0
0
0
0
0
0
0
0
0
0
0
0
0
0
0
0
0
0
0
0
0
0
0
0
0
0
0
0
0
0
0
0
0
0
0
0
0
0
0
0
0
0
0
0
0
0
0
0
0
0
0
0
0
0
0
0
0
0
0
0
0
0
0
0
0
0
0
0
0
0
0
0
0
0
0
0
0
0
0
0
0
0
0
0
0
0
0
0
0
0
0
0
0
0
0
0
0
0
0
0
0
0
0
0
0
0
0
0
0
0
0
0
0
0
0
0
0
0
0
0
0
0
0
0
0
0
0
0
0
0
0
0
0
0
0
0
0
0
0
0
0
0
0
0
0
0
0
0
0
0
0
0
0
0
0
0
0
0
0
0
0
0
0
0
0
0
0
0
0
0
0
0
0
0
0
0
0
0
0
0
0
0
0
0
0
0
0
0
0
0
0
0
0
0
0
0
0
0
0
0
0
0
0
0
0
0
0
0
0
0
0
0
0
0
0
0
0
0
0
0
0
0
0
0
0
0
0
0
0
0
0
0
0
0
0
0
0
0
0
0
0
0
0
0
0
0
0
0
0
0
0
0
0
0
0
0
0
0
0
0
0
0
0
0
0
0
0
0
0
0
0
0
0
0
0
0
0
0
0
0
0
0
0
0
0
0
0
0
0
0
0
0
0
0
0
0
0
0
0
0
0
0
0
0
0
0
0
0
0
0
0
0
0
0
0
0
0
0
0
0
0
0
0
0
0
0
0
0
0
0
0
0
0
0
0
0
0
0
0
0
0
0
0
0
0
0
0
0
0
0
0
0
0
0
0
0
0
0
0
0
0
0
0
0
0
0
0
0
0
0
0
0
0
0
0
0
0
0
0
0
0
0
0
0
0
0
0
0
0
0
0
0
0
0
0
0
0
0
0
0
0
0
0
0
0
0
0
0
0
0
0
0
0
0
0
0
0
0
0
0
0
0
0
0
0
0
0
0
0
0
0
0
0
0
0
3173.394
0
0
0
0
0
0
0
0
0
0
0
0
0
0
0
0
0
0
0
0
0
0
0
0
0
0
0
0
0
0
0
0
0
0
0
0
0
0
0
0
0
0
0
0
0
0
0
0
0
0
0
0
0
0
0
0
0
0
0
0
0
0
0
0
0
0
0
0
0
0
0
0
0
0
0
0
0
0
0
0
0
0
0
0
0
0
0
0
0
0
0
0
0
0
0
0
0
0
0
0
0
0
0
0
0
0
0
0
0
0
0
0
0
0
0
0
0
0
0
0
0
0
0
0
0
0
0
0
0
0
0
0
0
0
0
0
0
0
0
0
0
0
0
0
0
0
0
0
0
0
0
0
0
0
0
0
0
0
0
0
0
0
3170.468
0
0
0
0
0
0
0
0
0
0
3184.576
3177.059
0
0
0
0
0
0
0
0
0
0
0
0
0
0
0
0
0
0
0
0
0
0
0
0
0
0
0
0
0
0
0
0
0
0
0
0
0
0
0
0
0
0
0
0
0
0
0
0
0
0
0
0
0
0
0
0
0
0
0
0
0
0
0
0
0
0
0
0
0
0
0
0
0
0
0
0
0
0
0
0
0
0
0
0
0
0
0
0
0
0
0
0
0
0
0
0
0
0
0
0
0
0
0
0
0
0
0
0
0
0
0
0
0
0
0
0
0
0
0
0
0
0
0
0
0
0
0
0
0
0
0
0
0
0
0
0
0
0
0
0
0
0
0
0
0
0
0
0
0
0
0
0
0
0
0
0
0
0
0
0
0
0
0
0
3167.011
0
0
0
0
0
0
0
0
0
0
3181.889
3174.141
0
0
0
0
0
0
0
0
0
0
3195.245
3188.366
3187.911
0
0
0
0
0
0
0
0
0
0
0
0
0
0
0
0
0
0
0
0
0
0
0
0
0
0
0
0
0
0
0
0
0
0
0
0
0
0
0
0
0
0
0
0
0
0
0
0
0
0
0
0
0
0
0
0
0
0
0
0
0
0
0
0
0
0
0
0
0
0
0
0
0
0
0
0
0
0
0
0
0
0
0
0
0
0
0
0
0
0
0
0
0
0
0
0
0
0
0
0
0
0
0
0
0
0
0
0
0
0
0
0
0
0
0
0
0
0
0
0
0
0
0
0
0
0
0
0
0
0
0
0
0
0
0
0
0
0
0
0
0
0
0
0
0
0
0
0
0
0
0
0
0
0
0
0
0
0
0
0
0
0
0
0
0
3161.605
0
0
0
0
0
0
0
0
0
0
3178.886
3170.68
0
0
0
0
0
0
0
0
0
0
3192.686
3185.69
3185.008
0
0
0
0
0
0
0
0
0
0
3204.073
3199.165
3199.581
3205.102
0
0
0
0
0
0
0
0
0
0
0
0
0
0
0
0
0
0
0
0
0
0
0
0
0
0
0
0
0
0
0
0
0
0
0
0
0
0
0
0
0
0
0
0
0
0
0
0
0
0
0
0
0
0
0
0
0
0
0
0
0
0
0
0
0
0
0
0
0
0
0
0
0
0
0
0
0
0
0
0
0
0
0
0
0
0
0
0
0
0
0
0
0
0
0
0
0
0
0
0
0
0
0
0
0
0
0
0
0
0
0
0
0
0
0
0
0
0
0
0
0
0
0
0
0
0
0
0
0
0
0
0
0
0
0
0
0
0
0
0
0
0
0
0
0
0
0
0
0
0
0
0
0
0
0
0
0
0
0
0
0
0
0
0
0
3153.907
0
0
0
0
0
0
0
0
0
0
3174.219
3165.265
0
0
0
0
0
0
0
0
0
0
3189.908
3182.685
3181.521
0
0
0
0
0
0
0
0
0
0
3201.473
3196.616
3196.924
3202.224
0
0
0
0
0
0
0
0
0
0
3211.625
3208.107
3210.748
3217.357
3227.328
0
0
0
0
0
0
0
0
0
0
0
0
0
0
0
0
0
0
0
0
0
0
0
0
0
0
0
0
0
0
0
0
0
0
0
0
0
0
0
0
0
0
0
0
0
0
0
0
0
0
0
0
0
0
0
0
0
0
0
0
0
0
0
0
0
0
0
0
0
0
0
0
0
0
0
0
0
0
0
0
0
0
0
0
0
0
0
0
0
0
0
0
0
0
0
0
0
0
0
0
0
0
0
0
0
0
0
0
0
0
0
0
0
0
0
0
0
0
0
0
0
0
0
0
0
0
0
0
0
0
0
0
0
0
0
0
0
0
0
0
0
0
0
0
0
0
0
0
0
0
0
0
0
0
0
0
0
0
0
0
0
0
0
0
0
3144.419
0
0
0
0
0
0
0
0
0
0
3167.285
3157.559
0
0
0
0
0
0
0
0
0
0
3185.415
3178.014
3176.072
0
0
0
0
0
0
0
0
0
0
3198.859
3193.838
3193.904
3198.696
0
0
0
0
0
0
0
0
0
0
3209.017
3205.519
3208.222
3214.733
3224.486
0
0
0
0
0
0
0
0
0
0
3218.888
3215.762
3220.02
3229.121
3240.355
0
0
0
0
0
0
0
0
0
0
0
0
0
0
0
0
0
0
0
0
0
0
0
0
0
0
0
0
0
0
0
0
0
0
0
0
0
0
0
0
0
0
0
0
0
0
0
0
0
0
0
0
0
0
0
0
0
0
0
0
0
0
0
0
0
0
0
0
0
0
0
0
0
0
0
0
0
0
0
0
0
0
0
0
0
0
0
0
0
0
0
0
0
0
0
0
0
0
0
0
0
0
0
0
0
0
0
0
0
0
0
0
0
0
0
0
0
0
0
0
0
0
0
0
0
0
0
0
0
0
0
0
0
0
0
0
0
0
0
0
0
0
0
0
0
0
0
0
0
0
0
0
0
0
0
3135.552
0
0
0
0
0
0
0
0
0
0
0
0
0
0
0
0
0
0
0
0
3158.555
3148.069
0
0
0
0
0
0
0
0
0
0
3178.847
3171.078
3168.327
0
0
0
0
0
0
0
0
0
0
3194.517
3189.344
3189.212
3193.192
0
0
0
0
0
0
0
0
0
0
3206.338
3202.905
3205.432
3211.689
3220.906
0
0
0
0
0
0
0
0
0
0
3216.28
3213.167
3217.457
3226.632
3237.778
0
0
0
0
0
0
0
0
0
0
3225.806
3223.136
3227.98
3238.926
3252.915
0
0
0
0
0
0
0
0
0
0
0
0
0
0
0
0
0
0
0
0
0
0
0
0
0
0
0
0
0
0
0
0
0
0
0
0
0
0
0
0
0
0
0
0
0
0
0
0
0
0
0
0
0
0
0
0
0
0
0
0
0
0
0
0
0
0
0
0
0
0
0
0
0
0
0
0
0
0
0
0
0
0
0
0
0
0
0
0
0
0
0
0
0
0
0
0
0
0
0
0
0
0
0
0
0
0
0
0
0
0
0
0
0
0
0
0
0
0
0
0
0
0
0
0
0
0
0
0
0
0
0
0
0
0
0
0
0
0
0
0
0
0
0
0
0
3128.653
0
0
0
0
0
0
0
0
0
0
0
0
0
0
0
0
0
0
0
0
3150.205
3139.211
0
0
0
0
0
0
0
0
0
0
0
0
0
0
0
0
0
0
0
0
3170.443
3162.352
3158.811
0
0
0
0
0
0
0
0
0
0
3188.128
3182.776
3182.257
3185.387
0
0
0
0
0
0
0
0
0
0
3202.122
3198.564
3200.925
3206.964
3215.335
0
0
0
0
0
0
0
0
0
0
3213.57
3210.489
3214.834
3223.824
3234.704
0
0
0
0
0
0
0
0
0
0
3223.14
3220.54
3225.412
3236.405
3250.477
0
0
0
0
0
0
0
0
0
0
3231.431
3230.204
3235.689
3247.38
3263.433
0
0
0
0
0
0
0
0
0
0
0
0
0
0
0
0
0
0
0
0
0
0
0
0
0
0
0
0
0
0
0
0
0
0
0
0
0
0
0
0
0
0
0
0
0
0
0
0
0
0
0
0
0
0
0
0
0
0
0
0
0
0
0
0
0
0
0
0
0
0
0
0
0
0
0
0
0
0
0
0
0
0
0
0
0
0
0
0
0
0
0
0
0
0
0
0
0
0
0
0
0
0
0
0
0
0
0
0
0
0
0
0
0
0
0
0
0
0
0
0
0
0
0
0
0
0
0
0
0
0
0
0
0
0
0
3124.05
0
0
0
0
0
0
0
0
0
0
0
0
0
0
0
0
0
0
0
0
3143.605
3132.319
0
0
0
0
0
0
0
0
0
0
0
0
0
0
0
0
0
0
0
0
3162.444
3154.017
3149.941
0
0
0
0
0
0
0
0
0
0
0
0
0
0
0
0
0
0
0
0
3179.989
3174.381
3173.522
3175.827
0
0
0
0
0
0
0
0
0
0
3195.768
3192.178
3194.346
3199.979
3207.457
0
0
0
0
0
0
0
0
0
0
3209.228
3206.277
3210.486
3219.298
3229.94
0
0
0
0
0
0
0
0
0
0
3220.408
3217.833
3222.731
3233.768
3247.647
0
0
0
0
0
0
0
0
0
0
3228.75
3227.55
3233.122
3244.857
3260.971
0
0
0
0
0
0
0
0
0
0
3235.811
3235.992
3243.209
3255.631
3272.545
0
0
0
0
0
0
0
0
0
0
0
0
0
0
0
0
0
0
0
0
0
0
0
0
0
0
0
0
0
0
0
0
0
0
0
0
0
0
0
0
0
0
0
0
0
0
0
0
0
0
0
0
0
0
0
0
0
0
0
0
0
0
0
0
0
0
0
0
0
0
0
0
0
0
0
0
0
0
0
0
0
0
0
0
0
0
0
0
0
0
0
0
0
0
0
0
0
0
0
0
0
0
0
0
0
0
0
0
0
0
0
0
0
0
0
0
0
0
0
0
0
0
0
0
0
3121.769
0
0
0
0
0
0
0
0
0
0
0
0
0
0
0
0
0
0
0
0
3139.209
3127.722
0
0
0
0
0
0
0
0
0
0
0
0
0
0
0
0
0
0
0
0
3155.979
3147.431
3143.046
0
0
0
0
0
0
0
0
0
0
0
0
0
0
0
0
0
0
0
0
3172.018
3166.397
3165.192
3166.935
0
0
0
0
0
0
0
0
0
0
0
0
0
0
0
0
0
0
0
0
3187.601
3184.05
3185.95
3191.232
3197.848
0
0
0
0
0
0
0
0
0
0
3202.786
3199.929
3204.095
3212.7
3222.924
0
0
0
0
0
0
0
0
0
0
3216.07
3213.496
3218.516
3229.41
3243.1
0
0
0
0
0
0
0
0
0
0
3226.027
3224.82
3230.413
3242.171
3258.317
0
0
0
0
0
0
0
0
0
0
3233.232
3233.323
3240.582
3253.111
3270.086
0
0
0
0
0
0
0
0
0
0
3239.534
3240.521
3249.49
3263.888
3281.518
0
0
0
0
0
0
0
0
0
0
0
0
0
0
0
0
0
0
0
0
0
0
0
0
0
0
0
0
0
0
0
0
0
0
0
0
0
0
0
0
0
0
0
0
0
0
0
0
0
0
0
0
0
0
0
0
0
0
0
0
0
0
0
0
0
0
0
0
0
0
0
0
0
0
0
0
0
0
0
0
0
0
0
0
0
0
0
0
0
0
0
0
0
0
0
0
0
0
0
0
0
0
0
0
0
0
0
0
0
0
0
0
0
0
3121.769
0
0
0
0
0
0
0
0
0
0
0
0
0
0
0
0
0
0
0
0
3136.991
3125.443
0
0
0
0
0
0
0
0
0
0
0
0
0
0
0
0
0
0
0
0
3151.623
3143.044
3138.449
0
0
0
0
0
0
0
0
0
0
0
0
0
0
0
0
0
0
0
0
3165.712
3159.948
3158.614
3160.03
0
0
0
0
0
0
0
0
0
0
0
0
0
0
0
0
0
0
0
0
3179.779
3176.098
3177.976
3182.904
3188.932
0
0
0
0
0
0
0
0
0
0
0
0
0
0
0
0
0
0
0
0
3194.63
3191.776
3195.972
3204.305
3214.17
0
0
0
0
0
0
0
0
0
0
3209.659
3207.062
3212.171
3223.011
3236.486
0
0
0
0
0
0
0
0
0
0
3221.749
3220.486
3226.076
3237.952
3253.949
0
0
0
0
0
0
0
0
0
0
3230.625
3230.602
3237.847
3250.398
3267.395
0
0
0
0
0
0
0
0
0
0
3236.825
3237.954
3246.847
3261.306
3279.062
0
0
0
0
0
0
0
0
0
0
3242.024
3244.384
3254.466
3270.997
3290.771
0
0
0
0
0
0
0
0
0
0
0
0
0
0
0
0
0
0
0
0
0
0
0
0
0
0
0
0
0
0
0
0
0
0
0
0
0
0
0
0
0
0
0
0
0
0
0
0
0
0
0
0
0
0
0
0
0
0
0
0
0
0
0
0
0
0
0
0
0
0
0
0
0
0
0
0
0
0
0
0
0
0
0
0
0
0
0
0
0
0
0
0
0
0
0
0
0
0
0
0
0
0
3124.05
0
0
0
0
0
0
0
0
0
0
0
0
0
0
0
0
0
0
0
0
3136.991
3125.443
0
0
0
0
0
0
0
0
0
0
0
0
0
0
0
0
0
0
0
0
3149.51
3140.831
3136.17
0
0
0
0
0
0
0
0
0
0
0
0
0
0
0
0
0
0
0
0
3161.366
3155.605
3154.233
3155.428
0
0
0
0
0
0
0
0
0
0
0
0
0
0
0
0
0
0
0
0
3173.469
3169.81
3171.541
3176.334
3182.018
0
0
0
0
0
0
0
0
0
0
0
0
0
0
0
0
0
0
0
0
3186.615
3183.975
3188.037
3196.341
3205.852
0
0
0
0
0
0
0
0
0
0
0
0
0
0
0
0
0
0
0
0
3201.343
3198.922
3204.031
3214.896
3228.102
0
0
0
0
0
0
0
0
0
0
3215.31
3214.081
3219.648
3231.611
3247.549
0
0
0
0
0
0
0
0
0
0
3226.315
3226.325
3233.512
3246.062
3263.176
0
0
0
0
0
0
0
0
0
0
3234.002
3235.348
3244.118
3258.564
3276.349
0
0
0
0
0
0
0
0
0
0
3239.316
3241.688
3251.922
3268.395
3288.252
0
0
0
0
0
0
0
0
0
0
3243.589
3247.004
3258.748
3276.727
3299.044
0
0
0
0
0
0
0
0
0
0
0
0
0
0
0
0
0
0
0
0
0
0
0
0
0
0
0
0
0
0
0
0
0
0
0
0
0
0
0
0
0
0
0
0
0
0
0
0
0
0
0
0
0
0
0
0
0
0
0
0
0
0
0
0
0
0
0
0
0
0
0
0
0
0
0
0
0
0
0
0
0
0
0
0
0
0
0
0
0
3128.653
0
0
0
0
0
0
0
0
0
0
0
0
0
0
0
0
0
0
0
0
3139.209
3127.722
0
0
0
0
0
0
0
0
0
0
0
0
0
0
0
0
0
0
0
0
3149.51
3140.831
3136.17
0
0
0
0
0
0
0
0
0
0
0
0
0
0
0
0
0
0
0
0
3159.184
3153.497
3152.024
3153.147
0
0
0
0
0
0
0
0
0
0
0
0
0
0
0
0
0
0
0
0
3169.158
3165.477
3167.206
3171.957
3177.414
0
0
0
0
0
0
0
0
0
0
0
0
0
0
0
0
0
0
0
0
3180.215
3177.685
3181.764
3189.92
3199.298
0
0
0
0
0
0
0
0
0
0
0
0
0
0
0
0
0
0
0
0
3193.268
3190.929
3196.251
3206.982
3220.158
0
0
0
0
0
0
0
0
0
0
0
0
0
0
0
0
0
0
0
0
3206.989
3205.779
3211.524
3223.494
3239.454
0
0
0
0
0
0
0
0
0
0
3219.746
3219.891
3227.104
3239.646
3256.85
0
0
0
0
0
0
0
0
0
0
3229.681
3231.039
3239.83
3254.226
3272.022
0
0
0
0
0
0
0
0
0
0
3236.513
3238.865
3249.305
3265.653
3285.504
0
0
0
0
0
0
0
0
0
0
3240.906
3244.309
3256.076
3274.22
3296.501
0
0
0
0
0
0
0
0
0
0
3244.324
3248.689
3261.761
3281.717
3305.851
0
0
0
0
0
0
0
0
0
0
0
0
0
0
0
0
0
0
0
0
0
0
0
0
0
0
0
0
0
0
0
0
0
0
0
0
0
0
0
0
0
0
0
0
0
0
0
0
0
0
0
0
0
0
0
0
0
0
0
0
0
0
0
0
0
0
0
0
0
0
0
0
0
0
0
3135.552
0
0
0
0
0
0
0
0
0
0
0
0
0
0
0
0
0
0
0
0
3143.605
3132.319
0
0
0
0
0
0
0
0
0
0
0
0
0
0
0
0
0
0
0
0
3151.623
3143.044
3138.449
0
0
0
0
0
0
0
0
0
0
0
0
0
0
0
0
0
0
0
0
3159.184
3153.497
3152.024
3153.147
0
0
0
0
0
0
0
0
0
0
0
0
0
0
0
0
0
0
0
0
3167.026
3163.3
3165.102
3169.752
3175.133
0
0
0
0
0
0
0
0
0
0
0
0
0
0
0
0
0
0
0
0
3175.871
3173.387
3177.443
3185.597
3194.93
0
0
0
0
0
0
0
0
0
0
0
0
0
0
0
0
0
0
0
0
3186.77
3184.55
3189.98
3200.727
3213.762
0
0
0
0
0
0
0
0
0
0
0
0
0
0
0
0
0
0
0
0
3198.873
3197.727
3203.557
3215.74
3231.576
0
0
0
0
0
0
0
0
0
0
0
0
0
0
0
0
0
0
0
0
3211.38
3211.583
3218.814
3231.549
3248.773
0
0
0
0
0
0
0
0
0
0
3223.034
3224.475
3233.39
3247.816
3265.63
0
0
0
0
0
0
0
0
0
0
3232.234
3234.546
3244.985
3261.349
3281.169
0
0
0
0
0
0
0
0
0
0
3238.29
3241.507
3253.247
3271.586
3293.746
0
0
0
0
0
0
0
0
0
0
3241.644
3246.018
3259.089
3279.084
3303.396
0
0
0
0
0
0
0
0
0
0
3244.568
3249.528
3263.801
3285.396
3311.852
0
0
0
0
0
0
0
0
0
0
0
0
0
0
0
0
0
0
0
0
0
0
0
0
0
0
0
0
0
0
0
0
0
0
0
0
0
0
0
0
0
0
0
0
0
0
0
0
0
0
0
0
0
0
0
0
0
0
0
0
3144.419
0
0
0
0
0
0
0
0
0
0
0
0
0
0
0
0
0
0
0
0
3150.205
3139.211
0
0
0
0
0
0
0
0
0
0
0
0
0
0
0
0
0
0
0
0
3155.979
3147.431
3143.046
0
0
0
0
0
0
0
0
0
0
0
0
0
0
0
0
0
0
0
0
3161.366
3155.605
3154.233
3155.428
0
0
0
0
0
0
0
0
0
0
0
0
0
0
0
0
0
0
0
0
3167.026
3163.3
3165.102
3169.752
3175.133
0
0
0
0
0
0
0
0
0
0
0
0
0
0
0
0
0
0
0
0
3173.693
3171.262
3175.272
3183.495
3192.731
0
0
0
0
0
0
0
0
0
0
0
0
0
0
0
0
0
0
0
0
3182.35
3180.221
3185.696
3196.42
3209.455
0
0
0
0
0
0
0
0
0
0
0
0
0
0
0
0
0
0
0
0
3192.348
3191.25
3197.2
3209.494
3225.348
0
0
0
0
0
0
0
0
0
0
0
0
0
0
0
0
0
0
0
0
3203.267
3203.488
3210.783
3223.616
3241.06
0
0
0
0
0
0
0
0
0
0
0
0
0
0
0
0
0
0
0
0
3214.687
3216.122
3225.088
3239.546
3257.578
0
0
0
0
0
0
0
0
0
0
3225.732
3227.905
3238.415
3254.901
3274.768
0
0
0
0
0
0
0
0
0
0
3233.883
3237.23
3248.916
3267.248
3289.426
0
0
0
0
0
0
0
0
0
0
3239.055
3243.402
3256.28
3276.243
3300.741
0
0
0
0
0
0
0
0
0
0
3241.889
3246.86
3261.153
3282.763
3309.274
0
0
0
0
0
0
0
0
0
0
3244.236
3249.862
3264.955
3288.046
3316.492
0
0
0
0
0
0
0
0
0
0
0
0
0
0
0
0
0
0
0
0
0
0
0
0
0
0
0
0
0
0
0
0
0
0
0
0
0
0
0
0
0
0
0
0
3153.907
0
0
0
0
0
0
0
0
0
0
0
0
0
0
0
0
0
0
0
0
3158.555
3148.069
0
0
0
0
0
0
0
0
0
0
0
0
0
0
0
0
0
0
0
0
3162.444
3154.017
3149.941
0
0
0
0
0
0
0
0
0
0
0
0
0
0
0
0
0
0
0
0
3165.712
3159.948
3158.614
3160.03
0
0
0
0
0
0
0
0
0
0
0
0
0
0
0
0
0
0
0
0
3169.158
3165.477
3167.206
3171.957
3177.414
0
0
0
0
0
0
0
0
0
0
0
0
0
0
0
0
0
0
0
0
3173.693
3171.262
3175.272
3183.495
3192.731
0
0
0
0
0
0
0
0
0
0
0
0
0
0
0
0
0
0
0
0
3180.134
3178.05
3183.577
3194.257
3207.36
0
0
0
0
0
0
0
0
0
0
0
0
0
0
0
0
0
0
0
0
3187.913
3186.844
3192.885
3205.228
3221.064
0
0
0
0
0
0
0
0
0
0
0
0
0
0
0
0
0
0
0
0
3196.745
3196.983
3204.325
3217.287
3234.851
0
0
0
0
0
0
0
0
0
0
0
0
0
0
0
0
0
0
0
0
3206.595
3208.031
3217.008
3231.545
3249.699
0
0
0
0
0
0
0
0
0
0
0
0
0
0
0
0
0
0
0
0
3217.423
3219.572
3230.067
3246.606
3266.535
0
0
0
0
0
0
0
0
0
0
3227.399
3230.734
3242.27
3260.668
3282.975
0
0
0
0
0
0
0
0
0
0
3234.783
3238.998
3251.991
3271.894
3296.385
0
0
0
0
0
0
0
0
0
0
3239.267
3244.272
3258.527
3279.942
3306.422
0
0
0
0
0
0
0
0
0
0
3241.566
3247.195
3262.309
3285.435
3313.912
0
0
0
0
0
0
0
0
0
0
3243.586
3249.604
3265.557
3289.741
3320.028
0
0
0
0
0
0
0
0
0
0
0
0
0
0
0
0
0
0
0
0
0
0
0
0
0
0
0
0
0
0
0
0
0
0
0
0
0
3161.605
0
0
0
0
0
0
0
0
0
0
3167.285
3157.559
0
0
0
0
0
0
0
0
0
0
0
0
0
0
0
0
0
0
0
0
3170.443
3162.352
3158.811
0
0
0
0
0
0
0
0
0
0
0
0
0
0
0
0
0
0
0
0
3172.018
3166.397
3165.192
3166.935
0
0
0
0
0
0
0
0
0
0
0
0
0
0
0
0
0
0
0
0
3173.469
3169.81
3171.541
3176.334
3182.018
0
0
0
0
0
0
0
0
0
0
0
0
0
0
0
0
0
0
0
0
3175.871
3173.387
3177.443
3185.597
3194.93
0
0
0
0
0
0
0
0
0
0
0
0
0
0
0
0
0
0
0
0
3180.134
3178.05
3183.577
3194.257
3207.36
0
0
0
0
0
0
0
0
0
0
0
0
0
0
0
0
0
0
0
0
3185.69
3184.635
3190.72
3203.116
3218.911
0
0
0
0
0
0
0
0
0
0
0
0
0
0
0
0
0
0
0
0
3192.309
3192.562
3199.932
3212.991
3230.611
0
0
0
0
0
0
0
0
0
0
0
0
0
0
0
0
0
0
0
0
3200.084
3201.529
3210.519
3225.11
3243.414
0
0
0
0
0
0
0
0
0
0
0
0
0
0
0
0
0
0
0
0
3209.334
3211.501
3221.989
3238.544
3258.582
0
0
0
0
0
0
0
0
0
0
0
0
0
0
0
0
0
0
0
0
3219.125
3222.44
3233.94
3252.324
3274.701
0
0
0
0
0
0
0
0
0
0
3228.329
3232.52
3245.487
3265.24
3289.8
0
0
0
0
0
0
0
0
0
0
3234.958
3240.003
3254.115
3275.634
3302.052
0
0
0
0
0
0
0
0
0
0
3238.995
3244.574
3259.711
3282.791
3311.08
0
0
0
0
0
0
0
0
0
0
3240.92
3246.946
3262.912
3287.132
3317.47
0
0
0
0
0
0
0
0
0
0
3242.762
3249.014
3265.526
3290.81
3322.519
0
0
0
0
0
0
0
0
0
0
0
0
0
0
0
0
0
0
0
0
0
0
0
0
0
0
0
0
0
3167.011
0
0
0
0
0
0
0
0
0
0
3174.219
3165.265
0
0
0
0
0
0
0
0
0
0
3178.847
3171.078
3168.327
0
0
0
0
0
0
0
0
0
0
0
0
0
0
0
0
0
0
0
0
3179.989
3174.381
3173.522
3175.827
0
0
0
0
0
0
0
0
0
0
0
0
0
0
0
0
0
0
0
0
3179.779
3176.098
3177.976
3182.904
3188.932
0
0
0
0
0
0
0
0
0
0
0
0
0
0
0
0
0
0
0
0
3180.215
3177.685
3181.764
3189.92
3199.298
0
0
0
0
0
0
0
0
0
0
0
0
0
0
0
0
0
0
0
0
3182.35
3180.221
3185.696
3196.42
3209.455
0
0
0
0
0
0
0
0
0
0
0
0
0
0
0
0
0
0
0
0
3185.69
3184.635
3190.72
3203.116
3218.911
0
0
0
0
0
0
0
0
0
0
0
0
0
0
0
0
0
0
0
0
3190.085
3190.345
3197.729
3210.835
3228.51
0
0
0
0
0
0
0
0
0
0
0
0
0
0
0
0
0
0
0
0
3195.654
3197.107
3206.108
3220.732
3239.145
0
0
0
0
0
0
0
0
0
0
0
0
0
0
0
0
0
0
0
0
3202.729
3205.011
3215.501
3232.072
3252.184
0
0
0
0
0
0
0
0
0
0
0
0
0
0
0
0
0
0
0
0
3211.061
3214.373
3225.882
3244.261
3266.672
0
0
0
0
0
0
0
0
0
0
0
0
0
0
0
0
0
0
0
0
3219.981
3224.261
3237.196
3256.912
3281.473
0
0
0
0
0
0
0
0
0
0
3228.539
3233.556
3247.628
3269.117
3295.396
0
0
0
0
0
0
0
0
0
0
3234.671
3240.268
3255.431
3278.365
3306.75
0
0
0
0
0
0
0
0
0
0
3238.361
3244.377
3260.282
3284.516
3314.802
0
0
0
0
0
0
0
0
0
0
3240.095
3246.361
3262.889
3288.201
3319.961
0
0
0
0
0
0
0
0
0
0
3241.75
3248.238
3265.119
3291.173
3324.279
0
0
0
0
0
0
0
0
0
0
0
0
0
0
0
0
0
0
0
0
3170.468
0
0
0
0
0
0
0
0
0
0
3178.886
3170.68
0
0
0
0
0
0
0
0
0
0
3185.415
3178.014
3176.072
0
0
0
0
0
0
0
0
0
0
3188.128
3182.776
3182.257
3185.387
0
0
0
0
0
0
0
0
0
0
0
0
0
0
0
0
0
0
0
0
3187.601
3184.05
3185.95
3191.232
3197.848
0
0
0
0
0
0
0
0
0
0
0
0
0
0
0
0
0
0
0
0
3186.615
3183.975
3188.037
3196.341
3205.852
0
0
0
0
0
0
0
0
0
0
0
0
0
0
0
0
0
0
0
0
3186.77
3184.55
3189.98
3200.727
3213.762
0
0
0
0
0
0
0
0
0
0
0
0
0
0
0
0
0
0
0
0
3187.913
3186.844
3192.885
3205.228
3221.064
0
0
0
0
0
0
0
0
0
0
0
0
0
0
0
0
0
0
0
0
3190.085
3190.345
3197.729
3210.835
3228.51
0
0
0
0
0
0
0
0
0
0
0
0
0
0
0
0
0
0
0
0
3193.432
3194.89
3203.897
3218.537
3237.003
0
0
0
0
0
0
0
0
0
0
0
0
0
0
0
0
0
0
0
0
3198.289
3200.595
3211.09
3227.674
3247.831
0
0
0
0
0
0
0
0
0
0
0
0
0
0
0
0
0
0
0
0
3204.465
3207.788
3219.405
3237.788
3260.229
0
0
0
0
0
0
0
0
0
0
0
0
0
0
0
0
0
0
0
0
3211.938
3216.219
3229.141
3248.867
3273.437
0
0
0
0
0
0
0
0
0
0
0
0
0
0
0
0
0
0
0
0
3220.316
3225.222
3239.371
3260.826
3287.081
0
0
0
0
0
0
0
0
0
0
3228.273
3233.856
3248.977
3271.864
3300.223
0
0
0
0
0
0
0
0
0
0
3234.058
3240.056
3255.967
3280.219
3310.364
0
0
0
0
0
0
0
0
0
0
3237.468
3243.803
3260.31
3285.554
3317.322
0
0
0
0
0
0
0
0
0
0
3239.142
3245.583
3262.487
3288.571
3321.72
0
0
0
0
0
0
0
0
0
0
3240.789
3247.261
3264.486
3291.09
3325.235
0
0
0
0
0
0
0
0
0
0
3173.394
0
0
0
0
0
0
0
0
0
0
3181.889
3174.141
0
0
0
0
0
0
0
0
0
0
3189.908
3182.685
3181.521
0
0
0
0
0
0
0
0
0
0
3194.517
3189.344
3189.212
3193.192
0
0
0
0
0
0
0
0
0
0
3195.768
3192.178
3194.346
3199.979
3207.457
0
0
0
0
0
0
0
0
0
0
0
0
0
0
0
0
0
0
0
0
3194.63
3191.776
3195.972
3204.305
3214.17
0
0
0
0
0
0
0
0
0
0
0
0
0
0
0
0
0
0
0
0
3193.268
3190.929
3196.251
3206.982
3220.158
0
0
0
0
0
0
0
0
0
0
0
0
0
0
0
0
0
0
0
0
3192.348
3191.25
3197.2
3209.494
3225.348
0
0
0
0
0
0
0
0
0
0
0
0
0
0
0
0
0
0
0
0
3192.309
3192.562
3199.932
3212.991
3230.611
0
0
0
0
0
0
0
0
0
0
0
0
0
0
0
0
0
0
0
0
3193.432
3194.89
3203.897
3218.537
3237.003
0
0
0
0
0
0
0
0
0
0
0
0
0
0
0
0
0
0
0
0
3196.067
3198.38
3208.878
3225.469
3245.648
0
0
0
0
0
0
0
0
0
0
0
0
0
0
0
0
0
0
0
0
3200.033
3203.363
3214.999
3233.388
3255.85
0
0
0
0
0
0
0
0
0
0
0
0
0
0
0
0
0
0
0
0
3205.461
3209.644
3222.571
3242.404
3266.989
0
0
0
0
0
0
0
0
0
0
0
0
0
0
0
0
0
0
0
0
3212.21
3217.203
3231.341
3252.782
3279.06
0
0
0
0
0
0
0
0
0
0
0
0
0
0
0
0
0
0
0
0
3220.078
3225.648
3240.648
3263.607
3291.943
0
0
0
0
0
0
0
0
0
0
3227.684
3233.666
3249.548
3273.75
3303.852
0
0
0
0
0
0
0
0
0
0
3233.265
3239.505
3255.983
3281.225
3313.008
0
0
0
0
0
0
0
0
0
0
3236.566
3242.958
3259.921
3285.976
3319.052
0
0
0
0
0
0
0
0
0
0
3238.206
3244.665
3261.852
3288.493
3322.682
0
0
0
0
0
0
0
0
0
0
3239.678
3246.325
3263.618
3290.714
3325.645
0
0
0
0
0
0
0
0
0
0
3184.576
3177.059
0
0
0
0
0
0
0
0
0
0
3192.686
3185.69
3185.008
0
0
0
0
0
0
0
0
0
0
3198.859
3193.838
3193.904
3198.696
0
0
0
0
0
0
0
0
0
0
3202.122
3198.564
3200.925
3206.964
3215.335
0
0
0
0
0
0
0
0
0
0
3202.786
3199.929
3204.095
3212.7
3222.924
0
0
0
0
0
0
0
0
0
0
0
0
0
0
0
0
0
0
0
0
3201.343
3198.922
3204.031
3214.896
3228.102
0
0
0
0
0
0
0
0
0
0
0
0
0
0
0
0
0
0
0
0
3198.873
3197.727
3203.557
3215.74
3231.576
0
0
0
0
0
0
0
0
0
0
0
0
0
0
0
0
0
0
0
0
3196.745
3196.983
3204.325
3217.287
3234.851
0
0
0
0
0
0
0
0
0
0
0
0
0
0
0
0
0
0
0
0
3195.654
3197.107
3206.108
3220.732
3239.145
0
0
0
0
0
0
0
0
0
0
0
0
0
0
0
0
0
0
0
0
3196.067
3198.38
3208.878
3225.469
3245.648
0
0
0
0
0
0
0
0
0
0
0
0
0
0
0
0
0
0
0
0
3197.824
3201.148
3212.789
3231.18
3253.654
0
0
0
0
0
0
0
0
0
0
0
0
0
0
0
0
0
0
0
0
3201.056
3205.227
3218.155
3238.007
3262.605
0
0
0
0
0
0
0
0
0
0
0
0
0
0
0
0
0
0
0
0
3205.738
3210.746
3224.781
3246.228
3272.619
0
0
0
0
0
0
0
0
0
0
0
0
0
0
0
0
0
0
0
0
3212.01
3217.566
3232.639
3255.585
3283.92
0
0
0
0
0
0
0
0
0
0
0
0
0
0
0
0
0
0
0
0
3219.516
3225.487
3241.343
3265.423
3295.602
0
0
0
0
0
0
0
0
0
0
3226.921
3233.138
3249.586
3274.792
3306.527
0
0
0
0
0
0
0
0
0
0
3232.382
3238.76
3255.616
3281.636
3314.709
0
0
0
0
0
0
0
0
0
0
3235.627
3242.092
3259.221
3285.91
3320.065
0
0
0
0
0
0
0
0
0
0
3237.04
3243.754
3261.042
3288.114
3323.096
0
0
0
0
0
0
0
0
0
0
3238.37
3245.228
3262.756
3290.043
3325.666
0
0
0
0
0
0
0
0
0
0
3195.245
3188.366
3187.911
0
0
0
0
0
0
0
0
0
0
3201.473
3196.616
3196.924
3202.224
0
0
0
0
0
0
0
0
0
0
3206.338
3202.905
3205.432
3211.689
3220.906
0
0
0
0
0
0
0
0
0
0
3209.228
3206.277
3210.486
3219.298
3229.94
0
0
0
0
0
0
0
0
0
0
3209.659
3207.062
3212.171
3223.011
3236.486
0
0
0
0
0
0
0
0
0
0
0
0
0
0
0
0
0
0
0
0
3206.989
3205.779
3211.524
3223.494
3239.454
0
0
0
0
0
0
0
0
0
0
0
0
0
0
0
0
0
0
0
0
3203.267
3203.488
3210.783
3223.616
3241.06
0
0
0
0
0
0
0
0
0
0
0
0
0
0
0
0
0
0
0
0
3200.084
3201.529
3210.519
3225.11
3243.414
0
0
0
0
0
0
0
0
0
0
0
0
0
0
0
0
0
0
0
0
3198.289
3200.595
3211.09
3227.674
3247.831
0
0
0
0
0
0
0
0
0
0
0
0
0
0
0
0
0
0
0
0
3197.824
3201.148
3212.789
3231.18
3253.654
0
0
0
0
0
0
0
0
0
0
0
0
0
0
0
0
0
0
0
0
3198.84
3203.025
3215.944
3235.8
3260.406
0
0
0
0
0
0
0
0
0
0
0
0
0
0
0
0
0
0
0
0
3201.342
3206.356
3220.372
3241.819
3268.237
0
0
0
0
0
0
0
0
0
0
0
0
0
0
0
0
0
0
0
0
3205.541
3211.115
3226.194
3249.038
3277.391
0
0
0
0
0
0
0
0
0
0
0
0
0
0
0
0
0
0
0
0
3211.488
3217.442
3233.273
3257.422
3287.599
0
0
0
0
0
0
0
0
0
0
0
0
0
0
0
0
0
0
0
0
3218.774
3224.987
3241.41
3266.584
3298.211
0
0
0
0
0
0
0
0
0
0
3226.052
3232.424
3249.244
3275.225
3308.263
0
0
0
0
0
0
0
0
0
0
3231.442
3237.912
3255.015
3281.594
3315.713
0
0
0
0
0
0
0
0
0
0
3234.467
3241.178
3258.462
3285.471
3320.493
0
0
0
0
0
0
0
0
0
0
3235.8
3242.602
3260.204
3287.499
3323.114
0
0
0
0
0
0
0
0
0
0
3236.884
3243.927
3261.702
3289.32
3325.308
0
0
0
0
0
0
0
0
0
0
3204.073
3199.165
3199.581
3205.102
0
0
0
0
0
0
0
0
0
0
3209.017
3205.519
3208.222
3214.733
3224.486
0
0
0
0
0
0
0
0
0
0
3213.57
3210.489
3214.834
3223.824
3234.704
0
0
0
0
0
0
0
0
0
0
3216.07
3213.496
3218.516
3229.41
3243.1
0
0
0
0
0
0
0
0
0
0
3215.31
3214.081
3219.648
3231.611
3247.549
0
0
0
0
0
0
0
0
0
0
0
0
0
0
0
0
0
0
0
0
3211.38
3211.583
3218.814
3231.549
3248.773
0
0
0
0
0
0
0
0
0
0
0
0
0
0
0
0
0
0
0
0
3206.595
3208.031
3217.008
3231.545
3249.699
0
0
0
0
0
0
0
0
0
0
0
0
0
0
0
0
0
0
0
0
3202.729
3205.011
3215.501
3232.072
3252.184
0
0
0
0
0
0
0
0
0
0
0
0
0
0
0
0
0
0
0
0
3200.033
3203.363
3214.999
3233.388
3255.85
0
0
0
0
0
0
0
0
0
0
0
0
0
0
0
0
0
0
0
0
3198.84
3203.025
3215.944
3235.8
3260.406
0
0
0
0
0
0
0
0
0
0
0
0
0
0
0
0
0
0
0
0
3199.13
3204.147
3218.173
3239.612
3266.038
0
0
0
0
0
0
0
0
0
0
0
0
0
0
0
0
0
0
0
0
3201.153
3206.734
3221.812
3244.636
3272.995
0
0
0
0
0
0
0
0
0
0
0
0
0
0
0
0
0
0
0
0
3205.017
3210.995
3226.834
3250.986
3281.074
0
0
0
0
0
0
0
0
0
0
0
0
0
0
0
0
0
0
0
0
3210.742
3216.984
3233.378
3258.525
3290.226
0
0
0
0
0
0
0
0
0
0
0
0
0
0
0
0
0
0
0
0
3217.853
3224.295
3241.096
3267.047
3300.06
0
0
0
0
0
0
0
0
0
0
3225.081
3231.592
3248.675
3275.21
3309.291
0
0
0
0
0
0
0
0
0
0
3230.315
3236.998
3254.276
3281.252
3316.166
0
0
0
0
0
0
0
0
0
0
3233.241
3240.032
3257.623
3284.907
3320.457
0
0
0
0
0
0
0
0
0
0
3234.317
3241.368
3259.097
3286.799
3322.808
0
0
0
0
0
0
0
0
0
0
3235.4
3242.438
3260.42
3288.354
3324.814
0
0
0
0
0
0
0
0
0
0
3211.625
3208.107
3210.748
3217.357
3227.328
0
0
0
0
0
0
0
0
0
0
3216.28
3213.167
3217.457
3226.632
3237.778
0
0
0
0
0
0
0
0
0
0
3220.408
3217.833
3222.731
3233.768
3247.647
0
0
0
0
0
0
0
0
0
0
3221.749
3220.486
3226.076
3237.952
3253.949
0
0
0
0
0
0
0
0
0
0
3219.746
3219.891
3227.104
3239.646
3256.85
0
0
0
0
0
0
0
0
0
0
0
0
0
0
0
0
0
0
0
0
3214.687
3216.122
3225.088
3239.546
3257.578
0
0
0
0
0
0
0
0
0
0
0
0
0
0
0
0
0
0
0
0
3209.334
3211.501
3221.989
3238.544
3258.582
0
0
0
0
0
0
0
0
0
0
0
0
0
0
0
0
0
0
0
0
3204.465
3207.788
3219.405
3237.788
3260.229
0
0
0
0
0
0
0
0
0
0
0
0
0
0
0
0
0
0
0
0
3201.056
3205.227
3218.155
3238.007
3262.605
0
0
0
0
0
0
0
0
0
0
0
0
0
0
0
0
0
0
0
0
3199.13
3204.147
3218.173
3239.612
3266.038
0
0
0
0
0
0
0
0
0
0
0
0
0
0
0
0
0
0
0
0
3198.955
3204.529
3219.607
3242.44
3270.795
0
0
0
0
0
0
0
0
0
0
0
0
0
0
0
0
0
0
0
0
3200.636
3206.622
3222.461
3246.61
3276.683
0
0
0
0
0
0
0
0
0
0
0
0
0
0
0
0
0
0
0
0
3204.325
3210.534
3226.942
3252.093
3283.804
0
0
0
0
0
0
0
0
0
0
0
0
0
0
0
0
0
0
0
0
3209.918
3216.287
3233.105
3259.025
3292.02
0
0
0
0
0
0
0
0
0
0
0
0
0
0
0
0
0
0
0
0
3216.989
3223.411
3240.55
3267.061
3301.118
0
0
0
0
0
0
0
0
0
0
3224.031
3230.646
3247.952
3274.901
3309.771
0
0
0
0
0
0
0
0
0
0
3229.086
3235.886
3253.437
3280.71
3316.223
0
0
0
0
0
0
0
0
0
0
3231.759
3238.812
3256.523
3284.208
3320.202
0
0
0
0
0
0
0
0
0
0
3232.839
3239.883
3257.882
3285.783
3322.336
0
0
0
0
0
0
0
0
0
0
3234.06
3240.946
3258.928
3287.118
3324.002
0
0
0
0
0
0
0
0
0
0
3218.888
3215.762
3220.02
3229.121
3240.355
0
0
0
0
0
0
0
0
0
0
3223.14
3220.54
3225.412
3236.405
3250.477
0
0
0
0
0
0
0
0
0
0
3226.027
3224.82
3230.413
3242.171
3258.317
0
0
0
0
0
0
0
0
0
0
3226.315
3226.325
3233.511
3246.062
3263.176
0
0
0
0
0
0
0
0
0
0
3223.034
3224.475
3233.39
3247.816
3265.63
0
0
0
0
0
0
0
0
0
0
0
0
0
0
0
0
0
0
0
0
3217.423
3219.572
3230.067
3246.606
3266.535
0
0
0
0
0
0
0
0
0
0
0
0
0
0
0
0
0
0
0
0
3211.061
3214.373
3225.882
3244.261
3266.672
0
0
0
0
0
0
0
0
0
0
0
0
0
0
0
0
0
0
0
0
3205.461
3209.644
3222.571
3242.404
3266.989
0
0
0
0
0
0
0
0
0
0
0
0
0
0
0
0
0
0
0
0
3201.342
3206.356
3220.372
3241.819
3268.237
0
0
0
0
0
0
0
0
0
0
0
0
0
0
0
0
0
0
0
0
3198.955
3204.529
3219.607
3242.44
3270.795
0
0
0
0
0
0
0
0
0
0
0
0
0
0
0
0
0
0
0
0
3198.441
3204.431
3220.259
3244.407
3274.492
0
0
0
0
0
0
0
0
0
0
0
0
0
0
0
0
0
0
0
0
3199.953
3206.168
3222.576
3247.724
3279.437
0
0
0
0
0
0
0
0
0
0
0
0
0
0
0
0
0
0
0
0
3203.52
3209.891
3226.668
3252.597
3285.602
0
0
0
0
0
0
0
0
0
0
0
0
0
0
0
0
0
0
0
0
3209.077
3215.5
3232.556
3259.078
3293.112
0
0
0
0
0
0
0
0
0
0
0
0
0
0
0
0
0
0
0
0
3215.885
3222.572
3239.779
3266.776
3301.627
0
0
0
0
0
0
0
0
0
0
3222.769
3229.611
3247.085
3274.376
3309.863
0
0
0
0
0
0
0
0
0
0
3227.625
3234.663
3252.372
3280.012
3315.993
0
0
0
0
0
0
0
0
0
0
3230.281
3237.329
3255.322
3283.199
3319.732
0
0
0
0
0
0
0
0
0
0
3231.432
3238.396
3256.392
3284.611
3321.478
0
0
0
0
0
0
0
0
0
0
3232.784
3239.591
3257.411
3285.631
3322.861
0
0
0
0
0
0
0
0
0
0
3225.806
3223.136
3227.98
3238.926
3252.915
0
0
0
0
0
0
0
0
0
0
3228.75
3227.55
3233.122
3244.857
3260.971
0
0
0
0
0
0
0
0
0
0
3230.625
3230.602
3237.847
3250.398
3267.395
0
0
0
0
0
0
0
0
0
0
3229.681
3231.039
3239.83
3254.226
3272.022
0
0
0
0
0
0
0
0
0
0
3225.732
3227.905
3238.415
3254.901
3274.768
0
0
0
0
0
0
0
0
0
0
0
0
0
0
0
0
0
0
0
0
3219.125
3222.44
3233.94
3252.324
3274.701
0
0
0
0
0
0
0
0
0
0
0
0
0
0
0
0
0
0
0
0
3211.938
3216.219
3229.141
3248.867
3273.437
0
0
0
0
0
0
0
0
0
0
0
0
0
0
0
0
0
0
0
0
3205.738
3210.746
3224.781
3246.228
3272.619
0
0
0
0
0
0
0
0
0
0
0
0
0
0
0
0
0
0
0
0
3201.153
3206.734
3221.812
3244.636
3272.995
0
0
0
0
0
0
0
0
0
0
0
0
0
0
0
0
0
0
0
0
3198.441
3204.431
3220.259
3244.407
3274.492
0
0
0
0
0
0
0
0
0
0
0
0
0
0
0
0
0
0
0
0
3197.751
3203.98
3220.389
3245.525
3277.239
0
0
0
0
0
0
0
0
0
0
0
0
0
0
0
0
0
0
0
0
3199.155
3205.535
3222.308
3248.235
3281.24
0
0
0
0
0
0
0
0
0
0
0
0
0
0
0
0
0
0
0
0
3202.616
3209.124
3226.172
3252.65
3286.697
0
0
0
0
0
0
0
0
0
0
0
0
0
0
0
0
0
0
0
0
3207.988
3214.686
3231.88
3258.793
3293.66
0
0
0
0
0
0
0
0
0
0
0
0
0
0
0
0
0
0
0
3214.719
3221.484
3239.016
3266.207
3301.745
0
0
0
0
0
0
0
0
0
0
3221.365
3228.356
3246.096
3273.654
3309.652
0
0
0
0
0
0
0
0
0
0
3226.085
3233.201
3251.17
3279.039
3315.525
0
0
0
0
0
0
0
0
0
0
3228.876
3235.842
3253.835
3282.043
3318.883
0
0
0
0
0
0
0
0
0
0
3230.149
3236.976
3254.881
3283.127
3320.396
0
0
0
0
0
0
0
0
0
0
3231.344
3238.296
3256.013
3284.084
3321.409
0
0
0
0
0
0
0
0
0
0
3231.431
3230.204
3235.689
3247.38
3263.433
0
0
0
0
0
0
0
0
0
0
3233.232
3233.323
3240.582
3253.111
3270.086
0
0
0
0
0
0
0
0
0
0
3234.002
3235.348
3244.118
3258.564
3276.349
0
0
0
0
0
0
0
0
0
0
3232.234
3234.546
3244.985
3261.349
3281.169
0
0
0
0
0
0
0
0
0
0
3227.399
3230.734
3242.27
3260.668
3282.975
0
0
0
0
0
0
0
0
0
0
0
0
0
0
0
0
0
0
0
0
3219.981
3224.261
3237.196
3256.912
3281.473
0
0
0
0
0
0
0
0
0
0
0
0
0
0
0
0
0
0
0
0
3212.21
3217.203
3231.341
3252.782
3279.06
0
0
0
0
0
0
0
0
0
0
0
0
0
0
0
0
0
0
0
0
3205.541
3211.115
3226.194
3249.038
3277.391
0
0
0
0
0
0
0
0
0
0
0
0
0
0
0
0
0
0
0
0
3200.636
3206.622
3222.461
3246.61
3276.683
0
0
0
0
0
0
0
0
0
0
0
0
0
0
0
0
0
0
0
0
3197.751
3203.98
3220.389
3245.525
3277.239
0
0
0
0
0
0
0
0
0
0
0
0
0
0
0
0
0
0
0
0
3196.965
3203.34
3220.124
3246.049
3279.045
0
0
0
0
0
0
0
0
0
0
0
0
0
0
0
0
0
0
0
0
3198.255
3204.774
3221.822
3248.294
3282.342
0
0
0
0
0
0
0
0
0
0
0
0
0
0
0
0
0
0
0
0
3201.616
3208.247
3225.516
3252.415
3287.245
0
0
0
0
0
0
0
0
0
0
0
0
0
0
0
0
0
0
0
3206.845
3213.613
3231.143
3258.317
3293.779
0
0
0
0
0
0
0
0
0
0
0
0
0
0
0
0
0
0
3213.253
3220.326
3237.978
3265.588
3301.495
0
0
0
0
0
0
0
0
0
0
3219.833
3226.952
3244.863
3272.757
3309.166
0
0
0
0
0
0
0
0
0
0
3224.751
3231.653
3249.705
3277.883
3314.714
0
0
0
0
0
0
0
0
0
0
3227.638
3234.424
3252.324
3280.563
3317.819
0
0
0
0
0
0
0
0
0
0
3228.804
3235.674
3253.419
3281.586
3318.948
0
0
0
0
0
0
0
0
0
0
3229.873
3236.833
3254.661
3282.624
3319.845
0
0
0
0
0
0
0
0
0
0
3235.811
3235.992
3243.209
3255.631
3272.545
0
0
0
0
0
0
0
0
0
0
3236.825
3237.954
3246.847
3261.306
3279.062
0
0
0
0
0
0
0
0
0
0
3236.513
3238.865
3249.305
3265.653
3285.504
0
0
0
0
0
0
0
0
0
0
3233.883
3237.23
3248.916
3267.248
3289.426
0
0
0
0
0
0
0
0
0
0
3228.329
3232.52
3245.487
3265.24
3289.8
0
0
0
0
0
0
0
0
0
0
0
0
0
0
0
0
0
0
0
0
3220.316
3225.222
3239.371
3260.826
3287.081
0
0
0
0
0
0
0
0
0
0
0
0
0
0
0
0
0
0
0
0
3212.01
3217.566
3232.639
3255.585
3283.92
0
0
0
0
0
0
0
0
0
0
0
0
0
0
0
0
0
0
0
0
3205.017
3210.995
3226.834
3250.986
3281.074
0
0
0
0
0
0
0
0
0
0
0
0
0
0
0
0
0
0
0
0
3199.953
3206.168
3222.576
3247.724
3279.437
0
0
0
0
0
0
0
0
0
0
0
0
0
0
0
0
0
0
0
0
3196.965
3203.34
3220.124
3246.049
3279.045
0
0
0
0
0
0
0
0
0
0
0
0
0
0
0
0
0
0
0
0
3196.07
3202.591
3219.631
3246.111
3280.159
0
0
0
0
0
0
0
0
0
0
0
0
0
0
0
0
0
0
0
0
3197.269
3203.901
3221.174
3248.069
3282.896
0
0
0
0
0
0
0
0
0
0
0
0
0
0
0
0
0
0
0
3200.415
3207.263
3224.718
3251.959
3287.411
0
0
0
0
0
0
0
0
0
0
0
0
0
0
0
0
0
0
3205.383
3212.477
3230.121
3257.724
3293.618
0
0
0
0
0
0
0
0
0
0
0
0
0
0
0
0
0
3211.796
3218.859
3236.841
3264.646
3301.109
0
0
0
0
0
0
0
0
0
0
3218.447
3225.412
3243.456
3271.574
3308.428
0
0
0
0
0
0
0
0
0
0
3223.539
3230.305
3248.135
3276.427
3313.652
0
0
0
0
0
0
0
0
0
0
3226.265
3233.166
3250.866
3279.023
3316.376
0
0
0
0
0
0
0
0
0
0
3227.274
3234.304
3252.061
3280.066
3317.39
0
0
0
0
0
0
0
0
0
0
3228.441
3235.335
3253.128
3281.187
3318.322
0
0
0
0
0
0
0
0
0
0
3239.534
3240.521
3249.49
3263.888
3281.518
0
0
0
0
0
0
0
0
0
0
3239.316
3241.688
3251.922
3268.395
3288.252
0
0
0
0
0
0
0
0
0
0
3238.29
3241.507
3253.247
3271.586
3293.746
0
0
0
0
0
0
0
0
0
0
3234.783
3238.998
3251.991
3271.894
3296.385
0
0
0
0
0
0
0
0
0
0
3228.539
3233.556
3247.628
3269.117
3295.396
0
0
0
0
0
0
0
0
0
0
0
0
0
0
0
0
0
0
0
0
3220.078
3225.648
3240.647
3263.607
3291.943
0
0
0
0
0
0
0
0
0
0
0
0
0
0
0
0
0
0
0
0
3211.488
3217.442
3233.273
3257.422
3287.599
0
0
0
0
0
0
0
0
0
0
0
0
0
0
0
0
0
0
0
0
3204.325
3210.534
3226.942
3252.093
3283.804
0
0
0
0
0
0
0
0
0
0
0
0
0
0
0
0
0
0
0
0
3199.155
3205.535
3222.308
3248.235
3281.24
0
0
0
0
0
0
0
0
0
0
0
0
0
0
0
0
0
0
0
0
3196.07
3202.591
3219.631
3246.111
3280.159
0
0
0
0
0
0
0
0
0
0
0
0
0
0
0
0
0
0
0
0
3195.086
3201.723
3218.994
3245.88
3280.715
0
0
0
0
0
0
0
0
0
0
0
0
0
0
0
0
0
0
0
3196.082
3202.931
3220.38
3247.621
3283.071
0
0
0
0
0
0
0
0
0
0
0
0
0
0
0
0
0
0
3199.031
3206.07
3223.784
3251.308
3287.271
0
0
0
0
0
0
0
0
0
0
0
0
0
0
0
0
0
3203.873
3211.015
3229.007
3256.799
3293.258
0
0
0
0
0
0
0
0
0
0
0
0
0
0
0
0
3210.42
3217.395
3235.375
3263.558
3300.333
0
0
0
0
0
0
0
0
0
0
3217.32
3224.013
3241.896
3270.176
3307.345
0
0
0
0
0
0
0
0
0
0
3222.102
3229.075
3246.746
3274.832
3312.235
0
0
0
0
0
0
0
0
0
0
3224.805
3231.77
3249.551
3277.507
3314.821
0
0
0
0
0
0
0
0
0
0
3225.85
3232.748
3250.621
3278.622
3315.811
0
0
0
0
0
0
0
0
0
0
3226.655
3233.871
3251.549
3279.547
3316.785
0
0
0
0
0
0
0
0
0
0
3242.024
3244.384
3254.466
3270.997
3290.771
0
0
0
0
0
0
0
0
0
0
3240.906
3244.309
3256.076
3274.22
3296.501
0
0
0
0
0
0
0
0
0
0
3239.055
3243.402
3256.28
3276.243
3300.741
0
0
0
0
0
0
0
0
0
0
3234.958
3240.003
3254.115
3275.634
3302.052
0
0
0
0
0
0
0
0
0
0
3228.273
3233.856
3248.977
3271.864
3300.223
0
0
0
0
0
0
0
0
0
0
0
0
0
0
0
0
0
0
0
0
3219.516
3225.487
3241.343
3265.423
3295.602
0
0
0
0
0
0
0
0
0
0
0
0
0
0
0
0
0
0
0
0
3210.742
3216.984
3233.378
3258.525
3290.226
0
0
0
0
0
0
0
0
0
0
0
0
0
0
0
0
0
0
0
0
3203.52
3209.891
3226.668
3252.597
3285.602
0
0
0
0
0
0
0
0
0
0
0
0
0
0
0
0
0
0
0
0
3198.255
3204.774
3221.822
3248.294
3282.342
0
0
0
0
0
0
0
0
0
0
0
0
0
0
0
0
0
0
0
0
3195.086
3201.723
3218.994
3245.88
3280.715
0
0
0
0
0
0
0
0
0
0
0
0
0
0
0
0
0
0
0
3193.917
3200.756
3218.205
3245.442
3280.885
0
0
0
0
0
0
0
0
0
0
0
0
0
0
0
0
0
0
3194.705
3201.752
3219.459
3246.974
3282.938
0
0
0
0
0
0
0
0
0
0
0
0
0
0
0
0
0
3197.533
3204.686
3222.614
3250.469
3286.858
0
0
0
0
0
0
0
0
0
0
0
0
0
0
0
0
3202.572
3209.498
3227.547
3255.734
3292.5
0
0
0
0
0
0
0
0
0
0
0
0
0
0
0
3209.26
3216.006
3233.89
3262.106
3299.342
0
0
0
0
0
0
0
0
0
0
3215.886
3222.867
3240.459
3268.592
3305.985
0
0
0
0
0
0
0
0
0
0
3220.711
3227.614
3245.46
3273.385
3310.63
0
0
0
0
0
0
0
0
0
0
3223.391
3230.284
3248.086
3276.108
3313.247
0
0
0
0
0
0
0
0
0
0
3224.129
3231.293
3248.985
3277.072
3314.269
0
0
0
0
0
0
0
0
0
0
3224.794
3232.052
3249.993
3277.84
3315.014
0
0
0
0
0
0
0
0
0
0
3243.589
3247.004
3258.748
3276.727
3299.044
0
0
0
0
0
0
0
0
0
0
3241.644
3246.018
3259.089
3279.084
3303.396
0
0
0
0
0
0
0
0
0
0
3239.267
3244.272
3258.527
3279.942
3306.422
0
0
0
0
0
0
0
0
0
0
3234.671
3240.268
3255.431
3278.365
3306.75
0
0
0
0
0
0
0
0
0
0
3227.684
3233.666
3249.548
3273.75
3303.852
0
0
0
0
0
0
0
0
0
0
0
0
0
0
0
0
0
0
0
0
3218.774
3224.987
3241.41
3266.584
3298.211
0
0
0
0
0
0
0
0
0
0
0
0
0
0
0
0
0
0
0
0
3209.918
3216.287
3233.105
3259.025
3292.02
0
0
0
0
0
0
0
0
0
0
0
0
0
0
0
0
0
0
0
0
3202.616
3209.124
3226.172
3252.65
3286.697
0
0
0
0
0
0
0
0
0
0
0
0
0
0
0
0
0
0
0
0
3197.269
3203.901
3221.174
3248.069
3282.896
0
0
0
0
0
0
0
0
0
0
0
0
0
0
0
0
0
0
0
3193.917
3200.756
3218.205
3245.442
3280.885
0
0
0
0
0
0
0
0
0
0
0
0
0
0
0
0
0
0
3192.526
3199.595
3217.287
3244.801
3280.762
0
0
0
0
0
0
0
0
0
0
0
0
0
0
0
0
0
3193.199
3200.375
3218.304
3246.148
3282.529
0
0
0
0
0
0
0
0
0
0
0
0
0
0
0
0
3196.241
3203.181
3221.231
3249.353
3286.182
0
0
0
0
0
0
0
0
0
0
0
0
0
0
0
3201.43
3208.184
3226.011
3254.289
3291.534
0
0
0
0
0
0
0
0
0
0
0
0
0
0
3207.89
3214.827
3232.464
3260.597
3297.935
0
0
0
0
0
0
0
0
0
0
3214.448
3221.41
3239.256
3267.101
3304.394
0
0
0
0
0
0
0
0
0
0
3219.313
3226.197
3243.932
3272.014
3309.124
0
0
0
0
0
0
0
0
0
0
3221.549
3228.839
3246.519
3274.534
3311.749
0
0
0
0
0
0
0
0
0
0
3222.272
3229.538
3247.438
3275.312
3312.583
0
0
0
0
0
0
0
0
0
3223.173
3230.154
3248.073
3276.137
3313.144
0
0
0
0
0
0
0
0
0
0
3244.324
3248.689
3261.761
3281.717
3305.851
0
0
0
0
0
0
0
0
0
0
3241.889
3246.86
3261.153
3282.763
3309.274
0
0
0
0
0
0
0
0
0
0
3238.995
3244.574
3259.711
3282.791
3311.08
0
0
0
0
0
0
0
0
0
0
3234.058
3240.056
3255.967
3280.219
3310.364
0
0
0
0
0
0
0
0
0
0
3226.921
3233.138
3249.586
3274.792
3306.527
0
0
0
0
0
0
0
0
0
0
0
0
0
0
0
0
0
0
0
0
3217.853
3224.295
3241.096
3267.047
3300.06
0
0
0
0
0
0
0
0
0
0
0
0
0
0
0
0
0
0
0
0
3209.077
3215.5
3232.556
3259.078
3293.112
0
0
0
0
0
0
0
0
0
0
0
0
0
0
0
0
0
0
0
0
3201.616
3208.247
3225.516
3252.415
3287.245
0
0
0
0
0
0
0
0
0
0
0
0
0
0
0
0
0
0
0
3196.082
3202.931
3220.38
3247.621
3283.071
0
0
0
0
0
0
0
0
0
0
0
0
0
0
0
0
0
0
3192.526
3199.595
3217.287
3244.801
3280.762
0
0
0
0
0
0
0
0
0
0
0
0
0
0
0
0
0
3191.015
3198.204
3216.15
3243.978
3280.358
0
0
0
0
0
0
0
0
0
0
0
0
0
0
0
0
3191.907
3198.862
3216.928
3245.046
3281.867
0
0
0
0
0
0
0
0
0
0
0
0
0
0
0
3195.116
3201.876
3219.708
3247.983
3285.169
0
0
0
0
0
0
0
0
0
0
0
0
0
0
3200.008
3207.024
3224.66
3252.734
3290.137
0
0
0
0
0
0
0
0
0
0
0
0
0
3206.465
3213.436
3231.231
3259.118
3296.416
0
0
0
0
0
0
0
0
0
0
3213.104
3219.945
3237.733
3265.814
3302.85
0
0
0
0
0
0
0
0
0
0
3217.459
3224.768
3242.434
3270.382
3307.656
0
0
0
0
0
0
0
0
0
0
3219.742
3226.963
3244.982
3272.84
3310.042
0
0
0
0
0
0
0
0
0
3220.582
3227.644
3245.581
3273.619
3310.665
0
0
0
0
0
0
0
0
3221.752
3228.494
3246.067
3274.055
3311.251
0
0
0
0
0
0
0
0
0
0
3244.568
3249.528
3263.801
3285.396
3311.852
0
0
0
0
0
0
0
0
0
0
3241.566
3247.195
3262.309
3285.435
3313.912
0
0
0
0
0
0
0
0
0
0
3238.361
3244.377
3260.282
3284.516
3314.802
0
0
0
0
0
0
0
0
0
0
3233.265
3239.505
3255.983
3281.225
3313.008
0
0
0
0
0
0
0
0
0
0
3226.052
3232.424
3249.244
3275.225
3308.263
0
0
0
0
0
0
0
0
0
0
0
0
0
0
0
0
0
0
0
0
3216.989
3223.411
3240.55
3267.061
3301.118
0
0
0
0
0
0
0
0
0
0
0
0
0
0
0
0
0
0
0
0
3207.988
3214.686
3231.88
3258.793
3293.66
0
0
0
0
0
0
0
0
0
0
0
0
0
0
0
0
0
0
0
3200.415
3207.263
3224.718
3251.959
3287.411
0
0
0
0
0
0
0
0
0
0
0
0
0
0
0
0
0
0
3194.705
3201.752
3219.459
3246.974
3282.938
0
0
0
0
0
0
0
0
0
0
0
0
0
0
0
0
0
3191.015
3198.204
3216.15
3243.978
3280.358
0
0
0
0
0
0
0
0
0
0
0
0
0
0
0
0
3189.697
3196.687
3214.761
3242.893
3279.699
0
0
0
0
0
0
0
0
0
0
0
0
0
0
0
3190.796
3197.558
3215.398
3243.685
3280.868
0
0
0
0
0
0
0
0
0
0
0
0
0
0
3193.686
3200.733
3218.366
3246.44
3283.844
0
0
0
0
0
0
0
0
0
0
0
0
0
3198.658
3205.58
3223.447
3251.329
3288.579
0
0
0
0
0
0
0
0
0
0
0
0
3205.109
3211.985
3229.773
3257.805
3294.887
0
0
0
0
0
0
0
0
0
0
3211.272
3218.571
3236.19
3264.188
3301.463
0
0
0
0
0
0
0
0
0
0
3215.632
3222.881
3240.915
3268.756
3305.896
0
0
0
0
0
0
0
0
0
3218.045
3225.12
3243.007
3271.158
3308.188
0
0
0
0
0
0
0
0
3219.165
3225.916
3243.578
3271.597
3308.782
0
0
0
0
0
0
0
3220.452
3227.032
3244.289
3271.873
3308.957
0
0
0
0
0
0
0
0
0
0
3244.236
3249.862
3264.955
3288.046
3316.492
0
0
0
0
0
0
0
0
0
0
3240.92
3246.946
3262.912
3287.132
3317.47
0
0
0
0
0
0
0
0
0
0
3237.468
3243.803
3260.31
3285.554
3317.322
0
0
0
0
0
0
0
0
0
0
3232.382
3238.76
3255.616
3281.636
3314.709
0
0
0
0
0
0
0
0
0
0
3225.081
3231.592
3248.675
3275.21
3309.291
0
0
0
0
0
0
0
0
0
0
0
0
0
0
0
0
0
0
0
0
3215.885
3222.572
3239.779
3266.776
3301.627
0
0
0
0
0
0
0
0
0
0
0
0
0
0
0
0
0
0
0
3206.845
3213.613
3231.143
3258.317
3293.779
0
0
0
0
0
0
0
0
0
0
0
0
0
0
0
0
0
0
3199.031
3206.07
3223.784
3251.308
3287.271
0
0
0
0
0
0
0
0
0
0
0
0
0
0
0
0
0
3193.199
3200.375
3218.304
3246.148
3282.529
0
0
0
0
0
0
0
0
0
0
0
0
0
0
0
0
3189.697
3196.687
3214.761
3242.893
3279.699
0
0
0
0
0
0
0
0
0
0
0
0
0
0
0
3188.619
3195.356
3213.226
3241.519
3278.716
0
0
0
0
0
0
0
0
0
0
0
0
0
0
3189.382
3196.429
3214.057
3242.136
3279.552
0
0
0
0
0
0
0
0
0
0
0
0
0
3192.337
3199.282
3217.171
3245.046
3282.298
0
0
0
0
0
0
0
0
0
0
0
0
3197.319
3204.204
3221.938
3250.037
3287.121
0
0
0
0
0
0
0
0
0
0
0
3203.264
3210.599
3228.245
3256.244
3293.481
0
0
0
0
0
0
0
0
0
0
3209.417
3216.706
3234.725
3262.522
3299.713
0
0
0
0
0
0
0
0
0
3213.955
3221.018
3238.929
3267.093
3304.108
0
0
0
0
0
0
0
0
3216.584
3223.384
3241.055
3269.025
3306.317
0
0
0
0
0
0
0
3217.872
3224.458
3241.734
3269.419
3306.543
0
0
0
0
0
0
3219.283
3225.69
3242.703
3269.904
3306.542
0
0
0
0
0
0
0
0
0
0
3243.586
3249.604
3265.557
3289.741
3320.028
0
0
0
0
0
0
0
0
0
0
3240.095
3246.361
3262.889
3288.2
3319.961
0
0
0
0
0
0
0
0
0
0
3236.566
3242.958
3259.921
3285.976
3319.052
0
0
0
0
0
0
0
0
0
0
3231.442
3237.912
3255.015
3281.594
3315.713
0
0
0
0
0
0
0
0
0
0
3224.031
3230.646
3247.952
3274.901
3309.771
0
0
0
0
0
0
0
0
0
0
0
0
0
0
0
0
0
0
0
3214.719
3221.484
3239.016
3266.207
3301.745
0
0
0
0
0
0
0
0
0
0
0
0
0
0
0
0
0
0
3205.383
3212.477
3230.121
3257.724
3293.618
0
0
0
0
0
0
0
0
0
0
0
0
0
0
0
0
0
3197.533
3204.686
3222.614
3250.469
3286.858
0
0
0
0
0
0
0
0
0
0
0
0
0
0
0
0
3191.907
3198.862
3216.928
3245.046
3281.867
0
0
0
0
0
0
0
0
0
0
0
0
0
0
0
3188.619
3195.356
3213.226
3241.519
3278.716
0
0
0
0
0
0
0
0
0
0
0
0
0
0
3187.214
3194.26
3211.859
3239.965
3277.388
0
0
0
0
0
0
0
0
0
0
0
0
0
3187.991
3194.993
3212.875
3240.743
3278.001
0
0
0
0
0
0
0
0
0
0
0
0
3191.026
3197.906
3215.655
3243.772
3280.853
0
0
0
0
0
0
0
0
0
0
0
3195.481
3202.835
3220.485
3248.429
3285.737
0
0
0
0
0
0
0
0
0
0
3201.472
3208.72
3226.77
3254.594
3291.793
0
0
0
0
0
0
0
0
0
3207.725
3214.816
3232.763
3260.912
3297.89
0
0
0
0
0
0
0
0
3212.502
3219.303
3236.959
3264.951
3302.258
0
0
0
0
0
0
0
3215.337
3221.882
3239.205
3266.898
3303.976
0
0
0
0
0
0
3216.708
3223.122
3240.154
3267.387
3304.135
0
0
0
0
0
3217.968
3224.476
3241.234
3268.118
3304.317
0
0
0
0
0
0
0
0
0
0
3242.762
3249.014
3265.526
3290.81
3322.519
0
0
0
0
0
0
0
0
0
0
3239.142
3245.583
3262.487
3288.571
3321.72
0
0
0
0
0
0
0
0
0
0
3235.627
3242.092
3259.221
3285.91
3320.065
0
0
0
0
0
0
0
0
0
0
3230.315
3236.998
3254.276
3281.252
3316.166
0
0
0
0
0
0
0
0
0
0
3222.769
3229.611
3247.085
3274.376
3309.863
0
0
0
0
0
0
0
0
0
0
0
0
0
0
0
0
0
0
3213.253
3220.326
3237.978
3265.588
3301.495
0
0
0
0
0
0
0
0
0
0
0
0
0
0
0
0
0
3203.873
3211.015
3229.007
3256.799
3293.258
0
0
0
0
0
0
0
0
0
0
0
0
0
0
0
0
3196.241
3203.181
3221.231
3249.353
3286.182
0
0
0
0
0
0
0
0
0
0
0
0
0
0
0
3190.796
3197.558
3215.398
3243.685
3280.868
0
0
0
0
0
0
0
0
0
0
0
0
0
0
3187.214
3194.26
3211.859
3239.965
3277.388
0
0
0
0
0
0
0
0
0
0
0
0
0
3185.824
3192.833
3210.711
3238.547
3275.833
0
0
0
0
0
0
0
0
0
0
0
0
3186.739
3193.577
3211.376
3239.484
3276.558
0
0
0
0
0
0
0
0
0
0
0
3189.198
3196.566
3214.203
3242.159
3279.488
0
0
0
0
0
0
0
0
0
0
3193.681
3200.965
3219.028
3246.853
3284.009
0
0
0
0
0
0
0
0
0
3199.784
3206.893
3224.797
3252.979
3289.99
0
0
0
0
0
0
0
0
3206.33
3213.086
3230.767
3258.795
3296.093
0
0
0
0
0
0
0
3211.208
3217.808
3235.129
3262.807
3299.91
0
0
0
0
0
0
3214.177
3220.592
3237.582
3264.86
3301.616
0
0
0
0
0
3215.461
3221.913
3238.69
3265.607
3301.852
0
0
0
0
3216.796
3223.117
3239.889
3266.439
3302.259
0
0
0
0
0
0
0
0
0
0
3241.75
3248.238
3265.119
3291.173
3324.279
0
0
0
0
0
0
0
0
0
0
3238.206
3244.665
3261.852
3288.493
3322.682
0
0
0
0
0
0
0
0
0
0
3234.467
3241.178
3258.462
3285.471
3320.493
0
0
0
0
0
0
0
0
0
0
3229.086
3235.886
3253.437
3280.71
3316.223
0
0
0
0
0
0
0
0
0
0
3221.365
3228.356
3246.096
3273.654
3309.652
0
0
0
0
0
0
0
0
0
0
0
0
0
0
0
0
0
3211.796
3218.859
3236.841
3264.646
3301.109
0
0
0
0
0
0
0
0
0
0
0
0
0
0
0
0
3202.572
3209.498
3227.547
3255.734
3292.5
0
0
0
0
0
0
0
0
0
0
0
0
0
0
0
3195.116
3201.876
3219.708
3247.983
3285.169
0
0
0
0
0
0
0
0
0
0
0
0
0
0
3189.382
3196.429
3214.057
3242.136
3279.552
0
0
0
0
0
0
0
0
0
0
0
0
0
3185.824
3192.833
3210.711
3238.547
3275.833
0
0
0
0
0
0
0
0
0
0
0
0
3184.58
3191.417
3209.22
3237.321
3274.366
0
0
0
0
0
0
0
0
0
0
0
3184.919
3192.295
3209.884
3237.887
3275.208
0
0
0
0
0
0
0
0
0
0
3187.374
3194.706
3212.776
3240.586
3277.756
0
0
0
0
0
0
0
0
0
3192.022
3199.13
3217.064
3245.258
3282.277
0
0
0
0
0
0
0
0
3198.355
3205.167
3222.864
3250.852
3288.193
0
0
0
0
0
0
0
3205.035
3211.651
3228.924
3256.63
3293.773
0
0
0
0
0
0
3210.098
3216.473
3233.514
3260.792
3297.536
0
0
0
0
0
3212.902
3219.389
3236.164
3263.039
3299.329
0
0
0
0
3214.24
3220.622
3237.35
3263.935
3299.8
0
0
0
3215.563
3221.899
3238.396
3264.878
3300.296
0
0
0
0
0
0
0
0
0
0
3240.789
3247.261
3264.486
3291.09
3325.235
0
0
0
0
0
0
0
0
0
0
3237.04
3243.754
3261.042
3288.114
3323.096
0
0
0
0
0
0
0
0
0
0
3233.241
3240.032
3257.623
3284.907
3320.457
0
0
0
0
0
0
0
0
0
0
3227.625
3234.663
3252.372
3280.012
3315.993
0
0
0
0
0
0
0
0
0
0
3219.833
3226.951
3244.863
3272.757
3309.166
0
0
0
0
0
0
0
0
0
0
0
0
0
0
0
0
3210.42
3217.395
3235.375
3263.558
3300.333
0
0
0
0
0
0
0
0
0
0
0
0
0
0
0
3201.43
3208.184
3226.011
3254.289
3291.534
0
0
0
0
0
0
0
0
0
0
0
0
0
0
3193.686
3200.733
3218.366
3246.44
3283.844
0
0
0
0
0
0
0
0
0
0
0
0
0
3187.991
3194.993
3212.875
3240.743
3278.001
0
0
0
0
0
0
0
0
0
0
0
0
3184.58
3191.417
3209.22
3237.321
3274.366
0
0
0
0
0
0
0
0
0
0
0
3182.763
3190.144
3207.729
3235.734
3273.049
0
0
0
0
0
0
0
0
0
0
3183.098
3190.442
3208.515
3236.276
3273.493
0
0
0
0
0
0
0
0
0
3185.76
3192.846
3210.822
3239.021
3276.029
0
0
0
0
0
0
0
0
3190.602
3197.433
3215.124
3243.142
3280.502
0
0
0
0
0
0
0
3197.107
3203.699
3221.027
3248.75
3285.866
0
0
0
0
0
0
3203.888
3210.314
3227.369
3254.603
3291.383
0
0
0
0
0
3208.821
3215.319
3232.053
3258.981
3295.274
0
0
0
0
3211.785
3218.069
3234.83
3261.413
3297.241
0
0
0
3213.008
3219.357
3235.925
3262.379
3297.846
0
0
3214.511
3220.621
3237.042
3263.166
3298.44
0
0
0
0
0
0
0
0
0
0
3239.678
3246.325
3263.618
3290.714
3325.645
0
0
0
0
0
0
0
0
0
0
3235.8
3242.602
3260.204
3287.499
3323.114
0
0
0
0
0
0
0
0
0
0
3231.759
3238.812
3256.523
3284.208
3320.202
0
0
0
0
0
0
0
0
0
0
3226.085
3233.201
3251.17
3279.039
3315.525
0
0
0
0
0
0
0
0
0
0
3218.447
3225.412
3243.456
3271.574
3308.428
0
0
0
0
0
0
0
0
0
0
0
0
0
0
0
3209.26
3216.006
3233.89
3262.106
3299.342
0
0
0
0
0
0
0
0
0
0
0
0
0
0
3200.008
3207.024
3224.66
3252.734
3290.137
0
0
0
0
0
0
0
0
0
0
0
0
0
3192.337
3199.281
3217.171
3245.046
3282.298
0
0
0
0
0
0
0
0
0
0
0
0
3186.739
3193.577
3211.376
3239.484
3276.558
0
0
0
0
0
0
0
0
0
0
0
3182.763
3190.144
3207.729
3235.734
3273.049
0
0
0
0
0
0
0
0
0
0
3180.946
3188.295
3206.369
3234.124
3271.344
0
0
0
0
0
0
0
0
0
3181.445
3188.587
3206.569
3234.769
3271.733
0
0
0
0
0
0
0
0
3184.354
3191.195
3208.86
3236.917
3274.286
0
0
0
0
0
0
0
3189.307
3195.973
3213.317
3241.035
3278.189
0
0
0
0
0
0
3195.966
3202.408
3219.44
3246.732
3283.539
0
0
0
0
0
3202.654
3209.123
3225.907
3252.852
3289.112
0
0
0
0
3207.679
3213.997
3230.768
3257.313
3293.197
0
0
0
3210.55
3216.907
3233.376
3259.864
3295.331
0
0
3211.952
3218.079
3234.525
3260.732
3295.996
0
3213.96
3219.526
3235.63
3261.589
3296.429
0
0
0
0
0
0
0
0
0
0
3238.37
3245.228
3262.756
3290.043
3325.666
0
0
0
0
0
0
0
0
0
0
3234.317
3241.368
3259.097
3286.799
3322.808
0
0
0
0
0
0
0
0
0
0
3230.281
3237.329
3255.322
3283.199
3319.732
0
0
0
0
0
0
0
0
0
0
3224.751
3231.653
3249.705
3277.883
3314.714
0
0
0
0
0
0
0
0
0
0
3217.32
3224.013
3241.896
3270.176
3307.345
0
0
0
0
0
0
0
0
0
0
0
0
0
0
3207.89
3214.827
3232.464
3260.597
3297.935
0
0
0
0
0
0
0
0
0
0
0
0
0
3198.659
3205.58
3223.447
3251.329
3288.579
0
0
0
0
0
0
0
0
0
0
0
0
3191.026
3197.907
3215.655
3243.772
3280.853
0
0
0
0
0
0
0
0
0
0
0
3184.918
3192.295
3209.884
3237.887
3275.208
0
0
0
0
0
0
0
0
0
0
3180.946
3188.295
3206.369
3234.124
3271.344
0
0
0
0
0
0
0
0
0
3179.282
3186.443
3204.426
3232.625
3269.585
0
0
0
0
0
0
0
0
3180.109
3186.897
3204.612
3232.673
3270.045
0
0
0
0
0
0
0
3183.052
3189.749
3207.097
3234.79
3271.986
0
0
0
0
0
0
3188.22
3194.637
3211.74
3239.049
3275.86
0
0
0
0
0
3194.694
3201.225
3218.025
3244.952
3281.28
0
0
0
0
3201.522
3207.845
3224.587
3251.186
3287.095
0
0
0
3206.474
3212.81
3229.314
3255.814
3291.25
0
0
3209.432
3215.627
3232.079
3258.191
3293.489
0
3211.404
3216.98
3233.114
3259.113
3294.046
3212.822
3218.936
3234.406
3259.956
3294.546
0
0
0
0
0
0
0
0
0
0
3236.884
3243.927
3261.702
3289.32
3325.308
0
0
0
0
0
0
0
0
0
0
3232.839
3239.883
3257.882
3285.783
3322.336
0
0
0
0
0
0
0
0
0
0
3228.876
3235.842
3253.835
3282.043
3318.883
0
0
0
0
0
0
0
0
0
0
3223.539
3230.305
3248.135
3276.427
3313.652
0
0
0
0
0
0
0
0
0
0
3215.886
3222.867
3240.459
3268.592
3305.985
0
0
0
0
0
0
0
0
0
0
0
0
0
3206.466
3213.436
3231.231
3259.118
3296.416
0
0
0
0
0
0
0
0
0
0
0
0
3197.318
3204.205
3221.938
3250.037
3287.121
0
0
0
0
0
0
0
0
0
0
0
3189.198
3196.565
3214.203
3242.159
3279.488
0
0
0
0
0
0
0
0
0
0
3183.098
3190.442
3208.515
3236.276
3273.493
0
0
0
0
0
0
0
0
0
3179.282
3186.443
3204.426
3232.625
3269.585
0
0
0
0
0
0
0
0
3177.984
3184.741
3202.472
3230.534
3267.906
0
0
0
0
0
0
0
3178.779
3185.521
3202.811
3230.552
3267.754
0
0
0
0
0
0
3181.929
3188.406
3205.535
3232.848
3269.642
0
0
0
0
0
3186.952
3193.507
3210.281
3237.281
3273.634
0
0
0
0
3193.62
3199.909
3216.714
3243.335
3279.241
0
0
0
3200.27
3206.669
3223.178
3249.655
3285.153
0
0
3205.39
3211.561
3227.993
3254.142
3289.458
0
3208.888
3214.467
3230.667
3256.671
3291.517
3210.269
3216.394
3231.887
3257.482
3292.127
3217.779
3233.704
3258.52
3292.613
0
0
0
0
0
0
0
0
0
0
3235.4
3242.438
3260.42
3288.354
3324.814
0
0
0
0
0
0
0
0
0
0
3231.432
3238.396
3256.392
3284.611
3321.478
0
0
0
0
0
0
0
0
0
0
3227.638
3234.424
3252.324
3280.563
3317.819
0
0
0
0
0
0
0
0
0
0
3222.102
3229.075
3246.746
3274.832
3312.235
0
0
0
0
0
0
0
0
0
0
3214.448
3221.41
3239.256
3267.101
3304.394
0
0
0
0
0
0
0
0
0
0
0
0
3205.109
3211.985
3229.773
3257.805
3294.887
0
0
0
0
0
0
0
0
0
0
0
3195.481
3202.834
3220.485
3248.429
3285.737
0
0
0
0
0
0
0
0
0
0
3187.373
3194.706
3212.775
3240.586
3277.756
0
0
0
0
0
0
0
0
0
3181.445
3188.587
3206.569
3234.768
3271.733
0
0
0
0
0
0
0
0
3177.984
3184.741
3202.472
3230.534
3267.906
0
0
0
0
0
0
0
3176.617
3183.403
3200.661
3228.417
3265.62
0
0
0
0
0
0
3177.659
3184.149
3201.319
3228.573
3265.417
0
0
0
0
0
3180.709
3187.24
3204.07
3231.096
3267.459
0
0
0
0
3185.851
3192.195
3209.024
3235.622
3271.61
0
0
0
3192.36
3198.79
3215.268
3241.814
3277.347
0
0
3199.236
3205.372
3221.869
3248.029
3283.334
0
3204.886
3210.434
3226.612
3252.6
3287.49
3207.799
3213.884
3229.381
3255.04
3289.692
3215.235
3231.189
3256.044
3290.196
3232.477
3257.635
3290.888
0
0
0
0
0
0
0
0
0
0
3234.06
3240.946
3258.928
3287.118
3324.002
0
0
0
0
0
0
0
0
0
0
3230.149
3236.976
3254.881
3283.127
3320.396
0
0
0
0
0
0
0
0
0
0
3226.265
3233.166
3250.866
3279.023
3316.376
0
0
0
0
0
0
0
0
0
0
3220.711
3227.614
3245.46
3273.385
3310.63
0
0
0
0
0
0
0
0
0
0
3213.103
3219.945
3237.733
3265.814
3302.85
0
0
0
0
0
0
0
0
0
0
0
3203.263
3210.598
3228.245
3256.244
3293.481
0
0
0
0
0
0
0
0
0
0
3193.681
3200.965
3219.027
3246.853
3284.008
0
0
0
0
0
0
0
0
0
3185.76
3192.846
3210.822
3239.02
3276.029
0
0
0
0
0
0
0
0
3180.109
3186.897
3204.612
3232.673
3270.044
0
0
0
0
0
0
0
3176.617
3183.403
3200.661
3228.417
3265.62
0
0
0
0
0
0
3175.502
3181.996
3199.206
3226.428
3263.287
0
0
0
0
0
3176.442
3182.987
3199.826
3226.891
3263.2
0
0
0
0
3179.618
3185.977
3202.779
3229.433
3265.453
0
0
0
3184.631
3191.05
3207.583
3234.157
3269.68
0
0
3191.295
3197.487
3214.018
3240.155
3275.542
0
3198.703
3204.296
3220.442
3246.502
3281.413
3203.853
3209.893
3225.358
3251.002
3285.647
3212.772
3228.686
3253.547
3287.762
3229.963
3255.162
3288.47
3256.293
3289.752
0
0
0
0
0
0
0
0
0
0
3232.784
3239.591
3257.411
3285.631
3322.861
0
0
0
0
0
0
0
0
0
0
3228.804
3235.674
3253.419
3281.586
3318.948
0
0
0
0
0
0
0
0
0
0
3224.805
3231.77
3249.551
3277.507
3314.821
0
0
0
0
0
0
0
0
0
0
3219.313
3226.197
3243.932
3272.014
3309.124
0
0
0
0
0
0
0
0
0
0
3211.271
3218.57
3236.19
3264.188
3301.463
0
0
0
0
0
0
0
0
0
0
3201.471
3208.72
3226.77
3254.594
3291.793
0
0
0
0
0
0
0
0
0
3192.022
3199.13
3217.063
3245.257
3282.277
0
0
0
0
0
0
0
0
3184.354
3191.195
3208.859
3236.917
3274.286
0
0
0
0
0
0
0
3178.779
3185.521
3202.811
3230.552
3267.754
0
0
0
0
0
0
3175.502
3181.996
3199.206
3226.428
3263.287
0
0
0
0
0
3174.283
3180.837
3197.679
3224.781
3261.062
0
0
0
0
3175.376
3181.726
3198.539
3225.201
3261.262
0
0
0
3178.371
3184.842
3201.387
3227.935
3263.521
0
0
3183.576
3189.787
3206.308
3232.505
3267.931
0
3190.799
3196.379
3212.585
3238.688
3273.593
3197.65
3203.725
3219.24
3244.86
3279.587
3208.835
3224.706
3249.54
3283.751
3227.504
3252.67
3285.987
3253.822
3287.339
3288.26
0
0
0
0
0
0
0
0
0
0
3231.344
3238.296
3256.013
3284.084
3321.409
0
0
0
0
0
0
0
0
0
0
3227.274
3234.304
3252.061
3280.066
3317.39
0
0
0
0
0
0
0
0
0
0
3223.391
3230.284
3248.086
3276.108
3313.247
0
0
0
0
0
0
0
0
0
0
3217.459
3224.768
3242.434
3270.382
3307.656
0
0
0
0
0
0
0
0
0
0
3209.417
3216.706
3234.725
3262.522
3299.713
0
0
0
0
0
0
0
0
0
3199.784
3206.893
3224.796
3252.978
3289.99
0
0
0
0
0
0
0
0
3190.602
3197.433
3215.124
3243.142
3280.502
0
0
0
0
0
0
0
3183.052
3189.749
3207.097
3234.79
3271.986
0
0
0
0
0
0
3177.659
3184.149
3201.319
3228.573
3265.416
0
0
0
0
0
3174.283
3180.837
3197.679
3224.781
3261.062
0
0
0
0
3173.259
3179.576
3196.395
3223.06
3259.156
0
0
0
3174.119
3180.616
3197.15
3223.709
3259.306
0
0
3177.339
3183.551
3200.123
3226.333
3261.743
0
3183.031
3188.689
3204.917
3231.015
3265.991
3189.71
3195.846
3211.354
3237.044
3271.828
3202.648
3218.559
3243.452
3277.652
3223.58
3248.706
3282.006
3251.376
3284.861
3285.845
0
0
0
0
0
0
0
0
0
0
3229.873
3236.833
3254.661
3282.624
3319.845
0
0
0
0
0
0
0
0
0
0
3225.85
3232.748
3250.621
3278.622
3315.811
0
0
0
0
0
0
0
0
0
0
3221.548
3228.838
3246.519
3274.534
3311.749
0
0
0
0
0
0
0
0
0
0
3215.632
3222.881
3240.914
3268.757
3305.896
0
0
0
0
0
0
0
0
0
3207.725
3214.816
3232.763
3260.912
3297.89
0
0
0
0
0
0
0
0
3198.355
3205.167
3222.864
3250.852
3288.192
0
0
0
0
0
0
0
3189.307
3195.973
3213.317
3241.035
3278.188
0
0
0
0
0
0
3181.929
3188.406
3205.535
3232.848
3269.641
0
0
0
0
0
3176.442
3182.987
3199.826
3226.891
3263.2
0
0
0
0
3173.259
3179.576
3196.395
3223.06
3259.156
0
0
0
3172.006
3178.507
3195.007
3221.572
3257.172
0
0
3173.064
3179.316
3195.911
3222.111
3257.534
0
3176.587
3182.478
3198.704
3224.856
3259.853
3181.966
3188.108
3203.696
3229.414
3264.209
3194.734
3210.711
3235.608
3269.895
3217.414
3242.59
3275.962
3247.47
3280.923
3283.413
0
0
0
0
0
0
0
0
0
0
3228.44
3235.335
3253.128
3281.187
3318.322
0
0
0
0
0
0
0
0
0
0
3224.129
3231.293
3248.985
3277.072
3314.269
0
0
0
0
0
0
0
0
0
0
3219.742
3226.962
3244.982
3272.84
3310.042
0
0
0
0
0
0
0
0
0
3213.955
3221.018
3238.929
3267.093
3304.108
0
0
0
0
0
0
0
0
3206.33
3213.086
3230.767
3258.795
3296.093
0
0
0
0
0
0
0
3197.107
3203.699
3221.027
3248.749
3285.866
0
0
0
0
0
0
3188.22
3194.637
3211.74
3239.049
3275.86
0
0
0
0
0
3180.709
3187.24
3204.07
3231.096
3267.459
0
0
0
0
3175.376
3181.726
3198.539
3225.201
3261.262
0
0
0
3172.006
3178.507
3195.007
3221.572
3257.172
0
0
3170.929
3177.211
3193.808
3219.974
3255.405
0
3172.305
3178.219
3194.485
3220.659
3255.65
3175.652
3181.689
3197.509
3223.229
3258.085
3187.019
3203.006
3227.991
3262.319
3209.532
3234.787
3268.183
3241.335
3274.855
3279.535
0
0
0
0
0
0
0
0
0
0
3226.655
3233.871
3251.549
3279.547
3316.785
0
0
0
0
0
0
0
0
0
0
3222.272
3229.538
3247.438
3275.312
3312.583
0
0
0
0
0
0
0
0
0
3218.045
3225.119
3243.007
3271.158
3308.188
0
0
0
0
0
0
0
0
3212.502
3219.303
3236.958
3264.951
3302.258
0
0
0
0
0
0
0
3205.035
3211.651
3228.924
3256.629
3293.773
0
0
0
0
0
0
3195.966
3202.408
3219.44
3246.732
3283.539
0
0
0
0
0
3186.952
3193.507
3210.281
3237.281
3273.634
0
0
0
0
3179.618
3185.977
3202.779
3229.433
3265.453
0
0
0
3174.119
3180.616
3197.15
3223.709
3259.306
0
0
3170.929
3177.211
3193.808
3219.974
3255.405
0
3170.169
3176.093
3192.386
3218.563
3253.522
3171.33
3177.424
3193.267
3219.027
3253.908
3180.732
3196.614
3221.832
3256.172
3201.85
3227.123
3260.621
3233.497
3267.116
3273.448
0
0
0
0
0
0
0
0
0
0
3224.794
3232.052
3249.993
3277.84
3315.014
0
0
0
0
0
0
0
0
0
3220.582
3227.644
3245.581
3273.618
3310.665
0
0
0
0
0
0
0
0
3216.584
3223.384
3241.055
3269.024
3306.317
0
0
0
0
0
0
0
3211.208
3217.808
3235.129
3262.806
3299.91
0
0
0
0
0
0
3203.888
3210.314
3227.369
3254.603
3291.382
0
0
0
0
0
3194.694
3201.225
3218.025
3244.952
3281.28
0
0
0
0
3185.851
3192.195
3209.024
3235.622
3271.61
0
0
0
3178.371
3184.842
3201.387
3227.935
3263.521
0
0
3173.064
3179.316
3195.911
3222.111
3257.534
0
3170.169
3176.093
3192.386
3218.563
3253.522
3169.172
3175.297
3191.148
3216.933
3251.82
3176.427
3192.365
3217.609
3251.994
3195.589
3220.764
3254.502
3225.858
3259.51
3265.677
0
0
0
0
0
0
0
0
0
3223.173
3230.154
3248.073
3276.137
3313.144
0
0
0
0
0
0
0
0
3219.165
3225.916
3243.578
3271.596
3308.781
0
0
0
0
0
0
0
3215.337
3221.882
3239.205
3266.897
3303.975
0
0
0
0
0
0
3210.098
3216.473
3233.514
3260.792
3297.536
0
0
0
0
0
3202.654
3209.123
3225.907
3252.852
3289.112
0
0
0
0
3193.62
3199.909
3216.714
3243.335
3279.241
0
0
0
3184.631
3191.05
3207.583
3234.157
3269.68
0
0
3177.339
3183.551
3200.123
3226.333
3261.743
0
3172.305
3178.219
3194.485
3220.659
3255.65
3169.172
3175.297
3191.148
3216.933
3251.82
3174.278
3190.245
3215.498
3249.908
3191.301
3216.533
3250.303
3219.628
3253.198
3258.095
0
0
0
0
0
0
0
0
3221.752
3228.494
3246.066
3274.055
3311.251
0
0
0
0
0
0
0
3217.872
3224.458
3241.734
3269.419
3306.543
0
0
0
0
0
0
3214.177
3220.592
3237.582
3264.86
3301.615
0
0
0
0
0
3208.821
3215.319
3232.053
3258.981
3295.273
0
0
0
0
3201.522
3207.845
3224.587
3251.186
3287.095
0
0
0
3192.36
3198.79
3215.268
3241.814
3277.347
0
0
3183.576
3189.787
3206.308
3232.505
3267.931
0
3176.587
3182.478
3198.704
3224.856
3259.853
3171.33
3177.424
3193.267
3219.027
3253.908
3174.278
3190.245
3215.498
3249.908
3189.16
3214.421
3248.203
3215.361
3248.992
3251.911
0
0
0
0
0
0
0
3220.452
3227.032
3244.289
3271.873
3308.956
0
0
0
0
0
0
3216.708
3223.122
3240.154
3267.387
3304.135
0
0
0
0
0
3212.902
3219.389
3236.164
3263.039
3299.329
0
0
0
0
3207.679
3213.997
3230.768
3257.313
3293.197
0
0
0
3200.27
3206.669
3223.178
3249.655
3285.153
0
0
3191.295
3197.487
3214.018
3240.155
3275.542
0
3183.031
3188.689
3204.917
3231.015
3265.991
3175.652
3181.689
3197.509
3223.229
3258.085
3176.427
3192.365
3217.609
3251.994
3189.16
3214.421
3248.203
3213.228
3246.89
3247.672
0
0
0
0
0
0
3219.283
3225.69
3242.703
3269.904
3306.542
0
0
0
0
0
3215.461
3221.913
3238.69
3265.607
3301.852
0
0
0
0
3211.785
3218.069
3234.83
3261.413
3297.241
0
0
0
3206.474
3212.81
3229.314
3255.814
3291.25
0
0
3199.236
3205.372
3221.869
3248.029
3283.334
0
3190.799
3196.379
3212.585
3238.688
3273.593
3181.966
3188.108
3203.696
3229.414
3264.209
3180.732
3196.614
3221.832
3256.172
3191.301
3216.533
3250.303
3213.228
3246.89
3245.551
0
0
0
0
0
3217.968
3224.476
3241.234
3268.118
3304.317
0
0
0
0
3214.24
3220.622
3237.35
3263.935
3299.8
0
0
0
3210.55
3216.907
3233.376
3259.864
3295.331
0
0
3205.39
3211.561
3227.993
3254.142
3289.458
0
3198.703
3204.296
3220.442
3246.502
3281.413
3189.71
3195.846
3211.354
3237.044
3271.828
3187.019
3203.006
3227.991
3262.319
3195.589
3220.764
3254.502
3215.361
3248.992
3245.551
0
0
0
0
3216.796
3223.117
3239.889
3266.439
3302.259
0
0
0
3213.008
3219.357
3235.925
3262.379
3297.846
0
0
3209.432
3215.627
3232.079
3258.191
3293.489
0
3204.886
3210.434
3226.612
3252.6
3287.49
3197.65
3203.725
3219.24
3244.86
3279.587
3194.734
3210.711
3235.608
3269.895
3201.85
3227.123
3260.621
3219.628
3253.198
3247.672
0
0
0
3215.563
3221.899
3238.396
3264.878
3300.296
0
0
3211.952
3218.079
3234.525
3260.732
3295.996
0
3208.888
3214.467
3230.667
3256.671
3291.517
3203.853
3209.893
3225.358
3251.002
3285.647
3202.648
3218.559
3243.452
3277.652
3209.532
3234.787
3268.183
3225.858
3259.51
3251.911
0
0
3214.511
3220.621
3237.042
3263.166
3298.44
0
3211.404
3216.98
3233.114
3259.113
3294.046
3207.799
3213.884
3229.381
3255.04
3289.692
3208.835
3224.706
3249.54
3283.751
3217.414
3242.59
3275.962
3233.497
3267.116
3258.095
0
3213.96
3219.526
3235.63
3261.589
3296.429
3210.269
3216.394
3231.887
3257.482
3292.127
3212.772
3228.686
3253.547
3287.763
3223.58
3248.706
3282.006
3241.335
3274.855
3265.677
3212.822
3218.936
3234.406
3259.956
3294.546
3215.235
3231.189
3256.044
3290.196
3227.504
3252.67
3285.987
3247.47
3280.923
3273.448
3217.779
3233.704
3258.52
3292.613
3229.963
3255.162
3288.47
3251.376
3284.861
3279.535
3232.477
3257.635
3290.888
3253.822
3287.339
3283.413
3256.293
3289.752
3285.845
3288.26
)
;

boundaryField
{
    airInlet
    {
        type            calculated;
        value           uniform 0;
    }
    airOutlet
    {
        type            calculated;
        value           uniform 0;
    }
    cathodeSides
    {
        type            calculated;
        value           uniform 0;
    }
    air_to_interconnect
    {
        type            calculated;
        value           uniform 0;
    }
    air_to_electrolyte
    {
        type            calculated;
        value           uniform 0;
    }
}


// ************************************************************************* //
