/*--------------------------------*- C++ -*----------------------------------*\
| =========                 |                                                 |
| \\      /  F ield         | OpenFOAM: The Open Source CFD Toolbox           |
|  \\    /   O peration     | Version:  2312                                  |
|   \\  /    A nd           | Website:  www.openfoam.com                      |
|    \\/     M anipulation  |                                                 |
\*---------------------------------------------------------------------------*/
FoamFile
{
    version     2.0;
    format      ascii;
    arch        "LSB;label=32;scalar=64";
    class       volScalarField;
    location    "10/electrolyte";
    object      T;
}
// * * * * * * * * * * * * * * * * * * * * * * * * * * * * * * * * * * * * * //

dimensions      [0 0 0 1 0 0 0];

internalField   nonuniform List<scalar> 
4000
(
313.1264
313.1249
313.1255
313.1264
313.1216
313.1239
313.1249
313.1246
313.1255
313.1264
313.116
313.1205
313.1216
313.123
313.124
313.1249
313.1238
313.1246
313.1256
313.1265
313.1075
313.1146
313.116
313.1194
313.1205
313.1216
313.1221
313.123
313.124
313.125
313.1231
313.1238
313.1247
313.1256
313.1265
313.0963
313.1056
313.1075
313.1132
313.1146
313.1161
313.1184
313.1194
313.1205
313.1217
313.1214
313.1221
313.123
313.124
313.125
313.1225
313.1231
313.1239
313.1247
313.1257
313.0849
313.0938
313.0964
313.1038
313.1056
313.1076
313.1119
313.1132
313.1146
313.1161
313.1175
313.1184
313.1194
313.1206
313.1218
313.1206
313.1214
313.1221
313.1231
313.1241
313.1217
313.1225
313.1232
313.1239
313.1248
313.0752
313.0818
313.085
313.0914
313.0939
313.0965
313.1022
313.1038
313.1057
313.1077
313.1109
313.112
313.1132
313.1147
313.1162
313.1167
313.1175
313.1184
313.1194
313.1207
313.1198
313.1207
313.1214
313.1222
313.1231
313.1205
313.1217
313.1225
313.1232
313.124
313.0683
313.0715
313.0753
313.0788
313.0819
313.0852
313.0894
313.0915
313.094
313.0966
313.1008
313.1022
313.1039
313.1058
313.1078
313.1098
313.1109
313.112
313.1133
313.1148
313.1157
313.1167
313.1175
313.1185
313.1195
313.1186
313.1198
313.1207
313.1214
313.1223
313.1193
313.1206
313.1217
313.1225
313.1233
313.0647
313.0642
313.0684
313.0681
313.0716
313.0755
313.0763
313.0789
313.082
313.0853
313.0876
313.0894
313.0916
313.0941
313.0968
313.0995
313.1008
313.1023
313.104
313.1059
313.1087
313.1099
313.1109
313.1121
313.1134
313.1144
313.1157
313.1167
313.1176
313.1185
313.1173
313.1186
313.1198
313.1207
313.1215
313.1181
313.1193
313.1206
313.1217
313.1226
313.0647
313.0604
313.0648
313.0604
313.0643
313.0686
313.0652
313.0682
313.0718
313.0756
313.0741
313.0764
313.079
313.0821
313.0855
313.0859
313.0877
313.0895
313.0917
313.0942
313.098
313.0995
313.1009
313.1024
313.1041
313.1072
313.1087
313.1099
313.111
313.1122
313.113
313.1144
313.1157
313.1168
313.1177
313.1161
313.1173
313.1187
313.1199
313.1208
313.1169
313.1181
313.1193
313.1206
313.1218
313.0683
313.0604
313.0648
313.0565
313.0606
313.065
313.0572
313.0605
313.0645
313.0687
313.0626
313.0653
313.0683
313.0719
313.0758
313.072
313.0742
313.0765
313.0792
313.0823
313.084
313.086
313.0878
313.0897
313.0919
313.0962
313.098
313.0996
313.101
313.1025
313.1056
313.1072
313.1087
313.11
313.1111
313.1116
313.113
313.1144
313.1158
313.1168
313.1149
313.1161
313.1173
313.1187
313.1199
313.1158
313.1169
313.1181
313.1193
313.1207
313.0752
313.0642
313.0684
313.0565
313.0606
313.065
313.0531
313.0566
313.0607
313.0652
313.0545
313.0574
313.0607
313.0646
313.0689
313.0602
313.0627
313.0654
313.0685
313.0721
313.0697
313.0721
313.0743
313.0767
313.0793
313.0818
313.0841
313.0861
313.0879
313.0898
313.0943
313.0963
313.0981
313.0997
313.1011
313.1041
313.1056
313.1073
313.1088
313.1101
313.1104
313.1116
313.113
313.1145
313.1159
313.1137
313.1149
313.1161
313.1174
313.1188
313.1148
313.1158
313.1169
313.1181
313.1194
313.0849
313.0715
313.0753
313.0604
313.0643
313.0686
313.0531
313.0566
313.0607
313.0652
313.0502
313.0533
313.0567
313.0609
313.0653
313.0518
313.0546
313.0575
313.0609
313.0648
313.0575
313.0603
313.0629
313.0656
313.0687
313.0671
313.0698
313.0722
313.0745
313.0768
313.0795
313.0819
313.0841
313.0862
313.088
313.0926
313.0943
313.0963
313.0982
313.0998
313.1027
313.1041
313.1056
313.1073
313.1089
313.1092
313.1104
313.1117
313.1131
313.1146
313.1126
313.1137
313.1149
313.1161
313.1174
313.1138
313.1147
313.1158
313.117
313.1182
313.0963
313.0818
313.085
313.0681
313.0716
313.0755
313.0572
313.0605
313.0645
313.0687
313.0502
313.0533
313.0567
313.0609
313.0653
313.0475
313.0504
313.0534
313.0569
313.0611
313.0489
313.0519
313.0547
313.0577
313.061
313.0546
313.0577
313.0605
313.063
313.0658
313.0643
313.0672
313.0699
313.0724
313.0746
313.0774
313.0795
313.082
313.0843
313.0863
313.0909
313.0926
313.0944
313.0964
313.0983
313.1013
313.1027
313.1041
313.1057
313.1074
313.108
313.1092
313.1104
313.1117
313.1131
313.1116
313.1126
313.1137
313.1149
313.1162
313.1128
313.1137
313.1147
313.1158
313.117
313.1075
313.0938
313.0964
313.0788
313.0819
313.0852
313.0652
313.0682
313.0718
313.0756
313.0545
313.0574
313.0607
313.0646
313.0689
313.0475
313.0504
313.0534
313.0569
313.0611
313.0444
313.0476
313.0505
313.0536
313.0571
313.0457
313.049
313.0521
313.0549
313.0579
313.0515
313.0547
313.0578
313.0606
313.0632
313.0619
313.0644
313.0673
313.0701
313.0725
313.0754
313.0774
313.0796
313.0821
313.0844
313.0894
313.0909
313.0926
313.0945
313.0966
313.1001
313.1013
313.1027
313.1042
313.1058
313.107
313.108
313.1092
313.1104
313.1118
313.1107
313.1116
313.1126
313.1137
313.115
313.112
313.1128
313.1137
313.1147
313.1159
313.116
313.1056
313.1075
313.0914
313.0939
313.0965
313.0763
313.0789
313.082
313.0853
313.0626
313.0653
313.0683
313.0719
313.0758
313.0518
313.0546
313.0575
313.0609
313.0648
313.0444
313.0476
313.0505
313.0536
313.0571
313.0411
313.0446
313.0477
313.0507
313.0538
313.0424
313.0458
313.0492
313.0522
313.0551
313.0488
313.0516
313.0548
313.058
313.0608
313.0596
313.062
313.0646
313.0674
313.0702
313.0736
313.0754
313.0775
313.0797
313.0822
313.0879
313.0894
313.091
313.0927
313.0946
313.0989
313.1001
313.1013
313.1028
313.1043
313.106
313.1069
313.108
313.1092
313.1105
313.1099
313.1107
313.1116
313.1126
313.1138
313.1113
313.112
313.1128
313.1137
313.1148
313.1216
313.1146
313.116
313.1038
313.1056
313.1076
313.0894
313.0915
313.094
313.0966
313.0741
313.0764
313.079
313.0821
313.0855
313.0602
313.0627
313.0654
313.0685
313.0721
313.0489
313.0519
313.0547
313.0577
313.061
313.0411
313.0446
313.0477
313.0507
313.0538
313.0377
313.0412
313.0447
313.0479
313.0509
313.0395
313.0425
313.046
313.0493
313.0524
313.0462
313.0489
313.0518
313.055
313.0581
313.0575
313.0597
313.0621
313.0647
313.0676
313.0719
313.0736
313.0755
313.0776
313.0799
313.0867
313.0879
313.0894
313.0911
313.0929
313.0979
313.0989
313.1001
313.1014
313.1029
313.1052
313.106
313.1069
313.108
313.1093
313.1092
313.1098
313.1106
313.1116
313.1127
313.1108
313.1113
313.112
313.1128
313.1137
313.1249
313.1205
313.1216
313.1132
313.1146
313.1161
313.1022
313.1038
313.1057
313.1077
313.0876
313.0894
313.0916
313.0941
313.0968
313.072
313.0742
313.0765
313.0792
313.0823
313.0575
313.0603
313.0629
313.0656
313.0687
313.0457
313.049
313.0521
313.0549
313.0579
313.0377
313.0412
313.0447
313.0479
313.0509
313.0347
313.0378
313.0414
313.0449
313.0481
313.0368
313.0396
313.0427
313.0461
313.0495
313.0439
313.0463
313.049
313.0519
313.0552
313.0556
313.0576
313.0598
313.0622
313.0649
313.0704
313.0719
313.0737
313.0756
313.0778
313.0855
313.0867
313.088
313.0895
313.0912
313.097
313.0979
313.0989
313.1001
313.1015
313.1045
313.1051
313.106
313.107
313.1081
313.1086
313.1091
313.1098
313.1106
313.1116
313.1103
313.1107
313.1112
313.1119
313.1128
313.1264
313.1239
313.1249
313.1194
313.1205
313.1216
313.1119
313.1132
313.1146
313.1161
313.1008
313.1022
313.1039
313.1058
313.1078
313.0859
313.0877
313.0895
313.0917
313.0942
313.0697
313.0721
313.0743
313.0767
313.0793
313.0546
313.0577
313.0605
313.063
313.0658
313.0424
313.0458
313.0492
313.0522
313.0551
313.0347
313.0378
313.0414
313.0449
313.0481
313.0319
313.0348
313.038
313.0416
313.0451
313.0343
313.0369
313.0397
313.0428
313.0463
313.0419
313.044
313.0465
313.0492
313.0521
313.054
313.0557
313.0577
313.0599
313.0624
313.0692
313.0705
313.072
313.0738
313.0758
313.0846
313.0855
313.0867
313.0881
313.0896
313.0963
313.097
313.0979
313.099
313.1002
313.1038
313.1044
313.1051
313.106
313.107
313.1081
313.1085
313.1091
313.1098
313.1107
313.1099
313.1102
313.1106
313.1112
313.112
313.1255
313.1264
313.123
313.124
313.1249
313.1184
313.1194
313.1205
313.1217
313.1109
313.112
313.1132
313.1147
313.1162
313.0995
313.1008
313.1023
313.104
313.1059
313.084
313.086
313.0878
313.0897
313.0919
313.0671
313.0698
313.0722
313.0745
313.0768
313.0515
313.0547
313.0578
313.0606
313.0632
313.0395
313.0425
313.046
313.0493
313.0524
313.0319
313.0348
313.038
313.0416
313.0451
313.0293
313.032
313.0349
313.0381
313.0418
313.0321
313.0344
313.037
313.0399
313.043
313.0401
313.0419
313.0441
313.0466
313.0493
313.0525
313.054
313.0558
313.0578
313.0601
313.0681
313.0692
313.0705
313.0721
313.0739
313.0837
313.0845
313.0855
313.0867
313.0882
313.0956
313.0962
313.097
313.0979
313.099
313.1033
313.1038
313.1044
313.1051
313.106
313.1077
313.108
313.1085
313.1091
313.1098
313.1095
313.1098
313.1101
313.1106
313.1112
313.1246
313.1255
313.1264
313.1221
313.123
313.124
313.125
313.1175
313.1184
313.1194
313.1206
313.1218
313.1098
313.1109
313.112
313.1133
313.1148
313.098
313.0995
313.1009
313.1024
313.1041
313.0818
313.0841
313.0861
313.0879
313.0898
313.0643
313.0672
313.0699
313.0724
313.0746
313.0488
313.0516
313.0548
313.058
313.0608
313.0368
313.0396
313.0427
313.0461
313.0495
313.0293
313.032
313.0349
313.0381
313.0418
313.0271
313.0294
313.0321
313.0351
313.0383
313.0302
313.0322
313.0345
313.0371
313.04
313.0385
313.0401
313.042
313.0443
313.0467
313.0513
313.0526
313.0541
313.0559
313.0579
313.0671
313.0681
313.0692
313.0706
313.0722
313.0831
313.0837
313.0845
313.0856
313.0868
313.0951
313.0956
313.0962
313.097
313.098
313.1029
313.1033
313.1037
313.1044
313.1051
313.1074
313.1076
313.108
313.1085
313.1091
313.1093
313.1094
313.1097
313.1101
313.1106
313.1238
313.1246
313.1256
313.1265
313.1214
313.1221
313.123
313.124
313.125
313.1167
313.1175
313.1184
313.1194
313.1207
313.1087
313.1099
313.1109
313.1121
313.1134
313.0962
313.098
313.0996
313.101
313.1025
313.0795
313.0819
313.0841
313.0862
313.088
313.0619
313.0644
313.0673
313.0701
313.0725
313.0462
313.0489
313.0518
313.055
313.0581
313.0343
313.0369
313.0397
313.0428
313.0463
313.0271
313.0294
313.0321
313.0351
313.0383
313.0251
313.0272
313.0296
313.0322
313.0353
313.0286
313.0303
313.0323
313.0346
313.0373
313.0372
313.0386
313.0402
313.0421
313.0444
313.0503
313.0514
313.0526
313.0542
313.056
313.0664
313.0671
313.0681
313.0693
313.0707
313.0825
313.083
313.0837
313.0846
313.0857
313.0947
313.0951
313.0956
313.0962
313.0971
313.1026
313.1029
313.1032
313.1037
313.1044
313.1071
313.1073
313.1076
313.1079
313.1085
313.1091
313.1092
313.1094
313.1097
313.1101
313.1231
313.1238
313.1247
313.1256
313.1265
313.1206
313.1214
313.1221
313.1231
313.1241
313.1157
313.1167
313.1175
313.1185
313.1195
313.1072
313.1087
313.1099
313.111
313.1122
313.0943
313.0963
313.0981
313.0997
313.1011
313.0774
313.0795
313.082
313.0843
313.0863
313.0596
313.062
313.0646
313.0674
313.0702
313.0439
313.0463
313.049
313.0519
313.0552
313.0321
313.0344
313.037
313.0399
313.043
313.0251
313.0272
313.0296
313.0322
313.0353
313.0235
313.0252
313.0273
313.0297
313.0324
313.0272
313.0286
313.0304
313.0324
313.0348
313.0361
313.0373
313.0386
313.0403
313.0423
313.0495
313.0504
313.0514
313.0527
313.0543
313.0658
313.0664
313.0672
313.0682
313.0694
313.0821
313.0825
313.083
313.0837
313.0847
313.0944
313.0946
313.095
313.0956
313.0963
313.1024
313.1025
313.1028
313.1032
313.1037
313.107
313.107
313.1072
313.1075
313.1079
313.109
313.109
313.1091
313.1093
313.1097
313.1225
313.1231
313.1239
313.1247
313.1257
313.1198
313.1207
313.1214
313.1222
313.1231
313.1144
313.1157
313.1167
313.1176
313.1185
313.1056
313.1072
313.1087
313.11
313.1111
313.0926
313.0943
313.0963
313.0982
313.0998
313.0754
313.0774
313.0796
313.0821
313.0844
313.0575
313.0597
313.0621
313.0647
313.0676
313.0419
313.044
313.0465
313.0492
313.0521
313.0302
313.0322
313.0345
313.0371
313.04
313.0235
313.0252
313.0273
313.0297
313.0324
313.0221
313.0235
313.0253
313.0274
313.0298
313.0261
313.0273
313.0287
313.0305
313.0325
313.0353
313.0362
313.0373
313.0387
313.0404
313.0489
313.0495
313.0504
313.0515
313.0528
313.0654
313.0658
313.0664
313.0672
313.0682
313.0818
313.082
313.0824
313.083
313.0838
313.0942
313.0943
313.0946
313.095
313.0956
313.1022
313.1023
313.1025
313.1028
313.1032
313.1068
313.1069
313.107
313.1072
313.1075
313.1089
313.1089
313.1089
313.1091
313.1093
313.1217
313.1225
313.1232
313.1239
313.1248
313.1186
313.1198
313.1207
313.1214
313.1223
313.113
313.1144
313.1157
313.1168
313.1177
313.1041
313.1056
313.1073
313.1088
313.1101
313.0909
313.0926
313.0944
313.0964
313.0983
313.0736
313.0754
313.0775
313.0797
313.0822
313.0556
313.0576
313.0598
313.0622
313.0649
313.0401
313.0419
313.0441
313.0466
313.0493
313.0286
313.0303
313.0323
313.0346
313.0373
313.0221
313.0235
313.0253
313.0274
313.0298
313.021
313.0221
313.0236
313.0254
313.0275
313.0252
313.0262
313.0273
313.0288
313.0306
313.0346
313.0353
313.0362
313.0374
313.0388
313.0484
313.0489
313.0496
313.0504
313.0516
313.065
313.0653
313.0658
313.0664
313.0673
313.0815
313.0817
313.082
313.0825
313.0831
313.094
313.0941
313.0943
313.0946
313.0951
313.1021
313.1021
313.1022
313.1024
313.1028
313.1068
313.1067
313.1068
313.1069
313.1072
313.1089
313.1088
313.1088
313.1089
313.109
313.1205
313.1217
313.1225
313.1232
313.124
313.1173
313.1186
313.1198
313.1207
313.1215
313.1116
313.113
313.1144
313.1158
313.1168
313.1027
313.1041
313.1056
313.1073
313.1089
313.0894
313.0909
313.0926
313.0945
313.0966
313.0719
313.0736
313.0755
313.0776
313.0799
313.054
313.0557
313.0577
313.0599
313.0624
313.0385
313.0401
313.042
313.0443
313.0467
313.0272
313.0286
313.0304
313.0324
313.0348
313.021
313.0221
313.0236
313.0254
313.0275
313.0201
313.021
313.0222
313.0237
313.0255
313.0245
313.0253
313.0262
313.0274
313.0289
313.0341
313.0346
313.0354
313.0363
313.0375
313.0481
313.0484
313.0489
313.0496
313.0505
313.0648
313.065
313.0653
313.0658
313.0665
313.0814
313.0815
313.0817
313.082
313.0825
313.0939
313.0939
313.094
313.0943
313.0946
313.1021
313.102
313.1021
313.1022
313.1024
313.1068
313.1067
313.1067
313.1067
313.1069
313.1089
313.1088
313.1087
313.1088
313.1089
313.1193
313.1206
313.1217
313.1225
313.1233
313.1161
313.1173
313.1187
313.1199
313.1208
313.1104
313.1116
313.113
313.1145
313.1159
313.1013
313.1027
313.1041
313.1057
313.1074
313.0879
313.0894
313.091
313.0927
313.0946
313.0704
313.0719
313.0737
313.0756
313.0778
313.0525
313.054
313.0558
313.0578
313.0601
313.0372
313.0386
313.0402
313.0421
313.0444
313.0261
313.0273
313.0287
313.0305
313.0325
313.0201
313.021
313.0222
313.0237
313.0255
313.0194
313.0201
313.0211
313.0223
313.0238
313.0241
313.0246
313.0253
313.0263
313.0275
313.0338
313.0342
313.0347
313.0354
313.0364
313.0479
313.0481
313.0484
313.049
313.0497
313.0647
313.0648
313.065
313.0654
313.0659
313.0814
313.0813
313.0814
313.0817
313.0821
313.0939
313.0939
313.0939
313.094
313.0943
313.1021
313.102
313.102
313.102
313.1022
313.1068
313.1067
313.1066
313.1066
313.1067
313.109
313.1088
313.1087
313.1087
313.1087
313.1181
313.1193
313.1206
313.1217
313.1226
313.1149
313.1161
313.1173
313.1187
313.1199
313.1092
313.1104
313.1117
313.1131
313.1146
313.1001
313.1013
313.1027
313.1042
313.1058
313.0867
313.0879
313.0894
313.0911
313.0929
313.0692
313.0705
313.072
313.0738
313.0758
313.0513
313.0526
313.0541
313.0559
313.0579
313.0361
313.0373
313.0386
313.0403
313.0423
313.0252
313.0262
313.0273
313.0288
313.0306
313.0194
313.0201
313.0211
313.0223
313.0238
313.0189
313.0194
313.0201
313.0211
313.0224
313.0237
313.0241
313.0246
313.0254
313.0264
313.0336
313.0338
313.0342
313.0347
313.0355
313.0478
313.0479
313.0481
313.0485
313.049
313.0647
313.0647
313.0648
313.065
313.0654
313.0814
313.0813
313.0813
313.0814
313.0817
313.094
313.0938
313.0938
313.0939
313.094
313.1021
313.102
313.1019
313.1019
313.102
313.1069
313.1067
313.1066
313.1066
313.1066
313.1091
313.1089
313.1088
313.1087
313.1086
313.1169
313.1181
313.1193
313.1206
313.1218
313.1137
313.1149
313.1161
313.1174
313.1188
313.108
313.1092
313.1104
313.1117
313.1131
313.0989
313.1001
313.1013
313.1028
313.1043
313.0855
313.0866
313.088
313.0895
313.0912
313.0681
313.0692
313.0705
313.0721
313.0739
313.0503
313.0514
313.0526
313.0542
313.056
313.0353
313.0362
313.0373
313.0387
313.0404
313.0245
313.0253
313.0262
313.0274
313.0289
313.0189
313.0194
313.0201
313.0211
313.0224
313.0186
313.0189
313.0194
313.0202
313.0212
313.0236
313.0238
313.0241
313.0247
313.0254
313.0336
313.0336
313.0338
313.0342
313.0348
313.0478
313.0478
313.0479
313.0481
313.0485
313.0647
313.0647
313.0647
313.0648
313.0651
313.0814
313.0813
313.0812
313.0813
313.0815
313.094
313.0939
313.0938
313.0938
313.0939
313.1022
313.102
313.1019
313.1019
313.1019
313.107
313.1068
313.1066
313.1065
313.1065
313.1092
313.109
313.1088
313.1087
313.1086
313.1158
313.1169
313.1181
313.1193
313.1207
313.1126
313.1137
313.1149
313.1161
313.1174
313.107
313.108
313.1092
313.1104
313.1118
313.0979
313.0989
313.1001
313.1014
313.1029
313.0846
313.0855
313.0867
313.0881
313.0896
313.0671
313.0681
313.0692
313.0706
313.0722
313.0495
313.0504
313.0514
313.0527
313.0543
313.0346
313.0353
313.0362
313.0374
313.0388
313.0241
313.0246
313.0253
313.0263
313.0275
313.0186
313.0189
313.0194
313.0202
313.0212
313.0184
313.0186
313.0189
313.0195
313.0203
313.0235
313.0236
313.0238
313.0242
313.0247
313.0336
313.0336
313.0337
313.0339
313.0343
313.0479
313.0478
313.0478
313.0479
313.0482
313.0649
313.0647
313.0646
313.0647
313.0648
313.0816
313.0814
313.0813
313.0812
313.0813
313.0942
313.0939
313.0938
313.0937
313.0938
313.1024
313.1021
313.102
313.1019
313.1018
313.1072
313.1069
313.1067
313.1066
313.1065
313.1094
313.1091
313.1089
313.1088
313.1086
313.1148
313.1158
313.1169
313.1181
313.1194
313.1116
313.1126
313.1137
313.1149
313.1162
313.106
313.1069
313.108
313.1092
313.1105
313.097
313.0979
313.0989
313.1001
313.1015
313.0837
313.0845
313.0855
313.0867
313.0882
313.0664
313.0671
313.0681
313.0693
313.0707
313.0489
313.0495
313.0504
313.0515
313.0528
313.0341
313.0346
313.0354
313.0363
313.0375
313.0237
313.0241
313.0246
313.0254
313.0264
313.0184
313.0186
313.0189
313.0195
313.0203
313.0184
313.0184
313.0186
313.019
313.0196
313.0236
313.0235
313.0236
313.0238
313.0242
313.0338
313.0336
313.0336
313.0337
313.0339
313.0481
313.0479
313.0478
313.0478
313.0479
313.0651
313.0648
313.0647
313.0646
313.0647
313.0818
313.0815
313.0813
313.0812
313.0813
313.0943
313.0941
313.0939
313.0938
313.0937
313.1025
313.1023
313.1021
313.1019
313.1018
313.1073
313.107
313.1068
313.1066
313.1065
313.1096
313.1093
313.109
313.1088
313.1087
313.1138
313.1147
313.1158
313.117
313.1182
313.1107
313.1116
313.1126
313.1137
313.115
313.1052
313.106
313.1069
313.108
313.1093
313.0963
313.097
313.0979
313.099
313.1002
313.0831
313.0837
313.0845
313.0856
313.0868
313.0658
313.0664
313.0672
313.0682
313.0694
313.0484
313.0489
313.0496
313.0504
313.0516
313.0338
313.0342
313.0347
313.0354
313.0364
313.0236
313.0238
313.0241
313.0247
313.0254
313.0184
313.0184
313.0186
313.019
313.0196
313.0185
313.0184
313.0184
313.0187
313.019
313.0238
313.0236
313.0236
313.0236
313.0239
313.034
313.0337
313.0336
313.0336
313.0337
313.0483
313.0481
313.0479
313.0478
313.0478
313.0653
313.065
313.0648
313.0647
313.0647
313.082
313.0817
313.0814
313.0813
313.0813
313.0945
313.0942
313.094
313.0938
313.0938
313.1027
313.1024
313.1022
313.102
313.1019
313.1075
313.1072
313.107
313.1068
313.1066
313.1098
313.1095
313.1092
313.109
313.1088
313.1128
313.1137
313.1147
313.1158
313.117
313.1099
313.1107
313.1116
313.1126
313.1138
313.1045
313.1051
313.106
313.107
313.1081
313.0956
313.0962
313.097
313.0979
313.099
313.0825
313.083
313.0837
313.0846
313.0857
313.0654
313.0658
313.0664
313.0672
313.0682
313.0481
313.0484
313.0489
313.0496
313.0505
313.0336
313.0338
313.0342
313.0347
313.0355
313.0235
313.0236
313.0238
313.0242
313.0247
313.0185
313.0184
313.0184
313.0187
313.019
313.0186
313.0185
313.0184
313.0185
313.0187
313.024
313.0238
313.0236
313.0236
313.0237
313.0343
313.034
313.0337
313.0336
313.0336
313.0487
313.0483
313.0481
313.0479
313.0478
313.0656
313.0653
313.065
313.0648
313.0647
313.0822
313.0819
313.0816
313.0814
313.0813
313.0948
313.0944
313.0942
313.094
313.0938
313.1029
313.1026
313.1023
313.1021
313.102
313.1077
313.1074
313.1071
313.1069
313.1067
313.11
313.1097
313.1094
313.1091
313.1089
313.112
313.1128
313.1137
313.1147
313.1159
313.1092
313.1098
313.1106
313.1116
313.1127
313.1038
313.1044
313.1051
313.106
313.107
313.0951
313.0956
313.0962
313.097
313.098
313.0821
313.0825
313.083
313.0837
313.0847
313.065
313.0653
313.0658
313.0664
313.0673
313.0479
313.0481
313.0484
313.049
313.0497
313.0336
313.0336
313.0338
313.0342
313.0348
313.0236
313.0235
313.0236
313.0238
313.0242
313.0186
313.0185
313.0184
313.0185
313.0187
313.0189
313.0186
313.0185
313.0184
313.0185
313.0244
313.024
313.0238
313.0236
313.0236
313.0346
313.0343
313.034
313.0338
313.0337
313.049
313.0486
313.0483
313.0481
313.0479
313.0659
313.0655
313.0652
313.065
313.0648
313.0825
313.0822
313.0818
313.0816
313.0814
313.095
313.0947
313.0944
313.0941
313.094
313.1032
313.1028
313.1025
313.1023
313.1021
313.1079
313.1076
313.1073
313.1071
313.1068
313.1102
313.1099
313.1096
313.1093
313.1091
313.1113
313.112
313.1128
313.1137
313.1148
313.1086
313.1091
313.1098
313.1106
313.1116
313.1033
313.1038
313.1044
313.1051
313.106
313.0947
313.0951
313.0956
313.0962
313.0971
313.0818
313.082
313.0824
313.083
313.0838
313.0648
313.065
313.0653
313.0658
313.0665
313.0478
313.0479
313.0481
313.0485
313.049
313.0336
313.0336
313.0337
313.0339
313.0343
313.0238
313.0236
313.0236
313.0236
313.0239
313.0189
313.0186
313.0185
313.0184
313.0185
313.0193
313.0189
313.0186
313.0185
313.0185
313.0248
313.0243
313.024
313.0238
313.0237
313.0351
313.0346
313.0343
313.034
313.0338
313.0495
313.049
313.0486
313.0483
313.0481
313.0663
313.0659
313.0655
313.0652
313.065
313.0829
313.0825
313.0821
313.0818
313.0816
313.0953
313.0949
313.0946
313.0943
313.0941
313.1034
313.1031
313.1027
313.1025
313.1023
313.1082
313.1078
313.1075
313.1072
313.107
313.1104
313.1101
313.1098
313.1095
313.1092
313.1108
313.1113
313.112
313.1128
313.1137
313.1081
313.1085
313.1091
313.1098
313.1107
313.1029
313.1033
313.1037
313.1044
313.1051
313.0944
313.0946
313.095
313.0956
313.0963
313.0815
313.0817
313.082
313.0825
313.0831
313.0647
313.0648
313.065
313.0654
313.0659
313.0478
313.0478
313.0479
313.0481
313.0485
313.0338
313.0336
313.0336
313.0337
313.0339
313.024
313.0238
313.0236
313.0236
313.0237
313.0193
313.0189
313.0186
313.0185
313.0185
313.0197
313.0192
313.0189
313.0187
313.0185
313.0252
313.0247
313.0243
313.024
313.0238
313.0356
313.0351
313.0346
313.0343
313.034
313.0499
313.0494
313.049
313.0486
313.0483
313.0667
313.0663
313.0659
313.0655
313.0652
313.0832
313.0828
313.0824
313.0821
313.0818
313.0956
313.0952
313.0949
313.0946
313.0943
313.1037
313.1033
313.103
313.1027
313.1024
313.1084
313.108
313.1077
313.1074
313.1072
313.1106
313.1103
313.11
313.1097
313.1094
313.1103
313.1107
313.1112
313.1119
313.1128
313.1077
313.108
313.1085
313.1091
313.1098
313.1026
313.1029
313.1032
313.1037
313.1044
313.0942
313.0943
313.0946
313.095
313.0956
313.0814
313.0815
313.0817
313.082
313.0825
313.0647
313.0647
313.0648
313.065
313.0654
313.0479
313.0478
313.0478
313.0479
313.0482
313.034
313.0337
313.0336
313.0336
313.0337
313.0244
313.024
313.0238
313.0236
313.0236
313.0197
313.0192
313.0189
313.0187
313.0185
313.0202
313.0197
313.0193
313.0189
313.0187
313.0258
313.0252
313.0247
313.0243
313.024
313.0361
313.0356
313.0351
313.0346
313.0343
313.0504
313.0499
313.0494
313.049
313.0486
313.0671
313.0667
313.0662
313.0658
313.0655
313.0835
313.0831
313.0827
313.0824
313.0821
313.0959
313.0955
313.0951
313.0948
313.0945
313.1039
313.1035
313.1032
313.1029
313.1027
313.1086
313.1083
313.1079
313.1077
313.1074
313.1108
313.1105
313.1102
313.1099
313.1096
313.1099
313.1102
313.1106
313.1112
313.112
313.1074
313.1076
313.108
313.1085
313.1091
313.1024
313.1025
313.1028
313.1032
313.1037
313.094
313.0941
313.0943
313.0946
313.0951
313.0814
313.0813
313.0814
313.0817
313.0821
313.0647
313.0647
313.0647
313.0648
313.0651
313.0481
313.0479
313.0478
313.0478
313.0479
313.0343
313.034
313.0337
313.0336
313.0336
313.0248
313.0243
313.024
313.0238
313.0237
313.0202
313.0197
313.0193
313.0189
313.0187
313.0208
313.0202
313.0197
313.0193
313.0189
313.0264
313.0258
313.0252
313.0247
313.0244
313.0367
313.0361
313.0355
313.0351
313.0346
313.0509
313.0504
313.0499
313.0494
313.049
313.0676
313.0671
313.0666
313.0662
313.0658
313.0839
313.0835
313.083
313.0827
313.0824
313.0962
313.0958
313.0954
313.0951
313.0948
313.1041
313.1038
313.1035
313.1032
313.1029
313.1088
313.1085
313.1082
313.1079
313.1076
313.111
313.1107
313.1104
313.1101
313.1099
313.1095
313.1098
313.1101
313.1106
313.1112
313.1071
313.1073
313.1076
313.1079
313.1085
313.1022
313.1023
313.1025
313.1028
313.1032
313.0939
313.0939
313.094
313.0943
313.0946
313.0814
313.0813
313.0813
313.0814
313.0817
313.0649
313.0647
313.0646
313.0647
313.0648
313.0483
313.0481
313.0479
313.0478
313.0478
313.0346
313.0343
313.034
313.0338
313.0337
313.0252
313.0247
313.0243
313.024
313.0238
313.0208
313.0202
313.0197
313.0193
313.0189
313.0214
313.0208
313.0202
313.0197
313.0193
313.027
313.0264
313.0258
313.0252
313.0248
313.0372
313.0366
313.0361
313.0355
313.0351
313.0514
313.0509
313.0503
313.0498
313.0494
313.068
313.0675
313.067
313.0666
313.0662
313.0842
313.0838
313.0834
313.083
313.0827
313.0964
313.0961
313.0957
313.0954
313.0951
313.1044
313.104
313.1037
313.1034
313.1031
313.109
313.1087
313.1084
313.1081
313.1078
313.111
313.1108
313.1106
313.1103
313.1101
313.1093
313.1094
313.1097
313.1101
313.1106
313.107
313.107
313.1072
313.1075
313.1079
313.1021
313.1021
313.1022
313.1024
313.1028
313.0939
313.0939
313.0939
313.094
313.0943
313.0814
313.0813
313.0812
313.0813
313.0815
313.0651
313.0648
313.0647
313.0646
313.0647
313.0487
313.0483
313.0481
313.0479
313.0478
313.0351
313.0346
313.0343
313.034
313.0338
313.0258
313.0252
313.0247
313.0243
313.024
313.0214
313.0208
313.0202
313.0197
313.0193
313.022
313.0214
313.0207
313.0202
313.0197
313.0276
313.027
313.0263
313.0258
313.0252
313.0378
313.0372
313.0366
313.0361
313.0355
313.0519
313.0514
313.0508
313.0503
313.0498
313.0684
313.0679
313.0675
313.067
313.0666
313.0846
313.0842
313.0837
313.0834
313.083
313.0967
313.0963
313.096
313.0956
313.0953
313.1045
313.1042
313.1039
313.1036
313.1034
313.109
313.1088
313.1086
313.1083
313.108
313.1109
313.1107
313.1105
313.1103
313.1091
313.1092
313.1094
313.1097
313.1101
313.1068
313.1069
313.107
313.1072
313.1075
313.1021
313.102
313.1021
313.1022
313.1024
313.094
313.0938
313.0938
313.0939
313.094
313.0816
313.0814
313.0813
313.0812
313.0813
313.0653
313.065
313.0648
313.0647
313.0647
313.049
313.0486
313.0483
313.0481
313.0479
313.0356
313.0351
313.0346
313.0343
313.034
313.0264
313.0258
313.0252
313.0247
313.0244
313.022
313.0214
313.0207
313.0202
313.0197
313.0227
313.022
313.0213
313.0207
313.0202
313.0282
313.0276
313.0269
313.0263
313.0258
313.0384
313.0378
313.0372
313.0366
313.0361
313.0525
313.0519
313.0514
313.0508
313.0503
313.0689
313.0684
313.0679
313.0674
313.067
313.0849
313.0845
313.0841
313.0837
313.0834
313.0969
313.0966
313.0963
313.0959
313.0956
313.1046
313.1044
313.1042
313.1039
313.1036
313.1089
313.1087
313.1085
313.1083
313.1108
313.1107
313.1104
313.109
313.109
313.1091
313.1093
313.1097
313.1068
313.1067
313.1068
313.1069
313.1072
313.1021
313.102
313.102
313.102
313.1022
313.094
313.0939
313.0938
313.0938
313.0939
313.0818
313.0815
313.0813
313.0812
313.0813
313.0656
313.0653
313.065
313.0648
313.0647
313.0495
313.049
313.0486
313.0483
313.0481
313.0361
313.0356
313.0351
313.0346
313.0343
313.027
313.0264
313.0258
313.0252
313.0248
313.0227
313.022
313.0213
313.0207
313.0202
313.0233
313.0226
313.022
313.0213
313.0208
313.0289
313.0282
313.0276
313.0269
313.0263
313.039
313.0384
313.0378
313.0372
313.0366
313.053
313.0524
313.0519
313.0513
313.0508
313.0693
313.0688
313.0683
313.0679
313.0674
313.0852
313.0848
313.0844
313.0841
313.0837
313.097
313.0968
313.0965
313.0962
313.0959
313.1045
313.1043
313.1041
313.1038
313.1088
313.1087
313.1084
313.1107
313.1106
313.1089
313.1089
313.1089
313.1091
313.1093
313.1068
313.1067
313.1067
313.1067
313.1069
313.1021
313.102
313.1019
313.1019
313.102
313.0942
313.0939
313.0938
313.0937
313.0938
313.082
313.0817
313.0814
313.0813
313.0813
313.0659
313.0655
313.0652
313.065
313.0648
313.0499
313.0494
313.049
313.0486
313.0483
313.0367
313.0361
313.0355
313.035
313.0346
313.0276
313.027
313.0263
313.0258
313.0252
313.0233
313.0226
313.022
313.0213
313.0208
313.024
313.0233
313.0226
313.022
313.0214
313.0295
313.0289
313.0282
313.0276
313.0269
313.0396
313.039
313.0384
313.0378
313.0372
313.0534
313.0529
313.0524
313.0518
313.0513
313.0696
313.0692
313.0688
313.0683
313.0679
313.0853
313.0851
313.0847
313.0844
313.0841
313.0969
313.0967
313.0965
313.0962
313.1044
313.1043
313.104
313.1087
313.1086
313.1107
313.1089
313.1088
313.1088
313.1089
313.109
313.1068
313.1067
313.1066
313.1066
313.1067
313.1022
313.102
313.1019
313.1019
313.1019
313.0943
313.0941
313.0939
313.0938
313.0937
313.0822
313.0819
313.0816
313.0814
313.0813
313.0663
313.0659
313.0655
313.0652
313.065
313.0504
313.0499
313.0494
313.049
313.0486
313.0372
313.0366
313.0361
313.0355
313.0351
313.0282
313.0276
313.0269
313.0263
313.0258
313.024
313.0233
313.0226
313.022
313.0214
313.0246
313.024
313.0233
313.0226
313.022
313.0302
313.0295
313.0288
313.0282
313.0276
313.0401
313.0396
313.039
313.0384
313.0378
313.0538
313.0534
313.0529
313.0524
313.0518
313.0698
313.0695
313.0692
313.0687
313.0683
313.0852
313.085
313.0847
313.0844
313.0968
313.0967
313.0964
313.1044
313.1042
313.1087
313.1089
313.1088
313.1087
313.1088
313.1089
313.1069
313.1067
313.1066
313.1066
313.1066
313.1024
313.1021
313.102
313.1019
313.1018
313.0945
313.0942
313.094
313.0938
313.0938
313.0825
313.0822
313.0818
313.0816
313.0814
313.0667
313.0663
313.0659
313.0655
313.0652
313.0509
313.0504
313.0499
313.0494
313.049
313.0378
313.0372
313.0366
313.0361
313.0355
313.0289
313.0282
313.0276
313.0269
313.0263
313.0246
313.024
313.0233
313.0226
313.022
313.0253
313.0246
313.0239
313.0233
313.0226
313.0307
313.0301
313.0295
313.0288
313.0282
313.0406
313.0401
313.0395
313.039
313.0383
313.0541
313.0538
313.0534
313.0529
313.0524
313.0697
313.0695
313.0691
313.0687
313.0852
313.085
313.0847
313.0968
313.0966
313.1043
313.109
313.1088
313.1087
313.1087
313.1087
313.107
313.1068
313.1066
313.1065
313.1065
313.1025
313.1023
313.1021
313.1019
313.1018
313.0948
313.0944
313.0942
313.094
313.0938
313.0829
313.0825
313.0821
313.0818
313.0816
313.0671
313.0667
313.0662
313.0658
313.0655
313.0514
313.0509
313.0503
313.0498
313.0494
313.0384
313.0378
313.0372
313.0366
313.0361
313.0295
313.0289
313.0282
313.0276
313.0269
313.0253
313.0246
313.0239
313.0233
313.0226
313.0259
313.0253
313.0246
313.0239
313.0233
313.0312
313.0307
313.0301
313.0295
313.0288
313.0409
313.0405
313.0401
313.0395
313.0389
313.0541
313.0538
313.0533
313.0529
313.0697
313.0695
313.0691
313.0851
313.085
313.0968
313.1091
313.1089
313.1088
313.1087
313.1086
313.1072
313.1069
313.1067
313.1066
313.1065
313.1027
313.1024
313.1022
313.102
313.1019
313.095
313.0947
313.0944
313.0941
313.094
313.0832
313.0828
313.0824
313.0821
313.0818
313.0676
313.0671
313.0666
313.0662
313.0658
313.0519
313.0514
313.0508
313.0503
313.0498
313.039
313.0384
313.0378
313.0372
313.0366
313.0302
313.0295
313.0288
313.0282
313.0276
313.0259
313.0253
313.0246
313.0239
313.0233
313.0264
313.0259
313.0253
313.0246
313.0239
313.0316
313.0312
313.0307
313.0301
313.0295
313.0409
313.0405
313.0401
313.0395
313.054
313.0537
313.0533
313.0697
313.0694
313.0851
313.1092
313.109
313.1088
313.1087
313.1086
313.1073
313.107
313.1068
313.1066
313.1065
313.1029
313.1026
313.1023
313.1021
313.102
313.0953
313.0949
313.0946
313.0943
313.0941
313.0835
313.0831
313.0827
313.0824
313.0821
313.068
313.0675
313.067
313.0666
313.0662
313.0525
313.0519
313.0514
313.0508
313.0503
313.0396
313.039
313.0384
313.0378
313.0372
313.0307
313.0301
313.0295
313.0288
313.0282
313.0264
313.0259
313.0253
313.0246
313.0239
313.0268
313.0264
313.0259
313.0253
313.0246
313.0315
313.0312
313.0307
313.0301
313.0408
313.0405
313.0401
313.054
313.0537
313.0697
313.1094
313.1091
313.1089
313.1088
313.1086
313.1075
313.1072
313.107
313.1068
313.1066
313.1032
313.1028
313.1025
313.1023
313.1021
313.0956
313.0952
313.0949
313.0946
313.0943
313.0839
313.0835
313.083
313.0827
313.0824
313.0684
313.0679
313.0675
313.067
313.0666
313.053
313.0524
313.0519
313.0513
313.0508
313.0401
313.0396
313.039
313.0384
313.0378
313.0312
313.0307
313.0301
313.0295
313.0288
313.0268
313.0264
313.0259
313.0253
313.0246
313.0268
313.0264
313.0259
313.0253
313.0315
313.0312
313.0307
313.0408
313.0405
313.054
313.1096
313.1093
313.109
313.1088
313.1087
313.1077
313.1074
313.1071
313.1069
313.1067
313.1034
313.1031
313.1027
313.1025
313.1023
313.0959
313.0955
313.0951
313.0948
313.0945
313.0842
313.0838
313.0834
313.083
313.0827
313.0689
313.0684
313.0679
313.0674
313.067
313.0534
313.0529
313.0524
313.0518
313.0513
313.0406
313.0401
313.0395
313.039
313.0383
313.0316
313.0312
313.0307
313.0301
313.0295
313.0268
313.0264
313.0259
313.0253
313.0267
313.0264
313.0259
313.0315
313.0312
313.0408
313.1098
313.1095
313.1092
313.109
313.1088
313.1079
313.1076
313.1073
313.1071
313.1068
313.1037
313.1033
313.103
313.1027
313.1024
313.0962
313.0958
313.0954
313.0951
313.0948
313.0846
313.0842
313.0837
313.0834
313.083
313.0693
313.0688
313.0683
313.0679
313.0674
313.0538
313.0534
313.0529
313.0524
313.0518
313.0409
313.0405
313.0401
313.0395
313.0389
313.0315
313.0312
313.0307
313.0301
313.0267
313.0264
313.0259
313.0267
313.0264
313.0315
313.11
313.1097
313.1094
313.1091
313.1089
313.1082
313.1078
313.1075
313.1072
313.107
313.1039
313.1035
313.1032
313.1029
313.1027
313.0964
313.0961
313.0957
313.0954
313.0951
313.0849
313.0845
313.0841
313.0837
313.0834
313.0696
313.0692
313.0688
313.0683
313.0679
313.0541
313.0538
313.0534
313.0529
313.0524
313.0409
313.0405
313.0401
313.0395
313.0315
313.0312
313.0307
313.0267
313.0264
313.0267
313.1102
313.1099
313.1096
313.1093
313.1091
313.1084
313.108
313.1077
313.1074
313.1072
313.1041
313.1038
313.1035
313.1032
313.1029
313.0967
313.0963
313.096
313.0956
313.0953
313.0852
313.0848
313.0844
313.0841
313.0837
313.0698
313.0695
313.0692
313.0687
313.0683
313.0541
313.0538
313.0533
313.0529
313.0408
313.0405
313.0401
313.0315
313.0312
313.0267
313.1104
313.1101
313.1098
313.1095
313.1092
313.1086
313.1083
313.1079
313.1077
313.1074
313.1044
313.104
313.1037
313.1034
313.1031
313.0969
313.0966
313.0963
313.0959
313.0956
313.0853
313.0851
313.0847
313.0844
313.0841
313.0697
313.0695
313.0691
313.0687
313.054
313.0537
313.0533
313.0408
313.0405
313.0315
313.1106
313.1103
313.11
313.1097
313.1094
313.1088
313.1085
313.1082
313.1079
313.1076
313.1045
313.1042
313.1039
313.1036
313.1034
313.097
313.0968
313.0965
313.0962
313.0959
313.0852
313.085
313.0847
313.0844
313.0697
313.0695
313.0691
313.054
313.0537
313.0408
313.1108
313.1105
313.1102
313.1099
313.1096
313.109
313.1087
313.1084
313.1081
313.1078
313.1046
313.1044
313.1042
313.1039
313.1036
313.0969
313.0967
313.0965
313.0962
313.0852
313.085
313.0847
313.0697
313.0694
313.054
313.111
313.1107
313.1104
313.1101
313.1099
313.109
313.1088
313.1086
313.1083
313.108
313.1045
313.1043
313.1041
313.1038
313.0968
313.0967
313.0964
313.0851
313.085
313.0697
313.111
313.1108
313.1106
313.1103
313.1101
313.1089
313.1087
313.1085
313.1083
313.1044
313.1043
313.104
313.0968
313.0966
313.0851
313.1109
313.1107
313.1105
313.1103
313.1088
313.1087
313.1084
313.1044
313.1042
313.0968
313.1108
313.1107
313.1104
313.1087
313.1086
313.1043
313.1107
313.1106
313.1087
313.1107
)
;

boundaryField
{
    electrolyteSides
    {
        type            zeroGradient;
    }
    electrolyte_to_fuel
    {
        type            zeroGradient;
    }
    electrolyte_to_air
    {
        type            zeroGradient;
    }
}


// ************************************************************************* //
