/*--------------------------------*- C++ -*----------------------------------*\
| =========                 |                                                 |
| \\      /  F ield         | OpenFOAM: The Open Source CFD Toolbox           |
|  \\    /   O peration     | Version:  2312                                  |
|   \\  /    A nd           | Website:  www.openfoam.com                      |
|    \\/     M anipulation  |                                                 |
\*---------------------------------------------------------------------------*/
FoamFile
{
    version     2.0;
    format      ascii;
    arch        "LSB;label=32;scalar=64";
    class       volScalarField;
    location    "0.5/phiI";
    object      dmdt;
}
// * * * * * * * * * * * * * * * * * * * * * * * * * * * * * * * * * * * * * //

dimensions      [0 -3 -1 0 1 0 0];

internalField   nonuniform List<scalar> 
12000
(
-3760.123
-3761.275
-3763.429
-3899.246
-3761.588
-3764.453
-3900.266
-3763.833
-3902.367
-3987.398
-3762.048
-3764.516
-3900.564
-3764.835
-3903.266
-3988.326
-3763.887
-3902.745
-3990.245
-4051.378
-3762.626
-3764.603
-3901.005
-3764.854
-3903.33
-3988.618
-3764.886
-3903.624
-3991.065
-4052.314
-3763.896
-3902.796
-3990.586
-4053.92
-4120.435
-3763.22
-3764.71
-3901.562
-3764.881
-3903.421
-3989.056
-3764.9
-3903.647
-3991.145
-4052.644
-3764.895
-3903.672
-3991.387
-4054.76
-4121.592
-3763.899
-3902.805
-3990.632
-4054.22
-4122.506
0
-3763.63
-3764.815
-3902.14
-3764.914
-3903.536
-3989.623
-3764.918
-3903.681
-3991.268
-4053.157
-3764.908
-3903.69
-3991.431
-4054.902
-4122.082
-3764.897
-3903.68
-3991.43
-4055.043
-4123.585
0
-3763.901
-3902.807
-3990.64
-4054.259
-4122.744
0
0
-3763.867
-3764.891
-3902.545
-3764.945
-3903.655
-3990.229
-3764.941
-3903.727
-3991.436
-4053.855
-3764.924
-3903.716
-3991.502
-4055.137
-4122.887
-3764.91
-3903.697
-3991.469
-4055.153
-4123.921
0
-3764.9
-3903.683
-3991.437
-4055.08
-4123.809
0
0
-3763.904
-3902.809
-3990.642
-4054.265
-4122.774
0
0
0
-3763.989
-3764.939
-3902.784
-3764.971
-3903.747
-3990.676
-3764.963
-3903.778
-3991.628
-4054.652
-3764.946
-3903.752
-3991.607
-4055.482
-4124.061
-3764.927
-3903.722
-3991.533
-4055.341
-4124.498
0
-3764.913
-3903.7
-3991.475
-4055.186
-4124.119
0
0
-3764.902
-3903.685
-3991.439
-4055.086
-4123.837
0
0
0
-3763.906
-3902.811
-3990.644
-4054.267
-4122.777
0
0
0
0
-3764.041
-3764.967
-3902.91
-3764.99
-3903.809
-3990.957
-3764.982
-3903.822
-3991.793
-4055.302
-3764.967
-3903.794
-3991.738
-4055.913
-4125.515
-3764.949
-3903.757
-3991.63
-4055.631
-4125.384
0
-3764.929
-3903.724
-3991.538
-4055.368
-4124.658
0
0
-3764.915
-3903.702
-3991.477
-4055.191
-4124.142
0
0
0
-3764.904
-3903.687
-3991.441
-4055.087
-4123.839
0
0
0
0
-3763.908
-3902.813
-3990.645
-4054.268
-4122.776
0
0
0
0
0
-3764.041
-3764.979
-3902.964
-3765.003
-3903.846
-3991.116
-3764.998
-3903.857
-3991.915
-4055.753
-3764.986
-3903.833
-3991.86
-4056.313
-4126.823
-3764.97
-3903.798
-3991.752
-4056.008
-4126.539
0
-3764.951
-3903.76
-3991.634
-4055.65
-4125.497
0
0
-3764.931
-3903.726
-3991.54
-4055.371
-4124.675
0
0
0
-3764.917
-3903.704
-3991.479
-4055.192
-4124.144
0
0
0
0
-3764.906
-3903.689
-3991.443
-4055.088
-4123.839
0
0
0
0
0
-3763.91
-3902.815
-3990.647
-4054.269
-4122.776
0
0
0
0
0
-4600.379
-3763.989
-3764.979
-3902.964
-3765.009
-3903.863
-3991.187
-3765.008
-3903.88
-3991.993
-4056.031
-3765
-3903.863
-3991.957
-4056.622
-4127.814
-3764.988
-3903.836
-3991.869
-4056.369
-4127.642
0
-3764.972
-3903.8
-3991.755
-4056.018
-4126.606
0
0
-3764.953
-3903.762
-3991.636
-4055.652
-4125.507
0
0
0
-3764.933
-3903.728
-3991.542
-4055.373
-4124.675
0
0
0
0
-3764.919
-3903.706
-3991.481
-4055.193
-4124.143
0
0
0
0
0
-3764.908
-3903.691
-3991.444
-4055.089
-4123.838
0
0
0
0
0
-4600.376
-3763.912
-3902.817
-3990.649
-4054.27
-4122.776
0
0
0
0
0
-4592.912
-3900.562
-3763.867
-3764.967
-3902.91
-3765.009
-3903.863
-3991.187
-3765.013
-3903.891
-3992.031
-4056.163
-3765.01
-3903.884
-3992.022
-4056.829
-4128.463
-3765.002
-3903.866
-3991.962
-4056.656
-4128.518
0
-3764.99
-3903.838
-3991.871
-4056.374
-4127.677
0
0
-3764.974
-3903.802
-3991.757
-4056.02
-4126.608
0
0
0
-3764.955
-3903.764
-3991.637
-4055.653
-4125.505
0
0
0
0
-3764.935
-3903.73
-3991.543
-4055.374
-4124.673
0
0
0
0
0
-3764.921
-3903.708
-3991.482
-4055.194
-4124.142
0
0
0
0
0
-4598.598
-3764.91
-3903.693
-3991.446
-4055.091
-4123.838
0
0
0
0
0
-4592.211
-3902.4
-3763.914
-3902.819
-3990.65
-4054.271
-4122.776
0
0
0
0
0
-4589.616
-3891.49
-3445.151
-3763.63
-3764.939
-3902.784
-3765.003
-3903.846
-3991.116
-3765.013
-3903.891
-3992.031
-4056.163
-3765.016
-3903.895
-3992.055
-4056.932
-4128.783
-3765.012
-3903.886
-3992.026
-4056.851
-4129.109
0
-3765.004
-3903.868
-3991.964
-4056.658
-4128.533
0
0
-3764.992
-3903.839
-3991.872
-4056.374
-4127.673
0
0
0
-3764.976
-3903.804
-3991.758
-4056.02
-4126.604
0
0
0
0
-3764.957
-3903.765
-3991.639
-4055.654
-4125.502
0
0
0
0
0
-3764.937
-3903.732
-3991.545
-4055.375
-4124.672
0
0
0
0
0
-4594.563
-3764.923
-3903.71
-3991.484
-4055.195
-4124.142
0
0
0
0
0
-4588.959
-3904.186
-3764.912
-3903.695
-3991.448
-4055.092
-4123.838
0
0
0
0
0
-4588.686
-3892.488
-3448.311
-3763.916
-3902.821
-3990.652
-4054.273
-4122.776
0
0
0
0
0
-4588.442
-3887.418
-3435.044
-3116.157
-3763.22
-3764.891
-3902.545
-3764.99
-3903.809
-3990.957
-3765.008
-3903.88
-3991.993
-4056.031
-3765.016
-3903.895
-3992.055
-4056.932
-4128.783
-3765.018
-3903.897
-3992.057
-4056.949
-4129.405
0
-3765.015
-3903.888
-3992.027
-4056.852
-4129.115
0
0
-3765.006
-3903.869
-3991.965
-4056.658
-4128.526
0
0
0
-3764.994
-3903.841
-3991.874
-4056.374
-4127.668
0
0
0
0
-3764.978
-3903.806
-3991.76
-4056.02
-4126.6
0
0
0
0
0
-3764.959
-3903.767
-3991.64
-4055.654
-4125.501
0
0
0
0
0
-2223.417
-3764.94
-3903.734
-3991.547
-4055.376
-4124.671
0
0
0
0
0
-4582.577
-3906.247
-3764.925
-3903.711
-3991.486
-4055.196
-4124.141
0
0
0
0
0
-4584.954
-3892.499
-3452.369
-3764.914
-3903.697
-3991.449
-4055.093
-4123.838
0
0
0
0
0
-4587.439
-3888.132
-3437.272
-3120.317
-3763.918
-3902.823
-3990.654
-4054.274
-4122.776
0
0
0
0
0
-4588.065
-3885.902
-3430.476
-3104.711
-2861.55
-3762.626
-3764.815
-3902.14
-3764.971
-3903.747
-3990.676
-3764.998
-3903.857
-3991.915
-4055.753
-3765.01
-3903.884
-3992.022
-4056.829
-4128.463
-3765.018
-3903.897
-3992.057
-4056.949
-4129.405
0
-3765.02
-3903.899
-3992.059
-4056.949
-4129.406
0
0
-3765.017
-3903.89
-3992.028
-4056.851
-4129.106
0
0
0
-3765.008
-3903.871
-3991.967
-4056.658
-4128.52
0
0
0
0
-3764.996
-3903.843
-3991.875
-4056.375
-4127.663
0
0
0
0
0
-3764.98
-3903.808
-3991.761
-4056.021
-4126.598
0
0
0
0
0
-2705.842
-3764.961
-3903.769
-3991.642
-4055.655
-4125.499
0
0
0
0
0
-4571.539
-1538.4
-3764.942
-3903.736
-3991.548
-4055.377
-4124.671
0
0
0
0
0
-4577.829
-3891.74
-3458.311
-3764.927
-3903.713
-3991.487
-4055.198
-4124.141
0
0
0
0
0
-4583.557
-3887.548
-3439.358
-3125.917
-3764.916
-3903.699
-3991.451
-4055.094
-4123.838
0
0
0
0
0
-4587.043
-3886.518
-3432.384
-3107.817
-2866.373
-3763.92
-3902.825
-3990.655
-4054.275
-4122.776
0
0
0
0
0
-4587.971
-3885.36
-3428.745
-3099.529
-2848.315
-3762.048
-3764.71
-3901.562
-3764.945
-3903.655
-3990.229
-3764.982
-3903.822
-3991.793
-4055.302
-3765
-3903.863
-3991.957
-4056.622
-4127.814
-3765.012
-3903.886
-3992.026
-4056.851
-4129.109
0
-3765.02
-3903.899
-3992.059
-4056.949
-4129.406
0
0
-3765.022
-3903.901
-3992.06
-4056.948
-4129.397
0
0
0
-3765.019
-3903.892
-3992.03
-4056.851
-4129.099
0
0
0
0
-3765.011
-3903.873
-3991.968
-4056.658
-4128.515
0
0
0
0
0
-3764.998
-3903.845
-3991.877
-4056.375
-4127.66
0
0
0
0
0
-3084.023
-3764.982
-3903.81
-3991.763
-4056.022
-4126.596
0
0
0
0
0
-4555.488
-2034.51
-3764.963
-3903.771
-3991.644
-4055.656
-4125.498
0
0
0
0
0
-4565.801
-3889.3
-1092.824
-3764.944
-3903.738
-3991.55
-4055.378
-4124.67
0
0
0
0
0
-4576.202
-3885.866
-3442.168
-3134.417
-3764.929
-3903.715
-3991.489
-4055.199
-4124.141
0
0
0
0
0
-4583.119
-3885.731
-3433.801
-3111.185
-2873.038
-3764.918
-3903.7
-3991.452
-4055.095
-4123.838
0
0
0
0
0
-4586.946
-3885.944
-3430.541
-3102.272
-2851.918
-3763.922
-3902.827
-3990.657
-4054.276
-4122.776
0
0
0
0
0
-4587.97
-3885.176
-3428.105
-3097.557
-2842.328
-3761.588
-3764.603
-3901.005
-3764.914
-3903.536
-3989.623
-3764.963
-3903.778
-3991.628
-4054.652
-3764.986
-3903.833
-3991.86
-4056.312
-4126.823
-3765.002
-3903.866
-3991.962
-4056.656
-4128.518
0
-3765.015
-3903.888
-3992.027
-4056.852
-4129.115
0
0
-3765.022
-3903.901
-3992.06
-4056.948
-4129.397
0
0
0
-3765.024
-3903.902
-3992.061
-4056.948
-4129.389
0
0
0
0
-3765.021
-3903.894
-3992.031
-4056.851
-4129.093
0
0
0
0
0
-3765.013
-3903.875
-3991.969
-4056.659
-4128.511
0
0
0
0
0
-3333.961
-3765
-3903.847
-3991.878
-4056.376
-4127.658
0
0
0
0
0
-4538.94
-2424.96
-3764.984
-3903.812
-3991.764
-4056.023
-4126.595
0
0
0
0
0
-4548.662
-3884.327
-1599.644
-3764.965
-3903.773
-3991.645
-4055.657
-4125.498
0
0
0
0
0
-4563.873
-3882.194
-3445.179
-770.6961
-3764.946
-3903.74
-3991.551
-4055.379
-4124.67
0
0
0
0
0
-4575.704
-3883.735
-3435.574
-3116.141
-2883.197
-3764.931
-3903.717
-3991.49
-4055.2
-4124.141
0
0
0
0
0
-4583.018
-3885.088
-3431.722
-3104.882
-2856.001
-3764.92
-3903.702
-3991.454
-4055.096
-4123.838
0
0
0
0
0
-4586.948
-3885.749
-3429.859
-3100.172
-2845.512
-3763.924
-3902.829
-3990.658
-4054.277
-4122.776
0
0
0
0
0
-4587.997
-3885.119
-3427.868
-3096.821
-2840.055
-3761.275
-3764.516
-3900.564
-3764.881
-3903.421
-3989.056
-3764.941
-3903.727
-3991.436
-4053.855
-3764.967
-3903.794
-3991.738
-4055.913
-4125.515
-3764.988
-3903.836
-3991.869
-4056.369
-4127.642
0
-3765.004
-3903.868
-3991.964
-4056.658
-4128.533
0
0
-3765.017
-3903.89
-3992.028
-4056.851
-4129.106
0
0
0
-3765.024
-3903.902
-3992.061
-4056.948
-4129.389
0
0
0
0
-3765.026
-3903.904
-3992.063
-4056.948
-4129.384
0
0
0
0
0
-3765.023
-3903.896
-3992.033
-4056.852
-4129.09
0
0
0
0
0
-3480.326
-3765.015
-3903.877
-3991.971
-4056.659
-4128.509
0
0
0
0
0
-4525.029
-2684.189
-3765.002
-3903.849
-3991.88
-4056.377
-4127.656
0
0
0
0
0
-4531.298
-3878.212
-1999.184
-3764.986
-3903.813
-3991.766
-4056.024
-4126.593
0
0
0
0
0
-4546.41
-3875.866
-3447.145
-1286.704
-3764.967
-3903.775
-3991.647
-4055.658
-4125.497
0
0
0
0
0
-4563.302
-3879.648
-3437.198
-3122.319
-523.1439
-3764.948
-3903.742
-3991.553
-4055.38
-4124.67
0
0
0
0
0
-4575.6
-3882.987
-3433.13
-3108.658
-2862.059
-3764.933
-3903.719
-3991.492
-4055.201
-4124.141
0
0
0
0
0
-4583.027
-3884.873
-3430.955
-3102.512
-2848.718
-3764.922
-3903.704
-3991.456
-4055.097
-4123.837
0
0
0
0
0
-4586.979
-3885.69
-3429.608
-3099.388
-2843.09
-3763.926
-3902.831
-3990.66
-4054.278
-4122.775
0
0
0
0
0
-4588.029
-3885.107
-3427.779
-3096.543
-2839.209
-3760.123
-3764.453
-3900.266
-3764.854
-3903.33
-3988.618
-3764.918
-3903.681
-3991.268
-4053.157
-3764.946
-3903.752
-3991.607
-4055.482
-4124.061
-3764.97
-3903.798
-3991.752
-4056.008
-4126.539
0
-3764.99
-3903.838
-3991.871
-4056.374
-4127.677
0
0
-3765.006
-3903.869
-3991.965
-4056.658
-4128.526
0
0
0
-3765.019
-3903.892
-3992.03
-4056.851
-4129.099
0
0
0
0
-3765.026
-3903.904
-3992.063
-4056.948
-4129.384
0
0
0
0
0
-3765.028
-3903.906
-3992.064
-4056.948
-4129.38
0
0
0
0
0
-3547.335
-3765.025
-3903.898
-3992.034
-4056.852
-4129.087
0
0
0
0
0
-2008.614
-2836.651
-3765.017
-3903.879
-3991.973
-4056.66
-4128.507
0
0
0
0
0
-4516.874
-3872.472
-2265.085
-3765.004
-3903.851
-3991.882
-4056.377
-4127.655
0
0
0
0
0
-4528.812
-3868.732
-3447.529
-1693.319
-3764.988
-3903.815
-3991.768
-4056.025
-4126.593
0
0
0
0
0
-4545.764
-3872.863
-3437.634
-3128.054
-1047.677
-3764.969
-3903.777
-3991.648
-4055.659
-4125.497
0
0
0
0
0
-4563.196
-3878.762
-3434.268
-3113.261
-2869.708
-3764.95
-3903.744
-3991.555
-4055.381
-4124.669
0
0
0
0
0
-4575.62
-3882.74
-3432.231
-3105.87
-2853.414
-3764.935
-3903.721
-3991.494
-4055.202
-4124.141
0
0
0
0
0
-4583.067
-3884.809
-3430.673
-3101.629
-2845.986
-3764.924
-3903.706
-3991.457
-4055.098
-4123.837
0
0
0
0
0
-4587.014
-3885.677
-3429.514
-3099.093
-2842.19
-3763.928
-3902.832
-3990.661
-4054.279
-4122.775
0
0
0
0
0
-4588.06
-3885.108
-3427.744
-3096.435
-2838.893
-3763.429
-3899.246
-3764.835
-3903.266
-3988.326
-3764.9
-3903.647
-3991.145
-4052.644
-3764.924
-3903.716
-3991.502
-4055.137
-4122.887
-3764.949
-3903.757
-3991.63
-4055.631
-4125.384
0
-3764.972
-3903.8
-3991.755
-4056.018
-4126.606
0
0
-3764.992
-3903.839
-3991.872
-4056.374
-4127.673
0
0
0
-3765.008
-3903.871
-3991.966
-4056.658
-4128.52
0
0
0
0
-3765.021
-3903.894
-3992.031
-4056.851
-4129.093
0
0
0
0
0
-3765.028
-3903.906
-3992.064
-4056.948
-4129.38
0
0
0
0
0
-3547.335
-3765.03
-3903.908
-3992.066
-4056.949
-4129.377
0
0
0
0
0
-2048.291
-2906.666
-3765.027
-3903.9
-3992.036
-4056.853
-4129.085
0
0
0
0
0
-4506.855
-1355.098
-2421.857
-3765.019
-3903.881
-3991.974
-4056.661
-4128.505
0
0
0
0
0
-4514.243
-3862.349
-3446.905
-1964.061
-3765.006
-3903.853
-3991.883
-4056.378
-4127.653
0
0
0
0
0
-1997.507
-3865.391
-3436.869
-3131.81
-1460.167
-3764.99
-3903.817
-3991.769
-4056.026
-4126.592
0
0
0
0
0
-2161.232
-3871.824
-3434.163
-3117.251
-2876.882
-3764.971
-3903.779
-3991.65
-4055.66
-4125.496
0
0
0
0
0
-2109.132
-3878.475
-3433.194
-3109.916
-2859.244
-3764.952
-3903.745
-3991.556
-4055.382
-4124.669
0
0
0
0
0
-4575.675
-3882.67
-3431.902
-3104.833
-2850.201
-3764.937
-3903.723
-3991.495
-4055.203
-4124.14
0
0
0
0
0
-4583.111
-3884.797
-3430.569
-3101.297
-2844.973
-3764.926
-3903.708
-3991.459
-4055.099
-4123.837
0
0
0
0
0
-4587.049
-3885.679
-3429.477
-3098.978
-2841.854
-3763.93
-3902.834
-3990.663
-4054.28
-4122.775
0
0
0
0
0
-4588.088
-3885.113
-3427.727
-3096.388
-2838.771
-3763.833
-3902.367
-3987.398
-3764.886
-3903.624
-3991.065
-4052.314
-3764.908
-3903.69
-3991.431
-4054.902
-4122.082
-3764.927
-3903.722
-3991.533
-4055.341
-4124.498
0
-3764.951
-3903.76
-3991.634
-4055.65
-4125.497
0
0
-3764.974
-3903.802
-3991.757
-4056.02
-4126.608
0
0
0
-3764.994
-3903.841
-3991.874
-4056.374
-4127.668
0
0
0
0
-3765.011
-3903.873
-3991.968
-4056.658
-4128.515
0
0
0
0
0
-3765.023
-3903.896
-3992.033
-4056.852
-4129.09
0
0
0
0
0
-3480.325
-3765.03
-3903.908
-3992.066
-4056.949
-4129.377
0
0
0
0
0
-2048.29
-2906.666
-3765.032
-3903.91
-3992.068
-4056.95
-4129.375
0
0
0
0
0
-4501.772
-1397.632
-2493.979
-3765.029
-3903.902
-3992.037
-4056.854
-4129.083
0
0
0
0
0
-4504.144
-3857.723
-927.8506
-2123.825
-3765.021
-3903.883
-3991.976
-4056.662
-4128.504
0
0
0
0
0
-2157.036
-3858.797
-3435.519
-3133.81
-1734.514
-3765.008
-3903.855
-3991.885
-4056.379
-4127.653
0
0
0
0
0
-2441.519
-1326.489
-3432.998
-3119.701
-2881.701
-3764.992
-3903.819
-3991.771
-4056.027
-4126.591
0
0
0
0
0
-2510.376
-1480.477
-3432.887
-3113.278
-2864.398
-3764.973
-3903.781
-3991.652
-4055.661
-4125.496
0
0
0
0
0
-2350.344
-1417.418
-3432.802
-3108.674
-2855.388
-3764.954
-3903.747
-3991.558
-4055.383
-4124.669
0
0
0
0
0
-2105.674
-3882.661
-3431.781
-3104.445
-2849.012
-3764.939
-3903.725
-3991.497
-4055.204
-4124.14
0
0
0
0
0
-4583.153
-3884.802
-3430.529
-3101.168
-2844.595
-3764.928
-3903.71
-3991.46
-4055.1
-4123.837
0
0
0
0
0
-4587.079
-3885.685
-3429.46
-3098.929
-2841.725
-3763.932
-3902.836
-3990.665
-4054.281
-4122.775
0
0
0
0
0
-4588.113
-3885.117
-3427.717
-3096.364
-2838.72
-3763.887
-3902.745
-3990.245
-4051.378
-3764.895
-3903.672
-3991.387
-4054.76
-4121.592
-3764.91
-3903.697
-3991.469
-4055.153
-4123.921
0
-3764.929
-3903.724
-3991.538
-4055.368
-4124.658
0
0
-3764.953
-3903.762
-3991.636
-4055.652
-4125.507
0
0
0
-3764.976
-3903.804
-3991.758
-4056.02
-4126.604
0
0
0
0
-3764.996
-3903.843
-3991.875
-4056.375
-4127.663
0
0
0
0
0
-3765.013
-3903.875
-3991.969
-4056.659
-4128.511
0
0
0
0
0
-3333.961
-3765.025
-3903.898
-3992.034
-4056.852
-4129.087
0
0
0
0
0
-2008.613
-2836.651
-3765.032
-3903.91
-3992.068
-4056.95
-4129.375
0
0
0
0
0
-4501.772
-1397.631
-2493.979
-3765.034
-3903.912
-3992.069
-4056.951
-4129.373
0
0
0
0
0
-4499.026
-3855.327
-972.3089
-2197.377
-3765.031
-3903.903
-3992.039
-4056.855
-4129.082
0
0
0
0
0
-2256.125
-3854.052
-3434.277
-611.7579
-1896.336
-3765.023
-3903.885
-3991.977
-4056.663
-4128.503
0
0
0
0
0
-2637.635
-1494.453
-3431.396
-3120.878
-2884.435
-3765.01
-3903.857
-3991.886
-4056.38
-4127.652
0
0
0
0
0
-2835.754
-1771.718
-886.8401
-3115.268
-2867.708
-3764.994
-3903.821
-3991.772
-4056.027
-4126.59
0
0
0
0
0
-2796.144
-1830.642
-1035.783
-3111.792
-2859.816
-3764.975
-3903.783
-3991.653
-4055.662
-4125.495
0
0
0
0
0
-2543.55
-1659.341
-965.9265
-3108.21
-2853.966
-3764.956
-3903.749
-3991.559
-4055.384
-4124.668
0
0
0
0
0
-2236.998
-1405.608
-3431.736
-3104.295
-2848.571
-3764.941
-3903.726
-3991.498
-4055.205
-4124.14
0
0
0
0
0
-4583.19
-3884.811
-3430.511
-3101.115
-2844.451
-3764.93
-3903.712
-3991.462
-4055.101
-4123.836
0
0
0
0
0
-4587.107
-3885.691
-3429.45
-3098.904
-2841.671
-3763.934
-3902.838
-3990.666
-4054.282
-4122.774
0
0
0
0
0
-4588.135
-3885.121
-3427.709
-3096.348
-2838.694
-3763.896
-3902.796
-3990.586
-4053.92
-4120.435
-3764.897
-3903.68
-3991.43
-4055.043
-4123.585
0
-3764.913
-3903.7
-3991.475
-4055.186
-4124.119
0
0
-3764.931
-3903.726
-3991.54
-4055.371
-4124.675
0
0
0
-3764.955
-3903.764
-3991.637
-4055.653
-4125.505
0
0
0
0
-3764.978
-3903.806
-3991.76
-4056.02
-4126.6
0
0
0
0
0
-3764.998
-3903.845
-3991.877
-4056.375
-4127.66
0
0
0
0
0
-3084.023
-3765.015
-3903.877
-3991.971
-4056.659
-4128.509
0
0
0
0
0
-4525.029
-2684.188
-3765.027
-3903.9
-3992.036
-4056.853
-4129.085
0
0
0
0
0
-4506.855
-1355.097
-2421.856
-3765.034
-3903.912
-3992.069
-4056.951
-4129.373
0
0
0
0
0
-4499.026
-3855.327
-972.3086
-2197.377
-3765.036
-3903.914
-3992.071
-4056.951
-4129.372
0
0
0
0
0
-2303.512
-3851.603
-3433.568
-657.3801
-1970.826
-3765.033
-3903.905
-3992.04
-4056.855
-4129.08
0
0
0
0
0
-2759.365
-1599.188
-3430.012
-3121.323
-360.2986
-3765.025
-3903.887
-3991.979
-4056.663
-4128.502
0
0
0
0
0
-3062.708
-1976.362
-1060.478
-3116.154
-2869.491
-3765.012
-3903.858
-3991.888
-4056.381
-4127.651
0
0
0
0
0
-3157.543
-2167.097
-1334.664
-561.0796
-2862.597
-3764.996
-3903.823
-3991.774
-4056.028
-4126.59
0
0
0
0
0
-3024.259
-2117.25
-1388.06
-709.0016
-2858.109
-3764.978
-3903.784
-3991.655
-4055.663
-4125.495
0
0
0
0
0
-2700.069
-1853.113
-1209.301
-635.7394
-2853.439
-3764.958
-3903.751
-3991.561
-4055.385
-4124.668
0
0
0
0
0
-2343.923
-1537.32
-949.0614
-3104.233
-2848.404
-3764.943
-3903.728
-3991.5
-4055.206
-4124.139
0
0
0
0
0
-2051.638
-3884.819
-3430.501
-3101.088
-2844.393
-3764.932
-3903.713
-3991.463
-4055.102
-4123.836
0
0
0
0
0
-4587.131
-3885.696
-3429.441
-3098.887
-2841.644
-3763.936
-3902.84
-3990.668
-4054.283
-4122.774
0
0
0
0
0
-4588.156
-3885.123
-3427.7
-3096.333
-2838.677
-3763.899
-3902.805
-3990.632
-4054.22
-4122.506
0
-3764.9
-3903.683
-3991.437
-4055.08
-4123.809
0
0
-3764.915
-3903.702
-3991.477
-4055.191
-4124.142
0
0
0
-3764.933
-3903.728
-3991.542
-4055.373
-4124.675
0
0
0
0
-3764.957
-3903.765
-3991.639
-4055.654
-4125.502
0
0
0
0
0
-3764.98
-3903.808
-3991.761
-4056.021
-4126.598
0
0
0
0
0
-2705.842
-3765
-3903.847
-3991.878
-4056.376
-4127.658
0
0
0
0
0
-4538.94
-2424.96
-3765.017
-3903.879
-3991.973
-4056.66
-4128.507
0
0
0
0
0
-4516.874
-3872.472
-2265.085
-3765.029
-3903.902
-3992.037
-4056.854
-4129.083
0
0
0
0
0
-4504.145
-3857.724
-927.8497
-2123.825
-3765.036
-3903.914
-3992.071
-4056.951
-4129.372
0
0
0
0
0
-2303.512
-3851.603
-3433.568
-657.3799
-1970.825
-3765.038
-3903.916
-3992.072
-4056.952
-4129.371
0
0
0
0
0
-2817.485
-1649.387
-3429.239
-3121.452
-406.5067
-3765.035
-3903.907
-3992.042
-4056.856
-4129.08
0
0
0
0
0
-3202.987
-2103.796
-1169.012
-3116.436
-2870.308
-3765.027
-3903.888
-3991.98
-4056.664
-4128.501
0
0
0
0
0
-3408.87
-2402.657
-1545.191
-738.118
-2864.049
-3765.014
-3903.86
-3991.889
-4056.382
-4127.65
0
0
0
0
0
-3413.722
-2489.821
-1732.422
-1012.892
-2860.698
-3764.998
-3903.825
-3991.775
-4056.029
-4126.589
0
0
0
0
0
-3208.413
-2346.028
-1676.391
-1064.514
-451.642
-3764.98
-3903.786
-3991.656
-4055.664
-4125.494
0
0
0
0
0
-2827.14
-2010.085
-1404.224
-881.3344
-377.5565
-3764.96
-3903.753
-3991.562
-4055.386
-4124.667
0
0
0
0
0
-2432.377
-1644.556
-1081.558
-616.4419
-2848.337
-3764.945
-3903.73
-3991.501
-4055.207
-4124.139
0
0
0
0
0
-2115.558
-1346.012
-3430.493
-3101.07
-2844.364
-3764.934
-3903.715
-3991.465
-4055.103
-4123.835
0
0
0
0
0
-4587.154
-3885.699
-3429.432
-3098.872
-2841.627
-3763.938
-3902.842
-3990.669
-4054.284
-4122.773
0
0
0
0
0
-4588.174
-3885.124
-3427.69
-3096.318
-2838.661
-3763.901
-3902.807
-3990.64
-4054.259
-4122.744
0
0
-3764.902
-3903.685
-3991.439
-4055.086
-4123.837
0
0
0
-3764.917
-3903.704
-3991.479
-4055.192
-4124.144
0
0
0
0
-3764.935
-3903.73
-3991.543
-4055.374
-4124.673
0
0
0
0
0
-3764.959
-3903.767
-3991.64
-4055.654
-4125.501
0
0
0
0
0
-2223.416
-3764.982
-3903.81
-3991.763
-4056.022
-4126.596
0
0
0
0
0
-4555.488
-2034.51
-3765.002
-3903.849
-3991.88
-4056.377
-4127.656
0
0
0
0
0
-4531.298
-3878.212
-1999.184
-3765.019
-3903.881
-3991.974
-4056.661
-4128.505
0
0
0
0
0
-4514.243
-3862.349
-3446.905
-1964.061
-3765.031
-3903.903
-3992.039
-4056.855
-4129.082
0
0
0
0
0
-2256.125
-3854.053
-3434.277
-611.7571
-1896.335
-3765.038
-3903.916
-3992.072
-4056.952
-4129.371
0
0
0
0
0
-2817.485
-1649.387
-3429.239
-3121.452
-406.5064
-3765.04
-3903.918
-3992.074
-4056.953
-4129.37
0
0
0
0
0
-3269.736
-2164.756
-1221.106
-3116.493
-2870.612
-3765.037
-3903.909
-3992.044
-4056.857
-4129.079
0
0
0
0
0
-3563.674
-2548.685
-1676.552
-848.908
-2864.678
-3765.029
-3903.89
-3991.982
-4056.665
-4128.5
0
0
0
0
0
-3683.936
-2749.814
-1974.037
-1227.143
-480.2181
-3765.016
-3903.862
-3991.891
-4056.383
-4127.649
0
0
0
0
0
-3619.701
-2746.733
-2057.078
-1414.302
-758.6656
-3765
-3903.827
-3991.777
-4056.03
-4126.588
0
0
0
0
0
-3357.437
-2530.707
-1906.522
-1355.484
-811.5
-3764.982
-3903.788
-3991.658
-4055.665
-4125.494
0
0
0
0
0
-2931.987
-2137.518
-1562.119
-1078.018
-626.1263
-3764.962
-3903.755
-3991.564
-4055.387
-4124.667
0
0
0
0
0
-2506.693
-1733.263
-1189.427
-750.1389
-357.9153
-3764.947
-3903.732
-3991.503
-4055.208
-4124.138
0
0
0
0
0
-2170.2
-1410.116
-885.9353
-3101.055
-2844.346
-3764.936
-3903.717
-3991.466
-4055.104
-4123.835
0
0
0
0
0
-4587.174
-3885.7
-3429.423
-3098.858
-2841.611
-3763.94
-3902.843
-3990.67
-4054.284
-4122.772
0
0
0
0
0
-4588.192
-3885.124
-3427.679
-3096.303
-2838.645
-3763.904
-3902.809
-3990.642
-4054.265
-4122.774
0
0
0
-3764.904
-3903.687
-3991.441
-4055.087
-4123.839
0
0
0
0
-3764.919
-3903.706
-3991.481
-4055.193
-4124.143
0
0
0
0
0
-3764.937
-3903.732
-3991.545
-4055.375
-4124.672
0
0
0
0
0
-4594.563
-3764.961
-3903.769
-3991.642
-4055.655
-4125.499
0
0
0
0
0
-4571.539
-1538.4
-3764.984
-3903.812
-3991.764
-4056.023
-4126.595
0
0
0
0
0
-4548.662
-3884.327
-1599.644
-3765.004
-3903.851
-3991.882
-4056.377
-4127.655
0
0
0
0
0
-4528.812
-3868.732
-3447.529
-1693.319
-3765.021
-3903.883
-3991.976
-4056.662
-4128.504
0
0
0
0
0
-2157.036
-3858.797
-3435.519
-3133.811
-1734.514
-3765.033
-3903.905
-3992.04
-4056.855
-4129.08
0
0
0
0
0
-2759.364
-1599.188
-3430.012
-3121.324
-360.2979
-3765.04
-3903.918
-3992.074
-4056.953
-4129.37
0
0
0
0
0
-3269.736
-2164.756
-1221.106
-3116.493
-2870.612
-3765.042
-3903.919
-3992.075
-4056.954
-4129.369
0
0
0
0
0
-3637.139
-2618.295
-1739.468
-902.1276
-2864.899
-3765.039
-3903.911
-3992.045
-4056.858
-4129.078
0
0
0
0
0
-3849.945
-2910.4
-2124.091
-1360.961
-592.0867
-3765.031
-3903.892
-3991.983
-4056.666
-4128.499
0
0
0
0
0
-3904.352
-3025.654
-2323.253
-1659.908
-975.0405
-3765.018
-3903.864
-3991.892
-4056.384
-4127.648
0
0
0
0
0
-3786.02
-2953.289
-2315.497
-1741.918
-1164.982
-3765.002
-3903.828
-3991.778
-4056.031
-4126.588
0
0
0
0
0
-3480.054
-2680.145
-2092.275
-1587.687
-1106.015
-3764.984
-3903.79
-3991.659
-4055.666
-4125.493
0
0
0
0
0
-3019.87
-2242.659
-1690.289
-1237.324
-825.168
-3764.964
-3903.757
-3991.565
-4055.387
-4124.666
0
0
0
0
0
-2570.122
-1807.788
-1278.649
-858.9738
-493.2198
-3764.949
-3903.734
-3991.504
-4055.208
-4124.138
0
0
0
0
0
-2217.662
-1464.913
-950.4176
-551.3296
-2844.331
-3764.938
-3903.719
-3991.468
-4055.105
-4123.834
0
0
0
0
0
-4587.193
-3885.701
-3429.412
-3098.842
-2841.596
-3763.942
-3902.845
-3990.672
-4054.285
-4122.772
0
0
0
0
0
-4588.208
-3885.122
-3427.668
-3096.287
-2838.629
-3763.906
-3902.811
-3990.644
-4054.267
-4122.777
0
0
0
0
-3764.906
-3903.689
-3991.443
-4055.088
-4123.839
0
0
0
0
0
-3764.921
-3903.708
-3991.482
-4055.194
-4124.142
0
0
0
0
0
-4598.598
-3764.94
-3903.734
-3991.547
-4055.376
-4124.671
0
0
0
0
0
-4582.577
-3906.247
-3764.963
-3903.771
-3991.644
-4055.656
-4125.498
0
0
0
0
0
-4565.801
-3889.3
-1092.824
-3764.986
-3903.813
-3991.766
-4056.024
-4126.593
0
0
0
0
0
-4546.41
-3875.866
-3447.145
-1286.704
-3765.006
-3903.853
-3991.883
-4056.378
-4127.653
0
0
0
0
0
-1997.507
-3865.391
-3436.869
-3131.81
-1460.167
-3765.023
-3903.885
-3991.977
-4056.663
-4128.503
0
0
0
0
0
-2637.634
-1494.453
-3431.396
-3120.878
-2884.436
-3765.035
-3903.907
-3992.042
-4056.856
-4129.08
0
0
0
0
0
-3202.986
-2103.795
-1169.011
-3116.437
-2870.309
-3765.042
-3903.919
-3992.075
-4056.954
-4129.368
0
0
0
0
0
-3637.138
-2618.295
-1739.468
-902.1275
-2864.899
-3765.044
-3903.921
-3992.077
-4056.955
-4129.368
0
0
0
0
0
-3928.574
-2986.74
-2195.704
-1425.098
-645.8395
-3765.041
-3903.913
-3992.047
-4056.859
-4129.077
0
0
0
0
0
-4078.819
-3197.468
-2487.938
-1812.576
-1110.208
-3765.033
-3903.894
-3991.985
-4056.667
-4128.498
0
0
0
0
0
-4082.094
-3246.677
-2600.694
-2012.286
-1413.073
-3765.02
-3903.866
-3991.894
-4056.384
-4127.648
0
0
0
0
0
-3922.637
-3120.063
-2523.24
-2002.65
-1496.578
-3765.004
-3903.83
-3991.78
-4056.032
-4126.587
0
0
0
0
0
-3582.568
-2803.094
-2242.564
-1775.084
-1341.003
-3764.985
-3903.792
-3991.661
-4055.667
-4125.492
0
0
0
0
0
-3094.765
-2330.781
-1796.03
-1366.625
-986.3648
-3764.966
-3903.758
-3991.567
-4055.388
-4124.666
0
0
0
0
0
-2625.123
-1871.391
-1353.601
-948.9861
-603.3487
-3764.951
-3903.736
-3991.506
-4055.209
-4124.137
0
0
0
0
0
-2259.423
-1512.507
-1005.534
-616.3915
-292.0195
-3764.94
-3903.721
-3991.469
-4055.105
-4123.833
0
0
0
0
0
-4587.211
-3885.7
-3429.401
-3098.826
-2841.579
-3763.944
-3902.847
-3990.673
-4054.286
-4122.771
0
0
0
0
0
-4588.224
-3885.12
-3427.655
-3096.269
-2838.611
-3763.908
-3902.813
-3990.645
-4054.268
-4122.776
0
0
0
0
0
-3764.908
-3903.691
-3991.444
-4055.089
-4123.838
0
0
0
0
0
-4600.376
-3764.923
-3903.71
-3991.484
-4055.195
-4124.142
0
0
0
0
0
-4588.959
-3904.186
-3764.942
-3903.736
-3991.548
-4055.377
-4124.671
0
0
0
0
0
-4577.829
-3891.74
-3458.311
-3764.965
-3903.773
-3991.645
-4055.657
-4125.498
0
0
0
0
0
-4563.873
-3882.194
-3445.179
-770.6958
-3764.988
-3903.815
-3991.768
-4056.025
-4126.593
0
0
0
0
0
-4545.764
-3872.863
-3437.634
-3128.054
-1047.677
-3765.008
-3903.855
-3991.885
-4056.379
-4127.653
0
0
0
0
0
-2441.519
-1326.488
-3432.998
-3119.701
-2881.701
-3765.025
-3903.887
-3991.979
-4056.663
-4128.502
0
0
0
0
0
-3062.707
-1976.362
-1060.478
-3116.155
-2869.491
-3765.037
-3903.909
-3992.044
-4056.857
-4129.079
0
0
0
0
0
-3563.673
-2548.684
-1676.551
-848.9078
-2864.679
-3765.044
-3903.921
-3992.077
-4056.955
-4129.368
0
0
0
0
0
-3928.573
-2986.739
-2195.704
-1425.098
-645.8394
-3765.047
-3903.923
-3992.078
-4056.956
-4129.367
0
0
0
0
0
-4161.317
-3278.982
-2566.313
-1885.481
-1175.008
-3765.043
-3903.915
-3992.048
-4056.86
-4129.076
0
0
0
0
0
-4263.266
-3426.963
-2776.659
-2179.7
-1567.303
-3765.035
-3903.896
-3991.987
-4056.668
-4128.497
0
0
0
0
0
-4227.964
-3424.894
-2822.969
-2292.185
-1769.701
-3765.022
-3903.868
-3991.895
-4056.385
-4127.647
0
0
0
0
0
-4036.703
-3257.041
-2690.95
-2212.213
-1760.417
-3765.006
-3903.832
-3991.781
-4056.033
-4126.586
0
0
0
0
0
-3669.682
-2905.878
-2366.195
-1926.674
-1530.61
-3764.987
-3903.794
-3991.662
-4055.668
-4125.491
0
0
0
0
0
-3159.446
-2405.88
-1884.647
-1473.284
-1117.179
-3764.968
-3903.76
-3991.568
-4055.389
-4124.665
0
0
0
0
0
-2673.463
-1926.54
-1417.565
-1024.594
-694.4188
-3764.953
-3903.737
-3991.507
-4055.21
-4124.136
0
0
0
0
0
-2296.54
-1554.381
-1053.403
-671.999
-357.8586
-3764.942
-3903.722
-3991.471
-4055.106
-4123.832
0
0
0
0
0
-2052.564
-3885.698
-3429.388
-3098.808
-2841.561
-3763.946
-3902.849
-3990.675
-4054.287
-4122.77
0
0
0
0
0
-4588.239
-3885.117
-3427.642
-3096.25
-2838.591
-3763.91
-3902.815
-3990.647
-4054.269
-4122.776
0
0
0
0
0
-4600.379
-3764.91
-3903.693
-3991.446
-4055.091
-4123.838
0
0
0
0
0
-4592.211
-3902.4
-3764.925
-3903.711
-3991.486
-4055.196
-4124.141
0
0
0
0
0
-4584.954
-3892.499
-3452.369
-3764.944
-3903.738
-3991.55
-4055.378
-4124.67
0
0
0
0
0
-4576.202
-3885.866
-3442.168
-3134.417
-3764.967
-3903.775
-3991.647
-4055.658
-4125.497
0
0
0
0
0
-4563.302
-3879.648
-3437.198
-3122.319
-523.1436
-3764.99
-3903.817
-3991.769
-4056.026
-4126.592
0
0
0
0
0
-2161.232
-3871.824
-3434.163
-3117.251
-2876.882
-3765.01
-3903.857
-3991.886
-4056.38
-4127.652
0
0
0
0
0
-2835.754
-1771.717
-886.8396
-3115.268
-2867.708
-3765.027
-3903.888
-3991.98
-4056.664
-4128.501
0
0
0
0
0
-3408.868
-2402.657
-1545.19
-738.1176
-2864.049
-3765.039
-3903.911
-3992.045
-4056.858
-4129.078
0
0
0
0
0
-3849.944
-2910.399
-2124.091
-1360.96
-592.0865
-3765.047
-3903.923
-3992.078
-4056.956
-4129.367
0
0
0
0
0
-4161.317
-3278.981
-2566.312
-1885.481
-1175.007
-3765.049
-3903.925
-3992.08
-4056.957
-4129.366
0
0
0
0
0
-4348.986
-3512.352
-2860.23
-2259.418
-1640.967
-3765.045
-3903.917
-3992.05
-4056.861
-4129.075
0
0
0
0
0
-4414.649
-3611.897
-3007.442
-2470.96
-1938.83
-3765.037
-3903.898
-3991.988
-4056.669
-4128.497
0
0
0
0
0
-4349.667
-3571.143
-3002.172
-2516.384
-2052.904
-3765.024
-3903.87
-3991.897
-4056.386
-4127.646
0
0
0
0
0
-4133.526
-3371.399
-2828.677
-2381.359
-1972.428
-3765.008
-3903.834
-3991.783
-4056.034
-4126.585
0
0
0
0
0
-3744.994
-2993.213
-2469.535
-2051.35
-1683.952
-3764.989
-3903.795
-3991.664
-4055.668
-4125.491
0
0
0
0
0
-3216.193
-2470.722
-1960.169
-1562.661
-1225.069
-3764.97
-3903.762
-3991.57
-4055.39
-4124.664
0
0
0
0
0
-2716.382
-1975.008
-1473.024
-1089.112
-770.9054
-3764.955
-3903.739
-3991.509
-4055.211
-4124.135
0
0
0
0
0
-2329.998
-1591.597
-1095.517
-720.2915
-414.1252
-3764.944
-3903.724
-3991.472
-4055.107
-4123.832
0
0
0
0
0
-2079.453
-1343.8
-3429.375
-3098.79
-2841.541
-3763.948
-3902.85
-3990.676
-4054.288
-4122.769
0
0
0
0
0
-4588.253
-3885.113
-3427.627
-3096.231
-2838.57
-3763.912
-3902.817
-3990.649
-4054.27
-4122.776
0
0
0
0
0
-4592.912
-3900.562
-3764.912
-3903.695
-3991.448
-4055.092
-4123.838
0
0
0
0
0
-4588.686
-3892.488
-3448.311
-3764.927
-3903.713
-3991.487
-4055.198
-4124.141
0
0
0
0
0
-4583.557
-3887.548
-3439.358
-3125.917
-3764.946
-3903.74
-3991.551
-4055.379
-4124.67
0
0
0
0
0
-4575.704
-3883.735
-3435.574
-3116.141
-2883.197
-3764.969
-3903.777
-3991.648
-4055.659
-4125.497
0
0
0
0
0
-4563.196
-3878.762
-3434.268
-3113.261
-2869.708
-3764.992
-3903.819
-3991.771
-4056.027
-4126.591
0
0
0
0
0
-2510.376
-1480.477
-3432.887
-3113.278
-2864.398
-3765.012
-3903.858
-3991.888
-4056.381
-4127.651
0
0
0
0
0
-3157.541
-2167.096
-1334.664
-561.0791
-2862.597
-3765.029
-3903.89
-3991.982
-4056.665
-4128.5
0
0
0
0
0
-3683.934
-2749.813
-1974.036
-1227.142
-480.2177
-3765.041
-3903.913
-3992.047
-4056.859
-4129.077
0
0
0
0
0
-4078.82
-3197.467
-2487.937
-1812.576
-1110.208
-3765.049
-3903.925
-3992.08
-4056.957
-4129.366
0
0
0
0
0
-4348.986
-3512.352
-2860.23
-2259.418
-1640.967
-3765.051
-3903.927
-3992.082
-4056.958
-4129.366
0
0
0
0
0
-4503.412
-3700.524
-3094.904
-2555.912
-2019.378
-3765.047
-3903.919
-3992.051
-4056.862
-4129.074
0
0
0
0
0
-4541.475
-3763.677
-3193.387
-2703.723
-2233.504
-3765.039
-3903.9
-3991.99
-4056.67
-4128.496
0
0
0
0
0
-4452.951
-3693.152
-3149.206
-2697.1
-2279.689
-3765.026
-3903.871
-3991.898
-4056.387
-4127.645
0
0
0
0
0
-4217.179
-3468.463
-2943.643
-2520.235
-2143.506
-3765.01
-3903.836
-3991.784
-4056.034
-4126.585
0
0
0
0
0
-3810.991
-3068.711
-2557.331
-2155.54
-1810.037
-3764.991
-3903.797
-3991.665
-4055.669
-4125.49
0
0
0
0
0
-3266.492
-2527.605
-2025.345
-1638.834
-1315.463
-3764.972
-3903.764
-3991.571
-4055.391
-4124.663
0
0
0
0
0
-2755.065
-2018.039
-1521.761
-1145.047
-836.166
-3764.957
-3903.741
-3991.51
-4055.212
-4124.134
0
0
0
0
0
-2359.938
-1625.142
-1132.944
-762.776
-462.9866
-3764.946
-3903.726
-3991.473
-4055.108
-4123.831
0
0
0
0
0
-2104.674
-1370.759
-881.8954
-3098.77
-2841.521
-3763.95
-3902.852
-3990.678
-4054.288
-4122.768
0
0
0
0
0
-4588.267
-3885.109
-3427.612
-3096.209
-2838.548
-3763.914
-3902.819
-3990.65
-4054.271
-4122.776
0
0
0
0
0
-4589.616
-3891.49
-3445.151
-3764.914
-3903.697
-3991.449
-4055.093
-4123.838
0
0
0
0
0
-4587.439
-3888.132
-3437.272
-3120.317
-3764.929
-3903.715
-3991.489
-4055.199
-4124.141
0
0
0
0
0
-4583.119
-3885.731
-3433.801
-3111.185
-2873.038
-3764.948
-3903.742
-3991.553
-4055.38
-4124.67
0
0
0
0
0
-4575.6
-3882.987
-3433.13
-3108.658
-2862.059
-3764.971
-3903.779
-3991.65
-4055.66
-4125.496
0
0
0
0
0
-2109.132
-3878.475
-3433.194
-3109.916
-2859.244
-3764.994
-3903.821
-3991.772
-4056.027
-4126.59
0
0
0
0
0
-2796.143
-1830.642
-1035.783
-3111.792
-2859.816
-3765.014
-3903.86
-3991.889
-4056.382
-4127.65
0
0
0
0
0
-3413.72
-2489.82
-1732.422
-1012.892
-2860.698
-3765.031
-3903.892
-3991.983
-4056.666
-4128.499
0
0
0
0
0
-3904.353
-3025.653
-2323.251
-1659.907
-975.0398
-3765.043
-3903.915
-3992.048
-4056.86
-4129.076
0
0
0
0
0
-4263.266
-3426.964
-2776.658
-2179.698
-1567.302
-3765.051
-3903.927
-3992.082
-4056.958
-4129.366
0
0
0
0
0
-4503.412
-3700.524
-3094.904
-2555.912
-2019.377
-3765.053
-3903.929
-3992.083
-4056.959
-4129.365
0
0
0
0
0
-4631.4
-3856.648
-3284.121
-2792.589
-2319.333
-3765.049
-3903.92
-3992.053
-4056.863
-4129.074
0
0
0
0
0
-4648.275
-3892.139
-3345.997
-2891.222
-2468.927
-3765.041
-3903.902
-3991.991
-4056.67
-4128.495
0
0
0
0
0
-4541.98
-3796.69
-3271.861
-2845.342
-2462.441
-3765.028
-3903.873
-3991.9
-4056.388
-4127.644
0
0
0
0
0
-4290.441
-3552.319
-3041.211
-2636.134
-2283.93
-3765.012
-3903.837
-3991.786
-4056.035
-4126.584
0
0
0
0
0
-3869.438
-3134.866
-2633.219
-2244.042
-1915.378
-3764.993
-3903.799
-3991.667
-4055.67
-4125.489
0
0
0
0
0
-3311.784
-2578.021
-2082.514
-1704.523
-1392.505
-3764.973
-3903.765
-3991.573
-4055.392
-4124.662
0
0
0
0
0
-2789.608
-2056.819
-1565.028
-1194.2
-892.7409
-3764.959
-3903.743
-3991.511
-4055.213
-4124.134
0
0
0
0
0
-2388.12
-1655.158
-1166.678
-800.53
-505.9687
-3764.948
-3903.728
-3991.475
-4055.109
-4123.83
0
0
0
0
0
-2125.636
-1396.044
-909.0086
-546.464
-2841.498
-3763.952
-3902.854
-3990.679
-4054.289
-4122.767
0
0
0
0
0
-4588.28
-3885.103
-3427.596
-3096.188
-2838.524
-3763.916
-3902.821
-3990.652
-4054.273
-4122.776
0
0
0
0
0
-4588.442
-3887.418
-3435.044
-3116.157
-3764.916
-3903.699
-3991.451
-4055.094
-4123.838
0
0
0
0
0
-4587.043
-3886.518
-3432.384
-3107.817
-2866.373
-3764.931
-3903.717
-3991.49
-4055.2
-4124.141
0
0
0
0
0
-4583.018
-3885.088
-3431.722
-3104.882
-2856.001
-3764.95
-3903.744
-3991.555
-4055.381
-4124.669
0
0
0
0
0
-4575.62
-3882.74
-3432.231
-3105.87
-2853.414
-3764.973
-3903.781
-3991.652
-4055.661
-4125.496
0
0
0
0
0
-2350.343
-1417.418
-3432.802
-3108.674
-2855.388
-3764.996
-3903.823
-3991.774
-4056.028
-4126.59
0
0
0
0
0
-3024.259
-2117.249
-1388.06
-709.0012
-2858.109
-3765.016
-3903.862
-3991.891
-4056.383
-4127.649
0
0
0
0
0
-3619.701
-2746.732
-2057.076
-1414.301
-758.6651
-3765.033
-3903.894
-3991.985
-4056.667
-4128.498
0
0
0
0
0
-4082.094
-3246.677
-2600.692
-2012.284
-1413.072
-3765.045
-3903.917
-3992.05
-4056.861
-4129.075
0
0
0
0
0
-4414.649
-3611.897
-3007.442
-2470.959
-1938.829
-3765.053
-3903.929
-3992.083
-4056.959
-4129.365
0
0
0
0
0
-4631.399
-3856.648
-3284.121
-2792.589
-2319.333
-3765.055
-3903.931
-3992.085
-4056.961
-4129.365
0
0
0
0
0
-4739.888
-3984.874
-3446.162
-2983.407
-2558.702
-3765.051
-3903.922
-3992.054
-4056.864
-4129.074
0
0
0
0
0
-4740.536
-3999.126
-3480.287
-3045.115
-2658.515
-3765.043
-3903.903
-3991.993
-4056.671
-4128.494
0
0
0
0
0
-4619.893
-3885.919
-3375.934
-2969.001
-2612.309
-3765.03
-3903.875
-3991.901
-4056.389
-4127.643
0
0
0
0
0
-4355.365
-3625.75
-3125.494
-2734.475
-2401.09
-3765.014
-3903.839
-3991.787
-4056.036
-4126.583
0
0
0
0
0
-3922.024
-3193.447
-2699.705
-2320.527
-2004.837
-3764.995
-3903.801
-3991.668
-4055.671
-4125.488
0
0
0
0
0
-3352.112
-2623.414
-2133.176
-1762.129
-1458.892
-3764.975
-3903.767
-3991.574
-4055.392
-4124.662
0
0
0
0
0
-2822.269
-2091.448
-1604.02
-1237.833
-942.451
-3764.961
-3903.744
-3991.513
-4055.213
-4124.133
0
0
0
0
0
-2411.251
-1683.41
-1196.861
-834.558
-544.1629
-3764.95
-3903.729
-3991.476
-4055.109
-4123.829
0
0
0
0
0
-2151.474
-1417.055
-934.439
-573.8187
-2841.475
-3763.954
-3902.856
-3990.68
-4054.29
-4122.766
0
0
0
0
0
-4588.294
-3885.097
-3427.578
-3096.164
-2838.499
-3763.918
-3902.823
-3990.654
-4054.274
-4122.776
0
0
0
0
0
-4588.065
-3885.902
-3430.476
-3104.711
-2861.55
-3764.918
-3903.7
-3991.452
-4055.095
-4123.838
0
0
0
0
0
-4586.946
-3885.944
-3430.541
-3102.272
-2851.918
-3764.933
-3903.719
-3991.492
-4055.201
-4124.141
0
0
0
0
0
-4583.027
-3884.873
-3430.955
-3102.512
-2848.718
-3764.952
-3903.745
-3991.556
-4055.382
-4124.669
0
0
0
0
0
-4575.675
-3882.67
-3431.902
-3104.833
-2850.201
-3764.975
-3903.783
-3991.653
-4055.662
-4125.495
0
0
0
0
0
-2543.55
-1659.341
-965.9263
-3108.21
-2853.966
-3764.998
-3903.825
-3991.775
-4056.029
-4126.589
0
0
0
0
0
-3208.414
-2346.027
-1676.39
-1064.513
-451.6416
-3765.018
-3903.864
-3991.892
-4056.384
-4127.648
0
0
0
0
0
-3786.02
-2953.289
-2315.496
-1741.917
-1164.982
-3765.035
-3903.896
-3991.987
-4056.668
-4128.497
0
0
0
0
0
-4227.964
-3424.894
-2822.969
-2292.183
-1769.7
-3765.047
-3903.918
-3992.051
-4056.862
-4129.074
0
0
0
0
0
-4541.475
-3763.677
-3193.387
-2703.723
-2233.503
-3765.055
-3903.931
-3992.085
-4056.961
-4129.365
0
0
0
0
0
-4739.888
-3984.873
-3446.162
-2983.407
-2558.702
-3765.057
-3903.933
-3992.088
-4056.962
-4129.368
0
0
0
0
0
-4835.296
-4093.551
-3574.774
-3165.979
-2751.616
-3765.053
-3903.924
-3992.056
-4056.864
-4129.073
0
0
0
0
0
-4821.232
-4091.543
-3587.567
-3199.973
-2814.123
-3765.045
-3903.905
-3991.994
-4056.672
-4128.493
0
0
0
0
0
-4689.669
-3963.996
-3465.586
-3073.894
-2737.35
-3765.032
-3903.877
-3991.903
-4056.389
-4127.642
0
0
0
0
0
-4413.526
-3690.827
-3199.287
-2819.412
-2500.478
-3765.016
-3903.841
-3991.789
-4056.037
-4126.582
0
0
0
0
0
-3968.753
-3246.15
-2758.572
-2387.522
-2082.134
-3764.997
-3903.803
-3991.669
-4055.672
-4125.488
0
0
0
0
0
-3390.407
-2663.827
-2178.786
-1813.168
-1517.098
-3764.977
-3903.769
-3991.576
-4055.393
-4124.661
0
0
0
0
0
-2848.625
-2124.189
-1638.836
-1277.154
-986.5769
-3764.963
-3903.746
-3991.514
-4055.214
-4124.132
0
0
0
0
0
-2440.763
-1706.596
-1225.272
-865.0027
-578.5871
-3764.952
-3903.731
-3991.478
-4055.11
-4123.828
0
0
0
0
0
-2154.525
-1442.961
-955.5673
-599.4768
-314.8126
-3763.955
-3902.857
-3990.682
-4054.29
-4122.765
0
0
0
0
0
-2069.553
-3885.091
-3427.56
-3096.14
-2838.472
-3763.92
-3902.825
-3990.655
-4054.275
-4122.776
0
0
0
0
0
-4587.971
-3885.36
-3428.745
-3099.529
-2848.315
-3764.92
-3903.702
-3991.454
-4055.096
-4123.838
0
0
0
0
0
-4586.948
-3885.749
-3429.859
-3100.172
-2845.512
-3764.935
-3903.721
-3991.494
-4055.202
-4124.141
0
0
0
0
0
-4583.067
-3884.809
-3430.673
-3101.629
-2845.986
-3764.954
-3903.747
-3991.558
-4055.383
-4124.669
0
0
0
0
0
-2105.674
-3882.661
-3431.781
-3104.445
-2849.012
-3764.978
-3903.784
-3991.655
-4055.663
-4125.495
0
0
0
0
0
-2700.07
-1853.113
-1209.301
-635.7392
-2853.439
-3765
-3903.827
-3991.777
-4056.03
-4126.588
0
0
0
0
0
-3357.436
-2530.707
-1906.521
-1355.483
-811.4996
-3765.02
-3903.866
-3991.894
-4056.384
-4127.648
0
0
0
0
0
-3922.636
-3120.062
-2523.24
-2002.648
-1496.576
-3765.037
-3903.898
-3991.988
-4056.669
-4128.497
0
0
0
0
0
-4349.667
-3571.142
-3002.171
-2516.384
-2052.903
-3765.049
-3903.92
-3992.053
-4056.863
-4129.074
0
0
0
0
0
-4648.275
-3892.138
-3345.997
-2891.221
-2468.927
-3765.057
-3903.933
-3992.088
-4056.962
-4129.368
0
0
0
0
0
-4835.295
-4093.551
-3574.774
-3165.979
-2751.616
-3765.059
-3903.935
-3992.089
-4056.967
-4129.367
0
0
0
0
0
-4917.22
-4191.793
-3683.749
-3294.625
-3008.492
-3765.055
-3903.926
-3992.057
-4056.865
-4129.072
0
0
0
0
0
-4894.268
-4172.36
-3680.227
-3307.21
-3044.065
-3765.047
-3903.907
-3991.996
-4056.673
-4128.492
0
0
0
0
0
-4751.64
-4035.251
-3544.016
-3164.202
-2843.333
-3765.034
-3903.879
-3991.904
-4056.391
-4127.641
0
0
0
0
0
-4465.132
-3749.102
-3264.693
-2893.761
-2586.304
-3765.018
-3903.843
-3991.79
-4056.038
-4126.582
0
0
0
0
0
-4013.307
-3292.978
-2811.528
-2446.828
-2149.824
-3764.999
-3903.804
-3991.671
-4055.673
-4125.487
0
0
0
0
0
-3420.69
-2702.202
-2219.385
-1859.109
-1568.658
-3764.979
-3903.771
-3991.577
-4055.394
-4124.66
0
0
0
0
0
-2883.791
-2150.605
-1671.756
-1312.262
-1026.341
-3764.965
-3903.748
-3991.516
-4055.214
-4124.131
0
0
0
0
0
-2442.044
-1736.184
-1248.582
-893.6606
-609.3847
-3764.954
-3903.733
-3991.479
-4055.11
-4123.827
0
0
0
0
0
-2217.404
-1445.999
-981.6256
-620.7901
-340.7789
-3763.957
-3902.859
-3990.683
-4054.291
-4122.763
0
0
0
0
0
-4588.312
-1359.177
-3427.541
-3096.114
-2838.445
-3763.922
-3902.827
-3990.657
-4054.276
-4122.776
0
0
0
0
0
-4587.97
-3885.176
-3428.105
-3097.557
-2842.328
-3764.922
-3903.704
-3991.456
-4055.097
-4123.837
0
0
0
0
0
-4586.979
-3885.69
-3429.608
-3099.388
-2843.09
-3764.937
-3903.723
-3991.495
-4055.203
-4124.14
0
0
0
0
0
-4583.111
-3884.797
-3430.569
-3101.297
-2844.973
-3764.956
-3903.749
-3991.559
-4055.384
-4124.668
0
0
0
0
0
-2236.998
-1405.608
-3431.736
-3104.295
-2848.571
-3764.98
-3903.786
-3991.656
-4055.664
-4125.494
0
0
0
0
0
-2827.139
-2010.086
-1404.224
-881.3335
-377.5562
-3765.002
-3903.828
-3991.778
-4056.031
-4126.588
0
0
0
0
0
-3480.054
-2680.145
-2092.275
-1587.686
-1106.014
-3765.022
-3903.868
-3991.895
-4056.385
-4127.647
0
0
0
0
0
-4036.702
-3257.04
-2690.95
-2212.213
-1760.415
-3765.039
-3903.9
-3991.99
-4056.67
-4128.496
0
0
0
0
0
-4452.95
-3693.151
-3149.206
-2697.1
-2279.689
-3765.051
-3903.922
-3992.054
-4056.864
-4129.074
0
0
0
0
0
-4740.536
-3999.125
-3480.286
-3045.115
-2658.515
-3765.059
-3903.935
-3992.089
-4056.967
-4129.367
0
0
0
0
0
-4917.221
-4191.793
-3683.748
-3294.625
-3008.492
-3765.061
-3903.936
-3992.09
-4056.967
-4129.382
0
0
0
0
0
-4989.679
-4273.747
-3792.652
-3403.559
-3134.9
-3765.057
-3903.928
-3992.059
-4056.866
-4129.071
0
0
0
0
0
-4958.488
-4248.179
-3761.229
-3399.811
-3149.262
-3765.049
-3903.909
-3991.997
-4056.674
-4128.491
0
0
0
0
0
-4806.601
-4097.304
-3620.787
-3243.182
-2934.588
-3765.036
-3903.88
-3991.906
-4056.391
-4127.642
0
0
0
0
0
-4514.427
-3800.799
-3323.214
-2959.683
-2661.413
-3765.02
-3903.845
-3991.792
-4056.039
-4126.581
0
0
0
0
0
-4047.972
-3337.628
-2858.572
-2500.17
-2209.735
-3765.001
-3903.806
-3991.672
-4055.673
-4125.486
0
0
0
0
0
-3463.135
-2732.539
-2257.936
-1899.993
-1615.061
-3764.981
-3903.772
-3991.578
-4055.394
-4124.659
0
0
0
0
0
-2882.077
-2185.861
-1698.308
-1345.459
-1061.841
-3764.966
-3903.75
-3991.517
-4055.215
-4124.129
0
0
0
0
0
-2520.43
-1737.443
-1278.341
-917.1682
-638.3771
-3764.955
-3903.735
-3991.48
-4055.111
-4123.825
0
0
0
0
0
-4587.322
-1509.076
-984.6578
-647.0888
-362.3438
-3763.96
-3902.861
-3990.684
-4054.291
-4122.762
0
0
0
0
0
-4588.301
-3885.074
-896.2904
-3096.088
-2838.415
-3763.924
-3902.829
-3990.658
-4054.277
-4122.776
0
0
0
0
0
-4587.997
-3885.119
-3427.868
-3096.821
-2840.055
-3764.924
-3903.706
-3991.457
-4055.098
-4123.837
0
0
0
0
0
-4587.014
-3885.677
-3429.514
-3099.093
-2842.19
-3764.939
-3903.725
-3991.497
-4055.204
-4124.14
0
0
0
0
0
-4583.153
-3884.802
-3430.529
-3101.168
-2844.595
-3764.958
-3903.751
-3991.561
-4055.385
-4124.668
0
0
0
0
0
-2343.923
-1537.32
-949.0612
-3104.233
-2848.404
-3764.982
-3903.788
-3991.658
-4055.665
-4125.494
0
0
0
0
0
-2931.988
-2137.518
-1562.119
-1078.017
-626.1254
-3765.004
-3903.83
-3991.78
-4056.032
-4126.587
0
0
0
0
0
-3582.569
-2803.094
-2242.564
-1775.084
-1341.002
-3765.024
-3903.87
-3991.897
-4056.386
-4127.646
0
0
0
0
0
-4133.525
-3371.398
-2828.677
-2381.359
-1972.428
-3765.041
-3903.901
-3991.991
-4056.67
-4128.495
0
0
0
0
0
-4541.98
-3796.689
-3271.86
-2845.342
-2462.44
-3765.053
-3903.924
-3992.056
-4056.864
-4129.073
0
0
0
0
0
-4821.232
-4091.542
-3587.566
-3199.972
-2814.122
-3765.061
-3903.936
-3992.09
-4056.967
-4129.382
0
0
0
0
0
-4989.678
-4273.747
-3792.652
-3403.559
-3134.899
-3765.063
-3903.938
-3992.091
-4056.968
-4129.38
0
0
0
0
0
-5059.707
-4346.223
-3874.426
-3551.669
-3241.783
-3765.059
-3903.929
-3992.06
-4056.867
-4129.07
0
0
0
0
0
-5015.395
-4312.412
-3847.633
-3480.707
-3240.015
-3765.051
-3903.911
-3991.999
-4056.675
-4128.492
0
0
0
0
0
-4859.156
-4152.328
-3682.956
-3340.073
-3014.382
-3765.038
-3903.882
-3991.907
-4056.392
-4127.641
0
0
0
0
0
-4552.403
-3850.182
-3375.118
-3018.591
-2728.045
-3765.022
-3903.846
-3991.793
-4056.039
-4126.58
0
0
0
0
0
-4098.611
-3372.354
-2903.428
-2547.547
-2263.612
-3765.003
-3903.808
-3991.674
-4055.674
-4125.485
0
0
0
0
0
-3456.48
-2775.079
-2288.395
-1938.812
-1656.344
-3764.983
-3903.774
-3991.58
-4055.395
-4124.658
0
0
0
0
0
-2985.034
-2184.122
-1733.764
-1372.227
-1095.412
-3764.968
-3903.751
-3991.518
-4055.216
-4124.128
0
0
0
0
0
-2232.727
-1816.076
-1279.579
-947.1957
-662.1526
-3764.958
-3903.736
-3991.482
-4055.111
-4123.824
0
0
0
0
0
-2079.419
-3885.655
-1048.151
-650.1198
-388.9685
-3763.969
-3902.863
-3990.686
-4054.292
-4122.76
0
0
0
0
0
-4588.301
-3885.056
-3427.501
-560.4261
-2838.385
-3763.926
-3902.831
-3990.66
-4054.278
-4122.775
0
0
0
0
0
-4588.029
-3885.107
-3427.779
-3096.543
-2839.209
-3764.926
-3903.708
-3991.459
-4055.099
-4123.837
0
0
0
0
0
-4587.049
-3885.679
-3429.477
-3098.978
-2841.854
-3764.941
-3903.726
-3991.498
-4055.205
-4124.14
0
0
0
0
0
-4583.19
-3884.811
-3430.511
-3101.115
-2844.451
-3764.96
-3903.753
-3991.562
-4055.386
-4124.667
0
0
0
0
0
-2432.377
-1644.556
-1081.559
-616.4417
-2848.337
-3764.983
-3903.79
-3991.659
-4055.666
-4125.493
0
0
0
0
0
-3019.871
-2242.659
-1690.289
-1237.325
-825.1675
-3765.006
-3903.832
-3991.781
-4056.033
-4126.586
0
0
0
0
0
-3669.683
-2905.878
-2366.195
-1926.674
-1530.61
-3765.026
-3903.871
-3991.898
-4056.387
-4127.645
0
0
0
0
0
-4217.179
-3468.462
-2943.643
-2520.235
-2143.506
-3765.043
-3903.903
-3991.993
-4056.671
-4128.494
0
0
0
0
0
-4619.893
-3885.919
-3375.933
-2969
-2612.309
-3765.055
-3903.926
-3992.057
-4056.865
-4129.072
0
0
0
0
0
-4894.267
-4172.36
-3680.227
-3307.209
-3044.064
-3765.063
-3903.938
-3992.091
-4056.968
-4129.38
0
0
0
0
0
-5059.707
-4346.223
-3874.426
-3551.669
-3241.783
-3765.065
-3903.94
-3992.092
-4056.965
-4129.379
0
0
0
0
0
-5117.393
-4425.785
-3946.731
-3631.96
-3361.043
-3765.061
-3903.931
-3992.062
-4056.868
-4129.071
0
0
0
0
0
-5069.839
-4369.314
-3911.7
-3606.336
-3319.229
-3765.053
-3903.912
-3992
-4056.676
-4128.491
0
0
0
0
0
-4899.523
-4204.946
-3738.066
-3402.108
-3185.869
-3765.04
-3903.884
-3991.909
-4056.393
-4127.64
0
0
0
0
0
-4609.07
-3888.209
-3424.696
-3070.819
-2787.558
-3765.024
-3903.848
-3991.794
-4056.04
-4126.579
0
0
0
0
0
-4086.391
-3423.114
-2938.296
-2592.72
-2311.452
-3765.005
-3903.809
-3991.675
-4055.674
-4125.484
0
0
0
0
0
-3593.269
-2768.353
-2331.142
-1969.459
-1695.543
-3764.985
-3903.776
-3991.581
-4055.395
-4124.656
0
0
0
0
0
-2618.609
-2287.384
-1731.994
-1407.995
-1122.473
-3764.971
-3903.753
-3991.52
-4055.216
-4124.126
0
0
0
0
0
-2361.411
-1527.353
-1358.723
-948.406
-692.5433
-3764.966
-3903.739
-3991.483
-4055.112
-4123.822
0
0
0
0
0
-4587.308
-1370.604
-3429.234
-714.2544
-392.0021
-3764.02
-3902.871
-3990.688
-4054.292
-4122.758
0
0
0
0
0
-4588.309
-3885.042
-3427.477
-3096.032
-301.2535
-3763.928
-3902.832
-3990.661
-4054.279
-4122.775
0
0
0
0
0
-4588.06
-3885.108
-3427.744
-3096.435
-2838.893
-3764.928
-3903.71
-3991.46
-4055.1
-4123.837
0
0
0
0
0
-4587.079
-3885.685
-3429.46
-3098.929
-2841.725
-3764.943
-3903.728
-3991.5
-4055.206
-4124.139
0
0
0
0
0
-2051.638
-3884.819
-3430.501
-3101.088
-2844.393
-3764.962
-3903.755
-3991.564
-4055.387
-4124.667
0
0
0
0
0
-2506.694
-1733.263
-1189.426
-750.1393
-357.9151
-3764.985
-3903.792
-3991.661
-4055.667
-4125.492
0
0
0
0
0
-3094.766
-2330.782
-1796.03
-1366.625
-986.3652
-3765.008
-3903.834
-3991.783
-4056.034
-4126.585
0
0
0
0
0
-3744.994
-2993.213
-2469.534
-2051.349
-1683.952
-3765.028
-3903.873
-3991.9
-4056.388
-4127.644
0
0
0
0
0
-4290.441
-3552.319
-3041.21
-2636.134
-2283.929
-3765.045
-3903.905
-3991.994
-4056.672
-4128.493
0
0
0
0
0
-4689.668
-3963.996
-3465.586
-3073.893
-2737.349
-3765.057
-3903.928
-3992.059
-4056.866
-4129.071
0
0
0
0
0
-4958.486
-4248.178
-3761.229
-3399.81
-3149.261
-3765.065
-3903.94
-3992.092
-4056.965
-4129.379
0
0
0
0
0
-5117.393
-4425.785
-3946.73
-3631.96
-3361.043
-3765.067
-3903.942
-3992.094
-4056.966
-4129.365
0
0
0
0
0
-5172.594
-4483.215
-4063.161
-3702.921
-3440.597
-3765.063
-3903.933
-3992.063
-4056.869
-4129.07
0
0
0
0
0
-5116.341
-4423.758
-3968.419
-3669.13
-3416.344
-3765.055
-3903.914
-3992.001
-4056.676
-4128.49
0
0
0
0
0
-4960.294
-4245.344
-3790.77
-3457.065
-3246.5
-3765.042
-3903.886
-3991.91
-4056.393
-4127.639
0
0
0
0
0
-4593.02
-3944.987
-3462.843
-3120.705
-2840.314
-3765.026
-3903.85
-3991.796
-4056.04
-4126.578
0
0
0
0
0
-4260.607
-3410.782
-2989.319
-2627.805
-2357.069
-3765.007
-3903.811
-3991.676
-4055.675
-4125.482
0
0
0
0
0
-3120.207
-2905.554
-2324.292
-2012.523
-1726.463
-3764.987
-3903.778
-3991.582
-4055.396
-4124.655
0
0
0
0
0
-2793.099
-1919.671
-1835.888
-1406.191
-1158.662
-3764.978
-3903.755
-3991.521
-4055.216
-4124.125
0
0
0
0
0
-2229.168
-1656.51
-1067.982
-1028.339
-693.7214
-3765.014
-3903.746
-3991.485
-4055.112
-4123.82
0
0
0
0
0
-4587.315
-3885.622
-908.7523
-3098.571
-457.001
-3671.944
-3902.92
-3990.695
-4054.293
-4122.757
0
0
0
0
0
-4588.32
-3885.031
-3427.454
-3096.002
-2838.32
-3763.93
-3902.834
-3990.663
-4054.28
-4122.775
0
0
0
0
0
-4588.088
-3885.113
-3427.727
-3096.388
-2838.771
-3764.93
-3903.712
-3991.462
-4055.101
-4123.836
0
0
0
0
0
-4587.107
-3885.691
-3429.45
-3098.904
-2841.671
-3764.945
-3903.73
-3991.501
-4055.207
-4124.139
0
0
0
0
0
-2115.559
-1346.012
-3430.493
-3101.07
-2844.365
-3764.964
-3903.756
-3991.565
-4055.387
-4124.666
0
0
0
0
0
-2570.123
-1807.788
-1278.649
-858.9736
-493.2202
-3764.987
-3903.794
-3991.662
-4055.668
-4125.491
0
0
0
0
0
-3159.446
-2405.881
-1884.647
-1473.284
-1117.179
-3765.01
-3903.836
-3991.784
-4056.034
-4126.585
0
0
0
0
0
-3810.992
-3068.711
-2557.331
-2155.54
-1810.036
-3765.03
-3903.875
-3991.901
-4056.389
-4127.643
0
0
0
0
0
-4355.363
-3625.751
-3125.494
-2734.474
-2401.089
-3765.047
-3903.907
-3991.996
-4056.673
-4128.492
0
0
0
0
0
-4751.638
-4035.25
-3544.016
-3164.201
-2843.332
-3765.059
-3903.929
-3992.06
-4056.867
-4129.07
0
0
0
0
0
-5015.396
-4312.411
-3847.632
-3480.708
-3240.015
-3765.067
-3903.942
-3992.094
-4056.966
-4129.365
0
0
0
0
0
-5172.594
-4483.215
-4063.161
-3702.921
-3440.597
-3765.069
-3903.944
-3992.095
-4056.967
-4129.364
0
0
0
0
0
-5230.721
-4538.187
-4119.435
-3781.818
-3510.871
-3765.065
-3903.935
-3992.065
-4056.87
-4129.069
0
0
0
0
0
-5179.383
-4479.715
-4022.702
-3724.672
-3478.49
-3765.057
-3903.916
-3992.003
-4056.677
-4128.489
0
0
0
0
0
-4943.51
-4306.205
-3831.195
-3509.639
-3300.147
-3765.044
-3903.887
-3991.911
-4056.394
-4127.638
0
0
0
0
0
-4795.983
-3928.815
-3519.866
-3159.045
-2890.711
-3765.027
-3903.852
-3991.797
-4056.041
-4126.576
0
0
0
0
0
-3668.903
-3585.511
-2976.779
-2679.229
-2392.466
-3765.009
-3903.813
-3991.678
-4055.675
-4125.48
0
0
0
0
0
-3358.714
-2430.855
-2462.339
-2005.486
-1769.973
-3764.994
-3903.78
-3991.584
-4055.396
-4124.653
0
0
0
0
0
-2624.806
-2094.78
-1465.609
-1511.048
-1156.804
-3765.021
-3903.762
-3991.523
-4055.217
-4124.123
0
0
0
0
0
-2222.767
-1523.799
-1198.11
-734.5294
-774.7154
-3673.014
-3903.792
-3991.492
-4055.113
-4123.819
0
0
0
0
0
-2083.423
-3885.611
-3429.187
-573.464
-2841.27
-3807.806
-3816.547
-3990.738
-4054.298
-4122.755
0
0
0
0
0
-4588.332
-3885.021
-3427.431
-3095.971
-2838.284
-3763.932
-3902.836
-3990.665
-4054.281
-4122.775
0
0
0
0
0
-4588.113
-3885.117
-3427.717
-3096.364
-2838.72
-3764.932
-3903.713
-3991.463
-4055.102
-4123.836
0
0
0
0
0
-4587.131
-3885.696
-3429.441
-3098.887
-2841.644
-3764.947
-3903.732
-3991.503
-4055.208
-4124.138
0
0
0
0
0
-2170.2
-1410.117
-885.9355
-3101.055
-2844.346
-3764.966
-3903.758
-3991.567
-4055.388
-4124.666
0
0
0
0
0
-2625.123
-1871.392
-1353.602
-948.9862
-603.3485
-3764.989
-3903.795
-3991.664
-4055.668
-4125.491
0
0
0
0
0
-3216.194
-2470.722
-1960.169
-1562.662
-1225.069
-3765.012
-3903.837
-3991.786
-4056.035
-4126.584
0
0
0
0
0
-3869.438
-3134.866
-2633.219
-2244.042
-1915.378
-3765.032
-3903.877
-3991.903
-4056.389
-4127.642
0
0
0
0
0
-4413.525
-3690.826
-3199.287
-2819.412
-2500.477
-3765.049
-3903.909
-3991.997
-4056.674
-4128.491
0
0
0
0
0
-4806.601
-4097.302
-3620.785
-3243.182
-2934.588
-3765.061
-3903.931
-3992.062
-4056.868
-4129.071
0
0
0
0
0
-5069.839
-4369.315
-3911.698
-3606.334
-3319.229
-3765.069
-3903.944
-3992.095
-4056.967
-4129.364
0
0
0
0
0
-5230.721
-4538.187
-4119.435
-3781.818
-3510.87
-3765.071
-3903.946
-3992.097
-4056.968
-4129.364
0
0
0
0
0
-5294.519
-4631.548
-4173.349
-3837.871
-3581.586
-3765.067
-3903.937
-3992.066
-4056.87
-4129.068
0
0
0
0
0
-5159.507
-4542.595
-4115.304
-3777.882
-3533.421
-3765.059
-3903.918
-3992.004
-4056.678
-4128.488
0
0
0
0
0
-5164.966
-4291.981
-3892.211
-3549.833
-3351.537
-3765.046
-3903.889
-3991.913
-4056.394
-4127.636
0
0
0
0
0
-4114.002
-4132.36
-3503.468
-3216.453
-2929.414
-3765.029
-3903.853
-3991.798
-4056.041
-4126.575
0
0
0
0
0
-3979.832
-2991.749
-3152.562
-2666.381
-2444.422
-3765.014
-3903.815
-3991.679
-4055.676
-4125.479
0
0
0
0
0
-3141.1
-2670.211
-1984.362
-2144.823
-1762.708
-3765.028
-3903.786
-3991.585
-4055.397
-4124.651
0
0
0
0
0
-2616.533
-1925.889
-1641.979
-1136.854
-1262.975
-3673.027
-3903.802
-3991.529
-4055.218
-4124.121
0
0
0
0
0
-2363.771
-1517.36
-1064.488
-866.1498
-476.7968
-3808.736
-3817.496
-3991.532
-4055.118
-4123.817
0
0
0
0
0
-2169.004
-1374.584
-3429.164
-3098.51
-314.3586
-3915.822
-3912.868
-4054.336
-4122.758
0
0
0
0
0
-2065.13
-3885.011
-3427.407
-3095.94
-2838.248
-3763.934
-3902.838
-3990.666
-4054.282
-4122.774
0
0
0
0
0
-4588.135
-3885.121
-3427.709
-3096.348
-2838.694
-3764.934
-3903.715
-3991.465
-4055.103
-4123.835
0
0
0
0
0
-4587.154
-3885.699
-3429.432
-3098.872
-2841.627
-3764.949
-3903.734
-3991.504
-4055.208
-4124.138
0
0
0
0
0
-2217.662
-1464.913
-950.4182
-551.3297
-2844.331
-3764.968
-3903.76
-3991.568
-4055.389
-4124.665
0
0
0
0
0
-2673.464
-1926.541
-1417.566
-1024.595
-694.4189
-3764.991
-3903.797
-3991.665
-4055.669
-4125.49
0
0
0
0
0
-3266.492
-2527.606
-2025.346
-1638.835
-1315.464
-3765.014
-3903.839
-3991.787
-4056.036
-4126.583
0
0
0
0
0
-3922.024
-3193.447
-2699.705
-2320.527
-2004.837
-3765.034
-3903.879
-3991.904
-4056.391
-4127.641
0
0
0
0
0
-4465.132
-3749.1
-3264.691
-2893.762
-2586.304
-3765.051
-3903.91
-3991.999
-4056.675
-4128.492
0
0
0
0
0
-4859.156
-4152.328
-3682.954
-3340.071
-3014.382
-3765.063
-3903.933
-3992.063
-4056.869
-4129.07
0
0
0
0
0
-5116.341
-4423.758
-3968.419
-3669.128
-3416.342
-3765.071
-3903.946
-3992.097
-4056.968
-4129.364
0
0
0
0
0
-5294.517
-4631.548
-4173.349
-3837.871
-3581.586
-3765.073
-3903.947
-3992.099
-4056.968
-4129.362
0
0
0
0
0
-5329.982
-4694.434
-4228.843
-3891.593
-3637.229
-3765.069
-3903.938
-3992.067
-4056.871
-4129.067
0
0
0
0
0
-5391.602
-4522.315
-4177.353
-3833.283
-3586.094
-3765.06
-3903.919
-3992.005
-4056.678
-4128.486
0
0
0
0
0
-4426.35
-4513.971
-3888.211
-3610.862
-3390.518
-3765.047
-3903.891
-3991.914
-4056.395
-4127.634
0
0
0
0
0
-4480.784
-3448.081
-3708.214
-3199.726
-2987.445
-3765.033
-3903.855
-3991.8
-4056.042
-4126.573
0
0
0
0
0
-3705.228
-3303.779
-2554.652
-2843.786
-2431.279
-3765.038
-3903.82
-3991.68
-4055.676
-4125.477
0
0
0
0
0
-3130.896
-2451.842
-2225.448
-1661.839
-1903.798
-3673.043
-3903.818
-3991.59
-4055.398
-4124.65
0
0
0
0
0
-2791.812
-1917.554
-1471.907
-1315.152
-883.5639
-3808.262
-3817.513
-3991.565
-4055.222
-4124.12
0
0
0
0
0
-2462.523
-1658.84
-1057.999
-731.1472
-610.4277
-3916.683
-3913.73
-4055.154
-4123.819
0
0
0
0
0
-2211.447
-1460.447
-912.761
-3098.479
-2841.198
-4001.792
-3985.56
-4122.786
0
0
0
0
0
-2089.111
-1354.656
-3427.382
-3095.907
-2838.211
-3763.936
-3902.84
-3990.668
-4054.283
-4122.774
0
0
0
0
0
-4588.156
-3885.123
-3427.7
-3096.333
-2838.677
-3764.936
-3903.717
-3991.466
-4055.104
-4123.835
0
0
0
0
0
-4587.174
-3885.7
-3429.423
-3098.858
-2841.611
-3764.951
-3903.736
-3991.506
-4055.209
-4124.137
0
0
0
0
0
-2259.424
-1512.507
-1005.534
-616.3921
-292.0196
-3764.97
-3903.762
-3991.57
-4055.39
-4124.664
0
0
0
0
0
-2716.383
-1975.009
-1473.024
-1089.112
-770.9059
-3764.993
-3903.799
-3991.667
-4055.67
-4125.489
0
0
0
0
0
-3311.785
-2578.021
-2082.515
-1704.523
-1392.505
-3765.016
-3903.841
-3991.789
-4056.037
-4126.582
0
0
0
0
0
-3968.754
-3246.15
-2758.572
-2387.522
-2082.134
-3765.036
-3903.88
-3991.906
-4056.391
-4127.642
0
0
0
0
0
-4514.426
-3800.8
-3323.213
-2959.681
-2661.413
-3765.053
-3903.912
-3992
-4056.676
-4128.491
0
0
0
0
0
-4899.522
-4204.946
-3738.066
-3402.106
-3185.867
-3765.065
-3903.935
-3992.065
-4056.87
-4129.069
0
0
0
0
0
-5179.379
-4479.714
-4022.702
-3724.672
-3478.488
-3765.073
-3903.947
-3992.099
-4056.968
-4129.362
0
0
0
0
0
-5329.982
-4694.432
-4228.843
-3891.593
-3637.23
-3765.074
-3903.949
-3992.101
-4056.973
-4129.361
0
0
0
0
0
-5565.415
-4688.523
-4291.68
-3936.793
-3690.603
-3765.071
-3903.94
-3992.069
-4056.871
-4129.065
0
0
0
0
0
-4621.968
-4754.761
-4155.838
-3895.292
-3633.374
-3765.062
-3903.921
-3992.007
-4056.678
-4128.485
0
0
0
0
0
-4826.211
-3772.943
-4111.155
-3645.973
-3450.712
-3765.05
-3903.892
-3991.915
-4056.395
-4127.633
0
0
0
0
0
-4158.606
-3816.133
-3019.284
-3406.318
-2970.372
-3765.048
-3903.859
-3991.801
-4056.042
-4126.571
0
0
0
0
0
-3693.423
-3028.207
-2868.931
-2239.542
-2610.973
-3673.066
-3903.843
-3991.684
-4055.677
-4125.475
0
0
0
0
0
-3352.839
-2441.568
-2005.573
-1905.572
-1414.134
-3673.185
-3817.538
-3991.619
-4055.401
-4124.648
0
0
0
0
0
-2911.414
-2093.4
-1463.469
-1143.28
-1064.478
-3915.633
-3913.769
-4055.254
-4124.122
0
0
0
0
0
-2510.511
-1757.895
-1200.456
-724.5913
-473.5816
-4002.576
-3986.435
-4123.846
0
0
0
0
0
-2237.205
-1503.016
-999.2126
-577.5467
-2841.161
-4069.823
-4067.04
0
0
0
0
0
-2095.827
-1378.698
-891.7483
-3095.873
-2838.173
-3763.938
-3902.842
-3990.669
-4054.284
-4122.773
0
0
0
0
0
-4588.174
-3885.124
-3427.69
-3096.318
-2838.661
-3764.938
-3903.719
-3991.468
-4055.105
-4123.834
0
0
0
0
0
-4587.193
-3885.701
-3429.412
-3098.842
-2841.596
-3764.953
-3903.737
-3991.507
-4055.21
-4124.136
0
0
0
0
0
-2296.541
-1554.382
-1053.403
-671.9993
-357.8592
-3764.972
-3903.764
-3991.571
-4055.391
-4124.663
0
0
0
0
0
-2755.065
-2018.039
-1521.762
-1145.048
-836.1664
-3764.995
-3903.801
-3991.668
-4055.671
-4125.488
0
0
0
0
0
-3352.113
-2623.414
-2133.176
-1762.13
-1458.892
-3765.018
-3903.843
-3991.79
-4056.038
-4126.582
0
0
0
0
0
-4013.307
-3292.979
-2811.527
-2446.827
-2149.825
-3765.038
-3903.882
-3991.907
-4056.392
-4127.641
0
0
0
0
0
-4552.402
-3850.182
-3375.118
-3018.589
-2728.044
-3765.055
-3903.914
-3992.001
-4056.676
-4128.49
0
0
0
0
0
-4960.288
-4245.342
-3790.77
-3457.065
-3246.498
-3765.067
-3903.937
-3992.066
-4056.87
-4129.068
0
0
0
0
0
-5159.51
-4542.59
-4115.303
-3777.882
-3533.421
-3765.074
-3903.949
-3992.101
-4056.973
-4129.361
0
0
0
0
0
-5565.415
-4688.524
-4291.678
-3936.793
-3690.603
-3765.076
-3903.951
-3992.102
-4056.973
-4129.375
0
0
0
0
0
-4782.221
-4924.426
-4274.064
-3999.808
-3733.115
-3765.072
-3903.942
-3992.07
-4056.873
-4129.063
0
0
0
0
0
-5041.665
-3982.667
-4388.502
-3873.005
-3695.275
-3765.064
-3903.922
-3992.008
-4056.679
-4128.483
0
0
0
0
0
-4470.54
-4171.556
-3365.218
-3869.679
-3456.744
-3765.058
-3903.895
-3991.916
-4056.396
-4127.631
0
0
0
0
0
-4147.293
-3492.851
-3389.93
-2710.276
-3179.546
-3673.088
-3903.872
-3991.804
-4056.043
-4126.569
0
0
0
0
0
-3967.195
-3016.304
-2591.417
-2557.273
-1998.382
-3673.052
-3817.574
-3991.705
-4055.68
-4125.473
0
0
0
0
0
-3499.704
-2664.23
-1995.181
-1683.399
-1661.448
-3817.622
-3913.831
-4055.426
-4124.649
0
0
0
0
0
-2968.339
-2213.368
-1640.475
-1134.685
-890.2236
-3998.696
-3986.54
-4124.144
0
0
0
0
0
-2539.627
-1806.006
-1300.138
-868.5503
-466.942
-4070.614
-4068.149
0
0
0
0
0
-2243.62
-1528.844
-1042.063
-664.907
-318.5603
-4143.072
0
0
0
0
0
-2123.874
-1385.415
-915.9429
-555.9254
-2838.134
-3763.94
-3902.843
-3990.67
-4054.284
-4122.772
0
0
0
0
0
-4588.192
-3885.124
-3427.679
-3096.303
-2838.645
-3764.94
-3903.721
-3991.469
-4055.105
-4123.833
0
0
0
0
0
-4587.211
-3885.7
-3429.401
-3098.826
-2841.579
-3764.955
-3903.739
-3991.509
-4055.211
-4124.135
0
0
0
0
0
-2329.999
-1591.598
-1095.518
-720.292
-414.1255
-3764.973
-3903.765
-3991.573
-4055.392
-4124.662
0
0
0
0
0
-2789.609
-2056.82
-1565.029
-1194.2
-892.7414
-3764.997
-3903.803
-3991.669
-4055.672
-4125.488
0
0
0
0
0
-3390.407
-2663.828
-2178.787
-1813.168
-1517.099
-3765.02
-3903.845
-3991.792
-4056.039
-4126.581
0
0
0
0
0
-4047.973
-3337.628
-2858.573
-2500.17
-2209.734
-3765.04
-3903.884
-3991.909
-4056.393
-4127.64
0
0
0
0
0
-4609.065
-3888.208
-3424.696
-3070.819
-2787.557
-3765.057
-3903.916
-3992.003
-4056.677
-4128.489
0
0
0
0
0
-4943.514
-4306.199
-3831.194
-3509.639
-3300.147
-3765.069
-3903.938
-3992.067
-4056.871
-4129.067
0
0
0
0
0
-5391.599
-4522.318
-4177.347
-3833.281
-3586.093
-3765.076
-3903.951
-3992.102
-4056.973
-4129.375
0
0
0
0
0
-4782.182
-4924.426
-4274.064
-3999.806
-3733.115
-3765.078
-3903.952
-3992.103
-4056.974
-4129.373
0
0
0
0
0
-5155.111
-4138.74
-4511.211
-3978.421
-3796.076
-3765.074
-3903.943
-3992.071
-4056.873
-4129.066
0
0
0
0
0
-4666.283
-4404.286
-3611.346
-4107.224
-3671.907
-3765.072
-3903.925
-3992.009
-4056.679
-4128.48
0
0
0
0
0
-4458.653
-3814.688
-3756.479
-3116.178
-3682.26
-3673.414
-3903.903
-3991.918
-4056.395
-4127.629
0
0
0
0
0
-4461.913
-3481.444
-3064.422
-3084.904
-2474.134
-3673.074
-3817.615
-3991.816
-4056.045
-4126.567
0
0
0
0
0
-4143.874
-3290.946
-2579.338
-2276.799
-2320.875
-3817.563
-3913.927
-4055.697
-4125.474
0
0
0
0
0
-3567.98
-2811.517
-2219.311
-1672.826
-1436.224
-3913.893
-3986.72
-4124.666
0
0
0
0
0
-3003.13
-2270.441
-1761.197
-1313.464
-881.4505
-4055.954
-4068.452
0
0
0
0
0
-2546.031
-1835.179
-1348.518
-969.1907
-612.9219
-4144.083
0
0
0
0
0
-2275.423
-1535.237
-1068.058
-708.1958
-407.1453
0
0
0
0
0
-4588.38
-1413.53
-922.6903
-580.3635
-296.8547
-3763.942
-3902.845
-3990.672
-4054.285
-4122.772
0
0
0
0
0
-4588.208
-3885.122
-3427.668
-3096.287
-2838.629
-3764.942
-3903.722
-3991.471
-4055.106
-4123.832
0
0
0
0
0
-2052.565
-3885.698
-3429.388
-3098.808
-2841.561
-3764.957
-3903.741
-3991.51
-4055.212
-4124.134
0
0
0
0
0
-2359.939
-1625.143
-1132.944
-762.7766
-462.9871
-3764.975
-3903.767
-3991.574
-4055.392
-4124.662
0
0
0
0
0
-2822.269
-2091.449
-1604.021
-1237.834
-942.4517
-3764.999
-3903.804
-3991.671
-4055.673
-4125.487
0
0
0
0
0
-3420.691
-2702.202
-2219.386
-1859.11
-1568.658
-3765.022
-3903.846
-3991.793
-4056.039
-4126.58
0
0
0
0
0
-4098.608
-3372.355
-2903.428
-2547.548
-2263.612
-3765.042
-3903.886
-3991.91
-4056.393
-4127.639
0
0
0
0
0
-4593.026
-3944.981
-3462.842
-3120.705
-2840.315
-3765.058
-3903.918
-3992.004
-4056.678
-4128.487
0
0
0
0
0
-5164.963
-4291.985
-3892.204
-3549.832
-3351.537
-3765.071
-3903.94
-3992.069
-4056.871
-4129.065
0
0
0
0
0
-4621.867
-4754.759
-4155.84
-3895.286
-3633.373
-3765.078
-3903.952
-3992.103
-4056.974
-4129.373
0
0
0
0
0
-5155.123
-4138.701
-4511.211
-3978.422
-3796.073
-3765.08
-3903.954
-3992.104
-4056.974
-4129.371
0
0
0
0
0
-4770.987
-4554.414
-3720.481
-4217.428
-3772.791
-3765.08
-3903.945
-3992.073
-4056.873
-4129.063
0
0
0
0
0
-4652.67
-4027.836
-4037.929
-3322.375
-3908.149
-3764.812
-3903.932
-3992.01
-4056.679
-4128.478
0
0
0
0
0
-4801.4
-3802.676
-3397.246
-3473.505
-2918.829
-3673.093
-3817.899
-3991.925
-4056.397
-4127.625
0
0
0
0
0
-4660.918
-3797.01
-3052.847
-2755.996
-2854.244
-3817.604
-3914.049
-4056.054
-4126.567
0
0
0
0
0
-4224.542
-3468.138
-2855.764
-2264.462
-2036.579
-3913.918
-3987
-4125.484
0
0
0
0
0
-3609.91
-2879.948
-2367.471
-1899.202
-1425.441
-3986.765
-4068.981
0
0
0
0
0
-3009.408
-2305.304
-1818.589
-1435.337
-1062.637
-4089.026
0
0
0
0
0
-2586.211
-1841.56
-1377.827
-1017.982
-714.8794
0
0
0
0
0
-2130.898
-1567.107
-1074.432
-734.458
-451.0286
0
0
0
0
-4588.393
-3884.908
-950.9654
-587.1692
-321.6262
-3763.944
-3902.847
-3990.673
-4054.286
-4122.771
0
0
0
0
0
-4588.224
-3885.12
-3427.655
-3096.269
-2838.611
-3764.944
-3903.724
-3991.472
-4055.107
-4123.832
0
0
0
0
0
-2079.454
-1343.801
-3429.375
-3098.79
-2841.541
-3764.959
-3903.743
-3991.511
-4055.213
-4124.134
0
0
0
0
0
-2388.12
-1655.159
-1166.679
-800.5304
-505.9693
-3764.977
-3903.769
-3991.576
-4055.393
-4124.661
0
0
0
0
0
-2848.626
-2124.19
-1638.838
-1277.155
-986.5773
-3765.001
-3903.806
-3991.672
-4055.673
-4125.486
0
0
0
0
0
-3463.135
-2732.539
-2257.936
-1899.994
-1615.061
-3765.024
-3903.848
-3991.794
-4056.04
-4126.579
0
0
0
0
0
-4086.399
-3423.111
-2938.296
-2592.72
-2311.453
-3765.044
-3903.887
-3991.911
-4056.394
-4127.638
0
0
0
0
0
-4795.98
-3928.82
-3519.859
-3159.044
-2890.711
-3765.06
-3903.919
-3992.005
-4056.678
-4128.486
0
0
0
0
0
-4426.198
-4513.968
-3888.214
-3610.854
-3390.516
-3765.072
-3903.942
-3992.07
-4056.873
-4129.063
0
0
0
0
0
-5041.701
-3982.563
-4388.501
-3873.006
-3695.269
-3765.08
-3903.954
-3992.104
-4056.974
-4129.371
0
0
0
0
0
-4771.029
-4554.426
-3720.441
-4217.428
-3772.791
-3765.084
-3903.956
-3992.105
-4056.974
-4129.368
0
0
0
0
0
-4756.213
-4169.704
-4150.525
-3418.968
-4013.919
-3765.111
-3903.95
-3992.073
-4056.877
-4129.06
0
0
0
0
0
-5012.589
-4014.056
-3659.681
-3754.273
-3113.162
-3673.112
-3903.73
-3992.017
-4056.679
-4128.474
0
0
0
0
0
-5015.273
-4146.418
-3385.019
-3110.926
-3311.717
-3817.642
-3914.368
-4056.401
-4127.624
0
0
0
0
0
-4750.265
-3996.541
-3370.39
-2744.196
-2520.935
-3914.04
-3987.366
-4126.57
0
0
0
0
0
-4274.097
-3549.001
-3034.016
-2543.632
-2024.042
-3986.993
-4069.807
0
0
0
0
0
-3615.45
-2921.944
-2436.234
-2048.708
-1654.861
-4069.002
0
0
0
0
0
-3063.016
-2311.557
-1853.618
-1493.217
-1186.085
0
0
0
0
0
-2415.955
-1881.833
-1384.186
-1047.499
-764.2548
0
0
0
0
-4587.384
-1422.028
-1106.458
-740.8049
-477.6525
0
0
0
-4588.307
-3884.874
-3427.135
-615.6968
-328.5169
-3763.946
-3902.849
-3990.675
-4054.287
-4122.77
0
0
0
0
0
-4588.239
-3885.117
-3427.642
-3096.25
-2838.591
-3764.946
-3903.726
-3991.473
-4055.108
-4123.831
0
0
0
0
0
-2104.674
-1370.759
-881.8962
-3098.77
-2841.521
-3764.961
-3903.744
-3991.513
-4055.213
-4124.133
0
0
0
0
0
-2411.251
-1683.411
-1196.862
-834.5588
-544.1634
-3764.979
-3903.771
-3991.577
-4055.394
-4124.66
0
0
0
0
0
-2883.792
-2150.606
-1671.756
-1312.263
-1026.341
-3765.003
-3903.808
-3991.674
-4055.674
-4125.485
0
0
0
0
0
-3456.488
-2775.078
-2288.395
-1938.812
-1656.345
-3765.025
-3903.85
-3991.796
-4056.04
-4126.578
0
0
0
0
0
-4260.609
-3410.79
-2989.316
-2627.805
-2357.07
-3765.046
-3903.889
-3991.913
-4056.394
-4127.636
0
0
0
0
0
-4113.825
-4132.358
-3503.474
-3216.446
-2929.413
-3765.062
-3903.921
-3992.007
-4056.678
-4128.485
0
0
0
0
0
-4826.27
-3772.789
-4111.152
-3645.975
-3450.703
-3765.074
-3903.943
-3992.071
-4056.873
-4129.066
0
0
0
0
0
-4666.405
-4404.321
-3611.233
-4107.223
-3671.908
-3765.084
-3903.956
-3992.105
-4056.974
-4129.368
0
0
0
0
0
-4757.529
-4169.747
-4150.538
-3418.927
-4013.919
-3765.11
-3903.96
-3992.106
-4056.973
-4129.364
0
0
0
0
0
-5123.856
-4154.661
-3763.468
-3857.066
-3205.247
-3673.122
-3903.98
-3992.078
-4056.872
-4129.072
0
0
0
0
0
-5235.283
-4374.889
-3645.539
-3372.586
-3552.608
-3817.675
-3991.852
-4056.688
-4128.473
0
0
0
0
0
-5111.836
-4360.826
-3730.823
-3098.472
-2945.402
-3914.157
-3987.894
-4127.623
0
0
0
0
0
-4805.773
-4086.059
-3571.044
-3064.907
-2508.974
-3987.359
-4070.899
0
0
0
0
0
-4278.655
-3598.604
-3115.291
-2723.517
-2307.033
-4069.801
0
0
0
0
0
-3686.455
-2927.426
-2478.386
-2117.993
-1806.323
0
0
0
0
0
-2852.407
-2365.31
-1859.844
-1528.503
-1244.652
0
0
0
0
-2233.674
-1710.941
-1424.666
-1053.826
-794.086
0
0
0
-4587.291
-3885.406
-960.2978
-773.071
-483.9994
0
0
-4588.551
-3884.741
-3427.036
-3095.459
-357.4033
-3763.948
-3902.85
-3990.676
-4054.288
-4122.769
0
0
0
0
0
-4588.253
-3885.113
-3427.627
-3096.231
-2838.57
-3764.948
-3903.728
-3991.475
-4055.109
-4123.83
0
0
0
0
0
-2125.636
-1396.044
-909.0095
-546.4647
-2841.498
-3764.963
-3903.746
-3991.514
-4055.214
-4124.132
0
0
0
0
0
-2440.763
-1706.596
-1225.272
-865.0036
-578.5878
-3764.981
-3903.772
-3991.578
-4055.394
-4124.659
0
0
0
0
0
-2882.086
-2185.862
-1698.309
-1345.459
-1061.842
-3765.005
-3903.809
-3991.675
-4055.674
-4125.484
0
0
0
0
0
-3593.279
-2768.361
-2331.141
-1969.46
-1695.543
-3765.027
-3903.852
-3991.797
-4056.041
-4126.576
0
0
0
0
0
-3668.733
-3585.513
-2976.786
-2679.225
-2392.466
-3765.047
-3903.891
-3991.914
-4056.395
-4127.634
0
0
0
0
0
-4480.861
-3447.902
-3708.212
-3199.731
-2987.437
-3765.064
-3903.922
-3992.008
-4056.679
-4128.483
0
0
0
0
0
-4470.731
-4171.614
-3365.058
-3869.679
-3456.745
-3765.08
-3903.945
-3992.073
-4056.873
-4129.063
0
0
0
0
0
-4656.411
-4027.959
-4037.967
-3322.257
-3908.149
-3765.11
-3903.96
-3992.106
-4056.973
-4129.364
0
0
0
0
0
-5124.372
-4155.982
-3763.512
-3857.079
-3205.203
-3673.128
-3903.984
-3992.109
-4056.974
-4129.36
0
0
0
0
0
-5350.393
-4522.895
-3748.157
-3466.376
-3651.686
-3817.696
-3992.104
-4056.879
-4129.051
0
0
0
0
0
-5333.263
-4597.981
-4008.059
-3358.19
-3166.551
-3914.252
-4056.541
-4128.491
0
0
0
0
0
-5170.775
-4460.248
-3946.345
-3447.47
-2932.626
-3987.718
-4072.108
0
0
0
0
0
-4809.915
-4141.626
-3660.964
-3267.422
-2834.033
-4070.894
0
0
0
0
0
-4368.836
-3603.06
-3165.047
-2805.412
-2489.253
0
0
0
0
0
-3423.216
-2998.59
-2483.78
-2160.396
-1876.466
0
0
0
0
-2627.75
-2153.913
-1913.911
-1534.689
-1280.316
0
0
0
-2092.422
-1527.963
-1252.531
-1094.624
-800.4075
0
0
-4587.55
-3885.268
-3428.656
-625.2659
-516.6246
0
-4587.919
-3884.944
-3426.835
-3095.266
-2837.58
-3763.95
-3902.852
-3990.678
-4054.288
-4122.768
0
0
0
0
0
-4588.267
-3885.109
-3427.612
-3096.209
-2838.548
-3764.95
-3903.729
-3991.476
-4055.109
-4123.829
0
0
0
0
0
-2151.475
-1417.056
-934.4394
-573.8196
-2841.475
-3764.965
-3903.748
-3991.516
-4055.214
-4124.131
0
0
0
0
0
-2442.052
-1736.184
-1248.583
-893.661
-609.3857
-3764.983
-3903.774
-3991.58
-4055.395
-4124.658
0
0
0
0
0
-2985.053
-2184.13
-1733.765
-1372.228
-1095.413
-3765.007
-3903.811
-3991.676
-4055.675
-4125.482
0
0
0
0
0
-3120.07
-2905.564
-2324.301
-2012.522
-1726.463
-3765.029
-3903.853
-3991.798
-4056.041
-4126.575
0
0
0
0
0
-3979.913
-2991.577
-3152.565
-2666.388
-2444.417
-3765.05
-3903.892
-3991.915
-4056.395
-4127.633
0
0
0
0
0
-4158.847
-3816.209
-3019.101
-3406.316
-2970.377
-3765.072
-3903.925
-3992.009
-4056.679
-4128.48
0
0
0
0
0
-4464.225
-3814.879
-3756.537
-3116.003
-3682.261
-3765.111
-3903.95
-3992.073
-4056.877
-4129.06
0
0
0
0
0
-5014.057
-4017.811
-3659.806
-3754.311
-3113.037
-3673.128
-3903.984
-3992.109
-4056.974
-4129.36
0
0
0
0
0
-5350.508
-4523.413
-3749.487
-3466.419
-3651.699
-3817.707
-3992.13
-4056.974
-4129.36
0
0
0
0
0
-5505.373
-4749.4
-4118.471
-3450.82
-3256.524
-3914.315
-4056.895
-4129.064
0
0
0
0
0
-5393.853
-4695.942
-4231.714
-3723.996
-3151.905
-3988.002
-4128.341
0
0
0
0
0
-5174.182
-4519.184
-4056.624
-3664.702
-3285.56
-4071.973
0
0
0
0
0
-4914.103
-4145.664
-3716.71
-3358.111
-3039.147
0
0
0
0
0
-4049.679
-3693.419
-3169.355
-2855.557
-2572.139
0
0
0
0
-3141.986
-2734.401
-2555.288
-2165.668
-1919.371
0
0
0
-2460.27
-1928.39
-1700.965
-1589.231
-1286.485
0
0
-4583.681
-1386.203
-1068.177
-920.5965
-841.668
0
-4586.905
-3885.479
-3428.45
-3097.577
-366.6539
-2057.19
-3884.375
-3426.993
-3094.957
-2837.303
-3763.952
-3902.854
-3990.679
-4054.289
-4122.767
0
0
0
0
0
-4588.28
-3885.103
-3427.596
-3096.188
-2838.524
-3764.952
-3903.731
-3991.478
-4055.11
-4123.828
0
0
0
0
0
-2154.533
-1442.962
-955.5678
-599.4771
-314.8135
-3764.966
-3903.75
-3991.517
-4055.215
-4124.129
0
0
0
0
0
-2520.445
-1737.452
-1278.342
-917.1687
-638.3775
-3764.985
-3903.776
-3991.581
-4055.395
-4124.656
0
0
0
0
0
-2618.504
-2287.404
-1732.003
-1407.995
-1122.474
-3765.009
-3903.813
-3991.678
-4055.675
-4125.48
0
0
0
0
0
-3358.784
-2430.718
-2462.349
-2005.494
-1769.971
-3765.033
-3903.855
-3991.8
-4056.042
-4126.573
0
0
0
0
0
-3705.504
-3303.859
-2554.478
-2843.789
-2431.286
-3765.058
-3903.895
-3991.916
-4056.396
-4127.631
0
0
0
0
0
-4153.784
-3493.094
-3390.006
-2710.089
-3179.545
-3764.812
-3903.932
-3992.01
-4056.679
-4128.477
0
0
0
0
0
-4803.59
-3808.267
-3397.438
-3473.564
-2918.642
-3673.122
-3903.98
-3992.078
-4056.872
-4129.071
0
0
0
0
0
-5235.612
-4376.361
-3649.321
-3372.713
-3552.648
-3817.707
-3992.13
-4056.974
-4129.36
0
0
0
0
0
-5505.402
-4749.515
-4118.992
-3452.164
-3256.568
-3914.347
-4056.987
-4129.352
0
0
0
0
0
-5565.84
-4863.798
-4346.007
-3824.571
-3240.702
-3988.194
-4129.059
0
0
0
0
0
-5412.921
-4756.384
-4329.412
-3949.369
-3522.138
-4072.817
0
0
0
0
0
-5287.082
-4522.405
-4115.581
-3815.146
-3504.625
0
0
0
0
0
-4556.631
-4250.023
-3720.596
-3414.283
-3130.961
0
0
0
0
-3704.985
-3373.096
-3260.134
-2859.799
-2622.931
0
0
0
-2940.248
-2452.124
-2289.219
-2237.716
-1924.651
0
0
-2350.807
-1760.305
-1473.721
-1373.936
-1341.635
0
-4582.959
-3884.532
-925.4571
-734.1414
-665.1444
-2194.894
-3884.904
-3428.613
-3097.264
-2839.917
-1346.376
-3426.319
-3095.073
-2836.889
-3763.954
-3902.856
-3990.68
-4054.29
-4122.766
0
0
0
0
0
-4588.294
-3885.097
-3427.578
-3096.164
-2838.499
-3764.954
-3903.733
-3991.479
-4055.11
-4123.827
0
0
0
0
0
-2217.415
-1446.007
-981.6265
-620.7905
-340.7793
-3764.968
-3903.751
-3991.518
-4055.216
-4124.128
0
0
0
0
0
-2232.658
-1816.091
-1279.587
-947.1964
-662.1531
-3764.987
-3903.778
-3991.582
-4055.396
-4124.655
0
0
0
0
0
-2793.155
-1919.565
-1835.908
-1406.2
-1158.662
-3765.014
-3903.815
-3991.679
-4055.676
-4125.479
0
0
0
0
0
-3141.394
-2670.282
-1984.222
-2144.834
-1762.716
-3765.048
-3903.859
-3991.801
-4056.042
-4126.571
0
0
0
0
0
-3699.774
-3028.483
-2869.012
-2239.364
-2610.976
-3673.414
-3903.903
-3991.918
-4056.395
-4127.629
0
0
0
0
0
-4464.487
-3487.959
-3064.666
-3084.979
-2473.942
-3673.112
-3903.73
-3992.017
-4056.679
-4128.474
0
0
0
0
0
-5015.771
-4148.614
-3390.65
-3111.12
-3311.781
-3817.696
-3992.104
-4056.879
-4129.051
0
0
0
0
0
-5333.346
-4598.31
-4009.541
-3362.012
-3166.68
-3914.347
-4056.987
-4129.352
0
0
0
0
0
-5565.847
-4863.827
-4346.122
-3825.098
-3242.066
-3988.291
-4129.346
0
0
0
0
0
-5568.04
-4924.187
-4449.541
-4053.968
-3618.973
-4073.392
0
0
0
0
0
-5529.614
-4810.516
-4389.441
-4047.578
-3749.816
0
0
0
0
0
-4909.5
-4635.438
-4118.52
-3873.821
-3628.055
0
0
0
0
-4162.379
-3891.234
-3825.527
-3418.094
-3187.826
0
0
0
-3465.225
-3027.078
-2937.525
-2951.383
-2627.217
0
0
-2784.161
-2249.649
-2004.843
-1968.795
-1997.595
0
-2244.287
-1650.213
-1304.481
-1144.079
-1123.38
-2475.928
-3883.845
-3429.442
-589.9668
-475.9104
-1486.035
-3427.935
-3097.385
-2839.497
-882.6959
-3094.147
-2836.99
-3763.955
-3902.857
-3990.682
-4054.29
-4122.765
0
0
0
0
0
-2069.562
-3885.091
-3427.56
-3096.14
-2838.472
-3764.955
-3903.735
-3991.48
-4055.111
-4123.825
0
0
0
0
0
-4587.322
-1509.087
-984.6663
-647.0896
-362.3442
-3764.971
-3903.753
-3991.52
-4055.216
-4124.126
0
0
0
0
0
-2361.456
-1527.284
-1358.738
-948.4147
-692.5439
-3764.994
-3903.78
-3991.584
-4055.396
-4124.653
0
0
0
0
0
-2625.103
-2094.836
-1465.502
-1511.068
-1156.813
-3765.038
-3903.82
-3991.68
-4055.676
-4125.477
0
0
0
0
0
-3136.259
-2452.136
-2225.519
-1661.696
-1903.809
-3673.088
-3903.872
-3991.804
-4056.043
-4126.569
0
0
0
0
0
-3969.764
-3022.679
-2591.695
-2557.355
-1998.199
-3673.093
-3817.899
-3991.925
-4056.397
-4127.625
0
0
0
0
0
-4661.515
-3799.591
-3059.41
-2756.242
-2854.32
-3817.675
-3991.852
-4056.688
-4128.473
0
0
0
0
0
-5111.962
-4361.324
-3733.034
-3104.166
-2945.602
-3914.315
-4056.895
-4129.064
0
0
0
0
0
-5393.872
-4696.025
-4232.046
-3725.493
-3155.782
-3988.291
-4129.346
0
0
0
0
0
-5568.039
-4924.194
-4449.57
-4054.084
-3619.506
-4073.68
0
0
0
0
0
-5685.897
-4926.135
-4510.154
-4155.003
-3850.726
0
0
0
0
0
-5144.552
-4926.835
-4406.048
-4107.841
-3848.703
0
0
0
0
-4484.403
-4256.625
-4231.953
-3876.02
-3686.884
0
0
0
-3890.007
-3495.588
-3464.347
-3524.011
-3191.672
0
0
-3258.812
-2786.43
-2588.905
-2625.455
-2720.01
0
-2658.635
-2092.67
-1800.977
-1681.19
-1725.046
-2906.322
-1543.511
-1193.062
-973.1009
-890.2088
-1770.862
-3428.548
-3099.115
-329.8333
-1024.125
-3096.449
-2839.607
-545.6667
-2835.787
-3763.957
-3902.859
-3990.683
-4054.291
-4122.763
0
0
0
0
0
-4588.313
-1359.186
-3427.541
-3096.114
-2838.445
-3764.958
-3903.736
-3991.482
-4055.111
-4123.824
0
0
0
0
0
-2079.457
-3885.655
-1048.162
-650.1284
-388.9693
-3764.978
-3903.755
-3991.521
-4055.216
-4124.125
0
0
0
0
0
-2229.459
-1656.555
-1067.912
-1028.354
-693.7302
-3765.028
-3903.786
-3991.585
-4055.397
-4124.651
0
0
0
0
0
-2620.816
-1926.186
-1642.035
-1136.745
-1262.996
-3673.066
-3903.843
-3991.684
-4055.677
-4125.475
0
0
0
0
0
-3355.083
-2446.951
-2005.87
-1905.644
-1413.988
-3673.074
-3817.615
-3991.816
-4056.045
-4126.567
0
0
0
0
0
-4144.485
-3293.523
-2585.759
-2277.08
-2320.958
-3817.642
-3914.368
-4056.401
-4127.624
0
0
0
0
0
-4750.417
-3997.139
-3372.988
-2750.832
-2521.184
-3914.252
-4056.541
-4128.491
0
0
0
0
0
-5170.803
-4460.374
-3946.845
-3449.702
-2938.402
-3988.194
-4129.059
0
0
0
0
0
-5412.919
-4756.403
-4329.495
-3949.703
-3523.654
-4073.68
0
0
0
0
0
-5685.901
-4926.134
-4510.161
-4155.032
-3850.844
0
0
0
0
0
-5298.547
-5044.162
-4511.949
-4216.027
-3951.636
0
0
0
0
-4756.99
-4540.206
-4522.862
-4114.175
-3909.249
0
0
0
-4188.709
-3829.925
-3850.728
-3989.719
-3688.599
0
0
-3656.621
-3222.355
-3066.002
-3159.329
-3298.984
0
-3111.99
-2578.845
-2346.751
-2273.029
-2389.807
-3475.754
-1966.825
-1642.151
-1475.393
-1433.317
-2207.632
-1085.866
-859.6384
-717.1096
-1312.129
-3097.819
-2841.664
-688.7567
-2838.387
-285.0652
-3763.96
-3902.861
-3990.684
-4054.291
-4122.762
0
0
0
0
0
-4588.301
-3885.074
-896.2993
-3096.088
-2838.415
-3764.966
-3903.739
-3991.483
-4055.112
-4123.822
0
0
0
0
0
-4587.308
-1370.641
-3429.234
-714.2654
-392.0107
-3765.021
-3903.762
-3991.523
-4055.217
-4124.123
0
0
0
0
0
-2226.208
-1524.092
-1198.155
-734.4574
-774.7307
-3673.043
-3903.818
-3991.59
-4055.398
-4124.649
0
0
0
0
0
-2793.674
-1921.852
-1472.207
-1315.209
-883.4516
-3673.052
-3817.574
-3991.705
-4055.68
-4125.473
0
0
0
0
0
-3500.255
-2666.481
-2000.602
-1683.698
-1661.52
-3817.604
-3914.049
-4056.054
-4126.567
0
0
0
0
0
-4224.7
-3468.751
-2858.359
-2270.954
-2036.864
-3914.157
-3987.894
-4127.623
0
0
0
0
0
-4805.806
-4086.211
-3571.644
-3067.531
-2515.708
-3988.002
-4128.341
0
0
0
0
0
-5174.18
-4519.211
-4056.751
-3665.206
-3287.823
-4073.392
0
0
0
0
0
-5529.627
-4810.515
-4389.46
-4047.661
-3750.154
0
0
0
0
0
-5298.519
-5044.166
-4511.949
-4216.034
-3951.665
0
0
0
0
-4846.188
-4655.572
-4630.626
-4217.691
-4012.989
0
0
0
-4376.602
-4109.887
-4133.85
-4231.941
-3912.954
0
0
-4021.136
-3533.646
-3420.679
-3604.594
-3803.16
0
-3497.167
-2988.959
-2791.192
-2756.906
-2929.751
-4125.142
-2431.85
-2136.819
-2028.708
-2032.436
-2786.615
-1515.68
-1313.807
-1225.106
-1754.074
-751.6852
-600.9906
-979.6344
-2840.074
-429.7032
-3763.969
-3902.863
-3990.686
-4054.292
-4122.76
0
0
0
0
0
-4588.301
-3885.056
-3427.501
-560.4352
-2838.385
-3765.014
-3903.746
-3991.485
-4055.112
-4123.82
0
0
0
0
0
-4587.315
-3885.622
-908.79
-3098.571
-457.0121
-3673.027
-3903.802
-3991.529
-4055.218
-4124.121
0
0
0
0
0
-2365.323
-1520.813
-1064.783
-866.1953
-476.7228
-3673.185
-3817.538
-3991.619
-4055.401
-4124.648
0
0
0
0
0
-2911.887
-2095.268
-1467.797
-1143.583
-1064.536
-3817.563
-3913.927
-4055.697
-4125.474
0
0
0
0
0
-3568.124
-2812.07
-2221.577
-1678.306
-1436.528
-3914.04
-3987.366
-4126.57
0
0
0
0
0
-4274.131
-3549.159
-3034.632
-2546.253
-2030.631
-3987.718
-4072.108
0
0
0
0
0
-4809.913
-4141.659
-3661.118
-3268.027
-2836.693
-4072.817
0
0
0
0
0
-5287.101
-4522.403
-4115.609
-3815.273
-3505.136
0
0
0
0
0
-5144.47
-4926.848
-4406.047
-4107.86
-3848.786
0
0
0
0
-4846.179
-4655.543
-4630.631
-4217.69
-4012.996
0
0
0
-4534.771
-4201.435
-4239.763
-4337.366
-4014.291
0
0
-4191.81
-3735.778
-3689.166
-3839.427
-4031.769
0
-3779.153
-3366.19
-3123.984
-3168.324
-3413.157
-4787.104
-2828.198
-2560.01
-2479.736
-2521.937
-3448.114
-1989.795
-1815.231
-1785.325
-2340.573
-1186.897
-1059.868
-1426.065
-492.5915
-723.4345
-3764.02
-3902.871
-3990.688
-4054.292
-4122.758
0
0
0
0
0
-4588.309
-3885.042
-3427.477
-3096.032
-301.2627
-3673.014
-3903.792
-3991.492
-4055.113
-4123.819
0
0
0
0
0
-2084.771
-3885.611
-3429.187
-573.5022
-2841.27
-3808.262
-3817.513
-3991.565
-4055.222
-4124.12
0
0
0
0
0
-2462.929
-1660.398
-1061.476
-731.4454
-610.474
-3817.622
-3913.831
-4055.426
-4124.649
0
0
0
0
0
-2968.465
-2213.842
-1642.356
-1139.06
-890.5313
-3913.918
-3987
-4125.484
0
0
0
0
0
-3609.94
-2880.092
-2368.027
-1901.492
-1430.999
-3987.359
-4070.899
0
0
0
0
0
-4278.655
-3598.638
-3115.45
-2724.139
-2309.691
-4071.973
0
0
0
0
0
-4914.125
-4145.663
-3716.744
-3358.266
-3039.759
0
0
0
0
0
-4909.377
-4635.457
-4118.518
-3873.85
-3628.183
0
0
0
0
-4756.964
-4540.125
-4522.875
-4114.174
-3909.269
0
0
0
-4534.766
-4201.426
-4239.734
-4337.371
-4014.291
0
0
-4274.742
-3889.674
-3782.591
-3943.064
-4135.03
0
-3958.257
-3541.543
-3363.132
-3386.868
-3634.514
-5212.069
-3120.024
-2936.969
-2873.846
-2969.739
-4126.62
-2394.607
-2262.552
-2241.672
-3011.479
-1668.302
-1567.135
-2018.732
-932.8534
-1174.336
-3671.944
-3902.92
-3990.695
-4054.293
-4122.757
0
0
0
0
0
-4588.32
-3885.031
-3427.454
-3096.002
-2838.32
-3808.736
-3817.496
-3991.532
-4055.118
-4123.817
0
0
0
0
0
-2169.366
-1375.937
-3429.164
-3098.51
-314.3975
-3915.633
-3913.769
-4055.254
-4124.122
0
0
0
0
0
-2510.62
-1758.303
-1202.025
-728.1061
-473.8841
-3913.893
-3986.72
-4124.666
0
0
0
0
0
-3003.155
-2270.567
-1761.674
-1315.364
-885.8871
-3986.993
-4069.807
0
0
0
0
0
-3615.45
-2921.974
-2436.38
-2049.269
-1657.182
-4070.894
0
0
0
0
0
-4368.858
-3603.059
-3165.081
-2805.573
-2489.883
0
0
0
0
0
-4556.485
-4250.045
-3720.594
-3414.316
-3131.117
0
0
0
0
-4484.363
-4256.501
-4231.972
-3876.018
-3686.914
0
0
0
-4376.587
-4109.861
-4133.768
-4231.953
-3912.953
0
0
-4274.738
-3889.669
-3782.582
-3943.035
-4135.035
0
-4047.774
-3626.888
-3469.303
-3481.221
-3736.052
-5484.21
-3307.365
-3116.125
-3072.423
-3174.184
-4558.467
-2697.81
-2625.272
-2675.56
-3697.26
-2079.538
-2086.564
-2697.888
-1420.506
-1773.217
-3807.806
-3816.547
-3990.738
-4054.298
-4122.755
0
0
0
0
0
-4588.332
-3885.021
-3427.431
-3095.971
-2838.284
-3916.683
-3913.73
-4055.154
-4123.819
0
0
0
0
0
-2211.546
-1460.81
-914.1231
-3098.479
-2841.198
-3998.696
-3986.54
-4124.144
0
0
0
0
0
-2539.649
-1806.116
-1300.549
-870.1353
-470.5071
-3986.765
-4068.981
0
0
0
0
0
-3009.41
-2305.33
-1818.716
-1435.82
-1064.563
-4069.801
0
0
0
0
0
-3686.472
-2927.427
-2478.417
-2118.14
-1806.892
0
0
0
0
0
-4049.537
-3693.44
-3169.354
-2855.591
-2572.301
0
0
0
0
-4162.332
-3891.088
-3825.549
-3418.092
-3187.86
0
0
0
-4188.688
-3829.885
-3850.604
-3989.738
-3688.597
0
0
-4191.799
-3735.763
-3689.14
-3839.344
-4031.782
0
-4047.773
-3626.884
-3469.298
-3481.211
-3736.023
-5612.016
-3408.948
-3203.41
-3165.823
-3267.295
-4835.529
-2898.724
-2806.343
-2862.085
-4135.534
-2406.018
-2402.47
-3390.406
-1836.83
-2460.311
-3915.822
-3912.868
-4054.336
-4122.758
0
0
0
0
0
-2065.224
-3885.011
-3427.407
-3095.94
-2838.248
-4002.576
-3986.435
-4123.846
0
0
0
0
0
-2237.225
-1503.115
-999.5778
-578.9235
-2841.161
-4055.954
-4068.452
0
0
0
0
0
-2546.033
-1835.201
-1348.629
-969.6055
-614.5292
-4069.002
0
0
0
0
0
-3063.028
-2311.559
-1853.644
-1493.346
-1186.574
0
0
0
0
0
-3423.095
-2998.607
-2483.78
-2160.427
-1876.615
0
0
0
0
-3704.938
-3372.953
-3260.156
-2859.798
-2622.965
0
0
0
-3889.983
-3495.541
-3464.2
-3524.033
-3191.671
0
0
-4021.12
-3533.624
-3420.639
-3604.469
-3803.179
0
-3958.252
-3541.532
-3363.117
-3386.841
-3634.43
-5612.016
-3408.946
-3203.406
-3165.818
-3267.285
-4965.853
-3038.046
-2894.671
-2950.856
-4416.944
-2644.821
-2580.917
-3832.587
-2236.483
-3176.449
-4001.792
-3985.56
-4122.786
0
0
0
0
0
-2089.128
-1354.75
-3427.382
-3095.907
-2838.211
-4070.614
-4068.149
0
0
0
0
0
-2243.622
-1528.864
-1042.162
-665.2762
-319.9567
-4089.026
0
0
0
0
0
-2586.22
-1841.563
-1377.849
-1018.093
-715.3
0
0
0
0
0
-2852.31
-2365.322
-1859.846
-1528.529
-1244.782
0
0
0
0
-3141.945
-2734.28
-2555.305
-2165.669
-1919.402
0
0
0
-3465.202
-3027.03
-2937.38
-2951.404
-2627.217
0
0
-3656.603
-3222.331
-3065.954
-3159.18
-3299.006
0
-3779.144
-3366.174
-3123.963
-3168.283
-3413.03
-5484.21
-3307.36
-3116.114
-3072.408
-3174.156
-4965.853
-3038.044
-2894.667
-2950.851
-4549.4
-2746.231
-2668.259
-4116.753
-2441.698
-3614.689
-4069.823
-4067.04
0
0
0
0
0
-2095.83
-1378.716
-891.8425
-3095.873
-2838.173
-4144.083
0
0
0
0
0
-2275.43
-1535.24
-1068.077
-708.2965
-407.5196
0
0
0
0
0
-2415.876
-1881.841
-1384.188
-1047.521
-764.368
0
0
0
0
-2627.717
-2153.816
-1913.924
-1534.691
-1280.342
0
0
0
-2940.228
-2452.083
-2289.097
-2237.734
-1924.652
0
0
-3258.796
-2786.407
-2588.858
-2625.31
-2720.031
0
-3497.158
-2988.941
-2791.167
-2756.858
-2929.601
-5212.068
-3120.015
-2936.953
-2873.825
-2969.697
-4835.529
-2898.719
-2806.331
-2862.069
-4549.4
-2746.23
-2668.255
-4250.557
-2533.916
-3897.315
-4143.072
0
0
0
0
0
-2123.88
-1385.418
-915.961
-556.0205
-2838.134
0
0
0
0
0
-2130.832
-1567.114
-1074.434
-734.4776
-451.1305
0
0
0
0
-2233.646
-1710.862
-1424.675
-1053.828
-794.1085
0
0
0
-2460.254
-1928.356
-1700.867
-1589.244
-1286.487
0
0
-2784.148
-2249.629
-2004.802
-1968.671
-1997.613
0
-3111.982
-2578.829
-2346.728
-2272.981
-2389.659
-4787.104
-2828.189
-2559.992
-2479.712
-2521.888
-4558.467
-2697.802
-2625.256
-2675.538
-4416.943
-2644.816
-2580.906
-4250.557
-2533.914
-4030.592
0
0
0
0
0
-4588.38
-1413.535
-922.693
-580.3819
-296.9511
0
0
0
0
-4587.384
-1421.961
-1106.464
-740.8075
-477.6724
0
0
0
-2092.409
-1527.935
-1252.452
-1094.633
-800.4099
0
0
-2350.797
-1760.289
-1473.687
-1373.837
-1341.648
0
-2658.627
-2092.657
-1800.957
-1681.148
-1724.921
-4125.142
-2431.842
-2136.803
-2028.685
-2032.387
-4126.62
-2394.597
-2262.534
-2241.647
-4135.534
-2406.01
-2402.453
-4116.753
-2441.693
-4030.592
0
0
0
0
-4588.393
-3884.908
-950.9709
-587.1719
-321.6448
0
0
0
-4587.291
-3885.406
-960.2312
-773.0776
-484.0021
0
0
-4583.681
-1386.19
-1068.149
-920.5167
-841.677
0
-2244.282
-1650.204
-1304.465
-1144.044
-1123.28
-3475.754
-1966.818
-1642.138
-1475.373
-1433.274
-3448.114
-1989.787
-1815.214
-1785.302
-3697.26
-2079.529
-2086.546
-3832.587
-2236.475
-3897.314
0
0
0
-4588.307
-3884.874
-3427.135
-615.7024
-328.5197
0
0
-4587.55
-3885.268
-3428.656
-625.1986
-516.6313
0
-4582.959
-3884.532
-925.4436
-734.1126
-665.0635
-2906.322
-1543.505
-1193.053
-973.0845
-890.1738
-2786.615
-1515.672
-1313.794
-1225.086
-3011.479
-1668.294
-1567.119
-3390.406
-1836.821
-3614.689
0
0
-4588.551
-3884.741
-3427.036
-3095.459
-357.4089
0
-4586.905
-3885.479
-3428.451
-3097.577
-366.5856
-2475.927
-3883.845
-3429.442
-589.9531
-475.8812
-2207.632
-1085.86
-859.6285
-717.093
-2340.573
-1186.89
-1059.855
-2697.888
-1420.498
-3176.449
0
-4587.919
-3884.944
-3426.835
-3095.266
-2837.58
-2194.894
-3884.904
-3428.613
-3097.264
-2839.917
-1770.862
-3428.548
-3099.115
-329.8195
-1754.074
-751.6793
-600.9806
-2018.731
-932.846
-2460.311
-2057.189
-3884.375
-3426.993
-3094.957
-2837.303
-1486.035
-3427.935
-3097.385
-2839.497
-1312.128
-3097.819
-2841.664
-1426.065
-492.5856
-1773.217
-1346.375
-3426.319
-3095.073
-2836.889
-1024.125
-3096.449
-2839.607
-979.6339
-2840.074
-1174.336
-882.6954
-3094.147
-2836.99
-688.7562
-2838.387
-723.434
-545.6662
-2835.787
-429.7027
-285.0646
)
;

boundaryField
{
    cathodeSides
    {
        type            zeroGradient;
    }
    electrolyteSides
    {
        type            zeroGradient;
    }
    anodeSides
    {
        type            zeroGradient;
    }
    phiI_to_phiI0
    {
        type            zeroGradient;
    }
}


// ************************************************************************* //
