/*--------------------------------*- C++ -*----------------------------------*\
| =========                 |                                                 |
| \\      /  F ield         | OpenFOAM: The Open Source CFD Toolbox           |
|  \\    /   O peration     | Version:  2312                                  |
|   \\  /    A nd           | Website:  www.openfoam.com                      |
|    \\/     M anipulation  |                                                 |
\*---------------------------------------------------------------------------*/
FoamFile
{
    version     2.0;
    format      ascii;
    arch        "LSB;label=32;scalar=64";
    class       volScalarField;
    location    "1.5/phiI";
    object      act;
}
// * * * * * * * * * * * * * * * * * * * * * * * * * * * * * * * * * * * * * //

dimensions      [0 0 0 0 0 0 0];

internalField   nonuniform List<scalar> 
12000
(
3.000414
3.000425
3.000447
3.000327
3.000449
3.000456
3.000335
3.000462
3.000364
3.000238
3.000497
3.000479
3.000357
3.00047
3.000371
3.000245
3.000466
3.000381
3.000277
3.000148
3.000584
3.000525
3.000402
3.000492
3.000391
3.000264
3.000474
3.000387
3.000281
3.000151
3.000463
3.000386
3.000295
3.000183
3.000042
3.000694
3.000609
3.000481
3.000539
3.000434
3.000304
3.000497
3.000406
3.000299
3.000167
3.000471
3.000392
3.000299
3.000186
3.000044
3.000458
3.000383
3.000301
3.000203
3.000079
0
3.000806
3.00072
3.00058
3.000622
3.00051
3.000375
3.000543
3.000449
3.000337
3.000203
3.000494
3.000411
3.000316
3.0002
3.000058
3.000466
3.000389
3.000305
3.000204
3.00008
0
3.000453
3.000378
3.000299
3.000209
3.0001
0
0
3.000887
3.000832
3.000682
3.000736
3.00061
3.000462
3.000626
3.000525
3.000406
3.000266
3.000541
3.000454
3.000354
3.000234
3.000089
3.000489
3.000409
3.000321
3.000218
3.000092
0
3.000462
3.000384
3.000302
3.000211
3.0001
0
0
3.000449
3.000373
3.000294
3.000208
3.000107
0
0
0
3.000937
3.000915
3.000758
3.000849
3.000713
3.000554
3.000743
3.000628
3.000494
3.00034
3.000624
3.00053
3.000422
3.000295
3.000144
3.000536
3.000452
3.000359
3.000252
3.000122
0
3.000484
3.000404
3.000319
3.000225
3.000112
0
0
3.000458
3.000379
3.000298
3.000209
3.000108
0
0
0
3.000445
3.000369
3.000289
3.000203
3.000106
0
0
0
0
3.000961
3.000968
3.000806
3.000933
3.00079
3.000625
3.000855
3.000731
3.000587
3.000422
3.000743
3.000635
3.000513
3.000371
3.000206
3.00062
3.000528
3.000428
3.000313
3.000175
0
3.000531
3.000447
3.000358
3.000259
3.000141
0
0
3.00048
3.000399
3.000315
3.000224
3.000119
0
0
0
3.000453
3.000375
3.000293
3.000205
3.000106
0
0
0
0
3.000443
3.000365
3.000285
3.000199
3.000101
0
0
0
0
0
3.000961
3.000993
3.000829
3.000987
3.00084
3.00067
3.00094
3.00081
3.000659
3.000487
3.000856
3.000739
3.000607
3.000453
3.000277
3.00074
3.000636
3.000522
3.000392
3.000238
0
3.000615
3.000524
3.000427
3.000319
3.000194
0
0
3.000527
3.000442
3.000354
3.000258
3.000148
0
0
0
3.000476
3.000395
3.00031
3.000219
3.000118
0
0
0
0
3.000451
3.000371
3.000289
3.0002
3.000102
0
0
0
0
0
3.000441
3.000362
3.000281
3.000195
3.000096
0
0
0
0
0
2.089799
3.000937
3.000993
3.000829
3.001013
3.000864
3.000692
3.000994
3.00086
3.000705
3.000529
3.00094
3.000818
3.00068
3.000518
3.000335
3.000853
3.00074
3.000616
3.000475
3.000309
0
3.000735
3.000633
3.000523
3.000401
3.00026
0
0
3.000611
3.00052
3.000423
3.000319
3.000201
0
0
0
3.000523
3.000438
3.000349
3.000254
3.000148
0
0
0
0
3.000473
3.000391
3.000306
3.000215
3.000114
0
0
0
0
0
3.000449
3.000368
3.000285
3.000196
3.000097
0
0
0
0
0
2.073187
3.000439
3.00036
3.000278
3.000191
3.000092
0
0
0
0
0
2.393615
2.088891
3.000887
3.000968
3.000806
3.001013
3.000864
3.000692
3.001019
3.000884
3.000727
3.000549
3.000994
3.000868
3.000726
3.000561
3.000374
3.000937
3.000818
3.000688
3.000541
3.000368
0
3.000848
3.000737
3.000617
3.000485
3.000333
0
0
3.000731
3.000629
3.000521
3.000403
3.000271
0
0
0
3.000607
3.000515
3.000419
3.000316
3.000201
0
0
0
0
3.000521
3.000434
3.000345
3.000249
3.000144
0
0
0
0
0
3.000472
3.000388
3.000301
3.000211
3.000109
0
0
0
0
0
2.040009
3.000447
3.000367
3.000282
3.000192
3.000093
0
0
0
0
0
2.386787
2.072263
3.000438
3.000359
3.000276
3.000188
3.000088
0
0
0
0
0
2.842825
2.392944
2.087025
3.000806
3.000915
3.000758
3.000987
3.00084
3.00067
3.001019
3.000884
3.000727
3.000549
3.001019
3.000892
3.000749
3.000581
3.000393
3.000991
3.000869
3.000735
3.000583
3.000406
0
3.000933
3.000816
3.00069
3.00055
3.000392
0
0
3.000843
3.000733
3.000615
3.000487
3.000344
0
0
0
3.000727
3.000624
3.000516
3.000401
3.000273
0
0
0
0
3.000604
3.000511
3.000414
3.000311
3.000199
0
0
0
0
0
3.000519
3.000432
3.000341
3.000245
3.00014
0
0
0
0
0
1.991233
3.00047
3.000387
3.000299
3.000206
3.000105
0
0
0
0
0
2.367239
2.039053
3.000446
3.000365
3.00028
3.000189
3.000089
0
0
0
0
0
2.829583
2.386049
2.070368
3.000436
3.000357
3.000274
3.000186
3.000085
0
0
0
0
0
3.244168
2.842296
2.39156
2.084274
3.000694
3.000832
3.000682
3.000933
3.00079
3.000625
3.000994
3.00086
3.000705
3.000529
3.001019
3.000892
3.000749
3.000581
3.000393
3.001016
3.000893
3.000757
3.000604
3.000425
0
3.000986
3.000866
3.000736
3.000593
3.00043
0
0
3.000928
3.000811
3.000687
3.000553
3.000403
0
0
0
3.000839
3.000728
3.000611
3.000485
3.000347
0
0
0
0
3.000723
3.00062
3.000512
3.000397
3.000272
0
0
0
0
0
3.000602
3.000508
3.00041
3.000307
3.000195
0
0
0
0
0
1.930885
3.000516
3.00043
3.000338
3.000241
3.000136
0
0
0
0
0
2.335134
1.990224
3.000468
3.000385
3.000297
3.000204
3.000101
0
0
0
0
0
2.802117
2.366506
2.037098
3.000445
3.000363
3.000278
3.000187
3.000086
0
0
0
0
0
3.234681
2.829052
2.384533
2.067576
3.000435
3.000356
3.000273
3.000184
3.000083
0
0
0
0
0
3.477442
3.243633
2.841073
2.389517
2.080665
3.000584
3.00072
3.00058
3.000849
3.000713
3.000554
3.00094
3.00081
3.000659
3.000487
3.000994
3.000868
3.000726
3.000561
3.000374
3.001016
3.000893
3.000757
3.000604
3.000425
0
3.001012
3.00089
3.000759
3.000614
3.000449
0
0
3.000981
3.000862
3.000734
3.000595
3.000441
0
0
0
3.000923
3.000806
3.000683
3.000551
3.000406
0
0
0
0
3.000835
3.000724
3.000606
3.000481
3.000345
0
0
0
0
0
3.000721
3.000617
3.000508
3.000393
3.000268
0
0
0
0
0
1.866112
3.0006
3.000506
3.000408
3.000303
3.00019
0
0
0
0
0
2.299739
1.92978
3.000515
3.000428
3.000336
3.000239
3.000132
0
0
0
0
0
2.755894
2.33449
1.988167
3.000467
3.000383
3.000296
3.000202
3.000099
0
0
0
0
0
3.215848
2.801526
2.36499
2.03422
3.000443
3.000362
3.000277
3.000186
3.000084
0
0
0
0
0
3.470122
3.234146
2.827808
2.382302
2.063914
3.000435
3.000355
3.000272
3.000183
3.000082
0
0
0
0
0
3.59166
3.476956
3.242405
2.839232
2.386844
3.000497
3.000609
3.000481
3.000736
3.00061
3.000462
3.000855
3.000731
3.000587
3.000422
3.00094
3.000818
3.00068
3.000518
3.000335
3.000991
3.000869
3.000735
3.000583
3.000406
0
3.001012
3.00089
3.000759
3.000614
3.000449
0
0
3.001007
3.000886
3.000756
3.000616
3.00046
0
0
0
3.000977
3.000857
3.00073
3.000594
3.000444
0
0
0
0
3.000919
3.000802
3.000679
3.000547
3.000405
0
0
0
0
0
3.000832
3.00072
3.000602
3.000477
3.000342
0
0
0
0
0
1.816918
3.000718
3.000614
3.000505
3.000389
3.000264
0
0
0
0
0
2.263061
1.864928
3.000597
3.000504
3.000406
3.0003
3.000186
0
0
0
0
0
2.651089
2.299068
1.927534
3.000513
3.000426
3.000334
3.000237
3.00013
0
0
0
0
0
3.188437
2.755359
2.333131
1.98514
3.000465
3.000382
3.000294
3.0002
3.000097
0
0
0
0
0
3.455598
3.215313
2.800172
2.362758
2.030445
3.000443
3.000361
3.000276
3.000184
3.000083
0
0
0
0
0
3.586362
3.469636
3.232918
2.825893
2.379392
3.000435
3.000354
3.000271
3.000181
3.00008
0
0
0
0
0
3.622526
3.591208
3.475841
3.240558
2.836812
3.000449
3.000525
3.000402
3.000622
3.00051
3.000375
3.000743
3.000628
3.000494
3.00034
3.000856
3.000739
3.000607
3.000453
3.000277
3.000937
3.000818
3.000688
3.000541
3.000368
0
3.000986
3.000866
3.000736
3.000593
3.00043
0
0
3.001007
3.000886
3.000756
3.000616
3.00046
0
0
0
3.001002
3.00088
3.000752
3.000614
3.000463
0
0
0
0
3.000973
3.000852
3.000725
3.00059
3.000443
0
0
0
0
0
3.000916
3.000798
3.000674
3.000543
3.000401
0
0
0
0
0
1.784954
3.000829
3.000717
3.000599
3.000473
3.000338
0
0
0
0
0
2.235432
1.815703
3.000715
3.000612
3.000502
3.000386
3.00026
0
0
0
0
0
2.605674
2.26237
1.862524
3.000596
3.000502
3.000403
3.000299
3.000184
0
0
0
0
0
3.154643
2.651719
2.297648
1.924229
3.000512
3.000424
3.000332
3.000235
3.000128
0
0
0
0
0
3.434472
3.187904
2.754109
2.331118
1.981173
3.000465
3.00038
3.000292
3.000199
3.000095
0
0
0
0
0
3.575884
3.455114
3.214086
2.798132
2.359846
3.000443
3.00036
3.000274
3.000183
3.000081
0
0
0
0
0
3.619003
3.585911
3.468522
3.231071
2.82337
3.000435
3.000354
3.00027
3.00018
3.000079
0
0
0
0
0
3.595089
3.622097
3.590184
3.474172
3.238131
3.000425
3.000479
3.000357
3.000539
3.000434
3.000304
3.000626
3.000525
3.000406
3.000266
3.000743
3.000635
3.000513
3.000371
3.000206
3.000853
3.00074
3.000616
3.000475
3.000309
0
3.000933
3.000816
3.00069
3.00055
3.000392
0
0
3.000981
3.000862
3.000734
3.000595
3.000441
0
0
0
3.001002
3.00088
3.000752
3.000614
3.000463
0
0
0
0
3.000998
3.000876
3.000747
3.000611
3.000462
0
0
0
0
0
3.000969
3.000848
3.000721
3.000585
3.00044
0
0
0
0
0
1.766334
3.000913
3.000795
3.000671
3.000539
3.000397
0
0
0
0
0
2.217905
1.78373
3.000826
3.000714
3.000596
3.00047
3.000334
0
0
0
0
0
2.600421
2.23474
1.813234
3.000713
3.000609
3.0005
3.000383
3.000257
0
0
0
0
0
3.120093
2.606282
2.260898
1.858984
3.000594
3.0005
3.000401
3.000296
3.000182
0
0
0
0
0
3.408494
3.154113
2.652744
2.29554
1.91989
3.000511
3.000423
3.000331
3.000233
3.000126
0
0
0
0
0
3.560707
3.433989
3.186677
2.752212
2.328477
3.000465
3.00038
3.000291
3.000197
3.000094
0
0
0
0
0
3.612094
3.575434
3.454
3.21224
2.795504
3.000444
3.00036
3.000274
3.000182
3.00008
0
0
0
0
0
3.593034
3.618575
3.584887
3.466852
3.228644
3.000437
3.000355
3.00027
3.00018
3.000078
0
0
0
0
0
3.523989
3.594673
3.621141
3.588661
3.471986
3.000414
3.000456
3.000335
3.000492
3.000391
3.000264
3.000543
3.000449
3.000337
3.000203
3.000624
3.00053
3.000422
3.000295
3.000144
3.00074
3.000636
3.000522
3.000392
3.000238
0
3.000848
3.000737
3.000617
3.000485
3.000333
0
0
3.000928
3.000811
3.000687
3.000553
3.000403
0
0
0
3.000977
3.000857
3.00073
3.000594
3.000444
0
0
0
0
3.000998
3.000876
3.000747
3.000611
3.000462
0
0
0
0
0
3.000994
3.000872
3.000743
3.000606
3.000459
0
0
0
0
0
1.757806
3.000966
3.000844
3.000717
3.000581
3.000435
0
0
0
0
0
2.20915
1.765108
3.00091
3.000792
3.000667
3.000535
3.000393
0
0
0
0
0
2.584429
2.217211
1.781242
3.000824
3.000711
3.000593
3.000467
3.000331
0
0
0
0
0
3.094016
2.600437
2.233253
1.8096
3.000711
3.000607
3.000497
3.000381
3.000255
0
0
0
0
0
3.382024
3.11957
2.607263
2.258707
1.854335
3.000593
3.000498
3.000399
3.000294
3.00018
0
0
0
0
0
3.542235
3.408016
3.152885
2.654233
2.292774
3.000511
3.000422
3.000329
3.000231
3.000124
0
0
0
0
0
3.602288
3.56026
3.432877
3.184831
2.749764
3.000466
3.00038
3.00029
3.000196
3.000092
0
0
0
0
0
3.589107
3.611667
3.574411
3.452331
3.209815
3.000445
3.000361
3.000274
3.000181
3.000079
0
0
0
0
0
3.524093
3.592618
3.61762
3.583364
3.464665
3.000438
3.000356
3.000271
3.00018
3.000077
0
0
0
0
0
3.423897
3.523574
3.593765
3.619732
3.586675
3.000447
3.000327
3.00047
3.000371
3.000245
3.000497
3.000406
3.000299
3.000167
3.000541
3.000454
3.000354
3.000234
3.000089
3.00062
3.000528
3.000428
3.000313
3.000175
0
3.000735
3.000633
3.000523
3.000401
3.00026
0
0
3.000843
3.000733
3.000615
3.000487
3.000344
0
0
0
3.000923
3.000806
3.000683
3.000551
3.000406
0
0
0
0
3.000973
3.000852
3.000725
3.00059
3.000443
0
0
0
0
0
3.000994
3.000872
3.000743
3.000606
3.000459
0
0
0
0
0
1.757806
3.000991
3.000868
3.000739
3.000602
3.000454
0
0
0
0
0
2.204804
1.75658
3.000962
3.000841
3.000713
3.000578
3.000432
0
0
0
0
0
2.575749
2.20843
1.762616
3.000907
3.000789
3.000665
3.000532
3.00039
0
0
0
0
0
3.076898
2.584424
2.215715
1.777579
3.000821
3.000709
3.00059
3.000464
3.000328
0
0
0
0
0
3.362716
3.093513
2.600307
2.231039
1.804825
3.00071
3.000605
3.000495
3.000379
3.000253
0
0
0
0
0
3.524144
3.381558
3.118342
2.608681
2.255824
3.000593
3.000497
3.000398
3.000292
3.000178
0
0
0
0
0
3.591573
3.541795
3.406905
3.151035
2.656283
3.000512
3.000422
3.000328
3.00023
3.000122
0
0
0
0
0
3.584234
3.601864
3.55924
3.431207
3.182405
3.000467
3.000381
3.000291
3.000195
3.000091
0
0
0
0
0
3.523229
3.588692
3.610713
3.572888
3.450144
3.000446
3.000362
3.000275
3.000181
3.000078
0
0
0
0
0
3.421301
3.523665
3.591709
3.616211
3.581377
3.000439
3.000357
3.000272
3.000181
3.000077
0
0
0
0
0
3.057299
3.422762
3.52269
3.592438
3.617907
3.000462
3.000364
3.000238
3.000474
3.000387
3.000281
3.000151
3.000494
3.000411
3.000316
3.0002
3.000058
3.000536
3.000452
3.000359
3.000252
3.000122
0
3.000615
3.000524
3.000427
3.000319
3.000194
0
0
3.000731
3.000629
3.000521
3.000403
3.000271
0
0
0
3.000839
3.000728
3.000611
3.000485
3.000347
0
0
0
0
3.000919
3.000802
3.000679
3.000547
3.000405
0
0
0
0
0
3.000969
3.000848
3.000721
3.000585
3.00044
0
0
0
0
0
1.766334
3.000991
3.000868
3.000739
3.000602
3.000454
0
0
0
0
0
2.204804
1.75658
3.000987
3.000865
3.000735
3.000598
3.00045
0
0
0
0
0
2.574298
2.20408
1.754087
3.000959
3.000838
3.000711
3.000574
3.000428
0
0
0
0
0
3.066784
2.575743
2.206877
1.758946
3.000904
3.000786
3.000662
3.000529
3.000387
0
0
0
0
0
3.349863
3.076413
2.584259
2.213484
1.772768
3.00082
3.000706
3.000588
3.000461
3.000326
0
0
0
0
0
3.510117
3.362262
3.09231
2.600082
2.228125
3.00071
3.000603
3.000493
3.000376
3.000251
0
0
0
0
0
3.579391
3.523712
3.38045
3.116483
2.610627
3.000593
3.000497
3.000397
3.000291
3.000176
0
0
0
0
0
3.57834
3.591136
3.540778
3.405232
3.148602
3.000513
3.000423
3.000329
3.000229
3.000121
0
0
0
0
0
3.52079
3.583811
3.60091
3.557718
3.429019
3.000468
3.000382
3.000291
3.000195
3.00009
0
0
0
0
0
3.393388
3.522791
3.587782
3.609305
3.570902
3.000447
3.000363
3.000276
3.000182
3.000078
0
0
0
0
0
3.06038
3.420187
3.522751
3.590382
3.614385
3.000439
3.000358
3.000273
3.000182
3.000078
0
0
0
0
0
2.949933
3.057341
3.42059
3.521411
3.59073
3.000466
3.000381
3.000277
3.000148
3.000471
3.000392
3.000299
3.000186
3.000044
3.000489
3.000409
3.000321
3.000218
3.000092
0
3.000531
3.000447
3.000358
3.000259
3.000141
0
0
3.000611
3.00052
3.000423
3.000319
3.000201
0
0
0
3.000727
3.000624
3.000516
3.000401
3.000273
0
0
0
0
3.000835
3.000724
3.000606
3.000481
3.000345
0
0
0
0
0
3.000916
3.000798
3.000674
3.000543
3.000401
0
0
0
0
0
1.784954
3.000966
3.000844
3.000717
3.000581
3.000435
0
0
0
0
0
2.20915
1.765108
3.000987
3.000865
3.000735
3.000598
3.00045
0
0
0
0
0
2.574298
2.20408
1.754087
3.000984
3.000862
3.000733
3.000595
3.000447
0
0
0
0
0
3.062103
2.574277
2.202518
1.750416
3.000956
3.000835
3.000707
3.000572
3.000425
0
0
0
0
0
3.342146
3.066312
2.575571
2.204558
1.754126
3.000902
3.000783
3.000659
3.000526
3.000384
0
0
0
0
0
3.501259
3.349426
3.075237
2.58399
2.210548
3.00082
3.000705
3.000585
3.000459
3.000323
0
0
0
0
0
3.570001
3.509708
3.361158
3.090482
2.599828
3.00071
3.000603
3.000492
3.000374
3.000248
0
0
0
0
0
3.571407
3.578977
3.522684
3.378774
3.114033
3.000595
3.000498
3.000397
3.00029
3.000174
0
0
0
0
0
3.516654
3.577907
3.590143
3.539256
3.403037
3.000514
3.000424
3.000329
3.000229
3.00012
0
0
0
0
0
3.390851
3.520348
3.582876
3.5995
3.555732
3.000469
3.000383
3.000293
3.000196
3.00009
0
0
0
0
0
3.065992
3.39292
3.521847
3.586452
3.607479
3.000447
3.000364
3.000277
3.000183
3.000079
0
0
0
0
0
2.95294
3.060426
3.418035
3.521422
3.588672
3.000439
3.000358
3.000274
3.000183
3.000079
0
0
0
0
0
2.885767
2.949984
3.057363
3.417433
3.519773
3.000463
3.000386
3.000295
3.000183
3.000042
3.000466
3.000389
3.000305
3.000204
3.00008
0
3.000484
3.000404
3.000319
3.000225
3.000112
0
0
3.000527
3.000442
3.000354
3.000258
3.000148
0
0
0
3.000607
3.000515
3.000419
3.000316
3.000201
0
0
0
0
3.000723
3.00062
3.000512
3.000397
3.000272
0
0
0
0
0
3.000832
3.00072
3.000602
3.000477
3.000342
0
0
0
0
0
1.816919
3.000913
3.000795
3.000671
3.000539
3.000397
0
0
0
0
0
2.217905
1.78373
3.000962
3.000841
3.000713
3.000578
3.000432
0
0
0
0
0
2.575749
2.20843
1.762616
3.000984
3.000862
3.000733
3.000595
3.000447
0
0
0
0
0
3.062103
2.574277
2.202518
1.750416
3.000981
3.000859
3.000729
3.000592
3.000443
0
0
0
0
0
3.338552
3.061637
2.574053
2.200184
1.745595
3.000955
3.000832
3.000704
3.000569
3.000423
0
0
0
0
0
3.4961
3.341722
3.065156
2.575287
2.201501
3.000902
3.000782
3.000656
3.000524
3.000382
0
0
0
0
0
3.563802
3.500864
3.348345
3.073446
2.583682
3.00082
3.000705
3.000584
3.000457
3.000321
0
0
0
0
0
3.565903
3.569614
3.508709
3.359479
3.088069
3.000712
3.000604
3.000492
3.000373
3.000246
0
0
0
0
0
3.512537
3.570998
3.578004
3.521133
3.376569
3.000596
3.000499
3.000397
3.00029
3.000174
0
0
0
0
0
3.387008
3.516227
3.576938
3.588663
3.537266
3.000515
3.000425
3.000331
3.00023
3.00012
0
0
0
0
0
3.076575
3.3904
3.519389
3.581501
3.59767
3.000469
3.000384
3.000294
3.000197
3.000091
0
0
0
0
0
2.959733
3.066106
3.391956
3.520468
3.584737
3.000447
3.000364
3.000278
3.000184
3.000081
0
0
0
0
0
2.887937
2.952988
3.060457
3.414897
3.519711
3.000439
3.000358
3.000274
3.000184
3.00008
0
0
0
0
0
2.8402
2.885783
2.95002
3.05741
3.413288
3.000458
3.000383
3.000301
3.000203
3.000079
0
3.000462
3.000384
3.000302
3.000211
3.0001
0
0
3.00048
3.000399
3.000315
3.000224
3.000119
0
0
0
3.000523
3.000438
3.000349
3.000254
3.000148
0
0
0
0
3.000604
3.000511
3.000414
3.000311
3.000199
0
0
0
0
0
3.000721
3.000617
3.000508
3.000393
3.000268
0
0
0
0
0
1.866112
3.000829
3.000717
3.000599
3.000473
3.000338
0
0
0
0
0
2.235432
1.815703
3.00091
3.000792
3.000667
3.000535
3.000393
0
0
0
0
0
2.584429
2.217211
1.781242
3.000959
3.000838
3.000711
3.000574
3.000428
0
0
0
0
0
3.066784
2.575743
2.206877
1.758946
3.000981
3.000859
3.000729
3.000592
3.000443
0
0
0
0
0
3.338552
3.061637
2.574053
2.200184
1.745595
3.00098
3.000856
3.000726
3.000589
3.000441
0
0
0
0
0
3.493826
3.338135
3.06049
2.573678
2.197108
3.000954
3.000831
3.000702
3.000566
3.00042
0
0
0
0
0
3.560114
3.495715
3.34066
3.06339
2.574947
3.000903
3.000781
3.000655
3.000521
3.000379
0
0
0
0
0
3.562265
3.563437
3.499877
3.346692
3.071078
3.000822
3.000705
3.000584
3.000455
3.000319
0
0
0
0
0
3.50963
3.565521
3.568675
3.507192
3.35726
3.000713
3.000606
3.000493
3.000373
3.000245
0
0
0
0
0
3.387099
3.51214
3.570051
3.576542
3.519093
3.000597
3.0005
3.000399
3.000291
3.000174
0
0
0
0
0
3.088674
3.386588
3.515289
3.575505
3.586728
3.000515
3.000426
3.000332
3.000231
3.000121
0
0
0
0
0
2.967796
3.076685
3.389437
3.517981
3.579719
3.000469
3.000384
3.000295
3.000198
3.000092
0
0
0
0
0
2.893042
2.959763
3.066271
3.390565
3.518681
3.000448
3.000364
3.000278
3.000185
3.000082
0
0
0
0
0
2.84169
2.88795
2.953021
3.060516
3.410766
3.000441
3.000359
3.000274
3.000183
3.000081
0
0
0
0
0
2.805248
2.840192
2.885747
2.950091
3.057551
3.000453
3.000378
3.000299
3.000209
3.0001
0
0
3.000458
3.000379
3.000298
3.000209
3.000108
0
0
0
3.000476
3.000395
3.00031
3.000219
3.000118
0
0
0
0
3.000521
3.000434
3.000345
3.000249
3.000144
0
0
0
0
0
3.000602
3.000508
3.00041
3.000307
3.000195
0
0
0
0
0
1.930885
3.000718
3.000614
3.000505
3.000389
3.000264
0
0
0
0
0
2.263061
1.864928
3.000826
3.000714
3.000596
3.00047
3.000334
0
0
0
0
0
2.600421
2.23474
1.813234
3.000907
3.000789
3.000665
3.000532
3.00039
0
0
0
0
0
3.076898
2.584424
2.215715
1.777579
3.000956
3.000835
3.000707
3.000572
3.000425
0
0
0
0
0
3.342146
3.066312
2.575571
2.204558
1.754126
3.00098
3.000856
3.000726
3.000589
3.000441
0
0
0
0
0
3.493826
3.338135
3.06049
2.573678
2.197108
3.000979
3.000854
3.000724
3.000586
3.000438
0
0
0
0
0
3.558393
3.493446
3.337083
3.058737
2.573202
3.000955
3.00083
3.0007
3.000563
3.000417
0
0
0
0
0
3.560096
3.559763
3.494741
3.339032
3.061054
3.000905
3.000782
3.000654
3.00052
3.000377
0
0
0
0
0
3.507814
3.561904
3.562528
3.498374
3.344503
3.000823
3.000707
3.000585
3.000455
3.000317
0
0
0
0
0
3.388255
3.509261
3.564609
3.567256
3.505192
3.000714
3.000607
3.000494
3.000374
3.000245
0
0
0
0
0
3.101242
3.386707
3.511239
3.568635
3.574622
3.000597
3.000501
3.0004
3.000292
3.000175
0
0
0
0
0
2.977857
3.088814
3.385692
3.513907
3.573638
3.000515
3.000426
3.000333
3.000232
3.000122
0
0
0
0
0
2.898618
2.967841
3.076836
3.38803
3.516152
3.00047
3.000384
3.000294
3.000199
3.000093
0
0
0
0
0
2.845421
2.893036
2.959759
3.066533
3.388771
3.000449
3.000365
3.000278
3.000185
3.000082
0
0
0
0
0
2.806258
2.841679
2.88791
2.953087
3.060671
3.000442
3.000361
3.000275
3.000183
3.000081
0
0
0
0
0
2.77703
2.805224
2.840106
2.885709
2.95026
3.000449
3.000373
3.000294
3.000208
3.000107
0
0
0
3.000453
3.000375
3.000293
3.000205
3.000106
0
0
0
0
3.000473
3.000391
3.000306
3.000215
3.000114
0
0
0
0
0
3.000519
3.000432
3.000341
3.000245
3.00014
0
0
0
0
0
1.991233
3.0006
3.000506
3.000408
3.000303
3.00019
0
0
0
0
0
2.299739
1.92978
3.000715
3.000612
3.000502
3.000386
3.00026
0
0
0
0
0
2.605674
2.26237
1.862524
3.000824
3.000711
3.000593
3.000467
3.000331
0
0
0
0
0
3.094016
2.600437
2.233253
1.8096
3.000904
3.000786
3.000662
3.000529
3.000387
0
0
0
0
0
3.349863
3.076413
2.584259
2.213484
1.772768
3.000955
3.000832
3.000704
3.000569
3.000423
0
0
0
0
0
3.4961
3.341722
3.065156
2.575287
2.201501
3.000979
3.000854
3.000724
3.000586
3.000438
0
0
0
0
0
3.558393
3.493446
3.337083
3.058737
2.573202
3.00098
3.000854
3.000722
3.000583
3.000435
0
0
0
0
0
3.55908
3.558049
3.492477
3.335466
3.056416
3.000957
3.000831
3.0007
3.000562
3.000414
0
0
0
0
0
3.506773
3.559749
3.558874
3.493251
3.336873
3.000906
3.000784
3.000655
3.00052
3.000375
0
0
0
0
0
3.389426
3.507467
3.561021
3.561147
3.49639
3.000824
3.000708
3.000586
3.000456
3.000317
0
0
0
0
0
3.109671
3.387888
3.508398
3.563235
3.565388
3.000714
3.000608
3.000495
3.000376
3.000246
0
0
0
0
0
2.988818
3.101439
3.385841
3.509903
3.566776
3.000596
3.000501
3.000401
3.000293
3.000176
0
0
0
0
0
2.905551
2.977937
3.089018
3.384392
3.512111
3.000516
3.000426
3.000332
3.000233
3.000123
0
0
0
0
0
2.848987
2.898625
2.967865
3.077072
3.386197
3.000472
3.000384
3.000294
3.000199
3.000094
0
0
0
0
0
2.809019
2.845391
2.892956
2.959766
3.066895
3.00045
3.000367
3.000279
3.000185
3.000082
0
0
0
0
0
2.77776
2.80623
2.841588
2.887867
2.953252
3.000443
3.000361
3.000277
3.000184
3.000081
0
0
0
0
0
2.760791
2.776994
2.805104
2.839994
2.885734
3.000445
3.000369
3.000289
3.000203
3.000106
0
0
0
0
3.000451
3.000371
3.000289
3.0002
3.000102
0
0
0
0
0
3.000472
3.000388
3.000301
3.000211
3.000109
0
0
0
0
0
2.040009
3.000516
3.00043
3.000338
3.000241
3.000136
0
0
0
0
0
2.335134
1.990224
3.000597
3.000504
3.000406
3.0003
3.000186
0
0
0
0
0
2.651089
2.299068
1.927534
3.000713
3.000609
3.0005
3.000383
3.000257
0
0
0
0
0
3.120093
2.606282
2.260898
1.858984
3.000821
3.000709
3.00059
3.000464
3.000328
0
0
0
0
0
3.362716
3.093513
2.600307
2.231039
1.804825
3.000902
3.000783
3.000659
3.000526
3.000384
0
0
0
0
0
3.50126
3.349426
3.075237
2.58399
2.210548
3.000954
3.000831
3.000702
3.000566
3.00042
0
0
0
0
0
3.560114
3.495716
3.34066
3.06339
2.574947
3.00098
3.000854
3.000722
3.000583
3.000435
0
0
0
0
0
3.559081
3.558049
3.492477
3.335466
3.056416
3.000982
3.000855
3.000722
3.000582
3.000433
0
0
0
0
0
3.506296
3.558741
3.557169
3.49099
3.333322
3.000958
3.000833
3.000701
3.000561
3.000413
0
0
0
0
0
3.39028
3.50644
3.558884
3.557518
3.49128
3.000907
3.000785
3.000657
3.00052
3.000375
0
0
0
0
0
3.111098
3.389078
3.506632
3.559683
3.559325
3.000824
3.000709
3.000587
3.000458
3.000318
0
0
0
0
0
2.997164
3.109916
3.387047
3.507108
3.561427
3.000713
3.000608
3.000496
3.000377
3.000247
0
0
0
0
0
2.913218
2.988953
3.101734
3.38457
3.50816
3.000598
3.000501
3.000401
3.000294
3.000177
0
0
0
0
0
2.853391
2.90559
2.978023
3.089328
3.382717
3.000518
3.000427
3.000332
3.000233
3.000124
0
0
0
0
0
2.811165
2.848969
2.898571
2.967914
3.077396
3.000472
3.000386
3.000295
3.000199
3.000094
0
0
0
0
0
2.779957
2.808972
2.845261
2.892852
2.95985
3.000451
3.000368
3.00028
3.000186
3.000082
0
0
0
0
0
2.761378
2.777721
2.806105
2.84147
2.887885
3.000444
3.000362
3.000277
3.000186
3.000082
0
0
0
0
0
2.75196
2.760723
2.776854
2.804943
2.839921
3.000443
3.000365
3.000285
3.000199
3.000101
0
0
0
0
0
3.000449
3.000368
3.000285
3.000196
3.000097
0
0
0
0
0
2.073187
3.00047
3.000387
3.000299
3.000206
3.000105
0
0
0
0
0
2.367239
2.039053
3.000515
3.000428
3.000336
3.000239
3.000132
0
0
0
0
0
2.755894
2.33449
1.988167
3.000596
3.000502
3.000403
3.000299
3.000184
0
0
0
0
0
3.154643
2.651719
2.297648
1.924229
3.000711
3.000607
3.000497
3.000381
3.000255
0
0
0
0
0
3.382024
3.11957
2.607263
2.258707
1.854335
3.00082
3.000706
3.000588
3.000461
3.000326
0
0
0
0
0
3.510117
3.362262
3.09231
2.600082
2.228125
3.000902
3.000782
3.000656
3.000524
3.000382
0
0
0
0
0
3.563802
3.500864
3.348345
3.073446
2.583682
3.000955
3.00083
3.0007
3.000563
3.000417
0
0
0
0
0
3.560096
3.559763
3.494741
3.339032
3.061054
3.000982
3.000855
3.000722
3.000582
3.000433
0
0
0
0
0
3.506296
3.558741
3.557169
3.49099
3.333322
3.000983
3.000857
3.000723
3.000581
3.000431
0
0
0
0
0
3.390717
3.50597
3.557885
3.555826
3.489019
3.00096
3.000834
3.000703
3.000562
3.000413
0
0
0
0
0
3.113176
3.389943
3.505624
3.55757
3.555727
3.000907
3.000786
3.000658
3.000522
3.000376
0
0
0
0
0
3.002514
3.111401
3.388257
3.505379
3.557918
3.000823
3.000709
3.000588
3.000459
3.00032
0
0
0
0
0
2.919036
2.997343
3.110292
3.385803
3.505422
3.000715
3.000607
3.000496
3.000378
3.000249
0
0
0
0
0
2.858396
2.913307
2.989131
3.102172
3.382927
3.0006
3.000502
3.0004
3.000294
3.000178
0
0
0
0
0
2.813786
2.853403
2.905593
2.978163
3.089748
3.000518
3.000429
3.000333
3.000233
3.000124
0
0
0
0
0
2.781289
2.811129
2.848862
2.898505
2.968056
3.000473
3.000387
3.000297
3.0002
3.000094
0
0
0
0
0
2.763256
2.779898
2.808807
2.845082
2.892788
3.000452
3.000368
3.000281
3.000187
3.000083
0
0
0
0
0
2.753176
2.761306
2.777576
2.805938
2.84139
3.000442
3.000363
3.000278
3.000186
3.000083
0
0
0
0
0
2.747999
2.751858
2.760525
2.776665
2.804806
3.000441
3.000362
3.000281
3.000195
3.000096
0
0
0
0
0
2.089799
3.000447
3.000367
3.000282
3.000192
3.000093
0
0
0
0
0
2.386787
2.072263
3.000468
3.000385
3.000297
3.000204
3.000101
0
0
0
0
0
2.802117
2.366506
2.037098
3.000513
3.000426
3.000334
3.000237
3.00013
0
0
0
0
0
3.188437
2.755359
2.333131
1.98514
3.000594
3.0005
3.000401
3.000296
3.000182
0
0
0
0
0
3.408494
3.154113
2.652744
2.29554
1.91989
3.00071
3.000605
3.000495
3.000379
3.000253
0
0
0
0
0
3.524144
3.381558
3.118342
2.608681
2.255824
3.00082
3.000705
3.000585
3.000459
3.000323
0
0
0
0
0
3.570001
3.509708
3.361158
3.090482
2.599828
3.000903
3.000781
3.000655
3.000521
3.000379
0
0
0
0
0
3.562265
3.563437
3.499877
3.346692
3.071078
3.000957
3.000831
3.0007
3.000562
3.000414
0
0
0
0
0
3.506773
3.559749
3.558874
3.493251
3.336873
3.000983
3.000857
3.000723
3.000581
3.000431
0
0
0
0
0
3.390717
3.50597
3.557885
3.555826
3.489019
3.000984
3.000858
3.000724
3.000582
3.000431
0
0
0
0
0
3.114303
3.390387
3.505163
3.556582
3.554051
3.000959
3.000836
3.000704
3.000564
3.000414
0
0
0
0
0
3.005589
3.113502
3.389137
3.504394
3.555835
3.000906
3.000786
3.000659
3.000523
3.000377
0
0
0
0
0
2.922732
3.002725
3.111906
3.387036
3.503738
3.000825
3.000708
3.000588
3.00046
3.000321
0
0
0
0
0
2.862163
2.919167
2.997594
3.110842
3.384189
3.000717
3.000608
3.000496
3.000377
3.00025
0
0
0
0
0
2.816916
2.858456
2.913395
2.989401
3.102757
3.0006
3.000504
3.000401
3.000294
3.000178
0
0
0
0
0
2.782893
2.81378
2.853351
2.90561
2.978425
3.000519
3.000429
3.000335
3.000234
3.000124
0
0
0
0
0
2.764085
2.781241
2.810988
2.848719
2.898493
3.000474
3.000388
3.000298
3.000202
3.000095
0
0
0
0
0
2.753495
2.763162
2.779711
2.808578
2.844918
3.00045
3.000369
3.000282
3.000188
3.000084
0
0
0
0
0
2.749272
2.753053
2.7611
2.777379
2.805792
3.00044
3.000361
3.000279
3.000187
3.000084
0
0
0
0
0
2.744843
2.747874
2.751597
2.760252
2.776489
3.000439
3.00036
3.000278
3.000191
3.000092
0
0
0
0
0
2.393615
2.088891
3.000446
3.000365
3.00028
3.000189
3.000089
0
0
0
0
0
2.829583
2.386049
2.070368
3.000467
3.000383
3.000296
3.000202
3.000099
0
0
0
0
0
3.215848
2.801526
2.36499
2.03422
3.000512
3.000424
3.000332
3.000235
3.000128
0
0
0
0
0
3.434472
3.187904
2.754109
2.331118
1.981173
3.000593
3.000498
3.000399
3.000294
3.00018
0
0
0
0
0
3.542235
3.408016
3.152885
2.654233
2.292774
3.00071
3.000603
3.000493
3.000376
3.000251
0
0
0
0
0
3.579391
3.523712
3.38045
3.116483
2.610627
3.00082
3.000705
3.000584
3.000457
3.000321
0
0
0
0
0
3.565904
3.569614
3.508709
3.359479
3.088069
3.000905
3.000782
3.000654
3.00052
3.000377
0
0
0
0
0
3.507814
3.561905
3.562528
3.498374
3.344503
3.000958
3.000833
3.000701
3.000561
3.000413
0
0
0
0
0
3.39028
3.50644
3.558884
3.557518
3.49128
3.000984
3.000858
3.000724
3.000582
3.000431
0
0
0
0
0
3.114303
3.390387
3.505163
3.556583
3.554051
3.000984
3.000859
3.000726
3.000584
3.000432
0
0
0
0
0
3.007082
3.114639
3.389587
3.503945
3.554862
3.000958
3.000835
3.000705
3.000565
3.000415
0
0
0
0
0
2.924917
3.005819
3.114048
3.387931
3.502783
3.000907
3.000785
3.000659
3.000524
3.000379
0
0
0
0
0
2.864492
2.922894
3.003026
3.112663
3.385447
3.000827
3.00071
3.000587
3.00046
3.000322
0
0
0
0
0
2.819242
2.862264
2.919324
2.997964
3.111573
3.000718
3.00061
3.000497
3.000377
3.000249
0
0
0
0
0
2.784956
2.816956
2.858484
2.913532
2.989831
3.000601
3.000504
3.000403
3.000294
3.000177
0
0
0
0
0
2.76499
2.782873
2.813691
2.853287
2.905708
3.00052
3.00043
3.000336
3.000235
3.000125
0
0
0
0
0
2.753241
2.764
2.781075
2.810795
2.848605
3.000472
3.000388
3.000298
3.000202
3.000096
0
0
0
0
0
2.749064
2.753371
2.762912
2.779452
2.808349
3.000448
3.000367
3.000282
3.000189
3.000085
0
0
0
0
0
2.74586
2.749121
2.752748
2.760816
2.777194
3.000437
3.000359
3.000277
3.000188
3.000085
0
0
0
0
0
2.742381
2.744713
2.747568
2.751233
2.759966
3.000438
3.000359
3.000276
3.000188
3.000088
0
0
0
0
0
2.842825
2.392944
2.087025
3.000445
3.000363
3.000278
3.000187
3.000086
0
0
0
0
0
3.234681
2.829052
2.384533
2.067576
3.000465
3.000382
3.000294
3.0002
3.000097
0
0
0
0
0
3.455598
3.215313
2.800172
2.362758
2.030445
3.000511
3.000423
3.000331
3.000233
3.000126
0
0
0
0
0
3.560707
3.433989
3.186677
2.752213
2.328477
3.000593
3.000497
3.000398
3.000292
3.000178
0
0
0
0
0
3.591573
3.541795
3.406905
3.151035
2.656283
3.00071
3.000603
3.000492
3.000374
3.000248
0
0
0
0
0
3.571407
3.578977
3.522684
3.378774
3.114033
3.000822
3.000705
3.000584
3.000455
3.000319
0
0
0
0
0
3.50963
3.565522
3.568675
3.507192
3.35726
3.000906
3.000784
3.000655
3.00052
3.000375
0
0
0
0
0
3.389426
3.507468
3.561021
3.561147
3.49639
3.00096
3.000834
3.000703
3.000562
3.000413
0
0
0
0
0
3.113176
3.389943
3.505624
3.55757
3.555727
3.000984
3.000859
3.000726
3.000584
3.000432
0
0
0
0
0
3.007083
3.114639
3.389587
3.503945
3.554862
3.000983
3.000859
3.000727
3.000585
3.000434
0
0
0
0
0
2.925844
3.007323
3.115202
3.38839
3.502348
3.00096
3.000834
3.000705
3.000566
3.000416
0
0
0
0
0
2.865852
2.925098
3.006153
3.114864
3.38636
3.00091
3.000787
3.000658
3.000524
3.00038
0
0
0
0
0
2.820612
2.864623
2.923101
3.003466
3.113685
3.000828
3.000712
3.000589
3.000459
3.000322
0
0
0
0
0
2.786461
2.819322
2.86236
2.919558
2.998523
3.000718
3.000611
3.000499
3.000378
3.000249
0
0
0
0
0
2.766271
2.784981
2.816946
2.858534
2.913785
3.000602
3.000505
3.000404
3.000296
3.000178
0
0
0
0
0
2.753064
2.764929
2.782758
2.813575
2.853278
3.000518
3.000431
3.000336
3.000236
3.000126
0
0
0
0
0
2.748348
2.753131
2.763766
2.780848
2.810614
3.00047
3.000387
3.000299
3.000203
3.000097
0
0
0
0
0
2.745183
2.748914
2.753063
2.76256
2.779182
3.000446
3.000365
3.000281
3.000189
3.000086
0
0
0
0
0
2.743278
2.745706
2.748763
2.752317
2.760517
3.000435
3.000357
3.000275
3.000186
3.000085
0
0
0
0
0
2.733184
2.742248
2.744395
2.747137
2.750827
3.000436
3.000357
3.000274
3.000186
3.000085
0
0
0
0
0
3.244168
2.842296
2.39156
2.084274
3.000443
3.000362
3.000277
3.000186
3.000084
0
0
0
0
0
3.470122
3.234146
2.827808
2.382302
2.063914
3.000465
3.00038
3.000292
3.000199
3.000095
0
0
0
0
0
3.575884
3.455114
3.214086
2.798132
2.359846
3.000511
3.000422
3.000329
3.000231
3.000124
0
0
0
0
0
3.602288
3.560261
3.432877
3.184831
2.749764
3.000593
3.000497
3.000397
3.000291
3.000176
0
0
0
0
0
3.57834
3.591137
3.540778
3.405232
3.148602
3.000712
3.000604
3.000492
3.000373
3.000246
0
0
0
0
0
3.512537
3.570998
3.578004
3.521133
3.376569
3.000823
3.000707
3.000584
3.000455
3.000317
0
0
0
0
0
3.388255
3.509262
3.564609
3.567256
3.505192
3.000907
3.000785
3.000657
3.00052
3.000375
0
0
0
0
0
3.111098
3.389078
3.506633
3.559683
3.559325
3.000959
3.000836
3.000704
3.000564
3.000414
0
0
0
0
0
3.005589
3.113502
3.389137
3.504395
3.555835
3.000983
3.000859
3.000727
3.000585
3.000434
0
0
0
0
0
2.925844
3.007323
3.115202
3.38839
3.502348
3.000985
3.000858
3.000727
3.000587
3.000435
0
0
0
0
0
2.866396
2.926035
3.00767
3.11604
3.386828
3.000963
3.000836
3.000704
3.000566
3.000418
0
0
0
0
0
2.82141
2.866002
2.925335
3.006637
3.115962
3.000911
3.000789
3.00066
3.000524
3.000379
0
0
0
0
0
2.787283
2.820724
2.864768
2.923403
3.004114
3.000828
3.000712
3.000591
3.00046
3.000321
0
0
0
0
0
2.767238
2.786525
2.819379
2.862505
2.919935
3.000719
3.000612
3.000499
3.00038
3.00025
0
0
0
0
0
2.753277
2.766252
2.78494
2.81694
2.858672
3.000599
3.000506
3.000404
3.000297
3.00018
0
0
0
0
0
2.747668
2.752982
2.764739
2.782604
2.813497
3.000515
3.000429
3.000337
3.000237
3.000127
0
0
0
0
0
2.743795
2.748209
2.75285
2.763438
2.780623
3.000467
3.000385
3.000297
3.000204
3.000098
0
0
0
0
0
2.742387
2.74503
2.748557
2.752629
2.762169
3.000444
3.000363
3.000279
3.000188
3.000086
0
0
0
0
0
2.734003
2.743121
2.745337
2.748252
2.751822
3.000434
3.000355
3.000273
3.000185
3.000084
0
0
0
0
0
2.731108
2.733071
2.741922
2.743945
2.746643
3.000435
3.000356
3.000273
3.000184
3.000083
0
0
0
0
0
3.477442
3.243633
2.841073
2.389517
2.080665
3.000443
3.000361
3.000276
3.000184
3.000083
0
0
0
0
0
3.586362
3.469636
3.232918
2.825893
2.379392
3.000465
3.00038
3.000291
3.000197
3.000094
0
0
0
0
0
3.612094
3.575434
3.454
3.21224
2.795504
3.000512
3.000422
3.000328
3.00023
3.000122
0
0
0
0
0
3.584234
3.601864
3.55924
3.431207
3.182405
3.000595
3.000498
3.000397
3.00029
3.000174
0
0
0
0
0
3.516654
3.577907
3.590143
3.539256
3.403037
3.000713
3.000606
3.000493
3.000373
3.000245
0
0
0
0
0
3.387099
3.51214
3.570051
3.576542
3.519093
3.000824
3.000708
3.000586
3.000456
3.000317
0
0
0
0
0
3.109671
3.387888
3.508398
3.563236
3.565388
3.000907
3.000786
3.000658
3.000522
3.000376
0
0
0
0
0
3.002514
3.111401
3.388257
3.50538
3.557919
3.000958
3.000835
3.000705
3.000565
3.000415
0
0
0
0
0
2.924917
3.00582
3.114048
3.387931
3.502783
3.000985
3.000858
3.000726
3.000587
3.000435
0
0
0
0
0
2.866396
2.926035
3.00767
3.11604
3.386828
3.000988
3.000859
3.000726
3.000586
3.000436
0
0
0
0
0
2.821799
2.866556
2.926288
3.008172
3.117167
3.000963
3.000838
3.000705
3.000565
3.000417
0
0
0
0
0
2.787745
2.821542
2.866179
2.925678
3.007342
3.000911
3.00079
3.000662
3.000525
3.000379
0
0
0
0
0
2.767858
2.787376
2.82083
2.864982
2.923868
3.000829
3.000713
3.000591
3.000462
3.000322
0
0
0
0
0
2.753431
2.767256
2.786549
2.819467
2.862765
3.000716
3.000613
3.0005
3.00038
3.000251
0
0
0
0
0
2.747384
2.753239
2.766129
2.78489
2.817005
3.000597
3.000504
3.000405
3.000297
3.00018
0
0
0
0
0
2.74229
2.747553
2.75275
2.764475
2.782475
3.000513
3.000427
3.000335
3.000238
3.000128
0
0
0
0
0
2.7407
2.743655
2.747874
2.752454
2.763081
3.000466
3.000382
3.000296
3.000202
3.000098
0
0
0
0
0
2.73299
2.742231
2.744665
2.74805
2.752127
3.000442
3.000361
3.000277
3.000186
3.000085
0
0
0
0
0
2.731967
2.733866
2.742745
2.74481
2.747649
3.000432
3.000353
3.00027
3.000182
3.000083
0
0
0
0
0
2.736457
2.730985
2.732782
2.741459
2.743424
3.000435
3.000355
3.000272
3.000183
3.000082
0
0
0
0
0
3.59166
3.476956
3.242405
2.839232
2.386844
3.000443
3.00036
3.000274
3.000183
3.000081
0
0
0
0
0
3.619003
3.585911
3.468522
3.231071
2.82337
3.000466
3.00038
3.00029
3.000196
3.000092
0
0
0
0
0
3.589107
3.611667
3.574411
3.452331
3.209815
3.000513
3.000423
3.000329
3.000229
3.000121
0
0
0
0
0
3.52079
3.583811
3.60091
3.557718
3.429019
3.000596
3.000499
3.000397
3.00029
3.000174
0
0
0
0
0
3.387008
3.516227
3.576938
3.588663
3.537266
3.000714
3.000607
3.000494
3.000374
3.000245
0
0
0
0
0
3.101242
3.386707
3.511239
3.568635
3.574622
3.000824
3.000709
3.000587
3.000458
3.000318
0
0
0
0
0
2.997164
3.109916
3.387047
3.507108
3.561428
3.000906
3.000786
3.000659
3.000523
3.000377
0
0
0
0
0
2.922732
3.002725
3.111906
3.387036
3.503738
3.00096
3.000834
3.000705
3.000566
3.000416
0
0
0
0
0
2.865852
2.925098
3.006153
3.114864
3.38636
3.000988
3.000859
3.000726
3.000586
3.000436
0
0
0
0
0
2.821799
2.866556
2.926288
3.008172
3.117167
3.000988
3.000862
3.000727
3.000586
3.000436
0
0
0
0
0
2.787973
2.82194
2.866749
2.926653
3.008898
3.000963
3.000839
3.000707
3.000567
3.000417
0
0
0
0
0
2.768156
2.787858
2.82168
2.866433
2.926193
3.000912
3.00079
3.000662
3.000527
3.00038
0
0
0
0
0
2.753509
2.767904
2.787449
2.820988
2.86533
3.000826
3.000714
3.000592
3.000462
3.000324
0
0
0
0
0
2.747209
2.753433
2.767193
2.78659
2.819654
3.000714
3.00061
3.000501
3.000381
3.000252
0
0
0
0
0
2.741148
2.747307
2.753079
2.76596
2.784897
3.000595
3.000501
3.000403
3.000298
3.000181
0
0
0
0
0
2.738838
2.742174
2.747258
2.752426
2.764203
3.000511
3.000424
3.000333
3.000236
3.000128
0
0
0
0
0
2.731165
2.740557
2.743314
2.747399
2.752006
3.000464
3.00038
3.000293
3.0002
3.000097
0
0
0
0
0
2.731027
2.732856
2.741858
2.744144
2.747452
3.000441
3.000359
3.000274
3.000184
3.000084
0
0
0
0
0
2.735456
2.73182
2.733528
2.742204
2.744183
3.000428
3.000351
3.000268
3.000179
3.000081
0
0
0
0
0
2.736612
2.736285
2.73068
2.732373
2.740918
3.000435
3.000354
3.00027
3.000181
3.00008
0
0
0
0
0
3.622526
3.591208
3.475842
3.240558
2.836812
3.000444
3.00036
3.000274
3.000182
3.00008
0
0
0
0
0
3.593034
3.618575
3.584887
3.466852
3.228644
3.000467
3.000381
3.000291
3.000195
3.000091
0
0
0
0
0
3.523229
3.588692
3.610713
3.572888
3.450144
3.000514
3.000424
3.000329
3.000229
3.00012
0
0
0
0
0
3.390851
3.520348
3.582876
3.5995
3.555732
3.000597
3.0005
3.000399
3.000291
3.000174
0
0
0
0
0
3.088674
3.386588
3.515289
3.575505
3.586728
3.000714
3.000608
3.000495
3.000376
3.000246
0
0
0
0
0
2.988818
3.101439
3.385841
3.509903
3.566777
3.000823
3.000709
3.000588
3.000459
3.00032
0
0
0
0
0
2.919036
2.997343
3.110292
3.385804
3.505423
3.000907
3.000785
3.000659
3.000524
3.000379
0
0
0
0
0
2.864492
2.922895
3.003026
3.112663
3.385447
3.000962
3.000836
3.000704
3.000566
3.000418
0
0
0
0
0
2.821411
2.866002
2.925335
3.006637
3.115962
3.000988
3.000862
3.000727
3.000586
3.000436
0
0
0
0
0
2.787973
2.82194
2.866749
2.926653
3.008898
3.000988
3.000862
3.000729
3.000587
3.000435
0
0
0
0
0
2.768206
2.788096
2.822093
2.867026
2.927196
3.000965
3.000839
3.000708
3.000569
3.000418
0
0
0
0
0
2.753493
2.76822
2.787963
2.82188
2.866833
3.000909
3.000791
3.000663
3.000527
3.000382
0
0
0
0
0
2.747108
2.753541
2.767884
2.787559
2.821264
3.000823
3.000711
3.000593
3.000463
3.000324
0
0
0
0
0
2.740289
2.747167
2.753338
2.767108
2.786715
3.000711
3.000607
3.000498
3.000382
3.000252
0
0
0
0
0
2.737334
2.741072
2.747073
2.752855
2.765811
3.000593
3.000499
3.000401
3.000296
3.000182
0
0
0
0
0
2.729183
2.738719
2.741877
2.74684
2.752071
3.00051
3.000422
3.000331
3.000234
3.000127
0
0
0
0
0
2.729285
2.731044
2.740207
2.742829
2.746844
3.000463
3.000379
3.000291
3.000198
3.000096
0
0
0
0
0
2.733571
2.730881
2.732524
2.741324
2.743527
3.000437
3.000357
3.000272
3.000181
3.000081
0
0
0
0
0
2.736285
2.735288
2.731464
2.733045
2.741559
3.000423
3.000347
3.000266
3.000177
3.000078
0
0
0
0
0
2.739491
2.736482
2.735884
2.730249
2.731904
3.000436
3.000354
3.00027
3.00018
3.000079
0
0
0
0
0
3.59509
3.622097
3.590184
3.474172
3.238131
3.000445
3.000361
3.000274
3.000181
3.000079
0
0
0
0
0
3.524093
3.592618
3.61762
3.583364
3.464665
3.000468
3.000382
3.000291
3.000195
3.00009
0
0
0
0
0
3.393388
3.522791
3.587782
3.609305
3.570902
3.000515
3.000425
3.000331
3.00023
3.00012
0
0
0
0
0
3.076575
3.3904
3.519389
3.581501
3.59767
3.000597
3.000501
3.0004
3.000292
3.000175
0
0
0
0
0
2.977857
3.088814
3.385692
3.513908
3.573638
3.000713
3.000608
3.000496
3.000377
3.000247
0
0
0
0
0
2.913218
2.988953
3.101734
3.38457
3.50816
3.000825
3.000708
3.000588
3.00046
3.000321
0
0
0
0
0
2.862163
2.919168
2.997594
3.110842
3.384189
3.00091
3.000787
3.000658
3.000524
3.00038
0
0
0
0
0
2.820613
2.864623
2.923101
3.003466
3.113685
3.000963
3.000838
3.000705
3.000565
3.000417
0
0
0
0
0
2.787745
2.821542
2.866179
2.925678
3.007342
3.000988
3.000862
3.000729
3.000587
3.000435
0
0
0
0
0
2.768207
2.788096
2.822093
2.867026
2.927196
3.00099
3.000863
3.00073
3.000589
3.000437
0
0
0
0
0
2.753494
2.768279
2.788215
2.822313
2.867454
3.000961
3.000841
3.000708
3.000569
3.00042
0
0
0
0
0
2.747009
2.753546
2.768229
2.788115
2.82221
3.000905
3.000788
3.000664
3.000527
3.000382
0
0
0
0
0
2.739708
2.747093
2.753494
2.767858
2.787772
3.000821
3.000708
3.00059
3.000464
3.000325
0
0
0
0
0
2.73618
2.74025
2.746988
2.753204
2.767067
3.000709
3.000605
3.000496
3.00038
3.000253
0
0
0
0
0
2.727598
2.737252
2.740838
2.74674
2.75263
3.000592
3.000497
3.000399
3.000295
3.00018
0
0
0
0
0
2.727368
2.729088
2.73841
2.741455
2.746363
3.000509
3.000421
3.000329
3.000232
3.000125
0
0
0
0
0
2.731091
2.72915
2.730738
2.739708
2.74226
3.00046
3.000377
3.000289
3.000196
3.000093
0
0
0
0
0
2.736368
2.733414
2.730529
2.732049
2.740687
3.000432
3.000354
3.00027
3.000179
3.000079
0
0
0
0
0
2.739809
2.73615
2.734896
2.730957
2.732474
3.000419
3.000342
3.000262
3.000175
3.000076
0
0
0
0
0
2.737876
2.739356
2.736158
2.735308
2.729753
3.000437
3.000355
3.00027
3.00018
3.000078
0
0
0
0
0
3.523989
3.594673
3.621141
3.588661
3.471986
3.000446
3.000362
3.000275
3.000181
3.000078
0
0
0
0
0
3.421301
3.523665
3.591709
3.616211
3.581377
3.000469
3.000383
3.000293
3.000196
3.00009
0
0
0
0
0
3.065992
3.39292
3.521847
3.586452
3.60748
3.000515
3.000426
3.000332
3.000231
3.000121
0
0
0
0
0
2.967796
3.076685
3.389437
3.517982
3.579719
3.000596
3.000501
3.000401
3.000293
3.000176
0
0
0
0
0
2.905551
2.977937
3.089018
3.384392
3.512111
3.000715
3.000607
3.000496
3.000378
3.000249
0
0
0
0
0
2.858396
2.913307
2.989131
3.102172
3.382927
3.000827
3.00071
3.000587
3.000459
3.000322
0
0
0
0
0
2.819242
2.862264
2.919325
2.997964
3.111573
3.00091
3.000789
3.00066
3.000524
3.000379
0
0
0
0
0
2.787283
2.820724
2.864768
2.923403
3.004114
3.000963
3.000839
3.000707
3.000567
3.000417
0
0
0
0
0
2.768157
2.787858
2.82168
2.866433
2.926193
3.00099
3.000863
3.00073
3.000589
3.000437
0
0
0
0
0
2.753494
2.76828
2.788215
2.822313
2.867454
3.000986
3.000864
3.00073
3.000589
3.000438
0
0
0
0
0
2.746978
2.753556
2.768304
2.788387
2.822666
3.000958
3.000837
3.00071
3.000569
3.00042
0
0
0
0
0
2.739305
2.747011
2.75353
2.768241
2.788381
3.000903
3.000785
3.000661
3.000529
3.000382
0
0
0
0
0
2.735385
2.739696
2.746955
2.753425
2.76789
3.00082
3.000706
3.000588
3.000462
3.000326
0
0
0
0
0
2.726383
2.736135
2.740075
2.746732
2.753095
3.000709
3.000603
3.000493
3.000378
3.000252
0
0
0
0
0
2.725834
2.727542
2.737005
2.740504
2.746371
3.000592
3.000496
3.000397
3.000292
3.000179
0
0
0
0
0
2.728511
2.727256
2.728827
2.73797
2.740969
3.000506
3.00042
3.000327
3.000229
3.000123
0
0
0
0
0
2.734583
2.730951
2.72882
2.730303
2.739117
3.000455
3.000374
3.000287
3.000194
3.00009
0
0
0
0
0
2.737771
2.736209
2.733041
2.730026
2.731492
3.000428
3.000348
3.000266
3.000177
3.000076
0
0
0
0
0
2.737172
2.739652
2.735817
2.734333
2.730356
3.000422
3.000337
3.000256
3.00017
3.000073
0
0
0
0
0
2.735031
2.737755
2.73902
2.735697
2.734618
3.000438
3.000356
3.000271
3.00018
3.000077
0
0
0
0
0
3.423897
3.523574
3.593765
3.619732
3.586675
3.000447
3.000363
3.000276
3.000182
3.000078
0
0
0
0
0
3.06038
3.420187
3.522751
3.590382
3.614385
3.000469
3.000384
3.000294
3.000197
3.000091
0
0
0
0
0
2.959733
3.066106
3.391956
3.520468
3.584737
3.000515
3.000426
3.000333
3.000232
3.000122
0
0
0
0
0
2.898618
2.967841
3.076836
3.38803
3.516152
3.000598
3.000501
3.000401
3.000294
3.000177
0
0
0
0
0
2.853391
2.90559
2.978023
3.089328
3.382717
3.000717
3.000608
3.000496
3.000377
3.00025
0
0
0
0
0
2.816916
2.858456
2.913395
2.989401
3.102757
3.000828
3.000712
3.000589
3.000459
3.000321
0
0
0
0
0
2.786461
2.819323
2.86236
2.919558
2.998523
3.000911
3.00079
3.000662
3.000525
3.000379
0
0
0
0
0
2.767858
2.787376
2.820831
2.864982
2.923869
3.000965
3.000839
3.000708
3.000569
3.000418
0
0
0
0
0
2.753494
2.76822
2.787963
2.82188
2.866833
3.000986
3.000864
3.00073
3.000589
3.000438
0
0
0
0
0
2.746979
2.753556
2.768304
2.788387
2.822666
3.000982
3.000861
3.000732
3.00059
3.000438
0
0
0
0
0
2.739126
2.746989
2.753556
2.768337
2.788676
3.000955
3.000834
3.000707
3.000571
3.00042
0
0
0
0
0
2.734925
2.739312
2.746901
2.753505
2.768321
3.000903
3.000783
3.000658
3.000526
3.000384
0
0
0
0
0
2.725549
2.735368
2.739565
2.746754
2.753398
3.00082
3.000706
3.000586
3.000459
3.000324
0
0
0
0
0
2.724731
2.726364
2.735946
2.739822
2.746461
3.000709
3.000602
3.000491
3.000375
3.00025
0
0
0
0
0
2.726386
2.72576
2.727345
2.736649
2.740134
3.000589
3.000495
3.000395
3.00029
3.000176
0
0
0
0
0
2.732247
2.728398
2.726967
2.728456
2.737459
3.000502
3.000417
3.000326
3.000228
3.00012
0
0
0
0
0
2.73444
2.734429
2.73061
2.728351
2.729798
3.000451
3.000369
3.000284
3.000192
3.000088
0
0
0
0
0
2.736488
2.737621
2.735828
2.732508
2.729433
3.000431
3.000344
3.000261
3.000173
3.000074
0
0
0
0
0
2.734481
2.737049
2.739271
2.735343
2.733661
3.00043
3.00034
3.000251
3.000165
3.000068
0
0
0
0
0
2.722123
2.734898
2.737442
2.73854
2.735156
3.000439
3.000357
3.000272
3.000181
3.000077
0
0
0
0
0
3.057299
3.422762
3.52269
3.592438
3.617907
3.000447
3.000364
3.000277
3.000183
3.000079
0
0
0
0
0
2.95294
3.060426
3.418035
3.521422
3.588672
3.000469
3.000384
3.000295
3.000198
3.000092
0
0
0
0
0
2.893042
2.959763
3.066271
3.390565
3.518682
3.000516
3.000426
3.000333
3.000233
3.000123
0
0
0
0
0
2.848987
2.898625
2.967865
3.077072
3.386197
3.0006
3.000502
3.0004
3.000294
3.000178
0
0
0
0
0
2.813786
2.853403
2.905593
2.978163
3.089748
3.000718
3.00061
3.000497
3.000377
3.000249
0
0
0
0
0
2.784957
2.816956
2.858484
2.913532
2.989831
3.000828
3.000712
3.000591
3.00046
3.000321
0
0
0
0
0
2.767239
2.786525
2.819379
2.862505
2.919935
3.000912
3.00079
3.000662
3.000527
3.00038
0
0
0
0
0
2.75351
2.767904
2.78745
2.820988
2.865331
3.000961
3.000841
3.000708
3.000569
3.000419
0
0
0
0
0
2.747009
2.753546
2.76823
2.788115
2.82221
3.000982
3.000861
3.000732
3.00059
3.000438
0
0
0
0
0
2.739126
2.746989
2.753556
2.768337
2.788676
3.00098
3.000857
3.000729
3.000591
3.000439
0
0
0
0
0
2.734758
2.739142
2.746892
2.75355
2.768445
3.000955
3.000832
3.000704
3.000568
3.000422
0
0
0
0
0
2.725076
2.734928
2.73921
2.746737
2.753532
3.000904
3.000783
3.000656
3.000524
3.000381
0
0
0
0
0
2.72413
2.725559
2.735225
2.739372
2.746553
3.00082
3.000705
3.000585
3.000458
3.000322
0
0
0
0
0
2.724809
2.724691
2.726227
2.735671
2.739556
3.000706
3.000602
3.00049
3.000373
3.000247
0
0
0
0
0
2.730168
2.726314
2.72553
2.727064
2.736247
3.000585
3.000492
3.000394
3.000288
3.000174
0
0
0
0
0
2.7306
2.732111
2.728105
2.726556
2.728037
3.000498
3.000412
3.000323
3.000226
3.000119
0
0
0
0
0
2.73354
2.734309
2.734057
2.730125
2.727804
3.000454
3.000365
3.000279
3.000188
3.000086
0
0
0
0
0
2.734105
2.73635
2.737252
2.735282
2.731875
3.000439
3.000347
3.000256
3.000168
3.00007
0
0
0
0
0
2.722877
2.734346
2.736734
2.73872
2.734787
3.000506
3.000347
3.000254
3.00016
3.000063
0
0
0
0
0
2.704512
2.721985
2.734566
2.736993
2.737974
3.000439
3.000358
3.000273
3.000182
3.000078
0
0
0
0
0
2.949933
3.057341
3.42059
3.521411
3.590731
3.000447
3.000364
3.000278
3.000184
3.000081
0
0
0
0
0
2.887937
2.952988
3.060457
3.414897
3.519711
3.00047
3.000384
3.000294
3.000199
3.000093
0
0
0
0
0
2.845422
2.893036
2.959759
3.066533
3.388771
3.000518
3.000427
3.000332
3.000233
3.000124
0
0
0
0
0
2.811165
2.848969
2.898571
2.967914
3.077396
3.0006
3.000504
3.000401
3.000294
3.000178
0
0
0
0
0
2.782893
2.81378
2.853351
2.90561
2.978425
3.000718
3.000611
3.000499
3.000378
3.000249
0
0
0
0
0
2.766272
2.784981
2.816946
2.858534
2.913785
3.000829
3.000713
3.000591
3.000462
3.000322
0
0
0
0
0
2.753431
2.767257
2.786549
2.819467
2.862765
3.000909
3.000791
3.000663
3.000527
3.000382
0
0
0
0
0
2.747108
2.753542
2.767885
2.787559
2.821265
3.000958
3.000837
3.00071
3.000569
3.00042
0
0
0
0
0
2.739305
2.747011
2.753531
2.768242
2.788381
3.00098
3.000857
3.000729
3.000591
3.000439
0
0
0
0
0
2.734758
2.739142
2.746892
2.75355
2.768445
3.00098
3.000855
3.000725
3.000588
3.00044
0
0
0
0
0
2.72481
2.734772
2.739054
2.746745
2.753602
3.000957
3.000831
3.000701
3.000565
3.000419
0
0
0
0
0
2.723671
2.725105
2.734815
2.739057
2.746581
3.000904
3.000783
3.000656
3.000522
3.00038
0
0
0
0
0
2.723854
2.724116
2.725468
2.735011
2.73918
3.000818
3.000705
3.000584
3.000457
3.00032
0
0
0
0
0
2.728607
2.724775
2.724517
2.72603
2.735371
3.000704
3.000599
3.00049
3.000372
3.000245
0
0
0
0
0
2.727097
2.730065
2.726087
2.725203
2.72676
3.000581
3.000489
3.000391
3.000287
3.000172
0
0
0
0
0
2.729718
2.7305
2.731772
2.727689
2.726088
3.000501
3.000408
3.000318
3.000223
3.000117
0
0
0
0
0
2.731597
2.733419
2.733977
2.733525
2.729556
3.000461
3.000368
3.000275
3.000183
3.000083
0
0
0
0
0
2.721646
2.733952
2.736002
2.736721
2.734627
3.000513
3.000354
3.000259
3.000163
3.000065
0
0
0
0
0
2.705653
2.722715
2.734009
2.736283
2.738058
3.000424
3.000261
3.000161
3.000058
0
0
0
0
0
2.695987
2.704375
2.721652
2.734089
2.736466
3.000439
3.000358
3.000274
3.000183
3.000079
0
0
0
0
0
2.885767
2.949984
3.057363
3.417433
3.519774
3.000448
3.000364
3.000278
3.000185
3.000082
0
0
0
0
0
2.84169
2.88795
2.953021
3.060516
3.410766
3.000472
3.000384
3.000294
3.000199
3.000094
0
0
0
0
0
2.809019
2.845391
2.892956
2.959766
3.066895
3.000518
3.000429
3.000333
3.000233
3.000124
0
0
0
0
0
2.781289
2.811129
2.848862
2.898506
2.968056
3.000601
3.000504
3.000403
3.000294
3.000177
0
0
0
0
0
2.76499
2.782873
2.813691
2.853287
2.905708
3.000719
3.000612
3.000499
3.00038
3.00025
0
0
0
0
0
2.753277
2.766252
2.78494
2.81694
2.858673
3.000826
3.000714
3.000592
3.000462
3.000324
0
0
0
0
0
2.747209
2.753433
2.767194
2.78659
2.819654
3.000905
3.000788
3.000664
3.000527
3.000382
0
0
0
0
0
2.739708
2.747093
2.753495
2.767858
2.787772
3.000955
3.000834
3.000707
3.000571
3.00042
0
0
0
0
0
2.734925
2.739312
2.746901
2.753505
2.768322
3.00098
3.000855
3.000725
3.000588
3.00044
0
0
0
0
0
2.724811
2.734772
2.739054
2.746745
2.753602
3.000982
3.000855
3.000723
3.000586
3.000438
0
0
0
0
0
2.723534
2.724849
2.734674
2.738919
2.74661
3.000958
3.000833
3.000701
3.000563
3.000417
0
0
0
0
0
2.723163
2.723675
2.725042
2.734641
2.738914
3.000902
3.000783
3.000656
3.000522
3.000377
0
0
0
0
0
2.72768
2.723849
2.723981
2.725333
2.734788
3.000815
3.000702
3.000583
3.000455
3.000319
0
0
0
0
0
2.724371
2.728536
2.724609
2.724267
2.725833
3.000701
3.000597
3.000487
3.000371
3.000244
0
0
0
0
0
2.726044
2.727043
2.729778
2.725764
2.724843
3.000583
3.000485
3.000387
3.000284
3.00017
0
0
0
0
0
2.728313
2.729634
2.730227
2.731287
2.727212
3.000507
3.000411
3.000314
3.000218
3.000113
0
0
0
0
0
2.719456
2.731457
2.733105
2.733502
2.732893
3.000528
3.000374
3.000277
3.000178
3.000078
0
0
0
0
0
2.705238
2.721488
2.733577
2.7355
2.736087
3.000429
3.000266
3.000164
3.00006
0
0
0
0
0
2.695117
2.70549
2.722332
2.733526
2.735754
3.000337
3.000169
3.000059
0
0
0
0
0
2.688264
2.695822
2.704052
2.721179
2.733526
3.000439
3.000358
3.000274
3.000184
3.00008
0
0
0
0
0
2.8402
2.885783
2.95002
3.05741
3.413288
3.000449
3.000365
3.000278
3.000185
3.000082
0
0
0
0
0
2.806258
2.841679
2.88791
2.953087
3.060671
3.000472
3.000386
3.000295
3.000199
3.000094
0
0
0
0
0
2.779957
2.808972
2.845261
2.892852
2.95985
3.000519
3.000429
3.000335
3.000234
3.000124
0
0
0
0
0
2.764085
2.781241
2.810988
2.848719
2.898493
3.000602
3.000505
3.000404
3.000296
3.000178
0
0
0
0
0
2.753064
2.76493
2.782758
2.813575
2.853278
3.000716
3.000613
3.0005
3.00038
3.000251
0
0
0
0
0
2.747385
2.753239
2.766129
2.78489
2.817005
3.000823
3.000711
3.000593
3.000463
3.000324
0
0
0
0
0
2.740289
2.747167
2.753338
2.767108
2.786715
3.000903
3.000785
3.000661
3.000529
3.000382
0
0
0
0
0
2.735385
2.739697
2.746955
2.753426
2.767891
3.000955
3.000831
3.000704
3.000568
3.000422
0
0
0
0
0
2.725077
2.734928
2.73921
2.746737
2.753532
3.000982
3.000855
3.000723
3.000586
3.000438
0
0
0
0
0
2.723534
2.724849
2.734674
2.738919
2.74661
3.000984
3.000856
3.000723
3.000583
3.000436
0
0
0
0
0
2.722907
2.723545
2.724801
2.734519
2.738798
3.000956
3.000834
3.000703
3.000563
3.000415
0
0
0
0
0
2.727019
2.723178
2.723567
2.724945
2.734466
3.000899
3.000781
3.000656
3.000522
3.000377
0
0
0
0
0
2.722514
2.727632
2.723728
2.723782
2.725213
3.000813
3.0007
3.000581
3.000455
3.000318
0
0
0
0
0
2.723131
2.72436
2.728299
2.724371
2.724005
3.000706
3.000594
3.000484
3.000368
3.000242
0
0
0
0
0
2.725199
2.726013
2.726847
2.729366
2.725406
3.000588
3.000487
3.000383
3.00028
3.000167
0
0
0
0
0
2.716983
2.728204
2.729385
2.729836
2.730717
3.000557
3.000416
3.000316
3.000214
3.000109
0
0
0
0
0
2.70426
2.719313
2.731108
2.732653
2.732942
3.000443
3.000283
3.00018
3.000073
0
0
0
0
0
2.693499
2.705072
2.721112
2.733036
2.734901
3.000341
3.000171
3.00006
0
0
0
0
0
2.687164
2.694956
2.705112
2.721784
2.732957
3.000242
3.000066
0
0
0
0
0
2.686833
2.688101
2.695439
2.703601
2.720628
3.000441
3.000359
3.000274
3.000183
3.000081
0
0
0
0
0
2.805248
2.840192
2.885747
2.950091
3.057551
3.00045
3.000367
3.000279
3.000185
3.000082
0
0
0
0
0
2.77776
2.80623
2.841588
2.887867
2.953252
3.000473
3.000387
3.000297
3.0002
3.000094
0
0
0
0
0
2.763256
2.779898
2.808807
2.845082
2.892788
3.00052
3.00043
3.000336
3.000235
3.000125
0
0
0
0
0
2.753241
2.764
2.781075
2.810795
2.848605
3.000599
3.000506
3.000404
3.000297
3.00018
0
0
0
0
0
2.747668
2.752982
2.764739
2.782604
2.813497
3.000714
3.00061
3.000501
3.000381
3.000252
0
0
0
0
0
2.741148
2.747307
2.753079
2.76596
2.784897
3.000821
3.000708
3.00059
3.000464
3.000325
0
0
0
0
0
2.736181
2.74025
2.746988
2.753204
2.767067
3.000903
3.000783
3.000658
3.000526
3.000384
0
0
0
0
0
2.725551
2.735369
2.739565
2.746754
2.753399
3.000957
3.000831
3.000701
3.000565
3.000419
0
0
0
0
0
2.723671
2.725106
2.734815
2.739057
2.746582
3.000984
3.000856
3.000723
3.000583
3.000436
0
0
0
0
0
2.722908
2.723545
2.724801
2.734519
2.738798
3.000982
3.000858
3.000724
3.000583
3.000433
0
0
0
0
0
2.726785
2.72293
2.723446
2.724723
2.734365
3.000953
3.000831
3.000703
3.000564
3.000415
0
0
0
0
0
2.721429
2.726987
2.723088
2.723405
2.724872
3.000896
3.000778
3.000653
3.000521
3.000377
0
0
0
0
0
2.72112
2.722535
2.727431
2.723549
2.723582
3.000816
3.000697
3.000578
3.000452
3.000316
0
0
0
0
0
2.722756
2.723148
2.724235
2.727956
2.724123
3.000712
3.000598
3.000482
3.000365
3.00024
0
0
0
0
0
2.714851
2.725136
2.725854
2.726567
2.72889
3.000626
3.000491
3.000385
3.000276
3.000163
0
0
0
0
0
2.703309
2.716868
2.72791
2.729028
2.72939
3.000471
3.000321
3.000215
3.000105
0
0
0
0
0
2.691434
2.704101
2.718966
2.730606
2.732121
3.000352
3.000186
3.000073
0
0
0
0
0
2.685115
2.69335
2.704691
2.720575
2.732387
3.000243
3.000067
0
0
0
0
0
2.685598
2.687008
2.694584
2.704578
2.721129
3.000135
0
0
0
0
0
2.686955
2.686656
2.687723
2.694899
2.703082
3.000442
3.000361
3.000275
3.000183
3.000081
0
0
0
0
0
2.77703
2.805224
2.840106
2.885709
2.95026
3.000451
3.000368
3.00028
3.000186
3.000082
0
0
0
0
0
2.761378
2.777721
2.806105
2.84147
2.887885
3.000474
3.000388
3.000298
3.000202
3.000095
0
0
0
0
0
2.753495
2.763163
2.779712
2.808579
2.844918
3.000518
3.000431
3.000336
3.000236
3.000126
0
0
0
0
0
2.748348
2.753131
2.763766
2.780848
2.810614
3.000597
3.000504
3.000405
3.000297
3.00018
0
0
0
0
0
2.74229
2.747553
2.75275
2.764475
2.782475
3.000711
3.000607
3.000498
3.000382
3.000252
0
0
0
0
0
2.737334
2.741072
2.747073
2.752855
2.765811
3.00082
3.000706
3.000588
3.000462
3.000326
0
0
0
0
0
2.726384
2.736135
2.740075
2.746732
2.753095
3.000904
3.000783
3.000656
3.000524
3.000381
0
0
0
0
0
2.72413
2.725561
2.735225
2.739372
2.746553
3.000958
3.000833
3.000701
3.000563
3.000417
0
0
0
0
0
2.723164
2.723675
2.725043
2.734641
2.738914
3.000982
3.000858
3.000724
3.000583
3.000433
0
0
0
0
0
2.726786
2.72293
2.723446
2.724724
2.734365
3.000979
3.000857
3.000726
3.000585
3.000433
0
0
0
0
0
2.720881
2.72676
2.722852
2.723297
2.724675
3.00095
3.000829
3.000701
3.000565
3.000416
0
0
0
0
0
2.719926
2.721471
2.726812
2.722952
2.723252
3.0009
3.000775
3.000651
3.000518
3.000376
0
0
0
0
0
2.721097
2.721175
2.722462
2.727135
2.723374
3.000822
3.0007
3.000575
3.000449
3.000314
0
0
0
0
0
2.713179
2.722737
2.723071
2.724054
2.72757
3.000742
3.000605
3.000485
3.000363
3.000237
0
0
0
0
0
2.702786
2.714779
2.72492
2.725626
2.726263
3.000532
3.000389
3.000276
3.000159
0
0
0
0
0
2.689398
2.703166
2.716571
2.727489
2.728624
3.000377
3.00022
3.000105
0
0
0
0
0
2.682462
2.691304
2.703733
2.718474
2.730009
3.00025
3.00008
0
0
0
0
0
2.68327
2.684973
2.693
2.704152
2.719937
3.000133
0
0
0
0
0
2.68546
2.685428
2.686643
2.694059
2.703947
0
0
0
0
0
2.686071
2.686772
2.686249
2.687187
2.69426
3.000443
3.000362
3.000277
3.000184
3.000081
0
0
0
0
0
2.760791
2.776994
2.805104
2.839994
2.885734
3.000452
3.000368
3.000281
3.000187
3.000083
0
0
0
0
0
2.753176
2.761306
2.777576
2.805938
2.84139
3.000472
3.000388
3.000298
3.000202
3.000096
0
0
0
0
0
2.749064
2.753371
2.762912
2.779452
2.808349
3.000515
3.000429
3.000337
3.000237
3.000127
0
0
0
0
0
2.743795
2.748209
2.75285
2.763438
2.780623
3.000595
3.000501
3.000403
3.000298
3.000181
0
0
0
0
0
2.738839
2.742174
2.747258
2.752426
2.764203
3.000709
3.000605
3.000496
3.00038
3.000253
0
0
0
0
0
2.727599
2.737252
2.740838
2.74674
2.752631
3.00082
3.000706
3.000586
3.000459
3.000324
0
0
0
0
0
2.724731
2.726366
2.735946
2.739822
2.746462
3.000904
3.000783
3.000656
3.000522
3.000379
0
0
0
0
0
2.723855
2.724117
2.725469
2.735011
2.73918
3.000956
3.000834
3.000703
3.000563
3.000415
0
0
0
0
0
2.72702
2.723178
2.723567
2.724946
2.734467
3.000979
3.000857
3.000726
3.000585
3.000433
0
0
0
0
0
2.720881
2.726761
2.722852
2.723297
2.724675
3.000976
3.000854
3.000724
3.000586
3.000434
0
0
0
0
0
2.719318
2.720932
2.726593
2.722733
2.72316
3.000953
3.000825
3.000698
3.000562
3.000416
0
0
0
0
0
2.720137
2.720004
2.72143
2.72655
2.722831
3.000909
3.000778
3.000647
3.000515
3.000373
0
0
0
0
0
2.712012
2.721111
2.721158
2.722354
2.726805
3.000844
3.000706
3.000578
3.000446
3.000311
0
0
0
0
0
2.702458
2.713147
2.722593
2.722958
2.72388
3.000637
3.000491
3.000365
3.000235
0
0
0
0
0
2.687844
2.702673
2.714552
2.724609
2.725388
3.000431
3.00028
3.000159
0
0
0
0
0
2.679744
2.689299
2.702825
2.716151
2.726998
3.000271
3.00011
0
0
0
0
0
2.680186
2.682343
2.690991
2.703214
2.717895
3.000141
0
0
0
0
0
2.6826
2.683116
2.684635
2.692508
2.703517
0
0
0
0
0
2.686291
2.685285
2.685035
2.686126
2.693441
0
0
0
0
2.681546
2.685902
2.686349
2.68567
2.686554
3.000444
3.000362
3.000277
3.000186
3.000082
0
0
0
0
0
2.75196
2.760723
2.776854
2.804943
2.839921
3.00045
3.000369
3.000282
3.000188
3.000084
0
0
0
0
0
2.749272
2.753053
2.7611
2.777379
2.805792
3.00047
3.000387
3.000299
3.000203
3.000097
0
0
0
0
0
2.745183
2.748914
2.753063
2.76256
2.779182
3.000513
3.000427
3.000335
3.000238
3.000128
0
0
0
0
0
2.7407
2.743655
2.747874
2.752455
2.763081
3.000593
3.000499
3.000401
3.000296
3.000182
0
0
0
0
0
2.729184
2.738719
2.741877
2.746841
2.752071
3.000709
3.000603
3.000493
3.000378
3.000252
0
0
0
0
0
2.725834
2.727543
2.737005
2.740505
2.746371
3.00082
3.000705
3.000585
3.000458
3.000322
0
0
0
0
0
2.724809
2.724692
2.726229
2.735671
2.739556
3.000902
3.000783
3.000656
3.000521
3.000377
0
0
0
0
0
2.727682
2.723849
2.723981
2.725334
2.734788
3.000953
3.000831
3.000703
3.000564
3.000415
0
0
0
0
0
2.721431
2.726989
2.723088
2.723405
2.724873
3.000976
3.000854
3.000724
3.000586
3.000434
0
0
0
0
0
2.719318
2.720933
2.726594
2.722733
2.72316
3.000979
3.00085
3.000721
3.000584
3.000435
0
0
0
0
0
2.719646
2.719408
2.720907
2.726343
2.722632
3.000962
3.000828
3.000694
3.000559
3.000413
0
0
0
0
0
2.711324
2.720172
2.720026
2.721365
2.726264
3.000923
3.000787
3.00065
3.000512
3.000371
0
0
0
0
0
2.702275
2.712011
2.72102
2.721129
2.722271
3.000731
3.000583
3.000448
3.000309
0
0
0
0
0
2.686648
2.702374
2.712987
2.722383
2.72287
3.000525
3.000371
3.000237
0
0
0
0
0
2.677482
2.68779
2.702378
2.714231
2.724262
3.000321
3.000163
0
0
0
0
0
2.676908
2.67966
2.68904
2.702346
2.715668
3.000161
0
0
0
0
0
2.678721
2.680056
2.682047
2.690553
2.702606
0
0
0
0
0
2.683955
2.682443
2.682751
2.684159
2.691936
0
0
0
0
2.680951
2.686102
2.684878
2.684477
2.685519
0
0
0
2.67083
2.681373
2.68551
2.685747
2.68498
3.000442
3.000363
3.000278
3.000186
3.000083
0
0
0
0
0
2.747999
2.751858
2.760525
2.776665
2.804806
3.000448
3.000367
3.000282
3.000189
3.000085
0
0
0
0
0
2.74586
2.749121
2.752748
2.760816
2.777194
3.000467
3.000385
3.000297
3.000204
3.000098
0
0
0
0
0
2.742387
2.74503
2.748557
2.752629
2.762169
3.000511
3.000424
3.000333
3.000236
3.000128
0
0
0
0
0
2.731166
2.740557
2.743314
2.747399
2.752006
3.000592
3.000497
3.000399
3.000294
3.00018
0
0
0
0
0
2.727368
2.729089
2.738411
2.741455
2.746363
3.000709
3.000602
3.000491
3.000375
3.00025
0
0
0
0
0
2.726387
2.72576
2.727346
2.73665
2.740134
3.000818
3.000705
3.000584
3.000457
3.00032
0
0
0
0
0
2.728609
2.724775
2.724517
2.726031
2.735371
3.000899
3.000781
3.000656
3.000522
3.000377
0
0
0
0
0
2.722516
2.727634
2.723729
2.723782
2.725215
3.00095
3.000829
3.000701
3.000565
3.000416
0
0
0
0
0
2.719927
2.721472
2.726813
2.722953
2.723252
3.000979
3.00085
3.000721
3.000584
3.000435
0
0
0
0
0
2.719643
2.719408
2.720908
2.726343
2.722632
3.000988
3.000853
3.000718
3.000581
3.000434
0
0
0
0
0
2.710954
2.719691
2.719448
2.720864
2.726071
3.000975
3.000837
3.000696
3.000555
3.000411
0
0
0
0
0
2.702222
2.711345
2.720114
2.720048
2.721336
3.000804
3.000658
3.000514
3.000368
0
0
0
0
0
2.68588
2.702213
2.711902
2.720883
2.721148
3.000609
3.000453
3.00031
0
0
0
0
0
2.67559
2.686635
2.702123
2.712758
2.722166
3.000404
3.000242
0
0
0
0
0
2.674079
2.677447
2.687604
2.701961
2.713876
3.000204
0
0
0
0
0
2.674436
2.676814
2.679427
2.68868
2.701791
0
0
0
0
0
2.680055
2.678593
2.679737
2.681636
2.690052
0
0
0
0
2.680474
2.683778
2.682071
2.682236
2.683607
0
0
0
2.670771
2.680775
2.685668
2.6843
2.683814
0
0
2.658579
2.670635
2.680974
2.684956
2.685023
3.00044
3.000361
3.000279
3.000187
3.000084
0
0
0
0
0
2.744843
2.747874
2.751597
2.760252
2.776489
3.000446
3.000365
3.000281
3.000189
3.000086
0
0
0
0
0
2.743278
2.745706
2.748763
2.752317
2.760517
3.000466
3.000382
3.000296
3.000202
3.000098
0
0
0
0
0
2.73299
2.742231
2.744665
2.74805
2.752127
3.00051
3.000422
3.000331
3.000234
3.000127
0
0
0
0
0
2.729285
2.731045
2.740207
2.742829
2.746844
3.000592
3.000496
3.000397
3.000292
3.000179
0
0
0
0
0
2.728511
2.727256
2.728827
2.737971
2.740969
3.000706
3.000602
3.00049
3.000373
3.000247
0
0
0
0
0
2.730169
2.726315
2.72553
2.727065
2.736247
3.000815
3.000702
3.000583
3.000455
3.000319
0
0
0
0
0
2.724373
2.728538
2.72461
2.724267
2.725834
3.000896
3.000778
3.000653
3.000521
3.000377
0
0
0
0
0
2.721121
2.722537
2.727433
2.72355
2.723582
3.000953
3.000825
3.000698
3.000562
3.000416
0
0
0
0
0
2.720129
2.720004
2.721432
2.726552
2.722832
3.000988
3.000853
3.000718
3.000581
3.000434
0
0
0
0
0
2.710953
2.719689
2.719448
2.720864
2.726071
3.000999
3.000862
3.00072
3.000578
3.000431
0
0
0
0
0
2.702165
2.710985
2.71965
2.719496
2.720862
3.000849
3.000705
3.000557
3.000408
0
0
0
0
0
2.685257
2.702176
2.711268
2.720022
2.72013
3.000676
3.000521
3.000369
0
0
0
0
0
2.674163
2.6859
2.701997
2.711743
2.72076
3.000476
3.000314
0
0
0
0
0
2.671885
2.675602
2.686517
2.701767
2.712522
3.000275
0
0
0
0
0
2.670544
2.674036
2.677298
2.687347
2.701486
0
0
0
0
0
2.675327
2.674351
2.676561
2.679107
2.688282
0
0
0
0
2.677661
2.679908
2.678275
2.67929
2.68117
0
0
0
2.67142
2.68028
2.683366
2.681543
2.681631
0
0
2.658155
2.67057
2.680372
2.685047
2.683608
0
2.647659
2.658384
2.670206
2.680411
2.684298
3.000437
3.000359
3.000277
3.000188
3.000085
0
0
0
0
0
2.742381
2.744713
2.747568
2.751233
2.759966
3.000444
3.000363
3.000279
3.000188
3.000086
0
0
0
0
0
2.734003
2.743121
2.745337
2.748252
2.751822
3.000464
3.00038
3.000293
3.0002
3.000097
0
0
0
0
0
2.731028
2.732856
2.741858
2.744144
2.747452
3.000509
3.000421
3.000329
3.000232
3.000125
0
0
0
0
0
2.731091
2.729151
2.730739
2.739708
2.742261
3.000589
3.000495
3.000395
3.00029
3.000176
0
0
0
0
0
2.732248
2.728398
2.726967
2.728457
2.737459
3.000704
3.000599
3.00049
3.000372
3.000245
0
0
0
0
0
2.727098
2.730066
2.726088
2.725204
2.726761
3.000813
3.0007
3.000581
3.000455
3.000318
0
0
0
0
0
2.723131
2.724362
2.728301
2.724372
2.724005
3.0009
3.000775
3.000651
3.000518
3.000376
0
0
0
0
0
2.721086
2.721175
2.722464
2.727137
2.723374
3.000962
3.000828
3.000694
3.000559
3.000413
0
0
0
0
0
2.711322
2.720164
2.720026
2.721366
2.726265
3.000999
3.000862
3.00072
3.000578
3.000431
0
0
0
0
0
2.702165
2.710984
2.719647
2.719496
2.720863
3.000873
3.000728
3.000579
3.000428
0
0
0
0
0
2.685102
2.702126
2.710925
2.71958
2.719612
3.000718
3.000564
3.000409
0
0
0
0
0
2.673166
2.6853
2.701981
2.711153
2.719953
3.000536
3.000375
0
0
0
0
0
2.670448
2.674216
2.685834
2.701686
2.711595
3.000336
0
0
0
0
0
2.667501
2.671889
2.675534
2.686356
2.701368
0
0
0
0
0
2.670726
2.670516
2.673868
2.677096
2.687082
0
0
0
0
2.673845
2.675229
2.67411
2.676209
2.67876
0
0
0
2.670128
2.677483
2.679552
2.677828
2.678774
0
0
2.657548
2.671191
2.679839
2.68278
2.68092
0
2.647051
2.657957
2.670129
2.679803
2.684299
2.636328
2.647442
2.657951
2.669603
2.67974
3.000435
3.000357
3.000275
3.000186
3.000085
0
0
0
0
0
2.733184
2.742248
2.744395
2.747137
2.750827
3.000442
3.000361
3.000277
3.000186
3.000085
0
0
0
0
0
2.731967
2.733866
2.742745
2.74481
2.747649
3.000463
3.000379
3.000291
3.000198
3.000096
0
0
0
0
0
2.733571
2.730881
2.732524
2.741324
2.743527
3.000506
3.00042
3.000327
3.000229
3.000123
0
0
0
0
0
2.734584
2.730951
2.72882
2.730303
2.739118
3.000585
3.000492
3.000394
3.000288
3.000174
0
0
0
0
0
2.730601
2.732112
2.728105
2.726557
2.728038
3.000701
3.000597
3.000487
3.000371
3.000244
0
0
0
0
0
2.726045
2.727045
2.72978
2.725764
2.724844
3.000816
3.000697
3.000578
3.000452
3.000316
0
0
0
0
0
2.722744
2.723149
2.724237
2.727958
2.724124
3.000909
3.000778
3.000647
3.000515
3.000373
0
0
0
0
0
2.712009
2.7211
2.721159
2.722356
2.726807
3.000975
3.000837
3.000696
3.000555
3.000411
0
0
0
0
0
2.702223
2.711343
2.720107
2.720048
2.721337
3.000873
3.000728
3.000579
3.000428
0
0
0
0
0
2.685102
2.702126
2.710924
2.719577
2.719612
3.00074
3.000586
3.000429
0
0
0
0
0
2.672766
2.685155
2.701942
2.710833
2.71954
3.000578
3.000414
0
0
0
0
0
2.669508
2.673251
2.685272
2.701699
2.711059
3.000388
0
0
0
0
0
2.665474
2.670488
2.674214
2.685743
2.701344
0
0
0
0
0
2.667065
2.667525
2.6718
2.675446
2.686215
0
0
0
0
2.670024
2.670694
2.670374
2.673637
2.676902
0
0
0
2.668135
2.673703
2.67496
2.673775
2.675818
0
0
2.657629
2.669904
2.677072
2.679048
2.677311
0
2.646115
2.657346
2.670694
2.67921
2.682077
2.634581
2.646831
2.657523
2.669509
2.679125
2.636041
2.646969
2.657344
2.668884
3.000434
3.000355
3.000273
3.000185
3.000084
0
0
0
0
0
2.731108
2.733071
2.741922
2.743945
2.746643
3.000441
3.000359
3.000274
3.000184
3.000084
0
0
0
0
0
2.735456
2.73182
2.733528
2.742205
2.744183
3.00046
3.000377
3.000289
3.000196
3.000093
0
0
0
0
0
2.736368
2.733414
2.730529
2.732049
2.740687
3.000502
3.000417
3.000326
3.000228
3.00012
0
0
0
0
0
2.734442
2.73443
2.73061
2.728351
2.729799
3.000581
3.000489
3.000391
3.000287
3.000172
0
0
0
0
0
2.729719
2.730502
2.731773
2.727689
2.726088
3.000706
3.000594
3.000484
3.000368
3.000242
0
0
0
0
0
2.725187
2.726014
2.726849
2.729367
2.725407
3.000822
3.0007
3.000575
3.000449
3.000314
0
0
0
0
0
2.713176
2.722725
2.723072
2.724056
2.727572
3.000923
3.000787
3.00065
3.000512
3.000371
0
0
0
0
0
2.702276
2.712009
2.72101
2.72113
2.722273
3.000849
3.000705
3.000557
3.000408
0
0
0
0
0
2.685257
2.702176
2.711267
2.720015
2.720131
3.00074
3.000586
3.000429
0
0
0
0
0
2.672766
2.685155
2.701943
2.710832
2.719538
3.000598
3.000435
0
0
0
0
0
2.669003
2.672865
2.685144
2.701674
2.710767
3.000424
0
0
0
0
0
2.664169
2.669572
2.673301
2.685232
2.701389
0
0
0
0
0
2.664589
2.665538
2.670458
2.674216
2.685686
0
0
0
0
2.666903
2.667093
2.667472
2.671679
2.675398
0
0
0
2.666204
2.669936
2.67054
2.670178
2.673403
0
0
2.656155
2.667933
2.673357
2.674584
2.673406
0
2.64582
2.657406
2.669415
2.676488
2.678455
2.631248
2.645887
2.656904
2.66999
2.678452
2.634299
2.646352
2.656912
2.66877
2.635437
2.6463
2.656617
3.000432
3.000353
3.00027
3.000182
3.000083
0
0
0
0
0
2.736458
2.730986
2.732782
2.741459
2.743424
3.000437
3.000357
3.000272
3.000181
3.000081
0
0
0
0
0
2.736285
2.735288
2.731465
2.733045
2.741559
3.000455
3.000374
3.000287
3.000194
3.000091
0
0
0
0
0
2.737773
2.73621
2.733041
2.730026
2.731492
3.000498
3.000412
3.000323
3.000226
3.000119
0
0
0
0
0
2.733542
2.73431
2.734058
2.730125
2.727804
3.000583
3.000485
3.000387
3.000284
3.00017
0
0
0
0
0
2.728305
2.729635
2.730228
2.731288
2.727212
3.000712
3.000598
3.000482
3.000365
3.00024
0
0
0
0
0
2.714848
2.725125
2.725856
2.726568
2.728892
3.000844
3.000706
3.000578
3.000446
3.000311
0
0
0
0
0
2.702459
2.713144
2.722582
2.722959
2.723882
3.000804
3.000658
3.000514
3.000368
0
0
0
0
0
2.685881
2.702214
2.7119
2.720873
2.721149
3.000718
3.000564
3.000409
0
0
0
0
0
2.673166
2.6853
2.701982
2.711151
2.719946
3.000598
3.000435
0
0
0
0
0
2.669003
2.672865
2.685144
2.701675
2.710767
3.000443
0
0
0
0
0
2.66349
2.669078
2.672936
2.685125
2.701383
0
0
0
0
0
2.662992
2.664259
2.66958
2.673373
2.685242
0
0
0
0
2.664711
2.664663
2.66555
2.670417
2.674282
0
0
0
2.664707
2.666867
2.667042
2.667402
2.671587
0
0
2.654504
2.666041
2.669683
2.670327
2.66999
0
2.643929
2.655947
2.667482
2.672868
2.67416
2.626704
2.645564
2.65692
2.668724
2.675792
2.630978
2.645395
2.656282
2.669136
2.633705
2.645677
2.656182
2.634579
2.645492
3.000428
3.000351
3.000268
3.000179
3.000081
0
0
0
0
0
2.736613
2.736286
2.73068
2.732373
2.740918
3.000432
3.000354
3.00027
3.000179
3.000079
0
0
0
0
0
2.739811
2.73615
2.734896
2.730957
2.732474
3.000451
3.000369
3.000284
3.000192
3.000088
0
0
0
0
0
2.736491
2.737622
2.735829
2.732508
2.729433
3.000501
3.000408
3.000318
3.000223
3.000117
0
0
0
0
0
2.731591
2.733422
2.733979
2.733526
2.729556
3.000588
3.000487
3.000383
3.00028
3.000167
0
0
0
0
0
2.716981
2.728196
2.729387
2.729838
2.730719
3.000742
3.000605
3.000485
3.000363
3.000237
0
0
0
0
0
2.702787
2.714776
2.72491
2.725627
2.726265
3.000731
3.000583
3.000448
3.000309
0
0
0
0
0
2.686648
2.702374
2.712984
2.722372
2.722871
3.000676
3.000521
3.000369
0
0
0
0
0
2.674163
2.6859
2.701998
2.711741
2.720751
3.000578
3.000414
0
0
0
0
0
2.669508
2.673251
2.685272
2.701699
2.711057
3.000443
0
0
0
0
0
2.66349
2.669079
2.672936
2.685125
2.701383
0
0
0
0
0
2.662167
2.663592
2.669106
2.673038
2.685156
0
0
0
0
2.663352
2.663095
2.664313
2.669591
2.673521
0
0
0
2.663761
2.664718
2.664688
2.665569
2.670423
0
0
2.653252
2.664582
2.666701
2.666976
2.667376
0
2.641906
2.654333
2.665654
2.669326
2.670118
2.621597
2.643679
2.655487
2.666847
2.672298
2.626453
2.645017
2.656233
2.66789
2.630408
2.644701
2.65554
2.632863
2.644862
2.633522
3.000423
3.000347
3.000266
3.000177
3.000078
0
0
0
0
0
2.739492
2.736483
2.735884
2.730249
2.731904
3.000428
3.000348
3.000266
3.000177
3.000076
0
0
0
0
0
2.737175
2.739654
2.735817
2.734334
2.730356
3.000454
3.000365
3.000279
3.000188
3.000086
0
0
0
0
0
2.734103
2.736353
2.737253
2.735282
2.731876
3.000507
3.000411
3.000314
3.000218
3.000113
0
0
0
0
0
2.719455
2.731452
2.733107
2.733503
2.732894
3.000626
3.000491
3.000385
3.000276
3.000163
0
0
0
0
0
2.703309
2.716866
2.727902
2.72903
2.729391
3.000637
3.000491
3.000365
3.000235
0
0
0
0
0
2.687845
2.702673
2.71455
2.724599
2.72539
3.000609
3.000453
3.00031
0
0
0
0
0
2.67559
2.686635
2.702124
2.712755
2.722156
3.000536
3.000375
0
0
0
0
0
2.670448
2.674216
2.685835
2.701687
2.711593
3.000424
0
0
0
0
0
2.664169
2.669572
2.673301
2.685233
2.701389
0
0
0
0
0
2.662167
2.663592
2.669106
2.673038
2.685157
0
0
0
0
2.662631
2.662285
2.663667
2.669144
2.673222
0
0
0
2.663097
2.663387
2.66317
2.664391
2.669663
0
0
2.652468
2.663667
2.664621
2.664727
2.665656
0
2.640305
2.653117
2.664256
2.666469
2.666957
2.616805
2.641682
2.653932
2.665108
2.668928
2.621377
2.643142
2.654838
2.666088
2.625921
2.644242
2.655403
2.629601
2.643863
2.631829
3.000419
3.000342
3.000262
3.000175
3.000076
0
0
0
0
0
2.73788
2.739357
2.736159
2.735309
2.729753
3.000431
3.000344
3.000261
3.000173
3.000074
0
0
0
0
0
2.734483
2.737053
2.739272
2.735343
2.733661
3.000461
3.000368
3.000275
3.000183
3.000083
0
0
0
0
0
2.721647
2.73395
2.736005
2.736722
2.734628
3.000557
3.000416
3.000316
3.000214
3.000109
0
0
0
0
0
2.704261
2.719312
2.731103
2.732655
2.732944
3.000532
3.000389
3.000276
3.000159
0
0
0
0
0
2.689399
2.703166
2.71657
2.727481
2.728626
3.000525
3.000371
3.000237
0
0
0
0
0
2.677482
2.68779
2.702378
2.714229
2.724253
3.000476
3.000314
0
0
0
0
0
2.671885
2.675603
2.686518
2.701768
2.712519
3.000388
0
0
0
0
0
2.665474
2.670488
2.674214
2.685743
2.701345
0
0
0
0
0
2.662993
2.664259
2.66958
2.673373
2.685242
0
0
0
0
2.662631
2.662285
2.663667
2.669144
2.673222
0
0
0
2.662919
2.662684
2.662384
2.663775
2.669252
0
0
2.651611
2.663026
2.663338
2.663278
2.664551
0
2.639247
2.65236
2.663389
2.664484
2.664841
2.61328
2.640107
2.652775
2.663796
2.666233
2.61663
2.641184
2.653367
2.664466
2.620901
2.642381
2.654059
2.625173
2.643294
2.628616
3.000422
3.000337
3.000256
3.00017
3.000073
0
0
0
0
0
2.735035
2.737759
2.739022
2.735697
2.734618
3.000439
3.000347
3.000256
3.000168
3.00007
0
0
0
0
0
2.722879
2.734348
2.736738
2.738721
2.734788
3.000528
3.000374
3.000277
3.000178
3.000078
0
0
0
0
0
2.705238
2.721489
2.733575
2.735503
2.736088
3.000471
3.000321
3.000215
3.000105
0
0
0
0
0
2.691434
2.704102
2.718966
2.730601
2.732124
3.000431
3.00028
3.000159
0
0
0
0
0
2.679744
2.6893
2.702826
2.71615
2.726991
3.000404
3.000242
0
0
0
0
0
2.674079
2.677447
2.687604
2.701962
2.713874
3.000336
0
0
0
0
0
2.667501
2.67189
2.675535
2.686357
2.701369
0
0
0
0
0
2.66459
2.665538
2.670458
2.674217
2.685686
0
0
0
0
2.663353
2.663096
2.664313
2.669591
2.673521
0
0
0
2.662919
2.662684
2.662385
2.663775
2.669252
0
0
2.651226
2.66286
2.662663
2.662528
2.663974
0
2.638553
2.651526
2.662785
2.663265
2.663481
2.610192
2.63907
2.65206
2.662992
2.664369
2.613145
2.639651
2.65229
2.663265
2.616232
2.640477
2.652697
2.620236
2.641455
2.624265
3.00043
3.00034
3.000251
3.000165
3.000068
0
0
0
0
0
2.722126
2.734903
2.737446
2.738541
2.735157
3.000513
3.000354
3.000259
3.000163
3.000065
0
0
0
0
0
2.705654
2.722717
2.734011
2.736287
2.73806
3.000443
3.000283
3.00018
3.000073
0
0
0
0
0
2.693499
2.705073
2.721113
2.733035
2.734904
3.000377
3.00022
3.000105
0
0
0
0
0
2.682462
2.691305
2.703733
2.718473
2.730005
3.000321
3.000163
0
0
0
0
0
2.676908
2.67966
2.68904
2.702347
2.715667
3.000275
0
0
0
0
0
2.670544
2.674036
2.677298
2.687347
2.701487
0
0
0
0
0
2.667066
2.667526
2.671801
2.675446
2.686215
0
0
0
0
2.664712
2.664663
2.66555
2.670417
2.674282
0
0
0
2.663097
2.663388
2.663171
2.664391
2.669663
0
0
2.651226
2.66286
2.662663
2.662528
2.663974
0
2.638243
2.651154
2.662636
2.662628
2.662777
2.608105
2.638392
2.651263
2.662439
2.663229
2.610094
2.638647
2.65163
2.662539
2.612813
2.639004
2.651723
2.615678
2.639622
2.61944
3.000506
3.000347
3.000254
3.00016
3.000063
0
0
0
0
0
2.704514
2.721988
2.73457
2.736997
2.737975
3.000429
3.000266
3.000164
3.00006
0
0
0
0
0
2.695117
2.705491
2.722334
2.733529
2.735758
3.000352
3.000186
3.000073
0
0
0
0
0
2.685115
2.693351
2.704692
2.720576
2.732386
3.000271
3.00011
0
0
0
0
0
2.680187
2.682343
2.690991
2.703214
2.717895
3.000204
0
0
0
0
0
2.674436
2.676814
2.679427
2.68868
2.701791
0
0
0
0
0
2.670727
2.670516
2.673869
2.677096
2.687083
0
0
0
0
2.666903
2.667093
2.667472
2.67168
2.675398
0
0
0
2.663762
2.664718
2.664688
2.66557
2.670423
0
0
2.651611
2.663026
2.663338
2.663279
2.664551
0
2.638243
2.651154
2.662636
2.662628
2.662778
2.607058
2.638089
2.65091
2.662311
2.662636
2.60803
2.637992
2.650887
2.662047
2.609825
2.638043
2.651132
2.612349
2.638224
2.615029
3.000424
3.000261
3.000161
3.000058
0
0
0
0
0
2.695988
2.704377
2.721655
2.734093
2.73647
3.000341
3.000171
3.00006
0
0
0
0
0
2.687165
2.694957
2.705113
2.721786
2.73296
3.00025
3.00008
0
0
0
0
0
2.683271
2.684973
2.693001
2.704153
2.719938
3.000161
0
0
0
0
0
2.678721
2.680056
2.682048
2.690553
2.702606
0
0
0
0
0
2.675328
2.674351
2.676561
2.679107
2.688282
0
0
0
0
2.670024
2.670695
2.670374
2.673637
2.676902
0
0
0
2.664707
2.666868
2.667043
2.667402
2.671588
0
0
2.652468
2.663667
2.664621
2.664727
2.665656
0
2.638553
2.651526
2.662785
2.663265
2.663481
2.607058
2.638089
2.65091
2.662311
2.662636
2.606995
2.6377
2.650559
2.661941
2.607802
2.63742
2.650458
2.609454
2.637318
2.611814
3.000337
3.000169
3.000059
0
0
0
0
0
2.688264
2.695822
2.704054
2.721182
2.733531
3.000243
3.000067
0
0
0
0
0
2.685598
2.687009
2.694585
2.704579
2.721131
3.000141
0
0
0
0
0
2.6826
2.683116
2.684635
2.692509
2.703518
0
0
0
0
0
2.680056
2.678593
2.679737
2.681636
2.690052
0
0
0
0
2.673845
2.675229
2.67411
2.676209
2.678761
0
0
0
2.666204
2.669937
2.670541
2.670179
2.673403
0
0
2.653252
2.664582
2.666702
2.666976
2.667377
0
2.639247
2.652361
2.663389
2.664485
2.664841
2.608105
2.638392
2.651263
2.662439
2.663229
2.606995
2.637701
2.650559
2.661941
2.606787
2.637143
2.650161
2.607491
2.636735
2.609041
3.000242
3.000066
0
0
0
0
0
2.686833
2.688101
2.69544
2.703602
2.720631
3.000133
0
0
0
0
0
2.68546
2.685428
2.686643
2.694059
2.703948
0
0
0
0
0
2.683956
2.682443
2.682751
2.684159
2.691936
0
0
0
0
2.677661
2.679909
2.678276
2.67929
2.68117
0
0
0
2.668135
2.673703
2.674961
2.673775
2.675818
0
0
2.654504
2.666041
2.669683
2.670328
2.669991
0
2.640305
2.653118
2.664256
2.666469
2.666958
2.610192
2.63907
2.65206
2.662992
2.66437
2.60803
2.637992
2.650887
2.662047
2.606787
2.637143
2.650161
2.606504
2.636475
2.607156
3.000135
0
0
0
0
0
2.686955
2.686656
2.687723
2.694899
2.703083
0
0
0
0
0
2.686292
2.685285
2.685035
2.686126
2.693442
0
0
0
0
2.680474
2.683779
2.682071
2.682236
2.683607
0
0
0
2.670128
2.677483
2.679552
2.677828
2.678774
0
0
2.656155
2.667933
2.673357
2.674584
2.673406
0
2.641906
2.654333
2.665654
2.669326
2.670118
2.61328
2.640107
2.652776
2.663796
2.666233
2.610094
2.638647
2.65163
2.662539
2.607802
2.63742
2.650459
2.606504
2.636475
2.606208
0
0
0
0
0
2.686071
2.686772
2.686249
2.687187
2.694261
0
0
0
0
2.680951
2.686102
2.684879
2.684477
2.68552
0
0
0
2.67142
2.68028
2.683367
2.681544
2.681631
0
0
2.657629
2.669904
2.677072
2.679048
2.677311
0
2.643929
2.655947
2.667482
2.672868
2.67416
2.616805
2.641682
2.653933
2.665108
2.668929
2.613145
2.639651
2.652291
2.663265
2.609825
2.638043
2.651132
2.607491
2.636735
2.606208
0
0
0
0
2.681546
2.685902
2.68635
2.685671
2.686554
0
0
0
2.670771
2.680776
2.685668
2.6843
2.683814
0
0
2.657548
2.671191
2.679839
2.68278
2.68092
0
2.64582
2.657406
2.669415
2.676489
2.678456
2.621597
2.643679
2.655487
2.666847
2.672298
2.61663
2.641184
2.653367
2.664466
2.612813
2.639004
2.651723
2.609454
2.637318
2.607156
0
0
0
2.67083
2.681373
2.68551
2.685747
2.684981
0
0
2.658155
2.67057
2.680373
2.685047
2.683608
0
2.646115
2.657346
2.670694
2.67921
2.682077
2.626704
2.645564
2.65692
2.668724
2.675792
2.621377
2.643142
2.654838
2.666088
2.616232
2.640477
2.652698
2.612349
2.638225
2.609041
0
0
2.658579
2.670635
2.680975
2.684956
2.685023
0
2.647051
2.657957
2.670129
2.679803
2.684299
2.631248
2.645887
2.656904
2.66999
2.678452
2.626453
2.645017
2.656233
2.66789
2.620901
2.642381
2.654059
2.615678
2.639622
2.611814
0
2.64766
2.658384
2.670206
2.680411
2.684298
2.634581
2.646831
2.657523
2.669509
2.679126
2.630978
2.645395
2.656282
2.669136
2.625921
2.644242
2.655403
2.620236
2.641455
2.615029
2.636328
2.647442
2.657951
2.669603
2.67974
2.634299
2.646352
2.656912
2.66877
2.630408
2.644701
2.65554
2.625173
2.643294
2.61944
2.636042
2.646969
2.657344
2.668884
2.633705
2.645677
2.656182
2.629601
2.643863
2.624265
2.635438
2.6463
2.656617
2.632863
2.644862
2.628616
2.634579
2.645492
2.631829
2.633522
)
;

boundaryField
{
    cathodeSides
    {
        type            zeroGradient;
    }
    electrolyteSides
    {
        type            zeroGradient;
    }
    anodeSides
    {
        type            zeroGradient;
    }
    phiI_to_phiI0
    {
        type            zeroGradient;
    }
}


// ************************************************************************* //
