/*--------------------------------*- C++ -*----------------------------------*\
| =========                 |                                                 |
| \\      /  F ield         | OpenFOAM: The Open Source CFD Toolbox           |
|  \\    /   O peration     | Version:  2312                                  |
|   \\  /    A nd           | Website:  www.openfoam.com                      |
|    \\/     M anipulation  |                                                 |
\*---------------------------------------------------------------------------*/
FoamFile
{
    version     2.0;
    format      ascii;
    arch        "LSB;label=32;scalar=64";
    class       volScalarField;
    location    "1.5/phiI";
    object      dmdt;
}
// * * * * * * * * * * * * * * * * * * * * * * * * * * * * * * * * * * * * * //

dimensions      [0 -3 -1 0 1 0 0];

internalField   nonuniform List<scalar> 
12000
(
-481.1451
-483.2133
-482.6681
-487.4741
-484.2232
-484.7274
-489.7268
-482.8025
-488.9649
-445.9452
-485.9273
-485.6395
-490.9158
-484.812
-491.2333
-448.679
-482.8152
-489.0703
-447.1868
-329.3865
-488.7269
-487.2722
-492.9375
-485.705
-492.3329
-450.368
-484.8218
-491.2694
-450.0326
-332.9123
-482.8165
-489.0802
-447.1628
-330.0742
-87.85582
-492.0024
-489.7722
-496.3115
-487.2323
-494.3298
-453.2797
-485.7079
-492.3521
-451.6723
-335.478
-484.8219
-491.2761
-449.868
-333.9496
-92.52827
-482.8187
-489.0839
-447.1614
-329.7102
-87.52442
0
-495.1113
-492.8843
-500.2393
-489.5998
-497.3869
-458.3084
-487.2265
-494.2103
-454.7424
-339.9579
-485.7053
-492.3502
-451.5024
-336.5588
-96.44877
-484.8231
-491.2784
-449.8623
-333.2679
-93.08054
0
-482.8207
-489.09
-447.1753
-329.6822
-86.3303
0
0
-497.5733
-495.8917
-503.9843
-492.7009
-501.1736
-464.0724
-489.578
-497.0987
-459.4247
-348.0062
-487.2194
-494.1989
-454.3162
-341.6324
-103.3693
-485.7045
-492.3496
-451.4819
-335.9075
-97.23426
0
-484.8243
-491.2834
-449.8747
-333.2327
-91.16615
0
0
-482.8212
-489.0958
-447.1982
-329.725
-86.23634
0
0
0
-499.2359
-498.3076
-506.9588
-495.7187
-504.8354
-469.6187
-492.6667
-500.8861
-465.1416
-357.0085
-489.5641
-497.0666
-458.7111
-349.3012
-116.3328
-487.2149
-494.1933
-454.2843
-340.4452
-105.6859
0
-485.7038
-492.3524
-451.491
-335.8384
-95.45506
0
0
-484.8241
-491.2884
-449.8965
-333.274
-91.05741
0
0
0
-482.8214
-489.0993
-447.2208
-329.7941
-86.3503
0
0
0
0
-500.0678
-500.1899
-508.971
-498.1326
-507.7773
-474.0507
-495.6632
-504.5766
-470.6769
-365.7435
-492.6484
-500.8406
-464.4744
-358.46
-130.3842
-489.5578
-497.0535
-458.6408
-347.5733
-118.2693
0
-487.2167
-494.1921
-454.2876
-340.3618
-102.7656
0
0
-485.7036
-492.3555
-451.5105
-335.8765
-95.25329
0
0
0
-484.9402
-491.2911
-449.9182
-333.3424
-91.17056
0
0
0
0
-483.0405
-489.1019
-447.2377
-329.8643
-86.53523
0
0
0
0
0
-500.0678
-501.0139
-509.9786
-499.7775
-510.0981
-477.0595
-498.0715
-507.5227
-475.1281
-372.7627
-495.875
-504.5013
-470.1111
-367.3372
-144.1144
-492.8605
-500.8233
-464.3885
-356.8895
-132.8694
0
-489.9004
-497.0511
-458.6352
-347.4005
-114.3416
0
0
-487.3224
-494.1991
-454.3027
-340.3941
-102.5461
0
0
0
-485.8894
-492.3585
-451.5303
-335.9435
-95.3652
0
0
0
0
-485.0331
-491.4579
-449.9341
-333.4121
-91.35636
0
0
0
0
0
-483.0627
-489.4237
-447.2521
-329.9206
-86.72836
0
0
0
0
0
-2590.756
-499.2359
-501.0139
-509.9786
-500.6294
-511.101
-478.5689
-499.7125
-509.5294
-478.7446
-377.5439
-498.2752
-507.4415
-474.59
-374.4851
-155.2015
-495.8203
-504.7932
-469.9624
-366.0584
-147.0296
0
-492.9245
-501.1155
-464.381
-356.6996
-129.3433
0
0
-489.9242
-497.5246
-458.6523
-347.4233
-113.8897
0
0
0
-487.6019
-494.3529
-454.3327
-340.4577
-102.6549
0
0
0
0
-485.8845
-492.6273
-451.5486
-336.0124
-95.55354
0
0
0
0
0
-485.0538
-491.6015
-450.283
-333.4677
-91.55101
0
0
0
0
0
-2634.819
-483.0265
-489.4622
-447.9531
-329.9714
-86.89052
0
0
0
0
0
-1622.16
-2465.945
-497.5732
-500.1899
-508.971
-500.6294
-511.101
-478.5689
-500.5374
-510.5774
-480.2611
-379.9466
-499.903
-509.4439
-477.6397
-380.5145
-162.7757
-498.3009
-507.7244
-474.4356
-373.2909
-158.4509
0
-495.8593
-504.7297
-470.528
-365.7145
-144.2595
0
0
-492.9332
-501.2164
-464.9474
-356.7288
-128.8785
0
0
0
-489.8675
-497.5689
-459.5768
-347.4988
-113.9924
0
0
0
0
-487.5795
-494.738
-454.6607
-340.5528
-102.8452
0
0
0
0
0
-485.913
-492.6267
-452.1181
-336.0762
-95.7519
0
0
0
0
0
-2719.812
-485.0199
-491.6379
-450.6224
-334.2488
-91.71405
0
0
0
0
0
-1668.935
-2506.317
-482.9966
-489.411
-448.0593
-331.612
-87.04265
0
0
0
0
0
48.02727
-1527.505
-2354.189
-495.1113
-498.3076
-506.9588
-499.7774
-510.0981
-477.0595
-500.5374
-510.5774
-480.2611
-379.9466
-500.7215
-510.4501
-479.268
-382.949
-166.5876
-499.9341
-509.7098
-477.4799
-378.2163
-168.5017
0
-498.224
-507.7754
-474.9909
-372.9448
-155.8902
0
0
-495.8565
-504.7979
-470.4453
-366.8841
-143.4016
0
0
0
-492.8558
-501.2417
-465.1881
-357.9048
-129.0096
0
0
0
0
-489.8101
-497.4947
-459.7043
-349.4383
-114.219
0
0
0
0
0
-487.5953
-494.7143
-455.4102
-341.2969
-103.106
0
0
0
0
0
-2844.473
-486.1104
-492.6768
-452.1409
-337.367
-95.9377
0
0
0
0
0
-1722.31
-2584.774
-484.989
-491.5897
-450.7247
-335.1021
-93.42997
0
0
0
0
0
-10.14107
-1571.505
-2391.81
-482.9699
-489.3687
-447.9553
-331.913
-90.82614
0
0
0
0
0
-1870.42
173.6675
-1441.167
-2206.085
-492.0024
-495.8917
-503.9843
-498.1326
-507.7773
-474.0507
-499.7125
-509.5294
-478.7446
-377.5439
-500.7215
-510.4501
-479.268
-382.949
-166.5876
-500.7541
-510.7078
-479.0091
-380.9385
-172.3919
0
-499.838
-509.7697
-478.006
-377.8631
-163.8156
0
0
-498.2135
-507.6824
-475.1423
-374.1066
-155.0437
0
0
0
-495.769
-504.8088
-470.6278
-366.7863
-145.764
0
0
0
0
-492.7871
-501.14
-465.285
-358.4943
-131.4062
0
0
0
0
0
-489.844
-497.4187
-459.5753
-349.7898
-118.2237
0
0
0
0
0
-3037.061
-487.548
-494.7482
-455.3917
-342.8709
-104.7547
0
0
0
0
0
-1861.479
-2699.672
-486.0709
-492.9395
-452.2814
-337.4724
-98.80493
0
0
0
0
0
-157.8321
-1621.185
-2465.495
-484.9613
-491.546
-450.6262
-335.3954
-95.53115
0
0
0
0
0
-1870.698
99.00481
-1478.877
-2241.768
-482.946
-489.331
-447.8688
-331.6849
-91.64909
0
0
0
0
0
-1869.832
-1734.173
290.0041
-1319.055
-2103.895
-488.7269
-492.8843
-500.2393
-495.7187
-504.8354
-469.6187
-498.0715
-507.5227
-475.1281
-372.7627
-499.903
-509.4439
-477.6397
-380.5145
-162.7756
-500.7541
-510.7078
-479.0091
-380.9385
-172.3919
0
-500.6501
-510.7707
-479.521
-380.3328
-168.4223
0
0
-499.823
-509.6502
-478.1806
-378.9709
-162.9604
0
0
0
-498.1189
-507.6837
-475.0065
-374.5163
-157.4159
0
0
0
0
-495.6908
-504.6945
-470.7013
-367.2628
-145.6968
0
0
0
0
0
-492.8121
-501.0495
-465.1047
-358.7939
-132.784
0
0
0
0
0
-3192.8
-489.786
-497.4834
-459.4383
-349.5516
-119.121
0
0
0
0
0
-1989.312
-2885.832
-487.5034
-494.683
-455.5048
-342.8972
-108.0236
0
0
0
0
0
-311.1812
-1763.951
-2573.352
-486.0358
-492.8845
-452.7599
-337.8738
-99.163
0
0
0
0
0
-1868.053
-44.68463
-1525.883
-2312.114
-484.9364
-491.5069
-450.5371
-335.1782
-96.33916
0
0
0
0
0
-1870.091
-1733.703
178.0647
-1350.777
-2138.155
-482.926
-489.2971
-447.7915
-331.493
-91.1568
0
0
0
0
0
-1868.627
-1733.469
-1608.111
429.62
-1243.799
-485.9273
-489.7722
-496.3115
-492.7009
-501.1736
-464.0724
-495.6632
-504.5766
-470.6769
-365.7435
-498.2752
-507.4415
-474.59
-374.4851
-155.2015
-499.934
-509.7098
-477.4799
-378.2163
-168.5017
0
-500.6501
-510.7707
-479.521
-380.3328
-168.4223
0
0
-500.633
-510.64
-479.7046
-381.4142
-166.9351
0
0
0
-499.7239
-509.6459
-477.9921
-379.441
-165.2335
0
0
0
0
-498.0338
-507.5604
-475.0651
-374.3199
-158.4177
0
0
0
0
0
-495.7077
-504.5919
-470.5008
-367.5221
-146.8555
0
0
0
0
0
-3308.92
-492.7458
-501.1032
-464.9434
-358.4504
-133.5971
0
0
0
0
0
-2078.466
-3026.755
-489.7345
-497.4046
-459.6348
-349.2868
-118.6984
0
0
0
0
0
-729.5591
-1888.737
-2755.669
-487.4637
-494.6213
-455.3795
-343.2501
-108.232
0
0
0
0
0
-1863.139
-195.4911
-1671.88
-2415.184
-486.0043
-492.8355
-452.6502
-338.8134
-100.2617
0
0
0
0
0
-1867.404
-1730.38
63.43352
-1395.988
-2205.907
-484.9157
-491.4718
-450.4574
-334.9814
-95.86852
0
0
0
0
0
-1868.868
-1732.971
-1607.11
291.5906
-1273.154
-482.9143
-489.2692
-447.7223
-331.3217
-90.73414
0
0
0
0
0
-1867.076
-1732.515
-1607.379
-1451.523
483.8269
-484.2232
-487.2722
-492.9375
-489.5998
-497.3869
-458.3084
-492.6667
-500.8861
-465.1416
-357.0085
-495.875
-504.5013
-470.1111
-367.3372
-144.1144
-498.3009
-507.7244
-474.4356
-373.2909
-158.4509
0
-499.838
-509.7697
-478.006
-377.863
-163.8156
0
0
-500.633
-510.6399
-479.7046
-381.4142
-166.9351
0
0
0
-500.5317
-510.6332
-479.4933
-381.9102
-169.1593
0
0
0
0
-499.6346
-509.517
-478.0421
-379.1304
-166.3837
0
0
0
0
0
-498.0187
-507.4492
-474.85
-374.5544
-158.181
0
0
0
0
0
-3382.613
-495.6343
-504.6354
-470.3196
-367.1439
-147.6002
0
0
0
0
0
-2137.81
-3131.002
-492.6857
-501.0136
-465.1228
-358.1417
-132.9547
0
0
0
0
0
-866.5064
-1970.874
-2885.998
-489.6885
-497.3338
-459.4857
-349.8701
-118.1964
0
0
0
0
0
-1854.993
-620.9626
-1793.858
-2594.523
-487.4282
-494.5663
-455.2579
-342.9932
-109.2491
0
0
0
0
0
-1862.426
-1724.2
-85.63886
-1543.14
-2305.317
-485.9779
-492.7916
-452.5524
-338.5761
-102.0918
0
0
0
0
0
-1866.144
-1729.59
-1603.434
191.94
-1317.201
-484.9036
-491.4429
-450.3861
-334.8055
-95.43648
0
0
0
0
0
-1867.292
-1731.997
-1606.346
-1450.306
327.0011
-482.9122
-489.2532
-447.6664
-331.1691
-90.35719
0
0
0
0
0
-1865.487
-1731.441
-1606.679
-1450.841
-1353.294
-483.2133
-485.6395
-490.9158
-487.2323
-494.3298
-453.2797
-489.578
-497.0987
-459.4247
-348.0062
-492.6484
-500.8406
-464.4744
-358.46
-130.3842
-495.8203
-504.7932
-469.9624
-366.0584
-147.0296
0
-498.224
-507.7754
-474.9909
-372.9448
-155.8902
0
0
-499.823
-509.6501
-478.1806
-378.9709
-162.9604
0
0
0
-500.5317
-510.6332
-479.4933
-381.9102
-169.1593
0
0
0
0
-500.4405
-510.5015
-479.5394
-381.5486
-170.3783
0
0
0
0
0
-499.6153
-509.4004
-477.8179
-379.3512
-165.9004
0
0
0
0
0
-3424.549
-497.9663
-507.4439
-474.6545
-374.1512
-158.8857
0
0
0
0
0
-2172.761
-3196.507
-495.5669
-504.5367
-470.4824
-366.8001
-146.8991
0
0
0
0
0
-913.0712
-2021.826
-2981.725
-492.6322
-500.9317
-464.9553
-358.698
-132.3743
0
0
0
0
0
-1843.459
-752.6364
-1872.68
-2718.288
-489.6473
-497.2705
-459.3481
-349.5686
-119.8238
0
0
0
0
0
-1854.185
-1713.958
-511.3639
-1662.37
-2480.165
-487.3982
-494.517
-455.1494
-342.7331
-108.7419
0
0
0
0
0
-1861.107
-1723.321
-1596.567
44.33186
-1461.699
-485.9614
-492.7551
-452.4651
-338.3645
-101.5812
0
0
0
0
0
-1864.516
-1728.574
-1602.604
-1446.735
232.6465
-485.126
-491.4265
-450.3283
-334.6486
-95.05067
0
0
0
0
0
-1865.679
-1730.901
-1605.626
-1449.591
-1352.028
-482.9256
-489.2505
-447.6359
-331.0477
-90.0227
0
0
0
0
0
-1864.195
-1730.419
-1606.016
-1450.329
-1352.662
-481.1451
-484.7274
-489.7268
-485.705
-492.3329
-450.368
-487.2265
-494.2103
-454.7424
-339.9579
-489.5641
-497.0666
-458.7111
-349.3012
-116.3328
-492.8605
-500.8233
-464.3885
-356.8895
-132.8694
0
-495.8593
-504.7297
-470.528
-365.7145
-144.2594
0
0
-498.2135
-507.6823
-475.1422
-374.1066
-155.0437
0
0
0
-499.7238
-509.6459
-477.9921
-379.441
-165.2335
0
0
0
0
-500.4405
-510.5015
-479.5394
-381.5486
-170.3783
0
0
0
0
0
-500.4195
-510.3824
-479.3108
-381.7633
-169.7807
0
0
0
0
0
-3443.438
-499.5603
-509.3898
-477.6136
-378.9323
-166.5841
0
0
0
0
0
-2228.84
-3233.424
-497.8937
-507.38
-474.7046
-373.7824
-158.1426
0
0
0
0
0
-950.8044
-2050.79
-3041.372
-495.507
-504.4454
-470.2998
-367.3288
-146.2582
0
0
0
0
0
-1831.853
-809.4419
-1917.675
-2808.828
-492.5843
-500.8587
-464.7987
-358.3631
-133.9642
0
0
0
0
0
-1842.894
-1699.478
-639.9385
-1740.594
-2599.569
-489.6124
-497.2138
-459.2251
-349.2783
-119.2333
0
0
0
0
0
-1853.2
-1712.957
-1585.146
-377.4581
-1577.934
-487.3797
-494.4759
-455.0524
-342.5009
-108.188
0
0
0
0
0
-1860.133
-1722.243
-1595.637
-1440.016
88.00805
-485.9567
-492.7329
-452.3935
-338.1761
-101.126
0
0
0
0
0
-1863.195
-1727.437
-1601.844
-1445.955
-1348.649
-485.1457
-491.7243
-450.2972
-334.5238
-94.70797
0
0
0
0
0
-1912.342
-1729.865
-1604.948
-1449.063
-1351.364
-482.9345
-489.2696
-447.6322
-330.9846
-89.76121
0
0
0
0
0
-2068.528
-1729.832
-1605.455
-1449.921
-1352.211
-482.6681
-487.4741
-484.812
-491.2333
-448.679
-485.7079
-492.3521
-451.6723
-335.478
-487.2194
-494.1989
-454.3162
-341.6324
-103.3693
-489.5578
-497.0535
-458.6408
-347.5733
-118.2693
0
-492.9245
-501.1155
-464.381
-356.6996
-129.3433
0
0
-495.8564
-504.7979
-470.4453
-366.8841
-143.4016
0
0
0
-498.1188
-507.6837
-475.0065
-374.5163
-157.4159
0
0
0
0
-499.6346
-509.5169
-478.0421
-379.1304
-166.3837
0
0
0
0
0
-500.4195
-510.3824
-479.3108
-381.7633
-169.7807
0
0
0
0
0
-3443.438
-500.3751
-510.3696
-479.1024
-381.3369
-170.4554
0
0
0
0
0
-2235.314
-3249.936
-499.4967
-509.3226
-477.6543
-378.548
-165.8146
0
0
0
0
0
-973.9348
-2109.46
-3074.715
-497.8292
-507.282
-474.6119
-374.0299
-157.4587
0
0
0
0
0
-1822.279
-843.0109
-1942.454
-2865.03
-495.4533
-504.3639
-470.1269
-366.9673
-147.8047
0
0
0
0
0
-1868.708
-1684.919
-707.9565
-1782.47
-2686.577
-492.5435
-500.7931
-464.6584
-358.0371
-133.3136
0
0
0
0
0
-1883.303
-1698.709
-1568.956
-504.3248
-1655.19
-489.5908
-497.1662
-459.1148
-349.0184
-118.6223
0
0
0
0
0
-1936.266
-1712.241
-1584.082
-1428.766
-320.5334
-487.3713
-494.4511
-454.9727
-342.2937
-107.6931
0
0
0
0
0
-1903.798
-1721.826
-1594.819
-1439.138
-1342.265
-485.9698
-492.7269
-452.3522
-338.0244
-100.7219
0
0
0
0
0
-1956.812
-1726.749
-1601.137
-1445.393
-1347.924
-485.1526
-491.7524
-450.8453
-334.4596
-94.44003
0
0
0
0
0
-2065.411
-1785.897
-1604.381
-1448.644
-1350.9
-482.9374
-489.2824
-447.6709
-330.9797
-89.63002
0
0
0
0
0
-2222.637
-1978.311
-1605.44
-1449.619
-1351.861
-482.8025
-488.9649
-445.9452
-484.8218
-491.2694
-450.0326
-332.9123
-485.7053
-492.3502
-451.5024
-336.5588
-96.44877
-487.2149
-494.1933
-454.2843
-340.4452
-105.6859
0
-489.9004
-497.0511
-458.6352
-347.4005
-114.3416
0
0
-492.9332
-501.2164
-464.9474
-356.7288
-128.8785
0
0
0
-495.769
-504.8088
-470.6278
-366.7863
-145.764
0
0
0
0
-498.0338
-507.5604
-475.0651
-374.3199
-158.4176
0
0
0
0
0
-499.6153
-509.4004
-477.8178
-379.3511
-165.9004
0
0
0
0
0
-3424.55
-500.3751
-510.3696
-479.1024
-381.3369
-170.4554
0
0
0
0
0
-2235.314
-3249.936
-500.297
-510.3175
-479.1394
-380.9454
-169.6733
0
0
0
0
0
-1021.241
-2114.007
-3089.542
-499.4286
-509.2375
-477.5571
-378.7781
-165.1042
0
0
0
0
0
-1815.642
-867.4146
-2003.825
-2896.347
-497.7713
-507.1945
-474.4276
-373.9105
-158.3125
0
0
0
0
0
-1863.327
-1672.93
-739.0082
-1805.226
-2740.456
-495.4074
-504.2909
-469.972
-366.6111
-147.1087
0
0
0
0
0
-1866.816
-1725.738
-1552.66
-583.8848
-1695.534
-492.5183
-500.738
-464.5326
-357.7446
-132.6364
0
0
0
0
0
-1920.094
-1745.61
-1568.136
-1412.72
-444.195
-489.5821
-497.1377
-459.0239
-348.7857
-118.0749
0
0
0
0
0
-1965.932
-1807.741
-1583.677
-1427.758
-1331.54
-487.3865
-494.4408
-454.9272
-342.1266
-107.2529
0
0
0
0
0
-1982.533
-1774.305
-1594.917
-1438.529
-1341.448
-485.9771
-492.7457
-452.3429
-337.9405
-100.4019
0
0
0
0
0
-1997.787
-1838.866
-1600.985
-1444.958
-1347.43
-485.1537
-491.7625
-450.9035
-335.5443
-94.30721
0
0
0
0
0
-2219.243
-1973.922
-1668.257
-1448.344
-1350.541
-482.922
-489.2871
-447.6977
-331.0635
-89.62512
0
0
0
0
0
120.8718
-2167.079
-1889.588
-1449.927
-1351.604
-482.8152
-489.0703
-447.1868
-329.3865
-484.8219
-491.2761
-449.868
-333.9496
-92.52827
-485.7045
-492.3496
-451.4819
-335.9075
-97.23426
0
-487.2167
-494.1921
-454.2876
-340.3618
-102.7656
0
0
-489.9242
-497.5246
-458.6523
-347.4233
-113.8897
0
0
0
-492.8557
-501.2417
-465.1881
-357.9048
-129.0096
0
0
0
0
-495.6908
-504.6945
-470.7013
-367.2628
-145.6967
0
0
0
0
0
-498.0187
-507.4492
-474.8499
-374.5544
-158.181
0
0
0
0
0
-3382.613
-499.5603
-509.3898
-477.6136
-378.9322
-166.5841
0
0
0
0
0
-2228.84
-3233.424
-500.2969
-510.3175
-479.1394
-380.9454
-169.6733
0
0
0
0
0
-1021.241
-2114.007
-3089.542
-500.2275
-510.2122
-479.0729
-381.1688
-168.9503
0
0
0
0
0
-1812.277
-921.0491
-2007.054
-2910.241
-499.3678
-509.1454
-477.3995
-378.6524
-165.9259
0
0
0
0
0
-1854.747
-1664.632
-768.6442
-1868.427
-2770.442
-497.7216
-507.1159
-474.2624
-373.5335
-158.2454
0
0
0
0
0
-1878.127
-1719.961
-1539.241
-613.72
-1717.413
-495.3788
-504.2291
-469.833
-366.2914
-146.376
0
0
0
0
0
-1898.938
-1725.387
-1596.175
-1396.521
-528.9824
-492.5087
-500.7048
-464.4286
-357.4826
-132.028
0
0
0
0
0
-1953.652
-1790.053
-1620.469
-1411.986
-1316.191
-489.5998
-497.1271
-458.9724
-348.5975
-117.5863
0
0
0
0
0
-1957.425
-1841.848
-1688.21
-1427.617
-1330.602
-487.3944
-494.4624
-454.911
-342.0356
-106.904
0
0
0
0
0
-2021.253
-1867.524
-1654.781
-1438.98
-1340.915
-485.9787
-492.7564
-452.3816
-337.9261
-100.2318
0
0
0
0
0
-2141.892
-1890.414
-1728.502
-1445.131
-1347.061
-485.1347
-491.765
-450.9253
-335.673
-96.42058
0
0
0
0
0
135.0703
-2162.382
-1884.212
-1516.7
-1350.289
-482.9094
-489.2655
-447.7095
-331.1229
-89.80089
0
0
0
0
0
-69.93638
177.0064
-2102.743
-1757.417
-1351.993
-482.8165
-489.0802
-447.1628
-330.0742
-87.85582
-484.8231
-491.2784
-449.8623
-333.2679
-93.08054
0
-485.7038
-492.3524
-451.491
-335.8384
-95.45506
0
0
-487.3224
-494.1991
-454.3027
-340.3941
-102.5461
0
0
0
-489.8675
-497.5689
-459.5768
-347.4988
-113.9924
0
0
0
0
-492.787
-501.1399
-465.285
-358.4943
-131.4062
0
0
0
0
0
-495.7077
-504.5919
-470.5008
-367.5221
-146.8555
0
0
0
0
0
-3308.92
-497.9662
-507.4439
-474.6545
-374.1512
-158.8857
0
0
0
0
0
-2172.76
-3196.507
-499.4967
-509.3226
-477.6543
-378.548
-165.8146
0
0
0
0
0
-973.9348
-2109.46
-3074.716
-500.2275
-510.2122
-479.0729
-381.1688
-168.9503
0
0
0
0
0
-1812.277
-921.0491
-2007.054
-2910.242
-500.1827
-510.1185
-478.8759
-381.1112
-169.7605
0
0
0
0
0
-1850.412
-1660.429
-824.2453
-1871.106
-2783.739
-499.3153
-509.0629
-477.2263
-378.3355
-165.8529
0
0
0
0
0
-1878.209
-1709.447
-1529.957
-650.7077
-1780.084
-497.7028
-507.0492
-474.1135
-373.1946
-157.475
0
0
0
0
0
-1882.745
-1733.636
-1591.34
-1383.161
-557.0266
-495.3683
-504.1919
-469.7176
-366.0044
-145.7172
0
0
0
0
0
-1931.005
-1764.488
-1597.885
-1441.005
-1300.672
-492.529
-500.6936
-464.3698
-357.2702
-131.4841
0
0
0
0
0
-1929.52
-1831.532
-1671.431
-1467.315
-1315.558
-489.6084
-497.1522
-458.9569
-348.4964
-117.1985
0
0
0
0
0
-1938.456
-1837.524
-1724.128
-1536.016
-1330.577
-487.3967
-494.4739
-454.955
-342.0089
-106.7217
0
0
0
0
0
-2165.758
-1916.596
-1760.005
-1503.059
-1341.494
-485.9568
-492.7597
-452.4045
-338.01
-100.21
0
0
0
0
0
125.968
-2068.922
-1788.567
-1581.53
-1347.324
-485.1212
-491.7385
-450.9333
-335.7225
-96.69819
0
0
0
0
0
-58.13876
192.5637
-2097.027
-1751.567
-1418.512
-483.1486
-489.2479
-447.6663
-331.1527
-89.9279
0
0
0
0
0
-200.1981
-6.794954
243.026
-1994.308
-1662.897
-482.8187
-489.0839
-447.1614
-329.7102
-87.52442
0
-484.8243
-491.2834
-449.8747
-333.2327
-91.16615
0
0
-485.7036
-492.3555
-451.5105
-335.8765
-95.25329
0
0
0
-487.6019
-494.3529
-454.3327
-340.4577
-102.6549
0
0
0
0
-489.8101
-497.4947
-459.7043
-349.4383
-114.219
0
0
0
0
0
-492.8121
-501.0495
-465.1047
-358.7939
-132.784
0
0
0
0
0
-3192.8
-495.6342
-504.6354
-470.3196
-367.1439
-147.6001
0
0
0
0
0
-2137.81
-3131.002
-497.8937
-507.38
-474.7045
-373.7824
-158.1426
0
0
0
0
0
-950.8043
-2050.79
-3041.372
-499.4286
-509.2374
-477.5571
-378.7781
-165.1042
0
0
0
0
0
-1815.642
-867.4147
-2003.825
-2896.347
-500.1827
-510.1185
-478.8759
-381.1112
-169.7605
0
0
0
0
0
-1850.412
-1660.429
-824.2452
-1871.106
-2783.739
-500.1286
-510.0581
-478.6996
-380.7104
-169.8363
0
0
0
0
0
-1881.02
-1704.133
-1525.255
-704.22
-1782.639
-499.2995
-508.9927
-477.0703
-377.9811
-165.2151
0
0
0
0
0
-1872.001
-1734.099
-1579.625
-1373.912
-597.0459
-497.6913
-507.0261
-473.9899
-372.889
-156.7808
0
0
0
0
0
-1914.114
-1744.865
-1601.976
-1438.114
-1287.864
-495.3905
-504.1798
-469.6525
-365.7713
-145.1267
0
0
0
0
0
-1905.867
-1804.264
-1642.959
-1444.526
-1344.359
-492.5388
-500.7223
-464.3545
-357.1569
-131.0521
0
0
0
0
0
-1908.583
-1804.079
-1719.5
-1522.122
-1370.517
-489.6113
-497.1648
-459.0075
-348.4731
-116.999
0
0
0
0
0
-2140.345
-1815.899
-1726.559
-1571.56
-1437.392
-487.3706
-494.4783
-454.9796
-342.1036
-106.6781
0
0
0
0
0
174.6496
-2095.725
-1817.34
-1615.079
-1405.409
-485.9418
-492.729
-452.4143
-338.0617
-100.3857
0
0
0
0
0
-71.01553
178.8428
-1993.226
-1647.429
-1483.513
-485.1198
-491.7196
-450.8808
-335.745
-96.80561
0
0
0
0
0
-190.3265
6.461103
259.6181
-1988.128
-1656.997
-482.9326
-489.5687
-447.6316
-331.0605
-89.99783
0
0
0
0
0
-297.4496
-131.0231
64.43446
346.5168
-1920.937
-482.8207
-489.09
-447.1753
-329.6822
-86.3303
0
0
-484.8241
-491.2884
-449.8965
-333.274
-91.05741
0
0
0
-485.8894
-492.3585
-451.5303
-335.9435
-95.3652
0
0
0
0
-487.5794
-494.738
-454.6607
-340.5528
-102.8452
0
0
0
0
0
-489.844
-497.4187
-459.5752
-349.7898
-118.2237
0
0
0
0
0
-3037.061
-492.7457
-501.1032
-464.9434
-358.4504
-133.5971
0
0
0
0
0
-2078.466
-3026.755
-495.5669
-504.5367
-470.4823
-366.8001
-146.8991
0
0
0
0
0
-913.0711
-2021.826
-2981.725
-497.8291
-507.2819
-474.6119
-374.0299
-157.4586
0
0
0
0
0
-1822.279
-843.0108
-1942.453
-2865.03
-499.3678
-509.1454
-477.3995
-378.6524
-165.9259
0
0
0
0
0
-1854.748
-1664.632
-768.6443
-1868.427
-2770.442
-500.1286
-510.0581
-478.6996
-380.7104
-169.8363
0
0
0
0
0
-1881.02
-1704.133
-1525.255
-704.2199
-1782.639
-500.0942
-509.9856
-478.5873
-380.3504
-169.0214
0
0
0
0
0
-1866.666
-1739.033
-1573.697
-1369.226
-647.4652
-499.2875
-508.9736
-476.9405
-377.6621
-164.4914
0
0
0
0
0
-1903.082
-1731.832
-1603.102
-1426.33
-1278.992
-497.7144
-507.0129
-473.9542
-372.6408
-156.156
0
0
0
0
0
-1888.335
-1783.852
-1621.085
-1445.617
-1342.494
-495.4014
-504.2111
-469.6369
-365.6476
-144.6573
0
0
0
0
0
-1883.65
-1775.619
-1689.158
-1493.147
-1348.509
-492.542
-500.7364
-464.4121
-357.1364
-130.8325
0
0
0
0
0
-2112.013
-1780.197
-1689.292
-1574.115
-1425.351
-489.5801
-497.1703
-459.0342
-348.5808
-116.9648
0
0
0
0
0
236.2062
-2065.655
-1702.726
-1580.599
-1471.787
-487.3536
-494.4416
-454.9925
-342.1587
-106.8741
0
0
0
0
0
-29.22864
231.1661
-2022.772
-1678.056
-1517.06
-485.9365
-492.7081
-452.3535
-338.0889
-100.4973
0
0
0
0
0
-206.1614
-10.6849
241.8411
-1872.554
-1550.627
-484.9223
-491.7181
-450.8434
-335.6336
-96.86196
0
0
0
0
0
-288.8594
-119.606
78.79755
363.5339
-1914.774
-482.9373
-489.2803
-448.2247
-330.9866
-89.8047
0
0
0
0
0
-377.4217
-223.1265
-55.24258
172.2385
388.0244
-482.8212
-489.0958
-447.1982
-329.725
-86.23634
0
0
0
-484.9402
-491.2911
-449.9182
-333.3424
-91.17056
0
0
0
0
-485.8845
-492.6273
-451.5486
-336.0124
-95.55354
0
0
0
0
0
-487.5953
-494.7143
-455.4102
-341.2969
-103.106
0
0
0
0
0
-2844.473
-489.786
-497.4834
-459.4383
-349.5516
-119.121
0
0
0
0
0
-1989.312
-2885.832
-492.6857
-501.0136
-465.1227
-358.1417
-132.9546
0
0
0
0
0
-866.5064
-1970.874
-2885.998
-495.5069
-504.4454
-470.2998
-367.3287
-146.2582
0
0
0
0
0
-1831.853
-809.4418
-1917.675
-2808.828
-497.7713
-507.1945
-474.4276
-373.9105
-158.3125
0
0
0
0
0
-1863.327
-1672.93
-739.0081
-1805.226
-2740.456
-499.3153
-509.0629
-477.2262
-378.3355
-165.8529
0
0
0
0
0
-1878.209
-1709.447
-1529.957
-650.7078
-1780.084
-500.0942
-509.9856
-478.5873
-380.3503
-169.0214
0
0
0
0
0
-1866.666
-1739.033
-1573.697
-1369.226
-647.4651
-500.1179
-509.9411
-478.4534
-380.1242
-168.2873
0
0
0
0
0
-1897.648
-1725.358
-1610.985
-1420.357
-1274.497
-499.3107
-508.9599
-476.9127
-377.4021
-163.8414
0
0
0
0
0
-1876.91
-1770.502
-1606.555
-1447.448
-1331.123
-497.7259
-507.0454
-473.9376
-372.5832
-155.6592
0
0
0
0
0
-1865.279
-1754.47
-1666.418
-1470.902
-1348.606
-495.4043
-504.2266
-469.6995
-365.6289
-144.4214
0
0
0
0
0
-2087.799
-1750.274
-1657.593
-1543.192
-1397.173
-492.5065
-500.7429
-464.4415
-357.2579
-130.8079
0
0
0
0
0
303.4275
-2032.028
-1662.951
-1542.353
-1477.473
-489.5606
-497.1263
-459.0505
-348.64
-117.1856
0
0
0
0
0
23.65148
297.5334
-1989.41
-1555.518
-1483.28
-487.3469
-494.4179
-454.9193
-342.1934
-106.992
0
0
0
0
0
-169.8567
35.0685
296.8807
-1904.129
-1581.135
-485.9871
-492.7017
-452.3121
-337.9597
-100.5644
0
0
0
0
0
-306.4721
-139.4061
57.86609
343.0594
-1784.308
-485.1572
-491.454
-450.8428
-335.5544
-96.63027
0
0
0
0
0
-369.501
-212.9144
-42.65285
187.0881
404.8819
-482.9354
-489.2869
-447.6955
-332.167
-89.64953
0
0
0
0
0
-423.3397
-299.3012
-143.4242
56.24599
217.8893
-482.8214
-489.0993
-447.2208
-329.7941
-86.3503
0
0
0
0
-485.0331
-491.4579
-449.9341
-333.4121
-91.35636
0
0
0
0
0
-485.913
-492.6267
-452.1181
-336.0762
-95.75189
0
0
0
0
0
-2719.812
-487.548
-494.7482
-455.3917
-342.8709
-104.7547
0
0
0
0
0
-1861.479
-2699.672
-489.7344
-497.4046
-459.6348
-349.2868
-118.6983
0
0
0
0
0
-729.559
-1888.737
-2755.669
-492.6322
-500.9317
-464.9553
-358.698
-132.3743
0
0
0
0
0
-1843.459
-752.6363
-1872.68
-2718.288
-495.4533
-504.3639
-470.1269
-366.9673
-147.8047
0
0
0
0
0
-1868.708
-1684.919
-707.9564
-1782.47
-2686.577
-497.7216
-507.1159
-474.2624
-373.5334
-158.2454
0
0
0
0
0
-1878.127
-1719.961
-1539.241
-613.7199
-1717.413
-499.2994
-508.9927
-477.0703
-377.9811
-165.2151
0
0
0
0
0
-1872.001
-1734.099
-1579.625
-1373.912
-597.046
-500.1179
-509.941
-478.4534
-380.1242
-168.2873
0
0
0
0
0
-1897.648
-1725.358
-1610.985
-1420.357
-1274.497
-500.1403
-509.9756
-478.3762
-379.8563
-167.8328
0
0
0
0
0
-1871.29
-1763.921
-1599.339
-1458.011
-1325.35
-499.3225
-508.9925
-476.8958
-377.3609
-163.3226
0
0
0
0
0
-1853.362
-1740.67
-1651.547
-1456.14
-1350.69
-497.7287
-507.0618
-474.0022
-372.5641
-155.5688
0
0
0
0
0
-2013.28
-1728.168
-1634.041
-1520.04
-1375.547
-495.3667
-504.2333
-469.7314
-365.7601
-144.404
0
0
0
0
0
356.9385
-2003.18
-1629.639
-1509.961
-1447.376
-492.4847
-500.6924
-464.4615
-357.3223
-131.054
0
0
0
0
0
81.74806
370.2282
-1952.12
-1514.598
-1445.885
-489.5518
-497.099
-458.9619
-348.6842
-117.3109
0
0
0
0
0
-123.878
93.16372
366.8278
-1869.94
-1458.357
-487.4103
-494.4099
-454.8722
-342.0374
-107.0766
0
0
0
0
0
-273.7686
-98.85295
106.5768
398.9263
-1815.922
-485.9811
-492.7696
-452.3028
-337.8719
-100.2956
0
0
0
0
0
-387.7645
-234.2264
-65.99874
163.6504
384.0167
-484.9257
-491.7693
-450.3571
-335.5572
-96.46425
0
0
0
0
0
-415.8041
-289.7031
-131.981
69.37499
232.6487
-482.9337
-489.2849
-447.7088
-331.1216
-91.96471
0
0
0
0
0
-450.5761
-343.1223
-216.7073
-28.78797
105.0281
-483.0405
-489.1019
-447.2377
-329.8643
-86.53523
0
0
0
0
0
-485.0538
-491.6015
-450.283
-333.4677
-91.55101
0
0
0
0
0
-2634.819
-486.1104
-492.6768
-452.1409
-337.367
-95.9377
0
0
0
0
0
-1722.31
-2584.774
-487.5034
-494.683
-455.5048
-342.8972
-108.0236
0
0
0
0
0
-311.1811
-1763.951
-2573.352
-489.6885
-497.3337
-459.4857
-349.8701
-118.1964
0
0
0
0
0
-1854.993
-620.9626
-1793.858
-2594.523
-492.5843
-500.8586
-464.7987
-358.3631
-133.9642
0
0
0
0
0
-1842.894
-1699.478
-639.9384
-1740.594
-2599.569
-495.4074
-504.2909
-469.972
-366.6111
-147.1087
0
0
0
0
0
-1866.817
-1725.738
-1552.66
-583.8847
-1695.534
-497.7027
-507.0492
-474.1135
-373.1945
-157.475
0
0
0
0
0
-1882.745
-1733.636
-1591.34
-1383.161
-557.0265
-499.2874
-508.9735
-476.9405
-377.6621
-164.4914
0
0
0
0
0
-1903.082
-1731.832
-1603.102
-1426.33
-1278.992
-500.1403
-509.9756
-478.3762
-379.8563
-167.8328
0
0
0
0
0
-1871.29
-1763.921
-1599.339
-1458.011
-1325.35
-500.1516
-510.0071
-478.4499
-379.7114
-167.2989
0
0
0
0
0
-1847.512
-1733.876
-1644.217
-1448.812
-1362.034
-499.3606
-509.0091
-476.9603
-377.3427
-163.2652
0
0
0
0
0
-2000.745
-1713.806
-1618.675
-1504.923
-1361.205
-497.6906
-507.0686
-474.0353
-372.6986
-155.5538
0
0
0
0
0
-2168.557
-1912.35
-1605.035
-1485.963
-1424.85
-495.3436
-504.1792
-469.7534
-365.8291
-144.6675
0
0
0
0
0
128.253
428.4721
-1920.121
-1480.513
-1414.295
-492.4737
-500.6616
-464.358
-357.3773
-131.1888
0
0
0
0
0
-73.02624
157.1567
443.5323
-1831.896
-1418.247
-489.629
-497.0883
-458.9072
-348.4938
-117.4186
0
0
0
0
0
-232.3
-47.30921
168.5477
469.9139
-1782.613
-487.3976
-494.494
-454.8601
-341.9371
-106.7513
0
0
0
0
0
-356.8668
-197.0281
-22.27188
213.3879
438.9923
-485.992
-492.762
-452.4281
-337.8579
-100.1119
0
0
0
0
0
-434.3427
-311.4549
-156.6268
43.68806
208.9495
-484.9243
-491.4594
-450.94
-334.5963
-96.47645
0
0
0
0
0
-476.9596
-333.885
-205.8379
-16.75973
118.1175
-482.8966
-489.2827
-447.7066
-331.1505
-89.92609
0
0
0
0
0
-470.4568
-369.7289
-259.0982
-99.70045
22.52822
-483.0627
-489.4237
-447.2521
-329.9206
-86.72836
0
0
0
0
0
-2590.756
-485.0199
-491.6378
-450.6224
-334.2488
-91.71405
0
0
0
0
0
-1668.935
-2506.317
-486.0709
-492.9395
-452.2814
-337.4724
-98.80492
0
0
0
0
0
-157.8321
-1621.185
-2465.495
-487.4637
-494.6213
-455.3795
-343.2501
-108.232
0
0
0
0
0
-1863.139
-195.4911
-1671.88
-2415.184
-489.6473
-497.2705
-459.3481
-349.5686
-119.8237
0
0
0
0
0
-1854.185
-1713.958
-511.3639
-1662.37
-2480.165
-492.5435
-500.7931
-464.6584
-358.0371
-133.3136
0
0
0
0
0
-1883.303
-1698.709
-1568.956
-504.3247
-1655.19
-495.3788
-504.2291
-469.8329
-366.2914
-146.376
0
0
0
0
0
-1898.938
-1725.387
-1596.175
-1396.521
-528.9823
-497.6912
-507.026
-473.9899
-372.889
-156.7808
0
0
0
0
0
-1914.114
-1744.865
-1601.977
-1438.114
-1287.864
-499.3107
-508.9598
-476.9126
-377.4021
-163.8413
0
0
0
0
0
-1876.91
-1770.502
-1606.555
-1447.448
-1331.123
-500.1516
-510.0071
-478.4499
-379.7113
-167.2989
0
0
0
0
0
-1847.512
-1733.876
-1644.217
-1448.812
-1362.034
-500.2379
-510.023
-478.5122
-379.8767
-167.0255
0
0
0
0
0
-1994.73
-1706.751
-1611.111
-1497.479
-1354.087
-499.3221
-509.0637
-476.9936
-377.4764
-163.2544
0
0
0
0
0
-2157.146
-1897.331
-1589.051
-1470.33
-1410.156
-497.6838
-507.0131
-474.0587
-372.7694
-155.8216
0
0
0
0
0
160.3267
-2094.204
-1816.708
-1455.411
-1390.932
-495.3315
-504.1462
-469.6405
-365.8915
-144.8103
0
0
0
0
0
-32.13732
208.718
505.1464
-1799.332
-1384.977
-492.5676
-500.6481
-464.2958
-357.1522
-131.3237
0
0
0
0
0
-186.2052
9.806579
236.8564
547.6477
-1745.62
-489.6117
-497.19
-458.8906
-348.3769
-117.0192
0
0
0
0
0
-317.6524
-149.6846
33.41333
276.6418
508.8806
-487.4158
-494.4777
-455.0128
-341.9179
-106.5414
0
0
0
0
0
-404.7441
-275.8831
-116.0626
88.61134
258.0048
-485.9917
-492.777
-452.4155
-338.1068
-100.0908
0
0
0
0
0
-464.7267
-355.7768
-230.7598
-43.60357
92.26226
-485.1156
-491.4575
-450.3698
-335.7556
-94.60036
0
0
0
0
0
-503.088
-398.4568
-248.5774
-88.21344
34.55468
-482.8541
-489.2314
-447.7028
-331.1489
-89.98706
0
0
0
0
0
-486.9327
-390.6281
-285.4466
-140.8725
-46.24565
-483.0265
-489.4622
-447.9531
-329.9714
-86.89052
0
0
0
0
0
-1622.16
-2465.945
-484.989
-491.5897
-450.7247
-335.1021
-93.42996
0
0
0
0
0
-10.14104
-1571.505
-2391.81
-486.0358
-492.8845
-452.7599
-337.8738
-99.163
0
0
0
0
0
-1868.053
-44.68461
-1525.883
-2312.114
-487.4282
-494.5663
-455.2579
-342.9932
-109.2491
0
0
0
0
0
-1862.426
-1724.2
-85.63883
-1543.14
-2305.317
-489.6124
-497.2138
-459.2251
-349.2783
-119.2333
0
0
0
0
0
-1853.2
-1712.957
-1585.146
-377.4581
-1577.934
-492.5182
-500.7379
-464.5325
-357.7446
-132.6364
0
0
0
0
0
-1920.094
-1745.61
-1568.136
-1412.72
-444.195
-495.3682
-504.1918
-469.7176
-366.0043
-145.7171
0
0
0
0
0
-1931.005
-1764.488
-1597.885
-1441.005
-1300.672
-497.7144
-507.0128
-473.9542
-372.6407
-156.156
0
0
0
0
0
-1888.335
-1783.852
-1621.085
-1445.617
-1342.494
-499.3225
-508.9925
-476.8957
-377.3608
-163.3226
0
0
0
0
0
-1853.361
-1740.67
-1651.547
-1456.14
-1350.691
-500.2378
-510.0229
-478.5122
-379.8767
-167.0255
0
0
0
0
0
-1994.73
-1706.751
-1611.111
-1497.479
-1354.087
-500.1935
-510.1406
-478.5437
-380.0052
-167.3824
0
0
0
0
0
-2157.999
-1890.107
-1581.2
-1462.641
-1402.924
-499.2995
-509.0073
-477.107
-377.5468
-163.5185
0
0
0
0
0
173.7865
-2080.526
-1800.009
-1439.13
-1375.73
-497.6709
-507.0025
-473.9414
-372.8372
-155.9664
0
0
0
0
0
-3.825507
244.5628
-2016.109
-1688.849
-1360.518
-495.4395
-504.1314
-469.5733
-365.6423
-144.9656
0
0
0
0
0
-148.971
56.02792
292.0253
609.9791
-1713.956
-492.5444
-500.7708
-464.2743
-357.018
-130.8469
0
0
0
0
0
-273.9581
-97.00734
95.12171
346.2277
585.3546
-489.635
-497.1677
-459.0723
-348.3488
-116.7739
0
0
0
0
0
-367.3887
-230.5709
-64.33666
145.7863
320.4125
-487.4166
-494.5023
-454.9849
-342.217
-106.5097
0
0
0
0
0
-438.9836
-321.4151
-191.69
-1.696353
136.653
-485.9383
-492.7766
-452.4447
-338.0846
-100.5772
0
0
0
0
0
-486.2966
-385.4708
-273.541
-115.2229
7.610672
-485.0638
-491.7127
-450.3665
-334.627
-96.87242
0
0
0
0
0
-520.0686
-427.9706
-315.5938
-129.7265
-34.73074
-483.0644
-489.1731
-447.6031
-331.142
-89.98861
0
0
0
0
0
-498.6847
-407.9744
-307.3481
-166.9475
-86.02494
-482.9966
-489.411
-448.0593
-331.612
-87.04265
0
0
0
0
0
48.0273
-1527.505
-2354.189
-484.9613
-491.546
-450.6262
-335.3954
-95.53114
0
0
0
0
0
-1870.698
99.00484
-1478.877
-2241.768
-486.0043
-492.8355
-452.6502
-338.8134
-100.2617
0
0
0
0
0
-1867.404
-1730.38
63.43355
-1395.988
-2205.907
-487.3982
-494.517
-455.1494
-342.7331
-108.7419
0
0
0
0
0
-1861.107
-1723.321
-1596.567
44.33189
-1461.699
-489.5908
-497.1662
-459.1148
-349.0184
-118.6222
0
0
0
0
0
-1936.266
-1712.241
-1584.082
-1428.766
-320.5334
-492.5086
-500.7048
-464.4285
-357.4825
-132.028
0
0
0
0
0
-1953.652
-1790.053
-1620.469
-1411.986
-1316.191
-495.3905
-504.1797
-469.6524
-365.7712
-145.1267
0
0
0
0
0
-1905.867
-1804.264
-1642.959
-1444.526
-1344.359
-497.7259
-507.0454
-473.9375
-372.5831
-155.6592
0
0
0
0
0
-1865.279
-1754.471
-1666.418
-1470.902
-1348.606
-499.3606
-509.0091
-476.9603
-377.3426
-163.2651
0
0
0
0
0
-2000.746
-1713.805
-1618.675
-1504.924
-1361.205
-500.1934
-510.1406
-478.5437
-380.0052
-167.3824
0
0
0
0
0
-2157.999
-1890.107
-1581.2
-1462.641
-1402.924
-500.3477
-510.0758
-478.7687
-380.0718
-167.635
0
0
0
0
0
183.5135
-2082.261
-1791.984
-1431.141
-1368.256
-499.286
-508.9743
-476.9866
-377.7971
-163.661
0
0
0
0
0
7.649865
258.4568
-2000.936
-1671.823
-1344.673
-497.7884
-506.9866
-473.9167
-372.575
-156.1368
0
0
0
0
0
-123.0578
88.29258
330.5068
-1912.374
-1603.292
-495.4114
-504.2718
-469.5496
-365.4961
-144.4323
0
0
0
0
0
-238.5851
-54.19599
145.1612
402.3126
646.5496
-492.5728
-500.7408
-464.4907
-356.9804
-130.5639
0
0
0
0
0
-325.8163
-180.0709
-6.821757
208.9845
388.9952
-489.6377
-497.1992
-459.034
-348.6994
-116.7242
0
0
0
0
0
-405.6946
-277.8453
-141.8319
51.70066
193.1637
-487.3523
-494.5032
-455.0316
-342.1651
-107.0874
0
0
0
0
0
-462.5136
-354.9528
-235.6275
-74.70672
49.09556
-485.8819
-492.7038
-452.444
-338.1455
-100.5382
0
0
0
0
0
-504.9896
-408.047
-302.9236
-156.7204
-61.78739
-485.0347
-491.6421
-450.8326
-334.6209
-94.6698
0
0
0
0
0
-532.0365
-445.7535
-348.7602
-197.4282
-74.85159
-483.0618
-489.4535
-447.491
-330.9336
-89.97506
0
0
0
0
0
-524.6825
-420.2758
-325.4636
-189.4187
-111.367
-482.9699
-489.3687
-447.9553
-331.9129
-90.82614
0
0
0
0
0
-1870.42
173.6676
-1441.167
-2206.085
-484.9364
-491.5069
-450.5371
-335.1782
-96.33916
0
0
0
0
0
-1870.091
-1733.703
178.0648
-1350.777
-2138.155
-485.9779
-492.7916
-452.5524
-338.5761
-102.0918
0
0
0
0
0
-1866.144
-1729.59
-1603.434
191.94
-1317.201
-487.3796
-494.4759
-455.0524
-342.5009
-108.1879
0
0
0
0
0
-1860.133
-1722.243
-1595.637
-1440.016
88.00808
-489.582
-497.1377
-459.0239
-348.7857
-118.0749
0
0
0
0
0
-1965.932
-1807.742
-1583.677
-1427.758
-1331.54
-492.529
-500.6935
-464.3697
-357.2701
-131.4841
0
0
0
0
0
-1929.52
-1831.532
-1671.431
-1467.315
-1315.558
-495.4013
-504.2111
-469.6369
-365.6475
-144.6573
0
0
0
0
0
-1883.65
-1775.619
-1689.159
-1493.147
-1348.509
-497.7286
-507.0617
-474.0021
-372.564
-155.5687
0
0
0
0
0
-2013.28
-1728.169
-1634.042
-1520.04
-1375.547
-499.3219
-509.0637
-476.9936
-377.4764
-163.2543
0
0
0
0
0
-2157.146
-1897.331
-1589.05
-1470.33
-1410.157
-500.3476
-510.0757
-478.7687
-380.0718
-167.635
0
0
0
0
0
183.5137
-2082.261
-1791.984
-1431.141
-1368.256
-500.3291
-510.2699
-478.6301
-380.5349
-167.769
0
0
0
0
0
16.32326
269.5304
-2004.045
-1663.67
-1336.902
-499.409
-508.9576
-476.9166
-377.5263
-164.1979
0
0
0
0
0
-112.786
100.3992
343.9611
-1897.084
-1586.691
-497.7408
-507.1388
-473.8913
-372.5171
-155.5707
0
0
0
0
0
-213.9062
-24.16159
180.2029
441.3867
-1878.969
-495.4435
-504.2355
-469.7945
-365.4541
-144.1223
0
0
0
0
0
-291.8839
-138.9539
39.99786
260.1071
444.1565
-492.5784
-500.7795
-464.439
-357.3916
-130.4946
0
0
0
0
0
-368.1378
-229.3481
-86.33347
110.8886
255.542
-489.5629
-497.2024
-459.0938
-348.6276
-117.392
0
0
0
0
0
-431.3317
-315.4349
-187.4392
-23.05119
101.9612
-487.2889
-494.4167
-455.0328
-342.2612
-106.9905
0
0
0
0
0
-483.6336
-379.5092
-268.8233
-117.324
-21.60956
-485.8483
-492.6274
-452.3062
-338.1441
-100.663
0
0
0
0
0
-518.0506
-427.5377
-326.5068
-185.7671
-101.8942
-485.0323
-491.6018
-450.6983
-335.5362
-94.65749
0
0
0
0
0
-557.4151
-458.2404
-367.2532
-233.1919
-141.1671
-483.0621
-489.4503
-448.0034
-330.7013
-89.54684
0
0
0
0
0
-524.7132
-445.06
-338.2605
-207.9808
-133.5838
-482.9459
-489.331
-447.8688
-331.6849
-91.64909
0
0
0
0
0
-1869.832
-1734.173
290.0041
-1319.055
-2103.895
-484.9157
-491.4718
-450.4574
-334.9814
-95.86852
0
0
0
0
0
-1868.868
-1732.971
-1607.11
291.5906
-1273.154
-485.9614
-492.7551
-452.4651
-338.3645
-101.5812
0
0
0
0
0
-1864.516
-1728.574
-1602.604
-1446.735
232.6465
-487.3713
-494.4511
-454.9727
-342.2937
-107.6931
0
0
0
0
0
-1903.798
-1721.826
-1594.819
-1439.138
-1342.265
-489.5997
-497.1271
-458.9724
-348.5975
-117.5862
0
0
0
0
0
-1957.425
-1841.848
-1688.21
-1427.617
-1330.602
-492.5388
-500.7223
-464.3545
-357.1568
-131.052
0
0
0
0
0
-1908.583
-1804.079
-1719.5
-1522.122
-1370.517
-495.4042
-504.2266
-469.6994
-365.6288
-144.4213
0
0
0
0
0
-2087.799
-1750.274
-1657.593
-1543.192
-1397.173
-497.6903
-507.0685
-474.0353
-372.6986
-155.5537
0
0
0
0
0
-2168.557
-1912.35
-1605.035
-1485.963
-1424.85
-499.2995
-509.0072
-477.1069
-377.5468
-163.5185
0
0
0
0
0
173.7869
-2080.526
-1800.009
-1439.13
-1375.73
-500.3291
-510.2699
-478.63
-380.5349
-167.769
0
0
0
0
0
16.32344
269.5306
-2004.045
-1663.67
-1336.902
-500.4537
-510.2466
-478.9455
-380.2219
-168.7076
0
0
0
0
0
-111.536
110.4711
356.0077
-1901.656
-1578.777
-499.3759
-509.1167
-476.8897
-377.3704
-163.6102
0
0
0
0
0
-204.1854
-13.09576
192.0471
453.6483
-1864.436
-497.7748
-507.0761
-474.1546
-372.4714
-155.4432
0
0
0
0
0
-274.2068
-110.0407
72.94263
295.8552
482.5206
-495.4523
-504.2794
-469.732
-365.9142
-144.0434
0
0
0
0
0
-337.2822
-189.5942
-41.0872
158.9368
305.8929
-492.49
-500.7863
-464.513
-357.2947
-131.267
0
0
0
0
0
-395.7642
-270.9457
-133.8704
34.24378
160.4617
-489.489
-497.1026
-459.0986
-348.7511
-117.257
0
0
0
0
0
-455.3745
-342.1246
-224.6738
-67.28798
29.61288
-487.2532
-494.3313
-454.8718
-342.2626
-107.186
0
0
0
0
0
-498.299
-401.4164
-294.412
-150.105
-62.82776
-485.8461
-492.5814
-452.1622
-337.8632
-100.659
0
0
0
0
0
-542.8156
-441.1751
-346.7005
-209.9142
-130.1597
-485.0322
-491.599
-450.6198
-335.2611
-96.42935
0
0
0
0
0
-557.0078
-482.265
-380.2109
-252.0907
-177.1356
-483.0705
-489.4511
-447.9984
-331.7082
-89.07396
0
0
0
0
0
-550.246
-443.7745
-361.9351
-221.0868
-152.0939
-482.926
-489.2971
-447.7915
-331.493
-91.1568
0
0
0
0
0
-1868.627
-1733.469
-1608.111
429.6201
-1243.799
-484.9036
-491.4429
-450.3861
-334.8055
-95.43648
0
0
0
0
0
-1867.292
-1731.997
-1606.346
-1450.306
327.0012
-485.9566
-492.7329
-452.3935
-338.1761
-101.1259
0
0
0
0
0
-1863.195
-1727.437
-1601.844
-1445.955
-1348.649
-487.3865
-494.4407
-454.9272
-342.1266
-107.2529
0
0
0
0
0
-1982.533
-1774.305
-1594.917
-1438.529
-1341.448
-489.6084
-497.1522
-458.9569
-348.4964
-117.1984
0
0
0
0
0
-1938.456
-1837.524
-1724.128
-1536.016
-1330.577
-492.5419
-500.7363
-464.412
-357.1364
-130.8324
0
0
0
0
0
-2112.013
-1780.197
-1689.293
-1574.115
-1425.351
-495.3665
-504.2332
-469.7313
-365.76
-144.4039
0
0
0
0
0
356.9387
-2003.18
-1629.639
-1509.961
-1447.376
-497.6837
-507.0129
-474.0587
-372.7694
-155.8216
0
0
0
0
0
160.3273
-2094.204
-1816.708
-1455.411
-1390.933
-499.286
-508.9743
-476.9864
-377.7971
-163.661
0
0
0
0
0
7.650482
258.4571
-2000.936
-1671.823
-1344.673
-500.4536
-510.2466
-478.9455
-380.2218
-168.7076
0
0
0
0
0
-111.5359
110.4713
356.0078
-1901.656
-1578.777
-500.2491
-510.4076
-478.9075
-380.7667
-168.0232
0
0
0
0
0
-203.0642
-12.33944
203.1329
465.9622
-1869.629
-499.4114
-509.0745
-477.1636
-377.3217
-163.2737
0
0
0
0
0
-265.161
-99.39232
83.88998
306.6427
494.0418
-497.7865
-507.1227
-474.0416
-372.9619
-155.3559
0
0
0
0
0
-321.5436
-169.6776
-9.18028
192.691
341.0373
-495.3514
-504.2901
-469.8164
-365.797
-144.8977
0
0
0
0
0
-366.1194
-234.2646
-89.95006
80.81531
207.8476
-492.4028
-500.6692
-464.5228
-357.4484
-131.0841
0
0
0
0
0
-422.8242
-299.6344
-175.1093
-11.87225
86.31642
-489.4495
-497.0039
-458.9159
-348.7578
-117.5092
0
0
0
0
0
-472.0606
-366.9291
-252.4446
-104.0598
-13.21096
-487.2514
-494.2827
-454.713
-341.9395
-107.1858
0
0
0
0
0
-521.9345
-416.7536
-317.01
-176.2543
-94.71053
-485.8456
-492.579
-452.0737
-337.5711
-100.0952
0
0
0
0
0
-541.5721
-464.4172
-360.8591
-230.4948
-154.0223
-485.0406
-491.5991
-450.6156
-335.096
-95.87522
0
0
0
0
0
-545.5949
-480.4959
-403.007
-265.3424
-195.9625
-482.8352
-489.4634
-448.0008
-331.6985
-91.02163
0
0
0
0
0
-520.209
-476.066
-359.6133
-243.9618
-165.1887
-482.9143
-489.2692
-447.7223
-331.3217
-90.73413
0
0
0
0
0
-1867.076
-1732.515
-1607.379
-1451.523
483.8269
-485.126
-491.4265
-450.3283
-334.6486
-95.05066
0
0
0
0
0
-1865.679
-1730.901
-1605.626
-1449.591
-1352.028
-485.9698
-492.7269
-452.3521
-338.0243
-100.7219
0
0
0
0
0
-1956.812
-1726.749
-1601.137
-1445.393
-1347.924
-487.3944
-494.4624
-454.911
-342.0356
-106.904
0
0
0
0
0
-2021.253
-1867.524
-1654.781
-1438.98
-1340.915
-489.6112
-497.1648
-459.0075
-348.473
-116.999
0
0
0
0
0
-2140.345
-1815.899
-1726.559
-1571.56
-1437.392
-492.5063
-500.7429
-464.4414
-357.2578
-130.8078
0
0
0
0
0
303.4277
-2032.028
-1662.951
-1542.353
-1477.473
-495.3435
-504.1789
-469.7533
-365.829
-144.6675
0
0
0
0
0
128.2536
428.4723
-1920.122
-1480.513
-1414.296
-497.6709
-507.0024
-473.9412
-372.8371
-155.9664
0
0
0
0
0
-3.824873
244.5633
-2016.11
-1688.849
-1360.518
-499.4088
-508.9575
-476.9166
-377.5261
-164.1979
0
0
0
0
0
-112.7858
100.3998
343.9614
-1897.084
-1586.691
-500.249
-510.4075
-478.9075
-380.7666
-168.0231
0
0
0
0
0
-203.0641
-12.33937
203.133
465.9623
-1869.629
-500.2859
-510.145
-479.1838
-380.6975
-168.9394
0
0
0
0
0
-257.1616
-98.66771
83.75646
318.0293
506.1424
-499.4256
-509.1233
-477.0924
-377.829
-163.1801
0
0
0
0
0
-313.6365
-159.4883
1.469837
202.6861
351.1606
-497.6766
-507.1369
-474.1323
-372.7403
-156.2583
0
0
0
0
0
-350.7262
-216.242
-69.17726
113.5996
241.0743
-495.2516
-504.1574
-469.8323
-365.9739
-144.6766
0
0
0
0
0
-395.5421
-264.1471
-134.2571
33.39246
132.3066
-492.3588
-500.5539
-464.3121
-357.4626
-131.4008
0
0
0
0
0
-441.7396
-327.4268
-204.9212
-52.60885
41.62758
-489.4477
-496.9506
-458.7353
-348.3973
-117.516
0
0
0
0
0
-493.9185
-384.4209
-277.9145
-132.4159
-49.012
-487.2505
-494.281
-454.6203
-341.622
-106.546
0
0
0
0
0
-519.5323
-438.6021
-332.9534
-199.2111
-120.5288
-485.8541
-492.5783
-452.0704
-337.3868
-99.51241
0
0
0
0
0
-533.348
-461.7171
-382.7279
-244.9735
-174.4882
-485.0479
-491.6114
-450.6165
-335.0879
-95.53076
0
0
0
0
0
-515.5839
-469.2636
-400.1661
-287.2644
-209.1968
-482.8352
-489.1488
-448.0271
-331.7044
-90.99871
0
0
0
0
0
-510.7911
-441.5888
-397.7014
-240.9448
-187.6037
-482.9122
-489.2532
-447.6664
-331.1691
-90.35718
0
0
0
0
0
-1865.487
-1731.441
-1606.679
-1450.841
-1353.294
-485.1457
-491.7243
-450.2972
-334.5238
-94.70796
0
0
0
0
0
-1912.342
-1729.865
-1604.948
-1449.063
-1351.364
-485.9771
-492.7457
-452.3429
-337.9405
-100.4019
0
0
0
0
0
-1997.787
-1838.866
-1600.985
-1444.958
-1347.43
-487.3967
-494.4739
-454.955
-342.0089
-106.7217
0
0
0
0
0
-2165.758
-1916.596
-1760.005
-1503.059
-1341.494
-489.58
-497.1703
-459.0342
-348.5808
-116.9648
0
0
0
0
0
236.2064
-2065.655
-1702.726
-1580.599
-1471.787
-492.4846
-500.6923
-464.4614
-357.3223
-131.054
0
0
0
0
0
81.74859
370.2284
-1952.12
-1514.598
-1445.885
-495.3315
-504.1462
-469.6403
-365.8914
-144.8102
0
0
0
0
0
-32.13666
208.7185
505.1466
-1799.332
-1384.977
-497.7881
-506.9865
-473.9166
-372.5748
-156.1367
0
0
0
0
0
-123.0575
88.29315
330.5073
-1912.375
-1603.292
-499.3756
-509.1165
-476.8897
-377.3704
-163.61
0
0
0
0
0
-204.1851
-13.09557
192.0477
453.6486
-1864.436
-500.2858
-510.1449
-479.1837
-380.6975
-168.9394
0
0
0
0
0
-257.1613
-98.66766
83.75652
318.0295
506.1425
-500.3013
-510.1957
-478.7386
-381.2075
-168.8088
0
0
0
0
0
-314.1661
-149.8569
1.394011
201.5575
362.365
-499.3095
-509.1405
-477.1881
-377.698
-164.1079
0
0
0
0
0
-342.7424
-207.1574
-58.6691
123.3901
250.4486
-497.567
-506.9929
-474.1533
-372.9321
-155.8225
0
0
0
0
0
-381.6236
-246.3787
-115.3255
53.48884
164.622
-495.2031
-504.026
-469.5964
-365.9973
-145.0439
0
0
0
0
0
-416.2929
-294.2701
-165.2759
-10.37745
86.30412
-492.356
-500.4947
-464.1046
-357.0543
-131.4168
0
0
0
0
0
-461.421
-347.3195
-233.3516
-83.03186
1.930188
-489.4472
-496.9489
-458.6348
-348.0428
-116.8139
0
0
0
0
0
-490.1109
-404.1279
-296.1326
-158.2028
-77.01386
-487.2597
-494.2796
-454.6187
-341.4302
-105.9215
0
0
0
0
0
-513.7542
-434.6015
-353.2031
-215.5212
-143.3086
-485.8663
-492.5909
-452.0693
-337.3811
-99.13101
0
0
0
0
0
-540.8002
-453.6161
-378.8823
-265.8726
-188.9344
-484.8234
-491.6219
-450.6427
-335.0904
-95.511
0
0
0
0
0
-546.2177
-435.1778
-389.2004
-283.7118
-230.6389
-482.8206
-489.1492
-447.4491
-331.7632
-91.00981
0
0
0
0
0
-516.2158
-432.2011
-359.3937
-282.4333
-184.3341
-482.9256
-489.2505
-447.6359
-331.0477
-90.0227
0
0
0
0
0
-1864.195
-1730.419
-1606.016
-1450.329
-1352.662
-485.1525
-491.7524
-450.8453
-334.4596
-94.44002
0
0
0
0
0
-2065.411
-1785.897
-1604.381
-1448.644
-1350.9
-485.9787
-492.7564
-452.3816
-337.9261
-100.2318
0
0
0
0
0
-2141.892
-1890.414
-1728.502
-1445.131
-1347.061
-487.3705
-494.4783
-454.9796
-342.1035
-106.6781
0
0
0
0
0
174.6497
-2095.725
-1817.34
-1615.079
-1405.409
-489.5605
-497.1262
-459.0505
-348.64
-117.1856
0
0
0
0
0
23.65187
297.5336
-1989.41
-1555.518
-1483.28
-492.4737
-500.6615
-464.3579
-357.3772
-131.1888
0
0
0
0
0
-73.02566
157.1572
443.5325
-1831.896
-1418.247
-495.4393
-504.1313
-469.5732
-365.642
-144.9655
0
0
0
0
0
-148.9707
56.02852
292.0258
609.9793
-1713.957
-497.7405
-507.1386
-473.8912
-372.517
-155.5705
0
0
0
0
0
-213.906
-24.16132
180.2034
441.3871
-1878.969
-499.4113
-509.0742
-477.1634
-377.3217
-163.2737
0
0
0
0
0
-265.1602
-99.39202
83.89015
306.6433
494.0421
-500.3012
-510.1957
-478.7385
-381.2074
-168.8088
0
0
0
0
0
-314.1659
-149.8567
1.394059
201.5575
362.3651
-500.1819
-510.2144
-478.8382
-380.3967
-169.7379
0
0
0
0
0
-342.9968
-207.5039
-47.81425
122.384
248.9704
-499.1927
-508.9889
-477.2135
-377.9025
-163.8655
0
0
0
0
0
-374.4578
-237.1225
-105.8832
63.44581
173.8387
-497.5323
-506.8491
-473.8994
-372.9631
-156.2246
0
0
0
0
0
-403.6201
-277.8997
-146.531
7.939756
105.6372
-495.199
-503.9613
-469.3631
-365.5466
-145.0727
0
0
0
0
0
-434.2596
-316.1411
-196.0061
-42.01723
43.63049
-492.3572
-500.4921
-463.9947
-356.6545
-130.636
0
0
0
0
0
-456.1286
-364.4394
-254.1252
-111.7355
-28.124
-489.4569
-496.9475
-458.6341
-347.8372
-116.1296
0
0
0
0
0
-486.2181
-398.5242
-313.9296
-176.8554
-102.5435
-487.274
-494.2927
-454.6152
-341.4284
-105.527
0
0
0
0
0
-519.7164
-428.8652
-347.9458
-234.6549
-159.5666
-485.8836
-492.6075
-452.0958
-337.3783
-99.11626
0
0
0
0
0
-534.8431
-463.7167
-370.9491
-261.2809
-209.3134
-484.8084
-491.321
-450.6636
-335.1488
-95.51438
0
0
0
0
0
-513.0442
-472.2072
-351.6364
-272.9849
-226.8465
-482.837
-489.1273
-447.4505
-330.6195
-91.13429
0
0
0
0
0
-525.5467
-437.4514
-350.0838
-241.8502
-225.9504
-482.9345
-489.2696
-447.6322
-330.9846
-89.76121
0
0
0
0
0
-2068.528
-1729.832
-1605.455
-1449.921
-1352.211
-485.1537
-491.7625
-450.9035
-335.5443
-94.3072
0
0
0
0
0
-2219.243
-1973.922
-1668.257
-1448.344
-1350.541
-485.9568
-492.7596
-452.4045
-338.01
-100.21
0
0
0
0
0
125.9681
-2068.922
-1788.567
-1581.53
-1347.324
-487.3536
-494.4416
-454.9924
-342.1587
-106.874
0
0
0
0
0
-29.22838
231.1662
-2022.772
-1678.056
-1517.06
-489.5518
-497.099
-458.9618
-348.6842
-117.3109
0
0
0
0
0
-123.8776
93.16409
366.8279
-1869.94
-1458.357
-492.5674
-500.648
-464.2957
-357.152
-131.3236
0
0
0
0
0
-186.2049
9.80711
236.8569
547.6479
-1745.621
-495.4111
-504.2716
-469.5495
-365.496
-144.432
0
0
0
0
0
-238.5849
-54.19568
145.1617
402.313
646.5497
-497.7748
-507.0758
-474.1543
-372.4714
-155.4431
0
0
0
0
0
-274.2058
-110.0405
72.94286
295.8557
482.521
-499.4251
-509.1233
-477.0921
-377.8288
-163.1801
0
0
0
0
0
-313.636
-159.4875
1.47015
202.6863
351.1612
-500.1818
-510.2142
-478.8382
-380.3966
-169.7378
0
0
0
0
0
-342.9967
-207.5038
-47.81398
122.3841
248.9705
-500.0609
-510.0585
-478.8657
-380.6101
-168.2799
0
0
0
0
0
-374.9702
-237.1212
-106.1763
74.75198
172.5078
-499.1411
-508.8359
-476.9473
-377.9396
-164.2977
0
0
0
0
0
-404.9864
-269.3888
-136.8424
16.87068
115.1284
-497.5258
-506.8039
-473.6459
-372.4822
-156.2632
0
0
0
0
0
-420.4634
-301.0802
-178.5806
-23.84241
61.23038
-495.2034
-503.9571
-469.2442
-365.1033
-144.2232
0
0
0
0
0
-427.5452
-331.2179
-218.8822
-72.9792
12.37037
-492.3684
-500.4924
-463.9933
-356.4328
-129.8796
0
0
0
0
0
-453.6598
-357.1327
-268.9848
-133.0337
-56.48483
-489.4746
-496.9614
-458.6288
-347.8384
-115.7108
0
0
0
0
0
-492.5656
-394.5482
-306.9094
-193.338
-121.1228
-487.2988
-494.3122
-454.6424
-341.4186
-105.5207
0
0
0
0
0
-518.5202
-437.6387
-342.2883
-228.5992
-178.1265
-485.8805
-492.6309
-452.1276
-337.4367
-99.10663
0
0
0
0
0
-541.2233
-457.4611
-383.2354
-253.4545
-204.5079
-484.8186
-491.2984
-450.1093
-335.1928
-95.6375
0
0
0
0
0
-521.9313
-432.4936
-394.0341
-233.4115
-216.3036
-437.3776
-489.1442
-447.4027
-330.6233
-88.90052
0
0
0
0
0
-546.6467
-446.6538
-355.2023
-232.6537
-185.4775
-482.9374
-489.2824
-447.6709
-330.9797
-89.63001
0
0
0
0
0
-2222.637
-1978.311
-1605.44
-1449.619
-1351.861
-485.1347
-491.765
-450.9253
-335.673
-96.42057
0
0
0
0
0
135.0703
-2162.382
-1884.212
-1516.7
-1350.289
-485.9418
-492.729
-452.4143
-338.0617
-100.3857
0
0
0
0
0
-71.01536
178.8428
-1993.226
-1647.429
-1483.513
-487.3469
-494.4179
-454.9192
-342.1933
-106.992
0
0
0
0
0
-169.8564
35.06875
296.8809
-1904.129
-1581.135
-489.6289
-497.0883
-458.9072
-348.4937
-117.4186
0
0
0
0
0
-232.2997
-47.30882
168.548
469.9141
-1782.613
-492.5442
-500.7707
-464.2743
-357.0179
-130.8467
0
0
0
0
0
-273.9578
-97.00705
95.12221
346.2281
585.3548
-495.4434
-504.2353
-469.7942
-365.454
-144.1223
0
0
0
0
0
-291.8828
-138.9537
39.99814
260.1076
444.1569
-497.7858
-507.1226
-474.0413
-372.9616
-155.3559
0
0
0
0
0
-321.5427
-169.6767
-9.180135
192.6912
341.0377
-499.3092
-509.14
-477.1881
-377.6978
-164.1077
0
0
0
0
0
-342.742
-207.157
-58.66829
123.3904
250.4488
-500.0607
-510.0583
-478.8654
-380.6101
-168.2798
0
0
0
0
0
-374.9701
-237.1212
-106.1762
74.75224
172.5078
-500.1896
-509.9002
-478.5926
-380.65
-168.7322
0
0
0
0
0
-412.8721
-269.5932
-136.7354
16.43741
126.304
-499.1456
-508.7671
-476.6787
-377.4379
-164.3433
0
0
0
0
0
-421.0463
-302.5359
-169.5657
-14.6196
69.71486
-497.534
-506.7969
-473.5669
-372.0048
-155.3651
0
0
0
0
0
-419.2163
-314.8018
-202.8118
-56.05426
29.84091
-495.2162
-503.9612
-469.241
-364.8667
-143.3974
0
0
0
0
0
-426.2545
-322.3232
-231.4191
-96.44856
-18.17736
-492.3887
-500.5079
-463.9889
-356.4342
-129.4335
0
0
0
0
0
-461.2815
-354.4226
-260.0853
-146.3589
-77.69104
-489.5051
-496.9854
-458.6567
-347.8216
-115.7116
0
0
0
0
0
-495.9375
-403.9123
-302.8924
-185.4403
-136.9703
-487.2963
-494.3454
-454.6796
-341.4774
-105.4929
0
0
0
0
0
-524.5242
-435.9892
-353.4371
-222.9641
-171.8949
-485.6568
-492.6241
-452.1713
-337.5021
-99.22834
0
0
0
0
0
-549.3267
-463.992
-376.7295
-266.9884
-196.7284
-439.373
-491.308
-450.0598
-334.0936
-95.72655
0
0
0
0
0
-580.5344
-441.271
-348.8822
-278.864
-176.947
-492.5486
-443.001
-447.4197
-330.5165
-88.90833
0
0
0
0
0
-584.0318
-463.5889
-364.3707
-237.4854
-176.6076
-482.922
-489.2871
-447.6977
-331.0635
-89.62511
0
0
0
0
0
120.8718
-2167.079
-1889.588
-1449.927
-1351.604
-485.1212
-491.7385
-450.9333
-335.7225
-96.69818
0
0
0
0
0
-58.13866
192.5638
-2097.027
-1751.567
-1418.512
-485.9364
-492.7081
-452.3534
-338.0889
-100.4973
0
0
0
0
0
-206.1612
-10.68474
241.8412
-1872.554
-1550.627
-487.4102
-494.4098
-454.8722
-342.0373
-107.0766
0
0
0
0
0
-273.7684
-98.85269
106.577
398.9264
-1815.922
-489.6116
-497.1899
-458.8906
-348.3769
-117.0191
0
0
0
0
0
-317.6522
-149.6844
33.4137
276.6421
508.8807
-492.5728
-500.7407
-464.4905
-356.9803
-130.5638
0
0
0
0
0
-325.8154
-180.0707
-6.821482
208.985
388.9956
-495.4516
-504.2793
-469.7317
-365.914
-144.0433
0
0
0
0
0
-337.2812
-189.5932
-41.08701
158.9371
305.8934
-497.6761
-507.136
-474.1322
-372.74
-156.2581
0
0
0
0
0
-350.7259
-216.2411
-69.17645
113.5998
241.0744
-499.1924
-508.9885
-477.2125
-377.9025
-163.8653
0
0
0
0
0
-374.4575
-237.1221
-105.8829
63.44658
173.839
-500.1895
-509.9
-478.5924
-380.6494
-168.7322
0
0
0
0
0
-412.8718
-269.5931
-136.7354
16.43748
126.3043
-500.3399
-510.0643
-478.3152
-380.1365
-168.7805
0
0
0
0
0
-422.6164
-311.8769
-169.6201
-14.62705
69.23647
-499.2218
-508.7761
-476.5538
-376.9346
-163.4114
0
0
0
0
0
-411.8388
-315.3088
-204.9189
-47.44789
38.62438
-497.5485
-506.8054
-473.5589
-371.8558
-154.4846
0
0
0
0
0
-418.6376
-313.1668
-213.7901
-80.89551
-1.89931
-495.2373
-503.9787
-469.2413
-364.8664
-142.9275
0
0
0
0
0
-434.8192
-320.668
-220.8066
-107.2759
-41.53432
-492.4252
-500.5357
-464.0188
-356.4145
-129.4376
0
0
0
0
0
-468.6905
-365.2723
-257.189
-136.495
-90.32317
-489.5036
-497.0261
-458.7025
-347.8798
-115.6632
0
0
0
0
0
-503.1627
-406.6469
-314.825
-181.3513
-128.9414
-487.302
-494.3391
-454.7407
-341.5537
-105.6126
0
0
0
0
0
-531.2918
-442.2782
-351.3281
-235.5472
-166.257
-440.2186
-492.3211
-452.1503
-337.5895
-99.35959
0
0
0
0
0
-566.3572
-472.0379
-383.4059
-260.3478
-210.4328
-494.4326
-445.1822
-450.0653
-333.9829
-93.57629
0
0
0
0
0
-615.0848
-502.0773
-357.6469
-230.4569
-222.5178
-498.9216
-402.6458
-330.5352
-88.68076
0
0
0
0
0
-637.2677
-496.7931
-377.9223
-246.5609
-181.0285
-482.9094
-489.2655
-447.7095
-331.1229
-89.80088
0
0
0
0
0
-69.9363
177.0064
-2102.743
-1757.417
-1351.993
-485.1197
-491.7196
-450.8807
-335.745
-96.8056
0
0
0
0
0
-190.3264
6.461205
259.6181
-1988.128
-1656.997
-485.9871
-492.7017
-452.3121
-337.9596
-100.5644
0
0
0
0
0
-306.472
-139.406
57.86625
343.0595
-1784.308
-487.3976
-494.494
-454.8601
-341.9371
-106.7512
0
0
0
0
0
-356.8666
-197.028
-22.27163
213.3882
438.9924
-489.6349
-497.1676
-459.0722
-348.3488
-116.7738
0
0
0
0
0
-367.388
-230.5707
-64.33644
145.7866
320.4129
-492.5777
-500.7795
-464.4388
-357.3915
-130.4945
0
0
0
0
0
-368.137
-229.3472
-86.33324
110.8889
255.5424
-495.3509
-504.2891
-469.8163
-365.7968
-144.8975
0
0
0
0
0
-366.1191
-234.2637
-89.94916
80.81549
207.8479
-497.5665
-506.9923
-474.1519
-372.9321
-155.8222
0
0
0
0
0
-381.6233
-246.3784
-115.3248
53.48959
164.6221
-499.141
-508.8356
-476.9467
-377.9379
-164.2977
0
0
0
0
0
-404.9855
-269.3884
-136.8421
16.8709
115.1291
-500.3399
-510.0643
-478.315
-380.1362
-168.7793
0
0
0
0
0
-422.6155
-311.8767
-169.62
-14.62701
69.23653
-500.1807
-510.2721
-478.5897
-379.6177
-167.8291
0
0
0
0
0
-422.4092
-315.6644
-216.1195
-47.58784
38.5691
-499.2349
-508.8727
-476.5805
-376.689
-162.4882
0
0
0
0
0
-411.7737
-303.5982
-214.799
-83.99727
6.304756
-497.5671
-506.825
-473.5661
-371.8469
-154.2038
0
0
0
0
0
-427.5167
-312.0704
-212.2594
-90.03356
-26.61095
-495.2768
-504.0077
-469.2739
-364.8514
-142.9306
0
0
0
0
0
-445.5656
-332.6001
-218.8495
-95.6493
-51.62264
-492.4247
-500.5842
-464.0722
-356.4741
-129.3743
0
0
0
0
0
-478.2366
-371.8262
-270.8005
-133.4212
-80.37723
-489.5054
-497.0205
-458.7771
-347.9741
-115.7776
0
0
0
0
0
-508.2497
-414.3553
-316.8863
-194.8568
-124.8135
-441.8821
-494.3455
-454.7195
-341.675
-105.7661
0
0
0
0
0
-546.1496
-449.0251
-357.8999
-233.0836
-179.1222
-487.7041
-446.2035
-451.5828
-337.5342
-99.53029
0
0
0
0
0
-597.5452
-484.5659
-391.4932
-266.9007
-204.015
-500.9814
-405.3131
-333.9811
-93.33984
0
0
0
0
0
-631.9659
-532.2623
-420.3855
-239.1466
-173.8818
-456.7267
-288.7103
-88.70458
0
0
0
0
0
-659.5175
-552.7618
-407.7151
-257.8849
-189.7709
-483.1486
-489.2479
-447.6663
-331.1527
-89.9279
0
0
0
0
0
-200.198
-6.794876
243.026
-1994.308
-1662.897
-484.9222
-491.7181
-450.8434
-335.6336
-96.86195
0
0
0
0
0
-288.8594
-119.6059
78.79766
363.534
-1914.774
-485.9811
-492.7696
-452.3028
-337.8719
-100.2955
0
0
0
0
0
-387.7644
-234.2263
-65.99858
163.6506
384.0167
-487.4158
-494.4776
-455.0128
-341.9179
-106.5413
0
0
0
0
0
-404.7437
-275.883
-116.0624
88.61159
258.005
-489.6371
-497.1991
-459.0339
-348.6993
-116.7242
0
0
0
0
0
-405.694
-277.8447
-141.8317
51.70088
193.1641
-492.4895
-500.7854
-464.5129
-357.2945
-131.2669
0
0
0
0
0
-395.7638
-270.9449
-133.8696
34.244
160.462
-495.2513
-504.1568
-469.8306
-365.9738
-144.6764
0
0
0
0
0
-395.5418
-264.1468
-134.2562
33.39329
132.3067
-497.5322
-506.8487
-473.8986
-372.9606
-156.2246
0
0
0
0
0
-403.619
-277.8995
-146.5308
7.940429
105.6379
-499.1456
-508.7671
-476.6784
-377.4371
-164.3401
0
0
0
0
0
-421.044
-302.535
-169.5654
-14.61925
69.71505
-500.1806
-510.2721
-478.5897
-379.6176
-167.8287
0
0
0
0
0
-422.4088
-315.6636
-216.1193
-47.58779
38.56914
-500.1922
-510.0511
-478.9947
-380.1089
-166.8801
0
0
0
0
0
-422.3664
-312.4617
-213.9122
-96.90014
6.130833
-499.2518
-508.8905
-476.7384
-376.7616
-162.007
0
0
0
0
0
-420.6956
-302.9436
-201.1045
-91.93771
-30.02988
-497.6115
-506.851
-473.6016
-371.8427
-154.1919
0
0
0
0
0
-434.3916
-324.359
-210.7063
-88.75429
-34.97449
-495.2761
-504.0601
-469.3305
-364.914
-142.8682
0
0
0
0
0
-457.2996
-342.318
-233.6738
-93.4273
-39.97445
-492.4197
-500.5794
-464.1607
-356.5852
-129.4854
0
0
0
0
0
-481.4639
-382.1145
-276.4394
-148.7343
-77.23195
-444.1052
-497.0239
-458.7554
-348.1214
-115.9682
0
0
0
0
0
-519.2613
-419.4567
-325.0301
-196.3701
-138.6075
-442.2818
-448.2515
-454.7281
-341.6173
-106.0028
0
0
0
0
0
-572.4576
-459.2692
-364.7346
-239.645
-176.6901
-493.9148
-406.8403
-336.3995
-99.40099
0
0
0
0
0
-618.3493
-511.378
-400.3673
-274.9551
-210.1753
-459.244
-292.1824
-93.32625
0
0
0
0
0
-655.059
-545.2813
-447.0204
-302.6368
-182.2501
-339.1367
-50.69809
0
0
0
0
0
-664.375
-573.7915
-466.1531
-285.3027
-200.0708
-482.9325
-489.5687
-447.6316
-331.0604
-89.99782
0
0
0
0
0
-297.4495
-131.023
64.43454
346.5169
-1920.937
-485.1572
-491.454
-450.8428
-335.5543
-96.63024
0
0
0
0
0
-369.501
-212.9144
-42.65275
187.0882
404.882
-485.992
-492.7619
-452.4281
-337.8578
-100.1118
0
0
0
0
0
-434.3425
-311.4548
-156.6267
43.68822
208.9496
-487.4161
-494.5023
-454.9848
-342.2169
-106.5097
0
0
0
0
0
-438.9832
-321.4148
-191.6898
-1.696192
136.6532
-489.5626
-497.2017
-459.0938
-348.6275
-117.392
0
0
0
0
0
-431.3315
-315.4343
-187.4386
-23.05099
101.9614
-492.4026
-500.6687
-464.5213
-357.4484
-131.0839
0
0
0
0
0
-422.8239
-299.6341
-175.1085
-11.8715
86.31662
-495.203
-504.0256
-469.5955
-365.9943
-145.0439
0
0
0
0
0
-416.2917
-294.2699
-165.2756
-10.37666
86.30491
-497.5258
-506.8038
-473.6454
-372.4811
-156.2585
0
0
0
0
0
-420.46
-301.0792
-178.5805
-23.84224
61.23101
-499.2217
-508.7761
-476.5537
-376.9342
-163.4102
0
0
0
0
0
-411.8378
-315.3068
-204.918
-47.44756
38.62472
-500.1921
-510.0511
-478.9947
-380.1088
-166.8799
0
0
0
0
0
-422.3665
-312.4613
-213.9115
-96.89992
6.13088
-500.207
-510.0667
-478.5598
-380.9515
-167.7402
0
0
0
0
0
-431.0726
-311.8162
-207.8312
-90.2806
-43.31008
-499.4708
-508.9144
-476.7703
-377.0313
-162.183
0
0
0
0
0
-436.4301
-315.2859
-199.9248
-77.09411
-37.1663
-497.6096
-506.9095
-473.654
-371.9085
-154.1445
0
0
0
0
0
-447.896
-328.2819
-225.9325
-86.81911
-33.89396
-495.283
-504.0546
-469.4259
-365.0333
-142.9795
0
0
0
0
0
-458.9688
-355.029
-242.2783
-110.0423
-37.64736
-447.0412
-500.5759
-464.1382
-356.7592
-129.7124
0
0
0
0
0
-487.9888
-385.3662
-287.3546
-153.6171
-92.82226
-443.9555
-450.9519
-458.7646
-348.0594
-116.2548
0
0
0
0
0
-539.5614
-425.7645
-330.2714
-204.5708
-140.0131
-448.5922
-410.0244
-341.6331
-105.8653
0
0
0
0
0
-596.8409
-481.2124
-371.2171
-246.491
-182.9433
-451.7577
-294.6121
-97.17553
0
0
0
0
0
-642.9892
-528.21
-423.6503
-281.4512
-217.9319
-342.4074
-55.34941
0
0
0
0
0
-660.1282
-567.1499
-456.9538
-326.8357
-244.5528
-96.82432
0
0
0
0
0
-669.7509
-578.4447
-486.2653
-344.7274
-226.0247
-482.9373
-489.2803
-448.2247
-330.9866
-89.80467
0
0
0
0
0
-377.4217
-223.1264
-55.2425
172.2386
388.0244
-484.9257
-491.7692
-450.3571
-335.5572
-96.46423
0
0
0
0
0
-415.804
-289.703
-131.9809
69.37509
232.6488
-485.9914
-492.777
-452.4154
-338.1067
-100.0908
0
0
0
0
0
-464.7264
-355.7766
-230.7597
-43.60345
92.26242
-487.3521
-494.5026
-455.0316
-342.165
-107.0874
0
0
0
0
0
-462.5134
-354.9524
-235.6271
-74.70656
49.09572
-489.4888
-497.1022
-459.0973
-348.7511
-117.2569
0
0
0
0
0
-455.3742
-342.1243
-224.6732
-67.28742
29.61308
-492.3587
-500.5536
-464.3113
-357.4597
-131.4008
0
0
0
0
0
-441.7385
-327.4266
-204.9209
-52.60813
41.6283
-495.1989
-503.9611
-469.3626
-365.5453
-145.0672
0
0
0
0
0
-434.2562
-316.14
-196.0059
-42.017
43.63124
-497.5339
-506.7968
-473.5668
-372.0043
-155.3634
0
0
0
0
0
-419.2153
-314.7987
-202.8109
-56.05412
29.84106
-499.2349
-508.8727
-476.5805
-376.6889
-162.4877
0
0
0
0
0
-411.7736
-303.5972
-214.7973
-83.99646
6.305082
-500.207
-510.0667
-478.5598
-380.9514
-167.7401
0
0
0
0
0
-431.0704
-311.8165
-207.8308
-90.27993
-43.30988
-500.2712
-510.0881
-478.5878
-380.0326
-169.4515
0
0
0
0
0
-438.6376
-323.9227
-206.662
-82.16531
-35.28006
-499.2253
-509.198
-476.8196
-377.0891
-162.6188
0
0
0
0
0
-451.3726
-330.0785
-215.2229
-75.48151
-22.36767
-497.89
-506.9025
-473.7586
-372.0223
-154.2564
0
0
0
0
0
-448.357
-342.9729
-226.8019
-103.874
-31.81457
-450.4846
-504.0686
-469.4009
-365.2205
-143.2265
0
0
0
0
0
-462.1022
-356.7301
-255.7909
-117.7158
-54.53039
-446.8584
-454.5267
-464.1414
-356.6917
-130.0497
0
0
0
0
0
-502.1169
-387.1136
-290.7797
-164.6617
-97.45624
-450.7627
-414.089
-348.0853
-116.1041
0
0
0
0
0
-567.2674
-441.7429
-332.7661
-209.8782
-147.8852
-410.2216
-299.9136
-105.8989
0
0
0
0
0
-623.6234
-501.4987
-389.6889
-250.5008
-189.5288
-334.8277
-59.20912
0
0
0
0
0
-648.5425
-551.6063
-437.2338
-302.3426
-223.4259
-101.1897
0
0
0
0
0
-666.4161
-571.9542
-477.8968
-334.5617
-267.3225
0
0
0
0
0
-628.4175
-584.6762
-490.8952
-363.9676
-284.4764
-482.9354
-489.2868
-447.6955
-332.167
-89.64951
0
0
0
0
0
-423.3396
-299.3011
-143.4241
56.24607
217.8894
-484.9243
-491.4594
-450.9399
-334.5963
-96.47644
0
0
0
0
0
-476.9594
-333.8849
-205.8378
-16.75966
118.1176
-485.9381
-492.7762
-452.4447
-338.0846
-100.5772
0
0
0
0
0
-486.2964
-385.4705
-273.5408
-115.2228
7.610784
-487.2888
-494.4164
-455.0318
-342.2612
-106.9904
0
0
0
0
0
-483.6334
-379.509
-268.8229
-117.3236
-21.60941
-489.4495
-497.0037
-458.9153
-348.7555
-117.5092
0
0
0
0
0
-472.0599
-366.9288
-252.4444
-104.0592
-13.21042
-492.356
-500.4946
-464.1043
-357.0531
-131.4115
0
0
0
0
0
-461.4182
-347.3186
-233.3514
-83.03159
1.930876
-495.2034
-503.9571
-469.2441
-365.1027
-144.2211
0
0
0
0
0
-427.5443
-331.2147
-218.8812
-72.97898
12.37059
-497.5485
-506.8054
-473.5588
-371.8557
-154.4839
0
0
0
0
0
-418.6375
-313.1658
-213.7874
-80.89468
-1.899178
-499.2517
-508.8904
-476.7384
-376.7616
-162.0069
0
0
0
0
0
-420.6915
-302.9437
-201.1034
-91.93611
-30.0291
-500.2711
-510.0881
-478.5878
-380.0326
-169.4515
0
0
0
0
0
-438.6367
-323.9205
-206.6623
-82.16491
-35.27944
-500.2917
-510.1753
-478.6331
-380.0826
-167.5436
0
0
0
0
0
-454.3551
-330.9875
-221.7177
-80.57044
-26.72903
-499.4262
-508.8752
-477.3089
-377.198
-162.7128
0
0
0
0
0
-450.9721
-346.3945
-228.9483
-92.62882
-20.59
-497.1028
-507.2695
-473.731
-372.2243
-154.4979
0
0
0
0
0
-449.3509
-343.4553
-242.4596
-102.4674
-49.13547
-449.9917
-458.5776
-469.4415
-365.1457
-143.5887
0
0
0
0
0
-471.0821
-355.0554
-257.6933
-131.4257
-61.83013
-454.2983
-419.4911
-356.7145
-129.8823
0
0
0
0
0
-532.9483
-397.0129
-288.6813
-168.2002
-108.1202
-413.7722
-306.4016
-116.1681
0
0
0
0
0
-596.4948
-465.1848
-345.3712
-209.8912
-152.9851
-299.8472
-68.04911
0
0
0
0
0
-629.9179
-527.0204
-406.5727
-266.669
-192.4817
-94.35203
0
0
0
0
0
-656.6965
-556.7827
-459.6785
-313.5201
-242.9437
0
0
0
0
0
-662.8793
-579.0829
-482.6251
-354.6149
-274.1001
0
0
0
0
-644.7622
-536.4207
-497.9092
-368.4323
-302.9439
-482.9337
-489.2849
-447.7088
-331.1215
-91.9647
0
0
0
0
0
-450.576
-343.1222
-216.7072
-28.78791
105.0281
-485.1154
-491.4575
-450.3699
-335.7556
-94.60032
0
0
0
0
0
-503.0879
-398.4566
-248.5772
-88.21337
34.55475
-485.8818
-492.7036
-452.4432
-338.1455
-100.5382
0
0
0
0
0
-504.9895
-408.0469
-302.9233
-156.7201
-61.78727
-487.2531
-494.3312
-454.8714
-342.2608
-107.186
0
0
0
0
0
-498.2985
-401.4162
-294.4118
-150.1046
-62.8274
-489.4477
-496.9505
-458.7351
-348.3963
-117.5116
0
0
0
0
0
-493.9165
-384.4202
-277.9142
-132.4157
-49.01147
-492.3572
-500.4921
-463.9946
-356.654
-130.6341
0
0
0
0
0
-456.1278
-364.4367
-254.1243
-111.7352
-28.12374
-495.2161
-503.9611
-469.2409
-364.8666
-143.3967
0
0
0
0
0
-426.2538
-322.3224
-231.4162
-96.44761
-18.17716
-497.567
-506.825
-473.566
-371.8469
-154.2036
0
0
0
0
0
-427.5125
-312.0705
-212.2584
-90.03099
-26.61018
-499.4707
-508.9144
-476.7703
-377.0313
-162.183
0
0
0
0
0
-436.4273
-315.2817
-199.9251
-77.09303
-37.16481
-500.2917
-510.1753
-478.6331
-380.0826
-167.5436
0
0
0
0
0
-454.3556
-330.9868
-221.7155
-80.57077
-26.72865
-500.2055
-510.1974
-478.7997
-380.1849
-167.6218
0
0
0
0
0
-453.5085
-348.1612
-228.539
-97.4815
-24.97356
-499.2709
-509.1364
-476.7358
-378.1064
-162.9477
0
0
0
0
0
-450.7148
-345.9921
-246.38
-105.4075
-38.00589
-452.2001
-506.4279
-474.3777
-372.1443
-154.883
0
0
0
0
0
-454.4962
-339.619
-243.1488
-118.3985
-47.10843
-458.1416
-425.3097
-365.2519
-143.4032
0
0
0
0
0
-504.6425
-359.8956
-252.1694
-133.4817
-75.11731
-419.1153
-315.0575
-129.9512
0
0
0
0
0
-564.6973
-423.4182
-295.3542
-163.6327
-111.5125
-305.8145
-78.35967
0
0
0
0
0
-603.6948
-493.1224
-365.2133
-220.3243
-151.9968
-67.51725
0
0
0
0
0
-640.7973
-532.763
-431.1161
-280.982
-207.3752
0
0
0
0
0
-651.4678
-565.7486
-464.6819
-335.0333
-252.9886
0
0
0
0
-640.6462
-575.2474
-490.5167
-359.1426
-293.3481
0
0
0
-671.5063
-552.7431
-444.0079
-375.8637
-307.0275
-482.8966
-489.2827
-447.7066
-331.1505
-89.92605
0
0
0
0
0
-470.4567
-369.7288
-259.0981
-99.70038
22.52828
-485.0637
-491.7125
-450.3666
-334.6271
-96.87242
0
0
0
0
0
-520.0685
-427.9705
-315.5937
-129.7264
-34.73067
-485.8482
-492.6273
-452.3058
-338.1427
-100.663
0
0
0
0
0
-518.0503
-427.5376
-326.5066
-185.7669
-101.894
-487.2514
-494.2826
-454.7129
-341.9388
-107.1825
0
0
0
0
0
-521.9333
-416.7532
-317.0098
-176.2541
-94.71017
-489.4471
-496.9489
-458.6347
-348.0424
-116.8123
0
0
0
0
0
-490.1102
-404.126
-296.1319
-158.2026
-77.01362
-492.3683
-500.4924
-463.9932
-356.4327
-129.879
0
0
0
0
0
-453.6591
-357.1319
-268.9823
-133.0328
-56.48459
-495.2373
-503.9786
-469.2412
-364.8663
-142.9274
0
0
0
0
0
-434.8174
-320.6674
-220.8059
-107.2732
-41.53342
-497.6114
-506.851
-473.6016
-371.8426
-154.1918
0
0
0
0
0
-434.3868
-324.355
-210.7066
-88.75329
-34.97207
-499.2253
-509.1979
-476.8195
-377.089
-162.6188
0
0
0
0
0
-451.3738
-330.0764
-215.2186
-75.48187
-22.36661
-500.2055
-510.1974
-478.7997
-380.185
-167.6217
0
0
0
0
0
-453.4966
-348.1619
-228.5384
-97.47928
-24.97389
-500.1034
-510.0844
-478.8219
-380.531
-167.8463
0
0
0
0
0
-452.6899
-347.3008
-246.8864
-104.1785
-42.16099
-453.7211
-508.9277
-477.1895
-377.015
-164.6121
0
0
0
0
0
-453.2437
-340.8799
-246.1739
-123.1851
-50.30074
-460.8208
-473.3154
-373.3694
-154.6881
0
0
0
0
0
-497.1029
-340.6728
-235.4527
-119.2604
-62.59319
-425.024
-324.0497
-143.6511
0
0
0
0
0
-538.8118
-388.9212
-253.9174
-125.5097
-77.07706
-314.3707
-92.16173
0
0
0
0
0
-572.7159
-453.8483
-317.9629
-168.3048
-106.0246
-77.24525
0
0
0
0
0
-617.8311
-499.5295
-392.1336
-237.3967
-161.298
0
0
0
0
0
-635.8196
-544.399
-436.5342
-304.5406
-220.435
0
0
0
0
-666.9624
-560.2357
-474.3723
-339.7709
-273.6325
0
0
0
-665.0422
-546.7374
-486.6037
-367.4327
-297.4928
0
0
-713.1204
-577.675
-460.3532
-318.5164
-314.4313
-482.854
-489.2314
-447.7029
-331.149
-89.9871
0
0
0
0
0
-486.9326
-390.628
-285.4465
-140.8724
-46.24559
-485.0347
-491.642
-450.8323
-334.6211
-94.67005
0
0
0
0
0
-532.0363
-445.7534
-348.76
-197.428
-74.85146
-485.8461
-492.5814
-452.1621
-337.8626
-100.6565
0
0
0
0
0
-542.8149
-441.1748
-346.7004
-209.914
-130.1595
-487.2505
-494.2809
-454.6202
-341.6217
-106.5447
0
0
0
0
0
-519.5317
-438.6009
-332.9529
-199.2109
-120.5286
-489.4569
-496.9475
-458.6341
-347.8371
-116.1291
0
0
0
0
0
-486.2174
-398.5235
-313.9278
-176.8547
-102.5433
-492.3886
-500.5079
-463.9889
-356.4342
-129.4333
0
0
0
0
0
-461.2802
-354.422
-260.0846
-146.3566
-77.6902
-495.2767
-504.0077
-469.2739
-364.8514
-142.9306
0
0
0
0
0
-445.5601
-332.5993
-218.849
-95.64865
-51.62004
-497.6096
-506.9094
-473.654
-371.9084
-154.1444
0
0
0
0
0
-447.8975
-328.2776
-225.9285
-86.81964
-33.89298
-499.4262
-508.8752
-477.3089
-377.198
-162.7127
0
0
0
0
0
-450.9375
-346.3961
-228.9468
-92.6244
-20.5904
-500.1034
-510.0844
-478.8219
-380.531
-167.8463
0
0
0
0
0
-452.6868
-347.2856
-246.8872
-104.1782
-42.15884
-454.4935
-509.9452
-478.6215
-380.5429
-168.561
0
0
0
0
0
-453.9091
-341.6264
-246.2183
-122.8933
-48.82777
-462.6675
-476.7996
-377.8586
-162.5702
0
0
0
0
0
-490.5489
-339.3267
-237.183
-123.156
-67.61597
-429.0421
-371.8027
-156.9722
0
0
0
0
0
-533.2657
-380.62
-233.4947
-109.118
-63.39316
-324.0441
-106.2102
0
0
0
0
0
-547.0905
-421.7375
-279.0075
-125.4092
-68.24551
-90.87115
0
0
0
0
0
-590.1773
-460.8107
-347.3356
-187.9402
-109.7329
0
0
0
0
0
-615.0426
-514.312
-398.0067
-263.2612
-176.9799
0
0
0
0
-648.2377
-539.1474
-448.8265
-309.591
-243.0306
0
0
0
-688.9872
-576.1949
-468.8339
-349.8202
-277.9827
0
0
-707.54
-569.2593
-452.9109
-363.2593
-305.7402
0
-749.3969
-618.8092
-483.9259
-334.6977
-256.6919
-483.0644
-489.173
-447.6031
-331.1422
-89.98886
0
0
0
0
0
-498.6846
-407.9743
-307.3481
-166.9474
-86.02484
-485.0323
-491.6018
-450.6982
-335.5357
-94.65804
0
0
0
0
0
-557.4147
-458.2402
-367.2531
-233.1917
-141.167
-485.8456
-492.579
-452.0736
-337.5709
-100.0942
0
0
0
0
0
-541.5716
-464.4165
-360.8588
-230.4947
-154.0222
-487.2596
-494.2795
-454.6187
-341.4301
-105.9211
0
0
0
0
0
-513.7534
-434.6009
-353.2019
-215.5207
-143.3084
-489.4745
-496.9614
-458.6288
-347.8383
-115.7106
0
0
0
0
0
-492.5646
-394.5475
-306.9088
-193.3362
-121.1222
-492.4251
-500.5356
-464.0188
-356.4145
-129.4376
0
0
0
0
0
-468.6857
-365.2718
-257.1884
-136.4944
-90.32091
-495.2761
-504.0601
-469.3305
-364.9139
-142.8681
0
0
0
0
0
-457.3007
-342.3129
-233.6738
-93.42688
-39.97384
-497.89
-506.9025
-473.7585
-372.0223
-154.2563
0
0
0
0
0
-448.3046
-342.975
-226.7981
-103.8699
-31.81515
-499.2709
-509.1363
-476.7358
-378.1063
-162.9478
0
0
0
0
0
-450.7059
-345.9482
-246.382
-105.4063
-38.00155
-454.4936
-509.9452
-478.6215
-380.5429
-168.561
0
0
0
0
0
-453.9078
-341.6227
-246.2003
-122.8942
-48.82745
-463.6056
-478.3546
-380.1558
-168.5334
0
0
0
0
0
-508.0938
-338.7825
-236.6688
-122.406
-67.06644
-431.8167
-377.0759
-164.1057
0
0
0
0
0
-540.7327
-371.9492
-232.6526
-111.7091
-67.54702
-330.4228
-154.3995
0
0
0
0
0
-541.1059
-415.3464
-271.3478
-105.4097
-52.42031
-106.6621
0
0
0
0
0
-567.1945
-428.7721
-310.716
-147.3772
-67.32581
0
0
0
0
0
-590.7319
-478.7793
-353.5384
-216.1802
-127.8283
0
0
0
0
-625.0863
-511.3075
-413.3231
-268.6272
-201.7615
0
0
0
-663.9886
-552.185
-443.5522
-322.1753
-247.6851
0
0
-693.3591
-596.6145
-485.2659
-344.1123
-287.9543
0
-744.4066
-611.2185
-474.0433
-326.4996
-301.1382
-811.4872
-657.0412
-524.7767
-357.1749
-272.3446
-483.0618
-489.4535
-447.491
-330.9337
-89.97563
0
0
0
0
0
-524.6822
-420.2757
-325.4635
-189.4186
-111.3669
-485.0322
-491.599
-450.6198
-335.261
-96.42844
0
0
0
0
0
-557.0074
-482.2646
-380.2107
-252.0906
-177.1355
-485.8541
-492.5783
-452.0704
-337.3867
-99.51211
0
0
0
0
0
-533.3474
-461.7166
-382.7272
-244.9732
-174.4881
-487.274
-494.2927
-454.6152
-341.4284
-105.5269
0
0
0
0
0
-519.7156
-428.8645
-347.9452
-234.6538
-159.5661
-489.5051
-496.9854
-458.6567
-347.8215
-115.7116
0
0
0
0
0
-495.9336
-403.9119
-302.8918
-185.4397
-136.9687
-492.4247
-500.5842
-464.0722
-356.474
-129.3743
0
0
0
0
0
-478.237
-371.8216
-270.8007
-133.4207
-80.37658
-495.2829
-504.0546
-469.4259
-365.0333
-142.9794
0
0
0
0
0
-458.9069
-355.0309
-242.2735
-110.0428
-37.64697
-497.1028
-507.2694
-473.7309
-372.2242
-154.498
0
0
0
0
0
-449.337
-343.3889
-242.4622
-102.464
-49.13149
-453.7211
-508.9278
-477.1894
-377.015
-164.612
0
0
0
0
0
-453.24
-340.8691
-246.1219
-123.1873
-50.29975
-463.6056
-478.3546
-380.1558
-168.5334
0
0
0
0
0
-508.0933
-338.7812
-236.6645
-122.3862
-67.06738
-433.2272
-379.6077
-167.7816
0
0
0
0
0
-580.4782
-390.6356
-230.8827
-110.4048
-66.55119
-334.8375
-162.561
0
0
0
0
0
-544.4665
-425.559
-261.1412
-105.4832
-55.28078
-116.7279
0
0
0
0
0
-562.8865
-421.7831
-304.8719
-141.3472
-47.99419
0
0
0
0
0
-570.5521
-449.2686
-316.8375
-177.8707
-87.64251
0
0
0
0
-598.935
-479.2003
-371.8936
-221.7306
-154.8522
0
0
0
-633.2749
-522.1614
-410.3188
-284.1255
-206.7197
0
0
-706.6124
-566.2149
-457.2586
-316.7312
-260.1326
0
-731.1267
-593.9826
-504.5623
-360.6936
-281.9606
-807.7887
-650.0171
-515.6388
-346.5334
-264.0325
-718.911
-564.3373
-397.5449
-293.5109
-483.0621
-489.4503
-448.0034
-330.7014
-89.54712
0
0
0
0
0
-524.7129
-445.0597
-338.2603
-207.9807
-133.5837
-485.0406
-491.5991
-450.6155
-335.0959
-95.87496
0
0
0
0
0
-545.5944
-480.4954
-403.0066
-265.3422
-195.9624
-485.8663
-492.5909
-452.0693
-337.3811
-99.13093
0
0
0
0
0
-540.7994
-453.6155
-378.8818
-265.872
-188.9341
-487.2988
-494.3122
-454.6424
-341.4186
-105.5206
0
0
0
0
0
-518.5169
-437.6384
-342.2876
-228.5987
-178.1254
-489.5036
-497.0261
-458.7025
-347.8797
-115.6632
0
0
0
0
0
-503.1614
-406.6432
-314.8251
-181.3507
-128.9408
-492.4197
-500.5794
-464.1607
-356.5852
-129.4853
0
0
0
0
0
-481.4034
-382.1157
-276.435
-148.7349
-77.23147
-450.4846
-504.0685
-469.4009
-365.2205
-143.2265
0
0
0
0
0
-462.084
-356.6519
-255.7933
-117.7112
-54.53107
-452.2002
-506.4279
-474.3776
-372.1443
-154.883
0
0
0
0
0
-454.4904
-339.6022
-243.0703
-118.4014
-47.10523
-462.6676
-476.7996
-377.8585
-162.5702
0
0
0
0
0
-490.5479
-339.3232
-237.1706
-123.0991
-67.61826
-433.2272
-379.6077
-167.7816
0
0
0
0
0
-580.4775
-390.635
-230.8814
-110.4002
-66.53128
-337.085
-166.6777
0
0
0
0
0
-546.6608
-464.9071
-280.9866
-102.9652
-53.73716
-123.7125
0
0
0
0
0
-567.1109
-423.4782
-319.0103
-130.6436
-48.40273
0
0
0
0
0
-568.0356
-443.8205
-310.2577
-173.5575
-82.36727
0
0
0
0
-577.345
-452.5516
-337.601
-183.2487
-116.7884
0
0
0
-599.283
-488.407
-372.3442
-240.1401
-159.9901
0
0
-674.0949
-528.4859
-422.0459
-280.9337
-221.9961
0
-747.1095
-608.3675
-470.1285
-330.7918
-254.4307
-795.3946
-633.6183
-496.1743
-379.0697
-298.0916
-712.7211
-555.752
-387.5453
-282.7853
-627.0236
-437.521
-332.8625
-483.0705
-489.4511
-447.9984
-331.7081
-89.07403
0
0
0
0
0
-550.2455
-443.7742
-361.9348
-221.0866
-152.0938
-485.0479
-491.6114
-450.6165
-335.0879
-95.53068
0
0
0
0
0
-515.5823
-469.2631
-400.1657
-287.264
-209.1966
-485.8836
-492.6075
-452.0958
-337.3783
-99.11624
0
0
0
0
0
-534.8401
-463.7162
-370.9486
-261.2804
-209.3127
-487.2963
-494.3454
-454.6796
-341.4774
-105.4929
0
0
0
0
0
-524.5204
-435.9861
-353.4372
-222.9634
-171.8943
-489.5054
-497.0205
-458.7771
-347.9741
-115.7776
0
0
0
0
0
-508.1988
-414.3547
-316.8828
-194.8573
-124.813
-447.0412
-500.5759
-464.1382
-356.7591
-129.7124
0
0
0
0
0
-487.9676
-385.29
-287.3565
-153.6129
-92.8231
-449.9917
-458.5775
-469.4415
-365.1457
-143.5887
0
0
0
0
0
-471.0751
-355.0334
-257.6011
-131.4285
-61.82571
-460.8209
-473.3154
-373.3693
-154.6881
0
0
0
0
0
-497.1017
-340.667
-235.4334
-119.1746
-62.59619
-431.8167
-377.0759
-164.1057
0
0
0
0
0
-540.7321
-371.9482
-232.6492
-111.6957
-67.48959
-337.085
-166.6777
0
0
0
0
0
-546.6605
-464.9064
-280.986
-102.964
-53.73255
-127.2747
0
0
0
0
0
-569.7152
-423.4112
-355.5452
-151.4439
-45.68252
0
0
0
0
0
-573.3426
-446.2989
-310.3982
-191.3546
-71.76572
0
0
0
0
-573.5754
-448.9001
-332.422
-178.1174
-113.1212
0
0
0
-571.044
-460.4688
-340.929
-203.9646
-121.7752
0
0
-638.9662
-486.744
-382.6295
-240.3695
-178.0815
0
-715.5957
-568.8307
-427.1643
-293.1928
-218.5226
-775.6796
-650.9074
-511.9963
-342.7608
-268.2017
-696.9559
-537.0807
-367.0451
-315.2403
-618.8629
-428.0622
-322.6554
-500.0792
-372.1634
-482.8351
-489.4634
-448.0008
-331.6985
-91.02156
0
0
0
0
0
-520.2076
-476.0656
-359.613
-243.9615
-165.1885
-484.8234
-491.6219
-450.6427
-335.0904
-95.51098
0
0
0
0
0
-546.2146
-435.1764
-389.1999
-283.7114
-230.6385
-485.8805
-492.6309
-452.1277
-337.4367
-99.10664
0
0
0
0
0
-541.217
-457.4583
-383.2352
-253.454
-204.5074
-487.302
-494.3391
-454.7407
-341.5538
-105.6126
0
0
0
0
0
-531.2482
-442.2752
-351.3253
-235.5475
-166.2563
-444.1052
-497.0239
-458.7554
-348.1214
-115.9683
0
0
0
0
0
-519.239
-419.3931
-325.0301
-196.3667
-138.6081
-446.8584
-454.5267
-464.1414
-356.6917
-130.0497
0
0
0
0
0
-502.1094
-387.0881
-290.6901
-164.6639
-97.45224
-458.1416
-425.3097
-365.2518
-143.4032
0
0
0
0
0
-504.6411
-359.8882
-252.1441
-133.3809
-75.12019
-429.0421
-371.8027
-156.9721
0
0
0
0
0
-533.2658
-380.6189
-233.4888
-109.0973
-63.30662
-334.8375
-162.561
0
0
0
0
0
-544.4655
-425.5582
-261.1403
-105.4798
-55.26733
-127.2747
0
0
0
0
0
-569.7149
-423.4108
-355.5445
-151.4433
-45.68137
0
0
0
0
0
-576.4554
-446.6223
-308.1223
-224.4364
-92.46852
0
0
0
0
-593.3343
-452.46
-333.2766
-177.4126
-131.8447
0
0
0
-563.1795
-455.4563
-337.5215
-200.1245
-117.323
0
0
-615.8178
-452.0555
-350.0574
-207.0379
-142.0961
0
-680.8743
-525.9405
-379.7172
-251.3618
-177.9678
-750.2324
-612.261
-467.2727
-297.4349
-230.5856
-672.015
-555.9722
-384.0561
-279.038
-600.3564
-408.3229
-302.1612
-490.7461
-362.4694
-432.865
-482.8352
-489.1488
-448.0271
-331.7044
-90.99869
0
0
0
0
0
-510.7885
-441.5874
-397.7009
-240.9445
-187.6034
-484.8084
-491.321
-450.6636
-335.1488
-95.51439
0
0
0
0
0
-513.0401
-472.2043
-351.635
-272.9845
-226.8461
-485.6568
-492.6241
-452.1713
-337.5022
-99.22833
0
0
0
0
0
-549.2847
-463.9864
-376.7268
-266.9884
-196.7278
-441.8821
-494.3455
-454.7195
-341.675
-105.7662
0
0
0
0
0
-546.1262
-448.9717
-357.8975
-233.0809
-179.1226
-443.9555
-450.9519
-458.7646
-348.0594
-116.2548
0
0
0
0
0
-539.5536
-425.7381
-330.1969
-204.5712
-140.0099
-454.2983
-419.4911
-356.7145
-129.8823
0
0
0
0
0
-532.9465
-397.0048
-288.6522
-168.1024
-108.1226
-425.024
-324.0497
-143.6511
0
0
0
0
0
-538.8115
-388.9199
-253.9097
-125.4826
-76.97553
-330.4228
-154.3995
0
0
0
0
0
-541.1049
-415.3467
-271.3467
-105.4037
-52.39954
-123.7125
0
0
0
0
0
-567.1099
-423.4771
-319.0094
-130.6426
-48.39953
0
0
0
0
0
-576.4554
-446.6219
-308.1219
-224.4356
-92.46792
0
0
0
0
-600.8645
-453.2986
-331.3774
-173.7405
-162.7376
0
0
0
-562.2424
-475.6033
-339.4417
-200.088
-116.3281
0
0
-624.4356
-443.2154
-345.1922
-204.9224
-138.8775
0
-652.1115
-498.1526
-340.3833
-216.9899
-144.7801
-719.3524
-569.6188
-418.6944
-247.6063
-188.8518
-638.3987
-512.0786
-337.0256
-233.8228
-571.1709
-428.4904
-319.0749
-470.7126
-342.6853
-423.1845
-482.8206
-489.1492
-447.4491
-331.7632
-91.00982
0
0
0
0
0
-516.2104
-432.1988
-359.3924
-282.4329
-184.3339
-484.8186
-491.2984
-450.1093
-335.1929
-95.6375
0
0
0
0
0
-521.9325
-432.491
-394.0314
-233.4102
-216.3032
-440.2185
-492.3211
-452.1503
-337.5895
-99.35965
0
0
0
0
0
-566.3319
-471.9884
-383.4009
-260.3453
-210.4328
-442.2818
-448.2515
-454.728
-341.6173
-106.0028
0
0
0
0
0
-572.4492
-459.242
-364.673
-239.6429
-176.6875
-450.7627
-414.0889
-348.0853
-116.1041
0
0
0
0
0
-567.2653
-441.7343
-332.7362
-209.797
-147.8858
-419.1153
-315.0575
-129.9512
0
0
0
0
0
-564.6967
-423.4164
-295.3455
-163.6015
-111.414
-324.0441
-106.2102
0
0
0
0
0
-547.0895
-421.7374
-279.0062
-125.4013
-68.21834
-116.7279
0
0
0
0
0
-562.8854
-421.782
-304.8723
-141.3461
-47.98839
0
0
0
0
0
-573.3425
-446.2979
-310.397
-191.3535
-71.76476
0
0
0
0
-600.8645
-453.2987
-331.3771
-173.7401
-162.7369
0
0
0
-587.619
-485.4145
-338.0578
-196.7848
-112.2703
0
0
-606.0658
-442.6018
-365.896
-205.9251
-138.5284
0
-641.6247
-504.4266
-332.0341
-213.3684
-143.2574
-726.5058
-534.1737
-388.1972
-206.5224
-154.6801
-598.334
-463.6611
-286.0635
-184.2419
-531.3493
-382.2588
-272.1776
-439.2392
-362.6839
-402.8698
-482.837
-489.1273
-447.4505
-330.6195
-91.13429
0
0
0
0
0
-525.5419
-437.4475
-350.0818
-241.8491
-225.95
-439.373
-491.308
-450.0598
-334.0936
-95.7266
0
0
0
0
0
-580.5068
-441.2738
-348.8808
-278.8615
-176.9457
-487.704
-446.2035
-451.5828
-337.5342
-99.5303
0
0
0
0
0
-597.536
-484.5373
-391.4376
-266.896
-204.0126
-448.5922
-410.0244
-341.633
-105.8653
0
0
0
0
0
-596.8383
-481.2032
-371.1868
-246.4243
-182.9415
-413.7722
-306.4016
-116.1681
0
0
0
0
0
-596.494
-465.1825
-345.3619
-209.8593
-152.9034
-314.3707
-92.16173
0
0
0
0
0
-572.7152
-453.8479
-317.9611
-168.2958
-105.9934
-106.6622
0
0
0
0
0
-567.1932
-428.7711
-310.716
-147.376
-67.31807
0
0
0
0
0
-568.0358
-443.8193
-310.2565
-173.5581
-82.36623
0
0
0
0
-593.3339
-452.4601
-333.2755
-177.4114
-131.8436
0
0
0
-587.619
-485.4145
-338.0579
-196.7845
-112.2699
0
0
-603.4409
-470.4086
-378.2515
-203.1292
-134.8325
0
-634.1853
-482.1665
-332.8122
-234.7586
-143.9333
-696.047
-518.9113
-392.3449
-199.7026
-151.6639
-601.8266
-423.4323
-255.2049
-143.4968
-484.4033
-331.4186
-221.4068
-396.2784
-316.5242
-371.0389
-437.3776
-489.1442
-447.4027
-330.6233
-88.90052
0
0
0
0
0
-546.6369
-446.6505
-355.1996
-232.6519
-185.4764
-494.4326
-445.1821
-450.0653
-333.9829
-93.57628
0
0
0
0
0
-615.0746
-502.0466
-357.6511
-230.4563
-222.5154
-493.9148
-406.8403
-336.3995
-99.401
0
0
0
0
0
-618.3464
-511.3679
-400.3359
-274.8958
-210.171
-410.2216
-299.9136
-105.8989
0
0
0
0
0
-623.6223
-501.496
-389.679
-250.4687
-189.4619
-305.8145
-78.35967
0
0
0
0
0
-603.6945
-493.1215
-365.2109
-220.3147
-151.9649
-90.87116
0
0
0
0
0
-590.1763
-460.8101
-347.3352
-187.9383
-109.724
0
0
0
0
0
-570.5524
-449.2673
-316.8364
-177.8708
-87.6413
0
0
0
0
-573.575
-448.9006
-332.4209
-178.1161
-113.1218
0
0
0
-562.2423
-475.603
-339.442
-200.0869
-116.3269
0
0
-603.4408
-470.4087
-378.2516
-203.1294
-134.8321
0
-634.8218
-480.3109
-362.3982
-249.0112
-140.7393
-678.0516
-509.8655
-367.2513
-202.3421
-172.8601
-564.0037
-405.6779
-258.2024
-137.4215
-485.2485
-289.3485
-191.0937
-346.0719
-265.8215
-327.6732
-492.5486
-443.001
-447.4197
-330.5165
-88.90833
0
0
0
0
0
-584.0263
-463.5794
-364.3691
-237.4835
-176.6059
-500.9814
-405.3131
-333.9811
-93.33984
0
0
0
0
0
-631.9627
-532.2513
-420.3524
-239.1517
-173.8815
-451.7577
-294.6121
-97.17552
0
0
0
0
0
-642.9879
-528.2068
-423.6395
-281.4182
-217.8727
-299.8472
-68.04912
0
0
0
0
0
-629.9181
-527.0193
-406.5699
-266.6587
-192.4496
-77.24525
0
0
0
0
0
-617.8304
-499.5293
-392.1328
-237.3943
-161.2884
0
0
0
0
0
-590.7323
-478.7783
-353.5377
-216.1799
-127.8265
0
0
0
0
-577.3447
-452.5523
-337.5997
-183.2476
-116.7885
0
0
0
-563.1796
-455.4561
-337.5223
-200.1233
-117.3217
0
0
-606.0655
-442.6018
-365.8957
-205.9254
-138.5273
0
-634.8218
-480.3109
-362.3983
-249.0113
-140.7395
-669.9148
-510.1366
-367.1218
-232.6842
-187.4151
-541.433
-395.9627
-232.0156
-140.7455
-441.9046
-271.2711
-193.5254
-345.7754
-223.9737
-277.2269
-498.9216
-402.6458
-330.5352
-88.68076
0
0
0
0
0
-637.2643
-496.7877
-377.9133
-246.5602
-181.0269
-459.244
-292.1824
-93.32625
0
0
0
0
0
-655.0577
-545.2778
-447.0086
-302.6022
-182.2554
-334.8277
-59.20912
0
0
0
0
0
-648.5428
-551.6051
-437.2305
-302.3314
-223.3931
-67.51725
0
0
0
0
0
-640.7969
-532.7633
-431.115
-280.9791
-207.3649
0
0
0
0
0
-615.0431
-514.3114
-398.0066
-263.2604
-176.9775
0
0
0
0
-598.9347
-479.2011
-371.8925
-221.7298
-154.8519
0
0
0
-571.0442
-460.4686
-340.93
-203.9633
-121.774
0
0
-624.4354
-443.2156
-345.1921
-204.9234
-138.8764
0
-634.1852
-482.1663
-332.8122
-234.7585
-143.9337
-669.9149
-510.1366
-367.1219
-232.6843
-187.4152
-531.1266
-396.052
-233.8338
-170.5493
-415.922
-261.8452
-167.5822
-299.9404
-206.2142
-276.2839
-456.7267
-288.7103
-88.70457
0
0
0
0
0
-659.5162
-552.7582
-407.7097
-257.8761
-189.7707
-342.4074
-55.34941
0
0
0
0
0
-660.1286
-567.1485
-456.9502
-326.8236
-244.5185
-94.35203
0
0
0
0
0
-656.6963
-556.7832
-459.6773
-313.5167
-242.9325
0
0
0
0
0
-635.8202
-544.3987
-436.5346
-304.5395
-220.432
0
0
0
0
-625.0862
-511.3083
-413.3225
-268.6271
-201.7608
0
0
0
-599.2832
-488.4069
-372.3453
-240.139
-159.9894
0
0
-615.8174
-452.0558
-350.0574
-207.0391
-142.0948
0
-641.6247
-504.4266
-332.0344
-213.3684
-143.2585
-678.0516
-509.8654
-367.2512
-202.3421
-172.86
-531.1266
-396.052
-233.8339
-170.5494
-404.0065
-261.9856
-170.1067
-272.4468
-197.1058
-230.5458
-339.1367
-50.69809
0
0
0
0
0
-664.3754
-573.7901
-466.1493
-285.2974
-200.0622
-101.1897
0
0
0
0
0
-666.416
-571.9548
-477.8954
-334.558
-267.3104
0
0
0
0
0
-651.4684
-565.7485
-464.6826
-335.032
-252.9852
0
0
0
0
-648.2378
-539.1483
-448.8263
-309.5914
-243.0295
0
0
0
-633.2751
-522.1615
-410.3199
-284.1248
-206.7196
0
0
-638.9658
-486.7442
-382.6295
-240.3708
-178.0804
0
-652.1115
-498.1523
-340.3836
-216.99
-144.7814
-696.0473
-518.9114
-392.3449
-199.703
-151.664
-541.433
-395.9626
-232.0155
-140.7455
-404.0065
-261.9856
-170.1067
-259.8314
-197.2382
-203.0881
-96.82432
0
0
0
0
0
-669.7509
-578.4453
-486.2638
-344.7235
-226.0194
0
0
0
0
0
-662.8801
-579.083
-482.6258
-354.6135
-274.0963
0
0
0
0
-666.9626
-560.2367
-474.3723
-339.7716
-273.6313
0
0
0
-663.9888
-552.1851
-443.5533
-322.1751
-247.6856
0
0
-674.0947
-528.4862
-422.046
-280.935
-221.9954
0
-680.8743
-525.9402
-379.7175
-251.3619
-177.9691
-726.506
-534.1738
-388.197
-206.5227
-154.6803
-564.0039
-405.678
-258.2026
-137.4219
-415.9219
-261.8451
-167.5821
-259.8314
-197.2382
-190.4887
0
0
0
0
0
-628.4174
-584.6763
-490.896
-363.9661
-284.4725
0
0
0
0
-640.6461
-575.2484
-490.5168
-359.1435
-293.3467
0
0
0
-688.9874
-576.1952
-468.8351
-349.8203
-277.9835
0
0
-706.6122
-566.2151
-457.2589
-316.7325
-260.1324
0
-715.5957
-568.8305
-427.1646
-293.193
-218.524
-719.3526
-569.6188
-418.6942
-247.6066
-188.8519
-601.8268
-423.4324
-255.2048
-143.4972
-441.9049
-271.2713
-193.5256
-272.4467
-197.1057
-190.4888
0
0
0
0
-644.7622
-536.4207
-497.9094
-368.4332
-302.9425
0
0
0
-665.0422
-546.7374
-486.605
-367.4329
-297.4937
0
0
-693.359
-596.6147
-485.2663
-344.1136
-287.9544
0
-747.1095
-608.3674
-470.1288
-330.7921
-254.4321
-750.2325
-612.261
-467.2726
-297.4352
-230.5858
-598.3342
-463.6612
-286.0633
-184.2422
-485.2488
-289.3487
-191.0936
-299.9407
-206.2143
-203.088
0
0
0
-671.5064
-552.7431
-444.008
-375.864
-307.0285
0
0
-707.54
-569.2594
-452.9109
-363.2607
-305.7405
0
-731.1266
-593.9825
-504.5626
-360.6941
-281.9619
-775.6796
-650.9074
-511.9963
-342.7611
-268.202
-638.3988
-512.0786
-337.0255
-233.8231
-484.4036
-331.4187
-221.4066
-345.7757
-223.9739
-230.5461
0
0
-713.1204
-577.6751
-460.3533
-318.5166
-314.4317
0
-744.4065
-611.2185
-474.0433
-326.4996
-301.1397
-795.3946
-633.6183
-496.1742
-379.07
-298.0921
-672.0151
-555.9723
-384.0561
-279.0383
-531.3494
-382.2589
-272.1775
-346.0722
-265.8216
-276.2842
0
-749.3969
-618.8092
-483.926
-334.6979
-256.6921
-807.7886
-650.0171
-515.6388
-346.5335
-264.0326
-696.9559
-537.0807
-367.045
-315.2407
-571.171
-428.4904
-319.0749
-396.2786
-316.5243
-277.2272
-811.4871
-657.0412
-524.7767
-357.175
-272.3447
-712.7211
-555.752
-387.5454
-282.7854
-600.3565
-408.3229
-302.1612
-439.2393
-362.684
-327.6734
-718.9109
-564.3373
-397.5449
-293.5111
-618.8629
-428.0622
-322.6554
-470.7127
-342.6854
-371.039
-627.0236
-437.5211
-332.8626
-490.7461
-362.4694
-402.8699
-500.0792
-372.1634
-423.1846
-432.865
)
;

boundaryField
{
    cathodeSides
    {
        type            zeroGradient;
    }
    electrolyteSides
    {
        type            zeroGradient;
    }
    anodeSides
    {
        type            zeroGradient;
    }
    phiI_to_phiI0
    {
        type            zeroGradient;
    }
}


// ************************************************************************* //
