/*--------------------------------*- C++ -*----------------------------------*\
| =========                 |                                                 |
| \\      /  F ield         | OpenFOAM: The Open Source CFD Toolbox           |
|  \\    /   O peration     | Version:  2312                                  |
|   \\  /    A nd           | Website:  www.openfoam.com                      |
|    \\/     M anipulation  |                                                 |
\*---------------------------------------------------------------------------*/
FoamFile
{
    version     2.0;
    format      ascii;
    arch        "LSB;label=32;scalar=64";
    class       volScalarField;
    location    "40/phiEC";
    object      J;
}
// * * * * * * * * * * * * * * * * * * * * * * * * * * * * * * * * * * * * * //

dimensions      [0 -3 0 0 0 1 0];

internalField   nonuniform List<scalar> 
20000
(
0
0
0
0
0
0
0
0
0
0
0
0
0
0
0
0
0
0
0
0
0
0
0
0
0
0
0
0
0
0
0
0
0
0
0
0
0
0
0
0
0
0
0
0
0
0
0
0
0
0
0
0
0
0
0
0
0
0
0
0
0
0
0
0
0
0
0
0
0
0
0
0
0
0
0
0
0
0
0
0
0
0
0
0
0
0
0
0
0
0
0
0
0
0
0
0
0
0
0
0
0
0
0
0
0
0
0
0
0
0
0
0
0
0
0
0
0
0
0
0
0
0
0
0
0
0
0
0
0
0
0
0
0
0
0
0
0
0
0
0
0
0
0
0
0
0
0
0
0
0
0
0
0
0
0
0
0
0
0
0
0
0
0
0
0
0
0
0
0
0
0
0
0
0
0
0
0
0
0
0
0
0
0
0
0
0
0
0
0
0
0
0
0
0
0
0
0
0
0
0
0
0
0
0
0
0
0
0
0
0
0
0
0
0
0
0
0
0
0
0
0
0
0
0
0
0
0
0
0
0
0
0
0
0
0
0
0
0
0
0
0
0
0
0
0
0
0
0
0
0
0
0
0
0
0
0
0
0
0
0
0
0
0
0
0
0
0
0
0
0
0
0
0
0
0
0
0
0
0
0
0
0
0
0
0
0
0
0
0
0
0
0
0
0
0
0
0
0
0
0
0
0
0
0
0
0
0
0
0
0
0
0
0
0
0
0
0
0
0
0
0
0
0
0
0
0
0
0
0
0
0
0
0
0
0
0
0
0
0
0
0
0
0
0
0
0
0
0
0
0
0
0
0
0
0
0
0
0
0
0
0
0
0
0
0
0
0
0
0
0
0
0
0
0
0
0
0
0
0
0
0
0
0
0
0
0
0
0
0
0
0
0
0
0
0
0
0
0
0
0
0
0
0
0
0
0
0
0
0
0
0
0
0
0
0
0
0
0
0
0
0
0
0
0
0
0
0
0
0
0
0
0
0
0
0
0
0
0
0
0
0
0
0
0
0
0
0
0
0
0
0
0
0
0
0
0
0
0
0
0
0
0
0
0
0
0
0
0
0
0
0
0
0
0
0
0
0
0
0
0
0
0
0
0
0
0
0
0
0
0
0
0
0
0
0
0
0
0
0
0
0
0
0
0
0
0
0
0
0
0
0
0
0
0
0
0
0
0
0
0
0
0
0
0
0
0
0
0
0
0
0
0
0
0
0
0
0
0
0
0
0
0
0
0
0
0
0
0
0
0
0
0
0
0
0
0
0
0
0
0
0
0
0
0
0
0
0
0
0
0
0
0
0
0
0
0
0
0
0
0
0
0
0
0
0
0
0
0
0
0
0
0
0
0
0
0
0
0
0
0
0
0
0
0
0
0
0
0
0
0
0
0
0
0
0
0
0
0
0
0
0
0
0
0
0
0
0
0
0
0
0
0
0
0
0
0
0
0
0
0
0
0
0
0
0
0
0
0
0
0
0
0
0
0
0
0
0
0
0
0
0
0
0
0
0
0
0
0
0
0
0
0
0
0
0
0
0
0
0
0
0
0
0
0
0
0
0
0
0
0
0
0
0
0
0
0
0
0
0
0
0
0
0
0
0
0
0
0
0
0
0
0
0
0
0
0
0
0
0
0
0
0
0
0
0
0
0
0
0
0
0
0
0
0
0
0
0
0
0
0
0
0
0
0
0
0
0
0
0
0
0
0
0
0
0
0
0
0
0
0
0
0
0
0
0
0
0
0
0
0
0
0
0
0
0
0
0
0
0
0
0
0
0
0
0
0
0
0
0
0
0
0
0
0
0
0
0
0
0
0
0
0
0
0
0
0
0
0
0
0
0
0
0
0
0
0
0
0
0
0
0
0
0
0
0
0
0
0
0
0
0
0
0
0
0
0
0
0
0
0
0
0
0
0
0
0
0
0
0
0
0
0
0
0
0
0
0
0
0
0
0
0
0
0
0
0
0
0
0
0
0
0
0
0
0
0
0
0
0
0
0
0
0
0
0
0
0
0
0
0
0
0
0
0
0
0
0
0
0
0
0
0
0
0
0
0
0
0
0
0
0
0
0
0
0
0
0
0
0
0
0
0
0
0
0
0
0
0
0
0
0
0
0
0
0
0
0
0
0
0
0
0
0
0
0
0
0
0
0
0
0
0
0
0
0
0
0
0
0
0
0
0
0
0
0
0
0
0
0
0
0
0
0
0
0
0
0
0
0
0
0
0
0
0
0
0
0
0
0
0
0
0
0
0
0
0
0
0
0
0
0
0
0
0
0
0
0
0
0
0
0
0
0
0
0
0
0
0
0
0
0
0
0
0
0
0
0
0
0
0
0
0
0
0
0
0
0
0
0
0
0
0
0
0
0
0
0
0
0
0
0
0
0
0
0
0
0
0
0
0
0
0
0
0
0
0
0
0
0
0
0
0
0
0
0
0
0
0
0
0
0
0
0
0
0
0
0
0
0
0
0
0
0
0
0
0
0
0
0
0
0
0
0
0
0
0
0
0
0
0
0
0
0
0
0
0
0
0
0
0
0
0
0
0
0
0
0
0
0
0
0
0
0
0
0
0
0
0
0
0
0
0
0
0
0
0
0
0
0
0
0
0
0
0
0
0
0
0
0
0
0
0
0
0
0
0
0
0
0
0
0
0
0
0
0
0
0
0
0
0
0
0
0
0
0
0
0
0
0
0
0
0
0
0
0
0
0
0
0
0
0
0
0
0
0
0
0
0
0
0
0
0
0
0
0
0
0
0
0
0
0
0
0
0
0
0
0
0
0
0
0
0
0
0
0
0
0
0
0
0
0
0
0
0
0
0
0
0
0
0
0
0
0
0
0
0
0
0
0
0
0
0
0
0
0
0
0
0
0
0
0
0
0
0
0
0
0
0
0
0
0
0
0
0
0
0
0
0
0
0
0
0
0
0
0
0
0
0
0
0
0
0
0
0
0
0
0
0
0
0
0
0
0
0
0
0
0
0
0
0
0
0
0
0
0
0
0
0
0
0
0
0
0
0
0
0
0
0
0
0
0
0
0
0
0
0
0
0
0
0
0
0
0
0
0
0
0
0
0
0
0
0
0
0
0
0
0
0
0
0
0
0
0
0
0
0
0
0
0
0
0
0
0
0
0
0
0
0
0
0
0
0
0
0
0
0
0
0
0
0
0
0
0
0
0
0
0
0
0
0
0
0
0
0
0
0
0
0
0
0
0
0
0
0
0
0
0
0
0
0
0
0
0
0
0
0
0
0
0
0
0
0
0
0
0
0
0
0
0
0
0
0
0
0
0
0
0
0
0
0
0
0
0
0
0
0
0
0
0
0
0
0
0
0
0
0
0
0
0
0
0
0
0
0
0
0
0
0
0
0
0
0
0
0
0
0
0
0
0
0
0
0
0
0
0
0
0
0
0
0
0
0
0
0
0
0
0
0
0
0
0
0
0
0
0
0
0
0
0
0
0
0
0
0
0
0
0
0
0
0
0
0
0
0
0
0
0
0
0
0
0
0
0
0
0
0
0
0
0
0
0
0
0
0
0
0
0
0
0
0
0
0
0
0
0
0
0
0
0
0
0
0
0
0
0
0
0
0
0
0
0
0
0
0
0
0
0
0
0
0
0
0
0
0
0
0
0
0
0
0
0
0
0
0
0
0
0
0
0
0
0
0
0
0
0
0
0
0
0
0
0
0
0
0
0
0
0
0
0
0
0
0
0
0
0
0
0
0
0
0
0
0
0
0
0
0
0
0
0
0
0
0
0
0
0
0
0
0
0
0
0
0
0
0
0
0
0
0
0
0
0
0
0
0
0
0
0
0
0
0
0
0
0
0
0
0
0
0
0
0
0
0
0
0
0
0
0
0
0
0
0
0
0
0
0
0
0
0
0
0
0
0
0
0
0
0
0
0
0
0
0
0
0
0
0
0
0
0
0
0
0
0
0
0
0
0
0
0
0
0
0
0
0
0
0
0
0
0
0
0
0
0
0
0
0
0
0
0
0
0
0
0
0
0
0
0
0
0
0
0
0
0
0
0
0
0
0
0
0
0
0
0
0
0
0
0
0
0
0
0
0
0
0
0
0
0
0
0
0
0
0
0
0
0
0
0
0
0
0
0
0
0
0
0
0
0
0
0
0
0
0
0
0
0
0
0
0
0
0
0
0
0
0
0
0
0
0
0
0
0
0
0
0
0
0
0
0
0
0
0
0
0
0
0
0
0
0
0
0
0
0
0
0
0
0
0
0
0
0
0
0
0
0
0
0
0
0
0
0
0
0
0
0
0
0
0
0
0
0
0
0
0
0
0
0
0
0
0
0
0
0
0
0
0
0
0
0
0
0
0
0
0
0
0
0
0
0
0
0
0
0
0
0
0
0
0
0
0
0
0
0
0
0
0
0
0
0
0
0
0
0
0
0
0
0
0
0
0
0
0
0
0
0
0
0
0
0
0
0
0
0
0
0
0
0
0
0
0
0
0
0
0
0
0
0
0
0
0
0
0
0
0
0
0
0
0
0
0
0
0
0
0
0
0
0
0
0
0
0
0
0
0
0
0
0
0
0
0
0
0
0
0
0
0
0
0
0
0
0
0
0
0
0
0
0
0
0
0
0
0
0
0
0
0
0
0
0
0
0
0
0
0
0
0
0
0
0
0
0
0
0
0
0
0
0
0
0
0
0
0
0
0
0
0
0
0
0
0
0
0
0
0
0
0
0
0
0
0
0
0
0
0
0
0
0
0
0
0
0
0
0
0
0
0
0
0
0
0
0
0
0
0
0
0
0
0
0
0
0
0
0
0
0
0
0
0
0
0
0
0
0
0
0
0
0
0
0
0
0
0
0
0
0
0
0
0
0
0
0
0
0
0
0
0
0
0
0
0
0
0
0
0
0
0
0
0
0
0
0
0
0
0
0
0
0
0
0
0
0
0
0
0
0
0
0
0
0
0
0
0
0
0
0
0
0
0
0
0
0
0
0
0
0
0
0
0
0
0
0
0
0
0
0
0
0
0
0
0
0
0
0
0
0
0
0
0
0
0
0
0
0
0
0
0
0
0
0
0
0
0
0
0
0
0
0
0
0
0
0
0
0
0
0
0
0
0
0
0
0
0
0
0
0
0
0
0
0
0
0
0
0
0
0
0
0
0
0
0
0
0
0
0
0
0
0
0
0
0
0
0
0
0
0
0
0
0
0
0
0
0
0
0
0
0
0
0
0
0
0
0
0
0
0
0
0
0
0
0
0
0
0
0
0
0
0
0
0
0
0
0
0
0
0
0
0
0
0
0
0
0
0
0
0
0
0
0
0
0
0
0
0
0
0
0
0
0
0
0
0
0
0
0
0
0
0
0
0
0
0
0
0
0
0
0
0
0
0
0
0
0
0
0
0
0
0
0
0
0
0
0
0
0
0
0
0
0
0
0
0
0
0
0
0
0
0
0
0
0
0
0
0
0
0
0
0
0
0
0
0
0
0
0
0
0
0
0
0
0
0
0
0
0
0
0
0
0
0
0
0
0
0
0
0
0
0
0
0
0
0
0
0
0
0
0
0
0
0
0
0
0
0
0
0
0
0
0
0
0
0
0
0
0
0
0
0
0
0
0
0
0
0
0
0
0
0
0
0
0
0
0
0
0
0
0
0
0
0
0
0
0
0
0
0
0
0
0
0
0
0
0
0
0
0
0
0
-5.758505e+07
0
0
0
0
0
0
0
0
0
0
0
0
0
0
0
0
0
0
0
0
0
0
0
0
0
0
0
0
0
0
0
0
0
0
0
0
0
0
0
0
0
0
0
0
0
0
0
0
0
0
0
0
0
0
0
0
0
0
0
0
0
0
0
0
0
0
0
0
0
0
0
0
0
0
0
0
0
0
0
0
0
0
0
0
0
0
0
0
0
0
0
0
0
0
0
0
0
0
0
0
0
0
0
0
0
0
0
0
0
0
0
0
0
0
0
0
0
0
0
0
0
0
0
0
0
0
0
0
0
0
0
0
0
0
0
0
0
0
0
0
0
0
0
0
0
0
0
0
0
0
0
0
0
0
0
0
0
0
0
0
0
0
0
0
0
0
0
0
0
0
0
0
0
0
0
0
0
0
0
0
0
0
0
0
0
0
0
0
0
0
0
0
0
0
0
0
0
0
0
0
0
0
0
0
0
0
0
0
0
0
0
0
0
0
0
0
0
0
0
0
0
0
0
0
0
-5.753791e+07
0
0
0
0
0
0
0
0
0
0
0
0
0
0
0
0
0
0
0
0
0
0
0
0
0
-5.787596e+07
-5.984796e+07
0
0
0
0
0
0
0
0
0
0
0
0
0
0
0
0
0
0
0
0
0
0
0
0
0
0
0
0
0
0
0
0
0
0
0
0
0
0
0
0
0
0
0
0
0
0
0
0
0
0
0
0
0
0
0
0
0
0
0
0
0
0
0
0
0
0
0
0
0
0
0
0
0
0
0
0
0
0
0
0
0
0
0
0
0
0
0
0
0
0
0
0
0
0
0
0
0
0
0
0
0
0
0
0
0
0
0
0
0
0
0
0
0
0
0
0
0
0
0
0
0
0
0
0
0
0
0
0
0
0
0
0
0
0
0
0
0
0
0
0
0
0
0
0
0
0
0
0
0
0
0
0
0
0
0
0
0
0
0
0
0
0
0
0
0
0
0
0
0
0
0
0
0
0
0
0
0
0
0
0
0
0
0
0
0
0
0
0
0
0
0
0
0
0
0
0
0
0
0
0
0
0
0
0
0
0
0
0
0
0
0
0
0
0
0
-5.743138e+07
0
0
0
0
0
0
0
0
0
0
0
0
0
0
0
0
0
0
0
0
0
0
0
0
0
-5.783208e+07
-5.979575e+07
0
0
0
0
0
0
0
0
0
0
0
0
0
0
0
0
0
0
0
0
0
0
0
0
0
-5.814983e+07
-6.016099e+07
-6.475079e+07
0
0
0
0
0
0
0
0
0
0
0
0
0
0
0
0
0
0
0
0
0
0
0
0
0
0
0
0
0
0
0
0
0
0
0
0
0
0
0
0
0
0
0
0
0
0
0
0
0
0
0
0
0
0
0
0
0
0
0
0
0
0
0
0
0
0
0
0
0
0
0
0
0
0
0
0
0
0
0
0
0
0
0
0
0
0
0
0
0
0
0
0
0
0
0
0
0
0
0
0
0
0
0
0
0
0
0
0
0
0
0
0
0
0
0
0
0
0
0
0
0
0
0
0
0
0
0
0
0
0
0
0
0
0
0
0
0
0
0
0
0
0
0
0
0
0
0
0
0
0
0
0
0
0
0
0
0
0
0
0
0
0
0
0
0
0
0
0
0
0
0
0
0
0
0
0
0
0
0
0
0
0
0
0
0
0
0
0
0
0
0
0
0
0
0
0
0
0
0
0
0
0
0
0
0
-5.732204e+07
0
0
0
0
0
0
0
0
0
0
0
0
0
0
0
0
0
0
0
0
0
0
0
0
0
-5.776235e+07
-5.968488e+07
0
0
0
0
0
0
0
0
0
0
0
0
0
0
0
0
0
0
0
0
0
0
0
0
0
-5.811469e+07
-6.010686e+07
-6.469289e+07
0
0
0
0
0
0
0
0
0
0
0
0
0
0
0
0
0
0
0
0
0
0
0
0
0
-5.838299e+07
-6.044912e+07
-6.51093e+07
-7.319849e+07
0
0
0
0
0
0
0
0
0
0
0
0
0
0
0
0
0
0
0
0
0
0
0
0
0
0
0
0
0
0
0
0
0
0
0
0
0
0
0
0
0
0
0
0
0
0
0
0
0
0
0
0
0
0
0
0
0
0
0
0
0
0
0
0
0
0
0
0
0
0
0
0
0
0
0
0
0
0
0
0
0
0
0
0
0
0
0
0
0
0
0
0
0
0
0
0
0
0
0
0
0
0
0
0
0
0
0
0
0
0
0
0
0
0
0
0
0
0
0
0
0
0
0
0
0
0
0
0
0
0
0
0
0
0
0
0
0
0
0
0
0
0
0
0
0
0
0
0
0
0
0
0
0
0
0
0
0
0
0
0
0
0
0
0
0
0
0
0
0
0
0
0
0
0
0
0
0
0
0
0
0
0
0
0
0
0
0
0
0
0
0
0
0
0
0
-5.718017e+07
0
0
0
0
0
0
0
0
0
0
0
0
0
0
0
0
0
0
0
0
0
0
0
0
0
-5.764256e+07
-5.956684e+07
0
0
0
0
0
0
0
0
0
0
0
0
0
0
0
0
0
0
0
0
0
0
0
0
0
-5.804378e+07
-6.003856e+07
-6.456898e+07
0
0
0
0
0
0
0
0
0
0
0
0
0
0
0
0
0
0
0
0
0
0
0
0
0
-5.833088e+07
-6.041343e+07
-6.504536e+07
-7.313165e+07
0
0
0
0
0
0
0
0
0
0
0
0
0
0
0
0
0
0
0
0
0
0
0
0
0
-5.858547e+07
-6.069474e+07
-6.543904e+07
-7.3636e+07
-8.702465e+07
0
0
0
0
0
0
0
0
0
0
0
0
0
0
0
0
0
0
0
0
0
0
0
0
0
0
0
0
0
0
0
0
0
0
0
0
0
0
0
0
0
0
0
0
0
0
0
0
0
0
0
0
0
0
0
0
0
0
0
0
0
0
0
0
0
0
0
0
0
0
0
0
0
0
0
0
0
0
0
0
0
0
0
0
0
0
0
0
0
0
0
0
0
0
0
0
0
0
0
0
0
0
0
0
0
0
0
0
0
0
0
0
0
0
0
0
0
0
0
0
0
0
0
0
0
0
0
0
0
0
0
0
0
0
0
0
0
0
0
0
0
0
0
0
0
0
0
0
0
0
0
0
0
0
0
0
0
0
0
0
0
0
0
0
0
0
0
0
0
0
0
0
0
0
0
0
0
0
0
0
0
0
0
0
-5.699656e+07
0
0
0
0
0
0
0
0
0
0
0
0
0
0
0
0
0
0
0
0
0
0
0
0
0
-5.750739e+07
-5.941441e+07
0
0
0
0
0
0
0
0
0
0
0
0
0
0
0
0
0
0
0
0
0
0
0
0
0
-5.796775e+07
-5.990777e+07
-6.443297e+07
0
0
0
0
0
0
0
0
0
0
0
0
0
0
0
0
0
0
0
0
0
0
0
0
0
-5.826032e+07
-6.03333e+07
-6.49703e+07
-7.298276e+07
0
0
0
0
0
0
0
0
0
0
0
0
0
0
0
0
0
0
0
0
0
0
0
0
0
-5.854533e+07
-6.063975e+07
-6.539664e+07
-7.355802e+07
-8.69424e+07
0
0
0
0
0
0
0
0
0
0
0
0
0
0
0
0
0
0
0
0
0
0
0
0
0
-5.877916e+07
-6.091349e+07
-6.571785e+07
-7.403794e+07
-8.759066e+07
0
0
0
0
0
0
0
0
0
0
0
0
0
0
0
0
0
0
0
0
0
0
0
0
0
0
0
0
0
0
0
0
0
0
0
0
0
0
0
0
0
0
0
0
0
0
0
0
0
0
0
0
0
0
0
0
0
0
0
0
0
0
0
0
0
0
0
0
0
0
0
0
0
0
0
0
0
0
0
0
0
0
0
0
0
0
0
0
0
0
0
0
0
0
0
0
0
0
0
0
0
0
0
0
0
0
0
0
0
0
0
0
0
0
0
0
0
0
0
0
0
0
0
0
0
0
0
0
0
0
0
0
0
0
0
0
0
0
0
0
0
0
0
0
0
0
0
0
0
0
0
0
0
0
0
0
0
0
0
0
0
0
0
0
0
0
0
0
0
0
0
0
0
0
0
0
0
0
0
0
0
0
-5.680163e+07
0
0
0
0
0
0
0
0
0
0
0
0
0
0
0
-5.732533e+07
-5.921847e+07
0
0
0
0
0
0
0
0
0
0
0
0
0
0
0
0
0
0
0
0
0
0
0
0
0
-5.778544e+07
-5.976628e+07
-6.425441e+07
0
0
0
0
0
0
0
0
0
0
0
0
0
0
0
0
0
0
0
0
0
0
0
0
0
-5.816272e+07
-6.025301e+07
-6.482115e+07
-7.281465e+07
0
0
0
0
0
0
0
0
0
0
0
0
0
0
0
0
0
0
0
0
0
0
0
0
0
-5.848129e+07
-6.056621e+07
-6.530567e+07
-7.346865e+07
-8.6751e+07
0
0
0
0
0
0
0
0
0
0
0
0
0
0
0
0
0
0
0
0
0
0
0
0
0
-5.871487e+07
-6.087068e+07
-6.565612e+07
-7.398575e+07
-8.749034e+07
0
0
0
0
0
0
0
0
0
0
0
0
0
0
0
0
0
0
0
0
0
0
0
0
0
-5.893385e+07
-6.111644e+07
-6.59672e+07
-7.437677e+07
-8.810982e+07
0
0
0
0
0
0
0
0
0
0
0
0
0
0
0
0
0
0
0
0
0
0
0
0
0
0
0
0
0
0
0
0
0
0
0
0
0
0
0
0
0
0
0
0
0
0
0
0
0
0
0
0
0
0
0
0
0
0
0
0
0
0
0
0
0
0
0
0
0
0
0
0
0
0
0
0
0
0
0
0
0
0
0
0
0
0
0
0
0
0
0
0
0
0
0
0
0
0
0
0
0
0
0
0
0
0
0
0
0
0
0
0
0
0
0
0
0
0
0
0
0
0
0
0
0
0
0
0
0
0
0
0
0
0
0
0
0
0
0
0
0
0
0
0
0
0
0
0
0
0
0
0
0
0
0
0
0
0
0
0
0
0
0
0
0
0
0
0
0
0
0
0
0
0
0
0
0
0
0
-5.668106e+07
0
0
0
0
0
0
0
0
0
0
0
0
0
0
0
-5.718703e+07
-5.900355e+07
0
0
0
0
0
0
0
0
0
0
0
0
0
0
0
-5.764378e+07
-5.956904e+07
-6.402622e+07
0
0
0
0
0
0
0
0
0
0
0
0
0
0
0
0
0
0
0
0
0
0
0
0
0
-5.803741e+07
-6.006042e+07
-6.465622e+07
-7.258992e+07
0
0
0
0
0
0
0
0
0
0
0
0
0
0
0
0
0
0
0
0
0
0
0
0
0
-5.836957e+07
-6.046406e+07
-6.52132e+07
-7.328534e+07
-8.652729e+07
0
0
0
0
0
0
0
0
0
0
0
0
0
0
0
0
0
0
0
0
0
0
0
0
0
-5.86578e+07
-6.080289e+07
-6.557455e+07
-7.387565e+07
-8.737474e+07
0
0
0
0
0
0
0
0
0
0
0
0
0
0
0
0
0
0
0
0
0
0
0
0
0
-5.889129e+07
-6.105193e+07
-6.592051e+07
-7.430381e+07
-8.80431e+07
0
0
0
0
0
0
0
0
0
0
0
0
0
0
0
0
0
0
0
0
0
0
0
0
0
-5.905367e+07
-6.128449e+07
-6.619601e+07
-7.467951e+07
-8.854694e+07
0
0
0
0
0
0
0
0
0
0
0
0
0
0
0
0
0
0
0
0
0
0
0
0
0
0
0
0
0
0
0
0
0
0
0
0
0
0
0
0
0
0
0
0
0
0
0
0
0
0
0
0
0
0
0
0
0
0
0
0
0
0
0
0
0
0
0
0
0
0
0
0
0
0
0
0
0
0
0
0
0
0
0
0
0
0
0
0
0
0
0
0
0
0
0
0
0
0
0
0
0
0
0
0
0
0
0
0
0
0
0
0
0
0
0
0
0
0
0
0
0
0
0
0
0
0
0
0
0
0
0
0
0
0
0
0
0
0
0
0
0
0
0
0
0
0
0
0
0
0
0
0
0
0
0
0
0
0
0
0
0
0
0
0
0
0
0
0
0
0
0
0
0
0
0
-5.658196e+07
0
0
0
0
0
0
0
0
0
0
0
0
0
0
0
-5.703507e+07
-5.887261e+07
0
0
0
0
0
0
0
0
0
0
0
0
0
0
0
-5.749567e+07
-5.941825e+07
-6.377748e+07
0
0
0
0
0
0
0
0
0
0
0
0
0
0
0
-5.787099e+07
-5.990461e+07
-6.442928e+07
-7.23027e+07
0
0
0
0
0
0
0
0
0
0
0
0
0
0
0
0
0
0
0
0
0
0
0
0
0
-5.822431e+07
-6.032748e+07
-6.499466e+07
-7.307802e+07
-8.622253e+07
0
0
0
0
0
0
0
0
0
0
0
0
0
0
0
0
0
0
0
0
0
0
0
0
0
-5.854201e+07
-6.068317e+07
-6.54563e+07
-7.375964e+07
-8.713211e+07
0
0
0
0
0
0
0
0
0
0
0
0
0
0
0
0
0
0
0
0
0
0
0
0
0
-5.880826e+07
-6.098803e+07
-6.584208e+07
-7.420645e+07
-8.789905e+07
0
0
0
0
0
0
0
0
0
0
0
0
0
0
0
0
0
0
0
0
0
0
0
0
0
-5.901995e+07
-6.123726e+07
-6.612804e+07
-7.462591e+07
-8.845657e+07
0
0
0
0
0
0
0
0
0
0
0
0
0
0
0
0
0
0
0
0
0
0
0
0
0
-5.916946e+07
-6.14136e+07
-6.639137e+07
-7.495541e+07
-8.893766e+07
0
0
0
0
0
0
0
0
0
0
0
0
0
0
0
0
0
0
0
0
0
0
0
0
0
0
0
0
0
0
0
0
0
0
0
0
0
0
0
0
0
0
0
0
0
0
0
0
0
0
0
0
0
0
0
0
0
0
0
0
0
0
0
0
0
0
0
0
0
0
0
0
0
0
0
0
0
0
0
0
0
0
0
0
0
0
0
0
0
0
0
0
0
0
0
0
0
0
0
0
0
0
0
0
0
0
0
0
0
0
0
0
0
0
0
0
0
0
0
0
0
0
0
0
0
0
0
0
0
0
0
0
0
0
0
0
0
0
0
0
0
0
0
0
0
0
0
0
0
0
0
0
0
0
0
0
0
0
0
0
0
0
0
0
0
0
0
0
0
0
-5.656089e+07
0
0
0
0
0
0
0
0
0
0
0
0
0
0
0
-5.693689e+07
-5.876551e+07
0
0
0
0
0
0
0
0
0
0
0
0
0
0
0
-5.73431e+07
-5.92519e+07
-6.362328e+07
0
0
0
0
0
0
0
0
0
0
0
0
0
0
0
-5.769031e+07
-5.974351e+07
-6.424942e+07
-7.199399e+07
0
0
0
0
0
0
0
0
0
0
0
0
0
0
0
-5.805598e+07
-6.014888e+07
-6.480955e+07
-7.279509e+07
-8.583064e+07
0
0
0
0
0
0
0
0
0
0
0
0
0
0
0
0
0
0
0
0
0
0
0
0
0
-5.840067e+07
-6.052893e+07
-6.529742e+07
-7.349246e+07
-8.684956e+07
0
0
0
0
0
0
0
0
0
0
0
0
0
0
0
0
0
0
0
0
0
0
0
0
0
-5.870698e+07
-6.086684e+07
-6.570723e+07
-7.405839e+07
-8.77398e+07
0
0
0
0
0
0
0
0
0
0
0
0
0
0
0
0
0
0
0
0
0
0
0
0
0
-5.894779e+07
-6.115083e+07
-6.605393e+07
-7.452801e+07
-8.833006e+07
0
0
0
0
0
0
0
0
0
0
0
0
0
0
0
0
0
0
0
0
0
0
0
0
0
-5.913891e+07
-6.137921e+07
-6.633656e+07
-7.487856e+07
-8.887193e+07
0
0
0
0
0
0
0
0
0
0
0
0
0
0
0
0
0
0
0
0
0
0
0
0
0
-5.928766e+07
-6.15337e+07
-6.653943e+07
-7.519594e+07
-8.92911e+07
0
0
0
0
0
0
0
0
0
0
0
0
0
0
0
0
0
0
0
0
0
0
0
0
0
0
0
0
0
0
0
0
0
0
0
0
0
0
0
0
0
0
0
0
0
0
0
0
0
0
0
0
0
0
0
0
0
0
0
0
0
0
0
0
0
0
0
0
0
0
0
0
0
0
0
0
0
0
0
0
0
0
0
0
0
0
0
0
0
0
0
0
0
0
0
0
0
0
0
0
0
0
0
0
0
0
0
0
0
0
0
0
0
0
0
0
0
0
0
0
0
0
0
0
0
0
0
0
0
0
0
0
0
0
0
0
0
0
0
0
0
0
0
0
0
0
0
0
0
0
0
0
0
0
0
0
0
0
0
0
0
0
0
0
-5.656899e+07
0
0
0
0
0
0
0
0
0
0
0
0
0
0
0
-5.689765e+07
-5.873971e+07
0
0
0
0
0
0
0
0
0
0
0
0
0
0
0
-5.726943e+07
-5.914395e+07
-6.349823e+07
0
0
0
0
0
0
0
0
0
0
0
0
0
0
0
-5.75819e+07
-5.958011e+07
-6.405764e+07
-7.179721e+07
0
0
0
0
0
0
0
0
0
0
0
0
0
0
0
-5.791008e+07
-5.995325e+07
-6.461892e+07
-7.256423e+07
-8.54174e+07
0
0
0
0
0
0
0
0
0
0
0
0
0
0
0
-5.825616e+07
-6.03473e+07
-6.509091e+07
-7.32554e+07
-8.646577e+07
0
0
0
0
0
0
0
0
0
0
0
0
0
0
0
0
0
0
0
0
0
0
0
0
0
-5.858017e+07
-6.071977e+07
-6.553276e+07
-7.385863e+07
-8.738677e+07
0
0
0
0
0
0
0
0
0
0
0
0
0
0
0
0
0
0
0
0
0
0
0
0
0
-5.882364e+07
-6.104416e+07
-6.591698e+07
-7.436487e+07
-8.812943e+07
0
0
0
0
0
0
0
0
0
0
0
0
0
0
0
0
0
0
0
0
0
0
0
0
0
-5.906715e+07
-6.130186e+07
-6.62414e+07
-7.478802e+07
-8.874037e+07
0
0
0
0
0
0
0
0
0
0
0
0
0
0
0
0
0
0
0
0
0
0
0
0
0
-5.924076e+07
-6.150517e+07
-6.650173e+07
-7.513047e+07
-8.919834e+07
0
0
0
0
0
0
0
0
0
0
0
0
0
0
0
0
0
0
0
0
0
0
0
0
0
-5.940242e+07
-6.166161e+07
-6.667525e+07
-7.537674e+07
-8.960558e+07
0
0
0
0
0
0
0
0
0
0
0
0
0
0
0
0
0
0
0
0
0
0
0
0
0
0
0
0
0
0
0
0
0
0
0
0
0
0
0
0
0
0
0
0
0
0
0
0
0
0
0
0
0
0
0
0
0
0
0
0
0
0
0
0
0
0
0
0
0
0
0
0
0
0
0
0
0
0
0
0
0
0
0
0
0
0
0
0
0
0
0
0
0
0
0
0
0
0
0
0
0
0
0
0
0
0
0
0
0
0
0
0
0
0
0
0
0
0
0
0
0
0
0
0
0
0
0
0
0
0
0
0
0
0
0
0
0
0
0
0
0
0
0
0
0
0
0
0
0
0
0
0
0
0
0
0
0
-5.66065e+07
0
0
0
0
0
0
0
0
0
0
0
0
0
0
0
-5.691244e+07
-5.874995e+07
0
0
0
0
0
0
0
0
0
0
0
0
0
0
0
-5.722514e+07
-5.91014e+07
-6.346434e+07
0
0
0
0
0
0
0
0
0
0
0
0
0
0
0
-5.751442e+07
-5.949932e+07
-6.393105e+07
-7.163862e+07
0
0
0
0
0
0
0
0
0
0
0
0
0
0
0
-5.779477e+07
-5.983502e+07
-6.443193e+07
-7.232581e+07
-8.51447e+07
0
0
0
0
0
0
0
0
0
0
0
0
0
0
0
-5.807795e+07
-6.019002e+07
-6.486357e+07
-7.301156e+07
-8.614558e+07
0
0
0
0
0
0
0
0
0
0
0
0
0
0
0
-5.8426e+07
-6.055798e+07
-6.531757e+07
-7.359924e+07
-8.705716e+07
0
0
0
0
0
0
0
0
0
0
0
0
0
0
0
0
0
0
0
0
0
0
0
0
0
-5.87227e+07
-6.090865e+07
-6.574826e+07
-7.415034e+07
-8.78566e+07
0
0
0
0
0
0
0
0
0
0
0
0
0
0
0
0
0
0
0
0
0
0
0
0
0
-5.897321e+07
-6.117456e+07
-6.612083e+07
-7.461975e+07
-8.852543e+07
0
0
0
0
0
0
0
0
0
0
0
0
0
0
0
0
0
0
0
0
0
0
0
0
0
-5.917643e+07
-6.142573e+07
-6.641391e+07
-7.501772e+07
-8.907869e+07
0
0
0
0
0
0
0
0
0
0
0
0
0
0
0
0
0
0
0
0
0
0
0
0
0
-5.93345e+07
-6.161228e+07
-6.664549e+07
-7.533368e+07
-8.952342e+07
0
0
0
0
0
0
0
0
0
0
0
0
0
0
0
0
0
0
0
0
0
0
0
0
0
-5.946012e+07
-6.178449e+07
-6.682147e+07
-7.554453e+07
-8.984265e+07
0
0
0
0
0
0
0
0
0
0
0
0
0
0
0
0
0
0
0
0
0
0
0
0
0
0
0
0
0
0
0
0
0
0
0
0
0
0
0
0
0
0
0
0
0
0
0
0
0
0
0
0
0
0
0
0
0
0
0
0
0
0
0
0
0
0
0
0
0
0
0
0
0
0
0
0
0
0
0
0
0
0
0
0
0
0
0
0
0
0
0
0
0
0
0
0
0
0
0
0
0
0
0
0
0
0
0
0
0
0
0
0
0
0
0
0
0
0
0
0
0
0
0
0
0
0
0
0
0
0
0
0
0
0
0
0
0
0
0
0
0
0
0
0
0
0
0
0
0
-5.668534e+07
0
0
0
0
0
0
0
0
0
0
0
0
0
0
0
-5.695238e+07
-5.878911e+07
0
0
0
0
0
0
0
0
0
0
0
0
0
0
0
-5.722089e+07
-5.911637e+07
-6.347491e+07
0
0
0
0
0
0
0
0
0
0
0
0
0
0
0
-5.746631e+07
-5.94514e+07
-6.387977e+07
-7.159175e+07
0
0
0
0
0
0
0
0
0
0
0
0
0
0
0
-5.770632e+07
-5.9759e+07
-6.433609e+07
-7.216607e+07
-8.492656e+07
0
0
0
0
0
0
0
0
0
0
0
0
0
0
0
-5.797543e+07
-6.006347e+07
-6.47237e+07
-7.27805e+07
-8.582483e+07
0
0
0
0
0
0
0
0
0
0
0
0
0
0
0
-5.826508e+07
-6.03725e+07
-6.51343e+07
-7.331515e+07
-8.671939e+07
0
0
0
0
0
0
0
0
0
0
0
0
0
0
0
-5.85628e+07
-6.073967e+07
-6.555522e+07
-7.387577e+07
-8.75018e+07
0
0
0
0
0
0
0
0
0
0
0
0
0
0
0
0
0
0
0
0
0
0
0
0
0
-5.88382e+07
-6.105787e+07
-6.596417e+07
-7.441087e+07
-8.823807e+07
0
0
0
0
0
0
0
0
0
0
0
0
0
0
0
0
0
0
0
0
0
0
0
0
0
-5.907773e+07
-6.133089e+07
-6.627001e+07
-7.486995e+07
-8.885456e+07
0
0
0
0
0
0
0
0
0
0
0
0
0
0
0
0
0
0
0
0
0
0
0
0
0
-5.928128e+07
-6.154274e+07
-6.655357e+07
-7.522732e+07
-8.937899e+07
0
0
0
0
0
0
0
0
0
0
0
0
0
0
0
0
0
0
0
0
0
0
0
0
0
-5.941328e+07
-6.171402e+07
-6.676794e+07
-7.551048e+07
-8.979013e+07
0
0
0
0
0
0
0
0
0
0
0
0
0
0
0
0
0
0
0
0
0
0
0
0
0
-5.953746e+07
-6.1852e+07
-6.69627e+07
-7.572566e+07
-9.007124e+07
0
0
0
0
0
0
0
0
0
0
0
0
0
0
0
0
0
0
0
0
0
0
0
0
0
0
0
0
0
0
0
0
0
0
0
0
0
0
0
0
0
0
0
0
0
0
0
0
0
0
0
0
0
0
0
0
0
0
0
0
0
0
0
0
0
0
0
0
0
0
0
0
0
0
0
0
0
0
0
0
0
0
0
0
0
0
0
0
0
0
0
0
0
0
0
0
0
0
0
0
0
0
0
0
0
0
0
0
0
0
0
0
0
0
0
0
0
0
0
0
0
0
0
0
0
0
0
0
0
0
0
0
0
0
0
0
0
0
0
0
-5.678422e+07
0
0
0
0
0
0
0
0
0
0
0
0
0
0
0
-5.703796e+07
-5.887752e+07
0
0
0
0
0
0
0
0
0
0
0
0
0
0
0
-5.725985e+07
-5.915903e+07
-6.35225e+07
0
0
0
0
0
0
0
0
0
0
0
0
0
0
0
-5.748444e+07
-5.944658e+07
-6.389534e+07
-7.160299e+07
0
0
0
0
0
0
0
0
0
0
0
0
0
0
0
-5.768082e+07
-5.970671e+07
-6.42777e+07
-7.209913e+07
-8.48571e+07
0
0
0
0
0
0
0
0
0
0
0
0
0
0
0
-5.789012e+07
-5.99655e+07
-6.463035e+07
-7.265621e+07
-8.560691e+07
0
0
0
0
0
0
0
0
0
0
0
0
0
0
0
-5.813325e+07
-6.025509e+07
-6.498173e+07
-7.313561e+07
-8.640928e+07
0
0
0
0
0
0
0
0
0
0
0
0
0
0
0
-5.840467e+07
-6.056483e+07
-6.534241e+07
-7.364428e+07
-8.711783e+07
0
0
0
0
0
0
0
0
0
0
0
0
0
0
0
-5.867491e+07
-6.088433e+07
-6.576437e+07
-7.416221e+07
-8.786037e+07
0
0
0
0
0
0
0
0
0
0
0
0
0
0
0
0
0
0
0
0
0
0
0
0
0
-5.894074e+07
-6.11892e+07
-6.613069e+07
-7.467414e+07
-8.857346e+07
0
0
0
0
0
0
0
0
0
0
0
0
0
0
0
0
0
0
0
0
0
0
0
0
0
-5.917715e+07
-6.143949e+07
-6.644983e+07
-7.505254e+07
-8.918037e+07
0
0
0
0
0
0
0
0
0
0
0
0
0
0
0
0
0
0
0
0
0
0
0
0
0
-5.936505e+07
-6.165642e+07
-6.668776e+07
-7.53979e+07
-8.965153e+07
0
0
0
0
0
0
0
0
0
0
0
0
0
0
0
0
0
0
0
0
0
0
0
0
0
-5.951942e+07
-6.180368e+07
-6.688721e+07
-7.566409e+07
-9.002928e+07
0
0
0
0
0
0
0
0
0
0
0
0
0
0
0
0
0
0
0
0
0
0
0
0
0
-5.959558e+07
-6.193587e+07
-6.704927e+07
-7.590277e+07
-9.031975e+07
0
0
0
0
0
0
0
0
0
0
0
0
0
0
0
0
0
0
0
0
0
0
0
0
0
0
0
0
0
0
0
0
0
0
0
0
0
0
0
0
0
0
0
0
0
0
0
0
0
0
0
0
0
0
0
0
0
0
0
0
0
0
0
0
0
0
0
0
0
0
0
0
0
0
0
0
0
0
0
0
0
0
0
0
0
0
0
0
0
0
0
0
0
0
0
0
0
0
0
0
0
0
0
0
0
0
0
0
0
0
0
0
0
0
0
0
0
0
0
0
0
0
0
0
0
0
0
0
0
0
-5.699893e+07
0
0
0
0
0
0
0
0
0
0
0
0
0
0
0
-5.718243e+07
-5.898772e+07
0
0
0
0
0
0
0
0
0
0
0
0
0
0
0
-5.733527e+07
-5.925225e+07
-6.362855e+07
0
0
0
0
0
0
0
0
0
0
0
0
0
0
0
-5.750525e+07
-5.949372e+07
-6.394557e+07
-7.166529e+07
0
0
0
0
0
0
0
0
0
0
0
0
0
0
0
-5.768263e+07
-5.973079e+07
-6.427338e+07
-7.211539e+07
-8.48697e+07
0
0
0
0
0
0
0
0
0
0
0
0
0
0
0
-5.784541e+07
-5.993896e+07
-6.457001e+07
-7.258056e+07
-8.551288e+07
0
0
0
0
0
0
0
0
0
0
0
0
0
0
0
-5.807596e+07
-6.016458e+07
-6.486716e+07
-7.301215e+07
-8.623348e+07
0
0
0
0
0
0
0
0
0
0
0
0
0
0
0
-5.828357e+07
-6.042242e+07
-6.520137e+07
-7.34467e+07
-8.686671e+07
0
0
0
0
0
0
0
0
0
0
0
0
0
0
0
-5.853004e+07
-6.07139e+07
-6.555896e+07
-7.389774e+07
-8.754124e+07
0
0
0
0
0
0
0
0
0
0
0
0
0
0
0
-5.87823e+07
-6.100483e+07
-6.592746e+07
-7.44186e+07
-8.822779e+07
0
0
0
0
0
0
0
0
0
0
0
0
0
0
0
0
0
0
0
0
0
0
0
0
0
-5.90344e+07
-6.129061e+07
-6.628315e+07
-7.487299e+07
-8.891362e+07
0
0
0
0
0
0
0
0
0
0
0
0
0
0
0
0
0
0
0
0
0
0
0
0
0
-5.926253e+07
-6.154516e+07
-6.656835e+07
-7.527269e+07
-8.942047e+07
0
0
0
0
0
0
0
0
0
0
0
0
0
0
0
0
0
0
0
0
0
0
0
0
0
-5.943073e+07
-6.174641e+07
-6.681955e+07
-7.556563e+07
-8.988113e+07
0
0
0
0
0
0
0
0
0
0
0
0
0
0
0
0
0
0
0
0
0
0
0
0
0
-5.954626e+07
-6.191245e+07
-6.699377e+07
-7.581681e+07
-9.024458e+07
0
0
0
0
0
0
0
0
0
0
0
0
0
0
0
0
0
0
0
0
0
0
0
0
0
-5.966612e+07
-6.199631e+07
-6.714696e+07
-7.602165e+07
-9.056486e+07
0
0
0
0
0
0
0
0
0
0
0
0
0
0
0
0
0
0
0
0
0
0
0
0
0
0
0
0
0
0
0
0
0
0
0
0
0
0
0
0
0
0
0
0
0
0
0
0
0
0
0
0
0
0
0
0
0
0
0
0
0
0
0
0
0
0
0
0
0
0
0
0
0
0
0
0
0
0
0
0
0
0
0
0
0
0
0
0
0
0
0
0
0
0
0
0
0
0
0
0
0
0
0
0
0
0
0
0
0
0
0
0
0
0
0
0
0
0
0
-5.717844e+07
0
0
0
0
0
0
0
0
0
0
0
0
0
0
0
-5.736221e+07
-5.921943e+07
0
0
0
0
0
0
0
0
0
0
0
0
0
0
0
-5.748147e+07
-5.940973e+07
-6.376238e+07
0
0
0
0
0
0
0
0
0
0
0
0
0
0
0
-5.758382e+07
-5.957033e+07
-6.405581e+07
-7.180209e+07
0
0
0
0
0
0
0
0
0
0
0
0
0
0
0
-5.772313e+07
-5.975075e+07
-6.432767e+07
-7.218035e+07
-8.495757e+07
0
0
0
0
0
0
0
0
0
0
0
0
0
0
0
-5.787701e+07
-5.993848e+07
-6.459529e+07
-7.257618e+07
-8.552997e+07
0
0
0
0
0
0
0
0
0
0
0
0
0
0
0
-5.801747e+07
-6.011678e+07
-6.483553e+07
-7.29369e+07
-8.612858e+07
0
0
0
0
0
0
0
0
0
0
0
0
0
0
0
-5.820785e+07
-6.036052e+07
-6.509445e+07
-7.330152e+07
-8.669076e+07
0
0
0
0
0
0
0
0
0
0
0
0
0
0
0
-5.840838e+07
-6.058434e+07
-6.539183e+07
-7.371425e+07
-8.726516e+07
0
0
0
0
0
0
0
0
0
0
0
0
0
0
0
-5.862348e+07
-6.085201e+07
-6.572865e+07
-7.415843e+07
-8.786917e+07
0
0
0
0
0
0
0
0
0
0
0
0
0
0
0
-5.88736e+07
-6.111969e+07
-6.606523e+07
-7.461554e+07
-8.855994e+07
0
0
0
0
0
0
0
0
0
0
0
0
0
0
0
0
0
0
0
0
0
0
0
0
0
-5.912855e+07
-6.139625e+07
-6.639638e+07
-7.506207e+07
-8.917013e+07
0
0
0
0
0
0
0
0
0
0
0
0
0
0
0
0
0
0
0
0
0
0
0
0
0
-5.933757e+07
-6.163888e+07
-6.66919e+07
-7.541626e+07
-8.971418e+07
0
0
0
0
0
0
0
0
0
0
0
0
0
0
0
0
0
0
0
0
0
0
0
0
0
-5.949631e+07
-6.182236e+07
-6.692566e+07
-7.573209e+07
-9.011378e+07
0
0
0
0
0
0
0
0
0
0
0
0
0
0
0
0
0
0
0
0
0
0
0
0
0
-5.962223e+07
-6.194547e+07
-6.711779e+07
-7.595531e+07
-9.046052e+07
0
0
0
0
0
0
0
0
0
0
0
0
0
0
0
0
0
0
0
0
0
0
0
0
-5.972527e+07
-6.207692e+07
-6.722004e+07
-7.614813e+07
-9.074358e+07
0
0
0
0
0
0
0
0
0
0
0
0
0
0
0
0
0
0
0
0
0
0
0
0
0
0
0
0
0
0
0
0
0
0
0
0
0
0
0
0
0
0
0
0
0
0
0
0
0
0
0
0
0
0
0
0
0
0
0
0
0
0
0
0
0
0
0
0
0
0
0
0
0
0
0
0
0
0
0
0
0
0
0
0
0
0
0
0
0
0
0
0
0
0
0
0
0
-5.734893e+07
0
0
0
0
0
0
0
0
0
0
0
0
0
0
0
0
0
0
0
0
0
0
0
0
0
-5.751739e+07
-5.941301e+07
0
0
0
0
0
0
0
0
0
0
0
0
0
0
0
-5.763088e+07
-5.960614e+07
-6.402854e+07
0
0
0
0
0
0
0
0
0
0
0
0
0
0
0
-5.773204e+07
-5.972843e+07
-6.423809e+07
-7.197824e+07
0
0
0
0
0
0
0
0
0
0
0
0
0
0
0
-5.779487e+07
-5.983575e+07
-6.441966e+07
-7.232143e+07
-8.514844e+07
0
0
0
0
0
0
0
0
0
0
0
0
0
0
0
-5.791589e+07
-5.998346e+07
-6.462245e+07
-7.264478e+07
-8.562135e+07
0
0
0
0
0
0
0
0
0
0
0
0
0
0
0
-5.80208e+07
-6.014978e+07
-6.483332e+07
-7.296502e+07
-8.612327e+07
0
0
0
0
0
0
0
0
0
0
0
0
0
0
0
-5.815215e+07
-6.029629e+07
-6.504031e+07
-7.325914e+07
-8.658863e+07
0
0
0
0
0
0
0
0
0
0
0
0
0
0
0
-5.832516e+07
-6.049821e+07
-6.531568e+07
-7.357752e+07
-8.706572e+07
0
0
0
0
0
0
0
0
0
0
0
0
0
0
0
-5.850216e+07
-6.071393e+07
-6.557771e+07
-7.394626e+07
-8.761067e+07
0
0
0
0
0
0
0
0
0
0
0
0
0
0
0
-5.872636e+07
-6.094812e+07
-6.588561e+07
-7.436359e+07
-8.820365e+07
0
0
0
0
0
0
0
0
0
0
0
0
0
0
0
-5.89543e+07
-6.121757e+07
-6.619738e+07
-7.478426e+07
-8.881524e+07
0
0
0
0
0
0
0
0
0
0
0
0
0
0
0
0
0
0
0
0
0
0
0
0
0
-5.920039e+07
-6.149479e+07
-6.652146e+07
-7.52009e+07
-8.942573e+07
0
0
0
0
0
0
0
0
0
0
0
0
0
0
0
0
0
0
0
0
0
0
0
0
0
-5.939611e+07
-6.172014e+07
-6.680336e+07
-7.5573e+07
-8.991154e+07
0
0
0
0
0
0
0
0
0
0
0
0
0
0
0
0
0
0
0
0
0
0
0
0
0
-5.954207e+07
-6.188966e+07
-6.701957e+07
-7.586916e+07
-9.034591e+07
0
0
0
0
0
0
0
0
0
0
0
0
0
0
0
0
0
0
0
0
0
0
0
0
-5.968986e+07
-6.202713e+07
-6.716585e+07
-7.611114e+07
-9.066e+07
0
0
0
0
0
0
0
0
0
0
0
0
0
0
0
0
0
0
0
0
0
0
0
-5.980092e+07
-6.213603e+07
-6.73151e+07
-7.624648e+07
-9.092582e+07
0
0
0
0
0
0
0
0
0
0
0
0
0
0
0
0
0
0
0
0
0
0
0
0
0
0
0
0
0
0
0
0
0
0
0
0
0
0
0
0
0
0
0
0
0
0
0
0
0
0
0
0
0
0
0
0
0
0
0
0
0
0
0
0
0
0
0
0
0
0
0
0
0
0
-5.745953e+07
0
0
0
0
0
0
0
0
0
0
0
0
0
0
0
0
0
0
0
0
0
0
0
0
0
-5.76508e+07
-5.959378e+07
0
0
0
0
0
0
0
0
0
0
0
0
0
0
0
0
0
0
0
0
0
0
0
0
0
-5.778882e+07
-5.977061e+07
-6.425431e+07
0
0
0
0
0
0
0
0
0
0
0
0
0
0
0
-5.788952e+07
-5.989599e+07
-6.44669e+07
-7.23063e+07
0
0
0
0
0
0
0
0
0
0
0
0
0
0
0
-5.792102e+07
-5.999616e+07
-6.460208e+07
-7.254906e+07
-8.53986e+07
0
0
0
0
0
0
0
0
0
0
0
0
0
0
0
-5.798147e+07
-6.006148e+07
-6.472253e+07
-7.276465e+07
-8.581706e+07
0
0
0
0
0
0
0
0
0
0
0
0
0
0
0
-5.805071e+07
-6.018973e+07
-6.488885e+07
-7.300432e+07
-8.621807e+07
0
0
0
0
0
0
0
0
0
0
0
0
0
0
0
-5.816043e+07
-6.029938e+07
-6.507447e+07
-7.325493e+07
-8.66218e+07
0
0
0
0
0
0
0
0
0
0
0
0
0
0
0
-5.827173e+07
-6.044076e+07
-6.524391e+07
-7.350902e+07
-8.700261e+07
0
0
0
0
0
0
0
0
0
0
0
0
0
0
0
-5.843073e+07
-6.062267e+07
-6.547311e+07
-7.384437e+07
-8.742082e+07
0
0
0
0
0
0
0
0
0
0
0
0
0
0
0
-5.860095e+07
-6.081425e+07
-6.572162e+07
-7.417225e+07
-8.791135e+07
0
0
0
0
0
0
0
0
0
0
0
0
0
0
0
-5.880702e+07
-6.105794e+07
-6.599719e+07
-7.455482e+07
-8.846802e+07
0
0
0
0
0
0
0
0
0
0
0
0
0
0
0
-5.903796e+07
-6.1307e+07
-6.631091e+07
-7.494944e+07
-8.90423e+07
0
0
0
0
0
0
0
0
0
0
0
0
0
0
0
0
0
0
0
0
0
0
0
0
0
-5.926336e+07
-6.157614e+07
-6.663663e+07
-7.536159e+07
-8.961783e+07
0
0
0
0
0
0
0
0
0
0
0
0
0
0
0
0
0
0
0
0
0
0
0
0
0
-5.944746e+07
-6.178656e+07
-6.689981e+07
-7.571788e+07
-9.013016e+07
0
0
0
0
0
0
0
0
0
0
0
0
0
0
0
0
0
0
0
0
0
0
0
0
-5.961762e+07
-6.194429e+07
-6.709779e+07
-7.599556e+07
-9.054252e+07
0
0
0
0
0
0
0
0
0
0
0
0
0
0
0
0
0
0
0
0
0
0
0
-5.973957e+07
-6.210554e+07
-6.726049e+07
-7.61855e+07
-9.087595e+07
0
0
0
0
0
0
0
0
0
0
0
0
0
0
0
0
0
0
0
0
0
0
-5.982027e+07
-6.221922e+07
-6.738533e+07
-7.636982e+07
-9.107343e+07
0
0
0
0
0
0
0
0
0
0
0
0
0
0
0
0
0
0
0
0
0
0
0
0
0
0
0
0
0
0
0
0
0
0
0
0
0
0
0
0
0
0
0
0
0
0
0
0
0
0
-5.754246e+07
0
0
0
0
0
0
0
0
0
0
0
0
0
0
0
0
0
0
0
0
0
0
0
0
0
-5.77454e+07
-5.971461e+07
0
0
0
0
0
0
0
0
0
0
0
0
0
0
0
0
0
0
0
0
0
0
0
0
0
-5.790625e+07
-5.991514e+07
-6.446008e+07
0
0
0
0
0
0
0
0
0
0
0
0
0
0
0
0
0
0
0
0
0
0
0
0
0
-5.804342e+07
-6.00644e+07
-6.466102e+07
-7.259091e+07
0
0
0
0
0
0
0
0
0
0
0
0
0
0
0
-5.806604e+07
-6.016824e+07
-6.480063e+07
-7.283486e+07
-8.583537e+07
0
0
0
0
0
0
0
0
0
0
0
0
0
0
0
-5.808718e+07
-6.019812e+07
-6.490855e+07
-7.299107e+07
-8.612482e+07
0
0
0
0
0
0
0
0
0
0
0
0
0
0
0
-5.814771e+07
-6.025985e+07
-6.498056e+07
-7.313259e+07
-8.638873e+07
0
0
0
0
0
0
0
0
0
0
0
0
0
0
0
-5.819263e+07
-6.033541e+07
-6.512123e+07
-7.332826e+07
-8.668226e+07
0
0
0
0
0
0
0
0
0
0
0
0
0
0
0
-5.827222e+07
-6.044997e+07
-6.524577e+07
-7.354721e+07
-8.699519e+07
0
0
0
0
0
0
0
0
0
0
0
0
0
0
0
-5.839002e+07
-6.0567e+07
-6.540812e+07
-7.37574e+07
-8.73246e+07
0
0
0
0
0
0
0
0
0
0
0
0
0
0
0
-5.852128e+07
-6.073631e+07
-6.561319e+07
-7.403624e+07
-8.776304e+07
0
0
0
0
0
0
0
0
0
0
0
0
0
0
0
-5.868231e+07
-6.092259e+07
-6.583804e+07
-7.434471e+07
-8.820273e+07
0
0
0
0
0
0
0
0
0
0
0
0
0
0
0
-5.887322e+07
-6.114729e+07
-6.612309e+07
-7.469593e+07
-8.872206e+07
0
0
0
0
0
0
0
0
0
0
0
0
0
0
0
-5.908971e+07
-6.139654e+07
-6.641854e+07
-7.509355e+07
-8.926998e+07
0
0
0
0
0
0
0
0
0
0
0
0
0
0
0
0
0
0
0
0
0
0
0
0
0
-5.93201e+07
-6.164506e+07
-6.673346e+07
-7.550907e+07
-8.984349e+07
0
0
0
0
0
0
0
0
0
0
0
0
0
0
0
0
0
0
0
0
0
0
0
0
-5.950051e+07
-6.184315e+07
-6.698229e+07
-7.584365e+07
-9.033805e+07
0
0
0
0
0
0
0
0
0
0
0
0
0
0
0
0
0
0
0
0
0
0
0
-5.96726e+07
-6.202165e+07
-6.716852e+07
-7.609745e+07
-9.072837e+07
0
0
0
0
0
0
0
0
0
0
0
0
0
0
0
0
0
0
0
0
0
0
-5.979734e+07
-6.215602e+07
-6.73543e+07
-7.630641e+07
-9.099983e+07
0
0
0
0
0
0
0
0
0
0
0
0
0
0
0
0
0
0
0
0
0
-5.992362e+07
-6.224359e+07
-6.74852e+07
-7.646292e+07
-9.125093e+07
0
0
0
0
0
0
0
0
0
0
0
0
0
0
0
0
0
0
0
0
0
0
0
0
0
-5.758931e+07
0
0
0
0
0
0
0
0
0
0
0
0
0
0
0
0
0
0
0
0
0
0
0
0
0
-5.783446e+07
-5.979993e+07
0
0
0
0
0
0
0
0
0
0
0
0
0
0
0
0
0
0
0
0
0
0
0
0
0
-5.80342e+07
-6.001444e+07
-6.460002e+07
0
0
0
0
0
0
0
0
0
0
0
0
0
0
0
0
0
0
0
0
0
0
0
0
0
-5.81713e+07
-6.019209e+07
-6.482744e+07
-7.284379e+07
0
0
0
0
0
0
0
0
0
0
0
0
0
0
0
0
0
0
0
0
0
0
0
0
0
-5.824163e+07
-6.033722e+07
-6.499846e+07
-7.308406e+07
-8.622406e+07
0
0
0
0
0
0
0
0
0
0
0
0
0
0
0
-5.825551e+07
-6.035709e+07
-6.511009e+07
-7.32449e+07
-8.651058e+07
0
0
0
0
0
0
0
0
0
0
0
0
0
0
0
-5.826729e+07
-6.037539e+07
-6.514202e+07
-7.336526e+07
-8.669305e+07
0
0
0
0
0
0
0
0
0
0
0
0
0
0
0
-5.829037e+07
-6.043605e+07
-6.520562e+07
-7.344631e+07
-8.686223e+07
0
0
0
0
0
0
0
0
0
0
0
0
0
0
0
-5.831482e+07
-6.048611e+07
-6.52904e+07
-7.36079e+07
-8.709927e+07
0
0
0
0
0
0
0
0
0
0
0
0
0
0
0
-5.839165e+07
-6.056618e+07
-6.54177e+07
-7.375776e+07
-8.73703e+07
0
0
0
0
0
0
0
0
0
0
0
0
0
0
0
-5.847714e+07
-6.069332e+07
-6.555038e+07
-7.395558e+07
-8.764768e+07
0
0
0
0
0
0
0
0
0
0
0
0
0
0
0
-5.860983e+07
-6.083666e+07
-6.574487e+07
-7.420531e+07
-8.801208e+07
0
0
0
0
0
0
0
0
0
0
0
0
0
0
0
-5.874883e+07
-6.101037e+07
-6.596458e+07
-7.449241e+07
-8.843041e+07
0
0
0
0
0
0
0
0
0
0
0
0
0
0
0
-5.894893e+07
-6.12212e+07
-6.622894e+07
-7.485367e+07
-8.891955e+07
0
0
0
0
0
0
0
0
0
0
0
0
0
0
0
-5.920937e+07
-6.145616e+07
-6.652287e+07
-7.523488e+07
-8.94734e+07
0
0
0
0
0
0
0
0
0
0
0
0
0
0
0
0
0
0
0
0
0
0
0
0
-5.938824e+07
-6.170554e+07
-6.681604e+07
-7.563629e+07
-9.005316e+07
0
0
0
0
0
0
0
0
0
0
0
0
0
0
0
0
0
0
0
0
0
0
0
-5.959201e+07
-6.190216e+07
-6.705094e+07
-7.595563e+07
-9.051936e+07
0
0
0
0
0
0
0
0
0
0
0
0
0
0
0
0
0
0
0
0
0
0
-5.973787e+07
-6.208348e+07
-6.725631e+07
-7.619612e+07
-9.087786e+07
0
0
0
0
0
0
0
0
0
0
0
0
0
0
0
0
0
0
0
0
0
-5.986193e+07
-6.222029e+07
-6.74157e+07
-7.642879e+07
-9.117194e+07
0
0
0
0
0
0
0
0
0
0
0
0
0
0
0
0
0
0
0
0
-5.9951e+07
-6.235358e+07
-6.751958e+07
-7.65926e+07
-9.138777e+07
0
0
0
0
0
0
0
0
0
0
0
0
0
0
0
0
0
0
0
0
0
0
0
0
0
-5.785414e+07
-5.984973e+07
0
0
0
0
0
0
0
0
0
0
0
0
0
0
0
0
0
0
0
0
0
0
0
0
0
-5.810666e+07
-6.011126e+07
-6.469818e+07
0
0
0
0
0
0
0
0
0
0
0
0
0
0
0
0
0
0
0
0
0
0
0
0
0
-5.827162e+07
-6.032299e+07
-6.494277e+07
-7.301709e+07
0
0
0
0
0
0
0
0
0
0
0
0
0
0
0
0
0
0
0
0
0
0
0
0
0
-5.838357e+07
-6.047163e+07
-6.514932e+07
-7.329049e+07
-8.656027e+07
0
0
0
0
0
0
0
0
0
0
0
0
0
0
0
0
0
0
0
0
0
0
0
0
0
-5.844305e+07
-6.05454e+07
-6.530992e+07
-7.349688e+07
-8.68566e+07
0
0
0
0
0
0
0
0
0
0
0
0
0
0
0
-5.841692e+07
-6.055697e+07
-6.532947e+07
-7.361986e+07
-8.704462e+07
0
0
0
0
0
0
0
0
0
0
0
0
0
0
0
-5.840044e+07
-6.056714e+07
-6.534363e+07
-7.365262e+07
-8.71767e+07
0
0
0
0
0
0
0
0
0
0
0
0
0
0
0
-5.838878e+07
-6.058919e+07
-6.54065e+07
-7.371819e+07
-8.726603e+07
0
0
0
0
0
0
0
0
0
0
0
0
0
0
0
-5.843832e+07
-6.061577e+07
-6.546191e+07
-7.381727e+07
-8.745685e+07
0
0
0
0
0
0
0
0
0
0
0
0
0
0
0
-5.847902e+07
-6.069351e+07
-6.554779e+07
-7.396602e+07
-8.764678e+07
0
0
0
0
0
0
0
0
0
0
0
0
0
0
0
-5.856984e+07
-6.078853e+07
-6.569321e+07
-7.412826e+07
-8.79026e+07
0
0
0
0
0
0
0
0
0
0
0
0
0
0
0
-5.868025e+07
-6.092966e+07
-6.586158e+07
-7.437077e+07
-8.823583e+07
0
0
0
0
0
0
0
0
0
0
0
0
0
0
0
-5.884183e+07
-6.108483e+07
-6.60673e+07
-7.465183e+07
-8.863785e+07
0
0
0
0
0
0
0
0
0
0
0
0
0
0
0
-5.901997e+07
-6.130037e+07
-6.631885e+07
-7.499122e+07
-8.913938e+07
0
0
0
0
0
0
0
0
0
0
0
0
0
0
-5.925006e+07
-6.15819e+07
-6.659557e+07
-7.536849e+07
-8.967676e+07
0
0
0
0
0
0
0
0
0
0
0
0
0
0
0
0
0
0
0
0
0
0
0
-5.944822e+07
-6.177966e+07
-6.688988e+07
-7.574531e+07
-9.023788e+07
0
0
0
0
0
0
0
0
0
0
0
0
0
0
0
0
0
0
0
0
0
0
-5.964244e+07
-6.199523e+07
-6.712291e+07
-7.604767e+07
-9.068647e+07
0
0
0
0
0
0
0
0
0
0
0
0
0
0
0
0
0
0
0
0
0
-5.980565e+07
-6.215683e+07
-6.733375e+07
-7.630796e+07
-9.10284e+07
0
0
0
0
0
0
0
0
0
0
0
0
0
0
0
0
0
0
0
0
-5.994129e+07
-6.22913e+07
-6.749259e+07
-7.651136e+07
-9.134696e+07
0
0
0
0
0
0
0
0
0
0
0
0
0
0
0
0
0
0
0
-6.003727e+07
-6.238913e+07
-6.764475e+07
-7.664631e+07
-9.157154e+07
0
0
0
0
0
0
0
0
0
0
0
0
0
0
0
0
0
0
0
0
0
0
0
0
0
-5.815091e+07
-6.01313e+07
-6.475312e+07
0
0
0
0
0
0
0
0
0
0
0
0
0
0
0
0
0
0
0
0
0
0
0
0
0
-5.834819e+07
-6.04006e+07
-6.505268e+07
-7.313779e+07
0
0
0
0
0
0
0
0
0
0
0
0
0
0
0
0
0
0
0
0
0
0
0
0
0
-5.850246e+07
-6.058224e+07
-6.529426e+07
-7.343592e+07
-8.679082e+07
0
0
0
0
0
0
0
0
0
0
0
0
0
0
0
0
0
0
0
0
0
0
0
0
0
-5.854848e+07
-6.069818e+07
-6.546421e+07
-7.368881e+07
-8.713555e+07
0
0
0
0
0
0
0
0
0
0
0
0
0
0
0
0
0
0
0
0
0
0
0
0
0
-5.857881e+07
-6.076012e+07
-6.554688e+07
-7.387479e+07
-8.739294e+07
0
0
0
0
0
0
0
0
0
0
0
0
0
0
0
-5.855954e+07
-6.07298e+07
-6.555492e+07
-7.389105e+07
-8.752573e+07
0
0
0
0
0
0
0
0
0
0
0
0
0
0
0
-5.853124e+07
-6.071296e+07
-6.556087e+07
-7.389748e+07
-8.755011e+07
0
0
0
0
0
0
0
0
0
0
0
0
0
0
0
-5.849579e+07
-6.069731e+07
-6.558099e+07
-7.396327e+07
-8.761432e+07
0
0
0
0
0
0
0
0
0
0
0
0
0
0
0
-5.852214e+07
-6.07491e+07
-6.560777e+07
-7.402419e+07
-8.773242e+07
0
0
0
0
0
0
0
0
0
0
0
0
0
0
0
-5.857501e+07
-6.078841e+07
-6.569329e+07
-7.412378e+07
-8.791473e+07
0
0
0
0
0
0
0
0
0
0
0
0
0
0
0
-5.863508e+07
-6.088548e+07
-6.580651e+07
-7.430222e+07
-8.813252e+07
0
0
0
0
0
0
0
0
0
0
0
0
0
0
0
-5.875128e+07
-6.101046e+07
-6.597006e+07
-7.451831e+07
-8.846395e+07
0
0
0
0
0
0
0
0
0
0
0
0
0
0
0
-5.891419e+07
-6.118576e+07
-6.615791e+07
-7.47838e+07
-8.885846e+07
0
0
0
0
0
0
0
0
0
0
0
0
0
0
-5.908878e+07
-6.137735e+07
-6.641303e+07
-7.510999e+07
-8.933649e+07
0
0
0
0
0
0
0
0
0
0
0
0
0
-5.929645e+07
-6.162633e+07
-6.673985e+07
-7.546602e+07
-8.986695e+07
0
0
0
0
0
0
0
0
0
0
0
0
0
0
0
0
0
0
0
0
0
0
-5.951133e+07
-6.184542e+07
-6.697941e+07
-7.584429e+07
-9.039756e+07
0
0
0
0
0
0
0
0
0
0
0
0
0
0
0
0
0
0
0
0
0
-5.970622e+07
-6.205406e+07
-6.722826e+07
-7.614562e+07
-9.082401e+07
0
0
0
0
0
0
0
0
0
0
0
0
0
0
0
0
0
0
0
0
-5.987215e+07
-6.222695e+07
-6.742095e+07
-7.64123e+07
-9.118653e+07
0
0
0
0
0
0
0
0
0
0
0
0
0
0
0
0
0
0
0
-6.001098e+07
-6.238027e+07
-6.757721e+07
-7.661388e+07
-9.147038e+07
0
0
0
0
0
0
0
0
0
0
0
0
0
0
0
0
0
0
-6.014686e+07
-6.247843e+07
-6.769257e+07
-7.680014e+07
-9.166266e+07
0
0
0
0
0
0
0
0
0
0
0
0
0
0
0
0
0
0
0
0
0
0
0
0
0
-5.83895e+07
-6.044699e+07
-6.507531e+07
-7.320225e+07
0
0
0
0
0
0
0
0
0
0
0
0
0
0
0
0
0
0
0
0
0
0
0
0
0
-5.856507e+07
-6.065739e+07
-6.538345e+07
-7.356792e+07
-8.694928e+07
0
0
0
0
0
0
0
0
0
0
0
0
0
0
0
0
0
0
0
0
0
0
0
0
0
-5.864929e+07
-6.082113e+07
-6.559114e+07
-7.386265e+07
-8.733412e+07
0
0
0
0
0
0
0
0
0
0
0
0
0
0
0
0
0
0
0
0
0
0
0
0
0
-5.871092e+07
-6.087444e+07
-6.572114e+07
-7.406726e+07
-8.765642e+07
0
0
0
0
0
0
0
0
0
0
0
0
0
0
0
0
0
0
0
0
0
0
0
0
0
-5.871166e+07
-6.090536e+07
-6.578977e+07
-7.416302e+07
-8.78783e+07
0
0
0
0
0
0
0
0
0
0
0
0
0
0
0
-5.868306e+07
-6.088208e+07
-6.575218e+07
-7.41628e+07
-8.78798e+07
0
0
0
0
0
0
0
0
0
0
0
0
0
0
0
-5.862697e+07
-6.084886e+07
-6.572838e+07
-7.415967e+07
-8.786779e+07
0
0
0
0
0
0
0
0
0
0
0
0
0
0
0
-5.860174e+07
-6.081271e+07
-6.57084e+07
-7.417414e+07
-8.793162e+07
0
0
0
0
0
0
0
0
0
0
0
0
0
0
0
-5.859425e+07
-6.083781e+07
-6.575878e+07
-7.420028e+07
-8.799754e+07
0
0
0
0
0
0
0
0
0
0
0
0
0
0
0
-5.865303e+07
-6.089259e+07
-6.58043e+07
-7.430262e+07
-8.812649e+07
0
0
0
0
0
0
0
0
0
0
0
0
0
0
0
-5.871076e+07
-6.095746e+07
-6.591711e+07
-7.444864e+07
-8.836566e+07
0
0
0
0
0
0
0
0
0
0
0
0
0
0
0
-5.882287e+07
-6.108549e+07
-6.606732e+07
-7.465656e+07
-8.867084e+07
0
0
0
0
0
0
0
0
0
0
0
0
0
0
-5.896431e+07
-6.126321e+07
-6.6274e+07
-7.490444e+07
-8.904728e+07
0
0
0
0
0
0
0
0
0
0
0
0
0
-5.913964e+07
-6.145162e+07
-6.650192e+07
-7.523333e+07
-8.950962e+07
0
0
0
0
0
0
0
0
0
0
0
0
-5.935832e+07
-6.16783e+07
-6.679494e+07
-7.564552e+07
-9.00123e+07
0
0
0
0
0
0
0
0
0
0
0
0
0
0
0
0
0
0
0
0
0
-5.956636e+07
-6.191284e+07
-6.705778e+07
-7.59613e+07
-9.054408e+07
0
0
0
0
0
0
0
0
0
0
0
0
0
0
0
0
0
0
0
0
-5.977523e+07
-6.212124e+07
-6.730156e+07
-7.627615e+07
-9.097042e+07
0
0
0
0
0
0
0
0
0
0
0
0
0
0
0
0
0
0
0
-5.996703e+07
-6.230465e+07
-6.750085e+07
-7.652499e+07
-9.134028e+07
0
0
0
0
0
0
0
0
0
0
0
0
0
0
0
0
0
0
-6.007423e+07
-6.24491e+07
-6.768253e+07
-7.672245e+07
-9.162066e+07
0
0
0
0
0
0
0
0
0
0
0
0
0
0
0
0
0
-6.023951e+07
-6.259583e+07
-6.77967e+07
-7.68693e+07
-9.186773e+07
0
0
0
0
0
0
0
0
0
0
0
0
0
0
0
0
0
0
0
0
0
0
0
0
0
-5.857018e+07
-6.070765e+07
-6.543414e+07
-7.359604e+07
-8.703005e+07
0
0
0
0
0
0
0
0
0
0
0
0
0
0
0
0
0
0
0
0
0
0
0
0
0
-5.869633e+07
-6.088689e+07
-6.56751e+07
-7.397211e+07
-8.750336e+07
0
0
0
0
0
0
0
0
0
0
0
0
0
0
0
0
0
0
0
0
0
0
0
0
0
-5.880807e+07
-6.097683e+07
-6.586135e+07
-7.422438e+07
-8.788323e+07
0
0
0
0
0
0
0
0
0
0
0
0
0
0
0
0
0
0
0
0
0
0
0
0
0
-5.885927e+07
-6.104762e+07
-6.592535e+07
-7.437895e+07
-8.813997e+07
0
0
0
0
0
0
0
0
0
0
0
0
0
0
0
0
0
0
0
0
0
0
0
0
0
-5.8838e+07
-6.10491e+07
-6.595771e+07
-7.445571e+07
-8.825087e+07
0
0
0
0
0
0
0
0
0
0
0
0
0
0
0
-5.879951e+07
-6.101616e+07
-6.592582e+07
-7.440258e+07
-8.822888e+07
0
0
0
0
0
0
0
0
0
0
0
0
0
0
0
-5.87101e+07
-6.095079e+07
-6.58816e+07
-7.436487e+07
-8.820412e+07
0
0
0
0
0
0
0
0
0
0
0
0
0
0
0
-5.868744e+07
-6.092789e+07
-6.583824e+07
-7.433481e+07
-8.820325e+07
0
0
0
0
0
0
0
0
0
0
0
0
0
0
0
-5.868352e+07
-6.091735e+07
-6.586388e+07
-7.438584e+07
-8.823091e+07
0
0
0
0
0
0
0
0
0
0
0
0
0
0
0
-5.872092e+07
-6.097871e+07
-6.592492e+07
-7.444402e+07
-8.836644e+07
0
0
0
0
0
0
0
0
0
0
0
0
0
0
0
-5.87876e+07
-6.103926e+07
-6.600451e+07
-7.458766e+07
-8.857346e+07
0
0
0
0
0
0
0
0
0
0
0
0
0
0
-5.888541e+07
-6.116128e+07
-6.61567e+07
-7.478469e+07
-8.886552e+07
0
0
0
0
0
0
0
0
0
0
0
0
0
-5.90498e+07
-6.131642e+07
-6.636648e+07
-7.505023e+07
-8.922344e+07
0
0
0
0
0
0
0
0
0
0
0
0
-5.920678e+07
-6.150766e+07
-6.659003e+07
-7.534603e+07
-8.968748e+07
0
0
0
0
0
0
0
0
0
0
0
-5.941254e+07
-6.174594e+07
-6.68593e+07
-7.572177e+07
-9.025492e+07
0
0
0
0
0
0
0
0
0
0
0
0
0
0
0
0
0
0
0
0
-5.965374e+07
-6.197775e+07
-6.713675e+07
-7.606372e+07
-9.071053e+07
0
0
0
0
0
0
0
0
0
0
0
0
0
0
0
0
0
0
0
-5.985152e+07
-6.220328e+07
-6.738019e+07
-7.63746e+07
-9.114905e+07
0
0
0
0
0
0
0
0
0
0
0
0
0
0
0
0
0
0
-6.001175e+07
-6.240132e+07
-6.759815e+07
-7.662647e+07
-9.149957e+07
0
0
0
0
0
0
0
0
0
0
0
0
0
0
0
0
0
-6.018862e+07
-6.252302e+07
-6.776236e+07
-7.685695e+07
-9.177295e+07
0
0
0
0
0
0
0
0
0
0
0
0
0
0
0
0
-6.03232e+07
-6.269602e+07
-6.793257e+07
-7.700361e+07
-9.197638e+07
0
0
0
0
0
0
0
0
0
0
0
0
0
0
0
0
0
0
0
0
0
0
0
0
0
-5.874479e+07
-6.089645e+07
-6.573241e+07
-7.403053e+07
-8.754092e+07
0
0
0
0
0
0
0
0
0
0
0
0
0
0
0
0
0
0
0
0
0
0
0
0
0
-5.887697e+07
-6.10357e+07
-6.593508e+07
-7.432511e+07
-8.802779e+07
0
0
0
0
0
0
0
0
0
0
0
0
0
0
0
0
0
0
0
0
0
0
0
0
0
-5.89473e+07
-6.114995e+07
-6.603872e+07
-7.454993e+07
-8.835026e+07
0
0
0
0
0
0
0
0
0
0
0
0
0
0
0
0
0
0
0
0
0
0
0
0
0
-5.895998e+07
-6.120531e+07
-6.612291e+07
-7.462881e+07
-8.854182e+07
0
0
0
0
0
0
0
0
0
0
0
0
0
0
0
0
0
0
0
0
0
0
0
0
0
-5.893624e+07
-6.118686e+07
-6.612384e+07
-7.466409e+07
-8.862517e+07
0
0
0
0
0
0
0
0
0
0
0
0
0
0
0
-5.887035e+07
-6.114125e+07
-6.607764e+07
-7.461375e+07
-8.853879e+07
0
0
0
0
0
0
0
0
0
0
0
0
0
0
0
-5.87962e+07
-6.104453e+07
-6.599864e+07
-7.454946e+07
-8.847148e+07
0
0
0
0
0
0
0
0
0
0
0
0
0
0
0
-5.87801e+07
-6.101444e+07
-6.597242e+07
-7.449413e+07
-8.842325e+07
0
0
0
0
0
0
0
0
0
0
0
0
0
0
0
-5.87524e+07
-6.101037e+07
-6.595997e+07
-7.452196e+07
-8.84814e+07
0
0
0
0
0
0
0
0
0
0
0
0
0
0
0
-5.879172e+07
-6.104919e+07
-6.602856e+07
-7.459683e+07
-8.856586e+07
0
0
0
0
0
0
0
0
0
0
0
0
0
0
-5.885002e+07
-6.112413e+07
-6.60998e+07
-7.47041e+07
-8.876785e+07
0
0
0
0
0
0
0
0
0
0
0
0
0
-5.895884e+07
-6.123095e+07
-6.624494e+07
-7.490069e+07
-8.905028e+07
0
0
0
0
0
0
0
0
0
0
0
0
-5.909582e+07
-6.140886e+07
-6.643006e+07
-7.517026e+07
-8.942582e+07
0
0
0
0
0
0
0
0
0
0
0
-5.927352e+07
-6.158227e+07
-6.665792e+07
-7.546061e+07
-8.984608e+07
0
0
0
0
0
0
0
0
0
0
-5.949181e+07
-6.180225e+07
-6.694053e+07
-7.580891e+07
-9.037234e+07
0
0
0
0
0
0
0
0
0
0
0
0
0
0
0
0
0
0
0
-5.972222e+07
-6.206551e+07
-6.721384e+07
-7.616554e+07
-9.085912e+07
0
0
0
0
0
0
0
0
0
0
0
0
0
0
0
0
0
0
-5.994852e+07
-6.227844e+07
-6.747976e+07
-7.647652e+07
-9.129326e+07
0
0
0
0
0
0
0
0
0
0
0
0
0
0
0
0
0
-6.013972e+07
-6.245315e+07
-6.77065e+07
-7.675469e+07
-9.164303e+07
0
0
0
0
0
0
0
0
0
0
0
0
0
0
0
0
-6.028408e+07
-6.264359e+07
-6.78568e+07
-7.696148e+07
-9.19596e+07
0
0
0
0
0
0
0
0
0
0
0
0
0
0
0
-6.042476e+07
-6.279575e+07
-6.805265e+07
-7.717541e+07
-9.216826e+07
0
0
0
0
0
0
0
0
0
0
0
0
0
0
0
0
0
0
0
0
0
0
0
0
0
-5.890505e+07
-6.108408e+07
-6.595054e+07
-7.439397e+07
-8.809983e+07
0
0
0
0
0
0
0
0
0
0
0
0
0
0
0
0
0
0
0
0
0
0
0
0
0
-5.902382e+07
-6.122259e+07
-6.611179e+07
-7.463979e+07
-8.848097e+07
0
0
0
0
0
0
0
0
0
0
0
0
0
0
0
0
0
0
0
0
0
0
0
0
0
-5.907295e+07
-6.129922e+07
-6.623988e+07
-7.476753e+07
-8.876637e+07
0
0
0
0
0
0
0
0
0
0
0
0
0
0
0
0
0
0
0
0
0
0
0
0
0
-5.909185e+07
-6.132372e+07
-6.630128e+07
-7.486975e+07
-8.886469e+07
0
0
0
0
0
0
0
0
0
0
0
0
0
0
0
0
0
0
0
0
0
0
0
0
0
-5.902852e+07
-6.129158e+07
-6.628125e+07
-7.486727e+07
-8.890059e+07
0
0
0
0
0
0
0
0
0
0
0
0
0
0
0
-5.895262e+07
-6.121498e+07
-6.622298e+07
-7.479873e+07
-8.881282e+07
0
0
0
0
0
0
0
0
0
0
0
0
0
0
0
-5.887443e+07
-6.113573e+07
-6.610973e+07
-7.469609e+07
-8.871464e+07
0
0
0
0
0
0
0
0
0
0
0
0
0
0
0
-5.884031e+07
-6.11176e+07
-6.60729e+07
-7.46625e+07
-8.864155e+07
0
0
0
0
0
0
0
0
0
0
0
0
0
0
0
-5.883283e+07
-6.108657e+07
-6.606637e+07
-7.464842e+07
-8.867589e+07
0
0
0
0
0
0
0
0
0
0
0
0
0
0
-5.885412e+07
-6.113196e+07
-6.611018e+07
-7.473138e+07
-8.877959e+07
0
0
0
0
0
0
0
0
0
0
0
0
0
-5.890166e+07
-6.119048e+07
-6.620089e+07
-7.482546e+07
-8.893919e+07
0
0
0
0
0
0
0
0
0
0
0
0
-5.901164e+07
-6.131329e+07
-6.632903e+07
-7.501359e+07
-8.921691e+07
0
0
0
0
0
0
0
0
0
0
0
-5.915126e+07
-6.145952e+07
-6.653827e+07
-7.525511e+07
-8.959639e+07
0
0
0
0
0
0
0
0
0
0
-5.935468e+07
-6.165331e+07
-6.674526e+07
-7.555118e+07
-9.000973e+07
0
0
0
0
0
0
0
0
0
0
-5.957109e+07
-6.18921e+07
-6.700526e+07
-7.591534e+07
-9.050288e+07
0
0
0
0
0
0
0
0
0
0
0
0
0
0
0
0
0
0
-5.983288e+07
-6.214235e+07
-6.731693e+07
-7.626586e+07
-9.100428e+07
0
0
0
0
0
0
0
0
0
0
0
0
0
0
0
0
0
-6.0031e+07
-6.238436e+07
-6.756655e+07
-7.660516e+07
-9.143949e+07
0
0
0
0
0
0
0
0
0
0
0
0
0
0
0
0
-6.021813e+07
-6.258985e+07
-6.7775e+07
-7.68906e+07
-9.18253e+07
0
0
0
0
0
0
0
0
0
0
0
0
0
0
0
-6.035306e+07
-6.274879e+07
-6.799619e+07
-7.709217e+07
-9.211337e+07
0
0
0
0
0
0
0
0
0
0
0
0
0
0
-6.051688e+07
-6.290281e+07
-6.817579e+07
-7.733258e+07
-9.240687e+07
0
0
0
0
0
0
0
0
0
0
0
0
0
0
0
0
0
0
0
0
0
0
0
0
0
-5.907407e+07
-6.12564e+07
-6.616562e+07
-7.466227e+07
-8.856864e+07
0
0
0
0
0
0
0
0
0
0
0
0
0
0
0
0
0
0
0
0
0
0
0
0
0
-5.914089e+07
-6.137962e+07
-6.632167e+07
-7.48618e+07
-8.888552e+07
0
0
0
0
0
0
0
0
0
0
0
0
0
0
0
0
0
0
0
0
0
0
0
0
0
-5.917867e+07
-6.143227e+07
-6.641002e+07
-7.501495e+07
-8.905118e+07
0
0
0
0
0
0
0
0
0
0
0
0
0
0
0
0
0
0
0
0
0
0
0
0
0
-5.918802e+07
-6.145647e+07
-6.644174e+07
-7.508519e+07
-8.917759e+07
0
0
0
0
0
0
0
0
0
0
0
0
0
0
0
0
0
0
0
0
0
0
0
0
0
-5.913674e+07
-6.138964e+07
-6.63994e+07
-7.505989e+07
-8.916512e+07
0
0
0
0
0
0
0
0
0
0
0
0
0
0
0
-5.903632e+07
-6.130467e+07
-6.630955e+07
-7.497985e+07
-8.906052e+07
0
0
0
0
0
0
0
0
0
0
0
0
0
0
0
-5.895678e+07
-6.121891e+07
-6.621789e+07
-7.483858e+07
-8.891885e+07
0
0
0
0
0
0
0
0
0
0
0
0
0
0
0
-5.890531e+07
-6.118096e+07
-6.619335e+07
-7.479305e+07
-8.887388e+07
0
0
0
0
0
0
0
0
0
0
0
0
0
0
-5.890439e+07
-6.117352e+07
-6.615735e+07
-7.47821e+07
-8.885926e+07
0
0
0
0
0
0
0
0
0
0
0
0
0
-5.887965e+07
-6.119587e+07
-6.620946e+07
-7.483693e+07
-8.897066e+07
0
0
0
0
0
0
0
0
0
0
0
0
-5.899023e+07
-6.125359e+07
-6.627927e+07
-7.49566e+07
-8.910971e+07
0
0
0
0
0
0
0
0
0
0
0
-5.907501e+07
-6.136869e+07
-6.642622e+07
-7.512441e+07
-8.937723e+07
0
0
0
0
0
0
0
0
0
0
-5.922244e+07
-6.151887e+07
-6.659997e+07
-7.539231e+07
-8.972256e+07
0
0
0
0
0
0
0
0
0
0
-5.943048e+07
-6.174007e+07
-6.683043e+07
-7.566255e+07
-9.014318e+07
0
0
0
0
0
0
0
0
0
0
-5.966951e+07
-6.197538e+07
-6.711461e+07
-7.599891e+07
-9.065518e+07
0
0
0
0
0
0
0
0
0
0
0
0
0
0
0
0
0
-5.992067e+07
-6.226152e+07
-6.740961e+07
-7.639897e+07
-9.114759e+07
0
0
0
0
0
0
0
0
0
0
0
0
0
0
0
0
-6.013458e+07
-6.247566e+07
-6.769285e+07
-7.671816e+07
-9.162002e+07
0
0
0
0
0
0
0
0
0
0
0
0
0
0
0
-6.029704e+07
-6.268014e+07
-6.793231e+07
-7.698996e+07
-9.201507e+07
0
0
0
0
0
0
0
0
0
0
0
0
0
0
-6.050077e+07
-6.282821e+07
-6.812302e+07
-7.726841e+07
-9.230861e+07
0
0
0
0
0
0
0
0
0
0
0
0
0
-6.064885e+07
-6.300347e+07
-6.830355e+07
-7.74968e+07
-9.263177e+07
0
0
0
0
0
0
0
0
0
0
0
0
0
0
0
0
0
0
0
0
0
0
0
0
0
-5.918748e+07
-6.143162e+07
-6.63612e+07
-7.492494e+07
-8.891829e+07
0
0
0
0
0
0
0
0
0
0
0
0
0
0
0
0
0
0
0
0
0
0
0
0
0
-5.925975e+07
-6.150515e+07
-6.650095e+07
-7.511446e+07
-8.917998e+07
0
0
0
0
0
0
0
0
0
0
0
0
0
0
0
0
0
0
0
0
0
0
0
0
0
-5.927513e+07
-6.154574e+07
-6.656089e+07
-7.522122e+07
-8.93741e+07
0
0
0
0
0
0
0
0
0
0
0
0
0
0
0
0
0
0
0
0
0
0
0
0
0
-5.925529e+07
-6.155777e+07
-6.659129e+07
-7.52618e+07
-8.945617e+07
0
0
0
0
0
0
0
0
0
0
0
0
0
0
0
0
0
0
0
0
0
0
0
0
0
-5.919132e+07
-6.150283e+07
-6.651699e+07
-7.52072e+07
-8.94236e+07
0
0
0
0
0
0
0
0
0
0
0
0
0
0
0
-5.913502e+07
-6.139507e+07
-6.641465e+07
-7.509425e+07
-8.930703e+07
0
0
0
0
0
0
0
0
0
0
0
0
0
0
0
-5.901545e+07
-6.13083e+07
-6.631509e+07
-7.497997e+07
-8.912157e+07
0
0
0
0
0
0
0
0
0
0
0
0
0
0
-5.898013e+07
-6.125483e+07
-6.626874e+07
-7.49443e+07
-8.906114e+07
0
0
0
0
0
0
0
0
0
0
0
0
0
-5.89455e+07
-6.12564e+07
-6.62596e+07
-7.49011e+07
-8.904609e+07
0
0
0
0
0
0
0
0
0
0
0
0
-5.896791e+07
-6.123003e+07
-6.628684e+07
-7.496662e+07
-8.912287e+07
0
0
0
0
0
0
0
0
0
0
0
-5.901357e+07
-6.134375e+07
-6.635754e+07
-7.505819e+07
-8.92957e+07
0
0
0
0
0
0
0
0
0
0
-5.91546e+07
-6.14376e+07
-6.649251e+07
-7.524949e+07
-8.95371e+07
0
0
0
0
0
0
0
0
0
0
-5.931672e+07
-6.160509e+07
-6.667028e+07
-7.54753e+07
-8.99122e+07
0
0
0
0
0
0
0
0
0
0
-5.953763e+07
-6.182304e+07
-6.693161e+07
-7.577382e+07
-9.029943e+07
0
0
0
0
0
0
0
0
0
0
-5.975824e+07
-6.208221e+07
-6.721095e+07
-7.614133e+07
-9.077628e+07
0
0
0
0
0
0
0
0
0
0
0
0
0
0
0
0
-6.001032e+07
-6.235617e+07
-6.754856e+07
-7.652056e+07
-9.133526e+07
0
0
0
0
0
0
0
0
0
0
0
0
0
0
0
-6.02035e+07
-6.259074e+07
-6.780314e+07
-7.688218e+07
-9.178377e+07
0
0
0
0
0
0
0
0
0
0
0
0
0
0
-6.042335e+07
-6.276468e+07
-6.804468e+07
-7.718698e+07
-9.21712e+07
0
0
0
0
0
0
0
0
0
0
0
0
0
-6.063349e+07
-6.29849e+07
-6.822315e+07
-7.743511e+07
-9.255431e+07
0
0
0
0
0
0
0
0
0
0
0
0
-6.079424e+07
-6.314382e+07
-6.842547e+07
-7.766614e+07
-9.287158e+07
0
0
0
0
0
0
0
0
0
0
0
0
0
0
0
0
0
0
0
0
0
0
0
0
0
-5.928062e+07
-6.155345e+07
-6.655614e+07
-7.516302e+07
-8.925859e+07
0
0
0
0
0
0
0
0
0
0
0
0
0
0
0
0
0
0
0
0
0
0
0
0
0
-5.934107e+07
-6.163405e+07
-6.66433e+07
-7.533188e+07
-8.950515e+07
0
0
0
0
0
0
0
0
0
0
0
0
0
0
0
0
0
0
0
0
0
0
0
0
0
-5.934507e+07
-6.164964e+07
-6.669089e+07
-7.540585e+07
-8.964155e+07
0
0
0
0
0
0
0
0
0
0
0
0
0
0
0
0
0
0
0
0
0
0
0
0
0
-5.931786e+07
-6.16343e+07
-6.670859e+07
-7.544701e+07
-8.96981e+07
0
0
0
0
0
0
0
0
0
0
0
0
0
0
0
0
0
0
0
0
0
0
0
0
0
-5.929165e+07
-6.15642e+07
-6.664487e+07
-7.535953e+07
-8.962905e+07
0
0
0
0
0
0
0
0
0
0
0
0
0
0
0
-5.916315e+07
-6.150016e+07
-6.651992e+07
-7.522959e+07
-8.947741e+07
0
0
0
0
0
0
0
0
0
0
0
0
0
0
-5.90812e+07
-6.137218e+07
-6.641892e+07
-7.510462e+07
-8.932465e+07
0
0
0
0
0
0
0
0
0
0
0
0
0
-5.90508e+07
-6.133563e+07
-6.63568e+07
-7.504357e+07
-8.927043e+07
0
0
0
0
0
0
0
0
0
0
0
0
-5.902222e+07
-6.129717e+07
-6.635673e+07
-7.503138e+07
-8.921724e+07
0
0
0
0
0
0
0
0
0
0
0
-5.903333e+07
-6.132527e+07
-6.633378e+07
-7.506946e+07
-8.930898e+07
0
0
0
0
0
0
0
0
0
0
-5.912797e+07
-6.137484e+07
-6.645968e+07
-7.516376e+07
-8.944177e+07
0
0
0
0
0
0
0
0
0
0
-5.925013e+07
-6.152219e+07
-6.657413e+07
-7.533674e+07
-8.971299e+07
0
0
0
0
0
0
0
0
0
0
-5.941506e+07
-6.170045e+07
-6.67755e+07
-7.556666e+07
-9.003521e+07
0
0
0
0
0
0
0
0
0
0
-5.963255e+07
-6.194334e+07
-6.703168e+07
-7.590271e+07
-9.045854e+07
0
0
0
0
0
0
0
0
0
0
-5.985718e+07
-6.218109e+07
-6.733841e+07
-7.626495e+07
-9.097639e+07
0
0
0
0
0
0
0
0
0
0
0
0
0
0
0
-6.008311e+07
-6.245426e+07
-6.766226e+07
-7.669757e+07
-9.151057e+07
0
0
0
0
0
0
0
0
0
0
0
0
0
0
-6.035333e+07
-6.266464e+07
-6.794031e+07
-7.702815e+07
-9.20163e+07
0
0
0
0
0
0
0
0
0
0
0
0
0
-6.055165e+07
-6.290601e+07
-6.814803e+07
-7.733841e+07
-9.244199e+07
0
0
0
0
0
0
0
0
0
0
0
0
-6.074575e+07
-6.312735e+07
-6.840121e+07
-7.757428e+07
-9.279471e+07
0
0
0
0
0
0
0
0
0
0
0
-6.090913e+07
-6.330089e+07
-6.858641e+07
-7.782577e+07
-9.31212e+07
0
0
0
0
0
0
0
0
0
0
0
0
0
0
0
0
0
0
0
0
0
0
0
0
0
-5.938184e+07
-6.165362e+07
-6.669691e+07
-7.539448e+07
-8.956811e+07
0
0
0
0
0
0
0
0
0
0
0
0
0
0
0
0
0
0
0
0
0
0
0
0
0
-5.943233e+07
-6.172258e+07
-6.679193e+07
-7.550576e+07
-8.978651e+07
0
0
0
0
0
0
0
0
0
0
0
0
0
0
0
0
0
0
0
0
0
0
0
0
0
-5.940844e+07
-6.172643e+07
-6.681298e+07
-7.556823e+07
-8.989e+07
0
0
0
0
0
0
0
0
0
0
0
0
0
0
0
0
0
0
0
0
0
0
0
0
0
-5.93986e+07
-6.16997e+07
-6.680184e+07
-7.559556e+07
-8.995307e+07
0
0
0
0
0
0
0
0
0
0
0
0
0
0
0
0
0
0
0
0
0
0
0
0
0
-5.935131e+07
-6.167625e+07
-6.672001e+07
-7.551782e+07
-8.984446e+07
0
0
0
0
0
0
0
0
0
0
0
0
0
0
-5.923821e+07
-6.153401e+07
-6.664211e+07
-7.536313e+07
-8.96707e+07
0
0
0
0
0
0
0
0
0
0
0
0
0
-5.915605e+07
-6.144512e+07
-6.649757e+07
-7.523713e+07
-8.950168e+07
0
0
0
0
0
0
0
0
0
0
0
0
-5.909147e+07
-6.141091e+07
-6.645245e+07
-7.51588e+07
-8.941605e+07
0
0
0
0
0
0
0
0
0
0
0
-5.907878e+07
-6.137809e+07
-6.640776e+07
-7.515635e+07
-8.939925e+07
0
0
0
0
0
0
0
0
0
0
-5.912555e+07
-6.139273e+07
-6.644188e+07
-7.513799e+07
-8.945906e+07
0
0
0
0
0
0
0
0
0
0
-5.923402e+07
-6.149194e+07
-6.65028e+07
-7.529019e+07
-8.959733e+07
0
0
0
0
0
0
0
0
0
0
-5.932652e+07
-6.162716e+07
-6.667451e+07
-7.544216e+07
-8.983983e+07
0
0
0
0
0
0
0
0
0
0
-5.951648e+07
-6.180673e+07
-6.68855e+07
-7.570594e+07
-9.01666e+07
0
0
0
0
0
0
0
0
0
0
-5.972725e+07
-6.204444e+07
-6.717249e+07
-7.603454e+07
-9.063829e+07
0
0
0
0
0
0
0
0
0
0
-5.992624e+07
-6.229238e+07
-6.745877e+07
-7.643037e+07
-9.115305e+07
0
0
0
0
0
0
0
0
0
0
0
0
0
0
-6.020723e+07
-6.253717e+07
-6.77797e+07
-7.684635e+07
-9.175797e+07
0
0
0
0
0
0
0
0
0
0
0
0
0
-6.046275e+07
-6.282871e+07
-6.803301e+07
-7.720662e+07
-9.222825e+07
0
0
0
0
0
0
0
0
0
0
0
0
-6.068971e+07
-6.304062e+07
-6.831379e+07
-7.748038e+07
-9.266617e+07
0
0
0
0
0
0
0
0
0
0
0
-6.084841e+07
-6.325128e+07
-6.856696e+07
-7.77934e+07
-9.300879e+07
0
0
0
0
0
0
0
0
0
0
-6.100517e+07
-6.342328e+07
-6.876726e+07
-7.802621e+07
-9.334708e+07
0
0
0
0
0
0
0
0
0
0
0
0
0
0
0
0
0
0
0
0
0
0
0
0
0
-5.946142e+07
-6.176225e+07
-6.681336e+07
-7.556926e+07
-8.986284e+07
0
0
0
0
0
0
0
0
0
0
0
0
0
0
0
0
0
0
0
0
0
0
0
0
0
-5.951666e+07
-6.182398e+07
-6.689786e+07
-7.569188e+07
-9.002091e+07
0
0
0
0
0
0
0
0
0
0
0
0
0
0
0
0
0
0
0
0
0
0
0
0
0
-5.949048e+07
-6.179572e+07
-6.690491e+07
-7.572477e+07
-9.01152e+07
0
0
0
0
0
0
0
0
0
0
0
0
0
0
0
0
0
0
0
0
0
0
0
0
0
-5.947734e+07
-6.178738e+07
-6.687882e+07
-7.571852e+07
-9.016036e+07
0
0
0
0
0
0
0
0
0
0
0
0
0
0
0
0
0
0
0
0
0
0
0
0
-5.939652e+07
-6.173951e+07
-6.684901e+07
-7.561945e+07
-9.006303e+07
0
0
0
0
0
0
0
0
0
0
0
0
0
-5.927616e+07
-6.161453e+07
-6.668747e+07
-7.551818e+07
-8.985842e+07
0
0
0
0
0
0
0
0
0
0
0
0
-5.921598e+07
-6.152509e+07
-6.658375e+07
-7.534265e+07
-8.968892e+07
0
0
0
0
0
0
0
0
0
0
0
-5.915623e+07
-6.145656e+07
-6.653928e+07
-7.528131e+07
-8.958229e+07
0
0
0
0
0
0
0
0
0
0
-5.915169e+07
-6.143988e+07
-6.650153e+07
-7.522688e+07
-8.957641e+07
0
0
0
0
0
0
0
0
0
0
-5.922289e+07
-6.149063e+07
-6.652186e+07
-7.527184e+07
-8.956714e+07
0
0
0
0
0
0
0
0
0
0
-5.93001e+07
-6.16063e+07
-6.663493e+07
-7.535442e+07
-8.976834e+07
0
0
0
0
0
0
0
0
0
0
-5.944206e+07
-6.171205e+07
-6.67976e+07
-7.557246e+07
-8.998982e+07
0
0
0
0
0
0
0
0
0
0
-5.9605e+07
-6.192116e+07
-6.701161e+07
-7.584399e+07
-9.036554e+07
0
0
0
0
0
0
0
0
0
0
-5.978924e+07
-6.214503e+07
-6.729287e+07
-7.621369e+07
-9.082818e+07
0
0
0
0
0
0
0
0
0
0
-6.006629e+07
-6.236783e+07
-6.759207e+07
-7.658948e+07
-9.138713e+07
0
0
0
0
0
0
0
0
0
0
0
0
0
-6.034363e+07
-6.266957e+07
-6.788363e+07
-7.70011e+07
-9.197121e+07
0
0
0
0
0
0
0
0
0
0
0
0
-6.058737e+07
-6.294547e+07
-6.822228e+07
-7.733692e+07
-9.248322e+07
0
0
0
0
0
0
0
0
0
0
0
-6.079686e+07
-6.318917e+07
-6.846881e+07
-7.768917e+07
-9.288258e+07
0
0
0
0
0
0
0
0
0
0
-6.096331e+07
-6.336124e+07
-6.871405e+07
-7.800169e+07
-9.330244e+07
0
0
0
0
0
0
0
0
0
-6.112895e+07
-6.352921e+07
-6.890746e+07
-7.824968e+07
-9.36199e+07
0
0
0
0
0
0
0
0
0
0
0
0
0
0
0
0
0
0
0
0
0
0
0
0
0
-5.954727e+07
-6.185042e+07
-6.693912e+07
-7.571752e+07
-9.010095e+07
0
0
0
0
0
0
0
0
0
0
0
0
0
0
0
0
0
0
0
0
0
0
0
0
0
-5.958108e+07
-6.191049e+07
-6.701529e+07
-7.582972e+07
-9.027764e+07
0
0
0
0
0
0
0
0
0
0
0
0
0
0
0
0
0
0
0
0
0
0
0
0
0
-5.954918e+07
-6.188547e+07
-6.6989e+07
-7.584611e+07
-9.033695e+07
0
0
0
0
0
0
0
0
0
0
0
0
0
0
0
0
0
0
0
0
0
0
0
0
-5.95282e+07
-6.187615e+07
-6.698279e+07
-7.582134e+07
-9.033988e+07
0
0
0
0
0
0
0
0
0
0
0
0
0
0
0
0
0
0
0
0
0
0
0
-5.944965e+07
-6.178464e+07
-6.692739e+07
-7.578219e+07
-9.021569e+07
0
0
0
0
0
0
0
0
0
0
0
0
-5.936389e+07
-6.165998e+07
-6.678234e+07
-7.558454e+07
-9.007432e+07
0
0
0
0
0
0
0
0
0
0
0
-5.926868e+07
-6.159018e+07
-6.667702e+07
-7.545437e+07
-8.984418e+07
0
0
0
0
0
0
0
0
0
0
-5.923919e+07
-6.152404e+07
-6.659917e+07
-7.539267e+07
-8.975427e+07
0
0
0
0
0
0
0
0
0
0
-5.925572e+07
-6.152171e+07
-6.65758e+07
-7.534564e+07
-8.968451e+07
0
0
0
0
0
0
0
0
0
0
-5.930023e+07
-6.159867e+07
-6.663438e+07
-7.537538e+07
-8.97492e+07
0
0
0
0
0
0
0
0
0
0
-5.940171e+07
-6.168452e+07
-6.67679e+07
-7.55164e+07
-8.987175e+07
0
0
0
0
0
0
0
0
0
0
-5.95513e+07
-6.183378e+07
-6.690152e+07
-7.57291e+07
-9.017409e+07
0
0
0
0
0
0
0
0
0
0
-5.967961e+07
-6.201515e+07
-6.714654e+07
-7.600733e+07
-9.055731e+07
0
0
0
0
0
0
0
0
0
0
-5.991201e+07
-6.221682e+07
-6.741245e+07
-7.637008e+07
-9.107691e+07
0
0
0
0
0
0
0
0
0
0
-6.020094e+07
-6.251572e+07
-6.768455e+07
-7.676255e+07
-9.16158e+07
0
0
0
0
0
0
0
0
0
0
0
0
-6.045408e+07
-6.281717e+07
-6.803711e+07
-7.714495e+07
-9.219677e+07
0
0
0
0
0
0
0
0
0
0
0
-6.072589e+07
-6.308036e+07
-6.835915e+07
-7.757027e+07
-9.268661e+07
0
0
0
0
0
0
0
0
0
0
-6.091193e+07
-6.33076e+07
-6.86409e+07
-7.788256e+07
-9.316799e+07
0
0
0
0
0
0
0
0
0
-6.106833e+07
-6.348532e+07
-6.884301e+07
-7.818928e+07
-9.358652e+07
0
0
0
0
0
0
0
0
-6.121084e+07
-6.366462e+07
-6.90358e+07
-7.842513e+07
-9.391935e+07
0
0
0
0
0
0
0
0
0
0
0
0
0
0
0
0
0
0
0
0
0
0
0
0
0
-5.960501e+07
-6.194806e+07
-6.70458e+07
-7.587635e+07
-9.031129e+07
0
0
0
0
0
0
0
0
0
0
0
0
0
0
0
0
0
0
0
0
0
0
0
0
0
-5.963132e+07
-6.198144e+07
-6.7116e+07
-7.597965e+07
-9.047636e+07
0
0
0
0
0
0
0
0
0
0
0
0
0
0
0
0
0
0
0
0
0
0
0
0
-5.96395e+07
-6.194622e+07
-6.709549e+07
-7.595913e+07
-9.051504e+07
0
0
0
0
0
0
0
0
0
0
0
0
0
0
0
0
0
0
0
0
0
0
0
-5.958309e+07
-6.192504e+07
-6.708407e+07
-7.595593e+07
-9.049412e+07
0
0
0
0
0
0
0
0
0
0
0
0
0
0
0
0
0
0
0
0
0
0
-5.952178e+07
-6.184419e+07
-6.698255e+07
-7.588753e+07
-9.044119e+07
0
0
0
0
0
0
0
0
0
0
0
-5.941904e+07
-6.174938e+07
-6.684328e+07
-7.57067e+07
-9.018044e+07
0
0
0
0
0
0
0
0
0
0
-5.934468e+07
-6.164784e+07
-6.675402e+07
-7.557262e+07
-9.000354e+07
0
0
0
0
0
0
0
0
0
0
-5.932982e+07
-6.162095e+07
-6.66756e+07
-7.547704e+07
-8.991207e+07
0
0
0
0
0
0
0
0
0
0
-5.933452e+07
-6.163108e+07
-6.667574e+07
-7.544332e+07
-8.984938e+07
0
0
0
0
0
0
0
0
0
0
-5.942186e+07
-6.168048e+07
-6.676162e+07
-7.55164e+07
-8.989612e+07
0
0
0
0
0
0
0
0
0
0
-5.950543e+07
-6.179018e+07
-6.68655e+07
-7.568426e+07
-9.008902e+07
0
0
0
0
0
0
0
0
0
0
-5.959228e+07
-6.195916e+07
-6.704131e+07
-7.586807e+07
-9.039187e+07
0
0
0
0
0
0
0
0
0
0
-5.979518e+07
-6.21001e+07
-6.726034e+07
-7.61807e+07
-9.07887e+07
0
0
0
0
0
0
0
0
0
0
-6.004292e+07
-6.235163e+07
-6.750482e+07
-7.652656e+07
-9.130016e+07
0
0
0
0
0
0
0
0
0
0
-6.033655e+07
-6.266167e+07
-6.785361e+07
-7.689068e+07
-9.186271e+07
0
0
0
0
0
0
0
0
0
0
0
-6.057718e+07
-6.293809e+07
-6.820911e+07
-7.733786e+07
-9.24172e+07
0
0
0
0
0
0
0
0
0
0
-6.080842e+07
-6.322722e+07
-6.851606e+07
-7.774486e+07
-9.299843e+07
0
0
0
0
0
0
0
0
0
-6.099463e+07
-6.342689e+07
-6.878132e+07
-7.809766e+07
-9.343101e+07
0
0
0
0
0
0
0
0
-6.118163e+07
-6.360385e+07
-6.898576e+07
-7.83536e+07
-9.384564e+07
0
0
0
0
0
0
0
-6.131031e+07
-6.375666e+07
-6.919114e+07
-7.859177e+07
-9.415965e+07
0
0
0
0
0
0
0
0
0
0
0
0
0
0
0
0
0
0
0
0
0
0
0
0
0
-5.967952e+07
-6.200571e+07
-6.715996e+07
-7.601681e+07
-9.053407e+07
0
0
0
0
0
0
0
0
0
0
0
0
0
0
0
0
0
0
0
0
0
0
0
0
-5.969241e+07
-6.203676e+07
-6.720328e+07
-7.610856e+07
-9.068949e+07
0
0
0
0
0
0
0
0
0
0
0
0
0
0
0
0
0
0
0
0
0
0
0
-5.96777e+07
-6.204409e+07
-6.716717e+07
-7.609656e+07
-9.06834e+07
0
0
0
0
0
0
0
0
0
0
0
0
0
0
0
0
0
0
0
0
0
0
-5.96524e+07
-6.198768e+07
-6.71445e+07
-7.608394e+07
-9.068616e+07
0
0
0
0
0
0
0
0
0
0
0
0
0
0
0
0
0
0
0
0
0
-5.957559e+07
-6.192281e+07
-6.705553e+07
-7.596357e+07
-9.059606e+07
0
0
0
0
0
0
0
0
0
0
-5.95079e+07
-6.181496e+07
-6.694172e+07
-7.579414e+07
-9.035348e+07
0
0
0
0
0
0
0
0
0
0
-5.944709e+07
-6.173007e+07
-6.682422e+07
-7.567231e+07
-9.016846e+07
0
0
0
0
0
0
0
0
0
0
-5.941524e+07
-6.171226e+07
-6.679056e+07
-7.557275e+07
-9.003981e+07
0
0
0
0
0
0
0
0
0
0
-5.943278e+07
-6.171968e+07
-6.68005e+07
-7.557536e+07
-8.999027e+07
0
0
0
0
0
0
0
0
0
0
-5.950472e+07
-6.181258e+07
-6.686024e+07
-7.567962e+07
-9.008977e+07
0
0
0
0
0
0
0
0
0
0
-5.956178e+07
-6.190538e+07
-6.698958e+07
-7.581629e+07
-9.032086e+07
0
0
0
0
0
0
0
0
0
0
-5.972333e+07
-6.200326e+07
-6.719059e+07
-7.604374e+07
-9.059498e+07
0
0
0
0
0
0
0
0
0
0
-5.993844e+07
-6.222347e+07
-6.736528e+07
-7.633127e+07
-9.10325e+07
0
0
0
0
0
0
0
0
0
0
-6.01776e+07
-6.249301e+07
-6.766215e+07
-7.665794e+07
-9.152636e+07
0
0
0
0
0
0
0
0
0
0
-6.042642e+07
-6.280741e+07
-6.802394e+07
-7.710031e+07
-9.20625e+07
0
0
0
0
0
0
0
0
0
0
-6.067342e+07
-6.307694e+07
-6.835083e+07
-7.755385e+07
-9.268089e+07
0
0
0
0
0
0
0
0
0
-6.091114e+07
-6.332138e+07
-6.868333e+07
-7.79422e+07
-9.324113e+07
0
0
0
0
0
0
0
0
-6.108071e+07
-6.352081e+07
-6.891628e+07
-7.82762e+07
-9.37224e+07
0
0
0
0
0
0
0
-6.125206e+07
-6.372244e+07
-6.912615e+07
-7.853147e+07
-9.407455e+07
0
0
0
0
0
0
-6.138399e+07
-6.385934e+07
-6.93023e+07
-7.87834e+07
-9.439286e+07
0
0
0
0
0
0
0
0
0
0
0
0
0
0
0
0
0
0
0
0
0
0
0
0
-5.974202e+07
-6.208933e+07
-6.722943e+07
-7.616228e+07
-9.073623e+07
0
0
0
0
0
0
0
0
0
0
0
0
0
0
0
0
0
0
0
0
0
0
0
-5.975722e+07
-6.210136e+07
-6.727091e+07
-7.622554e+07
-9.087245e+07
0
0
0
0
0
0
0
0
0
0
0
0
0
0
0
0
0
0
0
0
0
0
-5.974632e+07
-6.208985e+07
-6.728033e+07
-7.61924e+07
-9.087874e+07
0
0
0
0
0
0
0
0
0
0
0
0
0
0
0
0
0
0
0
0
0
-5.969646e+07
-6.205953e+07
-6.722235e+07
-7.61666e+07
-9.086665e+07
0
0
0
0
0
0
0
0
0
0
0
0
0
0
0
0
0
0
0
0
-5.963531e+07
-6.19856e+07
-6.714742e+07
-7.606076e+07
-9.071263e+07
0
0
0
0
0
0
0
0
0
0
-5.959155e+07
-6.190663e+07
-6.702269e+07
-7.591411e+07
-9.048799e+07
0
0
0
0
0
0
0
0
0
0
-5.951499e+07
-6.184056e+07
-6.692073e+07
-7.576643e+07
-9.031022e+07
0
0
0
0
0
0
0
0
0
0
-5.950655e+07
-6.180727e+07
-6.689736e+07
-7.572044e+07
-9.017426e+07
0
0
0
0
0
0
0
0
0
0
-5.954318e+07
-6.182729e+07
-6.690849e+07
-7.573087e+07
-9.01797e+07
0
0
0
0
0
0
0
0
0
0
-5.956166e+07
-6.190756e+07
-6.701539e+07
-7.581055e+07
-9.031736e+07
0
0
0
0
0
0
0
0
0
0
-5.970804e+07
-6.196774e+07
-6.712802e+07
-7.597642e+07
-9.051525e+07
0
0
0
0
0
0
0
0
0
0
-5.982824e+07
-6.214454e+07
-6.725247e+07
-7.623629e+07
-9.083873e+07
0
0
0
0
0
0
0
0
0
0
-6.00761e+07
-6.237541e+07
-6.751161e+07
-7.647707e+07
-9.125091e+07
0
0
0
0
0
0
0
0
0
0
-6.027087e+07
-6.263664e+07
-6.782444e+07
-7.685581e+07
-9.173298e+07
0
0
0
0
0
0
0
0
0
0
-6.053156e+07
-6.290694e+07
-6.819312e+07
-7.731425e+07
-9.234557e+07
0
0
0
0
0
0
0
0
0
-6.08187e+07
-6.317498e+07
-6.851259e+07
-7.773325e+07
-9.297424e+07
0
0
0
0
0
0
0
0
-6.099743e+07
-6.343137e+07
-6.879756e+07
-7.814764e+07
-9.351119e+07
0
0
0
0
0
0
0
-6.117287e+07
-6.361276e+07
-6.903029e+07
-7.844379e+07
-9.396743e+07
0
0
0
0
0
0
-6.132486e+07
-6.379928e+07
-6.926245e+07
-7.871028e+07
-9.43165e+07
0
0
0
0
0
-6.14293e+07
-6.393931e+07
-6.941881e+07
-7.892893e+07
-9.465048e+07
0
0
0
0
0
0
0
0
0
0
0
0
0
0
0
0
0
0
0
0
0
0
0
-5.979844e+07
-6.21539e+07
-6.732803e+07
-7.62567e+07
-9.094198e+07
0
0
0
0
0
0
0
0
0
0
0
0
0
0
0
0
0
0
0
0
0
0
-5.980052e+07
-6.217394e+07
-6.734787e+07
-7.631815e+07
-9.10447e+07
0
0
0
0
0
0
0
0
0
0
0
0
0
0
0
0
0
0
0
0
0
-5.980667e+07
-6.216306e+07
-6.734134e+07
-7.633461e+07
-9.102167e+07
0
0
0
0
0
0
0
0
0
0
0
0
0
0
0
0
0
0
0
0
-5.977243e+07
-6.21107e+07
-6.730436e+07
-7.627226e+07
-9.099173e+07
0
0
0
0
0
0
0
0
0
0
0
0
0
0
0
0
0
0
0
-5.97409e+07
-6.204505e+07
-6.722557e+07
-7.617766e+07
-9.085472e+07
0
0
0
0
0
0
0
0
0
0
-5.966878e+07
-6.199689e+07
-6.712791e+07
-7.602107e+07
-9.065129e+07
0
0
0
0
0
0
0
0
0
0
-5.963234e+07
-6.191527e+07
-6.705117e+07
-7.588996e+07
-9.044908e+07
0
0
0
0
0
0
0
0
0
0
-5.962308e+07
-6.190751e+07
-6.701234e+07
-7.585692e+07
-9.038067e+07
0
0
0
0
0
0
0
0
0
0
-5.960898e+07
-6.194726e+07
-6.703654e+07
-7.58749e+07
-9.039264e+07
0
0
0
0
0
0
0
0
0
0
-5.967346e+07
-6.196727e+07
-6.712883e+07
-7.600755e+07
-9.050922e+07
0
0
0
0
0
0
0
0
0
0
-5.979955e+07
-6.212733e+07
-6.720736e+07
-7.615706e+07
-9.074286e+07
0
0
0
0
0
0
0
0
0
0
-5.996718e+07
-6.225796e+07
-6.741471e+07
-7.633269e+07
-9.11098e+07
0
0
0
0
0
0
0
0
0
0
-6.015582e+07
-6.252908e+07
-6.768394e+07
-7.66631e+07
-9.147589e+07
0
0
0
0
0
0
0
0
0
0
-6.038062e+07
-6.273653e+07
-6.799214e+07
-7.705836e+07
-9.200282e+07
0
0
0
0
0
0
0
0
0
-6.063131e+07
-6.301851e+07
-6.831161e+07
-7.752558e+07
-9.263515e+07
0
0
0
0
0
0
0
0
-6.086439e+07
-6.333076e+07
-6.862744e+07
-7.793557e+07
-9.32215e+07
0
0
0
0
0
0
0
-6.108147e+07
-6.352431e+07
-6.892557e+07
-7.829678e+07
-9.378472e+07
0
0
0
0
0
0
-6.125759e+07
-6.371317e+07
-6.913928e+07
-7.859187e+07
-9.419623e+07
0
0
0
0
0
-6.141955e+07
-6.388064e+07
-6.935477e+07
-7.88793e+07
-9.456186e+07
0
0
0
0
-6.150483e+07
-6.398932e+07
-6.951444e+07
-7.907323e+07
-9.485641e+07
0
0
0
0
0
0
0
0
0
0
0
0
0
0
0
0
0
0
0
0
0
0
-5.983771e+07
-6.221787e+07
-6.740549e+07
-7.638329e+07
-9.10851e+07
0
0
0
0
0
0
0
0
0
0
0
0
0
0
0
0
0
0
0
0
0
-5.987114e+07
-6.221913e+07
-6.743364e+07
-7.641995e+07
-9.118558e+07
0
0
0
0
0
0
0
0
0
0
0
0
0
0
0
0
0
0
0
0
-5.985548e+07
-6.222739e+07
-6.742559e+07
-7.642136e+07
-9.121788e+07
0
0
0
0
0
0
0
0
0
0
0
0
0
0
0
0
0
0
0
-5.985334e+07
-6.21995e+07
-6.736857e+07
-7.637495e+07
-9.114776e+07
0
0
0
0
0
0
0
0
0
0
0
0
0
0
0
0
0
0
-5.980759e+07
-6.215909e+07
-6.729429e+07
-7.628255e+07
-9.101822e+07
0
0
0
0
0
0
0
0
0
0
-5.976088e+07
-6.208226e+07
-6.723435e+07
-7.61538e+07
-9.080487e+07
0
0
0
0
0
0
0
0
0
0
-5.972359e+07
-6.204243e+07
-6.714063e+07
-7.605734e+07
-9.062222e+07
0
0
0
0
0
0
0
0
0
0
-5.967884e+07
-6.203752e+07
-6.713298e+07
-7.600821e+07
-9.057244e+07
0
0
0
0
0
0
0
0
0
0
-5.972672e+07
-6.202201e+07
-6.717723e+07
-7.604051e+07
-9.060284e+07
0
0
0
0
0
0
0
0
0
0
-5.979024e+07
-6.209141e+07
-6.72067e+07
-7.615705e+07
-9.078172e+07
0
0
0
0
0
0
0
0
0
0
-5.996231e+07
-6.22243e+07
-6.739165e+07
-7.627113e+07
-9.09999e+07
0
0
0
0
0
0
0
0
0
0
-6.007787e+07
-6.240856e+07
-6.754799e+07
-7.653347e+07
-9.127391e+07
0
0
0
0
0
0
0
0
0
0
-6.026331e+07
-6.261293e+07
-6.786183e+07
-7.687375e+07
-9.173245e+07
0
0
0
0
0
0
0
0
0
-6.047929e+07
-6.286007e+07
-6.810841e+07
-7.726734e+07
-9.227821e+07
0
0
0
0
0
0
0
0
-6.069999e+07
-6.312662e+07
-6.843901e+07
-7.767752e+07
-9.292158e+07
0
0
0
0
0
0
0
-6.09547e+07
-6.33858e+07
-6.880405e+07
-7.808245e+07
-9.349532e+07
0
0
0
0
0
0
-6.116443e+07
-6.362064e+07
-6.903421e+07
-7.845779e+07
-9.399611e+07
0
0
0
0
0
-6.133689e+07
-6.380581e+07
-6.925549e+07
-7.873299e+07
-9.440499e+07
0
0
0
0
-6.146971e+07
-6.39785e+07
-6.945222e+07
-7.9001e+07
-9.479089e+07
0
0
0
-6.154813e+07
-6.406846e+07
-6.957617e+07
-7.919706e+07
-9.505303e+07
0
0
0
0
0
0
0
0
0
0
0
0
0
0
0
0
0
0
0
0
0
-5.99031e+07
-6.226233e+07
-6.748478e+07
-7.648683e+07
-9.126453e+07
0
0
0
0
0
0
0
0
0
0
0
0
0
0
0
0
0
0
0
0
-5.993457e+07
-6.229608e+07
-6.748999e+07
-7.652992e+07
-9.133491e+07
0
0
0
0
0
0
0
0
0
0
0
0
0
0
0
0
0
0
0
-5.994015e+07
-6.228257e+07
-6.750129e+07
-7.652792e+07
-9.135151e+07
0
0
0
0
0
0
0
0
0
0
0
0
0
0
0
0
0
0
-5.993403e+07
-6.227981e+07
-6.747292e+07
-7.646258e+07
-9.129084e+07
0
0
0
0
0
0
0
0
0
0
0
0
0
0
0
0
0
-5.99105e+07
-6.223438e+07
-6.742526e+07
-7.637273e+07
-9.117026e+07
0
0
0
0
0
0
0
0
0
0
-5.986822e+07
-6.218318e+07
-6.733852e+07
-7.629146e+07
-9.098861e+07
0
0
0
0
0
0
0
0
0
0
-5.979189e+07
-6.214328e+07
-6.729072e+07
-7.617551e+07
-9.0856e+07
0
0
0
0
0
0
0
0
0
0
-5.980846e+07
-6.209849e+07
-6.728467e+07
-7.616678e+07
-9.07895e+07
0
0
0
0
0
0
0
0
0
0
-5.985041e+07
-6.21472e+07
-6.727005e+07
-7.622032e+07
-9.083677e+07
0
0
0
0
0
0
0
0
0
0
-5.992693e+07
-6.221728e+07
-6.735308e+07
-7.627032e+07
-9.099925e+07
0
0
0
0
0
0
0
0
0
0
-6.005599e+07
-6.240234e+07
-6.750572e+07
-7.650046e+07
-9.118338e+07
0
0
0
0
0
0
0
0
0
0
-6.019505e+07
-6.252707e+07
-6.77216e+07
-7.670351e+07
-9.154407e+07
0
0
0
0
0
0
0
0
0
-6.034654e+07
-6.272821e+07
-6.796246e+07
-7.709502e+07
-9.201194e+07
0
0
0
0
0
0
0
0
-6.056433e+07
-6.296202e+07
-6.825309e+07
-7.741475e+07
-9.255845e+07
0
0
0
0
0
0
0
-6.079339e+07
-6.32052e+07
-6.85659e+07
-7.783584e+07
-9.313348e+07
0
0
0
0
0
0
-6.104084e+07
-6.348183e+07
-6.887524e+07
-7.829797e+07
-9.369993e+07
0
0
0
0
0
-6.122087e+07
-6.370503e+07
-6.91475e+07
-7.859692e+07
-9.421672e+07
0
0
0
0
-6.139613e+07
-6.389179e+07
-6.936535e+07
-7.887889e+07
-9.460421e+07
0
0
0
-6.153561e+07
-6.403572e+07
-6.956262e+07
-7.912689e+07
-9.496558e+07
0
0
-6.161023e+07
-6.41208e+07
-6.966834e+07
-7.92818e+07
-9.52275e+07
0
0
0
0
0
0
0
0
0
0
0
0
0
0
0
0
0
0
0
0
-5.998353e+07
-6.233421e+07
-6.754002e+07
-7.659301e+07
-9.14172e+07
0
0
0
0
0
0
0
0
0
0
0
0
0
0
0
0
0
0
0
-6.002194e+07
-6.236917e+07
-6.757917e+07
-7.660916e+07
-9.149071e+07
0
0
0
0
0
0
0
0
0
0
0
0
0
0
0
0
0
0
-6.003042e+07
-6.237318e+07
-6.756986e+07
-7.662638e+07
-9.150056e+07
0
0
0
0
0
0
0
0
0
0
0
0
0
0
0
0
0
-6.003785e+07
-6.236972e+07
-6.756723e+07
-7.659636e+07
-9.142149e+07
0
0
0
0
0
0
0
0
0
0
0
0
0
0
0
0
-6.002905e+07
-6.234833e+07
-6.751898e+07
-7.653597e+07
-9.130264e+07
0
0
0
0
0
0
0
0
0
0
-5.995421e+07
-6.230133e+07
-6.745979e+07
-7.643073e+07
-9.118461e+07
0
0
0
0
0
0
0
0
0
0
-5.99137e+07
-6.222174e+07
-6.741136e+07
-7.636775e+07
-9.10294e+07
0
0
0
0
0
0
0
0
0
0
-5.993392e+07
-6.223916e+07
-6.736451e+07
-7.635923e+07
-9.101789e+07
0
0
0
0
0
0
0
0
0
0
-5.997181e+07
-6.228163e+07
-6.74164e+07
-7.635064e+07
-9.10894e+07
0
0
0
0
0
0
0
0
0
0
-6.005478e+07
-6.236381e+07
-6.749941e+07
-7.645602e+07
-9.118248e+07
0
0
0
0
0
0
0
0
0
0
-6.016663e+07
-6.249976e+07
-6.770864e+07
-7.664631e+07
-9.149191e+07
0
0
0
0
0
0
0
0
0
-6.027946e+07
-6.265096e+07
-6.786077e+07
-7.691758e+07
-9.177933e+07
0
0
0
0
0
0
0
0
-6.045071e+07
-6.282537e+07
-6.809698e+07
-7.722608e+07
-9.230962e+07
0
0
0
0
0
0
0
-6.067079e+07
-6.305231e+07
-6.837171e+07
-7.759737e+07
-9.276351e+07
0
0
0
0
0
0
-6.089439e+07
-6.330587e+07
-6.866222e+07
-7.799678e+07
-9.334906e+07
0
0
0
0
0
-6.11094e+07
-6.357383e+07
-6.898503e+07
-7.839662e+07
-9.398556e+07
0
0
0
0
-6.130987e+07
-6.376976e+07
-6.924914e+07
-7.874098e+07
-9.441258e+07
0
0
0
-6.143403e+07
-6.395438e+07
-6.946497e+07
-7.901883e+07
-9.480371e+07
0
0
-6.15655e+07
-6.410381e+07
-6.963365e+07
-7.926286e+07
-9.514259e+07
0
-6.166483e+07
-6.418921e+07
-6.973375e+07
-7.939957e+07
-9.535476e+07
0
0
0
0
0
0
0
0
0
0
0
0
0
0
0
0
0
0
0
-6.004545e+07
-6.241874e+07
-6.762443e+07
-7.666912e+07
-9.157194e+07
0
0
0
0
0
0
0
0
0
0
0
0
0
0
0
0
0
0
-6.008775e+07
-6.24606e+07
-6.766776e+07
-7.672198e+07
-9.161296e+07
0
0
0
0
0
0
0
0
0
0
0
0
0
0
0
0
0
-6.012598e+07
-6.247187e+07
-6.767697e+07
-7.671933e+07
-9.164251e+07
0
0
0
0
0
0
0
0
0
0
0
0
0
0
0
0
-6.01019e+07
-6.248836e+07
-6.767658e+07
-7.671791e+07
-9.160908e+07
0
0
0
0
0
0
0
0
0
0
0
0
0
0
0
-6.008772e+07
-6.247683e+07
-6.765685e+07
-7.666387e+07
-9.152686e+07
0
0
0
0
0
0
0
0
0
0
-6.006653e+07
-6.23962e+07
-6.760048e+07
-7.658979e+07
-9.13883e+07
0
0
0
0
0
0
0
0
0
0
-6.003694e+07
-6.235327e+07
-6.751096e+07
-7.652585e+07
-9.129749e+07
0
0
0
0
0
0
0
0
0
0
-6.004454e+07
-6.237233e+07
-6.752752e+07
-7.647582e+07
-9.12856e+07
0
0
0
0
0
0
0
0
0
0
-6.009119e+07
-6.241095e+07
-6.75735e+07
-7.653455e+07
-9.129356e+07
0
0
0
0
0
0
0
0
0
0
-6.014929e+07
-6.250033e+07
-6.766728e+07
-7.663979e+07
-9.143812e+07
0
0
0
0
0
0
0
0
0
-6.02665e+07
-6.261908e+07
-6.782333e+07
-7.689408e+07
-9.169637e+07
0
0
0
0
0
0
0
0
-6.038854e+07
-6.274512e+07
-6.800107e+07
-7.70948e+07
-9.20655e+07
0
0
0
0
0
0
0
-6.054742e+07
-6.293148e+07
-6.82133e+07
-7.739575e+07
-9.249623e+07
0
0
0
0
0
0
-6.072479e+07
-6.316996e+07
-6.847724e+07
-7.774729e+07
-9.301348e+07
0
0
0
0
0
-6.093615e+07
-6.341215e+07
-6.877858e+07
-7.812473e+07
-9.357066e+07
0
0
0
0
-6.116173e+07
-6.364909e+07
-6.909436e+07
-7.853316e+07
-9.413406e+07
0
0
0
-6.135167e+07
-6.38653e+07
-6.932626e+07
-7.8874e+07
-9.461132e+07
0
0
-6.150145e+07
-6.399929e+07
-6.953969e+07
-7.914422e+07
-9.49972e+07
0
-6.159208e+07
-6.414006e+07
-6.971133e+07
-7.935887e+07
-9.532622e+07
-6.164683e+07
-6.425028e+07
-6.98116e+07
-7.948691e+07
-9.551886e+07
0
0
0
0
0
0
0
0
0
0
0
0
0
0
0
0
0
0
-6.013745e+07
-6.248821e+07
-6.772124e+07
-7.677739e+07
-9.16889e+07
0
0
0
0
0
0
0
0
0
0
0
0
0
0
0
0
0
-6.018621e+07
-6.253738e+07
-6.777412e+07
-7.683825e+07
-9.176975e+07
0
0
0
0
0
0
0
0
0
0
0
0
0
0
0
0
-6.0226e+07
-6.257576e+07
-6.7794e+07
-7.685843e+07
-9.178045e+07
0
0
0
0
0
0
0
0
0
0
0
0
0
0
0
-6.01854e+07
-6.255283e+07
-6.781752e+07
-7.686307e+07
-9.178225e+07
0
0
0
0
0
0
0
0
0
0
0
0
0
0
-6.021365e+07
-6.254135e+07
-6.780381e+07
-7.684335e+07
-9.171838e+07
0
0
0
0
0
0
0
0
0
0
-6.018323e+07
-6.251899e+07
-6.771425e+07
-7.677162e+07
-9.161615e+07
0
0
0
0
0
0
0
0
0
0
-6.017451e+07
-6.248547e+07
-6.766418e+07
-7.666645e+07
-9.152592e+07
0
0
0
0
0
0
0
0
0
0
-6.017633e+07
-6.249039e+07
-6.768232e+07
-7.667971e+07
-9.147319e+07
0
0
0
0
0
0
0
0
0
0
-6.019797e+07
-6.253843e+07
-6.772237e+07
-7.673209e+07
-9.15445e+07
0
0
0
0
0
0
0
0
0
-6.024809e+07
-6.260069e+07
-6.782495e+07
-7.684709e+07
-9.16885e+07
0
0
0
0
0
0
0
0
-6.033707e+07
-6.272829e+07
-6.796184e+07
-7.704041e+07
-9.2023e+07
0
0
0
0
0
0
0
-6.046236e+07
-6.286098e+07
-6.811367e+07
-7.726671e+07
-9.231e+07
0
0
0
0
0
0
-6.06303e+07
-6.30367e+07
-6.833446e+07
-7.754587e+07
-9.272821e+07
0
0
0
0
0
-6.081468e+07
-6.322996e+07
-6.861441e+07
-7.788185e+07
-9.322042e+07
0
0
0
0
-6.10306e+07
-6.345978e+07
-6.890104e+07
-7.827035e+07
-9.375541e+07
0
0
0
-6.123126e+07
-6.370365e+07
-6.918413e+07
-7.867324e+07
-9.432018e+07
0
0
-6.139187e+07
-6.39093e+07
-6.943742e+07
-7.897482e+07
-9.47994e+07
0
-6.15377e+07
-6.406867e+07
-6.959596e+07
-7.924227e+07
-9.517011e+07
-6.160221e+07
-6.4172e+07
-6.975835e+07
-7.945638e+07
-9.546664e+07
-6.423383e+07
-6.988528e+07
-7.95841e+07
-9.564524e+07
0
0
0
0
0
0
0
0
0
0
0
0
0
0
0
0
0
-6.022475e+07
-6.258939e+07
-6.780752e+07
-7.689911e+07
-9.184152e+07
0
0
0
0
0
0
0
0
0
0
0
0
0
0
0
0
-6.027125e+07
-6.264246e+07
-6.786968e+07
-7.697402e+07
-9.193641e+07
0
0
0
0
0
0
0
0
0
0
0
0
0
0
0
-6.028804e+07
-6.268492e+07
-6.791785e+07
-7.701004e+07
-9.197822e+07
0
0
0
0
0
0
0
0
0
0
0
0
0
0
-6.033842e+07
-6.264898e+07
-6.789805e+07
-7.704419e+07
-9.199342e+07
0
0
0
0
0
0
0
0
0
0
0
0
0
-6.03368e+07
-6.267665e+07
-6.788673e+07
-7.702856e+07
-9.197079e+07
0
0
0
0
0
0
0
0
0
0
-6.029743e+07
-6.264305e+07
-6.785869e+07
-7.692395e+07
-9.187365e+07
0
0
0
0
0
0
0
0
0
0
-6.026891e+07
-6.263426e+07
-6.781672e+07
-7.685911e+07
-9.174496e+07
0
0
0
0
0
0
0
0
0
0
-6.026034e+07
-6.26354e+07
-6.78186e+07
-7.687337e+07
-9.175088e+07
0
0
0
0
0
0
0
0
0
-6.027222e+07
-6.265875e+07
-6.787036e+07
-7.69172e+07
-9.181349e+07
0
0
0
0
0
0
0
0
-6.034155e+07
-6.270833e+07
-6.794199e+07
-7.704315e+07
-9.196683e+07
0
0
0
0
0
0
0
-6.044772e+07
-6.280467e+07
-6.808889e+07
-7.721421e+07
-9.22259e+07
0
0
0
0
0
0
-6.052162e+07
-6.294186e+07
-6.824565e+07
-7.741152e+07
-9.253981e+07
0
0
0
0
0
-6.067175e+07
-6.312492e+07
-6.845736e+07
-7.769611e+07
-9.293777e+07
0
0
0
0
-6.086484e+07
-6.33267e+07
-6.868664e+07
-7.80531e+07
-9.340718e+07
0
0
0
-6.106181e+07
-6.356126e+07
-6.895992e+07
-7.842296e+07
-9.395345e+07
0
0
-6.127926e+07
-6.37802e+07
-6.924853e+07
-7.878979e+07
-9.451403e+07
0
-6.143995e+07
-6.395695e+07
-6.949011e+07
-7.911265e+07
-9.494338e+07
-6.155845e+07
-6.411043e+07
-6.967547e+07
-7.931957e+07
-9.531037e+07
-6.418229e+07
-6.979895e+07
-7.952245e+07
-9.560163e+07
-6.987058e+07
-7.967844e+07
-9.577917e+07
0
0
0
0
0
0
0
0
0
0
0
0
0
0
0
0
-6.033634e+07
-6.268385e+07
-6.792751e+07
-7.701527e+07
-9.201039e+07
0
0
0
0
0
0
0
0
0
0
0
0
0
0
0
-6.037358e+07
-6.273575e+07
-6.799575e+07
-7.710351e+07
-9.212754e+07
0
0
0
0
0
0
0
0
0
0
0
0
0
0
-6.044533e+07
-6.275595e+07
-6.804758e+07
-7.717145e+07
-9.21944e+07
0
0
0
0
0
0
0
0
0
0
0
0
0
-6.04548e+07
-6.281026e+07
-6.80182e+07
-7.715766e+07
-9.224736e+07
0
0
0
0
0
0
0
0
0
0
0
0
-6.04474e+07
-6.281093e+07
-6.804479e+07
-7.714729e+07
-9.223037e+07
0
0
0
0
0
0
0
0
0
0
-6.04189e+07
-6.276705e+07
-6.80031e+07
-7.710807e+07
-9.210222e+07
0
0
0
0
0
0
0
0
0
0
-6.038818e+07
-6.273562e+07
-6.798923e+07
-7.704855e+07
-9.200781e+07
0
0
0
0
0
0
0
0
0
-6.036782e+07
-6.272655e+07
-6.798696e+07
-7.704485e+07
-9.201314e+07
0
0
0
0
0
0
0
0
-6.037848e+07
-6.273826e+07
-6.801117e+07
-7.710346e+07
-9.206399e+07
0
0
0
0
0
0
0
-6.043347e+07
-6.280934e+07
-6.806803e+07
-7.719207e+07
-9.223059e+07
0
0
0
0
0
0
-6.050214e+07
-6.292458e+07
-6.818181e+07
-7.73742e+07
-9.24628e+07
0
0
0
0
0
-6.060182e+07
-6.30061e+07
-6.834283e+07
-7.757591e+07
-9.274202e+07
0
0
0
0
-6.078156e+07
-6.31714e+07
-6.855924e+07
-7.785166e+07
-9.314211e+07
0
0
0
-6.091391e+07
-6.338197e+07
-6.879898e+07
-7.814917e+07
-9.363834e+07
0
0
-6.110869e+07
-6.359602e+07
-6.907662e+07
-7.85029e+07
-9.416049e+07
0
-6.131455e+07
-6.383266e+07
-6.933864e+07
-7.887421e+07
-9.467861e+07
-6.144504e+07
-6.400697e+07
-6.954948e+07
-7.918313e+07
-9.512869e+07
-6.413985e+07
-6.972659e+07
-7.941855e+07
-9.542518e+07
-6.981268e+07
-7.957877e+07
-9.570206e+07
-7.966827e+07
-9.590983e+07
0
0
0
0
0
0
0
0
0
0
0
0
0
0
0
-6.041504e+07
-6.280844e+07
-6.804198e+07
-7.717134e+07
-9.218092e+07
0
0
0
0
0
0
0
0
0
0
0
0
0
0
-6.050939e+07
-6.285243e+07
-6.810949e+07
-7.726824e+07
-9.231943e+07
0
0
0
0
0
0
0
0
0
0
0
0
0
-6.055491e+07
-6.292877e+07
-6.813879e+07
-7.734009e+07
-9.242481e+07
0
0
0
0
0
0
0
0
0
0
0
0
-6.058916e+07
-6.29412e+07
-6.820108e+07
-7.732116e+07
-9.242379e+07
0
0
0
0
0
0
0
0
0
0
0
-6.056945e+07
-6.293036e+07
-6.820238e+07
-7.734629e+07
-9.241888e+07
0
0
0
0
0
0
0
0
0
0
-6.053269e+07
-6.290249e+07
-6.814858e+07
-7.728896e+07
-9.235694e+07
0
0
0
0
0
0
0
0
0
-6.046927e+07
-6.286716e+07
-6.810659e+07
-7.726456e+07
-9.226423e+07
0
0
0
0
0
0
0
0
-6.046049e+07
-6.284176e+07
-6.809456e+07
-7.72544e+07
-9.224877e+07
0
0
0
0
0
0
0
-6.046325e+07
-6.285017e+07
-6.810732e+07
-7.728067e+07
-9.231849e+07
0
0
0
0
0
0
-6.052772e+07
-6.290896e+07
-6.818622e+07
-7.735086e+07
-9.243746e+07
0
0
0
0
0
-6.058137e+07
-6.298412e+07
-6.8319e+07
-7.749629e+07
-9.268222e+07
0
0
0
0
-6.067205e+07
-6.309442e+07
-6.842113e+07
-7.770148e+07
-9.296562e+07
0
0
0
-6.080963e+07
-6.329268e+07
-6.861729e+07
-7.797901e+07
-9.335569e+07
0
0
-6.095639e+07
-6.343651e+07
-6.886622e+07
-7.828931e+07
-9.377835e+07
0
-6.11488e+07
-6.364774e+07
-6.912248e+07
-7.864739e+07
-9.427905e+07
-6.13488e+07
-6.387184e+07
-6.94011e+07
-7.898828e+07
-9.48004e+07
-6.401297e+07
-6.960518e+07
-7.92631e+07
-9.523298e+07
-6.976209e+07
-7.948637e+07
-9.556045e+07
-7.959918e+07
-9.578671e+07
-9.590903e+07
0
0
0
0
0
0
0
0
0
0
0
0
0
0
-6.054983e+07
-6.289395e+07
-6.81894e+07
-7.732231e+07
-9.240394e+07
0
0
0
0
0
0
0
0
0
0
0
0
0
-6.061869e+07
-6.299446e+07
-6.824806e+07
-7.742067e+07
-9.255448e+07
0
0
0
0
0
0
0
0
0
0
0
0
-6.067939e+07
-6.304532e+07
-6.833859e+07
-7.74696e+07
-9.26665e+07
0
0
0
0
0
0
0
0
0
0
0
-6.070394e+07
-6.308257e+07
-6.835721e+07
-7.754583e+07
-9.266836e+07
0
0
0
0
0
0
0
0
0
0
-6.069555e+07
-6.306226e+07
-6.834292e+07
-7.754557e+07
-9.26905e+07
0
0
0
0
0
0
0
0
0
-6.061935e+07
-6.30201e+07
-6.830757e+07
-7.747342e+07
-9.26036e+07
0
0
0
0
0
0
0
0
-6.056782e+07
-6.295557e+07
-6.826097e+07
-7.741198e+07
-9.255621e+07
0
0
0
0
0
0
0
-6.053404e+07
-6.29414e+07
-6.82282e+07
-7.739241e+07
-9.253114e+07
0
0
0
0
0
0
-6.055333e+07
-6.294074e+07
-6.823498e+07
-7.740603e+07
-9.25593e+07
0
0
0
0
0
-6.056262e+07
-6.300977e+07
-6.830288e+07
-7.750048e+07
-9.265425e+07
0
0
0
0
-6.060761e+07
-6.307022e+07
-6.839105e+07
-7.766556e+07
-9.285557e+07
0
0
0
-6.072191e+07
-6.317373e+07
-6.852381e+07
-7.780535e+07
-9.31411e+07
0
0
-6.082514e+07
-6.331985e+07
-6.875707e+07
-7.805854e+07
-9.35294e+07
0
-6.10017e+07
-6.348077e+07
-6.89314e+07
-7.837897e+07
-9.396855e+07
-6.117197e+07
-6.368948e+07
-6.918405e+07
-7.871417e+07
-9.447362e+07
-6.390991e+07
-6.944881e+07
-7.90698e+07
-9.495765e+07
-6.961652e+07
-7.933207e+07
-9.534927e+07
-7.953345e+07
-9.565851e+07
-9.582086e+07
0
0
0
0
0
0
0
0
0
0
0
0
0
-6.068195e+07
-6.303934e+07
-6.829569e+07
-7.751265e+07
-9.262169e+07
0
0
0
0
0
0
0
0
0
0
0
0
-6.074788e+07
-6.311613e+07
-6.841166e+07
-7.760171e+07
-9.277931e+07
0
0
0
0
0
0
0
0
0
0
0
-6.07983e+07
-6.317928e+07
-6.8475e+07
-7.771741e+07
-9.286971e+07
0
0
0
0
0
0
0
0
0
0
-6.081256e+07
-6.320798e+07
-6.851914e+07
-7.774488e+07
-9.296917e+07
0
0
0
0
0
0
0
0
0
-6.078504e+07
-6.319549e+07
-6.849423e+07
-7.772457e+07
-9.29638e+07
0
0
0
0
0
0
0
0
-6.07154e+07
-6.311386e+07
-6.84421e+07
-7.767456e+07
-9.285772e+07
0
0
0
0
0
0
0
-6.065255e+07
-6.305866e+07
-6.836929e+07
-7.760677e+07
-9.27602e+07
0
0
0
0
0
0
-6.062626e+07
-6.302017e+07
-6.834397e+07
-7.755937e+07
-9.272424e+07
0
0
0
0
0
-6.060641e+07
-6.304293e+07
-6.834014e+07
-7.756386e+07
-9.273727e+07
0
0
0
0
-6.06267e+07
-6.304873e+07
-6.841881e+07
-7.764871e+07
-9.286012e+07
0
0
0
-6.068251e+07
-6.310048e+07
-6.849227e+07
-7.776047e+07
-9.308221e+07
0
0
-6.078758e+07
-6.322307e+07
-6.861899e+07
-7.79341e+07
-9.329059e+07
0
-6.088301e+07
-6.33407e+07
-6.879044e+07
-7.823127e+07
-9.364795e+07
-6.102034e+07
-6.353087e+07
-6.898469e+07
-7.846313e+07
-9.40983e+07
-6.371546e+07
-6.923203e+07
-7.879343e+07
-9.457641e+07
-6.949311e+07
-7.913309e+07
-9.507396e+07
-7.935295e+07
-9.544478e+07
-9.572716e+07
0
0
0
0
0
0
0
0
0
0
0
0
-6.078375e+07
-6.318007e+07
-6.846424e+07
-7.765842e+07
-9.289147e+07
0
0
0
0
0
0
0
0
0
0
0
-6.086929e+07
-6.325301e+07
-6.855757e+07
-7.78049e+07
-9.304171e+07
0
0
0
0
0
0
0
0
0
0
-6.091874e+07
-6.330674e+07
-6.863022e+07
-7.789005e+07
-9.320167e+07
0
0
0
0
0
0
0
0
0
-6.090747e+07
-6.33234e+07
-6.86639e+07
-7.794608e+07
-9.324291e+07
0
0
0
0
0
0
0
0
-6.08633e+07
-6.329802e+07
-6.864726e+07
-7.791206e+07
-9.321106e+07
0
0
0
0
0
0
0
-6.080749e+07
-6.321851e+07
-6.855224e+07
-7.7841e+07
-9.31319e+07
0
0
0
0
0
0
-6.07318e+07
-6.314896e+07
-6.848593e+07
-7.774847e+07
-9.302524e+07
0
0
0
0
0
-6.067661e+07
-6.311871e+07
-6.843744e+07
-7.770703e+07
-9.295035e+07
0
0
0
0
-6.066935e+07
-6.309769e+07
-6.845962e+07
-7.76969e+07
-9.295013e+07
0
0
0
-6.068645e+07
-6.311984e+07
-6.846811e+07
-7.779198e+07
-9.306401e+07
0
0
-6.073735e+07
-6.318023e+07
-6.853286e+07
-7.788925e+07
-9.321907e+07
0
-6.081061e+07
-6.329417e+07
-6.867486e+07
-7.80566e+07
-9.346581e+07
-6.09063e+07
-6.34037e+07
-6.882142e+07
-7.827823e+07
-9.387769e+07
-6.355038e+07
-6.904423e+07
-7.85344e+07
-9.421715e+07
-6.926335e+07
-7.885406e+07
-9.468876e+07
-7.919092e+07
-9.516602e+07
-9.54822e+07
0
0
0
0
0
0
0
0
0
0
0
-6.089649e+07
-6.329574e+07
-6.862553e+07
-7.786926e+07
-9.311314e+07
0
0
0
0
0
0
0
0
0
0
-6.096599e+07
-6.338334e+07
-6.871402e+07
-7.799258e+07
-9.331591e+07
0
0
0
0
0
0
0
0
0
-6.101211e+07
-6.343803e+07
-6.877847e+07
-7.80847e+07
-9.343959e+07
0
0
0
0
0
0
0
0
-6.097277e+07
-6.34252e+07
-6.879975e+07
-7.812632e+07
-9.35157e+07
0
0
0
0
0
0
0
-6.097326e+07
-6.338132e+07
-6.877317e+07
-7.810246e+07
-9.346418e+07
0
0
0
0
0
0
-6.087093e+07
-6.331829e+07
-6.86753e+07
-7.798143e+07
-9.335691e+07
0
0
0
0
0
-6.080299e+07
-6.32359e+07
-6.859056e+07
-7.789315e+07
-9.322462e+07
0
0
0
0
-6.074446e+07
-6.317385e+07
-6.855138e+07
-7.782627e+07
-9.315513e+07
0
0
0
-6.073322e+07
-6.316555e+07
-6.85262e+07
-7.784803e+07
-9.313373e+07
0
0
-6.074038e+07
-6.318671e+07
-6.855325e+07
-7.786118e+07
-9.325639e+07
0
-6.075976e+07
-6.324004e+07
-6.862421e+07
-7.79486e+07
-9.339638e+07
-6.083209e+07
-6.332641e+07
-6.875822e+07
-7.81276e+07
-9.363704e+07
-6.342685e+07
-6.889518e+07
-7.832576e+07
-9.395193e+07
-6.906817e+07
-7.861073e+07
-9.432168e+07
-7.889517e+07
-9.47739e+07
-9.524772e+07
0
0
0
0
0
0
0
0
0
0
-6.10074e+07
-6.341211e+07
-6.876435e+07
-7.806948e+07
-9.339953e+07
0
0
0
0
0
0
0
0
0
-6.107744e+07
-6.348947e+07
-6.886512e+07
-7.818653e+07
-9.357665e+07
0
0
0
0
0
0
0
0
-6.110336e+07
-6.353887e+07
-6.893174e+07
-7.827171e+07
-9.370536e+07
0
0
0
0
0
0
0
-6.110518e+07
-6.350379e+07
-6.891718e+07
-7.829984e+07
-9.375984e+07
0
0
0
0
0
0
-6.104727e+07
-6.350146e+07
-6.886888e+07
-7.826621e+07
-9.372184e+07
0
0
0
0
0
-6.094245e+07
-6.339025e+07
-6.879118e+07
-7.813789e+07
-9.355223e+07
0
0
0
0
-6.085743e+07
-6.33122e+07
-6.869357e+07
-7.802531e+07
-9.342251e+07
0
0
0
-6.079383e+07
-6.324847e+07
-6.861884e+07
-7.796897e+07
-9.332119e+07
0
0
-6.079934e+07
-6.323525e+07
-6.860655e+07
-7.793534e+07
-9.334058e+07
0
-6.075726e+07
-6.324734e+07
-6.86332e+07
-7.797079e+07
-9.336283e+07
-6.078569e+07
-6.326608e+07
-6.869486e+07
-7.80622e+07
-9.348979e+07
-6.334744e+07
-6.880068e+07
-7.823347e+07
-9.373696e+07
-6.892037e+07
-7.841946e+07
-9.402784e+07
-7.864423e+07
-9.442758e+07
-9.483271e+07
0
0
0
0
0
0
0
0
0
-6.112057e+07
-6.353316e+07
-6.889777e+07
-7.824863e+07
-9.366997e+07
0
0
0
0
0
0
0
0
-6.11564e+07
-6.36089e+07
-6.899144e+07
-7.837647e+07
-9.383926e+07
0
0
0
0
0
0
0
-6.115285e+07
-6.363563e+07
-6.904991e+07
-7.84641e+07
-9.39621e+07
0
0
0
0
0
0
-6.117368e+07
-6.364151e+07
-6.901653e+07
-7.84471e+07
-9.400045e+07
0
0
0
0
0
-6.111702e+07
-6.357938e+07
-6.900945e+07
-7.838781e+07
-9.395026e+07
0
0
0
0
-6.101641e+07
-6.346602e+07
-6.887867e+07
-7.828324e+07
-9.376857e+07
0
0
0
-6.092166e+07
-6.337389e+07
-6.878264e+07
-7.815788e+07
-9.360485e+07
0
0
-6.084334e+07
-6.330807e+07
-6.870676e+07
-7.805933e+07
-9.351551e+07
0
-6.080384e+07
-6.330786e+07
-6.868821e+07
-7.803915e+07
-9.3466e+07
-6.080611e+07
-6.32606e+07
-6.870411e+07
-7.807436e+07
-9.351556e+07
-6.330002e+07
-6.872915e+07
-7.815278e+07
-9.364487e+07
-6.882554e+07
-7.829359e+07
-9.388349e+07
-7.845114e+07
-9.415691e+07
-9.447963e+07
0
0
0
0
0
0
0
0
-6.120575e+07
-6.365372e+07
-6.904087e+07
-7.841543e+07
-9.39201e+07
0
0
0
0
0
0
0
-6.127292e+07
-6.369662e+07
-6.912978e+07
-7.853882e+07
-9.409885e+07
0
0
0
0
0
0
-6.126982e+07
-6.369578e+07
-6.916239e+07
-7.861392e+07
-9.422355e+07
0
0
0
0
0
-6.123672e+07
-6.371574e+07
-6.917279e+07
-7.85804e+07
-9.420276e+07
0
0
0
0
-6.117191e+07
-6.366006e+07
-6.909946e+07
-7.856562e+07
-9.412058e+07
0
0
0
-6.105486e+07
-6.354712e+07
-6.896748e+07
-7.839827e+07
-9.396691e+07
0
0
-6.096465e+07
-6.34428e+07
-6.885783e+07
-7.827027e+07
-9.378997e+07
0
-6.089932e+07
-6.336103e+07
-6.87788e+07
-7.817161e+07
-9.364767e+07
-6.083231e+07
-6.331334e+07
-6.877304e+07
-7.814315e+07
-9.361222e+07
-6.331504e+07
-6.872079e+07
-7.816587e+07
-9.366072e+07
-6.876886e+07
-7.820184e+07
-9.377096e+07
-7.832679e+07
-9.397466e+07
-9.420317e+07
0
0
0
0
0
0
0
-6.129464e+07
-6.374861e+07
-6.917923e+07
-7.859829e+07
-9.414879e+07
0
0
0
0
0
0
-6.131997e+07
-6.381705e+07
-6.923533e+07
-7.871218e+07
-9.432596e+07
0
0
0
0
0
-6.133828e+07
-6.381676e+07
-6.924108e+07
-7.875796e+07
-9.44306e+07
0
0
0
0
-6.129428e+07
-6.378435e+07
-6.926108e+07
-7.877252e+07
-9.439541e+07
0
0
0
-6.123083e+07
-6.372086e+07
-6.919805e+07
-7.867855e+07
-9.436353e+07
0
0
-6.110961e+07
-6.358904e+07
-6.906194e+07
-7.851218e+07
-9.413073e+07
0
-6.102192e+07
-6.349038e+07
-6.893857e+07
-7.83691e+07
-9.394481e+07
-6.089692e+07
-6.342207e+07
-6.884185e+07
-7.826563e+07
-9.380387e+07
-6.334488e+07
-6.878447e+07
-7.825009e+07
-9.375621e+07
-6.87845e+07
-7.819038e+07
-9.378965e+07
-7.825352e+07
-9.384678e+07
-9.402429e+07
0
0
0
0
0
0
-6.137497e+07
-6.384687e+07
-6.929418e+07
-7.877018e+07
-9.44022e+07
0
0
0
0
0
-6.138735e+07
-6.387394e+07
-6.93708e+07
-7.884936e+07
-9.456177e+07
0
0
0
0
-6.137442e+07
-6.389115e+07
-6.937603e+07
-7.886679e+07
-9.463235e+07
0
0
0
-6.136363e+07
-6.384751e+07
-6.934156e+07
-7.888765e+07
-9.465095e+07
0
0
-6.126396e+07
-6.378236e+07
-6.927161e+07
-7.880806e+07
-9.452017e+07
0
-6.113494e+07
-6.364868e+07
-6.911354e+07
-7.863151e+07
-9.429125e+07
-6.10079e+07
-6.355174e+07
-6.899578e+07
-7.847238e+07
-9.408585e+07
-6.341691e+07
-6.891384e+07
-7.834732e+07
-9.393676e+07
-6.882233e+07
-7.827306e+07
-9.390329e+07
-7.826998e+07
-9.383071e+07
-9.392029e+07
0
0
0
0
0
-6.143868e+07
-6.393323e+07
-6.941019e+07
-7.891981e+07
-9.463473e+07
0
0
0
0
-6.14638e+07
-6.394636e+07
-6.94439e+07
-7.901695e+07
-9.475554e+07
0
0
0
-6.144835e+07
-6.393824e+07
-6.946355e+07
-7.903072e+07
-9.479251e+07
0
0
-6.139455e+07
-6.392167e+07
-6.941742e+07
-7.899037e+07
-9.481559e+07
0
-6.131589e+07
-6.382057e+07
-6.933995e+07
-7.890311e+07
-9.470186e+07
-6.119322e+07
-6.368e+07
-6.918471e+07
-7.870154e+07
-9.445508e+07
-6.353898e+07
-6.906714e+07
-7.854699e+07
-9.422968e+07
-6.891034e+07
-7.843908e+07
-9.405239e+07
-7.83227e+07
-9.394739e+07
-9.393812e+07
0
0
0
0
-6.149624e+07
-6.400184e+07
-6.951104e+07
-7.906769e+07
-9.484509e+07
0
0
0
-6.153421e+07
-6.403005e+07
-6.952966e+07
-7.911621e+07
-9.498286e+07
0
0
-6.149327e+07
-6.401409e+07
-6.952397e+07
-7.914299e+07
-9.501169e+07
0
-6.143629e+07
-6.395867e+07
-6.95039e+07
-7.908937e+07
-9.495972e+07
-6.134804e+07
-6.387721e+07
-6.939191e+07
-7.898992e+07
-9.483737e+07
-6.373911e+07
-6.922448e+07
-7.879357e+07
-9.456024e+07
-6.905777e+07
-7.863765e+07
-9.433593e+07
-7.844016e+07
-9.417939e+07
-9.401795e+07
0
0
0
-6.157324e+07
-6.406704e+07
-6.959148e+07
-7.919581e+07
-9.505004e+07
0
0
-6.155827e+07
-6.410439e+07
-6.962739e+07
-7.922786e+07
-9.512823e+07
0
-6.152868e+07
-6.406405e+07
-6.961248e+07
-7.922627e+07
-9.516902e+07
-6.145359e+07
-6.400545e+07
-6.955048e+07
-7.919976e+07
-9.510039e+07
-6.39074e+07
-6.945561e+07
-7.90625e+07
-9.496043e+07
-6.929034e+07
-7.884787e+07
-9.468848e+07
-7.863438e+07
-9.446088e+07
-9.418934e+07
0
0
-6.159239e+07
-6.414638e+07
-6.967163e+07
-7.929985e+07
-9.522847e+07
0
-6.159953e+07
-6.413269e+07
-6.971464e+07
-7.935071e+07
-9.528778e+07
-6.155788e+07
-6.4101e+07
-6.967258e+07
-7.933804e+07
-9.529313e+07
-6.402078e+07
-6.960754e+07
-7.926308e+07
-9.525451e+07
-6.948901e+07
-7.914117e+07
-9.506786e+07
-7.892789e+07
-9.4769e+07
-9.446961e+07
0
-6.161052e+07
-6.417159e+07
-6.976114e+07
-7.940677e+07
-9.537644e+07
-6.160146e+07
-6.417798e+07
-6.975071e+07
-7.946305e+07
-9.545557e+07
-6.413301e+07
-6.971644e+07
-7.941786e+07
-9.544714e+07
-6.962371e+07
-7.933869e+07
-9.534866e+07
-7.918339e+07
-9.517571e+07
-9.487379e+07
-6.164959e+07
-6.418888e+07
-6.979654e+07
-7.951778e+07
-9.553053e+07
-6.418128e+07
-6.980551e+07
-7.95135e+07
-9.561272e+07
-6.975396e+07
-7.947565e+07
-9.556349e+07
-7.935968e+07
-9.545678e+07
-9.523605e+07
-6.423746e+07
-6.981818e+07
-7.956957e+07
-9.568225e+07
-6.981291e+07
-7.958594e+07
-9.569064e+07
-7.952384e+07
-9.564716e+07
-9.548878e+07
-6.987703e+07
-7.960291e+07
-9.576353e+07
-7.960199e+07
-9.579492e+07
-9.571553e+07
-7.967833e+07
-9.582091e+07
-9.582818e+07
-9.592387e+07
)
;

boundaryField
{
    interconnect0
    {
        type            zeroGradient;
    }
    interconnectSides
    {
        type            zeroGradient;
    }
    cathodeSides
    {
        type            zeroGradient;
    }
    phiEC_to_phiE0
    {
        type            zeroGradient;
    }
}


// ************************************************************************* //
