/*--------------------------------*- C++ -*----------------------------------*\
| =========                 |                                                 |
| \\      /  F ield         | OpenFOAM: The Open Source CFD Toolbox           |
|  \\    /   O peration     | Version:  2312                                  |
|   \\  /    A nd           | Website:  www.openfoam.com                      |
|    \\/     M anipulation  |                                                 |
\*---------------------------------------------------------------------------*/
FoamFile
{
    version     2.0;
    format      ascii;
    arch        "LSB;label=32;scalar=64";
    class       volScalarField;
    location    "80/electrolyte";
    object      T;
}
// * * * * * * * * * * * * * * * * * * * * * * * * * * * * * * * * * * * * * //

dimensions      [0 0 0 1 0 0 0];

internalField   nonuniform List<scalar> 
4000
(
318.8865
319.0299
318.9588
318.8316
319.3545
319.1104
318.9749
319.021
318.9039
318.7735
319.9361
319.4533
319.2991
319.1775
319.0554
318.9165
319.071
318.966
318.8457
318.7125
320.844
320.0662
319.8793
319.5316
319.398
319.2401
319.2316
319.1225
318.997
318.8552
319.1115
319.0159
318.9077
318.7847
318.6492
322.0654
321.0402
320.7854
320.1638
320.0102
319.8185
319.5943
319.4763
319.3391
319.1779
319.2751
319.1764
319.0639
318.9357
318.7914
319.1438
319.0563
318.9574
318.8465
318.7213
323.2813
322.3584
322.0032
321.1668
320.9823
320.723
320.2415
320.1078
319.9502
319.7544
319.6448
319.5389
319.4172
319.277
319.113
319.3099
319.2198
319.1177
319.0024
318.8718
319.1705
319.0885
318.9976
318.8961
318.7829
324.2789
323.6644
323.2167
322.5197
322.2961
321.9385
321.2674
321.109
320.9205
320.6573
320.3041
320.1854
320.0477
319.8869
319.6874
319.6849
319.5892
319.4796
319.3549
319.212
319.3385
319.2545
319.161
319.056
318.9383
319.1928
319.1151
319.0297
318.9361
318.8322
324.9664
324.7345
324.213
323.8709
323.5995
323.1504
322.6497
322.4584
322.2313
321.8718
321.3489
321.2095
321.0473
320.8555
320.5889
320.3536
320.2479
320.1252
319.9842
319.8204
319.7177
319.6293
319.5299
319.4171
319.2897
319.3624
319.283
319.1955
319.0991
318.9916
319.2119
319.1374
319.0563
318.9681
318.8721
325.314
325.4711
324.9
324.9849
324.6684
324.1459
324.0274
323.8069
323.5331
323.083
322.7561
322.5884
322.3945
322.1645
321.8035
321.4128
321.291
321.1478
320.9823
320.7875
320.3938
320.2974
320.1876
320.0615
319.9175
319.7451
319.662
319.5698
319.4672
319.3518
319.3827
319.3068
319.2239
319.1335
319.0346
319.2284
319.1564
319.0784
318.9945
318.9039
325.314
325.8433
325.2474
325.7543
325.4044
324.8325
325.1594
324.9193
324.6011
324.0781
324.1582
323.9637
323.7414
323.4656
323.0149
322.8392
322.6948
322.5246
322.3287
322.0962
321.4645
321.3549
321.2292
321.0827
320.9143
320.4273
320.3375
320.2369
320.1238
319.9946
319.7683
319.6893
319.6024
319.507
319.4017
319.4003
319.3271
319.2477
319.1618
319.0688
319.2427
319.1728
319.0974
319.0166
318.9302
324.9664
325.8433
325.2474
326.1425
325.7764
325.1798
325.9421
325.6878
325.3368
324.7645
325.3101
325.0944
324.8526
324.5332
324.0099
324.2603
324.0946
323.8984
323.6748
323.3975
322.906
322.7778
322.6309
322.4588
322.2612
321.5073
321.4065
321.293
321.1639
321.0146
320.4555
320.3709
320.2769
320.1729
320.0567
319.7884
319.7125
319.6296
319.5395
319.4413
319.4156
319.3446
319.2678
319.1854
319.097
319.2552
319.1871
319.1137
319.0354
318.9522
324.2788
325.4711
324.9
326.1425
325.7764
325.1798
326.3386
326.0758
325.7087
325.1117
326.1051
325.8764
325.6205
325.2688
324.6963
325.4277
325.2452
325.0284
324.7853
324.4651
324.3421
324.1966
324.0294
323.8322
323.6076
322.9611
322.8446
322.714
322.5652
322.3914
321.5434
321.4493
321.3445
321.2277
321.0957
320.4798
320.3991
320.3102
320.2128
320.1057
319.8057
319.7325
319.6527
319.5666
319.4736
319.429
319.3598
319.2853
319.2055
319.1205
319.2666
319.1995
319.1279
319.0517
318.9709
323.2813
324.7345
324.213
325.7543
325.4044
324.8325
326.3386
326.0758
325.7087
325.1117
326.5073
326.2725
326.0083
325.6406
325.0434
326.2335
326.0395
325.8098
325.5528
325.2006
325.5218
325.3628
325.1792
324.9618
324.7178
324.4094
324.2784
324.1315
323.9633
323.7653
323.0074
322.8997
322.7808
322.6482
322.4977
321.5743
321.4853
321.3872
321.2791
321.1593
320.5009
320.4233
320.3384
320.246
320.1454
319.821
319.7498
319.6726
319.5896
319.5006
319.4409
319.3732
319.3004
319.2229
319.1405
319.2766
319.2108
319.1403
319.0658
318.9871
322.0654
323.6644
323.2166
324.9849
324.6683
324.1459
325.9421
325.6878
325.3368
324.7645
326.5073
326.2725
326.0083
325.6406
325.0434
326.6412
326.4416
326.2057
325.9406
325.5724
326.3361
326.168
325.9732
325.7428
325.4851
325.5991
325.4569
325.2969
325.1128
324.895
324.4659
324.3457
324.2133
324.0654
323.8965
323.047
322.946
322.8358
322.7149
322.5807
321.6009
321.5161
321.4231
321.3217
321.2106
320.5193
320.4443
320.3625
320.274
320.1785
319.8345
319.765
319.6898
319.6094
319.5235
319.4517
319.3851
319.3137
319.238
319.1578
319.2856
319.2209
319.1515
319.0781
319.0011
320.844
322.3584
322.0032
323.8709
323.5995
323.1504
325.1594
324.9192
324.6011
324.0781
326.105
325.8764
325.6205
325.2688
324.6963
326.6412
326.4416
326.2057
325.9405
325.5724
326.7481
326.5755
326.3751
326.1386
325.8728
326.4204
326.2706
326.1017
325.9066
325.6759
325.664
325.5343
325.391
325.2305
325.0461
324.5141
324.4022
324.2806
324.1472
323.9986
323.0812
322.9856
322.8821
322.7699
322.6474
321.6243
321.5428
321.4539
321.3575
321.2531
320.5356
320.4627
320.3834
320.2981
320.2064
319.8467
319.7785
319.705
319.6266
319.5432
319.4613
319.3959
319.3256
319.2512
319.1728
319.294
319.2298
319.1615
319.0893
319.0134
319.9361
321.0402
320.7853
322.5197
322.2961
321.9385
324.0273
323.8069
323.5331
323.083
325.31
325.0944
324.8525
324.5332
324.0099
326.2335
326.0395
325.8098
325.5528
325.2006
326.7481
326.5755
326.3751
326.1386
325.8728
326.8359
326.6825
326.5091
326.3084
326.0715
326.4909
326.3549
326.2044
326.0352
325.84
325.7192
325.599
325.4684
325.3247
325.164
324.5556
324.4504
324.337
324.2145
324.0804
323.111
323.0197
322.9216
322.8161
322.7024
321.645
321.5661
321.4805
321.3883
321.2888
320.5503
320.479
320.4018
320.319
320.2304
319.8576
319.7906
319.7184
319.6416
319.5603
319.4701
319.4054
319.3363
319.263
319.1859
319.3012
319.2381
319.1704
319.0993
319.0245
319.3545
320.0662
319.8792
321.1667
320.9823
320.7229
322.6497
322.4583
322.2312
321.8718
324.1582
323.9636
323.7413
323.4656
323.0148
325.4277
325.2451
325.0284
324.7853
324.4651
326.336
326.168
325.9732
325.7428
325.4851
326.8359
326.6824
326.5091
326.3084
326.0715
326.9094
326.7702
326.6161
326.4425
326.2417
326.5511
326.4255
326.2887
326.1379
325.9686
325.7668
325.6543
325.5332
325.402
325.2581
324.5919
324.4919
324.3852
324.2709
324.1477
323.1374
323.0495
322.9557
322.8556
322.7485
321.6634
321.5867
321.5038
321.4148
321.3195
320.5634
320.4936
320.418
320.3372
320.2512
319.8674
319.8014
319.7305
319.655
319.5753
319.4778
319.4141
319.3458
319.2736
319.1977
319.3079
319.2453
319.1787
319.1081
319.0344
319.0299
319.4533
319.2991
320.1637
320.0102
319.8185
321.2673
321.1089
320.9205
320.6573
322.756
322.5884
322.3944
322.1645
321.8034
324.2603
324.0945
323.8984
323.6748
323.3975
325.5218
325.3628
325.1792
324.9618
324.7178
326.4203
326.2706
326.1018
325.9066
325.6759
326.9094
326.7702
326.6161
326.4425
326.2417
326.9721
326.8437
326.7039
326.5495
326.3759
326.6029
326.4856
326.3592
326.2222
326.0714
325.8084
325.7019
325.5884
325.4668
325.3355
324.6239
324.5281
324.4266
324.319
324.2041
323.1609
323.0758
322.9855
322.8897
322.788
321.68
321.6051
321.5243
321.438
321.3459
320.5752
320.5066
320.4326
320.3534
320.2693
319.8762
319.8113
319.7413
319.6671
319.5886
319.4849
319.4218
319.3545
319.2831
319.2083
319.3139
319.252
319.1859
319.1164
319.0432
318.8865
319.1104
318.9749
319.5315
319.398
319.2401
320.2414
320.1077
319.9502
319.7544
321.3488
321.2095
321.0473
320.8555
320.5888
322.8392
322.6947
322.5246
322.3286
322.0961
324.342
324.1967
324.0294
323.8322
323.6075
325.5991
325.4569
325.2969
325.1127
324.895
326.4909
326.3549
326.2044
326.0352
325.8399
326.9721
326.8437
326.7039
326.5495
326.3759
327.026
326.9064
326.7774
326.6373
326.483
326.6481
326.5374
326.4194
326.2927
326.1557
325.845
325.7434
325.636
325.522
325.4003
324.6523
324.5601
324.4629
324.3605
324.2522
323.1819
323.0993
323.0117
322.9194
322.822
321.6948
321.6216
321.5427
321.4585
321.3691
320.5858
320.5184
320.4456
320.3679
320.2855
319.8842
319.82
319.7511
319.6778
319.6006
319.4914
319.4289
319.3621
319.2917
319.2177
319.3198
319.258
319.1925
319.1235
319.0514
318.9587
318.8317
319.1774
319.0554
318.9165
319.5942
319.4762
319.3391
319.1779
320.304
320.1853
320.0477
319.8868
319.6873
321.4129
321.2909
321.1477
320.9823
320.7875
322.9059
322.7779
322.6309
322.4588
322.2611
324.4093
324.2784
324.1315
323.9632
323.7653
325.6639
325.5342
325.391
325.2306
325.0461
326.5511
326.4254
326.2886
326.1378
325.9686
327.026
326.9064
326.7773
326.6373
326.4829
327.0731
326.9603
326.84
326.7108
326.5708
326.6879
326.5826
326.4711
326.3529
326.2262
325.8775
325.78
325.6775
325.5696
325.4555
324.6778
324.5885
324.4948
324.3967
324.2936
323.2008
323.1203
323.0352
322.9456
322.8517
321.7081
321.6364
321.5592
321.4768
321.3895
320.5954
320.5289
320.4573
320.3809
320.2999
319.8916
319.828
319.7598
319.6876
319.6113
319.4974
319.4353
319.3692
319.2993
319.2263
319.3248
319.2638
319.1985
319.1301
319.0585
319.0208
318.9039
318.7735
319.2315
319.1224
318.997
318.8552
319.6447
319.5388
319.4171
319.277
319.113
320.3536
320.2479
320.1251
319.9841
319.8204
321.4645
321.3549
321.2291
321.0827
320.9143
322.961
322.8446
322.714
322.5651
322.3914
324.4658
324.3457
324.2132
324.0654
323.8964
325.7192
325.599
325.4683
325.3246
325.164
326.6029
326.4856
326.3592
326.2221
326.0713
327.0731
326.9603
326.84
326.7108
326.5708
327.1145
327.0073
326.8939
326.7734
326.6443
326.7233
326.6224
326.5163
326.4046
326.2864
325.9066
325.8125
325.714
325.6111
325.503
324.7007
324.6139
324.5232
324.4285
324.3298
323.2177
323.1391
323.0561
322.969
322.8779
321.7203
321.6497
321.574
321.4932
321.4078
320.6042
320.5386
320.4678
320.3926
320.3128
319.8984
319.8353
319.7678
319.6962
319.621
319.5029
319.4414
319.3756
319.3064
319.2338
319.3299
319.2688
319.2043
319.136
319.065
319.071
318.9658
318.8457
318.7126
319.275
319.1763
319.0638
318.9357
318.7914
319.6849
319.5891
319.4796
319.3548
319.212
320.3938
320.2974
320.1875
320.0614
319.9175
321.5072
321.4065
321.293
321.1639
321.0145
323.0073
322.8997
322.7807
322.6482
322.4977
324.514
324.4021
324.2805
324.1471
323.9986
325.7668
325.6543
325.5331
325.402
325.2581
326.6481
326.5374
326.4194
326.2927
326.1556
327.1145
327.0073
326.8939
326.7734
326.6443
327.1513
327.0487
326.9409
326.8273
326.7069
326.7549
326.6577
326.556
326.4497
326.3381
325.9328
325.8416
325.7465
325.6476
325.5445
324.7212
324.6368
324.5486
324.4569
324.3617
323.2332
323.1561
323.075
322.99
322.9012
321.7314
321.6619
321.5872
321.508
321.4241
320.6124
320.5474
320.4774
320.403
320.3245
319.9046
319.8421
319.775
319.7042
319.6296
319.5082
319.4468
319.3816
319.3127
319.2408
319.3342
319.2739
319.2092
319.1418
319.071
319.1113
319.0159
318.9075
318.7847
318.6493
319.3099
319.2197
319.1176
319.0023
318.8718
319.7176
319.6293
319.5298
319.4171
319.2897
320.4272
320.3374
320.2369
320.1237
319.9946
321.5433
321.4492
321.3445
321.2277
321.0956
323.047
322.9459
322.8357
322.7149
322.5808
324.5556
324.4503
324.3369
324.2144
324.0804
325.8084
325.7019
325.5884
325.4667
325.3355
326.6879
326.5826
326.4711
326.3528
326.2262
327.1513
327.0487
326.9409
326.8273
326.7069
327.1842
327.0855
326.9823
326.8743
326.7608
326.7833
326.6893
326.5914
326.4895
326.3833
325.9563
325.8677
325.7756
325.6801
325.581
324.7399
324.6573
324.5714
324.4823
324.3901
323.2473
323.1715
323.0918
323.0088
322.9221
321.7416
321.6729
321.5993
321.5212
321.4388
320.6198
320.5555
320.4862
320.4126
320.3349
319.9105
319.8483
319.7818
319.7114
319.6375
319.5129
319.4521
319.387
319.3187
319.2471
319.3385
319.2782
319.2143
319.1467
319.0767
319.1439
319.0561
318.9574
318.8463
318.7213
319.3384
319.2545
319.1608
319.0559
318.9382
319.745
319.6619
319.5698
319.4671
319.3517
320.4555
320.3708
320.2769
320.1729
320.0566
321.5742
321.4852
321.3871
321.2791
321.1593
323.0811
322.9855
322.882
322.7699
322.6474
324.5918
324.4918
324.3851
324.2708
324.1476
325.8449
325.7434
325.6359
325.522
325.4002
326.7232
326.6223
326.5163
326.4046
326.2864
327.1842
327.0855
326.9823
326.8743
326.7608
327.2138
327.1184
327.019
326.9157
326.8078
326.8089
326.7177
326.6229
326.5248
326.423
325.9777
325.8912
325.8017
325.7091
325.6135
324.757
324.676
324.5919
324.5051
324.4154
323.2602
323.1856
323.1073
323.0256
322.9409
321.751
321.6831
321.6104
321.5333
321.452
320.6269
320.5629
320.4943
320.4213
320.3444
319.9159
319.8542
319.788
319.7181
319.6447
319.5174
319.4568
319.3923
319.3241
319.2531
319.3425
319.2825
319.2186
319.1517
319.0816
319.1704
319.0886
318.9975
318.896
318.7827
319.3622
319.2829
319.1955
319.099
318.9916
319.7683
319.6892
319.6023
319.507
319.4016
320.4798
320.399
320.3101
320.2128
320.1057
321.6009
321.5161
321.423
321.3216
321.2106
323.111
323.0196
322.9215
322.816
322.7023
324.6238
324.5281
324.4266
324.319
324.204
325.8774
325.7799
325.6774
325.5696
325.4555
326.7548
326.6576
326.556
326.4497
326.3381
327.2138
327.1184
327.019
326.9156
326.8078
327.2404
327.1479
327.0519
326.9524
326.8492
326.8322
326.7433
326.6513
326.5564
326.4583
325.9973
325.9126
325.8252
325.7352
325.6425
324.7727
324.6931
324.6106
324.5256
324.4382
323.2721
323.1985
323.1213
323.041
322.9577
321.7598
321.6925
321.6205
321.5443
321.464
320.6334
320.57
320.5017
320.4294
320.3531
319.9209
319.8595
319.7938
319.7242
319.6514
319.5216
319.4613
319.3969
319.3293
319.2584
319.3461
319.2864
319.2228
319.156
319.0866
319.1926
319.1151
319.0299
318.936
318.8322
319.3827
319.3067
319.2238
319.1335
319.0345
319.7883
319.7124
319.6295
319.5394
319.4413
320.5008
320.4232
320.3383
320.2459
320.1454
321.6243
321.5427
321.4539
321.3575
321.253
323.1373
323.0495
322.9556
322.8556
322.7485
324.6522
324.56
324.4628
324.3604
324.2522
325.9065
325.8124
325.714
325.611
325.503
326.7833
326.6892
326.5913
326.4895
326.3832
327.2404
327.1479
327.0519
326.9524
326.8491
327.2647
327.1746
327.0814
326.9852
326.8859
326.8535
326.7666
326.6769
326.5847
326.4898
326.0152
325.9322
325.8465
325.7587
325.6686
324.7871
324.7087
324.6277
324.5443
324.4587
323.2833
323.2104
323.1342
323.0551
322.9731
321.7679
321.7013
321.6299
321.5544
321.475
320.6394
320.5764
320.5087
320.4367
320.3611
319.9257
319.8646
319.7992
319.7301
319.6575
319.5255
319.4655
319.4014
319.334
319.2636
319.3494
319.2901
319.2268
319.1602
319.0908
319.2119
319.1371
319.0562
318.9682
318.872
319.4003
319.3271
319.2475
319.1617
319.0689
319.8057
319.7324
319.6526
319.5665
319.4736
320.5193
320.4442
320.3625
320.274
320.1784
321.6449
321.566
321.4805
321.3882
321.2888
323.1607
323.0758
322.9854
322.8896
322.7879
324.6776
324.5884
324.4947
324.3966
324.2936
325.9327
325.8415
325.7464
325.6476
325.5445
326.8089
326.7176
326.6229
326.5247
326.423
327.2647
327.1746
327.0814
326.9852
326.8858
327.2868
327.1988
327.108
327.0148
326.9187
326.8729
326.7878
326.7001
326.6102
326.5182
326.0316
325.95
325.8661
325.78
325.692
324.8005
324.7231
324.6433
324.5613
324.4773
323.2936
323.2215
323.1461
323.0679
322.9871
321.7754
321.7094
321.6387
321.5637
321.4851
320.645
320.5824
320.5151
320.4437
320.3684
319.93
319.8693
319.8042
319.7354
319.6633
319.529
319.4693
319.4056
319.3384
319.2682
319.3528
319.2934
319.2304
319.1642
319.095
319.2284
319.1564
319.0782
318.9944
318.9041
319.4155
319.3446
319.2678
319.1853
319.0969
319.821
319.7497
319.6725
319.5895
319.5005
320.5356
320.4626
320.3834
320.2981
320.2063
321.6632
321.5866
321.5037
321.4147
321.3194
323.1817
323.0991
323.0117
322.9194
322.8219
324.7005
324.6138
324.523
324.4285
324.3298
325.9563
325.8676
325.7754
325.68
325.581
326.8322
326.7432
326.6513
326.5563
326.4582
327.2868
327.1988
327.108
327.0147
326.9187
327.307
327.2209
327.1323
327.0413
326.9482
326.8908
326.8072
326.7214
326.6335
326.5437
326.047
325.9665
325.8839
325.7995
325.7134
324.813
324.7366
324.6577
324.5769
324.4943
323.3031
323.2318
323.1572
323.0798
323
321.7825
321.7169
321.6467
321.5725
321.4944
320.6502
320.588
320.5211
320.4501
320.3754
319.934
319.8736
319.8089
319.7404
319.6686
319.5325
319.4729
319.4094
319.3426
319.2727
319.3558
319.2967
319.2337
319.1678
319.0989
319.2426
319.1728
319.0973
319.0163
318.9301
319.429
319.3598
319.2852
319.2055
319.1203
319.8345
319.7649
319.6898
319.6093
319.5234
320.5501
320.4789
320.4017
320.3189
320.2304
321.6798
321.6049
321.5243
321.438
321.3459
323.2006
323.1201
323.035
322.9456
322.8516
324.7211
324.6366
324.5484
324.4568
324.3616
325.9777
325.8912
325.8016
325.709
325.6134
326.8535
326.7666
326.6768
326.5847
326.4898
327.3071
327.2209
327.1323
327.0413
326.9482
327.3257
327.2411
327.1543
327.0655
326.9748
326.9075
326.8251
326.7408
326.6547
326.5669
326.0612
325.9818
325.9003
325.8174
325.7329
324.8244
324.749
324.6711
324.5913
324.5099
323.312
323.2413
323.1675
323.0909
323.0118
321.789
321.7239
321.6542
321.5805
321.5031
320.655
320.5932
320.5267
320.4561
320.3817
319.9379
319.8776
319.8132
319.745
319.6735
319.5357
319.4763
319.4129
319.3464
319.2768
319.3588
319.2997
319.237
319.171
319.1025
319.2554
319.187
319.1137
319.0354
318.9519
319.4409
319.3732
319.3004
319.2228
319.1405
319.8465
319.7784
319.705
319.6265
319.5432
320.5632
320.4934
320.418
320.3372
320.2511
321.6946
321.6214
321.5425
321.4584
321.369
323.2176
323.139
323.0559
322.9689
322.8778
324.7399
324.6573
324.5713
324.4822
324.3899
325.9973
325.9126
325.8251
325.7351
325.6424
326.873
326.7878
326.7001
326.6102
326.5181
327.3257
327.2411
327.1544
327.0655
326.9748
327.343
327.2597
327.1745
327.0876
326.999
326.9229
326.8417
326.7586
326.6741
326.5881
326.0743
325.996
325.9157
325.8338
325.7507
324.8352
324.7604
324.6835
324.6047
324.5242
323.3202
323.2502
323.1769
323.1011
323.0229
321.7951
321.7304
321.6612
321.588
321.5111
320.6597
320.598
320.5319
320.4616
320.3877
319.9416
319.8815
319.8172
319.7493
319.6782
319.5388
319.4795
319.4164
319.3499
319.2806
319.3613
319.3026
319.2399
319.1743
319.1057
319.2665
319.1997
319.1278
319.0516
318.9709
319.4515
319.3851
319.3138
319.2379
319.1577
319.8574
319.7904
319.7184
319.6416
319.5602
320.575
320.5065
320.4324
320.3533
320.2693
321.7081
321.6362
321.559
321.4766
321.3895
323.2332
323.156
323.0748
322.9898
322.9011
324.7571
324.676
324.5919
324.505
324.4153
326.0152
325.9322
325.8466
325.7586
325.6685
326.8908
326.8072
326.7214
326.6335
326.5437
327.343
327.2597
327.1745
327.0876
326.999
327.359
327.277
327.1931
327.1078
327.021
326.9371
326.8571
326.7753
326.6919
326.6075
326.0865
326.0091
325.9298
325.8491
325.7671
324.8452
324.7711
324.6949
324.6171
324.5376
323.3279
323.2584
323.1858
323.1106
323.0331
321.8009
321.7365
321.6677
321.595
321.5186
320.6641
320.6027
320.5367
320.4668
320.3932
319.945
319.8851
319.821
319.7533
319.6824
319.5416
319.4826
319.4196
319.3533
319.2841
319.3641
319.3051
319.2429
319.1772
319.109
319.2764
319.2108
319.1405
319.0657
318.987
319.4612
319.3956
319.3256
319.2512
319.1727
319.8672
319.8013
319.7303
319.655
319.5753
320.5857
320.5182
320.4454
320.3677
320.2854
321.7203
321.6497
321.5738
321.4931
321.4076
323.2473
323.1715
323.0918
323.0086
322.9219
324.7727
324.6931
324.6106
324.5256
324.438
326.0317
325.9501
325.8661
325.78
325.692
326.9075
326.8251
326.7408
326.6547
326.5669
327.359
327.2771
327.1931
327.1078
327.021
327.3738
327.2931
327.2104
327.1264
327.0412
326.9504
326.8714
326.7906
326.7086
326.6253
326.098
326.0213
325.9429
325.8632
325.7824
324.8545
324.7811
324.7056
324.6285
324.55
323.3353
323.2661
323.194
323.1194
323.0425
321.8064
321.7423
321.6738
321.6015
321.5255
320.6682
320.607
320.5413
320.4716
320.3983
319.9482
319.8886
319.8247
319.7572
319.6864
319.5445
319.4854
319.4227
319.3565
319.2875
319.3665
319.3079
319.2454
319.1802
319.1119
319.2855
319.2206
319.1515
319.0783
319.001
319.4698
319.4053
319.336
319.263
319.186
319.8761
319.811
319.7412
319.6668
319.5886
320.5954
320.5289
320.4571
320.3807
320.2997
321.7314
321.6619
321.5872
321.5078
321.4239
323.2603
323.1856
323.1073
323.0256
322.9407
324.7871
324.7088
324.6277
324.5443
324.4586
326.047
325.9665
325.884
325.7996
325.7134
326.9229
326.8418
326.7587
326.6741
326.5881
327.3738
327.2931
327.2104
327.1264
327.0412
327.3877
327.3078
327.2264
327.1436
327.0597
326.9628
326.8846
326.8048
326.7239
326.6419
326.1086
326.0327
325.9551
325.8763
325.7965
324.8633
324.7904
324.7156
324.6392
324.5614
323.3422
323.2734
323.2017
323.1276
323.0513
321.8115
321.7477
321.6795
321.6075
321.532
320.672
320.6111
320.5456
320.4762
320.4031
319.9514
319.8918
319.8281
319.7608
319.6902
319.5471
319.4883
319.4254
319.3596
319.2906
319.3689
319.3104
319.2482
319.1827
319.1149
319.2936
319.2297
319.1613
319.0893
319.0136
319.4777
319.4139
319.3457
319.2734
319.1976
319.8842
319.8199
319.7509
319.6777
319.6004
320.6043
320.5386
320.4678
320.3924
320.3126
321.7416
321.673
321.5993
321.5211
321.4386
323.2722
323.1986
323.1214
323.041
322.9577
324.8006
324.7232
324.6433
324.5614
324.4773
326.0612
325.9818
325.9004
325.8174
325.7329
326.9371
326.8572
326.7753
326.692
326.6075
327.3877
327.3078
327.2264
327.1436
327.0598
327.4006
327.3217
327.2412
327.1596
327.077
326.9744
326.897
326.8181
326.7381
326.6573
326.1187
326.0434
325.9665
325.8885
325.8096
324.8717
324.7993
324.7249
324.6491
324.5721
323.3486
323.2803
323.209
323.1353
323.0596
321.8163
321.7528
321.685
321.6132
321.538
320.6758
320.6149
320.5497
320.4805
320.4077
319.9543
319.895
319.8312
319.7642
319.6938
319.5496
319.4908
319.4283
319.3623
319.2937
319.3709
319.3127
319.2506
319.1854
319.1173
319.3012
319.2378
319.1704
319.099
319.0245
319.4849
319.4218
319.3542
319.283
319.208
319.8917
319.828
319.7597
319.6873
319.6111
320.6124
320.5474
320.4774
320.4029
320.3243
321.751
321.6832
321.6104
321.5333
321.4519
323.2833
323.2105
323.1343
323.0551
322.9731
324.813
324.7366
324.6577
324.577
324.4944
326.0743
325.996
325.9157
325.8338
325.7507
326.9504
326.8714
326.7907
326.7086
326.6253
327.4006
327.3217
327.2412
327.1596
327.077
327.4126
327.3345
327.255
327.1744
327.093
326.9854
326.9086
326.8305
326.7513
326.6715
326.1282
326.0534
325.9772
325.8999
325.8218
324.8795
324.8076
324.7337
324.6584
324.582
323.3548
323.2868
323.2159
323.1426
323.0672
321.821
321.7577
321.6901
321.6187
321.5437
320.6793
320.6187
320.5535
320.4845
320.412
319.9571
319.8979
319.8344
319.7673
319.6972
319.5518
319.4933
319.4308
319.3651
319.2964
319.373
319.3147
319.253
319.1878
319.1201
319.3078
319.2453
319.1784
319.108
319.0341
319.4915
319.4289
319.3621
319.2915
319.2175
319.8984
319.8354
319.7678
319.6961
319.6208
320.6199
320.5555
320.4863
320.4126
320.3348
321.7598
321.6926
321.6206
321.5444
321.464
323.2936
323.2216
323.1462
323.068
322.9872
324.8244
324.749
324.6711
324.5913
324.51
326.0865
326.0091
325.9299
325.8491
325.7671
326.9628
326.8846
326.8048
326.7239
326.6419
327.4126
327.3345
327.255
327.1744
327.093
327.424
327.3466
327.2679
327.1882
327.1077
326.9957
326.9195
326.8421
326.7637
326.6847
326.1371
326.0629
325.9872
325.9105
325.8331
324.8869
324.8154
324.742
324.6672
324.5913
323.3607
323.2929
323.2223
323.1495
323.0745
321.8254
321.7624
321.6949
321.6237
321.5491
320.6826
320.6222
320.5573
320.4883
320.416
319.9596
319.9006
319.8373
319.7705
319.7003
319.554
319.4955
319.4333
319.3677
319.2992
319.3751
319.3168
319.2549
319.1902
319.1225
319.3141
319.2519
319.1859
319.116
319.0431
319.4974
319.4355
319.3692
319.2993
319.226
319.9047
319.8421
319.7752
319.7042
319.6295
320.6269
320.563
320.4943
320.4214
320.3444
321.768
321.7013
321.6299
321.5545
321.4751
323.3031
323.2318
323.1572
323.0798
323
324.8352
324.7604
324.6835
324.6047
324.5243
326.0979
326.0213
325.9429
325.8633
325.7824
326.9744
326.897
326.8181
326.7381
326.6573
327.424
327.3466
327.2679
327.1882
327.1077
327.4348
327.358
327.2799
327.201
327.1215
327.0054
326.9299
326.853
326.7753
326.6971
326.1456
326.0718
325.9967
325.9206
325.8437
324.894
324.8228
324.7498
324.6755
324.6001
323.3662
323.2988
323.2284
323.1559
323.0813
321.8295
321.7667
321.6996
321.6285
321.5542
320.6856
320.6255
320.5607
320.4921
320.4198
319.9621
319.9031
319.8401
319.7734
319.7035
319.5562
319.4977
319.4355
319.3701
319.3018
319.377
319.3189
319.257
319.1922
319.1248
319.3196
319.2582
319.1924
319.1234
319.0511
319.503
319.4414
319.3757
319.3064
319.2338
319.9105
319.8484
319.7818
319.7115
319.6375
320.6334
320.57
320.5018
320.4294
320.3531
321.7754
321.7094
321.6387
321.5638
321.4852
323.312
323.2413
323.1675
323.0909
323.0119
324.8451
324.7711
324.6949
324.6171
324.5377
326.1086
326.0327
325.9551
325.8763
325.7965
326.9854
326.9086
326.8305
326.7514
326.6715
327.4348
327.358
327.2799
327.201
327.1215
327.4449
327.3687
327.2913
327.2131
327.1344
327.0146
326.9395
326.8633
326.7862
326.7086
326.1537
326.0803
326.0056
325.93
325.8538
324.9006
324.8299
324.7572
324.6833
324.6084
323.3714
323.3043
323.2343
323.162
323.0877
321.8333
321.7708
321.7039
321.6332
321.5589
320.6886
320.6285
320.564
320.4955
320.4235
319.9645
319.9056
319.8426
319.7761
319.7063
319.5581
319.4999
319.4377
319.3723
319.3042
319.3786
319.3208
319.2591
319.1942
319.1268
319.325
319.2637
319.1987
319.13
319.0585
319.5082
319.4469
319.3816
319.3129
319.2408
319.916
319.8542
319.7881
319.7181
319.6448
320.6394
320.5765
320.5087
320.4368
320.3611
321.7825
321.7169
321.6468
321.5725
321.4945
323.3202
323.2502
323.1769
323.1012
323.0229
324.8545
324.7811
324.7056
324.6285
324.55
326.1187
326.0434
325.9665
325.8885
325.8096
326.9957
326.9195
326.842
326.7637
326.6847
327.4449
327.3687
327.2913
327.2131
327.1344
327.4544
327.3788
327.302
327.2244
327.1464
327.0233
326.9487
326.8729
326.7965
326.7195
326.1612
326.0884
326.014
325.9389
325.8632
324.9069
324.8365
324.7643
324.6907
324.6162
323.3762
323.3095
323.2398
323.1679
323.0938
321.837
321.7746
321.708
321.6375
321.5636
320.6914
320.6315
320.567
320.4988
320.4269
319.9668
319.908
319.8451
319.7786
319.709
319.5599
319.5019
319.4398
319.3745
319.3064
319.3805
319.3224
319.261
319.1963
319.1288
319.3298
319.269
319.2041
319.1362
319.0649
319.513
319.4521
319.3871
319.3187
319.2473
319.9209
319.8596
319.7939
319.7243
319.6514
320.645
320.5824
320.5152
320.4437
320.3685
321.789
321.7239
321.6542
321.5806
321.5031
323.3279
323.2584
323.1858
323.1106
323.0331
324.8633
324.7904
324.7156
324.6392
324.5614
326.1282
326.0534
325.9771
325.8999
325.8218
327.0054
326.9299
326.853
326.7753
326.697
327.4544
327.3788
327.302
327.2244
327.1464
327.4635
327.3884
327.3121
327.2351
327.1577
327.0315
326.9575
326.8821
326.8061
326.7298
326.1684
326.0959
326.0221
325.9473
325.8721
324.9127
324.8427
324.7709
324.6977
324.6235
323.3809
323.3143
323.245
323.1733
323.0997
321.8405
321.7783
321.7118
321.6416
321.5679
320.6941
320.6343
320.57
320.5018
320.4302
319.9688
319.9102
319.8474
319.781
319.7115
319.5621
319.5036
319.4418
319.3766
319.3085
319.3243
319.2626
319.1982
319.1309
319.3344
319.2738
319.2095
319.1416
319.0711
319.5174
319.4569
319.3923
319.3242
319.2531
319.9256
319.8646
319.7992
319.7301
319.6576
320.6502
320.588
320.5211
320.4502
320.3754
321.7951
321.7304
321.6612
321.588
321.5112
323.3353
323.2661
323.194
323.1194
323.0425
324.8717
324.7993
324.7249
324.6491
324.5721
326.1372
326.063
325.9872
325.9105
325.8331
327.0146
326.9395
326.8633
326.7862
326.7086
327.4635
327.3884
327.3121
327.2351
327.1577
327.472
327.3974
327.3216
327.2452
327.1684
327.0393
326.9656
326.8909
326.8153
326.7394
326.1751
326.1031
326.0296
325.9554
325.8805
324.9184
324.8486
324.7771
324.7043
324.6306
323.3853
323.319
323.2498
323.1785
323.1051
321.8439
321.7818
321.7155
321.6454
321.572
320.6966
320.637
320.5728
320.5047
320.4332
319.9715
319.9123
319.8497
319.7834
319.714
319.5058
319.4436
319.3786
319.3107
319.2645
319.1997
319.1327
319.3386
319.2784
319.2142
319.1469
319.0765
319.5216
319.4613
319.3971
319.3293
319.2586
319.93
319.8692
319.8042
319.7355
319.6633
320.655
320.5932
320.5267
320.4561
320.3818
321.8009
321.7365
321.6677
321.595
321.5186
323.3422
323.2734
323.2017
323.1276
323.0513
324.8795
324.8076
324.7337
324.6584
324.582
326.1456
326.0719
325.9967
325.9206
325.8437
327.0233
326.9488
326.873
326.7965
326.7195
327.472
327.3974
327.3216
327.2452
327.1684
327.4802
327.4059
327.3307
327.2547
327.1785
327.0466
326.9734
326.899
326.824
326.7486
326.1815
326.1097
326.0368
325.9629
325.8886
324.9237
324.8542
324.783
324.7106
324.6371
323.3897
323.3234
323.2545
323.1833
323.1103
321.847
321.7852
321.719
321.649
321.5757
320.7002
320.6394
320.5755
320.5076
320.4361
319.915
319.8517
319.7856
319.7163
319.4457
319.3803
319.3126
319.2017
319.1343
319.3424
319.2826
319.2187
319.1517
319.0818
319.5255
319.4654
319.4015
319.3341
319.2636
319.934
319.8736
319.8088
319.7404
319.6686
320.6597
320.598
320.5318
320.4616
320.3877
321.8064
321.7423
321.6737
321.6014
321.5255
323.3487
323.2804
323.209
323.1353
323.0595
324.887
324.8154
324.7421
324.6672
324.5913
326.1537
326.0804
326.0056
325.9301
325.8538
327.0315
326.9575
326.8822
326.8062
326.7298
327.4802
327.4059
327.3307
327.2547
327.1785
327.4877
327.414
327.3392
327.2638
327.188
327.0536
326.9807
326.9068
326.8322
326.7573
326.1877
326.1162
326.0434
325.9701
325.8961
324.929
324.8596
324.7886
324.7164
324.6434
323.3936
323.3278
323.2589
323.1879
323.1151
321.852
321.7883
321.7224
321.6525
321.5794
320.643
320.5779
320.5102
320.4389
319.8544
319.7876
319.7185
319.3825
319.3144
319.1362
319.3461
319.2864
319.2229
319.1562
319.0865
319.529
319.4693
319.4055
319.3385
319.2684
319.9379
319.8776
319.8132
319.745
319.6735
320.6641
320.6026
320.5367
320.4668
320.3932
321.8115
321.7478
321.6795
321.6075
321.532
323.3549
323.2868
323.2159
323.1426
323.0672
324.894
324.8229
324.7499
324.6756
324.6001
326.1612
326.0884
326.0141
325.9389
325.8633
327.0393
326.9656
326.8909
326.8153
326.7394
327.4877
327.414
327.3392
327.2638
327.188
327.495
327.4216
327.3473
327.2723
327.1971
327.0603
326.9877
326.9141
326.84
326.7654
326.1938
326.1223
326.0499
325.9767
325.9032
324.9338
324.8649
324.794
324.722
324.6492
323.4004
323.3316
323.2632
323.1924
323.1197
321.7933
321.7254
321.6559
321.5829
320.5815
320.5126
320.4416
319.7903
319.7205
319.3165
319.3495
319.2901
319.2267
319.1603
319.091
319.5325
319.4729
319.4094
319.3425
319.2727
319.9416
319.8815
319.8172
319.7493
319.6781
320.6682
320.6071
320.5413
320.4716
320.3983
321.8164
321.7529
321.685
321.6132
321.538
323.3607
323.293
323.2224
323.1495
323.0745
324.9005
324.8299
324.7573
324.6833
324.6084
326.1684
326.0959
326.0221
325.9474
325.8721
327.0466
326.9734
326.899
326.824
326.7486
327.495
327.4216
327.3473
327.2723
327.1971
327.502
327.4289
327.3548
327.2804
327.2055
327.0669
326.9944
326.9211
326.8472
326.7732
326.1992
326.1284
326.056
325.9831
325.9099
324.9424
324.8696
324.7992
324.7274
324.6548
323.3384
323.2671
323.1967
323.1241
321.7304
321.659
321.5863
320.5162
320.444
319.7232
319.3527
319.2934
319.2304
319.1641
319.0951
319.5358
319.4763
319.4129
319.3464
319.2768
319.9451
319.8852
319.821
319.7533
319.6824
320.6721
320.6112
320.5457
320.4762
320.4031
321.821
321.7578
321.6901
321.6187
321.5437
323.3661
323.2988
323.2286
323.1559
323.0814
324.9069
324.8364
324.7643
324.6907
324.6162
326.1751
326.1031
326.0296
325.9554
325.8806
327.0536
326.9807
326.9068
326.8322
326.7573
327.502
327.4289
327.3548
327.2804
327.2055
327.5089
327.4358
327.3621
327.2879
327.2136
327.0729
327.001
326.9277
326.8542
326.7805
326.2092
326.1339
326.0621
325.9893
325.9163
324.8782
324.804
324.7326
324.6602
323.2739
323.2006
323.1285
321.6639
321.5893
320.4475
319.3559
319.2966
319.2337
319.1678
319.0988
319.5389
319.4796
319.4163
319.3499
319.2806
319.9484
319.8886
319.8247
319.7571
319.6864
320.6758
320.6151
320.5497
320.4805
320.4077
321.8253
321.7624
321.695
321.6238
321.5492
323.3714
323.3042
323.2344
323.1621
323.0878
324.9128
324.8427
324.7708
324.6978
324.6236
326.1816
326.1098
326.0368
325.9629
325.8886
327.0603
326.9877
326.9141
326.84
326.7654
327.5089
327.4358
327.3621
327.2879
327.2136
327.5152
327.4427
327.369
327.2952
327.2212
327.0837
327.007
326.9343
326.8608
326.7874
326.1437
326.0675
325.9953
325.9224
324.8125
324.7374
324.6654
323.2073
323.1323
321.5942
319.3587
319.2998
319.2369
319.1711
319.1025
319.5418
319.4826
319.4197
319.3533
319.2841
319.9514
319.8919
319.8281
319.7608
319.6902
320.6793
320.6187
320.5536
320.4846
320.412
321.8295
321.7667
321.6996
321.6286
321.5542
323.3763
323.3095
323.2398
323.1679
323.0939
324.9184
324.8486
324.7771
324.7043
324.6306
326.1877
326.1162
326.0435
325.9701
325.8961
327.067
326.9944
326.9211
326.8472
326.7732
327.5152
327.4428
327.369
327.2952
327.2212
327.5263
327.449
327.3759
327.3021
327.2284
327.0177
326.9403
326.8675
326.7941
326.0774
326.0008
325.9285
324.7459
324.6701
323.139
319.3616
319.3026
319.2401
319.1742
319.1058
319.5445
319.4856
319.4227
319.3566
319.2874
319.9544
319.8949
319.8314
319.7642
319.6938
320.6826
320.6222
320.5573
320.4885
320.4161
321.8334
321.7708
321.7039
321.6332
321.5591
323.381
323.3144
323.245
323.1733
323.0997
324.9238
324.8543
324.783
324.7106
324.6371
326.1938
326.1223
326.0499
325.9768
325.9032
327.073
327.001
326.9277
326.8542
326.7805
327.5263
327.449
327.3759
327.3021
327.2284
327.4601
327.3822
327.309
327.2353
326.951
326.8734
326.8007
326.0106
325.9339
324.6786
319.364
319.3054
319.2429
319.1774
319.1089
319.5471
319.4882
319.4256
319.3596
319.2907
319.9571
319.8979
319.8344
319.7675
319.6972
320.6857
320.6255
320.5607
320.4921
320.4199
321.8371
321.7747
321.708
321.6375
321.5636
323.3854
323.3191
323.2499
323.1785
323.1051
324.9291
324.8596
324.7887
324.7164
324.6434
326.1993
326.1285
326.056
325.9832
325.9099
327.0837
327.007
326.9344
326.8609
326.7875
327.4601
327.3822
327.309
327.2353
327.3933
327.3152
327.2422
326.8841
326.8066
325.9437
319.3666
319.3078
319.2457
319.1802
319.1121
319.5496
319.4909
319.4282
319.3625
319.2937
319.9597
319.9006
319.8373
319.7705
319.7005
320.6887
320.6286
320.564
320.4955
320.4235
321.8406
321.7784
321.7118
321.6416
321.5679
323.3898
323.3235
323.2545
323.1833
323.1103
324.9339
324.865
324.794
324.7221
324.6493
326.2092
326.134
326.0621
325.9893
325.9164
327.0178
326.9404
326.8675
326.7941
327.3933
327.3153
327.2422
327.3263
327.2485
326.8173
319.3689
319.3104
319.2481
319.183
319.1148
319.5519
319.4933
319.4309
319.3651
319.2966
319.9623
319.9032
319.8401
319.7734
319.7034
320.6915
320.6316
320.5671
320.4988
320.4269
321.8441
321.7819
321.7156
321.6454
321.572
323.3937
323.3279
323.2589
323.188
323.1151
324.9425
324.8697
324.7993
324.7274
324.6549
326.1438
326.0676
325.9954
325.9224
326.9511
326.8735
326.8007
327.3263
327.2485
327.2595
319.371
319.3127
319.2506
319.1853
319.1176
319.5542
319.4956
319.4333
319.3677
319.2992
319.9646
319.9057
319.8427
319.7761
319.7063
320.6943
320.6343
320.5701
320.5019
320.4302
321.8472
321.7854
321.719
321.6491
321.5758
323.4005
323.3318
323.2634
323.1924
323.1198
324.8783
324.8041
324.7327
324.6602
326.0775
326.0009
325.9285
326.8841
326.8067
327.2595
319.3732
319.3149
319.253
319.1879
319.12
319.5562
319.4979
319.4356
319.3702
319.3018
319.9669
319.908
319.8452
319.7787
319.7091
320.6967
320.6371
320.5728
320.5048
320.4333
321.8522
321.7885
321.7225
321.6526
321.5795
323.3386
323.2673
323.1968
323.1242
324.8126
324.7375
324.6655
326.0107
325.934
326.8173
319.375
319.3171
319.2551
319.1902
319.1225
319.5582
319.4999
319.4378
319.3724
319.3042
319.969
319.9104
319.8475
319.7812
319.7116
320.7003
320.6396
320.5756
320.5076
320.4362
321.7934
321.7256
321.6561
321.5829
323.274
323.2007
323.1286
324.746
324.6703
325.9438
319.3771
319.3189
319.2573
319.1923
319.1248
319.5601
319.5019
319.4398
319.3747
319.3065
319.9717
319.9124
319.8498
319.7834
319.7141
320.6432
320.5781
320.5104
320.4389
321.7305
321.6591
321.5864
323.2074
323.1325
324.6787
319.3788
319.3209
319.259
319.1945
319.1269
319.5623
319.5038
319.4419
319.3766
319.3087
319.9152
319.8518
319.7857
319.7163
320.5817
320.5128
320.4417
321.6641
321.5895
323.1392
319.3806
319.3226
319.261
319.1962
319.129
319.506
319.4437
319.3787
319.3107
319.8545
319.7878
319.7186
320.5164
320.4441
321.5943
319.3244
319.2627
319.1982
319.1308
319.4459
319.3805
319.3127
319.7905
319.7207
320.4477
319.2646
319.1999
319.1328
319.3827
319.3145
319.7234
319.2018
319.1345
319.3167
319.1363
)
;

boundaryField
{
    electrolyteSides
    {
        type            zeroGradient;
    }
    electrolyte_to_fuel
    {
        type            zeroGradient;
    }
    electrolyte_to_air
    {
        type            zeroGradient;
    }
}


// ************************************************************************* //
