/*--------------------------------*- C++ -*----------------------------------*\
| =========                 |                                                 |
| \\      /  F ield         | OpenFOAM: The Open Source CFD Toolbox           |
|  \\    /   O peration     | Version:  2312                                  |
|   \\  /    A nd           | Website:  www.openfoam.com                      |
|    \\/     M anipulation  |                                                 |
\*---------------------------------------------------------------------------*/
FoamFile
{
    version     2.0;
    format      ascii;
    arch        "LSB;label=32;scalar=64";
    class       volScalarField;
    location    "70/phiEC";
    object      J;
}
// * * * * * * * * * * * * * * * * * * * * * * * * * * * * * * * * * * * * * //

dimensions      [0 -3 0 0 0 1 0];

internalField   nonuniform List<scalar> 
20000
(
0
0
0
0
0
0
0
0
0
0
0
0
0
0
0
0
0
0
0
0
0
0
0
0
0
0
0
0
0
0
0
0
0
0
0
0
0
0
0
0
0
0
0
0
0
0
0
0
0
0
0
0
0
0
0
0
0
0
0
0
0
0
0
0
0
0
0
0
0
0
0
0
0
0
0
0
0
0
0
0
0
0
0
0
0
0
0
0
0
0
0
0
0
0
0
0
0
0
0
0
0
0
0
0
0
0
0
0
0
0
0
0
0
0
0
0
0
0
0
0
0
0
0
0
0
0
0
0
0
0
0
0
0
0
0
0
0
0
0
0
0
0
0
0
0
0
0
0
0
0
0
0
0
0
0
0
0
0
0
0
0
0
0
0
0
0
0
0
0
0
0
0
0
0
0
0
0
0
0
0
0
0
0
0
0
0
0
0
0
0
0
0
0
0
0
0
0
0
0
0
0
0
0
0
0
0
0
0
0
0
0
0
0
0
0
0
0
0
0
0
0
0
0
0
0
0
0
0
0
0
0
0
0
0
0
0
0
0
0
0
0
0
0
0
0
0
0
0
0
0
0
0
0
0
0
0
0
0
0
0
0
0
0
0
0
0
0
0
0
0
0
0
0
0
0
0
0
0
0
0
0
0
0
0
0
0
0
0
0
0
0
0
0
0
0
0
0
0
0
0
0
0
0
0
0
0
0
0
0
0
0
0
0
0
0
0
0
0
0
0
0
0
0
0
0
0
0
0
0
0
0
0
0
0
0
0
0
0
0
0
0
0
0
0
0
0
0
0
0
0
0
0
0
0
0
0
0
0
0
0
0
0
0
0
0
0
0
0
0
0
0
0
0
0
0
0
0
0
0
0
0
0
0
0
0
0
0
0
0
0
0
0
0
0
0
0
0
0
0
0
0
0
0
0
0
0
0
0
0
0
0
0
0
0
0
0
0
0
0
0
0
0
0
0
0
0
0
0
0
0
0
0
0
0
0
0
0
0
0
0
0
0
0
0
0
0
0
0
0
0
0
0
0
0
0
0
0
0
0
0
0
0
0
0
0
0
0
0
0
0
0
0
0
0
0
0
0
0
0
0
0
0
0
0
0
0
0
0
0
0
0
0
0
0
0
0
0
0
0
0
0
0
0
0
0
0
0
0
0
0
0
0
0
0
0
0
0
0
0
0
0
0
0
0
0
0
0
0
0
0
0
0
0
0
0
0
0
0
0
0
0
0
0
0
0
0
0
0
0
0
0
0
0
0
0
0
0
0
0
0
0
0
0
0
0
0
0
0
0
0
0
0
0
0
0
0
0
0
0
0
0
0
0
0
0
0
0
0
0
0
0
0
0
0
0
0
0
0
0
0
0
0
0
0
0
0
0
0
0
0
0
0
0
0
0
0
0
0
0
0
0
0
0
0
0
0
0
0
0
0
0
0
0
0
0
0
0
0
0
0
0
0
0
0
0
0
0
0
0
0
0
0
0
0
0
0
0
0
0
0
0
0
0
0
0
0
0
0
0
0
0
0
0
0
0
0
0
0
0
0
0
0
0
0
0
0
0
0
0
0
0
0
0
0
0
0
0
0
0
0
0
0
0
0
0
0
0
0
0
0
0
0
0
0
0
0
0
0
0
0
0
0
0
0
0
0
0
0
0
0
0
0
0
0
0
0
0
0
0
0
0
0
0
0
0
0
0
0
0
0
0
0
0
0
0
0
0
0
0
0
0
0
0
0
0
0
0
0
0
0
0
0
0
0
0
0
0
0
0
0
0
0
0
0
0
0
0
0
0
0
0
0
0
0
0
0
0
0
0
0
0
0
0
0
0
0
0
0
0
0
0
0
0
0
0
0
0
0
0
0
0
0
0
0
0
0
0
0
0
0
0
0
0
0
0
0
0
0
0
0
0
0
0
0
0
0
0
0
0
0
0
0
0
0
0
0
0
0
0
0
0
0
0
0
0
0
0
0
0
0
0
0
0
0
0
0
0
0
0
0
0
0
0
0
0
0
0
0
0
0
0
0
0
0
0
0
0
0
0
0
0
0
0
0
0
0
0
0
0
0
0
0
0
0
0
0
0
0
0
0
0
0
0
0
0
0
0
0
0
0
0
0
0
0
0
0
0
0
0
0
0
0
0
0
0
0
0
0
0
0
0
0
0
0
0
0
0
0
0
0
0
0
0
0
0
0
0
0
0
0
0
0
0
0
0
0
0
0
0
0
0
0
0
0
0
0
0
0
0
0
0
0
0
0
0
0
0
0
0
0
0
0
0
0
0
0
0
0
0
0
0
0
0
0
0
0
0
0
0
0
0
0
0
0
0
0
0
0
0
0
0
0
0
0
0
0
0
0
0
0
0
0
0
0
0
0
0
0
0
0
0
0
0
0
0
0
0
0
0
0
0
0
0
0
0
0
0
0
0
0
0
0
0
0
0
0
0
0
0
0
0
0
0
0
0
0
0
0
0
0
0
0
0
0
0
0
0
0
0
0
0
0
0
0
0
0
0
0
0
0
0
0
0
0
0
0
0
0
0
0
0
0
0
0
0
0
0
0
0
0
0
0
0
0
0
0
0
0
0
0
0
0
0
0
0
0
0
0
0
0
0
0
0
0
0
0
0
0
0
0
0
0
0
0
0
0
0
0
0
0
0
0
0
0
0
0
0
0
0
0
0
0
0
0
0
0
0
0
0
0
0
0
0
0
0
0
0
0
0
0
0
0
0
0
0
0
0
0
0
0
0
0
0
0
0
0
0
0
0
0
0
0
0
0
0
0
0
0
0
0
0
0
0
0
0
0
0
0
0
0
0
0
0
0
0
0
0
0
0
0
0
0
0
0
0
0
0
0
0
0
0
0
0
0
0
0
0
0
0
0
0
0
0
0
0
0
0
0
0
0
0
0
0
0
0
0
0
0
0
0
0
0
0
0
0
0
0
0
0
0
0
0
0
0
0
0
0
0
0
0
0
0
0
0
0
0
0
0
0
0
0
0
0
0
0
0
0
0
0
0
0
0
0
0
0
0
0
0
0
0
0
0
0
0
0
0
0
0
0
0
0
0
0
0
0
0
0
0
0
0
0
0
0
0
0
0
0
0
0
0
0
0
0
0
0
0
0
0
0
0
0
0
0
0
0
0
0
0
0
0
0
0
0
0
0
0
0
0
0
0
0
0
0
0
0
0
0
0
0
0
0
0
0
0
0
0
0
0
0
0
0
0
0
0
0
0
0
0
0
0
0
0
0
0
0
0
0
0
0
0
0
0
0
0
0
0
0
0
0
0
0
0
0
0
0
0
0
0
0
0
0
0
0
0
0
0
0
0
0
0
0
0
0
0
0
0
0
0
0
0
0
0
0
0
0
0
0
0
0
0
0
0
0
0
0
0
0
0
0
0
0
0
0
0
0
0
0
0
0
0
0
0
0
0
0
0
0
0
0
0
0
0
0
0
0
0
0
0
0
0
0
0
0
0
0
0
0
0
0
0
0
0
0
0
0
0
0
0
0
0
0
0
0
0
0
0
0
0
0
0
0
0
0
0
0
0
0
0
0
0
0
0
0
0
0
0
0
0
0
0
0
0
0
0
0
0
0
0
0
0
0
0
0
0
0
0
0
0
0
0
0
0
0
0
0
0
0
0
0
0
0
0
0
0
0
0
0
0
0
0
0
0
0
0
0
0
0
0
0
0
0
0
0
0
0
0
0
0
0
0
0
0
0
0
0
0
0
0
0
0
0
0
0
0
0
0
0
0
0
0
0
0
0
0
0
0
0
0
0
0
0
0
0
0
0
0
0
0
0
0
0
0
0
0
0
0
0
0
0
0
0
0
0
0
0
0
0
0
0
0
0
0
0
0
0
0
0
0
0
0
0
0
0
0
0
0
0
0
0
0
0
0
0
0
0
0
0
0
0
0
0
0
0
0
0
0
0
0
0
0
0
0
0
0
0
0
0
0
0
0
0
0
0
0
0
0
0
0
0
0
0
0
0
0
0
0
0
0
0
0
0
0
0
0
0
0
0
0
0
0
0
0
0
0
0
0
0
0
0
0
0
0
0
0
0
0
0
0
0
0
0
0
0
0
0
0
0
0
0
0
0
0
0
0
0
0
0
0
0
0
0
0
0
0
0
0
0
0
0
0
0
0
0
0
0
0
0
0
0
0
0
0
0
0
0
0
0
0
0
0
0
0
0
0
0
0
0
0
0
0
0
0
0
0
0
0
0
0
0
0
0
0
0
0
0
0
0
0
0
0
0
0
0
0
0
0
0
0
0
0
0
0
0
0
0
0
0
0
0
0
0
0
0
0
0
0
0
0
0
0
0
0
0
0
0
0
0
0
0
0
0
0
0
0
0
0
0
0
0
0
0
0
0
0
0
0
0
0
0
0
0
0
0
0
0
0
0
0
0
0
0
0
0
0
0
0
0
0
0
0
0
0
0
0
0
0
0
0
0
0
0
0
0
0
0
0
0
0
0
0
0
0
0
0
0
0
0
0
0
0
0
0
0
0
0
0
0
0
0
0
0
0
0
0
0
0
0
0
0
0
0
0
0
0
0
0
0
0
0
0
0
0
0
0
0
0
0
0
0
0
0
0
0
0
0
0
0
0
0
0
0
0
0
0
0
0
0
0
0
0
0
0
0
0
0
0
0
0
0
0
0
0
0
0
0
0
0
0
0
0
0
0
0
0
0
0
0
0
0
0
0
0
0
0
0
0
0
0
0
0
0
0
0
0
0
0
0
0
0
0
0
0
0
0
0
0
0
0
0
0
0
0
0
0
0
0
0
0
0
0
0
0
0
0
0
0
0
0
0
0
0
0
0
0
0
0
0
0
0
0
0
0
0
0
0
0
0
0
0
0
0
0
0
0
0
0
0
0
0
0
0
0
0
0
0
0
0
0
0
0
0
0
0
0
0
0
0
0
0
0
0
0
0
0
0
0
0
0
0
0
0
0
0
0
0
0
0
0
0
0
0
0
0
0
0
0
0
0
0
0
0
0
0
0
0
0
0
0
0
0
0
0
0
0
0
0
0
0
0
0
0
0
0
0
0
0
0
0
0
0
0
0
0
0
0
0
0
0
0
0
0
0
0
0
0
0
0
0
0
0
0
0
0
0
0
0
0
0
0
0
0
0
0
0
0
0
0
0
0
0
0
0
0
0
0
0
0
0
0
0
0
0
0
0
0
0
0
0
0
0
0
0
0
0
0
0
0
0
0
0
0
0
0
0
0
0
0
0
0
0
0
0
0
0
0
0
0
0
0
0
0
0
0
0
0
0
0
0
0
0
0
0
0
0
0
0
0
0
0
0
0
0
0
0
0
0
0
0
0
0
0
0
0
0
0
0
0
0
0
0
0
0
0
0
0
0
0
0
0
0
0
0
0
0
0
0
0
0
0
0
0
0
0
0
0
0
0
0
0
0
0
0
0
0
0
0
0
0
0
0
0
0
0
0
0
0
0
0
0
0
0
0
0
0
0
0
0
0
0
0
0
0
0
0
0
0
0
0
0
0
0
0
0
0
0
0
0
0
0
0
0
0
0
0
0
0
0
0
0
0
0
0
0
0
0
0
0
0
0
0
0
0
0
0
0
0
0
0
0
0
0
0
0
0
0
0
0
0
0
0
0
0
0
0
0
0
0
0
0
0
0
0
0
0
0
0
0
0
0
0
0
0
0
0
0
-1.981019e+08
0
0
0
0
0
0
0
0
0
0
0
0
0
0
0
0
0
0
0
0
0
0
0
0
0
0
0
0
0
0
0
0
0
0
0
0
0
0
0
0
0
0
0
0
0
0
0
0
0
0
0
0
0
0
0
0
0
0
0
0
0
0
0
0
0
0
0
0
0
0
0
0
0
0
0
0
0
0
0
0
0
0
0
0
0
0
0
0
0
0
0
0
0
0
0
0
0
0
0
0
0
0
0
0
0
0
0
0
0
0
0
0
0
0
0
0
0
0
0
0
0
0
0
0
0
0
0
0
0
0
0
0
0
0
0
0
0
0
0
0
0
0
0
0
0
0
0
0
0
0
0
0
0
0
0
0
0
0
0
0
0
0
0
0
0
0
0
0
0
0
0
0
0
0
0
0
0
0
0
0
0
0
0
0
0
0
0
0
0
0
0
0
0
0
0
0
0
0
0
0
0
0
0
0
0
0
0
0
0
0
0
0
0
0
0
0
0
0
0
0
0
0
0
0
0
-1.983614e+08
0
0
0
0
0
0
0
0
0
0
0
0
0
0
0
0
0
0
0
0
0
0
0
0
0
-1.979675e+08
-2.326606e+08
0
0
0
0
0
0
0
0
0
0
0
0
0
0
0
0
0
0
0
0
0
0
0
0
0
0
0
0
0
0
0
0
0
0
0
0
0
0
0
0
0
0
0
0
0
0
0
0
0
0
0
0
0
0
0
0
0
0
0
0
0
0
0
0
0
0
0
0
0
0
0
0
0
0
0
0
0
0
0
0
0
0
0
0
0
0
0
0
0
0
0
0
0
0
0
0
0
0
0
0
0
0
0
0
0
0
0
0
0
0
0
0
0
0
0
0
0
0
0
0
0
0
0
0
0
0
0
0
0
0
0
0
0
0
0
0
0
0
0
0
0
0
0
0
0
0
0
0
0
0
0
0
0
0
0
0
0
0
0
0
0
0
0
0
0
0
0
0
0
0
0
0
0
0
0
0
0
0
0
0
0
0
0
0
0
0
0
0
0
0
0
0
0
0
0
0
0
0
0
0
0
0
0
0
0
0
0
0
0
0
0
0
0
0
0
-1.988927e+08
0
0
0
0
0
0
0
0
0
0
0
0
0
0
0
0
0
0
0
0
0
0
0
0
0
-1.982533e+08
-2.329441e+08
0
0
0
0
0
0
0
0
0
0
0
0
0
0
0
0
0
0
0
0
0
0
0
0
0
-1.980338e+08
-2.324948e+08
-3.348949e+08
0
0
0
0
0
0
0
0
0
0
0
0
0
0
0
0
0
0
0
0
0
0
0
0
0
0
0
0
0
0
0
0
0
0
0
0
0
0
0
0
0
0
0
0
0
0
0
0
0
0
0
0
0
0
0
0
0
0
0
0
0
0
0
0
0
0
0
0
0
0
0
0
0
0
0
0
0
0
0
0
0
0
0
0
0
0
0
0
0
0
0
0
0
0
0
0
0
0
0
0
0
0
0
0
0
0
0
0
0
0
0
0
0
0
0
0
0
0
0
0
0
0
0
0
0
0
0
0
0
0
0
0
0
0
0
0
0
0
0
0
0
0
0
0
0
0
0
0
0
0
0
0
0
0
0
0
0
0
0
0
0
0
0
0
0
0
0
0
0
0
0
0
0
0
0
0
0
0
0
0
0
0
0
0
0
0
0
0
0
0
0
0
0
0
0
0
0
0
0
0
0
0
0
0
0
-2.000566e+08
0
0
0
0
0
0
0
0
0
0
0
0
0
0
0
0
0
0
0
0
0
0
0
0
0
-1.988307e+08
-2.335147e+08
0
0
0
0
0
0
0
0
0
0
0
0
0
0
0
0
0
0
0
0
0
0
0
0
0
-1.983244e+08
-2.32803e+08
-3.352453e+08
0
0
0
0
0
0
0
0
0
0
0
0
0
0
0
0
0
0
0
0
0
0
0
0
0
-1.981311e+08
-2.325945e+08
-3.34663e+08
-6.634042e+08
0
0
0
0
0
0
0
0
0
0
0
0
0
0
0
0
0
0
0
0
0
0
0
0
0
0
0
0
0
0
0
0
0
0
0
0
0
0
0
0
0
0
0
0
0
0
0
0
0
0
0
0
0
0
0
0
0
0
0
0
0
0
0
0
0
0
0
0
0
0
0
0
0
0
0
0
0
0
0
0
0
0
0
0
0
0
0
0
0
0
0
0
0
0
0
0
0
0
0
0
0
0
0
0
0
0
0
0
0
0
0
0
0
0
0
0
0
0
0
0
0
0
0
0
0
0
0
0
0
0
0
0
0
0
0
0
0
0
0
0
0
0
0
0
0
0
0
0
0
0
0
0
0
0
0
0
0
0
0
0
0
0
0
0
0
0
0
0
0
0
0
0
0
0
0
0
0
0
0
0
0
0
0
0
0
0
0
0
0
0
0
0
0
0
0
-2.01648e+08
0
0
0
0
0
0
0
0
0
0
0
0
0
0
0
0
0
0
0
0
0
0
0
0
0
-1.998455e+08
-2.348125e+08
0
0
0
0
0
0
0
0
0
0
0
0
0
0
0
0
0
0
0
0
0
0
0
0
0
-1.988843e+08
-2.334262e+08
-3.359416e+08
0
0
0
0
0
0
0
0
0
0
0
0
0
0
0
0
0
0
0
0
0
0
0
0
0
-1.984052e+08
-2.32908e+08
-3.35044e+08
-6.63801e+08
0
0
0
0
0
0
0
0
0
0
0
0
0
0
0
0
0
0
0
0
0
0
0
0
0
-1.982056e+08
-2.327264e+08
-3.349073e+08
-6.631335e+08
-2.644555e+09
0
0
0
0
0
0
0
0
0
0
0
0
0
0
0
0
0
0
0
0
0
0
0
0
0
0
0
0
0
0
0
0
0
0
0
0
0
0
0
0
0
0
0
0
0
0
0
0
0
0
0
0
0
0
0
0
0
0
0
0
0
0
0
0
0
0
0
0
0
0
0
0
0
0
0
0
0
0
0
0
0
0
0
0
0
0
0
0
0
0
0
0
0
0
0
0
0
0
0
0
0
0
0
0
0
0
0
0
0
0
0
0
0
0
0
0
0
0
0
0
0
0
0
0
0
0
0
0
0
0
0
0
0
0
0
0
0
0
0
0
0
0
0
0
0
0
0
0
0
0
0
0
0
0
0
0
0
0
0
0
0
0
0
0
0
0
0
0
0
0
0
0
0
0
0
0
0
0
0
0
0
0
0
0
-2.034189e+08
0
0
0
0
0
0
0
0
0
0
0
0
0
0
0
0
0
0
0
0
0
0
0
0
0
-2.013614e+08
-2.365801e+08
0
0
0
0
0
0
0
0
0
0
0
0
0
0
0
0
0
0
0
0
0
0
0
0
0
-1.999458e+08
-2.345144e+08
-3.376819e+08
0
0
0
0
0
0
0
0
0
0
0
0
0
0
0
0
0
0
0
0
0
0
0
0
0
-1.989934e+08
-2.335147e+08
-3.358118e+08
-6.645339e+08
0
0
0
0
0
0
0
0
0
0
0
0
0
0
0
0
0
0
0
0
0
0
0
0
0
-1.984921e+08
-2.330203e+08
-3.352988e+08
-6.635872e+08
-2.641733e+09
0
0
0
0
0
0
0
0
0
0
0
0
0
0
0
0
0
0
0
0
0
0
0
0
0
-1.982506e+08
-2.328326e+08
-3.351934e+08
-6.642106e+08
-2.647876e+09
0
0
0
0
0
0
0
0
0
0
0
0
0
0
0
0
0
0
0
0
0
0
0
0
0
0
0
0
0
0
0
0
0
0
0
0
0
0
0
0
0
0
0
0
0
0
0
0
0
0
0
0
0
0
0
0
0
0
0
0
0
0
0
0
0
0
0
0
0
0
0
0
0
0
0
0
0
0
0
0
0
0
0
0
0
0
0
0
0
0
0
0
0
0
0
0
0
0
0
0
0
0
0
0
0
0
0
0
0
0
0
0
0
0
0
0
0
0
0
0
0
0
0
0
0
0
0
0
0
0
0
0
0
0
0
0
0
0
0
0
0
0
0
0
0
0
0
0
0
0
0
0
0
0
0
0
0
0
0
0
0
0
0
0
0
0
0
0
0
0
0
0
0
0
0
0
0
0
0
0
0
0
-2.052606e+08
0
0
0
0
0
0
0
0
0
0
0
0
0
0
0
-2.03667e+08
-2.384469e+08
0
0
0
0
0
0
0
0
0
0
0
0
0
0
0
0
0
0
0
0
0
0
0
0
0
-2.015235e+08
-2.361731e+08
-3.399698e+08
0
0
0
0
0
0
0
0
0
0
0
0
0
0
0
0
0
0
0
0
0
0
0
0
0
-2.000696e+08
-2.346608e+08
-3.371472e+08
-6.672414e+08
0
0
0
0
0
0
0
0
0
0
0
0
0
0
0
0
0
0
0
0
0
0
0
0
0
-1.990554e+08
-2.336586e+08
-3.360617e+08
-6.644607e+08
-2.634969e+09
0
0
0
0
0
0
0
0
0
0
0
0
0
0
0
0
0
0
0
0
0
0
0
0
0
-1.985523e+08
-2.331382e+08
-3.355576e+08
-6.646931e+08
-2.645308e+09
0
0
0
0
0
0
0
0
0
0
0
0
0
0
0
0
0
0
0
0
0
0
0
0
0
-1.982498e+08
-2.328966e+08
-3.354328e+08
-6.653316e+08
-2.660907e+09
0
0
0
0
0
0
0
0
0
0
0
0
0
0
0
0
0
0
0
0
0
0
0
0
0
0
0
0
0
0
0
0
0
0
0
0
0
0
0
0
0
0
0
0
0
0
0
0
0
0
0
0
0
0
0
0
0
0
0
0
0
0
0
0
0
0
0
0
0
0
0
0
0
0
0
0
0
0
0
0
0
0
0
0
0
0
0
0
0
0
0
0
0
0
0
0
0
0
0
0
0
0
0
0
0
0
0
0
0
0
0
0
0
0
0
0
0
0
0
0
0
0
0
0
0
0
0
0
0
0
0
0
0
0
0
0
0
0
0
0
0
0
0
0
0
0
0
0
0
0
0
0
0
0
0
0
0
0
0
0
0
0
0
0
0
0
0
0
0
0
0
0
0
0
0
0
0
0
0
-2.0678e+08
0
0
0
0
0
0
0
0
0
0
0
0
0
0
0
-2.062016e+08
-2.403774e+08
0
0
0
0
0
0
0
0
0
0
0
0
0
0
0
-2.037363e+08
-2.387267e+08
-3.420324e+08
0
0
0
0
0
0
0
0
0
0
0
0
0
0
0
0
0
0
0
0
0
0
0
0
0
-2.016718e+08
-2.363801e+08
-3.392008e+08
-6.702817e+08
0
0
0
0
0
0
0
0
0
0
0
0
0
0
0
0
0
0
0
0
0
0
0
0
0
-2.001379e+08
-2.348258e+08
-3.374723e+08
-6.659604e+08
-2.632217e+09
0
0
0
0
0
0
0
0
0
0
0
0
0
0
0
0
0
0
0
0
0
0
0
0
0
-1.9914e+08
-2.337441e+08
-3.363521e+08
-6.656039e+08
-2.639137e+09
0
0
0
0
0
0
0
0
0
0
0
0
0
0
0
0
0
0
0
0
0
0
0
0
0
-1.985622e+08
-2.332239e+08
-3.358149e+08
-6.657628e+08
-2.65834e+09
0
0
0
0
0
0
0
0
0
0
0
0
0
0
0
0
0
0
0
0
0
0
0
0
0
-1.983302e+08
-2.329082e+08
-3.355974e+08
-6.662858e+08
-2.673314e+09
0
0
0
0
0
0
0
0
0
0
0
0
0
0
0
0
0
0
0
0
0
0
0
0
0
0
0
0
0
0
0
0
0
0
0
0
0
0
0
0
0
0
0
0
0
0
0
0
0
0
0
0
0
0
0
0
0
0
0
0
0
0
0
0
0
0
0
0
0
0
0
0
0
0
0
0
0
0
0
0
0
0
0
0
0
0
0
0
0
0
0
0
0
0
0
0
0
0
0
0
0
0
0
0
0
0
0
0
0
0
0
0
0
0
0
0
0
0
0
0
0
0
0
0
0
0
0
0
0
0
0
0
0
0
0
0
0
0
0
0
0
0
0
0
0
0
0
0
0
0
0
0
0
0
0
0
0
0
0
0
0
0
0
0
0
0
0
0
0
0
0
0
0
0
0
-2.077258e+08
0
0
0
0
0
0
0
0
0
0
0
0
0
0
0
-2.086878e+08
-2.419551e+08
0
0
0
0
0
0
0
0
0
0
0
0
0
0
0
-2.061076e+08
-2.415404e+08
-3.441718e+08
0
0
0
0
0
0
0
0
0
0
0
0
0
0
0
-2.039557e+08
-2.388087e+08
-3.424355e+08
-6.713173e+08
0
0
0
0
0
0
0
0
0
0
0
0
0
0
0
0
0
0
0
0
0
0
0
0
0
-2.01809e+08
-2.365692e+08
-3.396099e+08
-6.682673e+08
-2.620554e+09
0
0
0
0
0
0
0
0
0
0
0
0
0
0
0
0
0
0
0
0
0
0
0
0
0
-2.00213e+08
-2.34928e+08
-3.378026e+08
-6.672279e+08
-2.628262e+09
0
0
0
0
0
0
0
0
0
0
0
0
0
0
0
0
0
0
0
0
0
0
0
0
0
-1.992085e+08
-2.3386e+08
-3.365634e+08
-6.666943e+08
-2.652522e+09
0
0
0
0
0
0
0
0
0
0
0
0
0
0
0
0
0
0
0
0
0
0
0
0
0
-1.986351e+08
-2.332519e+08
-3.360069e+08
-6.667591e+08
-2.670576e+09
0
0
0
0
0
0
0
0
0
0
0
0
0
0
0
0
0
0
0
0
0
0
0
0
0
-1.983454e+08
-2.330129e+08
-3.356684e+08
-6.670287e+08
-2.683967e+09
0
0
0
0
0
0
0
0
0
0
0
0
0
0
0
0
0
0
0
0
0
0
0
0
0
0
0
0
0
0
0
0
0
0
0
0
0
0
0
0
0
0
0
0
0
0
0
0
0
0
0
0
0
0
0
0
0
0
0
0
0
0
0
0
0
0
0
0
0
0
0
0
0
0
0
0
0
0
0
0
0
0
0
0
0
0
0
0
0
0
0
0
0
0
0
0
0
0
0
0
0
0
0
0
0
0
0
0
0
0
0
0
0
0
0
0
0
0
0
0
0
0
0
0
0
0
0
0
0
0
0
0
0
0
0
0
0
0
0
0
0
0
0
0
0
0
0
0
0
0
0
0
0
0
0
0
0
0
0
0
0
0
0
0
0
0
0
0
0
0
-2.082619e+08
0
0
0
0
0
0
0
0
0
0
0
0
0
0
0
-2.098175e+08
-2.429197e+08
0
0
0
0
0
0
0
0
0
0
0
0
0
0
0
-2.080083e+08
-2.443557e+08
-3.459059e+08
0
0
0
0
0
0
0
0
0
0
0
0
0
0
0
-2.063492e+08
-2.413828e+08
-3.461228e+08
-6.725234e+08
0
0
0
0
0
0
0
0
0
0
0
0
0
0
0
-2.041068e+08
-2.390785e+08
-3.42633e+08
-6.723281e+08
-2.585082e+09
0
0
0
0
0
0
0
0
0
0
0
0
0
0
0
0
0
0
0
0
0
0
0
0
0
-2.019235e+08
-2.367481e+08
-3.399708e+08
-6.696942e+08
-2.611718e+09
0
0
0
0
0
0
0
0
0
0
0
0
0
0
0
0
0
0
0
0
0
0
0
0
0
-2.002928e+08
-2.350272e+08
-3.380411e+08
-6.684179e+08
-2.641956e+09
0
0
0
0
0
0
0
0
0
0
0
0
0
0
0
0
0
0
0
0
0
0
0
0
0
-1.992606e+08
-2.339512e+08
-3.368031e+08
-6.676099e+08
-2.664547e+09
0
0
0
0
0
0
0
0
0
0
0
0
0
0
0
0
0
0
0
0
0
0
0
0
0
-1.986669e+08
-2.333471e+08
-3.361148e+08
-6.675346e+08
-2.681435e+09
0
0
0
0
0
0
0
0
0
0
0
0
0
0
0
0
0
0
0
0
0
0
0
0
0
-1.983872e+08
-2.330393e+08
-3.358783e+08
-6.675138e+08
-2.692939e+09
0
0
0
0
0
0
0
0
0
0
0
0
0
0
0
0
0
0
0
0
0
0
0
0
0
0
0
0
0
0
0
0
0
0
0
0
0
0
0
0
0
0
0
0
0
0
0
0
0
0
0
0
0
0
0
0
0
0
0
0
0
0
0
0
0
0
0
0
0
0
0
0
0
0
0
0
0
0
0
0
0
0
0
0
0
0
0
0
0
0
0
0
0
0
0
0
0
0
0
0
0
0
0
0
0
0
0
0
0
0
0
0
0
0
0
0
0
0
0
0
0
0
0
0
0
0
0
0
0
0
0
0
0
0
0
0
0
0
0
0
0
0
0
0
0
0
0
0
0
0
0
0
0
0
0
0
0
0
0
0
0
0
0
0
-2.082909e+08
0
0
0
0
0
0
0
0
0
0
0
0
0
0
0
-2.103449e+08
-2.434787e+08
0
0
0
0
0
0
0
0
0
0
0
0
0
0
0
-2.092415e+08
-2.455397e+08
-3.469328e+08
0
0
0
0
0
0
0
0
0
0
0
0
0
0
0
-2.08291e+08
-2.43428e+08
-3.500016e+08
-6.735025e+08
0
0
0
0
0
0
0
0
0
0
0
0
0
0
0
-2.065627e+08
-2.416779e+08
-3.45815e+08
-6.776505e+08
-2.551776e+09
0
0
0
0
0
0
0
0
0
0
0
0
0
0
0
-2.042437e+08
-2.392707e+08
-3.431143e+08
-6.73211e+08
-2.593948e+09
0
0
0
0
0
0
0
0
0
0
0
0
0
0
0
0
0
0
0
0
0
0
0
0
0
-2.020077e+08
-2.368925e+08
-3.403177e+08
-6.70941e+08
-2.625579e+09
0
0
0
0
0
0
0
0
0
0
0
0
0
0
0
0
0
0
0
0
0
0
0
0
0
-2.003926e+08
-2.351236e+08
-3.38253e+08
-6.693784e+08
-2.654298e+09
0
0
0
0
0
0
0
0
0
0
0
0
0
0
0
0
0
0
0
0
0
0
0
0
0
-1.992989e+08
-2.340255e+08
-3.369932e+08
-6.684929e+08
-2.675072e+09
0
0
0
0
0
0
0
0
0
0
0
0
0
0
0
0
0
0
0
0
0
0
0
0
0
-1.986493e+08
-2.333953e+08
-3.363074e+08
-6.681192e+08
-2.69039e+09
0
0
0
0
0
0
0
0
0
0
0
0
0
0
0
0
0
0
0
0
0
0
0
0
0
-1.984201e+08
-2.330997e+08
-3.359621e+08
-6.682507e+08
-2.700149e+09
0
0
0
0
0
0
0
0
0
0
0
0
0
0
0
0
0
0
0
0
0
0
0
0
0
0
0
0
0
0
0
0
0
0
0
0
0
0
0
0
0
0
0
0
0
0
0
0
0
0
0
0
0
0
0
0
0
0
0
0
0
0
0
0
0
0
0
0
0
0
0
0
0
0
0
0
0
0
0
0
0
0
0
0
0
0
0
0
0
0
0
0
0
0
0
0
0
0
0
0
0
0
0
0
0
0
0
0
0
0
0
0
0
0
0
0
0
0
0
0
0
0
0
0
0
0
0
0
0
0
0
0
0
0
0
0
0
0
0
0
0
0
0
0
0
0
0
0
0
0
0
0
0
0
0
0
0
-2.077936e+08
0
0
0
0
0
0
0
0
0
0
0
0
0
0
0
-2.10351e+08
-2.435103e+08
0
0
0
0
0
0
0
0
0
0
0
0
0
0
0
-2.098339e+08
-2.460828e+08
-3.475439e+08
0
0
0
0
0
0
0
0
0
0
0
0
0
0
0
-2.095503e+08
-2.447411e+08
-3.51352e+08
-6.73901e+08
0
0
0
0
0
0
0
0
0
0
0
0
0
0
0
-2.085297e+08
-2.437649e+08
-3.483091e+08
-6.841403e+08
-2.525736e+09
0
0
0
0
0
0
0
0
0
0
0
0
0
0
0
-2.067201e+08
-2.419422e+08
-3.463344e+08
-6.76928e+08
-2.584678e+09
0
0
0
0
0
0
0
0
0
0
0
0
0
0
0
-2.043838e+08
-2.394413e+08
-3.434768e+08
-6.746977e+08
-2.60419e+09
0
0
0
0
0
0
0
0
0
0
0
0
0
0
0
0
0
0
0
0
0
0
0
0
0
-2.020531e+08
-2.370045e+08
-3.405953e+08
-6.721078e+08
-2.63793e+09
0
0
0
0
0
0
0
0
0
0
0
0
0
0
0
0
0
0
0
0
0
0
0
0
0
-2.003919e+08
-2.352554e+08
-3.384555e+08
-6.702076e+08
-2.66489e+09
0
0
0
0
0
0
0
0
0
0
0
0
0
0
0
0
0
0
0
0
0
0
0
0
0
-1.993378e+08
-2.340841e+08
-3.371572e+08
-6.692194e+08
-2.684472e+09
0
0
0
0
0
0
0
0
0
0
0
0
0
0
0
0
0
0
0
0
0
0
0
0
0
-1.987268e+08
-2.33383e+08
-3.364216e+08
-6.688173e+08
-2.697995e+09
0
0
0
0
0
0
0
0
0
0
0
0
0
0
0
0
0
0
0
0
0
0
0
0
0
-1.984067e+08
-2.331421e+08
-3.360971e+08
-6.6869e+08
-2.707586e+09
0
0
0
0
0
0
0
0
0
0
0
0
0
0
0
0
0
0
0
0
0
0
0
0
0
0
0
0
0
0
0
0
0
0
0
0
0
0
0
0
0
0
0
0
0
0
0
0
0
0
0
0
0
0
0
0
0
0
0
0
0
0
0
0
0
0
0
0
0
0
0
0
0
0
0
0
0
0
0
0
0
0
0
0
0
0
0
0
0
0
0
0
0
0
0
0
0
0
0
0
0
0
0
0
0
0
0
0
0
0
0
0
0
0
0
0
0
0
0
0
0
0
0
0
0
0
0
0
0
0
0
0
0
0
0
0
0
0
0
0
0
0
0
0
0
0
0
0
0
-2.068238e+08
0
0
0
0
0
0
0
0
0
0
0
0
0
0
0
-2.098346e+08
-2.429988e+08
0
0
0
0
0
0
0
0
0
0
0
0
0
0
0
-2.098208e+08
-2.46091e+08
-3.475938e+08
0
0
0
0
0
0
0
0
0
0
0
0
0
0
0
-2.101488e+08
-2.453708e+08
-3.519442e+08
-6.742498e+08
0
0
0
0
0
0
0
0
0
0
0
0
0
0
0
-2.098137e+08
-2.45108e+08
-3.498822e+08
-6.851727e+08
-2.507564e+09
0
0
0
0
0
0
0
0
0
0
0
0
0
0
0
-2.087153e+08
-2.440554e+08
-3.488805e+08
-6.797048e+08
-2.588598e+09
0
0
0
0
0
0
0
0
0
0
0
0
0
0
0
-2.068483e+08
-2.421364e+08
-3.467943e+08
-6.784783e+08
-2.583556e+09
0
0
0
0
0
0
0
0
0
0
0
0
0
0
0
-2.044412e+08
-2.396165e+08
-3.437946e+08
-6.758849e+08
-2.617037e+09
0
0
0
0
0
0
0
0
0
0
0
0
0
0
0
0
0
0
0
0
0
0
0
0
0
-2.021164e+08
-2.370648e+08
-3.408159e+08
-6.73064e+08
-2.64898e+09
0
0
0
0
0
0
0
0
0
0
0
0
0
0
0
0
0
0
0
0
0
0
0
0
0
-2.004609e+08
-2.352684e+08
-3.386942e+08
-6.709823e+08
-2.674015e+09
0
0
0
0
0
0
0
0
0
0
0
0
0
0
0
0
0
0
0
0
0
0
0
0
0
-1.993632e+08
-2.341436e+08
-3.372964e+08
-6.698589e+08
-2.69244e+09
0
0
0
0
0
0
0
0
0
0
0
0
0
0
0
0
0
0
0
0
0
0
0
0
0
-1.987284e+08
-2.334789e+08
-3.364437e+08
-6.693062e+08
-2.705287e+09
0
0
0
0
0
0
0
0
0
0
0
0
0
0
0
0
0
0
0
0
0
0
0
0
0
-1.984219e+08
-2.33135e+08
-3.361962e+08
-6.692082e+08
-2.713409e+09
0
0
0
0
0
0
0
0
0
0
0
0
0
0
0
0
0
0
0
0
0
0
0
0
0
0
0
0
0
0
0
0
0
0
0
0
0
0
0
0
0
0
0
0
0
0
0
0
0
0
0
0
0
0
0
0
0
0
0
0
0
0
0
0
0
0
0
0
0
0
0
0
0
0
0
0
0
0
0
0
0
0
0
0
0
0
0
0
0
0
0
0
0
0
0
0
0
0
0
0
0
0
0
0
0
0
0
0
0
0
0
0
0
0
0
0
0
0
0
0
0
0
0
0
0
0
0
0
0
0
0
0
0
0
0
0
0
0
0
0
-2.052536e+08
0
0
0
0
0
0
0
0
0
0
0
0
0
0
0
-2.0869e+08
-2.419999e+08
0
0
0
0
0
0
0
0
0
0
0
0
0
0
0
-2.092273e+08
-2.455578e+08
-3.470413e+08
0
0
0
0
0
0
0
0
0
0
0
0
0
0
0
-2.101717e+08
-2.453523e+08
-3.519574e+08
-6.743622e+08
0
0
0
0
0
0
0
0
0
0
0
0
0
0
0
-2.10443e+08
-2.457435e+08
-3.506257e+08
-6.854833e+08
-2.499016e+09
0
0
0
0
0
0
0
0
0
0
0
0
0
0
0
-2.100298e+08
-2.454308e+08
-3.504927e+08
-6.813238e+08
-2.572167e+09
0
0
0
0
0
0
0
0
0
0
0
0
0
0
0
-2.088797e+08
-2.44282e+08
-3.493768e+08
-6.813273e+08
-2.565899e+09
0
0
0
0
0
0
0
0
0
0
0
0
0
0
0
-2.069701e+08
-2.422954e+08
-3.471499e+08
-6.798316e+08
-2.596129e+09
0
0
0
0
0
0
0
0
0
0
0
0
0
0
0
-2.045259e+08
-2.396961e+08
-3.440973e+08
-6.769223e+08
-2.627843e+09
0
0
0
0
0
0
0
0
0
0
0
0
0
0
0
0
0
0
0
0
0
0
0
0
0
-2.021587e+08
-2.371508e+08
-3.409612e+08
-6.738508e+08
-2.658354e+09
0
0
0
0
0
0
0
0
0
0
0
0
0
0
0
0
0
0
0
0
0
0
0
0
0
-2.004808e+08
-2.353621e+08
-3.387799e+08
-6.717449e+08
-2.68215e+09
0
0
0
0
0
0
0
0
0
0
0
0
0
0
0
0
0
0
0
0
0
0
0
0
0
-1.993695e+08
-2.341663e+08
-3.374187e+08
-6.70421e+08
-2.699487e+09
0
0
0
0
0
0
0
0
0
0
0
0
0
0
0
0
0
0
0
0
0
0
0
0
0
-1.98738e+08
-2.334866e+08
-3.36625e+08
-6.695956e+08
-2.711253e+09
0
0
0
0
0
0
0
0
0
0
0
0
0
0
0
0
0
0
0
0
0
0
0
0
0
-1.984638e+08
-2.331589e+08
-3.362229e+08
-6.696262e+08
-2.719062e+09
0
0
0
0
0
0
0
0
0
0
0
0
0
0
0
0
0
0
0
0
0
0
0
0
0
0
0
0
0
0
0
0
0
0
0
0
0
0
0
0
0
0
0
0
0
0
0
0
0
0
0
0
0
0
0
0
0
0
0
0
0
0
0
0
0
0
0
0
0
0
0
0
0
0
0
0
0
0
0
0
0
0
0
0
0
0
0
0
0
0
0
0
0
0
0
0
0
0
0
0
0
0
0
0
0
0
0
0
0
0
0
0
0
0
0
0
0
0
0
0
0
0
0
0
0
0
0
0
0
0
-2.034209e+08
0
0
0
0
0
0
0
0
0
0
0
0
0
0
0
-2.062142e+08
-2.403723e+08
0
0
0
0
0
0
0
0
0
0
0
0
0
0
0
-2.080146e+08
-2.443589e+08
-3.459619e+08
0
0
0
0
0
0
0
0
0
0
0
0
0
0
0
-2.095632e+08
-2.44725e+08
-3.513754e+08
-6.740918e+08
0
0
0
0
0
0
0
0
0
0
0
0
0
0
0
-2.104656e+08
-2.457699e+08
-3.506041e+08
-6.855091e+08
-2.499478e+09
0
0
0
0
0
0
0
0
0
0
0
0
0
0
0
-2.106345e+08
-2.460954e+08
-3.51246e+08
-6.820345e+08
-2.562955e+09
0
0
0
0
0
0
0
0
0
0
0
0
0
0
0
-2.102519e+08
-2.45689e+08
-3.510386e+08
-6.830072e+08
-2.552946e+09
0
0
0
0
0
0
0
0
0
0
0
0
0
0
0
-2.090028e+08
-2.444843e+08
-3.497795e+08
-6.82752e+08
-2.578279e+09
0
0
0
0
0
0
0
0
0
0
0
0
0
0
0
-2.070567e+08
-2.424468e+08
-3.474396e+08
-6.809523e+08
-2.607184e+09
0
0
0
0
0
0
0
0
0
0
0
0
0
0
0
-2.046012e+08
-2.398006e+08
-3.442834e+08
-6.778439e+08
-2.637348e+09
0
0
0
0
0
0
0
0
0
0
0
0
0
0
0
0
0
0
0
0
0
0
0
0
0
-2.022398e+08
-2.372087e+08
-3.411334e+08
-6.744717e+08
-2.666473e+09
0
0
0
0
0
0
0
0
0
0
0
0
0
0
0
0
0
0
0
0
0
0
0
0
0
-2.005268e+08
-2.353907e+08
-3.389499e+08
-6.722361e+08
-2.689535e+09
0
0
0
0
0
0
0
0
0
0
0
0
0
0
0
0
0
0
0
0
0
0
0
0
0
-1.994218e+08
-2.341896e+08
-3.374862e+08
-6.708871e+08
-2.70578e+09
0
0
0
0
0
0
0
0
0
0
0
0
0
0
0
0
0
0
0
0
0
0
0
0
0
-1.987592e+08
-2.3351e+08
-3.366727e+08
-6.701855e+08
-2.716184e+09
0
0
0
0
0
0
0
0
0
0
0
0
0
0
0
0
0
0
0
0
0
0
0
0
0
-1.984902e+08
-2.332157e+08
-3.362789e+08
-6.69889e+08
-2.723951e+09
0
0
0
0
0
0
0
0
0
0
0
0
0
0
0
0
0
0
0
0
0
0
0
0
0
0
0
0
0
0
0
0
0
0
0
0
0
0
0
0
0
0
0
0
0
0
0
0
0
0
0
0
0
0
0
0
0
0
0
0
0
0
0
0
0
0
0
0
0
0
0
0
0
0
0
0
0
0
0
0
0
0
0
0
0
0
0
0
0
0
0
0
0
0
0
0
0
0
0
0
0
0
0
0
0
0
0
0
0
0
0
0
0
0
0
0
0
0
0
-2.016255e+08
0
0
0
0
0
0
0
0
0
0
0
0
0
0
0
-2.036138e+08
-2.384589e+08
0
0
0
0
0
0
0
0
0
0
0
0
0
0
0
-2.061154e+08
-2.415546e+08
-3.441606e+08
0
0
0
0
0
0
0
0
0
0
0
0
0
0
0
-2.082951e+08
-2.434312e+08
-3.500054e+08
-6.735938e+08
0
0
0
0
0
0
0
0
0
0
0
0
0
0
0
-2.098325e+08
-2.451232e+08
-3.498585e+08
-6.852116e+08
-2.508175e+09
0
0
0
0
0
0
0
0
0
0
0
0
0
0
0
-2.106606e+08
-2.461316e+08
-3.512847e+08
-6.820131e+08
-2.563014e+09
0
0
0
0
0
0
0
0
0
0
0
0
0
0
0
-2.108468e+08
-2.463339e+08
-3.518349e+08
-6.837411e+08
-2.546113e+09
0
0
0
0
0
0
0
0
0
0
0
0
0
0
0
-2.103486e+08
-2.459464e+08
-3.514827e+08
-6.845252e+08
-2.565295e+09
0
0
0
0
0
0
0
0
0
0
0
0
0
0
0
-2.09113e+08
-2.446377e+08
-3.501312e+08
-6.839571e+08
-2.589371e+09
0
0
0
0
0
0
0
0
0
0
0
0
0
0
0
-2.071075e+08
-2.425615e+08
-3.477168e+08
-6.818745e+08
-2.616775e+09
0
0
0
0
0
0
0
0
0
0
0
0
0
0
0
-2.04633e+08
-2.398994e+08
-3.444833e+08
-6.785635e+08
-2.645618e+09
0
0
0
0
0
0
0
0
0
0
0
0
0
0
0
0
0
0
0
0
0
0
0
0
0
-2.022411e+08
-2.373139e+08
-3.412686e+08
-6.750822e+08
-2.673423e+09
0
0
0
0
0
0
0
0
0
0
0
0
0
0
0
0
0
0
0
0
0
0
0
0
0
-2.005418e+08
-2.354418e+08
-3.390393e+08
-6.727947e+08
-2.695619e+09
0
0
0
0
0
0
0
0
0
0
0
0
0
0
0
0
0
0
0
0
0
0
0
0
0
-1.994353e+08
-2.34253e+08
-3.375625e+08
-6.712554e+08
-2.711174e+09
0
0
0
0
0
0
0
0
0
0
0
0
0
0
0
0
0
0
0
0
0
0
0
0
0
-1.987677e+08
-2.335348e+08
-3.36735e+08
-6.704886e+08
-2.721624e+09
0
0
0
0
0
0
0
0
0
0
0
0
0
0
0
0
0
0
0
0
0
0
0
0
-1.984868e+08
-2.332486e+08
-3.363918e+08
-6.701552e+08
-2.728062e+09
0
0
0
0
0
0
0
0
0
0
0
0
0
0
0
0
0
0
0
0
0
0
0
0
0
0
0
0
0
0
0
0
0
0
0
0
0
0
0
0
0
0
0
0
0
0
0
0
0
0
0
0
0
0
0
0
0
0
0
0
0
0
0
0
0
0
0
0
0
0
0
0
0
0
0
0
0
0
0
0
0
0
0
0
0
0
0
0
0
0
0
0
0
0
0
0
0
-2.00027e+08
0
0
0
0
0
0
0
0
0
0
0
0
0
0
0
0
0
0
0
0
0
0
0
0
0
-2.013152e+08
-2.36571e+08
0
0
0
0
0
0
0
0
0
0
0
0
0
0
0
-2.037145e+08
-2.386599e+08
-3.420521e+08
0
0
0
0
0
0
0
0
0
0
0
0
0
0
0
-2.063554e+08
-2.413944e+08
-3.461444e+08
-6.724947e+08
0
0
0
0
0
0
0
0
0
0
0
0
0
0
0
-2.085212e+08
-2.437697e+08
-3.483091e+08
-6.841469e+08
-2.525961e+09
0
0
0
0
0
0
0
0
0
0
0
0
0
0
0
-2.100046e+08
-2.454452e+08
-3.505133e+08
-6.812775e+08
-2.572267e+09
0
0
0
0
0
0
0
0
0
0
0
0
0
0
0
-2.108244e+08
-2.463618e+08
-3.518815e+08
-6.838132e+08
-2.546129e+09
0
0
0
0
0
0
0
0
0
0
0
0
0
0
0
-2.109774e+08
-2.465838e+08
-3.52255e+08
-6.853468e+08
-2.55848e+09
0
0
0
0
0
0
0
0
0
0
0
0
0
0
0
-2.104473e+08
-2.46077e+08
-3.518997e+08
-6.858011e+08
-2.57654e+09
0
0
0
0
0
0
0
0
0
0
0
0
0
0
0
-2.092039e+08
-2.447736e+08
-3.504109e+08
-6.849955e+08
-2.599037e+09
0
0
0
0
0
0
0
0
0
0
0
0
0
0
0
-2.072042e+08
-2.426285e+08
-3.479345e+08
-6.827483e+08
-2.624985e+09
0
0
0
0
0
0
0
0
0
0
0
0
0
0
0
-2.04684e+08
-2.399484e+08
-3.446735e+08
-6.792506e+08
-2.652805e+09
0
0
0
0
0
0
0
0
0
0
0
0
0
0
0
0
0
0
0
0
0
0
0
0
0
-2.022729e+08
-2.373198e+08
-3.414584e+08
-6.756227e+08
-2.679655e+09
0
0
0
0
0
0
0
0
0
0
0
0
0
0
0
0
0
0
0
0
0
0
0
0
0
-2.005747e+08
-2.354628e+08
-3.391402e+08
-6.732231e+08
-2.701343e+09
0
0
0
0
0
0
0
0
0
0
0
0
0
0
0
0
0
0
0
0
0
0
0
0
0
-1.994325e+08
-2.342704e+08
-3.376744e+08
-6.716126e+08
-2.715954e+09
0
0
0
0
0
0
0
0
0
0
0
0
0
0
0
0
0
0
0
0
0
0
0
0
-1.988243e+08
-2.335524e+08
-3.367934e+08
-6.707786e+08
-2.725849e+09
0
0
0
0
0
0
0
0
0
0
0
0
0
0
0
0
0
0
0
0
0
0
0
-1.985143e+08
-2.332528e+08
-3.364624e+08
-6.705417e+08
-2.731764e+09
0
0
0
0
0
0
0
0
0
0
0
0
0
0
0
0
0
0
0
0
0
0
0
0
0
0
0
0
0
0
0
0
0
0
0
0
0
0
0
0
0
0
0
0
0
0
0
0
0
0
0
0
0
0
0
0
0
0
0
0
0
0
0
0
0
0
0
0
0
0
0
0
0
0
-1.988627e+08
0
0
0
0
0
0
0
0
0
0
0
0
0
0
0
0
0
0
0
0
0
0
0
0
0
-1.998406e+08
-2.347939e+08
0
0
0
0
0
0
0
0
0
0
0
0
0
0
0
0
0
0
0
0
0
0
0
0
0
-2.015432e+08
-2.361215e+08
-3.3997e+08
0
0
0
0
0
0
0
0
0
0
0
0
0
0
0
-2.039552e+08
-2.387825e+08
-3.423455e+08
-6.713485e+08
0
0
0
0
0
0
0
0
0
0
0
0
0
0
0
-2.065397e+08
-2.416871e+08
-3.458291e+08
-6.776926e+08
-2.551717e+09
0
0
0
0
0
0
0
0
0
0
0
0
0
0
0
-2.087196e+08
-2.440458e+08
-3.488837e+08
-6.796948e+08
-2.588621e+09
0
0
0
0
0
0
0
0
0
0
0
0
0
0
0
-2.101865e+08
-2.456578e+08
-3.51057e+08
-6.830441e+08
-2.552809e+09
0
0
0
0
0
0
0
0
0
0
0
0
0
0
0
-2.109626e+08
-2.46556e+08
-3.522873e+08
-6.854062e+08
-2.558654e+09
0
0
0
0
0
0
0
0
0
0
0
0
0
0
0
-2.11084e+08
-2.467414e+08
-3.526655e+08
-6.865769e+08
-2.569866e+09
0
0
0
0
0
0
0
0
0
0
0
0
0
0
0
-2.105661e+08
-2.462015e+08
-3.521632e+08
-6.86938e+08
-2.586247e+09
0
0
0
0
0
0
0
0
0
0
0
0
0
0
0
-2.092906e+08
-2.448896e+08
-3.506584e+08
-6.858695e+08
-2.607468e+09
0
0
0
0
0
0
0
0
0
0
0
0
0
0
0
-2.072651e+08
-2.427453e+08
-3.480799e+08
-6.834614e+08
-2.632552e+09
0
0
0
0
0
0
0
0
0
0
0
0
0
0
0
-2.047162e+08
-2.40011e+08
-3.447863e+08
-6.79879e+08
-2.659401e+09
0
0
0
0
0
0
0
0
0
0
0
0
0
0
0
0
0
0
0
0
0
0
0
0
0
-2.022885e+08
-2.373641e+08
-3.41506e+08
-6.762134e+08
-2.685413e+09
0
0
0
0
0
0
0
0
0
0
0
0
0
0
0
0
0
0
0
0
0
0
0
0
0
-2.005921e+08
-2.355098e+08
-3.391948e+08
-6.736096e+08
-2.706334e+09
0
0
0
0
0
0
0
0
0
0
0
0
0
0
0
0
0
0
0
0
0
0
0
0
-1.99442e+08
-2.342764e+08
-3.377303e+08
-6.719971e+08
-2.720305e+09
0
0
0
0
0
0
0
0
0
0
0
0
0
0
0
0
0
0
0
0
0
0
0
-1.988083e+08
-2.336208e+08
-3.368462e+08
-6.710571e+08
-2.729617e+09
0
0
0
0
0
0
0
0
0
0
0
0
0
0
0
0
0
0
0
0
0
0
-1.985218e+08
-2.3329e+08
-3.364983e+08
-6.708313e+08
-2.735604e+09
0
0
0
0
0
0
0
0
0
0
0
0
0
0
0
0
0
0
0
0
0
0
0
0
0
0
0
0
0
0
0
0
0
0
0
0
0
0
0
0
0
0
0
0
0
0
0
0
0
0
-1.983721e+08
0
0
0
0
0
0
0
0
0
0
0
0
0
0
0
0
0
0
0
0
0
0
0
0
0
-1.988191e+08
-2.334826e+08
0
0
0
0
0
0
0
0
0
0
0
0
0
0
0
0
0
0
0
0
0
0
0
0
0
-1.999596e+08
-2.34529e+08
-3.376751e+08
0
0
0
0
0
0
0
0
0
0
0
0
0
0
0
0
0
0
0
0
0
0
0
0
0
-2.016497e+08
-2.36413e+08
-3.391311e+08
-6.702945e+08
0
0
0
0
0
0
0
0
0
0
0
0
0
0
0
-2.041438e+08
-2.390819e+08
-3.425976e+08
-6.72178e+08
-2.585148e+09
0
0
0
0
0
0
0
0
0
0
0
0
0
0
0
-2.067117e+08
-2.419135e+08
-3.46343e+08
-6.769444e+08
-2.584817e+09
0
0
0
0
0
0
0
0
0
0
0
0
0
0
0
-2.088787e+08
-2.442886e+08
-3.493667e+08
-6.813263e+08
-2.56582e+09
0
0
0
0
0
0
0
0
0
0
0
0
0
0
0
-2.103363e+08
-2.458807e+08
-3.514395e+08
-6.845619e+08
-2.565435e+09
0
0
0
0
0
0
0
0
0
0
0
0
0
0
0
-2.111014e+08
-2.467283e+08
-3.526326e+08
-6.8662e+08
-2.569982e+09
0
0
0
0
0
0
0
0
0
0
0
0
0
0
0
-2.112172e+08
-2.468783e+08
-3.529463e+08
-6.877065e+08
-2.579389e+09
0
0
0
0
0
0
0
0
0
0
0
0
0
0
0
-2.106416e+08
-2.463476e+08
-3.523928e+08
-6.878142e+08
-2.594786e+09
0
0
0
0
0
0
0
0
0
0
0
0
0
0
0
-2.093631e+08
-2.449956e+08
-3.508725e+08
-6.866442e+08
-2.614876e+09
0
0
0
0
0
0
0
0
0
0
0
0
0
0
0
-2.073196e+08
-2.428246e+08
-3.482857e+08
-6.840158e+08
-2.639022e+09
0
0
0
0
0
0
0
0
0
0
0
0
0
0
0
-2.04784e+08
-2.400614e+08
-3.449132e+08
-6.803323e+08
-2.665222e+09
0
0
0
0
0
0
0
0
0
0
0
0
0
0
0
0
0
0
0
0
0
0
0
0
0
-2.023577e+08
-2.373925e+08
-3.41604e+08
-6.765292e+08
-2.690846e+09
0
0
0
0
0
0
0
0
0
0
0
0
0
0
0
0
0
0
0
0
0
0
0
0
-2.005952e+08
-2.355442e+08
-3.393005e+08
-6.738928e+08
-2.710695e+09
0
0
0
0
0
0
0
0
0
0
0
0
0
0
0
0
0
0
0
0
0
0
0
-1.995066e+08
-2.342889e+08
-3.377582e+08
-6.722778e+08
-2.724425e+09
0
0
0
0
0
0
0
0
0
0
0
0
0
0
0
0
0
0
0
0
0
0
-1.988078e+08
-2.336112e+08
-3.369707e+08
-6.712987e+08
-2.733208e+09
0
0
0
0
0
0
0
0
0
0
0
0
0
0
0
0
0
0
0
0
0
-1.985154e+08
-2.333041e+08
-3.365707e+08
-6.710433e+08
-2.739027e+09
0
0
0
0
0
0
0
0
0
0
0
0
0
0
0
0
0
0
0
0
0
0
0
0
0
-1.981226e+08
0
0
0
0
0
0
0
0
0
0
0
0
0
0
0
0
0
0
0
0
0
0
0
0
0
-1.982255e+08
-2.329568e+08
0
0
0
0
0
0
0
0
0
0
0
0
0
0
0
0
0
0
0
0
0
0
0
0
0
-1.988738e+08
-2.334174e+08
-3.359012e+08
0
0
0
0
0
0
0
0
0
0
0
0
0
0
0
0
0
0
0
0
0
0
0
0
0
-2.000399e+08
-2.346822e+08
-3.371751e+08
-6.672566e+08
0
0
0
0
0
0
0
0
0
0
0
0
0
0
0
0
0
0
0
0
0
0
0
0
0
-2.018049e+08
-2.365506e+08
-3.396599e+08
-6.681435e+08
-2.620641e+09
0
0
0
0
0
0
0
0
0
0
0
0
0
0
0
-2.042389e+08
-2.393163e+08
-3.431207e+08
-6.731521e+08
-2.593537e+09
0
0
0
0
0
0
0
0
0
0
0
0
0
0
0
-2.06842e+08
-2.421282e+08
-3.467554e+08
-6.784807e+08
-2.583572e+09
0
0
0
0
0
0
0
0
0
0
0
0
0
0
0
-2.090016e+08
-2.444831e+08
-3.497886e+08
-6.827396e+08
-2.578269e+09
0
0
0
0
0
0
0
0
0
0
0
0
0
0
0
-2.104993e+08
-2.46065e+08
-3.518237e+08
-6.857263e+08
-2.57663e+09
0
0
0
0
0
0
0
0
0
0
0
0
0
0
0
-2.112052e+08
-2.468987e+08
-3.529364e+08
-6.876674e+08
-2.579467e+09
0
0
0
0
0
0
0
0
0
0
0
0
0
0
0
-2.112876e+08
-2.470435e+08
-3.532065e+08
-6.885722e+08
-2.587869e+09
0
0
0
0
0
0
0
0
0
0
0
0
0
0
0
-2.107235e+08
-2.464423e+08
-3.526477e+08
-6.885483e+08
-2.602198e+09
0
0
0
0
0
0
0
0
0
0
0
0
0
0
0
-2.094254e+08
-2.450875e+08
-3.510657e+08
-6.873229e+08
-2.621472e+09
0
0
0
0
0
0
0
0
0
0
0
0
0
0
0
-2.073779e+08
-2.428953e+08
-3.484417e+08
-6.846452e+08
-2.644598e+09
0
0
0
0
0
0
0
0
0
0
0
0
0
0
0
-2.048325e+08
-2.401378e+08
-3.450218e+08
-6.80793e+08
-2.670169e+09
0
0
0
0
0
0
0
0
0
0
0
0
0
0
0
0
0
0
0
0
0
0
0
0
-2.023826e+08
-2.374733e+08
-3.41674e+08
-6.769121e+08
-2.695072e+09
0
0
0
0
0
0
0
0
0
0
0
0
0
0
0
0
0
0
0
0
0
0
0
-2.006344e+08
-2.355455e+08
-3.393779e+08
-6.742905e+08
-2.714507e+09
0
0
0
0
0
0
0
0
0
0
0
0
0
0
0
0
0
0
0
0
0
0
-1.995125e+08
-2.343682e+08
-3.378213e+08
-6.724611e+08
-2.727899e+09
0
0
0
0
0
0
0
0
0
0
0
0
0
0
0
0
0
0
0
0
0
-1.988358e+08
-2.336143e+08
-3.369796e+08
-6.716917e+08
-2.736236e+09
0
0
0
0
0
0
0
0
0
0
0
0
0
0
0
0
0
0
0
0
-1.985323e+08
-2.33302e+08
-3.366132e+08
-6.713006e+08
-2.741787e+09
0
0
0
0
0
0
0
0
0
0
0
0
0
0
0
0
0
0
0
0
0
0
0
0
0
-1.97955e+08
-2.326925e+08
0
0
0
0
0
0
0
0
0
0
0
0
0
0
0
0
0
0
0
0
0
0
0
0
0
-1.982891e+08
-2.327736e+08
-3.352701e+08
0
0
0
0
0
0
0
0
0
0
0
0
0
0
0
0
0
0
0
0
0
0
0
0
0
-1.990067e+08
-2.334927e+08
-3.357992e+08
-6.64471e+08
0
0
0
0
0
0
0
0
0
0
0
0
0
0
0
0
0
0
0
0
0
0
0
0
0
-2.001549e+08
-2.348004e+08
-3.37502e+08
-6.660075e+08
-2.632507e+09
0
0
0
0
0
0
0
0
0
0
0
0
0
0
0
0
0
0
0
0
0
0
0
0
0
-2.018982e+08
-2.367425e+08
-3.399523e+08
-6.697865e+08
-2.611317e+09
0
0
0
0
0
0
0
0
0
0
0
0
0
0
0
-2.043446e+08
-2.394326e+08
-3.435453e+08
-6.747062e+08
-2.604009e+09
0
0
0
0
0
0
0
0
0
0
0
0
0
0
0
-2.069654e+08
-2.422884e+08
-3.471368e+08
-6.797657e+08
-2.596106e+09
0
0
0
0
0
0
0
0
0
0
0
0
0
0
0
-2.09114e+08
-2.446374e+08
-3.501329e+08
-6.83975e+08
-2.589344e+09
0
0
0
0
0
0
0
0
0
0
0
0
0
0
0
-2.105559e+08
-2.462607e+08
-3.521455e+08
-6.86832e+08
-2.586028e+09
0
0
0
0
0
0
0
0
0
0
0
0
0
0
0
-2.113023e+08
-2.470281e+08
-3.532331e+08
-6.885726e+08
-2.58782e+09
0
0
0
0
0
0
0
0
0
0
0
0
0
0
0
-2.113959e+08
-2.471286e+08
-3.534891e+08
-6.893971e+08
-2.595061e+09
0
0
0
0
0
0
0
0
0
0
0
0
0
0
0
-2.10796e+08
-2.46546e+08
-3.528267e+08
-6.892994e+08
-2.608603e+09
0
0
0
0
0
0
0
0
0
0
0
0
0
0
0
-2.09486e+08
-2.451675e+08
-3.51236e+08
-6.879326e+08
-2.627347e+09
0
0
0
0
0
0
0
0
0
0
0
0
0
0
0
-2.073995e+08
-2.42966e+08
-3.485754e+08
-6.851706e+08
-2.649982e+09
0
0
0
0
0
0
0
0
0
0
0
0
0
0
-2.04852e+08
-2.402011e+08
-3.451571e+08
-6.812003e+08
-2.674793e+09
0
0
0
0
0
0
0
0
0
0
0
0
0
0
0
0
0
0
0
0
0
0
0
-2.024107e+08
-2.375141e+08
-3.418118e+08
-6.772127e+08
-2.699214e+09
0
0
0
0
0
0
0
0
0
0
0
0
0
0
0
0
0
0
0
0
0
0
-2.006884e+08
-2.356093e+08
-3.394079e+08
-6.745823e+08
-2.718511e+09
0
0
0
0
0
0
0
0
0
0
0
0
0
0
0
0
0
0
0
0
0
-1.994704e+08
-2.343852e+08
-3.379484e+08
-6.727864e+08
-2.730877e+09
0
0
0
0
0
0
0
0
0
0
0
0
0
0
0
0
0
0
0
0
-1.988303e+08
-2.336524e+08
-3.3701e+08
-6.71833e+08
-2.7398e+09
0
0
0
0
0
0
0
0
0
0
0
0
0
0
0
0
0
0
0
-1.985091e+08
-2.333244e+08
-3.366275e+08
-6.715048e+08
-2.744602e+09
0
0
0
0
0
0
0
0
0
0
0
0
0
0
0
0
0
0
0
0
0
0
0
0
0
-1.980503e+08
-2.324817e+08
-3.34949e+08
0
0
0
0
0
0
0
0
0
0
0
0
0
0
0
0
0
0
0
0
0
0
0
0
0
-1.98375e+08
-2.328626e+08
-3.350117e+08
-6.638654e+08
0
0
0
0
0
0
0
0
0
0
0
0
0
0
0
0
0
0
0
0
0
0
0
0
0
-1.990473e+08
-2.336695e+08
-3.360187e+08
-6.644268e+08
-2.634875e+09
0
0
0
0
0
0
0
0
0
0
0
0
0
0
0
0
0
0
0
0
0
0
0
0
0
-2.002687e+08
-2.349368e+08
-3.377804e+08
-6.672739e+08
-2.628472e+09
0
0
0
0
0
0
0
0
0
0
0
0
0
0
0
0
0
0
0
0
0
0
0
0
0
-2.019846e+08
-2.368702e+08
-3.403082e+08
-6.709195e+08
-2.625908e+09
0
0
0
0
0
0
0
0
0
0
0
0
0
0
0
-2.044465e+08
-2.395735e+08
-3.437804e+08
-6.760172e+08
-2.617002e+09
0
0
0
0
0
0
0
0
0
0
0
0
0
0
0
-2.070629e+08
-2.424435e+08
-3.474363e+08
-6.809222e+08
-2.606968e+09
0
0
0
0
0
0
0
0
0
0
0
0
0
0
0
-2.092138e+08
-2.447739e+08
-3.504118e+08
-6.850099e+08
-2.599125e+09
0
0
0
0
0
0
0
0
0
0
0
0
0
0
0
-2.106573e+08
-2.463361e+08
-3.524625e+08
-6.877772e+08
-2.594597e+09
0
0
0
0
0
0
0
0
0
0
0
0
0
0
0
-2.113811e+08
-2.471511e+08
-3.534644e+08
-6.894374e+08
-2.595133e+09
0
0
0
0
0
0
0
0
0
0
0
0
0
0
0
-2.114686e+08
-2.472573e+08
-3.536524e+08
-6.901961e+08
-2.601848e+09
0
0
0
0
0
0
0
0
0
0
0
0
0
0
0
-2.108611e+08
-2.466368e+08
-3.530213e+08
-6.898863e+08
-2.614626e+09
0
0
0
0
0
0
0
0
0
0
0
0
0
0
0
-2.095429e+08
-2.452433e+08
-3.513865e+08
-6.884761e+08
-2.63263e+09
0
0
0
0
0
0
0
0
0
0
0
0
0
0
-2.074482e+08
-2.43e+08
-3.487043e+08
-6.856156e+08
-2.654807e+09
0
0
0
0
0
0
0
0
0
0
0
0
0
-2.048631e+08
-2.402316e+08
-3.452752e+08
-6.816349e+08
-2.678985e+09
0
0
0
0
0
0
0
0
0
0
0
0
0
0
0
0
0
0
0
0
0
0
-2.0243e+08
-2.375469e+08
-3.418991e+08
-6.776315e+08
-2.702707e+09
0
0
0
0
0
0
0
0
0
0
0
0
0
0
0
0
0
0
0
0
0
-2.006701e+08
-2.356731e+08
-3.395178e+08
-6.748017e+08
-2.721791e+09
0
0
0
0
0
0
0
0
0
0
0
0
0
0
0
0
0
0
0
0
-1.995227e+08
-2.34342e+08
-3.379899e+08
-6.731379e+08
-2.73432e+09
0
0
0
0
0
0
0
0
0
0
0
0
0
0
0
0
0
0
0
-1.988332e+08
-2.336507e+08
-3.370772e+08
-6.720257e+08
-2.742262e+09
0
0
0
0
0
0
0
0
0
0
0
0
0
0
0
0
0
0
-1.985567e+08
-2.333016e+08
-3.366724e+08
-6.716345e+08
-2.747175e+09
0
0
0
0
0
0
0
0
0
0
0
0
0
0
0
0
0
0
0
0
0
0
0
0
0
-1.980873e+08
-2.326099e+08
-3.346506e+08
-6.635173e+08
0
0
0
0
0
0
0
0
0
0
0
0
0
0
0
0
0
0
0
0
0
0
0
0
0
-1.984608e+08
-2.329873e+08
-3.352453e+08
-6.635453e+08
-2.641992e+09
0
0
0
0
0
0
0
0
0
0
0
0
0
0
0
0
0
0
0
0
0
0
0
0
0
-1.991649e+08
-2.337362e+08
-3.363724e+08
-6.655019e+08
-2.639001e+09
0
0
0
0
0
0
0
0
0
0
0
0
0
0
0
0
0
0
0
0
0
0
0
0
0
-2.003034e+08
-2.351013e+08
-3.380523e+08
-6.684023e+08
-2.642074e+09
0
0
0
0
0
0
0
0
0
0
0
0
0
0
0
0
0
0
0
0
0
0
0
0
0
-2.020019e+08
-2.369719e+08
-3.405725e+08
-6.720868e+08
-2.637926e+09
0
0
0
0
0
0
0
0
0
0
0
0
0
0
0
-2.044976e+08
-2.397001e+08
-3.440508e+08
-6.768963e+08
-2.628213e+09
0
0
0
0
0
0
0
0
0
0
0
0
0
0
0
-2.071281e+08
-2.425647e+08
-3.477143e+08
-6.818839e+08
-2.616685e+09
0
0
0
0
0
0
0
0
0
0
0
0
0
0
0
-2.092848e+08
-2.448985e+08
-3.506568e+08
-6.858743e+08
-2.607572e+09
0
0
0
0
0
0
0
0
0
0
0
0
0
0
0
-2.107273e+08
-2.464611e+08
-3.526322e+08
-6.886443e+08
-2.602116e+09
0
0
0
0
0
0
0
0
0
0
0
0
0
0
0
-2.114914e+08
-2.472473e+08
-3.536861e+08
-6.901437e+08
-2.601905e+09
0
0
0
0
0
0
0
0
0
0
0
0
0
0
0
-2.115458e+08
-2.473498e+08
-3.538719e+08
-6.907544e+08
-2.60796e+09
0
0
0
0
0
0
0
0
0
0
0
0
0
0
0
-2.109209e+08
-2.467147e+08
-3.531812e+08
-6.904959e+08
-2.619802e+09
0
0
0
0
0
0
0
0
0
0
0
0
0
0
-2.09594e+08
-2.453141e+08
-3.515267e+08
-6.889647e+08
-2.637385e+09
0
0
0
0
0
0
0
0
0
0
0
0
0
-2.074857e+08
-2.430589e+08
-3.487876e+08
-6.860343e+08
-2.658985e+09
0
0
0
0
0
0
0
0
0
0
0
0
-2.049057e+08
-2.402502e+08
-3.453469e+08
-6.820183e+08
-2.682965e+09
0
0
0
0
0
0
0
0
0
0
0
0
0
0
0
0
0
0
0
0
0
-2.024211e+08
-2.375761e+08
-3.419627e+08
-6.779444e+08
-2.706515e+09
0
0
0
0
0
0
0
0
0
0
0
0
0
0
0
0
0
0
0
0
-2.006836e+08
-2.356533e+08
-3.396244e+08
-6.751168e+08
-2.724735e+09
0
0
0
0
0
0
0
0
0
0
0
0
0
0
0
0
0
0
0
-1.995086e+08
-2.344071e+08
-3.379494e+08
-6.733173e+08
-2.737466e+09
0
0
0
0
0
0
0
0
0
0
0
0
0
0
0
0
0
0
-1.988612e+08
-2.33654e+08
-3.370957e+08
-6.722451e+08
-2.744817e+09
0
0
0
0
0
0
0
0
0
0
0
0
0
0
0
0
0
-1.985554e+08
-2.333601e+08
-3.366638e+08
-6.718094e+08
-2.749268e+09
0
0
0
0
0
0
0
0
0
0
0
0
0
0
0
0
0
0
0
0
0
0
0
0
0
-1.981709e+08
-2.326765e+08
-3.349365e+08
-6.631253e+08
-2.644944e+09
0
0
0
0
0
0
0
0
0
0
0
0
0
0
0
0
0
0
0
0
0
0
0
0
0
-1.985221e+08
-2.331058e+08
-3.355172e+08
-6.646249e+08
-2.645222e+09
0
0
0
0
0
0
0
0
0
0
0
0
0
0
0
0
0
0
0
0
0
0
0
0
0
-1.991875e+08
-2.338886e+08
-3.365576e+08
-6.667537e+08
-2.652093e+09
0
0
0
0
0
0
0
0
0
0
0
0
0
0
0
0
0
0
0
0
0
0
0
0
0
-2.003833e+08
-2.351499e+08
-3.383654e+08
-6.694166e+08
-2.654371e+09
0
0
0
0
0
0
0
0
0
0
0
0
0
0
0
0
0
0
0
0
0
0
0
0
0
-2.021218e+08
-2.370151e+08
-3.407721e+08
-6.730391e+08
-2.648879e+09
0
0
0
0
0
0
0
0
0
0
0
0
0
0
0
-2.045851e+08
-2.39776e+08
-3.442932e+08
-6.777882e+08
-2.637273e+09
0
0
0
0
0
0
0
0
0
0
0
0
0
0
0
-2.071885e+08
-2.42652e+08
-3.479397e+08
-6.827449e+08
-2.625044e+09
0
0
0
0
0
0
0
0
0
0
0
0
0
0
0
-2.093619e+08
-2.449907e+08
-3.508838e+08
-6.866362e+08
-2.614904e+09
0
0
0
0
0
0
0
0
0
0
0
0
0
0
0
-2.108072e+08
-2.465493e+08
-3.528538e+08
-6.892714e+08
-2.608828e+09
0
0
0
0
0
0
0
0
0
0
0
0
0
0
0
-2.115336e+08
-2.473785e+08
-3.538638e+08
-6.908124e+08
-2.607759e+09
0
0
0
0
0
0
0
0
0
0
0
0
0
0
0
-2.115728e+08
-2.474504e+08
-3.540404e+08
-6.913866e+08
-2.613038e+09
0
0
0
0
0
0
0
0
0
0
0
0
0
0
-2.1098e+08
-2.467909e+08
-3.533243e+08
-6.909846e+08
-2.624775e+09
0
0
0
0
0
0
0
0
0
0
0
0
0
-2.0963e+08
-2.453781e+08
-3.516554e+08
-6.894125e+08
-2.641713e+09
0
0
0
0
0
0
0
0
0
0
0
0
-2.075082e+08
-2.431114e+08
-3.488943e+08
-6.863667e+08
-2.66286e+09
0
0
0
0
0
0
0
0
0
0
0
-2.04941e+08
-2.403065e+08
-3.454001e+08
-6.823051e+08
-2.686558e+09
0
0
0
0
0
0
0
0
0
0
0
0
0
0
0
0
0
0
0
0
-2.024914e+08
-2.375704e+08
-3.420309e+08
-6.781857e+08
-2.709693e+09
0
0
0
0
0
0
0
0
0
0
0
0
0
0
0
0
0
0
0
-2.006843e+08
-2.356771e+08
-3.396168e+08
-6.754312e+08
-2.727773e+09
0
0
0
0
0
0
0
0
0
0
0
0
0
0
0
0
0
0
-1.995295e+08
-2.343969e+08
-3.380586e+08
-6.73353e+08
-2.739802e+09
0
0
0
0
0
0
0
0
0
0
0
0
0
0
0
0
0
-1.988633e+08
-2.336916e+08
-3.371143e+08
-6.723868e+08
-2.747188e+09
0
0
0
0
0
0
0
0
0
0
0
0
0
0
0
0
-1.985447e+08
-2.333596e+08
-3.367589e+08
-6.719139e+08
-2.75138e+09
0
0
0
0
0
0
0
0
0
0
0
0
0
0
0
0
0
0
0
0
0
0
0
0
0
-1.982228e+08
-2.32785e+08
-3.351326e+08
-6.642896e+08
-2.64793e+09
0
0
0
0
0
0
0
0
0
0
0
0
0
0
0
0
0
0
0
0
0
0
0
0
0
-1.985269e+08
-2.331846e+08
-3.357661e+08
-6.656996e+08
-2.658305e+09
0
0
0
0
0
0
0
0
0
0
0
0
0
0
0
0
0
0
0
0
0
0
0
0
0
-1.992346e+08
-2.339267e+08
-3.368386e+08
-6.676119e+08
-2.664797e+09
0
0
0
0
0
0
0
0
0
0
0
0
0
0
0
0
0
0
0
0
0
0
0
0
0
-2.004237e+08
-2.352525e+08
-3.38496e+08
-6.704326e+08
-2.665057e+09
0
0
0
0
0
0
0
0
0
0
0
0
0
0
0
0
0
0
0
0
0
0
0
0
0
-2.021673e+08
-2.371647e+08
-3.40905e+08
-6.737807e+08
-2.658394e+09
0
0
0
0
0
0
0
0
0
0
0
0
0
0
0
-2.04634e+08
-2.398804e+08
-3.444519e+08
-6.785995e+08
-2.645535e+09
0
0
0
0
0
0
0
0
0
0
0
0
0
0
0
-2.072565e+08
-2.427283e+08
-3.481118e+08
-6.834781e+08
-2.632503e+09
0
0
0
0
0
0
0
0
0
0
0
0
0
0
0
-2.094233e+08
-2.450861e+08
-3.510615e+08
-6.873426e+08
-2.62143e+09
0
0
0
0
0
0
0
0
0
0
0
0
0
0
0
-2.108664e+08
-2.466472e+08
-3.530171e+08
-6.899377e+08
-2.61453e+09
0
0
0
0
0
0
0
0
0
0
0
0
0
0
0
-2.116015e+08
-2.474345e+08
-3.540798e+08
-6.913799e+08
-2.613172e+09
0
0
0
0
0
0
0
0
0
0
0
0
0
0
-2.116225e+08
-2.474771e+08
-3.542189e+08
-6.919073e+08
-2.617947e+09
0
0
0
0
0
0
0
0
0
0
0
0
0
-2.110206e+08
-2.468656e+08
-3.534668e+08
-6.914443e+08
-2.629003e+09
0
0
0
0
0
0
0
0
0
0
0
0
-2.096783e+08
-2.454248e+08
-3.517754e+08
-6.898214e+08
-2.645647e+09
0
0
0
0
0
0
0
0
0
0
0
-2.075622e+08
-2.431413e+08
-3.489987e+08
-6.867161e+08
-2.666278e+09
0
0
0
0
0
0
0
0
0
0
-2.049478e+08
-2.403491e+08
-3.455004e+08
-6.825512e+08
-2.689672e+09
0
0
0
0
0
0
0
0
0
0
0
0
0
0
0
0
0
0
0
-2.024493e+08
-2.37655e+08
-3.42051e+08
-6.784526e+08
-2.712483e+09
0
0
0
0
0
0
0
0
0
0
0
0
0
0
0
0
0
0
-2.006739e+08
-2.356801e+08
-3.396709e+08
-6.755368e+08
-2.730631e+09
0
0
0
0
0
0
0
0
0
0
0
0
0
0
0
0
0
-1.99548e+08
-2.344221e+08
-3.380629e+08
-6.736553e+08
-2.741639e+09
0
0
0
0
0
0
0
0
0
0
0
0
0
0
0
0
-1.98861e+08
-2.336979e+08
-3.371851e+08
-6.725183e+08
-2.749222e+09
0
0
0
0
0
0
0
0
0
0
0
0
0
0
0
-1.985674e+08
-2.333514e+08
-3.367738e+08
-6.721694e+08
-2.753343e+09
0
0
0
0
0
0
0
0
0
0
0
0
0
0
0
0
0
0
0
0
0
0
0
0
0
-1.982749e+08
-2.328649e+08
-3.353667e+08
-6.652343e+08
-2.661242e+09
0
0
0
0
0
0
0
0
0
0
0
0
0
0
0
0
0
0
0
0
0
0
0
0
0
-1.986179e+08
-2.33206e+08
-3.359415e+08
-6.666514e+08
-2.670454e+09
0
0
0
0
0
0
0
0
0
0
0
0
0
0
0
0
0
0
0
0
0
0
0
0
0
-1.992866e+08
-2.339968e+08
-3.369537e+08
-6.685502e+08
-2.675156e+09
0
0
0
0
0
0
0
0
0
0
0
0
0
0
0
0
0
0
0
0
0
0
0
0
0
-2.004352e+08
-2.353075e+08
-3.38701e+08
-6.710533e+08
-2.674767e+09
0
0
0
0
0
0
0
0
0
0
0
0
0
0
0
0
0
0
0
0
0
0
0
0
0
-2.022579e+08
-2.372189e+08
-3.411696e+08
-6.743899e+08
-2.666212e+09
0
0
0
0
0
0
0
0
0
0
0
0
0
0
0
-2.046871e+08
-2.399465e+08
-3.446469e+08
-6.791884e+08
-2.653019e+09
0
0
0
0
0
0
0
0
0
0
0
0
0
0
0
-2.0732e+08
-2.428134e+08
-3.482646e+08
-6.840707e+08
-2.639112e+09
0
0
0
0
0
0
0
0
0
0
0
0
0
0
0
-2.094934e+08
-2.451645e+08
-3.512352e+08
-6.879304e+08
-2.627406e+09
0
0
0
0
0
0
0
0
0
0
0
0
0
0
0
-2.10926e+08
-2.467235e+08
-3.531933e+08
-6.904651e+08
-2.619976e+09
0
0
0
0
0
0
0
0
0
0
0
0
0
0
-2.116379e+08
-2.475197e+08
-3.541967e+08
-6.919704e+08
-2.618006e+09
0
0
0
0
0
0
0
0
0
0
0
0
0
-2.116711e+08
-2.475516e+08
-3.542834e+08
-6.924291e+08
-2.6223e+09
0
0
0
0
0
0
0
0
0
0
0
0
-2.110629e+08
-2.469179e+08
-3.535938e+08
-6.918905e+08
-2.632966e+09
0
0
0
0
0
0
0
0
0
0
0
-2.097099e+08
-2.45485e+08
-3.518673e+08
-6.902068e+08
-2.649251e+09
0
0
0
0
0
0
0
0
0
0
-2.07582e+08
-2.432044e+08
-3.490643e+08
-6.870613e+08
-2.669524e+09
0
0
0
0
0
0
0
0
0
0
-2.049708e+08
-2.403624e+08
-3.455799e+08
-6.828614e+08
-2.692489e+09
0
0
0
0
0
0
0
0
0
0
0
0
0
0
0
0
0
0
-2.024866e+08
-2.376092e+08
-3.421845e+08
-6.786225e+08
-2.715232e+09
0
0
0
0
0
0
0
0
0
0
0
0
0
0
0
0
0
-2.007353e+08
-2.35671e+08
-3.396967e+08
-6.757424e+08
-2.732704e+09
0
0
0
0
0
0
0
0
0
0
0
0
0
0
0
0
-1.995571e+08
-2.344454e+08
-3.381124e+08
-6.737656e+08
-2.744203e+09
0
0
0
0
0
0
0
0
0
0
0
0
0
0
0
-1.988806e+08
-2.336986e+08
-3.372052e+08
-6.727433e+08
-2.751179e+09
0
0
0
0
0
0
0
0
0
0
0
0
0
0
-1.985536e+08
-2.333789e+08
-3.367762e+08
-6.722831e+08
-2.755467e+09
0
0
0
0
0
0
0
0
0
0
0
0
0
0
0
0
0
0
0
0
0
0
0
0
0
-1.98334e+08
-2.329346e+08
-3.35552e+08
-6.66172e+08
-2.672998e+09
0
0
0
0
0
0
0
0
0
0
0
0
0
0
0
0
0
0
0
0
0
0
0
0
0
-1.986308e+08
-2.333274e+08
-3.36044e+08
-6.673979e+08
-2.680958e+09
0
0
0
0
0
0
0
0
0
0
0
0
0
0
0
0
0
0
0
0
0
0
0
0
0
-1.993037e+08
-2.340696e+08
-3.37115e+08
-6.691348e+08
-2.684616e+09
0
0
0
0
0
0
0
0
0
0
0
0
0
0
0
0
0
0
0
0
0
0
0
0
0
-2.005528e+08
-2.353303e+08
-3.38829e+08
-6.717762e+08
-2.682417e+09
0
0
0
0
0
0
0
0
0
0
0
0
0
0
0
0
0
0
0
0
0
0
0
0
0
-2.022627e+08
-2.37337e+08
-3.412841e+08
-6.751858e+08
-2.673258e+09
0
0
0
0
0
0
0
0
0
0
0
0
0
0
0
-2.047247e+08
-2.400191e+08
-3.447824e+08
-6.798338e+08
-2.659175e+09
0
0
0
0
0
0
0
0
0
0
0
0
0
0
0
-2.073806e+08
-2.428931e+08
-3.484287e+08
-6.84607e+08
-2.644738e+09
0
0
0
0
0
0
0
0
0
0
0
0
0
0
0
-2.095439e+08
-2.452511e+08
-3.513832e+08
-6.884777e+08
-2.632639e+09
0
0
0
0
0
0
0
0
0
0
0
0
0
0
-2.109617e+08
-2.467961e+08
-3.533367e+08
-6.910035e+08
-2.624625e+09
0
0
0
0
0
0
0
0
0
0
0
0
0
-2.11684e+08
-2.475611e+08
-3.543469e+08
-6.923909e+08
-2.622473e+09
0
0
0
0
0
0
0
0
0
0
0
0
-2.117408e+08
-2.476026e+08
-3.544254e+08
-6.927228e+08
-2.626456e+09
0
0
0
0
0
0
0
0
0
0
0
-2.111124e+08
-2.469713e+08
-3.536972e+08
-6.922644e+08
-2.636676e+09
0
0
0
0
0
0
0
0
0
0
-2.097346e+08
-2.455266e+08
-3.519751e+08
-6.905214e+08
-2.652619e+09
0
0
0
0
0
0
0
0
0
0
-2.076042e+08
-2.432348e+08
-3.491679e+08
-6.873198e+08
-2.672632e+09
0
0
0
0
0
0
0
0
0
0
-2.049992e+08
-2.403895e+08
-3.456153e+08
-6.831249e+08
-2.695324e+09
0
0
0
0
0
0
0
0
0
0
0
0
0
0
0
0
0
-2.025229e+08
-2.376564e+08
-3.421337e+08
-6.789652e+08
-2.717544e+09
0
0
0
0
0
0
0
0
0
0
0
0
0
0
0
0
-2.007287e+08
-2.357488e+08
-3.396954e+08
-6.75901e+08
-2.734946e+09
0
0
0
0
0
0
0
0
0
0
0
0
0
0
0
-1.995811e+08
-2.344604e+08
-3.381632e+08
-6.739517e+08
-2.746052e+09
0
0
0
0
0
0
0
0
0
0
0
0
0
0
-1.989107e+08
-2.337209e+08
-3.372233e+08
-6.728568e+08
-2.753223e+09
0
0
0
0
0
0
0
0
0
0
0
0
0
-1.985746e+08
-2.333687e+08
-3.368229e+08
-6.723648e+08
-2.757094e+09
0
0
0
0
0
0
0
0
0
0
0
0
0
0
0
0
0
0
0
0
0
0
0
0
0
-1.983728e+08
-2.33022e+08
-3.357065e+08
-6.66936e+08
-2.683622e+09
0
0
0
0
0
0
0
0
0
0
0
0
0
0
0
0
0
0
0
0
0
0
0
0
0
-1.986475e+08
-2.333519e+08
-3.362746e+08
-6.679822e+08
-2.689922e+09
0
0
0
0
0
0
0
0
0
0
0
0
0
0
0
0
0
0
0
0
0
0
0
0
0
-1.993599e+08
-2.340937e+08
-3.372695e+08
-6.697753e+08
-2.692193e+09
0
0
0
0
0
0
0
0
0
0
0
0
0
0
0
0
0
0
0
0
0
0
0
0
0
-2.00498e+08
-2.354702e+08
-3.389111e+08
-6.723089e+08
-2.68973e+09
0
0
0
0
0
0
0
0
0
0
0
0
0
0
0
0
0
0
0
0
0
0
0
0
0
-2.022746e+08
-2.373497e+08
-3.414925e+08
-6.756575e+08
-2.68016e+09
0
0
0
0
0
0
0
0
0
0
0
0
0
0
0
-2.047733e+08
-2.400691e+08
-3.44925e+08
-6.803293e+08
-2.665132e+09
0
0
0
0
0
0
0
0
0
0
0
0
0
0
0
-2.07391e+08
-2.429651e+08
-3.485695e+08
-6.851511e+08
-2.649861e+09
0
0
0
0
0
0
0
0
0
0
0
0
0
0
-2.095933e+08
-2.453146e+08
-3.515384e+08
-6.889604e+08
-2.637401e+09
0
0
0
0
0
0
0
0
0
0
0
0
0
-2.11066e+08
-2.468452e+08
-3.534663e+08
-6.914639e+08
-2.629061e+09
0
0
0
0
0
0
0
0
0
0
0
0
-2.117437e+08
-2.476355e+08
-3.544275e+08
-6.928386e+08
-2.62635e+09
0
0
0
0
0
0
0
0
0
0
0
-2.117886e+08
-2.476987e+08
-3.545094e+08
-6.93153e+08
-2.629583e+09
0
0
0
0
0
0
0
0
0
0
-2.111447e+08
-2.47035e+08
-3.537958e+08
-6.926128e+08
-2.639899e+09
0
0
0
0
0
0
0
0
0
0
-2.097646e+08
-2.455606e+08
-3.520562e+08
-6.908554e+08
-2.655553e+09
0
0
0
0
0
0
0
0
0
0
-2.076387e+08
-2.432633e+08
-3.492347e+08
-6.876201e+08
-2.675322e+09
0
0
0
0
0
0
0
0
0
0
-2.050034e+08
-2.404247e+08
-3.456759e+08
-6.83294e+08
-2.697865e+09
0
0
0
0
0
0
0
0
0
0
0
0
0
0
0
0
-2.025084e+08
-2.377003e+08
-3.42222e+08
-6.789652e+08
-2.720138e+09
0
0
0
0
0
0
0
0
0
0
0
0
0
0
0
-2.007786e+08
-2.357387e+08
-3.398098e+08
-6.759861e+08
-2.736952e+09
0
0
0
0
0
0
0
0
0
0
0
0
0
0
-1.995512e+08
-2.344844e+08
-3.381904e+08
-6.741402e+08
-2.748093e+09
0
0
0
0
0
0
0
0
0
0
0
0
0
-1.988948e+08
-2.337584e+08
-3.372612e+08
-6.729734e+08
-2.754885e+09
0
0
0
0
0
0
0
0
0
0
0
0
-1.985817e+08
-2.333952e+08
-3.368182e+08
-6.725138e+08
-2.758572e+09
0
0
0
0
0
0
0
0
0
0
0
0
0
0
0
0
0
0
0
0
0
0
0
0
0
-1.983658e+08
-2.330752e+08
-3.358918e+08
-6.675883e+08
-2.692603e+09
0
0
0
0
0
0
0
0
0
0
0
0
0
0
0
0
0
0
0
0
0
0
0
0
0
-1.987e+08
-2.333775e+08
-3.363635e+08
-6.687438e+08
-2.697548e+09
0
0
0
0
0
0
0
0
0
0
0
0
0
0
0
0
0
0
0
0
0
0
0
0
0
-1.993584e+08
-2.341668e+08
-3.373373e+08
-6.703541e+08
-2.699248e+09
0
0
0
0
0
0
0
0
0
0
0
0
0
0
0
0
0
0
0
0
0
0
0
0
0
-2.005546e+08
-2.354134e+08
-3.391411e+08
-6.727428e+08
-2.695807e+09
0
0
0
0
0
0
0
0
0
0
0
0
0
0
0
0
0
0
0
0
0
0
0
0
0
-2.023e+08
-2.373708e+08
-3.4155e+08
-6.762843e+08
-2.685565e+09
0
0
0
0
0
0
0
0
0
0
0
0
0
0
0
-2.048139e+08
-2.401313e+08
-3.450313e+08
-6.808142e+08
-2.670182e+09
0
0
0
0
0
0
0
0
0
0
0
0
0
0
-2.074454e+08
-2.429892e+08
-3.487053e+08
-6.855986e+08
-2.654724e+09
0
0
0
0
0
0
0
0
0
0
0
0
0
-2.096375e+08
-2.453767e+08
-3.516566e+08
-6.894377e+08
-2.6417e+09
0
0
0
0
0
0
0
0
0
0
0
0
-2.110725e+08
-2.469638e+08
-3.535714e+08
-6.918687e+08
-2.633041e+09
0
0
0
0
0
0
0
0
0
0
0
-2.117934e+08
-2.476989e+08
-3.545725e+08
-6.931367e+08
-2.630011e+09
0
0
0
0
0
0
0
0
0
0
-2.118263e+08
-2.477521e+08
-3.546778e+08
-6.934285e+08
-2.633086e+09
0
0
0
0
0
0
0
0
0
0
-2.111793e+08
-2.470723e+08
-3.539062e+08
-6.929281e+08
-2.642977e+09
0
0
0
0
0
0
0
0
0
0
-2.09802e+08
-2.455991e+08
-3.521266e+08
-6.9113e+08
-2.658437e+09
0
0
0
0
0
0
0
0
0
0
-2.076456e+08
-2.433082e+08
-3.492946e+08
-6.878634e+08
-2.677924e+09
0
0
0
0
0
0
0
0
0
0
-2.050221e+08
-2.404352e+08
-3.457407e+08
-6.835287e+08
-2.69996e+09
0
0
0
0
0
0
0
0
0
0
0
0
0
0
0
-2.024983e+08
-2.37686e+08
-3.422937e+08
-6.792394e+08
-2.721678e+09
0
0
0
0
0
0
0
0
0
0
0
0
0
0
-2.007476e+08
-2.357958e+08
-3.398184e+08
-6.76249e+08
-2.738732e+09
0
0
0
0
0
0
0
0
0
0
0
0
0
-1.995431e+08
-2.344547e+08
-3.382346e+08
-6.742459e+08
-2.749974e+09
0
0
0
0
0
0
0
0
0
0
0
0
-1.988903e+08
-2.337449e+08
-3.373245e+08
-6.731044e+08
-2.756458e+09
0
0
0
0
0
0
0
0
0
0
0
-1.986045e+08
-2.334044e+08
-3.368686e+08
-6.725571e+08
-2.760129e+09
0
0
0
0
0
0
0
0
0
0
0
0
0
0
0
0
0
0
0
0
0
0
0
0
0
-1.983976e+08
-2.33079e+08
-3.360179e+08
-6.682634e+08
-2.700412e+09
0
0
0
0
0
0
0
0
0
0
0
0
0
0
0
0
0
0
0
0
0
0
0
0
0
-1.986856e+08
-2.334529e+08
-3.36443e+08
-6.692111e+08
-2.705053e+09
0
0
0
0
0
0
0
0
0
0
0
0
0
0
0
0
0
0
0
0
0
0
0
0
0
-1.99378e+08
-2.341727e+08
-3.374886e+08
-6.707158e+08
-2.705557e+09
0
0
0
0
0
0
0
0
0
0
0
0
0
0
0
0
0
0
0
0
0
0
0
0
0
-2.005648e+08
-2.354878e+08
-3.391005e+08
-6.733964e+08
-2.701261e+09
0
0
0
0
0
0
0
0
0
0
0
0
0
0
0
0
0
0
0
0
0
0
0
0
0
-2.023437e+08
-2.374041e+08
-3.416142e+08
-6.766066e+08
-2.691094e+09
0
0
0
0
0
0
0
0
0
0
0
0
0
0
-2.048395e+08
-2.401804e+08
-3.451493e+08
-6.812173e+08
-2.674877e+09
0
0
0
0
0
0
0
0
0
0
0
0
0
-2.074924e+08
-2.430585e+08
-3.487705e+08
-6.860462e+08
-2.658905e+09
0
0
0
0
0
0
0
0
0
0
0
0
-2.096779e+08
-2.454329e+08
-3.517709e+08
-6.898253e+08
-2.645753e+09
0
0
0
0
0
0
0
0
0
0
0
-2.1113e+08
-2.4698e+08
-3.537537e+08
-6.922409e+08
-2.636567e+09
0
0
0
0
0
0
0
0
0
0
-2.118362e+08
-2.477765e+08
-3.546794e+08
-6.935719e+08
-2.63297e+09
0
0
0
0
0
0
0
0
0
0
-2.118696e+08
-2.478009e+08
-3.547712e+08
-6.938873e+08
-2.635783e+09
0
0
0
0
0
0
0
0
0
0
-2.112184e+08
-2.471177e+08
-3.539806e+08
-6.932507e+08
-2.645762e+09
0
0
0
0
0
0
0
0
0
0
-2.098212e+08
-2.456447e+08
-3.521993e+08
-6.913785e+08
-2.660978e+09
0
0
0
0
0
0
0
0
0
0
-2.076643e+08
-2.433178e+08
-3.493721e+08
-6.880873e+08
-2.68029e+09
0
0
0
0
0
0
0
0
0
0
-2.050498e+08
-2.404589e+08
-3.45774e+08
-6.837422e+08
-2.702279e+09
0
0
0
0
0
0
0
0
0
0
0
0
0
0
-2.025273e+08
-2.376819e+08
-3.422893e+08
-6.794455e+08
-2.723999e+09
0
0
0
0
0
0
0
0
0
0
0
0
0
-2.007284e+08
-2.357592e+08
-3.399084e+08
-6.763718e+08
-2.740691e+09
0
0
0
0
0
0
0
0
0
0
0
0
-1.995865e+08
-2.344507e+08
-3.381995e+08
-6.743973e+08
-2.751462e+09
0
0
0
0
0
0
0
0
0
0
0
-1.988863e+08
-2.337367e+08
-3.373182e+08
-6.732893e+08
-2.757923e+09
0
0
0
0
0
0
0
0
0
0
-1.985794e+08
-2.33431e+08
-3.368946e+08
-6.727256e+08
-2.761226e+09
0
0
0
0
0
0
0
0
0
0
0
0
0
0
0
0
0
0
0
0
0
0
0
0
0
-1.98404e+08
-2.331237e+08
-3.360719e+08
-6.688019e+08
-2.707525e+09
0
0
0
0
0
0
0
0
0
0
0
0
0
0
0
0
0
0
0
0
0
0
0
0
0
-1.987578e+08
-2.334504e+08
-3.36593e+08
-6.696199e+08
-2.711021e+09
0
0
0
0
0
0
0
0
0
0
0
0
0
0
0
0
0
0
0
0
0
0
0
0
0
-1.993981e+08
-2.342066e+08
-3.375382e+08
-6.712617e+08
-2.710571e+09
0
0
0
0
0
0
0
0
0
0
0
0
0
0
0
0
0
0
0
0
0
0
0
0
0
-2.005669e+08
-2.355065e+08
-3.392365e+08
-6.735395e+08
-2.706909e+09
0
0
0
0
0
0
0
0
0
0
0
0
0
0
0
0
0
0
0
0
0
0
0
0
-2.023563e+08
-2.374666e+08
-3.416939e+08
-6.769281e+08
-2.695309e+09
0
0
0
0
0
0
0
0
0
0
0
0
0
-2.048662e+08
-2.402204e+08
-3.452486e+08
-6.816153e+08
-2.679025e+09
0
0
0
0
0
0
0
0
0
0
0
0
-2.075343e+08
-2.431169e+08
-3.488967e+08
-6.863371e+08
-2.662921e+09
0
0
0
0
0
0
0
0
0
0
0
-2.097113e+08
-2.454849e+08
-3.518772e+08
-6.901927e+08
-2.649279e+09
0
0
0
0
0
0
0
0
0
0
-2.112102e+08
-2.470497e+08
-3.538049e+08
-6.927044e+08
-2.639887e+09
0
0
0
0
0
0
0
0
0
0
-2.118507e+08
-2.478139e+08
-3.548151e+08
-6.938989e+08
-2.636366e+09
0
0
0
0
0
0
0
0
0
0
-2.119111e+08
-2.478558e+08
-3.548643e+08
-6.941806e+08
-2.639072e+09
0
0
0
0
0
0
0
0
0
0
-2.112467e+08
-2.471655e+08
-3.54063e+08
-6.935115e+08
-2.648424e+09
0
0
0
0
0
0
0
0
0
0
-2.098533e+08
-2.456716e+08
-3.522791e+08
-6.916181e+08
-2.663323e+09
0
0
0
0
0
0
0
0
0
0
-2.077017e+08
-2.433432e+08
-3.494079e+08
-6.883179e+08
-2.682507e+09
0
0
0
0
0
0
0
0
0
0
-2.050473e+08
-2.404908e+08
-3.458246e+08
-6.838961e+08
-2.704332e+09
0
0
0
0
0
0
0
0
0
0
0
0
0
-2.025481e+08
-2.377115e+08
-3.423026e+08
-6.795238e+08
-2.72588e+09
0
0
0
0
0
0
0
0
0
0
0
0
-2.007797e+08
-2.357484e+08
-3.398719e+08
-6.766074e+08
-2.742304e+09
0
0
0
0
0
0
0
0
0
0
0
-1.995952e+08
-2.344996e+08
-3.382179e+08
-6.743882e+08
-2.753037e+09
0
0
0
0
0
0
0
0
0
0
-1.989332e+08
-2.337447e+08
-3.373115e+08
-6.73339e+08
-2.759631e+09
0
0
0
0
0
0
0
0
0
-1.985968e+08
-2.334068e+08
-3.369433e+08
-6.72843e+08
-2.762867e+09
0
0
0
0
0
0
0
0
0
0
0
0
0
0
0
0
0
0
0
0
0
0
0
0
0
-1.984583e+08
-2.331399e+08
-3.361773e+08
-6.691634e+08
-2.713808e+09
0
0
0
0
0
0
0
0
0
0
0
0
0
0
0
0
0
0
0
0
0
0
0
0
0
-1.987655e+08
-2.335321e+08
-3.366245e+08
-6.701347e+08
-2.716279e+09
0
0
0
0
0
0
0
0
0
0
0
0
0
0
0
0
0
0
0
0
0
0
0
0
0
-1.99429e+08
-2.342369e+08
-3.376182e+08
-6.715741e+08
-2.716058e+09
0
0
0
0
0
0
0
0
0
0
0
0
0
0
0
0
0
0
0
0
0
0
0
0
-2.005972e+08
-2.355172e+08
-3.392925e+08
-6.739752e+08
-2.710545e+09
0
0
0
0
0
0
0
0
0
0
0
0
0
0
0
0
0
0
0
0
0
0
0
-2.02399e+08
-2.374788e+08
-3.418096e+08
-6.772622e+08
-2.699262e+09
0
0
0
0
0
0
0
0
0
0
0
0
-2.048976e+08
-2.402539e+08
-3.45336e+08
-6.819752e+08
-2.682896e+09
0
0
0
0
0
0
0
0
0
0
0
-2.075578e+08
-2.431674e+08
-3.490032e+08
-6.867275e+08
-2.666179e+09
0
0
0
0
0
0
0
0
0
0
-2.097448e+08
-2.455276e+08
-3.51976e+08
-6.90538e+08
-2.652559e+09
0
0
0
0
0
0
0
0
0
0
-2.111888e+08
-2.471398e+08
-3.539235e+08
-6.929386e+08
-2.643229e+09
0
0
0
0
0
0
0
0
0
0
-2.119116e+08
-2.478368e+08
-3.548838e+08
-6.942723e+08
-2.639136e+09
0
0
0
0
0
0
0
0
0
0
-2.119446e+08
-2.479071e+08
-3.549619e+08
-6.944785e+08
-2.641605e+09
0
0
0
0
0
0
0
0
0
0
-2.112696e+08
-2.472019e+08
-3.541483e+08
-6.937691e+08
-2.650786e+09
0
0
0
0
0
0
0
0
0
0
-2.098677e+08
-2.457106e+08
-3.523358e+08
-6.918619e+08
-2.665515e+09
0
0
0
0
0
0
0
0
0
0
-2.077205e+08
-2.433887e+08
-3.494595e+08
-6.884897e+08
-2.684542e+09
0
0
0
0
0
0
0
0
0
0
-2.050788e+08
-2.404908e+08
-3.458823e+08
-6.840805e+08
-2.706108e+09
0
0
0
0
0
0
0
0
0
0
0
0
-2.025535e+08
-2.377383e+08
-3.423545e+08
-6.796339e+08
-2.727367e+09
0
0
0
0
0
0
0
0
0
0
0
-2.007907e+08
-2.358091e+08
-3.398753e+08
-6.766278e+08
-2.744177e+09
0
0
0
0
0
0
0
0
0
0
-1.996031e+08
-2.345106e+08
-3.382928e+08
-6.745203e+08
-2.754034e+09
0
0
0
0
0
0
0
0
0
-1.988898e+08
-2.337944e+08
-3.373409e+08
-6.733772e+08
-2.760759e+09
0
0
0
0
0
0
0
0
-1.985875e+08
-2.334279e+08
-3.369178e+08
-6.729989e+08
-2.764176e+09
0
0
0
0
0
0
0
0
0
0
0
0
0
0
0
0
0
0
0
0
0
0
0
0
0
-1.984467e+08
-2.332038e+08
-3.362331e+08
-6.696034e+08
-2.71888e+09
0
0
0
0
0
0
0
0
0
0
0
0
0
0
0
0
0
0
0
0
0
0
0
0
0
-1.988001e+08
-2.335496e+08
-3.367738e+08
-6.703946e+08
-2.721563e+09
0
0
0
0
0
0
0
0
0
0
0
0
0
0
0
0
0
0
0
0
0
0
0
0
-1.994669e+08
-2.342769e+08
-3.376909e+08
-6.719093e+08
-2.72025e+09
0
0
0
0
0
0
0
0
0
0
0
0
0
0
0
0
0
0
0
0
0
0
0
-2.006278e+08
-2.355605e+08
-3.393421e+08
-6.742514e+08
-2.714787e+09
0
0
0
0
0
0
0
0
0
0
0
0
0
0
0
0
0
0
0
0
0
0
-2.024217e+08
-2.375348e+08
-3.418572e+08
-6.776287e+08
-2.70297e+09
0
0
0
0
0
0
0
0
0
0
0
-2.049133e+08
-2.402917e+08
-3.454064e+08
-6.822911e+08
-2.68646e+09
0
0
0
0
0
0
0
0
0
0
-2.075974e+08
-2.432015e+08
-3.49094e+08
-6.870672e+08
-2.669615e+09
0
0
0
0
0
0
0
0
0
0
-2.097735e+08
-2.455704e+08
-3.520574e+08
-6.908596e+08
-2.655613e+09
0
0
0
0
0
0
0
0
0
0
-2.112141e+08
-2.471271e+08
-3.540604e+08
-6.932811e+08
-2.645757e+09
0
0
0
0
0
0
0
0
0
0
-2.119426e+08
-2.479077e+08
-3.549404e+08
-6.945154e+08
-2.642058e+09
0
0
0
0
0
0
0
0
0
0
-2.119698e+08
-2.479489e+08
-3.550517e+08
-6.947685e+08
-2.644134e+09
0
0
0
0
0
0
0
0
0
0
-2.112962e+08
-2.472316e+08
-3.542166e+08
-6.940272e+08
-2.653036e+09
0
0
0
0
0
0
0
0
0
0
-2.098983e+08
-2.457306e+08
-3.524048e+08
-6.920633e+08
-2.667621e+09
0
0
0
0
0
0
0
0
0
0
-2.077201e+08
-2.434116e+08
-3.495393e+08
-6.886754e+08
-2.686403e+09
0
0
0
0
0
0
0
0
0
0
-2.050884e+08
-2.405303e+08
-3.458928e+08
-6.842664e+08
-2.707886e+09
0
0
0
0
0
0
0
0
0
0
0
-2.02575e+08
-2.377443e+08
-3.424035e+08
-6.798094e+08
-2.728896e+09
0
0
0
0
0
0
0
0
0
0
-2.007921e+08
-2.358243e+08
-3.399683e+08
-6.767066e+08
-2.745383e+09
0
0
0
0
0
0
0
0
0
-1.995821e+08
-2.345255e+08
-3.38324e+08
-6.747114e+08
-2.755611e+09
0
0
0
0
0
0
0
0
-1.989299e+08
-2.337462e+08
-3.374183e+08
-6.734971e+08
-2.761759e+09
0
0
0
0
0
0
0
-1.986243e+08
-2.334218e+08
-3.369546e+08
-6.72996e+08
-2.765576e+09
0
0
0
0
0
0
0
0
0
0
0
0
0
0
0
0
0
0
0
0
0
0
0
0
0
-1.984956e+08
-2.331985e+08
-3.36353e+08
-6.699046e+08
-2.723981e+09
0
0
0
0
0
0
0
0
0
0
0
0
0
0
0
0
0
0
0
0
0
0
0
0
-1.987962e+08
-2.335903e+08
-3.368229e+08
-6.708786e+08
-2.725595e+09
0
0
0
0
0
0
0
0
0
0
0
0
0
0
0
0
0
0
0
0
0
0
0
-1.994114e+08
-2.343305e+08
-3.377707e+08
-6.722173e+08
-2.724201e+09
0
0
0
0
0
0
0
0
0
0
0
0
0
0
0
0
0
0
0
0
0
0
-2.006136e+08
-2.355944e+08
-3.394294e+08
-6.745204e+08
-2.718357e+09
0
0
0
0
0
0
0
0
0
0
0
0
0
0
0
0
0
0
0
0
0
-2.024358e+08
-2.375628e+08
-3.419562e+08
-6.778908e+08
-2.706502e+09
0
0
0
0
0
0
0
0
0
0
-2.049715e+08
-2.403159e+08
-3.454751e+08
-6.825614e+08
-2.68964e+09
0
0
0
0
0
0
0
0
0
0
-2.076134e+08
-2.432496e+08
-3.491717e+08
-6.873599e+08
-2.67269e+09
0
0
0
0
0
0
0
0
0
0
-2.097991e+08
-2.456078e+08
-3.521372e+08
-6.911318e+08
-2.65846e+09
0
0
0
0
0
0
0
0
0
0
-2.11247e+08
-2.471617e+08
-3.540754e+08
-6.936262e+08
-2.648502e+09
0
0
0
0
0
0
0
0
0
0
-2.119632e+08
-2.479454e+08
-3.550527e+08
-6.947382e+08
-2.644226e+09
0
0
0
0
0
0
0
0
0
0
-2.119945e+08
-2.479813e+08
-3.551271e+08
-6.950328e+08
-2.646459e+09
0
0
0
0
0
0
0
0
0
0
-2.113232e+08
-2.472633e+08
-3.542731e+08
-6.942478e+08
-2.655176e+09
0
0
0
0
0
0
0
0
0
0
-2.099211e+08
-2.457682e+08
-3.524509e+08
-6.922763e+08
-2.669527e+09
0
0
0
0
0
0
0
0
0
0
-2.07743e+08
-2.434167e+08
-3.495786e+08
-6.889044e+08
-2.688204e+09
0
0
0
0
0
0
0
0
0
0
-2.050872e+08
-2.40545e+08
-3.459591e+08
-6.843524e+08
-2.709589e+09
0
0
0
0
0
0
0
0
0
0
-2.025863e+08
-2.377788e+08
-3.424184e+08
-6.79957e+08
-2.730533e+09
0
0
0
0
0
0
0
0
0
-2.007803e+08
-2.358228e+08
-3.400057e+08
-6.769285e+08
-2.746671e+09
0
0
0
0
0
0
0
0
-1.996198e+08
-2.34504e+08
-3.383504e+08
-6.748451e+08
-2.757034e+09
0
0
0
0
0
0
0
-1.989341e+08
-2.33799e+08
-3.373588e+08
-6.73701e+08
-2.763051e+09
0
0
0
0
0
0
-1.986525e+08
-2.334635e+08
-3.369542e+08
-6.731161e+08
-2.766357e+09
0
0
0
0
0
0
0
0
0
0
0
0
0
0
0
0
0
0
0
0
0
0
0
0
-1.984702e+08
-2.332607e+08
-3.363745e+08
-6.703193e+08
-2.728104e+09
0
0
0
0
0
0
0
0
0
0
0
0
0
0
0
0
0
0
0
0
0
0
0
-1.98798e+08
-2.335915e+08
-3.369028e+08
-6.711181e+08
-2.730115e+09
0
0
0
0
0
0
0
0
0
0
0
0
0
0
0
0
0
0
0
0
0
0
-1.994943e+08
-2.342688e+08
-3.378726e+08
-6.725177e+08
-2.72783e+09
0
0
0
0
0
0
0
0
0
0
0
0
0
0
0
0
0
0
0
0
0
-2.006316e+08
-2.355892e+08
-3.394981e+08
-6.748281e+08
-2.721648e+09
0
0
0
0
0
0
0
0
0
0
0
0
0
0
0
0
0
0
0
0
-2.024514e+08
-2.375866e+08
-3.420139e+08
-6.781993e+08
-2.709611e+09
0
0
0
0
0
0
0
0
0
0
-2.049593e+08
-2.403847e+08
-3.455385e+08
-6.828047e+08
-2.692482e+09
0
0
0
0
0
0
0
0
0
0
-2.076349e+08
-2.432759e+08
-3.492558e+08
-6.876421e+08
-2.675394e+09
0
0
0
0
0
0
0
0
0
0
-2.098289e+08
-2.456425e+08
-3.522095e+08
-6.913917e+08
-2.660974e+09
0
0
0
0
0
0
0
0
0
0
-2.112663e+08
-2.472022e+08
-3.541431e+08
-6.937905e+08
-2.650993e+09
0
0
0
0
0
0
0
0
0
0
-2.119963e+08
-2.479707e+08
-3.551212e+08
-6.950353e+08
-2.64638e+09
0
0
0
0
0
0
0
0
0
0
-2.120217e+08
-2.480118e+08
-3.551882e+08
-6.952663e+08
-2.648594e+09
0
0
0
0
0
0
0
0
0
0
-2.113757e+08
-2.472996e+08
-3.543311e+08
-6.944368e+08
-2.657122e+09
0
0
0
0
0
0
0
0
0
0
-2.099458e+08
-2.457972e+08
-3.525139e+08
-6.924511e+08
-2.671376e+09
0
0
0
0
0
0
0
0
0
0
-2.077696e+08
-2.43448e+08
-3.495995e+08
-6.890392e+08
-2.69003e+09
0
0
0
0
0
0
0
0
0
0
-2.051153e+08
-2.40549e+08
-3.459933e+08
-6.845412e+08
-2.710908e+09
0
0
0
0
0
0
0
0
0
-2.025784e+08
-2.377971e+08
-3.424827e+08
-6.800426e+08
-2.731915e+09
0
0
0
0
0
0
0
0
-2.008139e+08
-2.358116e+08
-3.40002e+08
-6.770751e+08
-2.748199e+09
0
0
0
0
0
0
0
-1.996046e+08
-2.345548e+08
-3.383315e+08
-6.749328e+08
-2.75847e+09
0
0
0
0
0
0
-1.989658e+08
-2.338018e+08
-3.374482e+08
-6.736418e+08
-2.764552e+09
0
0
0
0
0
-1.986551e+08
-2.334951e+08
-3.370204e+08
-6.731572e+08
-2.767536e+09
0
0
0
0
0
0
0
0
0
0
0
0
0
0
0
0
0
0
0
0
0
0
0
-1.985073e+08
-2.332364e+08
-3.364849e+08
-6.705217e+08
-2.732336e+09
0
0
0
0
0
0
0
0
0
0
0
0
0
0
0
0
0
0
0
0
0
0
-1.988377e+08
-2.335983e+08
-3.369322e+08
-6.714208e+08
-2.733363e+09
0
0
0
0
0
0
0
0
0
0
0
0
0
0
0
0
0
0
0
0
0
-1.994665e+08
-2.34361e+08
-3.378104e+08
-6.728467e+08
-2.731203e+09
0
0
0
0
0
0
0
0
0
0
0
0
0
0
0
0
0
0
0
0
-2.006897e+08
-2.356078e+08
-3.395177e+08
-6.750924e+08
-2.72483e+09
0
0
0
0
0
0
0
0
0
0
0
0
0
0
0
0
0
0
0
-2.02454e+08
-2.376049e+08
-3.420683e+08
-6.784251e+08
-2.712563e+09
0
0
0
0
0
0
0
0
0
0
-2.050016e+08
-2.40379e+08
-3.456486e+08
-6.830642e+08
-2.695078e+09
0
0
0
0
0
0
0
0
0
0
-2.076621e+08
-2.433028e+08
-3.493093e+08
-6.879085e+08
-2.678017e+09
0
0
0
0
0
0
0
0
0
0
-2.098557e+08
-2.456797e+08
-3.522777e+08
-6.916342e+08
-2.663332e+09
0
0
0
0
0
0
0
0
0
0
-2.113002e+08
-2.472277e+08
-3.54216e+08
-6.940168e+08
-2.653089e+09
0
0
0
0
0
0
0
0
0
0
-2.120107e+08
-2.48015e+08
-3.551675e+08
-6.952545e+08
-2.648604e+09
0
0
0
0
0
0
0
0
0
0
-2.120179e+08
-2.480469e+08
-3.552436e+08
-6.954668e+08
-2.650571e+09
0
0
0
0
0
0
0
0
0
0
-2.113677e+08
-2.473657e+08
-3.543978e+08
-6.946259e+08
-2.658863e+09
0
0
0
0
0
0
0
0
0
0
-2.099551e+08
-2.45829e+08
-3.525683e+08
-6.92636e+08
-2.673055e+09
0
0
0
0
0
0
0
0
0
0
-2.077821e+08
-2.43478e+08
-3.496593e+08
-6.891531e+08
-2.69148e+09
0
0
0
0
0
0
0
0
0
-2.051272e+08
-2.405818e+08
-3.4601e+08
-6.846736e+08
-2.71251e+09
0
0
0
0
0
0
0
0
-2.026118e+08
-2.377823e+08
-3.425127e+08
-6.802289e+08
-2.733104e+09
0
0
0
0
0
0
0
-2.008187e+08
-2.358507e+08
-3.399841e+08
-6.770995e+08
-2.749659e+09
0
0
0
0
0
0
-1.995892e+08
-2.345325e+08
-3.38407e+08
-6.749574e+08
-2.759475e+09
0
0
0
0
0
-1.989509e+08
-2.338389e+08
-3.374498e+08
-6.738621e+08
-2.76517e+09
0
0
0
0
-1.986341e+08
-2.334965e+08
-3.370642e+08
-6.73326e+08
-2.768393e+09
0
0
0
0
0
0
0
0
0
0
0
0
0
0
0
0
0
0
0
0
0
0
-1.985103e+08
-2.332838e+08
-3.364779e+08
-6.708752e+08
-2.735556e+09
0
0
0
0
0
0
0
0
0
0
0
0
0
0
0
0
0
0
0
0
0
-1.988314e+08
-2.336525e+08
-3.369645e+08
-6.716256e+08
-2.736756e+09
0
0
0
0
0
0
0
0
0
0
0
0
0
0
0
0
0
0
0
0
-1.99482e+08
-2.343427e+08
-3.379585e+08
-6.728647e+08
-2.734464e+09
0
0
0
0
0
0
0
0
0
0
0
0
0
0
0
0
0
0
0
-2.00713e+08
-2.356785e+08
-3.395575e+08
-6.75256e+08
-2.727698e+09
0
0
0
0
0
0
0
0
0
0
0
0
0
0
0
0
0
0
-2.024805e+08
-2.376204e+08
-3.421103e+08
-6.786427e+08
-2.715103e+09
0
0
0
0
0
0
0
0
0
0
-2.049969e+08
-2.404269e+08
-3.456645e+08
-6.833677e+08
-2.697711e+09
0
0
0
0
0
0
0
0
0
0
-2.076648e+08
-2.433355e+08
-3.493706e+08
-6.881026e+08
-2.680481e+09
0
0
0
0
0
0
0
0
0
0
-2.098791e+08
-2.457132e+08
-3.523454e+08
-6.918634e+08
-2.66557e+09
0
0
0
0
0
0
0
0
0
0
-2.113249e+08
-2.472711e+08
-3.542724e+08
-6.94245e+08
-2.655134e+09
0
0
0
0
0
0
0
0
0
0
-2.12056e+08
-2.480324e+08
-3.552502e+08
-6.954164e+08
-2.650537e+09
0
0
0
0
0
0
0
0
0
0
-2.120671e+08
-2.480514e+08
-3.553106e+08
-6.956459e+08
-2.652371e+09
0
0
0
0
0
0
0
0
0
0
-2.11391e+08
-2.473566e+08
-3.545008e+08
-6.948286e+08
-2.660552e+09
0
0
0
0
0
0
0
0
0
0
-2.099836e+08
-2.458431e+08
-3.526268e+08
-6.928099e+08
-2.674656e+09
0
0
0
0
0
0
0
0
0
-2.078196e+08
-2.434959e+08
-3.497096e+08
-6.893355e+08
-2.692839e+09
0
0
0
0
0
0
0
0
-2.051661e+08
-2.405959e+08
-3.460647e+08
-6.847613e+08
-2.713861e+09
0
0
0
0
0
0
0
-2.026627e+08
-2.378216e+08
-3.424977e+08
-6.80322e+08
-2.734662e+09
0
0
0
0
0
0
-2.008008e+08
-2.358533e+08
-3.400624e+08
-6.770906e+08
-2.750515e+09
0
0
0
0
0
-1.996383e+08
-2.345125e+08
-3.383935e+08
-6.751206e+08
-2.760444e+09
0
0
0
0
-1.989147e+08
-2.338173e+08
-3.375069e+08
-6.73892e+08
-2.766594e+09
0
0
0
-1.98673e+08
-2.334734e+08
-3.370726e+08
-6.734278e+08
-2.76962e+09
0
0
0
0
0
0
0
0
0
0
0
0
0
0
0
0
0
0
0
0
0
-1.985393e+08
-2.332947e+08
-3.365673e+08
-6.710095e+08
-2.739065e+09
0
0
0
0
0
0
0
0
0
0
0
0
0
0
0
0
0
0
0
0
-1.988449e+08
-2.336475e+08
-3.370637e+08
-6.71812e+08
-2.739652e+09
0
0
0
0
0
0
0
0
0
0
0
0
0
0
0
0
0
0
0
-1.995011e+08
-2.343649e+08
-3.37958e+08
-6.732655e+08
-2.736489e+09
0
0
0
0
0
0
0
0
0
0
0
0
0
0
0
0
0
0
-2.006969e+08
-2.357099e+08
-3.396709e+08
-6.754405e+08
-2.730116e+09
0
0
0
0
0
0
0
0
0
0
0
0
0
0
0
0
0
-2.025313e+08
-2.376475e+08
-3.421546e+08
-6.788275e+08
-2.71757e+09
0
0
0
0
0
0
0
0
0
0
-2.050304e+08
-2.404297e+08
-3.457429e+08
-6.835106e+08
-2.700217e+09
0
0
0
0
0
0
0
0
0
0
-2.077048e+08
-2.433418e+08
-3.494271e+08
-6.883282e+08
-2.682495e+09
0
0
0
0
0
0
0
0
0
0
-2.098976e+08
-2.457439e+08
-3.524085e+08
-6.92079e+08
-2.667649e+09
0
0
0
0
0
0
0
0
0
0
-2.113468e+08
-2.473011e+08
-3.543443e+08
-6.944494e+08
-2.657099e+09
0
0
0
0
0
0
0
0
0
0
-2.120851e+08
-2.480864e+08
-3.552914e+08
-6.956623e+08
-2.652179e+09
0
0
0
0
0
0
0
0
0
0
-2.120699e+08
-2.481052e+08
-3.553365e+08
-6.95857e+08
-2.654007e+09
0
0
0
0
0
0
0
0
0
0
-2.114138e+08
-2.473857e+08
-3.545029e+08
-6.95081e+08
-2.66224e+09
0
0
0
0
0
0
0
0
0
-2.099983e+08
-2.458768e+08
-3.526575e+08
-6.92991e+08
-2.676187e+09
0
0
0
0
0
0
0
0
-2.078151e+08
-2.43536e+08
-3.497476e+08
-6.894881e+08
-2.694379e+09
0
0
0
0
0
0
0
-2.051489e+08
-2.406421e+08
-3.460951e+08
-6.849202e+08
-2.71503e+09
0
0
0
0
0
0
-2.026338e+08
-2.378841e+08
-3.425633e+08
-6.803496e+08
-2.735732e+09
0
0
0
0
0
-2.008537e+08
-2.35841e+08
-3.40067e+08
-6.773199e+08
-2.75116e+09
0
0
0
0
-1.996092e+08
-2.345705e+08
-3.383622e+08
-6.751761e+08
-2.761512e+09
0
0
0
-1.989787e+08
-2.337832e+08
-3.374836e+08
-6.740342e+08
-2.767321e+09
0
0
-1.986624e+08
-2.335203e+08
-3.370541e+08
-6.734896e+08
-2.770437e+09
0
0
0
0
0
0
0
0
0
0
0
0
0
0
0
0
0
0
0
0
-1.985283e+08
-2.333291e+08
-3.366055e+08
-6.713074e+08
-2.741705e+09
0
0
0
0
0
0
0
0
0
0
0
0
0
0
0
0
0
0
0
-1.988286e+08
-2.336625e+08
-3.370779e+08
-6.721184e+08
-2.742211e+09
0
0
0
0
0
0
0
0
0
0
0
0
0
0
0
0
0
0
-1.995358e+08
-2.343803e+08
-3.380068e+08
-6.733804e+08
-2.739633e+09
0
0
0
0
0
0
0
0
0
0
0
0
0
0
0
0
0
-2.007421e+08
-2.356917e+08
-3.397314e+08
-6.75746e+08
-2.732423e+09
0
0
0
0
0
0
0
0
0
0
0
0
0
0
0
0
-2.025237e+08
-2.377105e+08
-3.422043e+08
-6.79013e+08
-2.719765e+09
0
0
0
0
0
0
0
0
0
0
-2.050506e+08
-2.40472e+08
-3.457678e+08
-6.837434e+08
-2.70223e+09
0
0
0
0
0
0
0
0
0
0
-2.077102e+08
-2.433931e+08
-3.494552e+08
-6.885128e+08
-2.684612e+09
0
0
0
0
0
0
0
0
0
0
-2.099196e+08
-2.457684e+08
-3.524679e+08
-6.922831e+08
-2.669572e+09
0
0
0
0
0
0
0
0
0
0
-2.113726e+08
-2.473307e+08
-3.543995e+08
-6.946528e+08
-2.658936e+09
0
0
0
0
0
0
0
0
0
0
-2.120862e+08
-2.481221e+08
-3.553762e+08
-6.958279e+08
-2.654069e+09
0
0
0
0
0
0
0
0
0
0
-2.121162e+08
-2.481118e+08
-3.554175e+08
-6.959871e+08
-2.65572e+09
0
0
0
0
0
0
0
0
0
-2.114348e+08
-2.474127e+08
-3.545565e+08
-6.951624e+08
-2.66399e+09
0
0
0
0
0
0
0
0
-2.100145e+08
-2.458956e+08
-3.527159e+08
-6.931076e+08
-2.677704e+09
0
0
0
0
0
0
0
-2.078277e+08
-2.435349e+08
-3.498106e+08
-6.8962e+08
-2.695717e+09
0
0
0
0
0
0
-2.051686e+08
-2.406242e+08
-3.461679e+08
-6.850358e+08
-2.716355e+09
0
0
0
0
0
-2.026616e+08
-2.378524e+08
-3.426621e+08
-6.805221e+08
-2.736672e+09
0
0
0
0
-2.008254e+08
-2.359012e+08
-3.400604e+08
-6.773632e+08
-2.75266e+09
0
0
0
-1.996851e+08
-2.345436e+08
-3.384401e+08
-6.75143e+08
-2.762539e+09
0
0
-1.989837e+08
-2.338546e+08
-3.374553e+08
-6.740396e+08
-2.768414e+09
0
-1.986263e+08
-2.335151e+08
-3.371231e+08
-6.735111e+08
-2.771347e+09
0
0
0
0
0
0
0
0
0
0
0
0
0
0
0
0
0
0
0
-1.985509e+08
-2.333168e+08
-3.366715e+08
-6.714982e+08
-2.744721e+09
0
0
0
0
0
0
0
0
0
0
0
0
0
0
0
0
0
0
-1.988431e+08
-2.336483e+08
-3.371134e+08
-6.722657e+08
-2.74505e+09
0
0
0
0
0
0
0
0
0
0
0
0
0
0
0
0
0
-1.995446e+08
-2.344174e+08
-3.380409e+08
-6.735741e+08
-2.741721e+09
0
0
0
0
0
0
0
0
0
0
0
0
0
0
0
0
-2.006973e+08
-2.357514e+08
-3.397208e+08
-6.759518e+08
-2.734964e+09
0
0
0
0
0
0
0
0
0
0
0
0
0
0
0
-2.025721e+08
-2.377027e+08
-3.423056e+08
-6.791931e+08
-2.72189e+09
0
0
0
0
0
0
0
0
0
0
-2.050508e+08
-2.404951e+08
-3.458409e+08
-6.838838e+08
-2.70431e+09
0
0
0
0
0
0
0
0
0
0
-2.077547e+08
-2.43403e+08
-3.495448e+08
-6.886575e+08
-2.686432e+09
0
0
0
0
0
0
0
0
0
0
-2.099395e+08
-2.457961e+08
-3.525167e+08
-6.924775e+08
-2.671391e+09
0
0
0
0
0
0
0
0
0
0
-2.113787e+08
-2.473612e+08
-3.544563e+08
-6.948315e+08
-2.660655e+09
0
0
0
0
0
0
0
0
0
0
-2.121018e+08
-2.48128e+08
-3.554382e+08
-6.960453e+08
-2.655682e+09
0
0
0
0
0
0
0
0
0
-2.121267e+08
-2.481662e+08
-3.554377e+08
-6.961929e+08
-2.657143e+09
0
0
0
0
0
0
0
0
-2.114561e+08
-2.474392e+08
-3.546047e+08
-6.953301e+08
-2.665165e+09
0
0
0
0
0
0
0
-2.100341e+08
-2.459171e+08
-3.527506e+08
-6.932797e+08
-2.678916e+09
0
0
0
0
0
0
-2.078429e+08
-2.435522e+08
-3.498164e+08
-6.897918e+08
-2.69696e+09
0
0
0
0
0
-2.051577e+08
-2.40651e+08
-3.461505e+08
-6.852208e+08
-2.717548e+09
0
0
0
0
-2.026426e+08
-2.378883e+08
-3.426276e+08
-6.807541e+08
-2.737861e+09
0
0
0
-2.008129e+08
-2.358745e+08
-3.401363e+08
-6.773967e+08
-2.753514e+09
0
0
-1.996357e+08
-2.346235e+08
-3.384232e+08
-6.752999e+08
-2.763061e+09
0
-1.989405e+08
-2.338661e+08
-3.375459e+08
-6.740519e+08
-2.769107e+09
-1.98631e+08
-2.334753e+08
-3.371251e+08
-6.736639e+08
-2.772048e+09
0
0
0
0
0
0
0
0
0
0
0
0
0
0
0
0
0
0
-1.985582e+08
-2.333462e+08
-3.366705e+08
-6.717341e+08
-2.747147e+09
0
0
0
0
0
0
0
0
0
0
0
0
0
0
0
0
0
-1.988565e+08
-2.336672e+08
-3.371096e+08
-6.724316e+08
-2.747283e+09
0
0
0
0
0
0
0
0
0
0
0
0
0
0
0
0
-1.995423e+08
-2.344379e+08
-3.38096e+08
-6.737456e+08
-2.743955e+09
0
0
0
0
0
0
0
0
0
0
0
0
0
0
0
-2.007099e+08
-2.357018e+08
-3.398179e+08
-6.760246e+08
-2.737093e+09
0
0
0
0
0
0
0
0
0
0
0
0
0
0
-2.025498e+08
-2.377631e+08
-3.423133e+08
-6.794583e+08
-2.723735e+09
0
0
0
0
0
0
0
0
0
0
-2.050557e+08
-2.405008e+08
-3.458822e+08
-6.841016e+08
-2.70605e+09
0
0
0
0
0
0
0
0
0
0
-2.077515e+08
-2.434528e+08
-3.4957e+08
-6.88912e+08
-2.688075e+09
0
0
0
0
0
0
0
0
0
0
-2.099655e+08
-2.45822e+08
-3.525672e+08
-6.926473e+08
-2.673122e+09
0
0
0
0
0
0
0
0
0
0
-2.114155e+08
-2.473649e+08
-3.54509e+08
-6.950123e+08
-2.662257e+09
0
0
0
0
0
0
0
0
0
-2.121079e+08
-2.481488e+08
-3.554628e+08
-6.962281e+08
-2.657232e+09
0
0
0
0
0
0
0
0
-2.121525e+08
-2.481795e+08
-3.555268e+08
-6.962937e+08
-2.658633e+09
0
0
0
0
0
0
0
-2.114986e+08
-2.474662e+08
-3.546508e+08
-6.954779e+08
-2.666584e+09
0
0
0
0
0
0
-2.100575e+08
-2.459401e+08
-3.527911e+08
-6.933954e+08
-2.680299e+09
0
0
0
0
0
-2.078634e+08
-2.435715e+08
-3.498503e+08
-6.898449e+08
-2.698307e+09
0
0
0
0
-2.051664e+08
-2.406424e+08
-3.461976e+08
-6.852338e+08
-2.718841e+09
0
0
0
-2.026471e+08
-2.378684e+08
-3.426761e+08
-6.807464e+08
-2.739258e+09
0
0
-2.008393e+08
-2.358584e+08
-3.401314e+08
-6.775436e+08
-2.754292e+09
0
-1.9961e+08
-2.345758e+08
-3.385306e+08
-6.753352e+08
-2.764115e+09
-1.989327e+08
-2.338194e+08
-3.375777e+08
-6.742148e+08
-2.76985e+09
-2.334817e+08
-3.370772e+08
-6.736994e+08
-2.773041e+09
0
0
0
0
0
0
0
0
0
0
0
0
0
0
0
0
0
-1.985569e+08
-2.333631e+08
-3.367258e+08
-6.71834e+08
-2.749659e+09
0
0
0
0
0
0
0
0
0
0
0
0
0
0
0
0
-1.988551e+08
-2.336931e+08
-3.371411e+08
-6.725187e+08
-2.749407e+09
0
0
0
0
0
0
0
0
0
0
0
0
0
0
0
-1.995797e+08
-2.344437e+08
-3.381485e+08
-6.73908e+08
-2.746114e+09
0
0
0
0
0
0
0
0
0
0
0
0
0
0
-2.007776e+08
-2.357157e+08
-3.397668e+08
-6.762836e+08
-2.738693e+09
0
0
0
0
0
0
0
0
0
0
0
0
0
-2.0254e+08
-2.377392e+08
-3.423971e+08
-6.795718e+08
-2.725838e+09
0
0
0
0
0
0
0
0
0
0
-2.050824e+08
-2.405074e+08
-3.459062e+08
-6.842459e+08
-2.70793e+09
0
0
0
0
0
0
0
0
0
0
-2.077803e+08
-2.434561e+08
-3.496509e+08
-6.890313e+08
-2.690046e+09
0
0
0
0
0
0
0
0
0
0
-2.099829e+08
-2.45853e+08
-3.526173e+08
-6.928089e+08
-2.674716e+09
0
0
0
0
0
0
0
0
0
-2.114315e+08
-2.474143e+08
-3.545288e+08
-6.951744e+08
-2.663791e+09
0
0
0
0
0
0
0
0
-2.121539e+08
-2.481596e+08
-3.555016e+08
-6.963488e+08
-2.65872e+09
0
0
0
0
0
0
0
-2.121386e+08
-2.482112e+08
-3.555542e+08
-6.965234e+08
-2.65983e+09
0
0
0
0
0
0
-2.115062e+08
-2.475205e+08
-3.546983e+08
-6.956173e+08
-2.667831e+09
0
0
0
0
0
-2.100659e+08
-2.459679e+08
-3.528301e+08
-6.935258e+08
-2.681409e+09
0
0
0
0
-2.078738e+08
-2.435946e+08
-3.498911e+08
-6.899569e+08
-2.699148e+09
0
0
0
-2.051922e+08
-2.406552e+08
-3.461916e+08
-6.853627e+08
-2.71958e+09
0
0
-2.026538e+08
-2.378696e+08
-3.426638e+08
-6.808524e+08
-2.740003e+09
0
-2.008192e+08
-2.358875e+08
-3.401082e+08
-6.776394e+08
-2.755361e+09
-1.996225e+08
-2.345443e+08
-3.384832e+08
-6.755502e+08
-2.764887e+09
-2.338168e+08
-3.375166e+08
-6.743312e+08
-2.770725e+09
-3.370904e+08
-6.736567e+08
-2.773673e+09
0
0
0
0
0
0
0
0
0
0
0
0
0
0
0
0
-1.985555e+08
-2.333641e+08
-3.367642e+08
-6.720253e+08
-2.751551e+09
0
0
0
0
0
0
0
0
0
0
0
0
0
0
0
-1.988807e+08
-2.336867e+08
-3.372031e+08
-6.726419e+08
-2.751172e+09
0
0
0
0
0
0
0
0
0
0
0
0
0
0
-1.995665e+08
-2.344875e+08
-3.38165e+08
-6.741057e+08
-2.747812e+09
0
0
0
0
0
0
0
0
0
0
0
0
0
-2.007607e+08
-2.358038e+08
-3.397967e+08
-6.762838e+08
-2.740834e+09
0
0
0
0
0
0
0
0
0
0
0
0
-2.025648e+08
-2.377315e+08
-3.42392e+08
-6.797698e+08
-2.727518e+09
0
0
0
0
0
0
0
0
0
0
-2.051076e+08
-2.405389e+08
-3.459337e+08
-6.843691e+08
-2.709491e+09
0
0
0
0
0
0
0
0
0
0
-2.077839e+08
-2.434895e+08
-3.496715e+08
-6.892526e+08
-2.691481e+09
0
0
0
0
0
0
0
0
0
-2.10009e+08
-2.458748e+08
-3.526695e+08
-6.92973e+08
-2.676191e+09
0
0
0
0
0
0
0
0
-2.114546e+08
-2.474309e+08
-3.54605e+08
-6.952925e+08
-2.665212e+09
0
0
0
0
0
0
0
-2.121575e+08
-2.482139e+08
-3.555304e+08
-6.96477e+08
-2.660011e+09
0
0
0
0
0
0
-2.121849e+08
-2.482009e+08
-3.556088e+08
-6.96629e+08
-2.661348e+09
0
0
0
0
0
-2.11499e+08
-2.475263e+08
-3.547729e+08
-6.957584e+08
-2.669027e+09
0
0
0
0
-2.1007e+08
-2.459799e+08
-3.528786e+08
-6.936415e+08
-2.682559e+09
0
0
0
-2.078676e+08
-2.436069e+08
-3.499242e+08
-6.900947e+08
-2.700182e+09
0
0
-2.051938e+08
-2.406844e+08
-3.46223e+08
-6.853949e+08
-2.720608e+09
0
-2.026633e+08
-2.378797e+08
-3.426709e+08
-6.808939e+08
-2.74096e+09
-2.00852e+08
-2.358702e+08
-3.40155e+08
-6.776145e+08
-2.756504e+09
-2.345628e+08
-3.384332e+08
-6.75526e+08
-2.766034e+09
-3.375252e+08
-6.742476e+08
-2.771774e+09
-6.737112e+08
-2.774209e+09
0
0
0
0
0
0
0
0
0
0
0
0
0
0
0
-1.985636e+08
-2.333626e+08
-3.367828e+08
-6.721787e+08
-2.753625e+09
0
0
0
0
0
0
0
0
0
0
0
0
0
0
-1.98926e+08
-2.337253e+08
-3.372061e+08
-6.728547e+08
-2.752896e+09
0
0
0
0
0
0
0
0
0
0
0
0
0
-1.995546e+08
-2.344752e+08
-3.382409e+08
-6.741892e+08
-2.749841e+09
0
0
0
0
0
0
0
0
0
0
0
0
-2.007789e+08
-2.357848e+08
-3.399277e+08
-6.764085e+08
-2.742098e+09
0
0
0
0
0
0
0
0
0
0
0
-2.02571e+08
-2.377633e+08
-3.423941e+08
-6.798684e+08
-2.729276e+09
0
0
0
0
0
0
0
0
0
0
-2.051113e+08
-2.405697e+08
-3.45986e+08
-6.845052e+08
-2.71094e+09
0
0
0
0
0
0
0
0
0
-2.077993e+08
-2.434981e+08
-3.497241e+08
-6.893592e+08
-2.693197e+09
0
0
0
0
0
0
0
0
-2.100229e+08
-2.459067e+08
-3.527116e+08
-6.931283e+08
-2.677638e+09
0
0
0
0
0
0
0
-2.114794e+08
-2.474641e+08
-3.546394e+08
-6.954754e+08
-2.666472e+09
0
0
0
0
0
0
-2.121858e+08
-2.482185e+08
-3.556116e+08
-6.965972e+08
-2.661223e+09
0
0
0
0
0
-2.121774e+08
-2.482548e+08
-3.556104e+08
-6.967844e+08
-2.662437e+09
0
0
0
0
-2.115235e+08
-2.47522e+08
-3.547982e+08
-6.959165e+08
-2.67019e+09
0
0
0
-2.100899e+08
-2.459878e+08
-3.529045e+08
-6.937845e+08
-2.683573e+09
0
0
-2.07896e+08
-2.436072e+08
-3.499464e+08
-6.90189e+08
-2.701341e+09
0
-2.052055e+08
-2.406853e+08
-3.462641e+08
-6.855063e+08
-2.72139e+09
-2.026579e+08
-2.378991e+08
-3.426837e+08
-6.809446e+08
-2.741759e+09
-2.359097e+08
-3.401331e+08
-6.777436e+08
-2.756884e+09
-3.384779e+08
-6.754384e+08
-2.766629e+09
-6.74308e+08
-2.772013e+09
-2.774896e+09
0
0
0
0
0
0
0
0
0
0
0
0
0
0
-1.985628e+08
-2.333758e+08
-3.367965e+08
-6.723061e+08
-2.755486e+09
0
0
0
0
0
0
0
0
0
0
0
0
0
-1.988432e+08
-2.33774e+08
-3.372751e+08
-6.729493e+08
-2.754809e+09
0
0
0
0
0
0
0
0
0
0
0
0
-1.995675e+08
-2.344621e+08
-3.382382e+08
-6.744136e+08
-2.751262e+09
0
0
0
0
0
0
0
0
0
0
0
-2.007718e+08
-2.358066e+08
-3.399138e+08
-6.766932e+08
-2.743605e+09
0
0
0
0
0
0
0
0
0
0
-2.025563e+08
-2.377741e+08
-3.424464e+08
-6.799415e+08
-2.730632e+09
0
0
0
0
0
0
0
0
0
-2.051348e+08
-2.40578e+08
-3.460342e+08
-6.846633e+08
-2.71243e+09
0
0
0
0
0
0
0
0
-2.078364e+08
-2.435169e+08
-3.497506e+08
-6.8951e+08
-2.694435e+09
0
0
0
0
0
0
0
-2.100326e+08
-2.459256e+08
-3.527662e+08
-6.93267e+08
-2.678978e+09
0
0
0
0
0
0
-2.114826e+08
-2.474937e+08
-3.546958e+08
-6.956048e+08
-2.667818e+09
0
0
0
0
0
-2.122138e+08
-2.482543e+08
-3.556301e+08
-6.967852e+08
-2.662433e+09
0
0
0
0
-2.122184e+08
-2.482537e+08
-3.556916e+08
-6.968539e+08
-2.663634e+09
0
0
0
-2.115648e+08
-2.475504e+08
-3.548041e+08
-6.960366e+08
-2.671301e+09
0
0
-2.101083e+08
-2.46011e+08
-3.52924e+08
-6.938792e+08
-2.684705e+09
0
-2.079067e+08
-2.436423e+08
-3.499603e+08
-6.902653e+08
-2.702267e+09
-2.05196e+08
-2.407026e+08
-3.462776e+08
-6.856091e+08
-2.722377e+09
-2.378903e+08
-3.427256e+08
-6.809837e+08
-2.742421e+09
-3.401885e+08
-6.777167e+08
-2.757898e+09
-6.755906e+08
-2.766786e+09
-2.772849e+09
0
0
0
0
0
0
0
0
0
0
0
0
0
-1.985541e+08
-2.333744e+08
-3.368194e+08
-6.724174e+08
-2.757236e+09
0
0
0
0
0
0
0
0
0
0
0
0
-1.988948e+08
-2.336865e+08
-3.37348e+08
-6.731453e+08
-2.756428e+09
0
0
0
0
0
0
0
0
0
0
0
-1.995964e+08
-2.344754e+08
-3.382321e+08
-6.744831e+08
-2.753157e+09
0
0
0
0
0
0
0
0
0
0
-2.007859e+08
-2.357984e+08
-3.399577e+08
-6.767419e+08
-2.745484e+09
0
0
0
0
0
0
0
0
0
-2.026102e+08
-2.377551e+08
-3.424738e+08
-6.800913e+08
-2.731913e+09
0
0
0
0
0
0
0
0
-2.051223e+08
-2.406079e+08
-3.460605e+08
-6.847988e+08
-2.71387e+09
0
0
0
0
0
0
0
-2.078338e+08
-2.435611e+08
-3.497872e+08
-6.896229e+08
-2.695777e+09
0
0
0
0
0
0
-2.100492e+08
-2.459398e+08
-3.528023e+08
-6.934255e+08
-2.680222e+09
0
0
0
0
0
-2.115017e+08
-2.475021e+08
-3.547451e+08
-6.957558e+08
-2.668992e+09
0
0
0
0
-2.122073e+08
-2.482884e+08
-3.556886e+08
-6.968839e+08
-2.663626e+09
0
0
0
-2.122685e+08
-2.482958e+08
-3.556985e+08
-6.970447e+08
-2.664594e+09
0
0
-2.115512e+08
-2.475983e+08
-3.548511e+08
-6.961008e+08
-2.672359e+09
0
-2.101257e+08
-2.460341e+08
-3.529615e+08
-6.939581e+08
-2.685639e+09
-2.079143e+08
-2.436555e+08
-3.500204e+08
-6.903391e+08
-2.70306e+09
-2.40696e+08
-3.463079e+08
-6.85689e+08
-2.723211e+09
-3.427167e+08
-6.811145e+08
-2.743095e+09
-6.778379e+08
-2.758221e+09
-2.767957e+09
0
0
0
0
0
0
0
0
0
0
0
0
-1.985706e+08
-2.333694e+08
-3.368297e+08
-6.725059e+08
-2.758808e+09
0
0
0
0
0
0
0
0
0
0
0
-1.989003e+08
-2.337427e+08
-3.372387e+08
-6.733393e+08
-2.758119e+09
0
0
0
0
0
0
0
0
0
0
-1.995744e+08
-2.345144e+08
-3.382473e+08
-6.745411e+08
-2.754435e+09
0
0
0
0
0
0
0
0
0
-2.008042e+08
-2.358103e+08
-3.399572e+08
-6.768957e+08
-2.746624e+09
0
0
0
0
0
0
0
0
-2.026167e+08
-2.378201e+08
-3.424578e+08
-6.802038e+08
-2.733304e+09
0
0
0
0
0
0
0
-2.051331e+08
-2.405947e+08
-3.461122e+08
-6.849119e+08
-2.715108e+09
0
0
0
0
0
0
-2.078549e+08
-2.435619e+08
-3.498574e+08
-6.897488e+08
-2.696954e+09
0
0
0
0
0
-2.100626e+08
-2.459601e+08
-3.528335e+08
-6.93545e+08
-2.681507e+09
0
0
0
0
-2.115132e+08
-2.475238e+08
-3.547702e+08
-6.958936e+08
-2.670184e+09
0
0
0
-2.122414e+08
-2.482772e+08
-3.557379e+08
-6.970341e+08
-2.664704e+09
0
0
-2.122674e+08
-2.483557e+08
-3.557626e+08
-6.970969e+08
-2.665815e+09
0
-2.11553e+08
-2.47586e+08
-3.549112e+08
-6.962324e+08
-2.673206e+09
-2.101351e+08
-2.460546e+08
-3.530029e+08
-6.940637e+08
-2.686472e+09
-2.436611e+08
-3.500445e+08
-6.905034e+08
-2.703873e+09
-3.463067e+08
-6.857747e+08
-2.724095e+09
-6.811316e+08
-2.744093e+09
-2.759128e+09
0
0
0
0
0
0
0
0
0
0
0
-1.986119e+08
-2.333901e+08
-3.368356e+08
-6.726e+08
-2.760099e+09
0
0
0
0
0
0
0
0
0
0
-1.989251e+08
-2.337533e+08
-3.373246e+08
-6.731971e+08
-2.759803e+09
0
0
0
0
0
0
0
0
0
-1.996236e+08
-2.344949e+08
-3.383127e+08
-6.745968e+08
-2.755568e+09
0
0
0
0
0
0
0
0
-2.007966e+08
-2.358373e+08
-3.399842e+08
-6.769564e+08
-2.74815e+09
0
0
0
0
0
0
0
-2.026158e+08
-2.378336e+08
-3.425497e+08
-6.802419e+08
-2.73453e+09
0
0
0
0
0
0
-2.051737e+08
-2.406086e+08
-3.461004e+08
-6.850645e+08
-2.716312e+09
0
0
0
0
0
-2.078502e+08
-2.435837e+08
-3.498653e+08
-6.899341e+08
-2.698139e+09
0
0
0
0
-2.100805e+08
-2.45977e+08
-3.528687e+08
-6.93658e+08
-2.682613e+09
0
0
0
-2.115458e+08
-2.475389e+08
-3.548069e+08
-6.959972e+08
-2.671283e+09
0
0
-2.122515e+08
-2.483232e+08
-3.557325e+08
-6.971542e+08
-2.665754e+09
0
-2.122631e+08
-2.48352e+08
-3.558545e+08
-6.972605e+08
-2.666585e+09
-2.115943e+08
-2.475922e+08
-3.549158e+08
-6.963457e+08
-2.67423e+09
-2.460676e+08
-3.530378e+08
-6.941859e+08
-2.687342e+09
-3.500553e+08
-6.905808e+08
-2.705029e+09
-6.858172e+08
-2.724856e+09
-2.74472e+09
0
0
0
0
0
0
0
0
0
0
-1.98637e+08
-2.33437e+08
-3.368689e+08
-6.726758e+08
-2.76145e+09
0
0
0
0
0
0
0
0
0
-1.988829e+08
-2.337803e+08
-3.37346e+08
-6.734124e+08
-2.760368e+09
0
0
0
0
0
0
0
0
-1.996062e+08
-2.345588e+08
-3.383069e+08
-6.747734e+08
-2.756622e+09
0
0
0
0
0
0
0
-2.00813e+08
-2.358336e+08
-3.400279e+08
-6.770739e+08
-2.749197e+09
0
0
0
0
0
0
-2.026202e+08
-2.378305e+08
-3.425809e+08
-6.804401e+08
-2.73556e+09
0
0
0
0
0
-2.051785e+08
-2.406551e+08
-3.461345e+08
-6.850892e+08
-2.71762e+09
0
0
0
0
-2.078699e+08
-2.435829e+08
-3.499e+08
-6.899912e+08
-2.699522e+09
0
0
0
-2.100905e+08
-2.459986e+08
-3.529018e+08
-6.937664e+08
-2.683671e+09
0
0
-2.115461e+08
-2.475778e+08
-3.548363e+08
-6.961096e+08
-2.672285e+09
0
-2.122767e+08
-2.48337e+08
-3.558108e+08
-6.972021e+08
-2.666715e+09
-2.123106e+08
-2.483488e+08
-3.558541e+08
-6.974735e+08
-2.667688e+09
-2.47637e+08
-3.549336e+08
-6.964339e+08
-2.674981e+09
-3.530651e+08
-6.942861e+08
-2.688312e+09
-6.906399e+08
-2.705748e+09
-2.725661e+09
0
0
0
0
0
0
0
0
0
-1.986146e+08
-2.334676e+08
-3.369464e+08
-6.727779e+08
-2.762727e+09
0
0
0
0
0
0
0
0
-1.98953e+08
-2.337354e+08
-3.373951e+08
-6.73498e+08
-2.761896e+09
0
0
0
0
0
0
0
-1.99664e+08
-2.345379e+08
-3.38408e+08
-6.748422e+08
-2.758005e+09
0
0
0
0
0
0
-2.008683e+08
-2.358571e+08
-3.400356e+08
-6.771893e+08
-2.750405e+09
0
0
0
0
0
-2.026549e+08
-2.378381e+08
-3.425918e+08
-6.805527e+08
-2.736877e+09
0
0
0
0
-2.051731e+08
-2.406618e+08
-3.462044e+08
-6.852168e+08
-2.718365e+09
0
0
0
-2.078809e+08
-2.436065e+08
-3.499151e+08
-6.900929e+08
-2.700353e+09
0
0
-2.101028e+08
-2.460126e+08
-3.52939e+08
-6.938755e+08
-2.684656e+09
0
-2.115694e+08
-2.475807e+08
-3.548956e+08
-6.962073e+08
-2.673251e+09
-2.12286e+08
-2.483652e+08
-3.558354e+08
-6.973982e+08
-2.667505e+09
-2.484054e+08
-3.558578e+08
-6.975088e+08
-2.668936e+09
-3.550052e+08
-6.965046e+08
-2.675966e+09
-6.943867e+08
-2.6891e+09
-2.706587e+09
0
0
0
0
0
0
0
0
-1.98627e+08
-2.334501e+08
-3.37001e+08
-6.729896e+08
-2.763882e+09
0
0
0
0
0
0
0
-1.98978e+08
-2.338165e+08
-3.373491e+08
-6.73655e+08
-2.763029e+09
0
0
0
0
0
0
-1.996471e+08
-2.345964e+08
-3.383892e+08
-6.750886e+08
-2.75917e+09
0
0
0
0
0
-2.0086e+08
-2.359216e+08
-3.400784e+08
-6.772697e+08
-2.751488e+09
0
0
0
0
-2.02652e+08
-2.378811e+08
-3.4261e+08
-6.806427e+08
-2.738001e+09
0
0
0
-2.051897e+08
-2.406617e+08
-3.462202e+08
-6.853863e+08
-2.719568e+09
0
0
-2.078693e+08
-2.436222e+08
-3.499549e+08
-6.901828e+08
-2.701279e+09
0
-2.101228e+08
-2.460288e+08
-3.529659e+08
-6.939876e+08
-2.685615e+09
-2.115983e+08
-2.476074e+08
-3.549114e+08
-6.963513e+08
-2.674142e+09
-2.483771e+08
-3.558794e+08
-6.974768e+08
-2.668698e+09
-3.55948e+08
-6.975553e+08
-2.66953e+09
-6.96693e+08
-2.676652e+09
-2.690114e+09
0
0
0
0
0
0
0
-1.986144e+08
-2.334613e+08
-3.369887e+08
-6.731525e+08
-2.765462e+09
0
0
0
0
0
0
-1.989484e+08
-2.338509e+08
-3.374616e+08
-6.736405e+08
-2.764388e+09
0
0
0
0
0
-1.996114e+08
-2.345784e+08
-3.384679e+08
-6.751036e+08
-2.760774e+09
0
0
0
0
-2.008439e+08
-2.35908e+08
-3.401736e+08
-6.773905e+08
-2.752643e+09
0
0
0
-2.026489e+08
-2.37876e+08
-3.426702e+08
-6.807161e+08
-2.739045e+09
0
0
-2.052183e+08
-2.406812e+08
-3.462325e+08
-6.854562e+08
-2.720756e+09
0
-2.079069e+08
-2.436107e+08
-3.499849e+08
-6.902973e+08
-2.702245e+09
-2.101375e+08
-2.460522e+08
-3.52997e+08
-6.940768e+08
-2.686574e+09
-2.476413e+08
-3.549516e+08
-6.964316e+08
-2.675131e+09
-3.559068e+08
-6.975894e+08
-2.669447e+09
-6.977803e+08
-2.670141e+09
-2.677943e+09
0
0
0
0
0
0
-1.986324e+08
-2.334481e+08
-3.370067e+08
-6.731759e+08
-2.766845e+09
0
0
0
0
0
-1.989483e+08
-2.338165e+08
-3.375185e+08
-6.738684e+08
-2.765218e+09
0
0
0
0
-1.996704e+08
-2.345508e+08
-3.38448e+08
-6.752803e+08
-2.761555e+09
0
0
0
-2.008665e+08
-2.358932e+08
-3.401601e+08
-6.775992e+08
-2.753652e+09
0
0
-2.026393e+08
-2.378763e+08
-3.426776e+08
-6.808501e+08
-2.7399e+09
0
-2.052176e+08
-2.407157e+08
-3.462639e+08
-6.855284e+08
-2.721609e+09
-2.079107e+08
-2.436526e+08
-3.49977e+08
-6.903976e+08
-2.703199e+09
-2.460707e+08
-3.53035e+08
-6.941765e+08
-2.687412e+09
-3.550079e+08
-6.965337e+08
-2.675958e+09
-6.976983e+08
-2.670231e+09
-2.671619e+09
0
0
0
0
0
-1.986521e+08
-2.334722e+08
-3.369901e+08
-6.732491e+08
-2.767642e+09
0
0
0
0
-1.989695e+08
-2.338192e+08
-3.37482e+08
-6.740177e+08
-2.76652e+09
0
0
0
-1.996634e+08
-2.346089e+08
-3.384327e+08
-6.752778e+08
-2.762768e+09
0
0
-2.008215e+08
-2.35924e+08
-3.401535e+08
-6.77623e+08
-2.754885e+09
0
-2.026823e+08
-2.378631e+08
-3.426843e+08
-6.809286e+08
-2.740902e+09
-2.052065e+08
-2.40716e+08
-3.463195e+08
-6.856202e+08
-2.722471e+09
-2.436585e+08
-3.500399e+08
-6.904248e+08
-2.704121e+09
-3.530706e+08
-6.942814e+08
-2.688272e+09
-6.966886e+08
-2.676724e+09
-2.671306e+09
0
0
0
0
-1.986643e+08
-2.334987e+08
-3.370392e+08
-6.732497e+08
-2.768606e+09
0
0
0
-1.989919e+08
-2.338438e+08
-3.374959e+08
-6.740068e+08
-2.767708e+09
0
0
-1.996734e+08
-2.346034e+08
-3.385003e+08
-6.753165e+08
-2.763361e+09
0
-2.008403e+08
-2.358705e+08
-3.402025e+08
-6.776712e+08
-2.755649e+09
-2.026771e+08
-2.379159e+08
-3.426708e+08
-6.809707e+08
-2.741835e+09
-2.40707e+08
-3.463247e+08
-6.857606e+08
-2.723282e+09
-3.50053e+08
-6.905705e+08
-2.704752e+09
-6.943992e+08
-2.68908e+09
-2.677896e+09
0
0
0
-1.986362e+08
-2.335142e+08
-3.370855e+08
-6.734058e+08
-2.769306e+09
0
0
-1.990163e+08
-2.338749e+08
-3.375265e+08
-6.740775e+08
-2.768381e+09
0
-1.996824e+08
-2.346173e+08
-3.385052e+08
-6.754409e+08
-2.764237e+09
-2.00854e+08
-2.358997e+08
-3.401372e+08
-6.777855e+08
-2.756521e+09
-2.379151e+08
-3.427466e+08
-6.809877e+08
-2.742469e+09
-3.463202e+08
-6.858032e+08
-2.724266e+09
-6.906352e+08
-2.705653e+09
-2.690153e+09
0
0
-1.98636e+08
-2.334849e+08
-3.371118e+08
-6.735291e+08
-2.770516e+09
0
-1.989627e+08
-2.339031e+08
-3.375807e+08
-6.741498e+08
-2.769237e+09
-1.996282e+08
-2.346284e+08
-3.385343e+08
-6.755053e+08
-2.76504e+09
-2.359115e+08
-3.401837e+08
-6.77717e+08
-2.757326e+09
-3.427596e+08
-6.811506e+08
-2.743144e+09
-6.858366e+08
-2.724923e+09
-2.706544e+09
0
-1.986557e+08
-2.334855e+08
-3.370816e+08
-6.736095e+08
-2.771515e+09
-1.989911e+08
-2.338413e+08
-3.376234e+08
-6.742933e+08
-2.769965e+09
-2.345727e+08
-3.385543e+08
-6.755994e+08
-2.76595e+09
-3.401989e+08
-6.778286e+08
-2.757791e+09
-6.81229e+08
-2.744134e+09
-2.725672e+09
-1.986726e+08
-2.335053e+08
-3.370868e+08
-6.736001e+08
-2.772334e+09
-2.338707e+08
-3.375522e+08
-6.743978e+08
-2.771075e+09
-3.384901e+08
-6.756695e+08
-2.766741e+09
-6.778842e+08
-2.758653e+09
-2.745075e+09
-2.335281e+08
-3.371195e+08
-6.736433e+08
-2.772912e+09
-3.375878e+08
-6.743296e+08
-2.771886e+09
-6.756003e+08
-2.767502e+09
-2.759417e+09
-3.371563e+08
-6.737368e+08
-2.773594e+09
-6.744027e+08
-2.772304e+09
-2.767932e+09
-6.738349e+08
-2.774322e+09
-2.772971e+09
-2.775245e+09
)
;

boundaryField
{
    interconnect0
    {
        type            zeroGradient;
    }
    interconnectSides
    {
        type            zeroGradient;
    }
    cathodeSides
    {
        type            zeroGradient;
    }
    phiEC_to_phiE0
    {
        type            zeroGradient;
    }
}


// ************************************************************************* //
