/*--------------------------------*- C++ -*----------------------------------*\
| =========                 |                                                 |
| \\      /  F ield         | OpenFOAM: The Open Source CFD Toolbox           |
|  \\    /   O peration     | Version:  2312                                  |
|   \\  /    A nd           | Website:  www.openfoam.com                      |
|    \\/     M anipulation  |                                                 |
\*---------------------------------------------------------------------------*/
FoamFile
{
    version     2.0;
    format      ascii;
    arch        "LSB;label=32;scalar=64";
    class       volScalarField;
    location    "1/phiI";
    object      act;
}
// * * * * * * * * * * * * * * * * * * * * * * * * * * * * * * * * * * * * * //

dimensions      [0 0 0 0 0 0 0];

internalField   nonuniform List<scalar> 
12000
(
3.001873
3.001843
3.002061
3.001814
3.001827
3.002017
3.001781
3.002068
3.002018
3.001769
3.001838
3.001982
3.001759
3.002022
3.00197
3.001728
3.002024
3.00203
3.001963
3.001743
3.001897
3.001969
3.001767
3.001984
3.001931
3.001701
3.001979
3.001979
3.001909
3.001693
3.001986
3.001986
3.001976
3.001894
3.001653
3.001934
3.001993
3.001819
3.001965
3.001912
3.001701
3.001943
3.001936
3.001864
3.001657
3.001943
3.001936
3.00192
3.001833
3.001597
3.001969
3.001947
3.001933
3.001908
3.001805
0
3.002027
3.00203
3.001848
3.001982
3.00193
3.001746
3.001927
3.001912
3.001841
3.001648
3.001909
3.001895
3.001872
3.001783
3.001557
3.001926
3.001898
3.001878
3.001846
3.001741
0
3.001965
3.001929
3.001893
3.001865
3.001823
0
0
3.002096
3.002096
3.001937
3.002034
3.001959
3.001764
3.00195
3.001923
3.001852
3.001682
3.001896
3.001875
3.001843
3.001754
3.001543
3.001894
3.00186
3.001832
3.001792
3.001686
0
3.001923
3.001881
3.001839
3.001804
3.001758
0
0
3.001966
3.001925
3.001874
3.001826
3.001783
0
0
0
3.002138
3.002155
3.002007
3.002108
3.002018
3.001843
3.002015
3.001967
3.001872
3.001688
3.001924
3.001891
3.001848
3.001759
3.001571
3.001883
3.001842
3.001806
3.001758
3.001652
0
3.001891
3.001844
3.001795
3.001753
3.001699
0
0
3.001924
3.001877
3.001821
3.001765
3.001718
0
0
0
3.001968
3.001926
3.00187
3.001807
3.001741
0
0
0
0
3.002159
3.002193
3.002049
3.00217
3.002074
3.001908
3.002094
3.002035
3.001924
3.001756
3.001996
3.001948
3.001882
3.001769
3.001566
3.001913
3.001864
3.001817
3.001757
3.00165
0
3.001881
3.001828
3.001773
3.001722
3.00166
0
0
3.001892
3.00184
3.001779
3.001716
3.001661
0
0
0
3.001925
3.001879
3.001817
3.001747
3.001678
0
0
0
0
3.001969
3.001928
3.001871
3.001803
3.001721
0
0
0
0
0
3.002159
3.002213
3.002071
3.002208
3.002111
3.001949
3.002159
3.002095
3.001978
3.001819
3.002078
3.002021
3.001945
3.001814
3.001627
3.001988
3.001928
3.001864
3.001781
3.00165
0
3.001912
3.001852
3.001788
3.001726
3.001652
0
0
3.001882
3.001826
3.001758
3.001689
3.001625
0
0
0
3.001893
3.001841
3.001775
3.001699
3.001624
0
0
0
0
3.001927
3.00188
3.001818
3.001743
3.001659
0
0
0
0
0
3.001971
3.001929
3.001873
3.001804
3.001716
0
0
0
0
0
2.212553
3.002138
3.002213
3.002071
3.002226
3.002131
3.00197
3.002197
3.002131
3.002013
3.001859
3.002145
3.002083
3.002002
3.001864
3.001687
3.002071
3.002004
3.001932
3.001837
3.001687
0
3.001986
3.001918
3.001843
3.001764
3.001667
0
0
3.001912
3.00185
3.001776
3.001697
3.001622
0
0
0
3.001883
3.001827
3.001755
3.001673
3.001591
0
0
0
0
3.001894
3.001843
3.001776
3.001695
3.001606
0
0
0
0
0
3.001929
3.001881
3.00182
3.001744
3.001655
0
0
0
0
0
2.195652
3.001973
3.001931
3.001874
3.001806
3.001717
0
0
0
0
0
2.84504
2.21266
3.002096
3.002193
3.002049
3.002226
3.002131
3.00197
3.002215
3.002148
3.002032
3.00188
3.002184
3.002121
3.002037
3.001898
3.001726
3.002138
3.002068
3.001991
3.001891
3.001734
0
3.00207
3.001996
3.001913
3.001825
3.001716
0
0
3.001987
3.001916
3.001833
3.001742
3.001651
0
0
0
3.001913
3.001851
3.001774
3.001684
3.001593
0
0
0
0
3.001885
3.001828
3.001756
3.00167
3.001575
0
0
0
0
0
3.001896
3.001844
3.001777
3.001696
3.001602
0
0
0
0
0
2.16242
3.00193
3.001883
3.001821
3.001745
3.001656
0
0
0
0
0
2.823545
2.195687
3.001974
3.001932
3.001876
3.001807
3.001717
0
0
0
0
0
3.26718
2.844232
2.212493
3.002027
3.002155
3.002007
3.002208
3.002111
3.001949
3.002215
3.002148
3.002032
3.00188
3.002202
3.002138
3.002053
3.001917
3.001747
3.002178
3.002106
3.002027
3.001925
3.001767
0
3.002137
3.00206
3.001975
3.001882
3.001767
0
0
3.00207
3.001994
3.001904
3.001807
3.001705
0
0
0
3.001987
3.001917
3.001831
3.001731
3.001628
0
0
0
0
3.001915
3.001852
3.001775
3.001682
3.00158
0
0
0
0
0
3.001886
3.001829
3.001758
3.001671
3.001572
0
0
0
0
0
2.114664
3.001898
3.001846
3.001779
3.001698
3.001603
0
0
0
0
0
2.781593
2.16231
3.001932
3.001885
3.001823
3.001746
3.001657
0
0
0
0
0
3.253302
2.822812
2.195391
3.001976
3.001934
3.001877
3.001809
3.001719
0
0
0
0
0
3.469828
3.266513
2.842263
2.212206
3.001934
3.002096
3.001937
3.00217
3.002074
3.001908
3.002197
3.002131
3.002013
3.001859
3.002202
3.002138
3.002053
3.001917
3.001747
3.002196
3.002124
3.002043
3.001941
3.001785
0
3.002177
3.002099
3.002012
3.001916
3.001799
0
0
3.002137
3.002059
3.001966
3.001865
3.001758
0
0
0
3.00207
3.001994
3.001903
3.001797
3.001686
0
0
0
0
3.001988
3.001917
3.001831
3.001729
3.001617
0
0
0
0
0
3.001916
3.001853
3.001775
3.001683
3.001577
0
0
0
0
0
2.05812
3.001888
3.001831
3.001759
3.001673
3.001573
0
0
0
0
0
2.716831
2.114332
3.0019
3.001848
3.00178
3.001699
3.001604
0
0
0
0
0
3.225767
2.780853
2.16175
3.001934
3.001886
3.001824
3.001748
3.001658
0
0
0
0
0
3.460007
3.252634
2.820997
2.194917
3.001977
3.001936
3.001879
3.001811
3.00172
0
0
0
0
0
3.523744
3.469249
3.264835
2.839364
2.211938
3.001897
3.00203
3.001848
3.002108
3.002018
3.001843
3.002159
3.002095
3.001978
3.001819
3.002184
3.002121
3.002037
3.001898
3.001726
3.002196
3.002124
3.002043
3.001941
3.001785
0
3.002195
3.002117
3.002029
3.001932
3.001814
0
0
3.002177
3.002097
3.002003
3.001901
3.001792
0
0
0
3.002137
3.002059
3.001964
3.001856
3.001741
0
0
0
0
3.002071
3.001995
3.001902
3.001795
3.001675
0
0
0
0
0
3.00199
3.001918
3.001831
3.001729
3.001614
0
0
0
0
0
1.99715
3.001918
3.001855
3.001776
3.001683
3.001577
0
0
0
0
0
2.595067
2.057497
3.00189
3.001833
3.001761
3.001674
3.001574
0
0
0
0
0
3.185668
2.716071
2.113367
3.001901
3.001849
3.001782
3.0017
3.001606
0
0
0
0
0
3.440545
3.225098
2.779026
2.160897
3.001935
3.001888
3.001826
3.00175
3.00166
0
0
0
0
0
3.517036
3.459428
3.250957
2.818247
2.194406
3.001979
3.001937
3.001881
3.001813
3.001722
0
0
0
0
0
3.490465
3.523214
3.467772
3.262291
2.835632
3.001838
3.001993
3.001819
3.002034
3.001959
3.001764
3.002094
3.002035
3.001924
3.001756
3.002145
3.002083
3.002002
3.001864
3.001687
3.002178
3.002106
3.002027
3.001925
3.001767
0
3.002195
3.002117
3.002029
3.001932
3.001814
0
0
3.002195
3.002115
3.002021
3.001917
3.001807
0
0
0
3.002177
3.002097
3.002002
3.001892
3.001775
0
0
0
0
3.002138
3.002059
3.001964
3.001853
3.001731
0
0
0
0
0
3.002072
3.001995
3.001903
3.001794
3.001673
0
0
0
0
0
1.952398
3.001991
3.001919
3.001832
3.001729
3.001614
0
0
0
0
0
2.517225
1.996217
3.001919
3.001856
3.001778
3.001684
3.001578
0
0
0
0
0
3.136145
2.59547
2.055966
3.001891
3.001834
3.001762
3.001675
3.001575
0
0
0
0
0
3.412208
3.184997
2.714202
2.111926
3.001903
3.001851
3.001784
3.001702
3.001607
0
0
0
0
0
3.503864
3.439967
3.223422
2.776262
2.159882
3.001937
3.00189
3.001828
3.001751
3.001661
0
0
0
0
0
3.485364
3.516507
3.457952
3.248416
2.814662
3.001981
3.001938
3.001882
3.001814
3.001724
0
0
0
0
0
3.399538
3.489947
3.521871
3.465541
3.258981
3.001827
3.001969
3.001767
3.001982
3.00193
3.001746
3.002015
3.001967
3.001872
3.001688
3.002078
3.002021
3.001945
3.001814
3.001627
3.002138
3.002068
3.001991
3.001891
3.001734
0
3.002177
3.002099
3.002012
3.001916
3.001799
0
0
3.002195
3.002115
3.002021
3.001917
3.001807
0
0
0
3.002195
3.002115
3.002019
3.001909
3.001791
0
0
0
0
3.002178
3.002097
3.002001
3.00189
3.001765
0
0
0
0
0
3.002139
3.00206
3.001964
3.001853
3.001729
0
0
0
0
0
1.92437
3.002074
3.001996
3.001903
3.001794
3.001672
0
0
0
0
0
2.470335
1.951256
3.001993
3.001921
3.001833
3.00173
3.001614
0
0
0
0
0
3.08524
2.517478
1.994112
3.001921
3.001858
3.001779
3.001686
3.001579
0
0
0
0
0
3.377243
3.135474
2.595905
2.053681
3.001893
3.001836
3.001764
3.001677
3.001577
0
0
0
0
0
3.484916
3.41163
3.183324
2.711369
2.11013
3.001904
3.001852
3.001786
3.001704
3.001609
0
0
0
0
0
3.475422
3.503336
3.438493
3.220886
2.772658
3.001938
3.001891
3.001829
3.001753
3.001663
0
0
0
0
0
3.393762
3.484848
3.515167
3.455723
3.24511
3.001982
3.00194
3.001884
3.001816
3.001725
0
0
0
0
0
3.293581
3.399002
3.488658
3.519861
3.462655
3.001843
3.001982
3.001759
3.001965
3.001912
3.001701
3.00195
3.001923
3.001852
3.001682
3.001996
3.001948
3.001882
3.001769
3.001566
3.002071
3.002004
3.001932
3.001837
3.001687
0
3.002137
3.00206
3.001975
3.001882
3.001767
0
0
3.002177
3.002097
3.002004
3.001901
3.001792
0
0
0
3.002195
3.002115
3.002019
3.001909
3.001791
0
0
0
0
3.002196
3.002115
3.002018
3.001906
3.001781
0
0
0
0
0
3.002179
3.002098
3.002001
3.001889
3.001762
0
0
0
0
0
1.908555
3.00214
3.00206
3.001965
3.001853
3.001728
0
0
0
0
0
2.442985
1.923098
3.002075
3.001998
3.001904
3.001795
3.001672
0
0
0
0
0
3.046507
2.470498
1.948769
3.001994
3.001922
3.001835
3.001731
3.001614
0
0
0
0
0
3.341284
3.084574
2.517601
1.990988
3.001922
3.001859
3.001781
3.001687
3.00158
0
0
0
0
0
3.462014
3.37667
3.1338
2.596525
2.05074
3.001894
3.001837
3.001765
3.001679
3.001578
0
0
0
0
0
3.461242
3.484393
3.41016
3.180792
2.707721
3.001906
3.001854
3.001787
3.001706
3.001611
0
0
0
0
0
3.381836
3.474908
3.502002
3.436269
3.217588
3.00194
3.001893
3.001831
3.001754
3.001665
0
0
0
0
0
3.286662
3.393226
3.483562
3.513161
3.452841
3.001983
3.001941
3.001885
3.001818
3.001726
0
0
0
0
0
3.139064
3.29302
3.397688
3.486744
3.517281
3.001873
3.002017
3.001781
3.001984
3.001931
3.001701
3.001927
3.001912
3.001841
3.001648
3.001924
3.001891
3.001848
3.001759
3.001571
3.001988
3.001928
3.001864
3.001781
3.00165
0
3.00207
3.001996
3.001913
3.001825
3.001716
0
0
3.002137
3.002059
3.001966
3.001865
3.001758
0
0
0
3.002177
3.002097
3.002002
3.001892
3.001775
0
0
0
0
3.002196
3.002115
3.002018
3.001907
3.001781
0
0
0
0
0
3.002197
3.002116
3.002018
3.001906
3.001778
0
0
0
0
0
1.901455
3.00218
3.002099
3.002002
3.001889
3.001761
0
0
0
0
0
2.431048
1.907207
3.002142
3.002062
3.001965
3.001853
3.001727
0
0
0
0
0
3.020933
2.443091
1.920375
3.002077
3.001999
3.001905
3.001795
3.001672
0
0
0
0
0
3.313911
3.045862
2.470443
1.945091
3.001995
3.001924
3.001836
3.001732
3.001615
0
0
0
0
0
3.439486
3.340724
3.082895
2.517747
1.986933
3.001924
3.001861
3.001782
3.001689
3.001582
0
0
0
0
0
3.444369
3.461502
3.375204
3.131266
2.597499
3.001896
3.001839
3.001767
3.00168
3.00158
0
0
0
0
0
3.360655
3.460733
3.483068
3.407942
3.1775
3.001907
3.001855
3.001788
3.001707
3.001612
0
0
0
0
0
3.269244
3.381305
3.473627
3.500006
3.433393
3.001941
3.001894
3.001832
3.001756
3.001666
0
0
0
0
0
3.077807
3.286105
3.391912
3.481652
3.510588
3.001984
3.001942
3.001887
3.001819
3.001728
0
0
0
0
0
2.957063
3.138519
3.291663
3.395744
3.484303
3.002061
3.001814
3.002022
3.00197
3.001728
3.001943
3.001936
3.001864
3.001657
3.001896
3.001875
3.001843
3.001754
3.001543
3.001913
3.001864
3.001817
3.001757
3.00165
0
3.001986
3.001918
3.001843
3.001764
3.001667
0
0
3.00207
3.001994
3.001904
3.001807
3.001705
0
0
0
3.002137
3.002059
3.001964
3.001856
3.001741
0
0
0
0
3.002178
3.002097
3.002001
3.00189
3.001765
0
0
0
0
0
3.002197
3.002116
3.002018
3.001906
3.001778
0
0
0
0
0
1.901455
3.002198
3.002116
3.002019
3.001905
3.001777
0
0
0
0
0
2.424923
1.900071
3.002182
3.0021
3.002002
3.001889
3.00176
0
0
0
0
0
3.005772
2.431116
1.904346
3.002143
3.002063
3.001966
3.001853
3.001727
0
0
0
0
0
3.295809
3.020311
2.442919
1.916358
3.002078
3.002001
3.001907
3.001797
3.001673
0
0
0
0
0
3.425411
3.313377
3.044216
2.47032
1.940306
3.001997
3.001925
3.001837
3.001734
3.001617
0
0
0
0
0
3.428974
3.438994
3.339266
3.080348
2.51807
3.001925
3.001862
3.001784
3.00169
3.001583
0
0
0
0
0
3.295137
3.44387
3.460189
3.372987
3.127969
3.001897
3.00184
3.001768
3.001681
3.001581
0
0
0
0
0
3.201514
3.360178
3.459459
3.481084
3.405072
3.001908
3.001857
3.00179
3.001709
3.001614
0
0
0
0
0
3.075326
3.268745
3.379994
3.471724
3.497444
3.001942
3.001895
3.001834
3.001757
3.001668
0
0
0
0
0
2.963238
3.078399
3.284756
3.389966
3.479216
3.001985
3.001943
3.001888
3.00182
3.001729
0
0
0
0
0
2.881274
2.95754
3.137169
3.289661
3.393267
3.002068
3.002018
3.001769
3.001979
3.001979
3.001909
3.001693
3.001909
3.001895
3.001872
3.001783
3.001557
3.001883
3.001842
3.001806
3.001758
3.001652
0
3.001912
3.001852
3.001788
3.001726
3.001652
0
0
3.001987
3.001916
3.001833
3.001742
3.001651
0
0
0
3.00207
3.001994
3.001903
3.001797
3.001686
0
0
0
0
3.002138
3.002059
3.001964
3.001853
3.001731
0
0
0
0
0
3.002179
3.002098
3.002001
3.001889
3.001762
0
0
0
0
0
1.908555
3.002198
3.002117
3.002019
3.001905
3.001777
0
0
0
0
0
2.424923
1.900071
3.0022
3.002118
3.002019
3.001906
3.001776
0
0
0
0
0
2.99873
2.424976
1.897146
3.002183
3.002102
3.002003
3.00189
3.00176
0
0
0
0
0
3.285048
3.005164
2.430842
1.90013
3.002145
3.002065
3.001968
3.001854
3.001728
0
0
0
0
0
3.415314
3.295297
3.0187
2.442624
1.911125
3.00208
3.002002
3.001908
3.001798
3.001674
0
0
0
0
0
3.409913
3.424932
3.311953
3.041712
2.470283
3.001999
3.001927
3.001839
3.001735
3.001618
0
0
0
0
0
3.269921
3.428487
3.437698
3.337051
3.077029
3.001926
3.001864
3.001785
3.001691
3.001585
0
0
0
0
0
3.196789
3.295859
3.442601
3.458219
3.370118
3.001898
3.001841
3.00177
3.001683
3.001583
0
0
0
0
0
3.087237
3.202101
3.358957
3.457563
3.478539
3.001909
3.001858
3.001791
3.00171
3.001615
0
0
0
0
0
2.976318
3.075821
3.2675
3.378051
3.469297
3.001943
3.001896
3.001835
3.001759
3.001669
0
0
0
0
0
2.887968
2.963669
3.079291
3.282763
3.387486
3.001987
3.001945
3.001889
3.001821
3.00173
0
0
0
0
0
2.810283
2.881725
2.958194
3.135162
3.287112
3.002024
3.00203
3.001963
3.001743
3.001943
3.001936
3.00192
3.001833
3.001597
3.001894
3.00186
3.001832
3.001792
3.001686
0
3.001881
3.001828
3.001773
3.001722
3.00166
0
0
3.001912
3.00185
3.001776
3.001697
3.001622
0
0
0
3.001987
3.001917
3.001831
3.001731
3.001628
0
0
0
0
3.002071
3.001995
3.001902
3.001795
3.001675
0
0
0
0
0
3.002139
3.00206
3.001964
3.001853
3.001729
0
0
0
0
0
1.92437
3.00218
3.002099
3.002002
3.001889
3.001761
0
0
0
0
0
2.431048
1.907207
3.0022
3.002118
3.002019
3.001906
3.001776
0
0
0
0
0
2.99873
2.424976
1.897146
3.002202
3.002119
3.00202
3.001906
3.001776
0
0
0
0
0
3.280039
2.998129
2.42467
1.892837
3.002185
3.002103
3.002005
3.001891
3.001761
0
0
0
0
0
3.408708
3.284551
3.003577
2.430373
1.894636
3.002146
3.002066
3.001969
3.001856
3.001729
0
0
0
0
0
3.366111
3.414858
3.293905
3.016243
2.44235
3.002081
3.002003
3.001909
3.001799
3.001675
0
0
0
0
0
3.261577
3.409484
3.423617
3.309778
3.038443
3.001999
3.001928
3.00184
3.001736
3.001619
0
0
0
0
0
3.199169
3.270576
3.427182
3.435739
3.334176
3.001927
3.001865
3.001787
3.001693
3.001586
0
0
0
0
0
3.10205
3.197234
3.296963
3.440706
3.455688
3.001899
3.001842
3.001771
3.001684
3.001584
0
0
0
0
0
2.998136
3.087606
3.202986
3.357135
3.455144
3.00191
3.001859
3.001792
3.001711
3.001617
0
0
0
0
0
2.901919
2.976657
3.076518
3.265654
3.375572
3.001945
3.001897
3.001836
3.00176
3.001671
0
0
0
0
0
2.817947
2.888367
2.964241
3.080641
3.280224
3.001989
3.001947
3.00189
3.001822
3.001731
0
0
0
0
0
2.744779
2.81064
2.88236
2.959182
3.13259
3.001986
3.001986
3.001976
3.001894
3.001653
3.001926
3.001898
3.001878
3.001846
3.001741
0
3.001891
3.001844
3.001795
3.001753
3.001699
0
0
3.001882
3.001826
3.001758
3.001689
3.001625
0
0
0
3.001913
3.001851
3.001774
3.001684
3.001593
0
0
0
0
3.001988
3.001917
3.001831
3.001729
3.001617
0
0
0
0
0
3.002072
3.001995
3.001903
3.001794
3.001673
0
0
0
0
0
1.952398
3.00214
3.00206
3.001965
3.001853
3.001728
0
0
0
0
0
2.442985
1.923098
3.002182
3.0021
3.002002
3.001889
3.00176
0
0
0
0
0
3.005772
2.431116
1.904346
3.002202
3.002119
3.002021
3.001906
3.001776
0
0
0
0
0
3.280039
2.998129
2.42467
1.892837
3.002203
3.002121
3.002022
3.001907
3.001776
0
0
0
0
0
3.405506
3.279549
2.996554
2.424151
1.887222
3.002186
3.002104
3.002006
3.001892
3.001762
0
0
0
0
0
3.339802
3.408268
3.283181
3.001154
2.429838
3.002148
3.002068
3.001971
3.001857
3.00173
0
0
0
0
0
3.258019
3.367045
3.413569
3.291773
3.013035
3.002082
3.002005
3.001911
3.0018
3.001676
0
0
0
0
0
3.202885
3.262198
3.408265
3.421603
3.306949
3.002
3.001929
3.001842
3.001738
3.00162
0
0
0
0
0
3.118447
3.199523
3.271509
3.425199
3.433214
3.001928
3.001866
3.001788
3.001694
3.001587
0
0
0
0
0
3.021136
3.102288
3.197794
3.2986
3.438279
3.001899
3.001843
3.001772
3.001685
3.001586
0
0
0
0
0
2.924857
2.998337
3.088029
3.204328
3.354801
3.001912
3.00186
3.001793
3.001712
3.001618
0
0
0
0
0
2.835406
2.902216
2.977058
3.07757
3.263298
3.001947
3.001899
3.001837
3.001761
3.001672
0
0
0
0
0
2.752214
2.818247
2.88891
2.965109
3.082576
3.00199
3.001948
3.001892
3.001823
3.001732
0
0
0
0
0
2.684625
2.745042
2.811124
2.883338
2.96068
3.001969
3.001947
3.001933
3.001908
3.001805
0
3.001923
3.001881
3.001839
3.001804
3.001758
0
0
3.001892
3.00184
3.001779
3.001716
3.001661
0
0
0
3.001883
3.001827
3.001755
3.001673
3.001591
0
0
0
0
3.001915
3.001852
3.001775
3.001682
3.00158
0
0
0
0
0
3.00199
3.001918
3.001831
3.001729
3.001614
0
0
0
0
0
1.99715
3.002074
3.001996
3.001903
3.001794
3.001672
0
0
0
0
0
2.470335
1.951256
3.002142
3.002062
3.001965
3.001853
3.001727
0
0
0
0
0
3.020933
2.443091
1.920375
3.002183
3.002102
3.002003
3.00189
3.00176
0
0
0
0
0
3.285048
3.005164
2.430842
1.90013
3.002203
3.002121
3.002022
3.001907
3.001777
0
0
0
0
0
3.405506
3.27955
2.996554
2.424151
1.887222
3.002205
3.002122
3.002023
3.001909
3.001777
0
0
0
0
0
3.322006
3.405074
3.27819
2.994147
2.423548
3.002188
3.002106
3.002008
3.001893
3.001763
0
0
0
0
0
3.256498
3.340712
3.407003
3.281077
2.997987
3.002148
3.002069
3.001972
3.001859
3.001731
0
0
0
0
0
3.206257
3.258613
3.36853
3.411582
3.288994
3.002082
3.002005
3.001912
3.001802
3.001678
0
0
0
0
0
3.131872
3.203179
3.263044
3.40639
3.418985
3.002001
3.00193
3.001842
3.001739
3.001622
0
0
0
0
0
3.044495
3.118578
3.199889
3.272866
3.422623
3.001929
3.001866
3.001789
3.001695
3.001589
0
0
0
0
0
2.949473
3.021189
3.10246
3.198636
3.300895
3.001902
3.001844
3.001773
3.001686
3.001587
0
0
0
0
0
2.855679
2.925004
2.998456
3.088657
3.206254
3.001914
3.001862
3.001794
3.001713
3.001619
0
0
0
0
0
2.769235
2.835589
2.90257
2.977679
3.07916
3.001948
3.001901
3.001839
3.001762
3.001673
0
0
0
0
0
2.691637
2.752416
2.818626
2.889754
2.966451
3.001991
3.00195
3.001894
3.001825
3.001733
0
0
0
0
0
2.632535
2.684802
2.745363
2.811894
2.884829
3.001965
3.001929
3.001893
3.001865
3.001823
0
0
3.001924
3.001877
3.001821
3.001765
3.001718
0
0
0
3.001893
3.001841
3.001775
3.001699
3.001624
0
0
0
0
3.001885
3.001828
3.001756
3.00167
3.001575
0
0
0
0
0
3.001916
3.001853
3.001775
3.001683
3.001577
0
0
0
0
0
2.05812
3.001991
3.001919
3.001832
3.001729
3.001614
0
0
0
0
0
2.517225
1.996217
3.002075
3.001998
3.001904
3.001795
3.001672
0
0
0
0
0
3.046507
2.470498
1.948769
3.002143
3.002063
3.001966
3.001854
3.001727
0
0
0
0
0
3.295809
3.020311
2.442919
1.916358
3.002184
3.002103
3.002005
3.001891
3.001761
0
0
0
0
0
3.408708
3.284551
3.003577
2.430373
1.894636
3.002205
3.002122
3.002023
3.001909
3.001777
0
0
0
0
0
3.322006
3.405074
3.27819
2.994147
2.423548
3.002206
3.002124
3.002025
3.00191
3.001778
0
0
0
0
0
3.255938
3.322872
3.403822
3.2761
2.991
3.002188
3.002107
3.002009
3.001895
3.001764
0
0
0
0
0
3.208698
3.257076
3.342116
3.405047
3.278333
3.002149
3.002069
3.001973
3.00186
3.001732
0
0
0
0
0
3.141405
3.206512
3.259396
3.369249
3.408982
3.002083
3.002006
3.001913
3.001803
3.001679
0
0
0
0
0
3.063017
3.131927
3.203415
3.264264
3.403941
3.002001
3.00193
3.001843
3.00174
3.001623
0
0
0
0
0
2.974709
3.044422
3.118539
3.200417
3.274766
3.001931
3.001867
3.001789
3.001696
3.001589
0
0
0
0
0
2.880038
2.949451
3.021033
3.102718
3.199947
3.001904
3.001846
3.001773
3.001687
3.001588
0
0
0
0
0
2.789005
2.8557
2.925054
2.998642
3.089657
3.001915
3.001864
3.001796
3.001714
3.00162
0
0
0
0
0
2.707824
2.769312
2.835724
2.903141
2.978694
3.001949
3.001902
3.001841
3.001764
3.001674
0
0
0
0
0
2.639156
2.691749
2.752624
2.819243
2.891069
3.001992
3.00195
3.001897
3.001827
3.001735
0
0
0
0
0
2.602438
2.632638
2.684973
2.745902
2.813112
3.001966
3.001925
3.001874
3.001826
3.001783
0
0
0
3.001925
3.001879
3.001817
3.001747
3.001678
0
0
0
0
3.001894
3.001843
3.001776
3.001695
3.001606
0
0
0
0
0
3.001886
3.001829
3.001758
3.001671
3.001572
0
0
0
0
0
2.114664
3.001918
3.001855
3.001776
3.001683
3.001577
0
0
0
0
0
2.595067
2.057497
3.001993
3.001921
3.001833
3.00173
3.001614
0
0
0
0
0
3.08524
2.517478
1.994112
3.002077
3.001999
3.001905
3.001795
3.001672
0
0
0
0
0
3.313911
3.045862
2.470443
1.945091
3.002145
3.002065
3.001968
3.001855
3.001728
0
0
0
0
0
3.415314
3.295297
3.0187
2.442624
1.911125
3.002186
3.002104
3.002006
3.001892
3.001762
0
0
0
0
0
3.339802
3.408268
3.283181
3.001154
2.429838
3.002206
3.002124
3.002025
3.00191
3.001779
0
0
0
0
0
3.255938
3.322872
3.403822
3.2761
2.991
3.002206
3.002125
3.002026
3.001911
3.00178
0
0
0
0
0
3.209966
3.256508
3.324178
3.401883
3.273372
3.002189
3.002108
3.00201
3.001896
3.001765
0
0
0
0
0
3.147437
3.208928
3.25782
3.344173
3.402486
3.002149
3.00207
3.001974
3.001861
3.001734
0
0
0
0
0
3.075929
3.141408
3.206665
3.260517
3.369297
3.002083
3.002007
3.001913
3.001803
3.00168
0
0
0
0
0
2.994899
3.06285
3.131737
3.203745
3.265977
3.002004
3.001931
3.001844
3.001741
3.001623
0
0
0
0
0
2.905852
2.974536
3.044025
3.118484
3.201288
3.001933
3.001869
3.00179
3.001697
3.00159
0
0
0
0
0
2.812915
2.879869
2.949189
3.02082
3.103228
3.001905
3.001848
3.001776
3.001688
3.001589
0
0
0
0
0
2.726507
2.788906
2.855539
2.925162
2.999055
3.001917
3.001865
3.001798
3.001716
3.001621
0
0
0
0
0
2.654572
2.707805
2.769262
2.835964
2.904094
3.00195
3.001903
3.001842
3.001766
3.001676
0
0
0
0
0
2.609822
2.639191
2.691802
2.753001
2.820257
3.001993
3.001952
3.001898
3.001828
3.001737
0
0
0
0
0
2.595354
2.602491
2.63268
2.6853
2.746816
3.001968
3.001926
3.00187
3.001807
3.001741
0
0
0
0
3.001927
3.00188
3.001818
3.001743
3.001659
0
0
0
0
0
3.001896
3.001844
3.001777
3.001696
3.001602
0
0
0
0
0
2.162421
3.001888
3.001831
3.001759
3.001673
3.001573
0
0
0
0
0
2.716831
2.114332
3.001919
3.001856
3.001778
3.001684
3.001578
0
0
0
0
0
3.136145
2.59547
2.055966
3.001994
3.001922
3.001835
3.001731
3.001614
0
0
0
0
0
3.341284
3.084574
2.517601
1.990988
3.002078
3.002001
3.001907
3.001797
3.001673
0
0
0
0
0
3.425411
3.313377
3.044216
2.47032
1.940306
3.002146
3.002066
3.001969
3.001856
3.001729
0
0
0
0
0
3.366111
3.414858
3.293905
3.016243
2.44235
3.002188
3.002106
3.002007
3.001893
3.001763
0
0
0
0
0
3.256498
3.340712
3.407003
3.281077
2.997987
3.002206
3.002125
3.002026
3.001911
3.00178
0
0
0
0
0
3.209966
3.256508
3.324178
3.401883
3.273372
3.002207
3.002125
3.002028
3.001913
3.001781
0
0
0
0
0
3.150363
3.210184
3.257233
3.326071
3.399343
3.002189
3.002108
3.00201
3.001897
3.001767
0
0
0
0
0
3.083998
3.147408
3.209028
3.25888
3.345529
3.002149
3.00207
3.001974
3.001861
3.001735
0
0
0
0
0
3.009082
3.075697
3.141114
3.206867
3.262097
3.002086
3.002007
3.001914
3.001804
3.00168
0
0
0
0
0
2.92695
2.994612
3.062273
3.131456
3.204354
3.002006
3.001933
3.001844
3.001741
3.001625
0
0
0
0
0
2.838517
2.905508
2.973991
3.043459
3.118581
3.001934
3.001872
3.001792
3.001697
3.001591
0
0
0
0
0
2.749189
2.812606
2.87936
2.948843
3.020707
3.001907
3.001849
3.001778
3.00169
3.001589
0
0
0
0
0
2.672236
2.726299
2.788536
2.855351
2.925476
3.001918
3.001866
3.001799
3.001718
3.001623
0
0
0
0
0
2.626939
2.654468
2.707586
2.769241
2.83645
3.001951
3.001904
3.001843
3.001767
3.001678
0
0
0
0
0
2.6021
2.609805
2.639108
2.691956
2.753698
3.001995
3.001953
3.001899
3.001829
3.001739
0
0
0
0
0
2.606818
2.595354
2.60246
2.632823
2.685932
3.001969
3.001928
3.001871
3.001803
3.001721
0
0
0
0
0
3.001929
3.001881
3.00182
3.001744
3.001655
0
0
0
0
0
2.195652
3.001898
3.001846
3.001779
3.001698
3.001603
0
0
0
0
0
2.781593
2.16231
3.00189
3.001833
3.001761
3.001674
3.001574
0
0
0
0
0
3.185668
2.716071
2.113367
3.001921
3.001858
3.001779
3.001686
3.001579
0
0
0
0
0
3.377243
3.135474
2.595905
2.053681
3.001995
3.001924
3.001836
3.001732
3.001615
0
0
0
0
0
3.439486
3.340724
3.082895
2.517747
1.986933
3.00208
3.002002
3.001908
3.001798
3.001674
0
0
0
0
0
3.409913
3.424932
3.311953
3.041712
2.470283
3.002148
3.002067
3.00197
3.001857
3.00173
0
0
0
0
0
3.258019
3.367045
3.413569
3.291773
3.013035
3.002188
3.002108
3.002009
3.001894
3.001764
0
0
0
0
0
3.208698
3.257076
3.342117
3.405047
3.278333
3.002207
3.002125
3.002028
3.001913
3.001781
0
0
0
0
0
3.150363
3.210184
3.257233
3.326071
3.399343
3.002207
3.002126
3.002027
3.001914
3.001782
0
0
0
0
0
3.087883
3.150317
3.210258
3.258263
3.32868
3.002189
3.002108
3.002011
3.001897
3.001768
0
0
0
0
0
3.018
3.083725
3.147048
3.209151
3.260377
3.002152
3.00207
3.001975
3.001862
3.001735
0
0
0
0
0
2.942175
3.008716
3.074994
3.140679
3.207307
3.002088
3.00201
3.001914
3.001805
3.001681
0
0
0
0
0
2.859826
2.926471
2.993851
3.061442
3.131257
3.002006
3.001936
3.001847
3.001741
3.001625
0
0
0
0
0
2.773666
2.838012
2.904672
2.973232
3.042882
3.001936
3.001872
3.001795
3.0017
3.001591
0
0
0
0
0
2.693748
2.748755
2.811857
2.87867
2.94856
3.001907
3.001851
3.001779
3.001693
3.001592
0
0
0
0
0
2.647574
2.671932
2.72574
2.788054
2.855275
3.001918
3.001867
3.001801
3.001719
3.001625
0
0
0
0
0
2.617644
2.62678
2.654103
2.707325
2.769383
3.001952
3.001905
3.001845
3.001768
3.001679
0
0
0
0
0
2.615407
2.602026
2.609649
2.639072
2.692359
3.001996
3.001954
3.001899
3.00183
3.001739
0
0
0
0
0
2.603797
2.606783
2.595213
2.60251
2.633214
3.001971
3.001929
3.001873
3.001804
3.001716
0
0
0
0
0
2.212553
3.00193
3.001883
3.001821
3.001745
3.001656
0
0
0
0
0
2.823545
2.195688
3.0019
3.001848
3.00178
3.001699
3.001604
0
0
0
0
0
3.225767
2.780853
2.16175
3.001891
3.001834
3.001762
3.001675
3.001575
0
0
0
0
0
3.412208
3.184998
2.714202
2.111926
3.001922
3.001859
3.001781
3.001687
3.00158
0
0
0
0
0
3.462014
3.37667
3.1338
2.596525
2.05074
3.001997
3.001925
3.001837
3.001734
3.001617
0
0
0
0
0
3.428974
3.438994
3.339266
3.080348
2.51807
3.002081
3.002003
3.001909
3.001799
3.001675
0
0
0
0
0
3.261577
3.409484
3.423617
3.309778
3.038443
3.002148
3.002069
3.001972
3.001858
3.001731
0
0
0
0
0
3.206258
3.258614
3.36853
3.411582
3.288994
3.002189
3.002108
3.00201
3.001896
3.001765
0
0
0
0
0
3.147438
3.208928
3.25782
3.344173
3.402486
3.002207
3.002126
3.002027
3.001914
3.001782
0
0
0
0
0
3.087883
3.150317
3.210258
3.258263
3.32868
3.002207
3.002126
3.002028
3.001914
3.001783
0
0
0
0
0
3.022313
3.087589
3.149925
3.210343
3.259722
3.002192
3.002108
3.002011
3.001898
3.001767
0
0
0
0
0
2.952327
3.017582
3.082941
3.146515
3.209486
3.002155
3.002073
3.001975
3.001862
3.001736
0
0
0
0
0
2.875716
2.941599
3.007803
3.073979
3.140278
3.002088
3.002012
3.001917
3.001805
3.001682
0
0
0
0
0
2.794268
2.859167
2.925382
2.992777
3.060519
3.002009
3.001936
3.001849
3.001745
3.001625
0
0
0
0
0
2.717143
2.773017
2.836898
2.903506
2.972405
3.001937
3.001875
3.001795
3.001702
3.001594
0
0
0
0
0
2.67357
2.693204
2.747789
2.810826
2.877934
3.001909
3.001852
3.001781
3.001694
3.001594
0
0
0
0
0
2.635375
2.647211
2.671209
2.72499
2.78759
3.00192
3.001868
3.001802
3.001721
3.001626
0
0
0
0
0
2.627047
2.617417
2.626339
2.653636
2.707152
3.001954
3.001907
3.001845
3.001769
3.001681
0
0
0
0
0
2.612103
2.615286
2.601747
2.609518
2.639223
3.001998
3.001956
3.001901
3.001831
3.001741
0
0
0
0
0
2.605137
2.603873
2.606566
2.595098
2.602782
3.001973
3.001931
3.001874
3.001806
3.001717
0
0
0
0
0
2.84504
2.21266
3.001932
3.001885
3.001823
3.001746
3.001657
0
0
0
0
0
3.253302
2.822812
2.195391
3.001901
3.001849
3.001782
3.0017
3.001606
0
0
0
0
0
3.440546
3.225098
2.779027
2.160897
3.001893
3.001836
3.001764
3.001677
3.001577
0
0
0
0
0
3.484916
3.41163
3.183324
2.711369
2.11013
3.001924
3.001861
3.001782
3.001689
3.001582
0
0
0
0
0
3.444369
3.461502
3.375204
3.131266
2.597499
3.001999
3.001927
3.001839
3.001735
3.001618
0
0
0
0
0
3.269922
3.428487
3.437698
3.337051
3.077029
3.002082
3.002005
3.001911
3.0018
3.001676
0
0
0
0
0
3.202885
3.262198
3.408265
3.421603
3.306949
3.002149
3.002069
3.001973
3.00186
3.001732
0
0
0
0
0
3.141405
3.206513
3.259396
3.369249
3.408982
3.002189
3.002108
3.00201
3.001897
3.001767
0
0
0
0
0
3.083998
3.147408
3.209028
3.25888
3.345529
3.002207
3.002126
3.002028
3.001914
3.001783
0
0
0
0
0
3.022313
3.087589
3.149925
3.210343
3.259722
3.00221
3.002126
3.002029
3.001914
3.001783
0
0
0
0
0
2.958596
3.02187
3.086766
3.149344
3.210627
3.002194
3.002112
3.002011
3.001898
3.001768
0
0
0
0
0
2.887357
2.951684
3.016573
3.081808
3.145986
3.002155
3.002076
3.001978
3.001862
3.001736
0
0
0
0
0
2.809783
2.874942
2.940328
3.006509
3.072815
3.002092
3.002012
3.00192
3.001808
3.001682
0
0
0
0
0
2.737102
2.79345
2.857766
2.923847
2.991539
3.002009
3.001939
3.00185
3.001747
3.001629
0
0
0
0
0
2.702537
2.716365
2.771653
2.835338
2.902145
3.001938
3.001875
3.001798
3.001703
3.001597
0
0
0
0
0
2.656686
2.672961
2.692047
2.74645
2.809643
3.00191
3.001853
3.001781
3.001696
3.001595
0
0
0
0
0
2.641641
2.634927
2.64641
2.670226
2.724172
3.001922
3.00187
3.001803
3.001722
3.001628
0
0
0
0
0
2.621617
2.626766
2.616828
2.625779
2.653192
3.001956
3.001909
3.001846
3.00177
3.001682
0
0
0
0
0
2.612884
2.612109
2.614882
2.60143
2.609551
3.001977
3.001957
3.001903
3.001832
3.001741
0
0
0
0
0
2.612059
2.605267
2.603855
2.606333
2.595144
3.001974
3.001932
3.001876
3.001807
3.001717
0
0
0
0
0
3.26718
2.844232
2.212493
3.001934
3.001886
3.001824
3.001748
3.001658
0
0
0
0
0
3.460007
3.252634
2.820997
2.194917
3.001903
3.001851
3.001784
3.001702
3.001607
0
0
0
0
0
3.503864
3.439967
3.223422
2.776262
2.159882
3.001894
3.001837
3.001765
3.001679
3.001578
0
0
0
0
0
3.461242
3.484393
3.41016
3.180792
2.707721
3.001925
3.001862
3.001784
3.00169
3.001583
0
0
0
0
0
3.295137
3.44387
3.460189
3.372987
3.12797
3.001999
3.001928
3.00184
3.001736
3.001619
0
0
0
0
0
3.199169
3.270576
3.427182
3.435739
3.334176
3.002082
3.002005
3.001912
3.001802
3.001677
0
0
0
0
0
3.131872
3.203179
3.263044
3.40639
3.418985
3.002149
3.00207
3.001974
3.001861
3.001734
0
0
0
0
0
3.075929
3.141408
3.206665
3.260517
3.369297
3.002189
3.002108
3.002011
3.001897
3.001768
0
0
0
0
0
3.018
3.083725
3.147048
3.209151
3.260377
3.00221
3.002126
3.002029
3.001914
3.001783
0
0
0
0
0
2.958596
3.02187
3.086766
3.149344
3.210628
3.002213
3.002129
3.002028
3.001915
3.001784
0
0
0
0
0
2.892691
2.957899
3.020813
3.085575
3.148753
3.002194
3.002114
3.002015
3.001898
3.001769
0
0
0
0
0
2.821214
2.886487
2.950286
3.015137
3.08049
3.002159
3.002076
3.001981
3.001866
3.001736
0
0
0
0
0
2.752439
2.808838
2.873327
2.938528
3.004983
3.002092
3.002016
3.00192
3.001811
3.001685
0
0
0
0
0
2.727211
2.736139
2.791772
2.85579
2.922003
3.002011
3.001939
3.001853
3.001748
3.001631
0
0
0
0
0
2.679749
2.70169
2.714779
2.769738
2.833459
3.001939
3.001876
3.001798
3.001706
3.001598
0
0
0
0
0
2.658953
2.655969
2.671726
2.69044
2.744861
3.001912
3.001855
3.001782
3.001696
3.001597
0
0
0
0
0
2.634172
2.641121
2.633934
2.645335
2.669104
3.001924
3.001871
3.001804
3.001722
3.001628
0
0
0
0
0
2.62149
2.621492
2.62606
2.616038
2.625218
3.001936
3.00191
3.001848
3.001771
3.001682
0
0
0
0
0
2.619364
2.612951
2.611931
2.614358
2.601208
3.001935
3.001935
3.001903
3.001834
3.001743
0
0
0
0
0
2.604003
2.612185
2.605342
2.603906
2.606219
3.001976
3.001934
3.001877
3.001809
3.001719
0
0
0
0
0
3.469828
3.266513
2.842263
2.212206
3.001935
3.001888
3.001826
3.00175
3.00166
0
0
0
0
0
3.517036
3.459428
3.250957
2.818247
2.194406
3.001904
3.001852
3.001786
3.001704
3.001609
0
0
0
0
0
3.475422
3.503336
3.438493
3.220886
2.772658
3.001896
3.001839
3.001767
3.00168
3.00158
0
0
0
0
0
3.360655
3.460733
3.483068
3.407942
3.1775
3.001926
3.001864
3.001785
3.001691
3.001585
0
0
0
0
0
3.196789
3.295859
3.442601
3.458219
3.370118
3.002
3.001929
3.001842
3.001738
3.00162
0
0
0
0
0
3.118447
3.199523
3.271509
3.425199
3.433214
3.002083
3.002006
3.001913
3.001803
3.001679
0
0
0
0
0
3.063017
3.131928
3.203415
3.264264
3.403941
3.002149
3.00207
3.001974
3.001861
3.001735
0
0
0
0
0
3.009082
3.075698
3.141114
3.206867
3.262097
3.002192
3.002108
3.002011
3.001898
3.001767
0
0
0
0
0
2.952327
3.017582
3.082941
3.146515
3.209487
3.002213
3.002129
3.002028
3.001915
3.001784
0
0
0
0
0
2.892691
2.957899
3.020813
3.085575
3.148753
3.002213
3.002132
3.002032
3.001914
3.001784
0
0
0
0
0
2.826473
2.891781
2.956394
3.019307
3.084182
3.002198
3.002114
3.002018
3.001902
3.001768
0
0
0
0
0
2.764266
2.820167
2.884689
2.9483
3.013427
3.002158
3.00208
3.001981
3.001869
3.00174
0
0
0
0
0
2.745989
2.751336
2.806927
2.871039
2.93634
3.002093
3.002016
3.001924
3.001811
3.001688
0
0
0
0
0
2.700239
2.726172
2.734212
2.789404
2.853367
3.002012
3.00194
3.001853
3.001751
3.001632
0
0
0
0
0
2.677235
2.678762
2.70003
2.712552
2.767393
3.001941
3.001878
3.001799
3.001706
3.0016
0
0
0
0
0
2.649618
2.658138
2.654477
2.670031
2.688498
3.001913
3.001856
3.001784
3.001697
3.001598
0
0
0
0
0
2.632957
2.633857
2.639973
2.632556
2.644099
3.001905
3.001873
3.001806
3.001724
3.001629
0
0
0
0
0
2.627081
2.621439
2.621072
2.62509
2.615163
3.001897
3.001889
3.00185
3.001773
3.001684
0
0
0
0
0
2.613165
2.619428
2.61288
2.611725
2.61384
3.001895
3.001891
3.001879
3.001835
3.001744
0
0
0
0
0
2.589693
2.604101
2.612245
2.605527
2.604165
3.001977
3.001936
3.001879
3.001811
3.00172
0
0
0
0
0
3.523744
3.469249
3.264835
2.839364
2.211938
3.001936
3.001889
3.001828
3.001751
3.001661
0
0
0
0
0
3.485364
3.516507
3.457952
3.248416
2.814662
3.001906
3.001854
3.001787
3.001706
3.001611
0
0
0
0
0
3.381836
3.474908
3.502002
3.436269
3.217588
3.001897
3.00184
3.001768
3.001681
3.001581
0
0
0
0
0
3.201514
3.360178
3.459459
3.481084
3.405072
3.001927
3.001865
3.001787
3.001693
3.001586
0
0
0
0
0
3.10205
3.197234
3.296963
3.440706
3.455688
3.002001
3.00193
3.001842
3.001739
3.001622
0
0
0
0
0
3.044495
3.118578
3.199889
3.272866
3.422623
3.002083
3.002007
3.001913
3.001803
3.00168
0
0
0
0
0
2.994899
3.062851
3.131737
3.203746
3.265977
3.002152
3.00207
3.001975
3.001862
3.001735
0
0
0
0
0
2.942175
3.008716
3.074994
3.140679
3.207307
3.002195
3.002112
3.002011
3.001898
3.001768
0
0
0
0
0
2.887358
2.951684
3.016573
3.081808
3.145987
3.002213
3.002132
3.002032
3.001914
3.001785
0
0
0
0
0
2.826473
2.891781
2.956394
3.019307
3.084182
3.002217
3.002132
3.002035
3.001918
3.001784
0
0
0
0
0
2.771257
2.825382
2.889908
2.954248
3.017506
3.002198
3.002119
3.002018
3.001905
3.001773
0
0
0
0
0
2.760058
2.763046
2.818062
2.882129
2.945869
3.002159
3.002079
3.001985
3.001869
3.001743
0
0
0
0
0
2.717513
2.744804
2.749153
2.804221
2.86821
3.002094
3.002017
3.001923
3.001815
3.001689
0
0
0
0
0
2.694064
2.699034
2.724169
2.731494
2.786466
3.002013
3.001942
3.001854
3.001751
3.001636
0
0
0
0
0
2.666427
2.676119
2.676763
2.697726
2.709797
3.001942
3.001879
3.001801
3.001707
3.0016
0
0
0
0
0
2.647401
2.649075
2.656434
2.652375
2.667987
3.001895
3.001857
3.001786
3.001699
3.001598
0
0
0
0
0
2.637096
2.632738
2.63309
2.638357
2.630905
3.001867
3.001853
3.001808
3.001726
3.001631
0
0
0
0
0
2.624885
2.627032
2.621156
2.620516
2.623971
3.001859
3.001847
3.001828
3.001774
3.001686
0
0
0
0
0
2.598576
2.613192
2.619346
2.612829
2.611614
3.001857
3.001847
3.001832
3.001809
3.001745
0
0
0
0
0
2.595403
2.589764
2.604137
2.612404
2.605962
3.001979
3.001937
3.001881
3.001813
3.001722
0
0
0
0
0
3.490465
3.523214
3.467772
3.262291
2.835632
3.001938
3.001891
3.001829
3.001753
3.001663
0
0
0
0
0
3.393762
3.484848
3.515167
3.455724
3.24511
3.001907
3.001856
3.001788
3.001707
3.001612
0
0
0
0
0
3.269244
3.381305
3.473627
3.500006
3.433393
3.001898
3.001842
3.00177
3.001683
3.001583
0
0
0
0
0
3.087237
3.202101
3.358957
3.457563
3.478539
3.001928
3.001866
3.001788
3.001694
3.001587
0
0
0
0
0
3.021136
3.102288
3.197794
3.2986
3.438279
3.002001
3.00193
3.001843
3.00174
3.001623
0
0
0
0
0
2.974709
3.044422
3.11854
3.200417
3.274766
3.002086
3.002007
3.001914
3.001804
3.00168
0
0
0
0
0
2.92695
2.994612
3.062273
3.131456
3.204354
3.002155
3.002073
3.001975
3.001862
3.001736
0
0
0
0
0
2.875716
2.941599
3.007804
3.073979
3.140278
3.002194
3.002114
3.002015
3.001898
3.001769
0
0
0
0
0
2.821214
2.886488
2.950286
3.015137
3.08049
3.002217
3.002132
3.002035
3.001918
3.001783
0
0
0
0
0
2.771257
2.825383
2.889908
2.954248
3.017506
3.002216
3.002136
3.002035
3.001921
3.001788
0
0
0
0
0
2.768166
2.769961
2.823197
2.88724
2.9516
3.002199
3.002118
3.002022
3.001905
3.001776
0
0
0
0
0
2.72974
2.758753
2.760643
2.815068
2.878936
3.002161
3.002081
3.001985
3.001874
3.001743
0
0
0
0
0
2.709136
2.716125
2.742541
2.746063
2.800842
3.002096
3.002018
3.001924
3.001814
3.001693
0
0
0
0
0
2.681859
2.692703
2.696624
2.721376
2.728096
3.002015
3.001943
3.001856
3.001751
3.001635
0
0
0
0
0
2.663444
2.665666
2.673837
2.673919
2.694889
3.001925
3.001881
3.001802
3.001709
3.001601
0
0
0
0
0
2.649473
2.646987
2.647889
2.654004
2.649768
3.00186
3.001838
3.001787
3.0017
3.0016
0
0
0
0
0
2.641432
2.636887
2.632155
2.632032
2.636385
3.001832
3.001813
3.001786
3.001727
3.001633
0
0
0
0
0
2.609599
2.624777
2.626746
2.620801
2.619944
3.001822
3.001806
3.001783
3.001751
3.001687
0
0
0
0
0
2.599035
2.59857
2.61307
2.619276
2.612926
3.001817
3.001807
3.001786
3.001758
3.001723
0
0
0
0
0
2.584342
2.595478
2.589747
2.604275
2.612805
3.001981
3.001938
3.001882
3.001814
3.001724
0
0
0
0
0
3.399538
3.489947
3.521871
3.465541
3.258981
3.00194
3.001893
3.001831
3.001754
3.001665
0
0
0
0
0
3.286662
3.393226
3.483562
3.513161
3.452841
3.001908
3.001857
3.00179
3.001708
3.001614
0
0
0
0
0
3.075326
3.268745
3.379994
3.471724
3.497444
3.001899
3.001842
3.001771
3.001685
3.001584
0
0
0
0
0
2.998136
3.087606
3.202986
3.357135
3.455144
3.001929
3.001866
3.001788
3.001695
3.001589
0
0
0
0
0
2.949473
3.021189
3.10246
3.198636
3.300895
3.002004
3.001931
3.001844
3.001741
3.001623
0
0
0
0
0
2.905852
2.974536
3.044025
3.118485
3.201288
3.002088
3.00201
3.001914
3.001805
3.001681
0
0
0
0
0
2.859826
2.926471
2.993851
3.061442
3.131257
3.002155
3.002076
3.001978
3.001862
3.001736
0
0
0
0
0
2.809783
2.874942
2.940329
3.006509
3.072815
3.002199
3.002114
3.002018
3.001902
3.001768
0
0
0
0
0
2.764266
2.820167
2.884689
2.9483
3.013427
3.002216
3.002136
3.002034
3.001921
3.001788
0
0
0
0
0
2.768166
2.769961
2.823197
2.88724
2.9516
3.002217
3.002135
3.002039
3.001921
3.001791
0
0
0
0
0
2.735217
2.766783
2.767411
2.820087
2.883907
3.002201
3.002119
3.002021
3.00191
3.001776
0
0
0
0
0
2.720594
2.72822
2.756267
2.757228
2.811306
3.002162
3.002082
3.001985
3.001873
3.001748
0
0
0
0
0
2.695786
2.707571
2.713367
2.739376
2.742182
3.002098
3.002019
3.001926
3.001815
3.001692
0
0
0
0
0
2.677992
2.680922
2.689953
2.69318
2.717902
3.001999
3.001945
3.001857
3.001753
3.001636
0
0
0
0
0
2.663086
2.66285
2.664067
2.670557
2.670333
3.001892
3.001863
3.001804
3.00171
3.001603
0
0
0
0
0
2.663061
2.649081
2.646053
2.646222
2.650957
3.001826
3.001801
3.001766
3.001701
3.001602
0
0
0
0
0
2.624727
2.64113
2.636318
2.631371
2.6308
3.001798
3.001775
3.001744
3.001704
3.001633
0
0
0
0
0
2.60639
2.609443
2.624418
2.626384
2.620496
3.001785
3.001767
3.00174
3.001703
3.001662
0
0
0
0
0
2.588202
2.599033
2.598379
2.612959
2.619348
3.001766
3.001763
3.001742
3.001709
3.001672
0
0
0
0
0
2.58154
2.584508
2.59542
2.589803
2.604656
3.001982
3.00194
3.001883
3.001816
3.001725
0
0
0
0
0
3.293581
3.399002
3.488658
3.519861
3.462655
3.001941
3.001894
3.001832
3.001756
3.001666
0
0
0
0
0
3.077807
3.286105
3.391912
3.481652
3.510588
3.001909
3.001858
3.001791
3.00171
3.001615
0
0
0
0
0
2.976318
3.075822
3.2675
3.378051
3.469297
3.001899
3.001843
3.001772
3.001686
3.001586
0
0
0
0
0
2.924857
2.998337
3.088029
3.204328
3.354801
3.001931
3.001867
3.001789
3.001696
3.001589
0
0
0
0
0
2.880038
2.949451
3.021033
3.102718
3.199948
3.002006
3.001933
3.001844
3.001741
3.001625
0
0
0
0
0
2.838517
2.905508
2.973991
3.043459
3.118581
3.002088
3.002012
3.001917
3.001805
3.001682
0
0
0
0
0
2.794269
2.859167
2.925382
2.992777
3.060519
3.002159
3.002076
3.001981
3.001866
3.001736
0
0
0
0
0
2.752439
2.808839
2.873327
2.938529
3.004983
3.002198
3.002119
3.002017
3.001905
3.001773
0
0
0
0
0
2.760059
2.763047
2.818062
2.882129
2.945869
3.002217
3.002135
3.002039
3.001921
3.001791
0
0
0
0
0
2.735218
2.766783
2.767411
2.820087
2.883907
3.002219
3.002136
3.002038
3.001926
3.001791
0
0
0
0
0
2.727358
2.733645
2.76415
2.763778
2.816175
3.002201
3.002121
3.002022
3.001909
3.001781
0
0
0
0
0
2.706495
2.718878
2.725211
2.752777
2.752913
3.002164
3.002083
3.001988
3.001874
3.001747
0
0
0
0
0
2.691067
2.694694
2.704427
2.709409
2.735419
3.002098
3.002021
3.001927
3.001818
3.001693
0
0
0
0
0
2.675724
2.677254
2.678991
2.685983
2.688803
3.001967
3.001927
3.001858
3.001754
3.001638
0
0
0
0
0
2.687574
2.66253
2.661586
2.661798
2.666386
3.00186
3.001827
3.001784
3.001711
3.001604
0
0
0
0
0
2.6439
2.662525
2.648187
2.644764
2.644188
3.001794
3.001765
3.001726
3.00168
3.001602
0
0
0
0
0
2.617336
2.624351
2.640428
2.635552
2.630504
3.001762
3.001738
3.001703
3.00166
3.00161
0
0
0
0
0
2.597925
2.606233
2.608978
2.623967
2.626073
3.001737
3.001727
3.001698
3.001658
3.001613
0
0
0
0
0
2.58659
2.588303
2.598834
2.59816
2.612984
3.0017
3.00171
3.001696
3.001663
3.001621
0
0
0
0
0
2.597601
2.581699
2.584623
2.595384
2.590071
3.001983
3.001942
3.001885
3.001817
3.001726
0
0
0
0
0
3.139064
3.29302
3.397688
3.486744
3.517281
3.001942
3.001895
3.001834
3.001757
3.001668
0
0
0
0
0
2.963238
3.078399
3.284756
3.389966
3.479216
3.00191
3.001859
3.001792
3.001711
3.001617
0
0
0
0
0
2.901919
2.976657
3.076518
3.265654
3.375572
3.001902
3.001844
3.001773
3.001686
3.001587
0
0
0
0
0
2.855679
2.925004
2.998456
3.088657
3.206254
3.001933
3.00187
3.00179
3.001697
3.00159
0
0
0
0
0
2.812915
2.879869
2.949189
3.02082
3.103229
3.002006
3.001936
3.001847
3.001741
3.001625
0
0
0
0
0
2.773667
2.838012
2.904672
2.973232
3.042882
3.002092
3.002012
3.00192
3.001808
3.001682
0
0
0
0
0
2.737102
2.79345
2.857766
2.923847
2.991539
3.002158
3.00208
3.001981
3.001869
3.00174
0
0
0
0
0
2.745989
2.751336
2.806928
2.87104
2.93634
3.002199
3.002118
3.002022
3.001905
3.001776
0
0
0
0
0
2.72974
2.758753
2.760643
2.815068
2.878937
3.002219
3.002136
3.002038
3.001926
3.001791
0
0
0
0
0
2.727358
2.733645
2.76415
2.763778
2.816175
3.00222
3.002138
3.002039
3.001925
3.001796
0
0
0
0
0
2.712921
2.725547
2.730537
2.760443
2.759172
3.002204
3.002122
3.002024
3.001909
3.00178
0
0
0
0
0
2.701163
2.705283
2.715441
2.720882
2.748391
3.002165
3.002085
3.001988
3.001876
3.001748
0
0
0
0
0
2.688127
2.690198
2.692467
2.699874
2.704349
3.002084
3.002021
3.001929
3.001818
3.001695
0
0
0
0
0
2.709183
2.675036
2.675727
2.676237
2.680904
3.001937
3.001893
3.001839
3.001755
3.001639
0
0
0
0
0
2.665262
2.686809
2.661341
2.659821
2.658969
3.00183
3.001793
3.001746
3.001691
3.001605
0
0
0
0
0
2.631328
2.643251
2.661407
2.646957
2.643237
3.001762
3.00173
3.001688
3.001637
3.00158
0
0
0
0
0
2.607294
2.616948
2.623483
2.639488
2.634714
3.001718
3.001701
3.001664
3.001617
3.001563
0
0
0
0
0
2.589925
2.597891
2.60575
2.608364
2.623547
3.001674
3.001677
3.001655
3.001615
3.001565
0
0
0
0
0
2.600857
2.586679
2.588297
2.598596
2.598036
3.001642
3.001641
3.001641
3.001615
3.001572
0
0
0
0
0
2.595368
2.597728
2.581789
2.584848
2.595494
3.001984
3.001942
3.001887
3.001819
3.001727
0
0
0
0
0
2.957063
3.138519
3.291663
3.395744
3.484304
3.001943
3.001896
3.001835
3.001759
3.001669
0
0
0
0
0
2.887968
2.963669
3.079291
3.282763
3.387486
3.001912
3.00186
3.001793
3.001712
3.001618
0
0
0
0
0
2.835406
2.902216
2.977058
3.07757
3.263298
3.001904
3.001846
3.001773
3.001687
3.001588
0
0
0
0
0
2.789005
2.8557
2.925054
2.998642
3.089657
3.001934
3.001872
3.001792
3.001697
3.001591
0
0
0
0
0
2.749189
2.812606
2.87936
2.948843
3.020707
3.002009
3.001936
3.001849
3.001745
3.001625
0
0
0
0
0
2.717143
2.773018
2.836898
2.903506
2.972406
3.002092
3.002016
3.00192
3.001811
3.001685
0
0
0
0
0
2.727211
2.736139
2.791773
2.85579
2.922003
3.002159
3.00208
3.001985
3.001869
3.001743
0
0
0
0
0
2.717514
2.744804
2.749154
2.804221
2.86821
3.002201
3.002119
3.002021
3.00191
3.001776
0
0
0
0
0
2.720595
2.728221
2.756267
2.757228
2.811306
3.00222
3.002138
3.002039
3.001925
3.001797
0
0
0
0
0
2.712921
2.725547
2.730537
2.760444
2.759172
3.002222
3.002139
3.002041
3.001926
3.001795
0
0
0
0
0
2.707283
2.711629
2.721925
2.726062
2.755769
3.002204
3.002124
3.002024
3.001912
3.00178
0
0
0
0
0
2.700335
2.700189
2.702826
2.710452
2.71533
3.002165
3.002085
3.00199
3.001876
3.00175
0
0
0
0
0
2.727556
2.687308
2.688426
2.689276
2.694019
3.002053
3.002006
3.001928
3.001819
3.001695
0
0
0
0
0
2.685058
2.708232
2.673608
2.673583
2.672773
3.001909
3.001861
3.001803
3.001735
3.001639
0
0
0
0
0
2.647001
2.664337
2.685286
2.659688
2.657674
3.0018
3.001761
3.00171
3.00165
3.001583
0
0
0
0
0
2.618273
2.630651
2.641878
2.659875
2.645516
3.001721
3.001696
3.001652
3.001597
3.001536
0
0
0
0
0
2.593524
2.607065
2.616041
2.622284
2.63843
3.001659
3.001654
3.001624
3.001576
3.001519
0
0
0
0
0
2.609399
2.589881
2.597608
2.605102
2.607716
3.001618
3.00161
3.001603
3.00157
3.001519
0
0
0
0
0
2.598642
2.600919
2.586611
2.588345
2.59844
3.001661
3.001578
3.001568
3.001558
3.001523
0
0
0
0
0
2.566362
2.595507
2.597766
2.58197
2.585329
3.001985
3.001943
3.001888
3.00182
3.001729
0
0
0
0
0
2.881274
2.95754
3.13717
3.289661
3.393267
3.001945
3.001897
3.001836
3.00176
3.001671
0
0
0
0
0
2.817947
2.888367
2.964241
3.080641
3.280224
3.001914
3.001862
3.001794
3.001713
3.001619
0
0
0
0
0
2.769236
2.835589
2.90257
2.977679
3.07916
3.001905
3.001848
3.001776
3.001688
3.001588
0
0
0
0
0
2.726507
2.788906
2.855539
2.925162
2.999055
3.001936
3.001872
3.001795
3.0017
3.001591
0
0
0
0
0
2.693748
2.748756
2.811857
2.87867
2.94856
3.002009
3.001939
3.00185
3.001747
3.001629
0
0
0
0
0
2.702537
2.716365
2.771653
2.835338
2.902145
3.002093
3.002016
3.001924
3.001811
3.001688
0
0
0
0
0
2.700239
2.726172
2.734213
2.789404
2.853367
3.002161
3.00208
3.001984
3.001873
3.001743
0
0
0
0
0
2.709137
2.716126
2.742541
2.746064
2.800842
3.002202
3.002121
3.002022
3.001908
3.001781
0
0
0
0
0
2.706496
2.718878
2.725212
2.752777
2.752914
3.002222
3.002139
3.002041
3.001926
3.001795
0
0
0
0
0
2.707283
2.711629
2.721925
2.726062
2.755769
3.002223
3.002141
3.002041
3.001928
3.001795
0
0
0
0
0
2.712823
2.706237
2.709018
2.716663
2.720321
3.002205
3.002124
3.002026
3.001911
3.001783
0
0
0
0
0
2.742484
2.699373
2.698219
2.699294
2.704021
3.002152
3.002085
3.00199
3.001877
3.00175
0
0
0
0
0
2.703478
2.72644
2.685637
2.685923
2.685233
3.002024
3.001974
3.001912
3.001819
3.001697
0
0
0
0
0
2.66237
2.683908
2.706374
2.671614
2.670945
3.001881
3.001831
3.001769
3.001697
3.001618
0
0
0
0
0
2.630642
2.64603
2.662443
2.683173
2.657699
3.001764
3.001729
3.001676
3.001613
3.001541
0
0
0
0
0
2.597872
2.617804
2.62921
2.639943
2.658046
3.001668
3.001653
3.001615
3.001559
3.001494
0
0
0
0
0
2.617068
2.593284
2.606424
2.614776
2.620865
3.001606
3.001591
3.001575
3.001534
3.001476
0
0
0
0
0
2.60714
2.60933
2.589572
2.597232
2.604405
3.001636
3.001551
3.001533
3.001515
3.001472
0
0
0
0
0
2.573318
2.598716
2.600841
2.58654
2.58859
3.002786
3.001598
3.001502
3.001482
3.001463
0
0
0
0
0
2.547165
2.566383
2.595561
2.597877
2.58239
3.001987
3.001945
3.001889
3.001821
3.00173
0
0
0
0
0
2.810283
2.881725
2.958194
3.135162
3.287112
3.001947
3.001899
3.001837
3.001761
3.001672
0
0
0
0
0
2.752215
2.818247
2.88891
2.965109
3.082576
3.001915
3.001864
3.001796
3.001714
3.00162
0
0
0
0
0
2.707825
2.769312
2.835724
2.903141
2.978694
3.001907
3.001849
3.001778
3.00169
3.001589
0
0
0
0
0
2.672236
2.726299
2.788536
2.855351
2.925476
3.001936
3.001875
3.001795
3.001702
3.001594
0
0
0
0
0
2.67357
2.693204
2.747789
2.810827
2.877934
3.00201
3.001939
3.001853
3.001748
3.001631
0
0
0
0
0
2.679749
2.70169
2.714779
2.769738
2.833459
3.002095
3.002017
3.001924
3.001815
3.001689
0
0
0
0
0
2.694065
2.699034
2.724169
2.731494
2.786466
3.002162
3.002082
3.001985
3.001872
3.001748
0
0
0
0
0
2.695786
2.707572
2.713368
2.739376
2.742182
3.002204
3.002121
3.002024
3.001909
3.00178
0
0
0
0
0
2.701163
2.705283
2.715441
2.720882
2.748391
3.002223
3.002141
3.002042
3.001928
3.001796
0
0
0
0
0
2.712823
2.706237
2.709018
2.716663
2.720321
3.002223
3.002141
3.002044
3.001928
3.001798
0
0
0
0
0
2.750532
2.71181
2.704131
2.705258
2.709873
3.002206
3.002124
3.002026
3.001913
3.001782
0
0
0
0
0
2.716762
2.741214
2.697431
2.695427
2.694799
3.002122
3.002072
3.001989
3.001878
3.001751
0
0
0
0
0
2.677862
2.702119
2.724281
2.68329
2.682811
3.001996
3.001942
3.001878
3.001801
3.001696
0
0
0
0
0
2.64307
2.66116
2.681587
2.703784
2.669188
3.001849
3.001801
3.001737
3.001662
3.001578
0
0
0
0
0
2.603036
2.629932
2.644033
2.659745
2.680587
3.001718
3.00169
3.001642
3.001576
3.001502
0
0
0
0
0
2.626047
2.597392
2.616722
2.627167
2.637552
3.001619
3.001596
3.00157
3.00152
3.001454
0
0
0
0
0
2.614561
2.616812
2.592625
2.605532
2.61327
3.001621
3.001535
3.00151
3.001483
3.001432
0
0
0
0
0
2.580195
2.607083
2.608987
2.589156
2.596889
3.002804
3.00157
3.00147
3.001443
3.001415
0
0
0
0
0
2.556763
2.573263
2.598654
2.600784
2.5866
3.002805
3.001522
3.001413
3.001387
0
0
0
0
0
2.520837
2.547059
2.566252
2.595693
2.598211
3.001989
3.001947
3.00189
3.001822
3.001731
0
0
0
0
0
2.744779
2.81064
2.88236
2.959182
3.13259
3.001948
3.001901
3.001839
3.001762
3.001673
0
0
0
0
0
2.691637
2.752416
2.818626
2.889754
2.966451
3.001917
3.001865
3.001798
3.001716
3.001621
0
0
0
0
0
2.654572
2.707805
2.769262
2.835964
2.904094
3.001907
3.001851
3.001779
3.001693
3.001592
0
0
0
0
0
2.647574
2.671932
2.72574
2.788054
2.855275
3.001938
3.001875
3.001798
3.001703
3.001597
0
0
0
0
0
2.656687
2.672961
2.692047
2.74645
2.809643
3.002012
3.00194
3.001853
3.001751
3.001632
0
0
0
0
0
2.677236
2.678763
2.70003
2.712552
2.767393
3.002096
3.002019
3.001924
3.001814
3.001693
0
0
0
0
0
2.68186
2.692704
2.696625
2.721376
2.728096
3.002164
3.002083
3.001987
3.001873
3.001747
0
0
0
0
0
2.691067
2.694694
2.704428
2.709409
2.735419
3.002204
3.002124
3.002024
3.001911
3.00178
0
0
0
0
0
2.700335
2.700189
2.702826
2.710453
2.71533
3.002223
3.002141
3.002043
3.001928
3.001798
0
0
0
0
0
2.750532
2.71181
2.704131
2.705258
2.709873
3.002225
3.002142
3.002043
3.001929
3.001798
0
0
0
0
0
2.72575
2.749173
2.709791
2.701137
2.700466
3.002193
3.002126
3.002026
3.001913
3.001783
0
0
0
0
0
2.689495
2.715257
2.738766
2.694686
2.691933
3.002093
3.00204
3.001976
3.001877
3.00175
0
0
0
0
0
2.656117
2.676438
2.699399
2.721252
2.680401
3.001965
3.001913
3.001845
3.001766
3.001678
0
0
0
0
0
2.608989
2.642165
2.658714
2.678266
2.70058
3.001812
3.001767
3.001706
3.001628
3.001541
0
0
0
0
0
2.63635
2.602316
2.628397
2.641178
2.656345
3.001676
3.001641
3.001601
3.00154
3.001464
0
0
0
0
0
2.622907
2.625567
2.596296
2.615187
2.624635
3.00163
3.001545
3.00151
3.001473
3.001413
0
0
0
0
0
2.588816
2.614316
2.616138
2.591704
2.604505
3.002642
3.001551
3.00145
3.001416
3.001379
0
0
0
0
0
2.56898
2.579995
2.606753
2.608529
2.588761
3.002695
3.001488
3.001376
3.001343
0
0
0
0
0
2.525293
2.556574
2.572961
2.598616
2.600897
3.002677
3.001432
3.001313
0
0
0
0
0
2.49894
2.52061
2.546735
2.566133
2.596053
3.00199
3.001948
3.001892
3.001823
3.001732
0
0
0
0
0
2.684625
2.745042
2.811124
2.883338
2.96068
3.001949
3.001902
3.001841
3.001764
3.001674
0
0
0
0
0
2.639156
2.691749
2.752624
2.819243
2.891069
3.001917
3.001866
3.001799
3.001718
3.001623
0
0
0
0
0
2.626939
2.654468
2.707586
2.769241
2.83645
3.001909
3.001852
3.001781
3.001694
3.001594
0
0
0
0
0
2.635375
2.647211
2.671209
2.72499
2.78759
3.00194
3.001876
3.001798
3.001706
3.001598
0
0
0
0
0
2.658954
2.655969
2.671726
2.69044
2.744861
3.002014
3.001942
3.001854
3.001751
3.001636
0
0
0
0
0
2.666428
2.676119
2.676764
2.697727
2.709797
3.002098
3.00202
3.001926
3.001815
3.001692
0
0
0
0
0
2.677992
2.680922
2.689953
2.69318
2.717902
3.002164
3.002085
3.001988
3.001875
3.001747
0
0
0
0
0
2.688128
2.690198
2.692467
2.699875
2.704349
3.002205
3.002124
3.002026
3.001911
3.001782
0
0
0
0
0
2.742486
2.699373
2.698219
2.699294
2.704021
3.002225
3.002142
3.002043
3.00193
3.001798
0
0
0
0
0
2.72575
2.749174
2.709791
2.701137
2.700466
3.002225
3.002143
3.002043
3.001929
3.001799
0
0
0
0
0
2.697656
2.724118
2.746559
2.706947
2.697379
3.002164
3.002112
3.002028
3.001913
3.001783
0
0
0
0
0
2.66593
2.687921
2.712257
2.735314
2.691273
3.002061
3.002009
3.001941
3.001863
3.001749
0
0
0
0
0
2.616181
2.655028
2.673584
2.695484
2.717473
3.001931
3.001879
3.001813
3.001731
3.001641
0
0
0
0
0
2.646528
2.608078
2.640262
2.655203
2.674044
3.001784
3.001726
3.001669
3.001595
3.001506
0
0
0
0
0
2.632153
2.635649
2.600777
2.626199
2.637574
3.001681
3.001596
3.001549
3.001498
3.001427
0
0
0
0
0
2.59919
2.622436
2.624495
2.594747
2.613313
3.002499
3.001556
3.001456
3.001411
3.001364
0
0
0
0
0
2.585613
2.588403
2.613651
2.615207
2.590648
3.002625
3.001466
3.001352
3.001311
0
0
0
0
0
2.534228
2.568629
2.579428
2.60631
2.608086
3.002638
3.001395
3.001272
0
0
0
0
0
2.502575
2.524975
2.556062
2.57257
2.598752
3.002562
3.001333
0
0
0
0
0
2.505967
2.498735
2.520036
2.546358
2.566165
3.001991
3.00195
3.001894
3.001825
3.001732
0
0
0
0
0
2.632535
2.684802
2.745363
2.811894
2.884829
3.00195
3.001903
3.001842
3.001766
3.001676
0
0
0
0
0
2.609822
2.639191
2.691802
2.753001
2.820257
3.001918
3.001867
3.001801
3.001719
3.001625
0
0
0
0
0
2.617645
2.62678
2.654103
2.707325
2.769383
3.00191
3.001853
3.001782
3.001696
3.001595
0
0
0
0
0
2.641641
2.634927
2.646411
2.670226
2.724172
3.001941
3.001878
3.001799
3.001706
3.001601
0
0
0
0
0
2.649618
2.658138
2.654477
2.670031
2.688499
3.002015
3.001943
3.001856
3.001751
3.001635
0
0
0
0
0
2.663444
2.665666
2.673837
2.67392
2.694889
3.002098
3.002022
3.001927
3.001818
3.001693
0
0
0
0
0
2.675725
2.677254
2.678991
2.685984
2.688803
3.002164
3.002085
3.001989
3.001876
3.00175
0
0
0
0
0
2.727558
2.687309
2.688426
2.689276
2.69402
3.002206
3.002124
3.002026
3.001913
3.001782
0
0
0
0
0
2.716762
2.741216
2.697432
2.695427
2.6948
3.002225
3.002143
3.002043
3.001929
3.001799
0
0
0
0
0
2.697656
2.724118
2.74656
2.706947
2.697379
3.002214
3.002144
3.002045
3.00193
3.001798
0
0
0
0
0
2.673099
2.695956
2.720875
2.742869
2.703407
3.00213
3.00208
3.002014
3.001915
3.001783
0
0
0
0
0
2.623764
2.664712
2.684783
2.707931
2.730977
3.002027
3.001974
3.001908
3.001826
3.001735
0
0
0
0
0
2.656876
2.615109
2.652775
2.669466
2.690469
3.001904
3.001842
3.001777
3.001697
3.001604
0
0
0
0
0
2.641301
2.64565
2.606189
2.637528
2.650736
3.001805
3.001696
3.001626
3.001556
3.001471
0
0
0
0
0
2.610392
2.631458
2.634183
2.598584
2.623448
3.00235
3.001602
3.001501
3.001444
3.001383
0
0
0
0
0
2.606308
2.598516
2.621362
2.622996
2.592867
3.002464
3.001468
3.001353
3.001302
0
0
0
0
0
2.547275
2.585023
2.587449
2.612724
2.614146
3.002522
3.001368
3.001244
0
0
0
0
0
2.510034
2.533729
2.567817
2.578654
2.605882
3.002502
3.00129
0
0
0
0
0
2.509745
2.502288
2.524236
2.555389
2.572213
3.002417
0
0
0
0
0
2.507382
2.505761
2.498203
2.519276
2.546056
3.001993
3.001951
3.001897
3.001827
3.001735
0
0
0
0
0
2.602438
2.632638
2.684973
2.745902
2.813112
3.001951
3.001904
3.001843
3.001767
3.001678
0
0
0
0
0
2.602101
2.609805
2.639108
2.691956
2.753698
3.00192
3.001868
3.001802
3.001721
3.001626
0
0
0
0
0
2.627047
2.617417
2.62634
2.653636
2.707152
3.001912
3.001854
3.001783
3.001696
3.001597
0
0
0
0
0
2.634172
2.641122
2.633934
2.645335
2.669104
3.001943
3.001879
3.001801
3.001707
3.0016
0
0
0
0
0
2.647401
2.649076
2.656434
2.652375
2.667987
3.001999
3.001945
3.001856
3.001753
3.001636
0
0
0
0
0
2.663087
2.66285
2.664067
2.670558
2.670333
3.002084
3.002021
3.001929
3.001818
3.001695
0
0
0
0
0
2.709185
2.675037
2.675727
2.676237
2.680904
3.002152
3.002085
3.001989
3.001877
3.001749
0
0
0
0
0
2.703478
2.726442
2.685638
2.685924
2.685233
3.002193
3.002126
3.002027
3.001913
3.001784
0
0
0
0
0
2.689495
2.715257
2.738768
2.694686
2.691933
3.002213
3.002144
3.002045
3.00193
3.001799
0
0
0
0
0
2.673098
2.695956
2.720875
2.74287
2.703408
3.00218
3.002131
3.002046
3.001932
3.001798
0
0
0
0
0
2.628133
2.671765
2.692579
2.716201
2.738227
3.002097
3.002044
3.00198
3.001899
3.001784
0
0
0
0
0
2.66666
2.622547
2.662212
2.68025
2.702378
3.002001
3.001937
3.001871
3.001791
3.001697
0
0
0
0
0
2.650826
2.655844
2.612919
2.649518
2.664192
3.001917
3.001812
3.001737
3.00166
3.001568
0
0
0
0
0
2.620969
2.64043
2.643867
2.603491
2.634069
3.002324
3.001718
3.001592
3.001512
3.001431
0
0
0
0
0
2.628896
2.609459
2.629975
2.632121
2.595861
3.002304
3.001507
3.001393
3.001328
0
0
0
0
0
2.563514
2.605424
2.597085
2.619847
2.621196
3.002394
3.001365
3.001241
0
0
0
0
0
2.521307
2.546506
2.583772
2.586118
2.611661
3.002385
3.001259
0
0
0
0
0
2.517495
2.509584
2.532656
2.566708
2.577792
3.002344
0
0
0
0
0
2.510206
2.50945
2.50161
2.523237
2.554666
0
0
0
0
0
2.515222
2.507242
2.505218
2.497505
2.518438
3.001994
3.001952
3.001898
3.001828
3.001737
0
0
0
0
0
2.595354
2.602491
2.63268
2.6853
2.746816
3.001952
3.001905
3.001844
3.001769
3.001679
0
0
0
0
0
2.615407
2.602026
2.609649
2.639072
2.692359
3.001922
3.00187
3.001803
3.001722
3.001628
0
0
0
0
0
2.621617
2.626766
2.616829
2.625779
2.653192
3.001913
3.001856
3.001784
3.001697
3.001598
0
0
0
0
0
2.632957
2.633857
2.639973
2.632557
2.6441
3.001925
3.00188
3.001802
3.001709
3.001601
0
0
0
0
0
2.649473
2.646987
2.647889
2.654004
2.649768
3.001967
3.001927
3.001858
3.001754
3.001638
0
0
0
0
0
2.687575
2.662531
2.661586
2.661798
2.666387
3.002054
3.002006
3.001929
3.001819
3.001695
0
0
0
0
0
2.685059
2.708234
2.673608
2.673584
2.672773
3.002122
3.002072
3.001989
3.001877
3.001751
0
0
0
0
0
2.677862
2.702119
2.724283
2.683291
2.682811
3.002164
3.002112
3.002028
3.001913
3.001783
0
0
0
0
0
2.66593
2.687921
2.712257
2.735316
2.691274
3.00218
3.002131
3.002046
3.001932
3.001798
0
0
0
0
0
2.628132
2.671765
2.692579
2.716201
2.738227
3.002145
3.002095
3.002032
3.001933
3.0018
0
0
0
0
0
2.672169
2.626832
2.669044
2.687703
2.710202
3.00207
3.002007
3.001942
3.001863
3.00177
0
0
0
0
0
2.660044
2.665485
2.620078
2.658593
2.674435
3.002013
3.001908
3.001832
3.001752
3.00166
0
0
0
0
0
2.631315
2.649802
2.653778
2.609779
2.645361
3.002268
3.001827
3.001704
3.001618
3.001529
0
0
0
0
0
2.649502
2.619831
2.638623
2.641351
2.600105
3.002271
3.001614
3.001475
3.001386
0
0
0
0
0
2.581226
2.627716
2.607546
2.627871
2.629589
3.002232
3.001399
3.001274
0
0
0
0
0
2.536039
2.562407
2.603623
2.595062
2.618016
3.002253
3.001252
0
0
0
0
0
2.529188
2.520619
2.544937
2.582023
2.584524
3.002259
0
0
0
0
0
2.516055
2.517023
2.508615
2.531175
2.565408
0
0
0
0
0
2.521193
2.509985
2.508751
2.500704
2.522085
0
0
0
0
2.503032
2.515012
2.50681
2.504501
2.496753
3.001995
3.001953
3.001899
3.001829
3.001738
0
0
0
0
0
2.606819
2.595354
2.60246
2.632823
2.685932
3.001954
3.001907
3.001845
3.00177
3.001681
0
0
0
0
0
2.612103
2.615286
2.601747
2.609518
2.639223
3.001923
3.001871
3.001804
3.001723
3.001629
0
0
0
0
0
2.62149
2.621492
2.62606
2.616038
2.625219
3.001895
3.001857
3.001786
3.001699
3.001599
0
0
0
0
0
2.637096
2.632738
2.63309
2.638357
2.630906
3.001892
3.001862
3.001804
3.00171
3.001603
0
0
0
0
0
2.663062
2.649081
2.646053
2.646222
2.650958
3.001937
3.001893
3.001839
3.001755
3.001638
0
0
0
0
0
2.665262
2.686811
2.661341
2.659822
2.65897
3.002024
3.001974
3.001912
3.001819
3.001697
0
0
0
0
0
2.662369
2.683908
2.706376
2.671615
2.670945
3.002093
3.00204
3.001976
3.001877
3.00175
0
0
0
0
0
2.656116
2.676438
2.699399
2.721254
2.680402
3.00213
3.00208
3.002014
3.001915
3.001783
0
0
0
0
0
2.623763
2.664711
2.684783
2.707931
2.730979
3.002145
3.002095
3.002032
3.001933
3.0018
0
0
0
0
0
2.672162
2.626832
2.669044
2.687704
2.710202
3.002117
3.002057
3.001994
3.001917
3.001801
0
0
0
0
0
2.665258
2.670912
2.624204
2.665109
2.681451
3.002079
3.001977
3.001902
3.001823
3.001732
0
0
0
0
0
2.640929
2.658878
2.663149
2.616525
2.653961
3.002273
3.001921
3.001799
3.001711
3.00162
0
0
0
0
0
2.66767
2.630005
2.64771
2.65085
2.605809
3.002213
3.001719
3.001582
3.001487
0
0
0
0
0
2.598448
2.648083
2.617538
2.636051
2.638231
3.002189
3.001497
3.001346
0
0
0
0
0
2.553011
2.57977
2.625352
2.604821
2.625268
3.002111
3.001279
0
0
0
0
0
2.544369
2.53506
2.560212
2.601071
2.592561
3.002128
0
0
0
0
0
2.525032
2.528455
2.519225
2.542735
2.579877
0
0
0
0
0
2.525875
2.515672
2.516008
2.507293
2.52939
0
0
0
0
2.505188
2.520892
2.509409
2.507809
2.49968
0
0
0
2.500729
2.502842
2.514453
2.506245
2.503724
3.001997
3.001955
3.0019
3.00183
3.001739
0
0
0
0
0
2.603797
2.606783
2.595213
2.60251
2.633214
3.001956
3.001909
3.001846
3.001771
3.001682
0
0
0
0
0
2.612884
2.61211
2.614882
2.60143
2.609551
3.001904
3.001873
3.001806
3.001724
3.001629
0
0
0
0
0
2.627081
2.621439
2.621072
2.62509
2.615163
3.00186
3.001838
3.001787
3.0017
3.001601
0
0
0
0
0
2.641432
2.636887
2.632155
2.632033
2.636385
3.00186
3.001827
3.001784
3.001711
3.001604
0
0
0
0
0
2.6439
2.662525
2.648188
2.644764
2.644188
3.001909
3.001861
3.001803
3.001735
3.001639
0
0
0
0
0
2.647
2.664337
2.685287
2.659688
2.657674
3.001996
3.001942
3.001878
3.001802
3.001696
0
0
0
0
0
2.643069
2.66116
2.681588
2.703786
2.669189
3.002061
3.002009
3.001941
3.001862
3.001749
0
0
0
0
0
2.616178
2.655027
2.673584
2.695484
2.717475
3.002097
3.002044
3.00198
3.001899
3.001784
0
0
0
0
0
2.66664
2.622546
2.662211
2.68025
2.702378
3.002117
3.002057
3.001994
3.001917
3.001801
0
0
0
0
0
2.665253
2.670905
2.624204
2.665109
2.681451
3.002125
3.002025
3.001953
3.001876
3.001786
0
0
0
0
0
2.646277
2.66401
2.66842
2.620422
2.660072
3.002293
3.001987
3.001868
3.001781
3.00169
0
0
0
0
0
2.682673
2.639462
2.656515
2.659823
2.612011
3.002211
3.001811
3.001675
3.001578
0
0
0
0
0
2.61586
2.66605
2.627386
2.644721
2.647189
3.002131
3.001596
3.001448
0
0
0
0
0
2.570146
2.5967
2.645264
2.614262
2.632839
3.002075
3.001368
0
0
0
0
0
2.561539
2.551739
2.576917
2.621972
2.601399
3.001985
0
0
0
0
0
2.536967
2.543309
2.533146
2.5571
2.597865
0
0
0
0
0
2.5307
2.524408
2.52697
2.517295
2.540002
0
0
0
0
2.511138
2.525397
2.514807
2.514613
2.505727
0
0
0
2.505134
2.504916
2.520132
2.508639
2.506737
0
0
2.503386
2.500541
2.502305
2.513711
2.505666
3.001998
3.001957
3.001901
3.001831
3.00174
0
0
0
0
0
2.605137
2.603873
2.606566
2.595098
2.602782
3.001936
3.00191
3.001849
3.001772
3.001682
0
0
0
0
0
2.619365
2.612951
2.611931
2.614358
2.601208
3.001867
3.001853
3.001807
3.001726
3.001631
0
0
0
0
0
2.624885
2.627032
2.621156
2.620516
2.623971
3.001827
3.001801
3.001767
3.001702
3.001602
0
0
0
0
0
2.624727
2.64113
2.636318
2.631371
2.6308
3.00183
3.001793
3.001746
3.00169
3.001605
0
0
0
0
0
2.631328
2.643251
2.661408
2.646958
2.643237
3.001881
3.001831
3.001769
3.001697
3.001618
0
0
0
0
0
2.630641
2.646029
2.662443
2.683174
2.6577
3.001965
3.001913
3.001845
3.001766
3.001678
0
0
0
0
0
2.608984
2.642164
2.658714
2.678266
2.700582
3.002027
3.001974
3.001908
3.001826
3.001735
0
0
0
0
0
2.656846
2.615107
2.652774
2.669466
2.690469
3.00207
3.002007
3.001942
3.001863
3.00177
0
0
0
0
0
2.66003
2.665465
2.620077
2.658593
2.674435
3.002125
3.002025
3.001953
3.001876
3.001786
0
0
0
0
0
2.646271
2.664005
2.668414
2.620422
2.660072
3.002308
3.002034
3.001918
3.001833
3.001745
0
0
0
0
0
2.690788
2.644722
2.661491
2.664872
2.615613
3.002219
3.001879
3.001745
3.001648
0
0
0
0
0
2.629761
2.680874
2.636545
2.653124
2.655639
3.002131
3.001686
3.001539
0
0
0
0
0
2.58981
2.613848
2.662843
2.623633
2.640958
3.001998
3.001461
0
0
0
0
0
2.578037
2.568625
2.5933
2.641216
2.610118
3.001942
0
0
0
0
0
2.550856
2.56014
2.549298
2.572843
2.617669
0
0
0
0
0
2.535447
2.536047
2.541234
2.53047
2.553169
0
0
0
0
2.513612
2.52996
2.523118
2.5249
2.514935
0
0
0
2.515922
2.510698
2.52431
2.513626
2.512948
0
0
2.507725
2.50486
2.504224
2.519073
2.507792
0
2.467159
2.50319
2.500034
2.501586
2.512917
3.001977
3.001958
3.001903
3.001833
3.001741
0
0
0
0
0
2.612059
2.605267
2.603855
2.606333
2.595144
3.001897
3.001889
3.00185
3.001773
3.001684
0
0
0
0
0
2.613165
2.619428
2.61288
2.611725
2.61384
3.001832
3.001813
3.001786
3.001727
3.001632
0
0
0
0
0
2.609599
2.624778
2.626746
2.620801
2.619944
3.001794
3.001765
3.001727
3.00168
3.001603
0
0
0
0
0
2.617336
2.624351
2.640428
2.635552
2.630504
3.0018
3.001761
3.00171
3.00165
3.001583
0
0
0
0
0
2.618272
2.630651
2.641878
2.659876
2.645516
3.001849
3.001801
3.001737
3.001662
3.001578
0
0
0
0
0
2.603031
2.629931
2.644033
2.659745
2.680588
3.001931
3.001879
3.001813
3.001731
3.001641
0
0
0
0
0
2.646493
2.608074
2.640261
2.655202
2.674045
3.002001
3.001937
3.001871
3.001791
3.001697
0
0
0
0
0
2.650809
2.655814
2.612917
2.649518
2.664192
3.002079
3.001977
3.001902
3.001823
3.001732
0
0
0
0
0
2.640912
2.658864
2.66313
2.616525
2.653961
3.002308
3.002034
3.001918
3.001833
3.001745
0
0
0
0
0
2.690786
2.644716
2.661486
2.664866
2.615612
3.002238
3.001927
3.001795
3.0017
0
0
0
0
0
2.646153
2.688888
2.641635
2.657876
2.660405
3.00214
3.001754
3.001609
0
0
0
0
0
2.62024
2.627555
2.677321
2.63235
2.648831
3.001996
3.001549
0
0
0
0
0
2.594662
2.588041
2.609942
2.658222
2.618861
3.001859
0
0
0
0
0
2.564581
2.576353
2.565742
2.588425
2.636033
0
0
0
0
0
2.540192
2.549634
2.55745
2.545868
2.567647
0
0
0
0
2.514106
2.534379
2.534229
2.538317
2.527141
0
0
0
2.525516
2.512929
2.52839
2.521328
2.522355
0
0
2.516925
2.515471
2.509661
2.522775
2.512242
0
2.470196
2.507441
2.504189
2.503277
2.517832
2.398376
2.467101
2.502668
2.499373
2.500819
3.001936
3.001936
3.001903
3.001835
3.001742
0
0
0
0
0
2.604003
2.612185
2.605342
2.603906
2.606219
3.001859
3.001847
3.001827
3.001774
3.001686
0
0
0
0
0
2.598576
2.613192
2.619346
2.612829
2.611615
3.001797
3.001775
3.001743
3.001704
3.001634
0
0
0
0
0
2.60639
2.609443
2.624418
2.626384
2.620496
3.001762
3.00173
3.001688
3.001638
3.00158
0
0
0
0
0
2.607292
2.616947
2.623483
2.639489
2.634714
3.001764
3.001729
3.001676
3.001612
3.001541
0
0
0
0
0
2.597866
2.617803
2.62921
2.639943
2.658047
3.001812
3.001767
3.001706
3.001628
3.001541
0
0
0
0
0
2.636315
2.60231
2.628396
2.641178
2.656346
3.001904
3.001842
3.001777
3.001697
3.001604
0
0
0
0
0
2.641286
2.645616
2.606185
2.637527
2.650736
3.002013
3.001908
3.001832
3.001752
3.00166
0
0
0
0
0
2.631291
2.649784
2.653749
2.609777
2.64536
3.002293
3.001987
3.001868
3.001781
3.00169
0
0
0
0
0
2.682669
2.639445
2.656501
2.659805
2.61201
3.002238
3.001927
3.001795
3.0017
0
0
0
0
0
2.646151
2.688887
2.641629
2.65787
2.660398
3.002155
3.001804
3.001661
0
0
0
0
0
2.660319
2.643824
2.685141
2.637194
2.653295
3.002019
3.001617
0
0
0
0
0
2.608117
2.618329
2.623282
2.672187
2.626994
3.00184
0
0
0
0
0
2.579132
2.592714
2.584704
2.60432
2.652279
0
0
0
0
0
2.546961
2.563109
2.573141
2.561679
2.582178
0
0
0
0
2.513872
2.538782
2.547276
2.553644
2.541559
0
0
0
2.535305
2.513121
2.532196
2.531685
2.534666
0
0
2.532762
2.524807
2.511435
2.526152
2.519152
0
2.476923
2.516462
2.514433
2.508186
2.520905
2.397362
2.470062
2.506755
2.503287
2.502206
2.398319
2.466814
2.501986
2.498685
3.001896
3.001891
3.001879
3.001835
3.001744
0
0
0
0
0
2.589693
2.604101
2.612245
2.605527
2.604165
3.001823
3.001806
3.001782
3.001752
3.001687
0
0
0
0
0
2.599034
2.59857
2.61307
2.619276
2.612926
3.001762
3.001738
3.001703
3.00166
3.001611
0
0
0
0
0
2.597924
2.606233
2.608979
2.623967
2.626073
3.001721
3.001696
3.001652
3.001597
3.001536
0
0
0
0
0
2.593519
2.607063
2.61604
2.622284
2.638431
3.001718
3.00169
3.001642
3.001576
3.001502
0
0
0
0
0
2.626017
2.597386
2.616721
2.627167
2.637552
3.001784
3.001726
3.001669
3.001595
3.001506
0
0
0
0
0
2.632144
2.635615
2.600771
2.626198
2.637574
3.001917
3.001812
3.001737
3.00166
3.001568
0
0
0
0
0
2.620944
2.640414
2.643833
2.603487
2.634068
3.002273
3.001921
3.001799
3.001711
3.00162
0
0
0
0
0
2.667663
2.62998
2.647692
2.650822
2.605807
3.002219
3.001879
3.001744
3.001648
0
0
0
0
0
2.629757
2.68087
2.636528
2.65311
2.655622
3.002155
3.001804
3.001661
0
0
0
0
0
2.660319
2.643823
2.685139
2.637189
2.653289
3.002039
3.001667
0
0
0
0
0
2.615212
2.6571
2.639344
2.679724
2.631524
3.001854
0
0
0
0
0
2.591266
2.605952
2.614799
2.617123
2.665566
0
0
0
0
0
2.557082
2.577429
2.589008
2.579983
2.597081
0
0
0
0
2.517095
2.54527
2.560302
2.568582
2.556552
0
0
0
2.545354
2.512574
2.53595
2.543956
2.548834
0
0
2.547872
2.534271
2.511058
2.529066
2.528528
0
2.489512
2.532028
2.523278
2.509294
2.523357
2.395507
2.476635
2.515438
2.512968
2.506388
2.397229
2.469636
2.505834
2.502276
2.397997
2.466462
2.501273
3.001857
3.001848
3.001831
3.001809
3.001745
0
0
0
0
0
2.595402
2.589764
2.604137
2.612404
2.605962
3.001785
3.001768
3.001739
3.001704
3.001662
0
0
0
0
0
2.588201
2.599033
2.598379
2.612959
2.619348
3.001718
3.001701
3.001664
3.001617
3.001564
0
0
0
0
0
2.58992
2.597889
2.60575
2.608364
2.623547
3.001668
3.001653
3.001615
3.001559
3.001494
0
0
0
0
0
2.617044
2.593279
2.606423
2.614776
2.620865
3.001676
3.001641
3.001601
3.00154
3.001464
0
0
0
0
0
2.622909
2.625537
2.596291
2.615186
2.624635
3.001805
3.001696
3.001626
3.001556
3.001471
0
0
0
0
0
2.610375
2.631449
2.63415
2.598579
2.623447
3.002268
3.001827
3.001704
3.001618
3.001529
0
0
0
0
0
2.649494
2.619807
2.638607
2.641318
2.600102
3.002211
3.001811
3.001675
3.001578
0
0
0
0
0
2.615855
2.666043
2.627363
2.644703
2.647162
3.00214
3.001754
3.001609
0
0
0
0
0
2.620239
2.627551
2.677317
2.632334
2.648817
3.002039
3.001667
0
0
0
0
0
2.615212
2.657099
2.639342
2.679722
2.631518
3.001879
0
0
0
0
0
2.597736
2.612931
2.651089
2.6329
2.672736
0
0
0
0
0
2.566636
2.589371
2.601836
2.609827
2.609185
0
0
0
0
2.526256
2.555136
2.574192
2.583723
2.573992
0
0
0
2.557164
2.515541
2.541907
2.556339
2.562792
0
0
2.563797
2.543982
2.50991
2.53187
2.539793
0
2.501032
2.546796
2.53212
2.508081
2.525098
2.393058
2.488993
2.530461
2.521089
2.506613
2.395221
2.475923
2.514022
2.511178
2.396772
2.469083
2.504803
2.39757
2.466179
3.001817
3.001807
3.001786
3.001758
3.001723
0
0
0
0
0
2.58434
2.595478
2.589747
2.604275
2.612805
3.001737
3.001727
3.001698
3.001658
3.001613
0
0
0
0
0
2.586587
2.588302
2.598834
2.59816
2.612984
3.001659
3.001654
3.001624
3.001576
3.001519
0
0
0
0
0
2.609382
2.589876
2.597606
2.605101
2.607716
3.001619
3.001596
3.00157
3.00152
3.001454
0
0
0
0
0
2.614574
2.616789
2.59262
2.60553
2.613269
3.001681
3.001596
3.001549
3.001498
3.001427
0
0
0
0
0
2.599186
2.622438
2.624466
2.594742
2.613311
3.002324
3.001718
3.001592
3.001512
3.001431
0
0
0
0
0
2.62889
2.609442
2.629966
2.632089
2.595856
3.002213
3.001719
3.001582
3.001487
0
0
0
0
0
2.598442
2.648076
2.617514
2.636035
2.638199
3.002131
3.001686
3.001539
0
0
0
0
0
2.58981
2.613842
2.662836
2.62361
2.64094
3.002019
3.001617
0
0
0
0
0
2.608118
2.618328
2.623278
2.672183
2.626979
3.001879
0
0
0
0
0
2.597736
2.612932
2.651089
2.632898
2.672735
0
0
0
0
0
2.571912
2.595739
2.608599
2.642525
2.624593
0
0
0
0
2.543779
2.564483
2.585776
2.595956
2.602353
0
0
0
2.572236
2.524456
2.551284
2.569602
2.576974
0
0
2.582032
2.555516
2.512389
2.537048
2.551341
0
2.51305
2.562356
2.541169
2.50605
2.526653
2.390532
2.500226
2.544575
2.529013
2.504298
2.392544
2.487817
2.528222
2.518338
2.39449
2.474952
2.512332
2.396151
2.468532
2.397152
3.001766
3.001763
3.001742
3.00171
3.001672
0
0
0
0
0
2.581537
2.584507
2.59542
2.589804
2.604656
3.001674
3.001677
3.001655
3.001615
3.001565
0
0
0
0
0
2.600845
2.586676
2.588295
2.598596
2.598036
3.001606
3.001591
3.001575
3.001534
3.001476
0
0
0
0
0
2.607165
2.609313
2.589568
2.59723
2.604405
3.00163
3.001545
3.00151
3.001473
3.001413
0
0
0
0
0
2.588825
2.61433
2.616116
2.591699
2.604503
3.00235
3.001602
3.001501
3.001444
3.001383
0
0
0
0
0
2.606306
2.598512
2.621363
2.622968
2.592862
3.002271
3.001614
3.001475
3.001386
0
0
0
0
0
2.581222
2.627711
2.607529
2.627861
2.629558
3.002131
3.001596
3.001448
0
0
0
0
0
2.570145
2.596694
2.645256
2.614238
2.632823
3.001996
3.001549
0
0
0
0
0
2.594663
2.58804
2.609937
2.658215
2.618839
3.001854
0
0
0
0
0
2.591267
2.605953
2.614797
2.617119
2.665561
0
0
0
0
0
2.571912
2.595739
2.6086
2.642524
2.624591
0
0
0
0
2.562529
2.569648
2.591956
2.60241
2.63159
0
0
0
2.591988
2.54176
2.56023
2.580666
2.588436
0
0
2.601993
2.570331
2.520834
2.545701
2.563777
0
2.52539
2.580266
2.552166
2.507813
2.530811
2.389515
2.51195
2.559427
2.537081
2.501102
2.389729
2.498509
2.541373
2.525042
2.391403
2.486144
2.52541
2.393475
2.473845
2.395478
3.0017
3.00171
3.001696
3.001663
3.001621
0
0
0
0
0
2.597591
2.581696
2.584622
2.595384
2.590072
3.001618
3.00161
3.001603
3.00157
3.001519
0
0
0
0
0
2.598679
2.600908
2.586607
2.588343
2.598439
3.001621
3.001535
3.00151
3.001483
3.001432
0
0
0
0
0
2.580214
2.607108
2.608971
2.589152
2.596887
3.002499
3.001556
3.001456
3.001411
3.001364
0
0
0
0
0
2.585616
2.588411
2.613664
2.615185
2.590643
3.002304
3.001507
3.001393
3.001328
0
0
0
0
0
2.563512
2.605423
2.597081
2.619849
2.621169
3.002189
3.001497
3.001346
0
0
0
0
0
2.553011
2.579765
2.625346
2.604805
2.625258
3.001998
3.001461
0
0
0
0
0
2.578038
2.568625
2.593294
2.641208
2.610095
3.00184
0
0
0
0
0
2.579133
2.592715
2.584703
2.604314
2.652273
0
0
0
0
0
2.566637
2.589372
2.601837
2.609826
2.609181
0
0
0
0
2.56253
2.569648
2.591956
2.60241
2.631589
0
0
0
2.61704
2.560497
2.565186
2.586579
2.594494
0
0
2.613339
2.589921
2.537745
2.554061
2.574172
0
2.537688
2.599896
2.566487
2.515562
2.538501
2.394628
2.524051
2.576707
2.547285
2.501924
2.388398
2.509668
2.555177
2.531804
2.388065
2.496042
2.537279
2.389798
2.484075
2.392287
3.001642
3.001641
3.001641
3.001615
3.001572
0
0
0
0
0
2.59541
2.597719
2.581786
2.584846
2.595493
3.001636
3.001551
3.001533
3.001515
3.001472
0
0
0
0
0
2.573344
2.598753
2.600829
2.586537
2.588589
3.002642
3.001551
3.00145
3.001416
3.001379
0
0
0
0
0
2.568988
2.580014
2.606778
2.608513
2.588757
3.002464
3.001468
3.001353
3.001302
0
0
0
0
0
2.547275
2.585027
2.587458
2.612737
2.614125
3.002232
3.001399
3.001274
0
0
0
0
0
2.53604
2.562404
2.603622
2.595058
2.618018
3.002075
3.001368
0
0
0
0
0
2.56154
2.551738
2.576912
2.621966
2.601383
3.001859
0
0
0
0
0
2.564582
2.576354
2.565741
2.588419
2.636025
0
0
0
0
0
2.557082
2.57743
2.589009
2.579982
2.597076
0
0
0
0
2.543779
2.564483
2.585776
2.595957
2.602352
0
0
0
2.61704
2.560497
2.565186
2.586579
2.594494
0
0
2.625101
2.614886
2.556505
2.558715
2.579745
0
2.547643
2.611105
2.585792
2.531916
2.546101
2.393528
2.536151
2.595699
2.56087
2.508749
2.393154
2.521313
2.57152
2.540955
2.386153
2.506368
2.54969
2.385704
2.492918
2.387835
3.001661
3.001578
3.001568
3.001558
3.001522
0
0
0
0
0
2.566393
2.595548
2.597757
2.581967
2.585327
3.002804
3.00157
3.00147
3.001443
3.001415
0
0
0
0
0
2.556774
2.573289
2.59869
2.600773
2.586597
3.002625
3.001466
3.001352
3.001311
0
0
0
0
0
2.534229
2.568636
2.579447
2.606334
2.608071
3.002394
3.001365
3.001241
0
0
0
0
0
2.521308
2.546505
2.583775
2.586126
2.611674
3.002111
3.001279
0
0
0
0
0
2.544369
2.53506
2.56021
2.60107
2.592557
3.001942
0
0
0
0
0
2.550856
2.560141
2.549298
2.572838
2.617664
0
0
0
0
0
2.546961
2.56311
2.573142
2.561678
2.582173
0
0
0
0
2.526257
2.555137
2.574193
2.583725
2.573991
0
0
0
2.591988
2.541761
2.560231
2.580667
2.588437
0
0
2.625102
2.614886
2.556505
2.558715
2.579746
0
2.553771
2.62284
2.610643
2.549604
2.550368
2.391888
2.545958
2.606649
2.579766
2.524383
2.391909
2.533031
2.589576
2.553559
2.39024
2.517342
2.564787
2.382951
2.502135
2.382749
3.002786
3.001598
3.001502
3.001482
3.001463
0
0
0
0
0
2.547177
2.566414
2.595602
2.597867
2.582387
3.002695
3.001488
3.001376
3.001343
0
0
0
0
0
2.525295
2.556584
2.572987
2.598652
2.600886
3.002522
3.001368
3.001244
0
0
0
0
0
2.510035
2.533729
2.567825
2.578672
2.605906
3.002253
3.001252
0
0
0
0
0
2.529187
2.52062
2.544936
2.582026
2.584532
3.001985
0
0
0
0
0
2.536968
2.543309
2.533146
2.557097
2.597864
0
0
0
0
0
2.540192
2.549634
2.557451
2.545868
2.567642
0
0
0
0
2.517096
2.54527
2.560302
2.568583
2.556551
0
0
0
2.572236
2.524457
2.551285
2.569603
2.576975
0
0
2.61334
2.589921
2.537746
2.554062
2.574173
0
2.553771
2.62284
2.610643
2.549604
2.550368
2.390977
2.551994
2.618359
2.603246
2.539961
2.39019
2.542556
2.60015
2.571915
2.388738
2.528496
2.581617
2.386065
2.512219
2.378892
3.002805
3.001522
3.001413
3.001387
0
0
0
0
0
2.520839
2.547071
2.566283
2.595733
2.598202
3.002638
3.001395
3.001272
0
0
0
0
0
2.502577
2.524977
2.556072
2.572595
2.598787
3.002385
3.001259
0
0
0
0
0
2.517493
2.509585
2.532657
2.566716
2.57781
3.002128
0
0
0
0
0
2.525032
2.528454
2.519226
2.542734
2.57988
0
0
0
0
0
2.535447
2.536047
2.541234
2.53047
2.553166
0
0
0
0
2.513873
2.538782
2.547276
2.553645
2.541559
0
0
0
2.557164
2.515542
2.541907
2.556339
2.562793
0
0
2.601993
2.570331
2.520834
2.545701
2.563777
0
2.547643
2.611105
2.585792
2.531917
2.546102
2.390977
2.551994
2.618359
2.603246
2.539961
2.38924
2.548414
2.611834
2.592834
2.386878
2.537602
2.591696
2.384196
2.522621
2.380732
3.002677
3.001432
3.001313
0
0
0
0
0
2.498942
2.520612
2.546747
2.566164
2.596093
3.002502
3.00129
0
0
0
0
0
2.509743
2.50229
2.524238
2.555399
2.572238
3.002259
0
0
0
0
0
2.516055
2.517022
2.508617
2.531176
2.565415
0
0
0
0
0
2.530699
2.524408
2.526969
2.517295
2.540002
0
0
0
0
2.514106
2.534379
2.53423
2.538317
2.527141
0
0
0
2.545354
2.512574
2.53595
2.543957
2.548835
0
0
2.582033
2.555516
2.51239
2.537049
2.551342
0
2.537688
2.599897
2.566487
2.515562
2.538502
2.391888
2.545958
2.606649
2.579766
2.524383
2.38924
2.548414
2.611834
2.592834
2.38586
2.543196
2.603338
2.382138
2.53117
2.378388
3.002562
3.001333
0
0
0
0
0
2.505966
2.498737
2.520038
2.54637
2.566195
3.002344
0
0
0
0
0
2.510205
2.509449
2.501612
2.523239
2.554676
0
0
0
0
0
2.525873
2.515671
2.516007
2.507295
2.52939
0
0
0
0
2.513611
2.52996
2.523118
2.524899
2.514936
0
0
0
2.535305
2.513121
2.532196
2.531685
2.534666
0
0
2.563797
2.543982
2.50991
2.53187
2.539793
0
2.52539
2.580267
2.552166
2.507814
2.530812
2.393528
2.536151
2.595699
2.56087
2.50875
2.39019
2.542556
2.60015
2.571915
2.38586
2.543196
2.603339
2.381024
2.536418
2.376074
3.002417
0
0
0
0
0
2.507381
2.505759
2.498204
2.519278
2.546068
0
0
0
0
0
2.521191
2.509985
2.50875
2.500706
2.522087
0
0
0
0
2.511137
2.525396
2.514807
2.514612
2.505728
0
0
0
2.525516
2.512928
2.528389
2.521328
2.522354
0
0
2.547873
2.534271
2.511058
2.529065
2.528528
0
2.51305
2.562356
2.541169
2.506051
2.526654
2.394628
2.524051
2.576707
2.547285
2.501924
2.39191
2.533031
2.589577
2.553559
2.386878
2.537602
2.591696
2.381024
2.536418
2.374836
0
0
0
0
0
2.51522
2.507241
2.505217
2.497506
2.51844
0
0
0
0
2.505188
2.520891
2.509409
2.507808
2.499681
0
0
0
2.515921
2.510698
2.524309
2.513625
2.512947
0
0
2.532762
2.524807
2.511435
2.526151
2.519151
0
2.501032
2.546796
2.532119
2.508081
2.525097
2.389516
2.51195
2.559428
2.537081
2.501102
2.393155
2.521313
2.571521
2.540955
2.388738
2.528496
2.581617
2.382138
2.53117
2.374836
0
0
0
0
2.503031
2.51501
2.506809
2.5045
2.496754
0
0
0
2.505134
2.504916
2.520131
2.508639
2.506736
0
0
2.516925
2.515471
2.50966
2.522773
2.512241
0
2.489512
2.532028
2.523278
2.509293
2.523357
2.390532
2.500226
2.544575
2.529013
2.504299
2.388398
2.509668
2.555178
2.531804
2.390241
2.517342
2.564787
2.384196
2.522621
2.376074
0
0
0
2.500729
2.502841
2.514452
2.506245
2.503722
0
0
2.507725
2.50486
2.504223
2.519072
2.507792
0
2.476923
2.516462
2.514433
2.508186
2.520904
2.393058
2.488993
2.530461
2.521089
2.506613
2.38973
2.498509
2.541373
2.525042
2.386153
2.506368
2.549691
2.386065
2.512219
2.378388
0
0
2.503386
2.500541
2.502304
2.513709
2.505666
0
2.470196
2.507441
2.504189
2.503276
2.51783
2.395507
2.476635
2.515438
2.512968
2.506387
2.392544
2.487817
2.528222
2.518338
2.388065
2.496042
2.537279
2.382951
2.502135
2.380732
0
2.467159
2.50319
2.500034
2.501585
2.512916
2.397362
2.470062
2.506755
2.503286
2.502205
2.395221
2.475923
2.514022
2.511177
2.391403
2.486144
2.52541
2.385704
2.492918
2.378893
2.398376
2.467101
2.502668
2.499373
2.500818
2.397229
2.469636
2.505833
2.502276
2.39449
2.474952
2.512332
2.389798
2.484075
2.38275
2.398319
2.466814
2.501985
2.498685
2.396772
2.469083
2.504803
2.393476
2.473845
2.387835
2.397998
2.466462
2.501273
2.396151
2.468532
2.392287
2.397571
2.466179
2.395478
2.397153
)
;

boundaryField
{
    cathodeSides
    {
        type            zeroGradient;
    }
    electrolyteSides
    {
        type            zeroGradient;
    }
    anodeSides
    {
        type            zeroGradient;
    }
    phiI_to_phiI0
    {
        type            zeroGradient;
    }
}


// ************************************************************************* //
