/*--------------------------------*- C++ -*----------------------------------*\
| =========                 |                                                 |
| \\      /  F ield         | OpenFOAM: The Open Source CFD Toolbox           |
|  \\    /   O peration     | Version:  2312                                  |
|   \\  /    A nd           | Website:  www.openfoam.com                      |
|    \\/     M anipulation  |                                                 |
\*---------------------------------------------------------------------------*/
FoamFile
{
    version     2.0;
    format      ascii;
    arch        "LSB;label=32;scalar=64";
    class       volScalarField;
    location    "1/phiI";
    object      dmdt;
}
// * * * * * * * * * * * * * * * * * * * * * * * * * * * * * * * * * * * * * //

dimensions      [0 -3 -1 0 1 0 0];

internalField   nonuniform List<scalar> 
12000
(
-1368.145
-1369.631
-1370.418
-1430.841
-1370.073
-1371.818
-1432.406
-1370.689
-1433.123
-1475.026
-1370.771
-1372.091
-1432.932
-1372.073
-1434.602
-1476.866
-1370.721
-1433.392
-1477.172
-1475.209
-1371.775
-1372.54
-1433.778
-1372.317
-1434.959
-1477.662
-1372.103
-1434.856
-1478.933
-1477.643
-1370.723
-1433.423
-1477.421
-1477.083
-1386.213
-1372.932
-1373.207
-1435.029
-1372.721
-1435.556
-1478.987
-1372.342
-1435.182
-1479.572
-1479.03
-1372.104
-1434.884
-1479.166
-1479.456
-1389.783
-1370.721
-1433.423
-1477.443
-1477.291
-1387.646
0
-1373.942
-1374.041
-1436.495
-1373.333
-1436.461
-1481.047
-1372.739
-1435.735
-1480.673
-1481.403
-1372.341
-1435.205
-1479.775
-1480.712
-1392.352
-1372.102
-1434.883
-1479.185
-1479.644
-1391.194
0
-1370.719
-1433.42
-1477.437
-1477.297
-1387.791
0
0
-1374.693
-1374.831
-1437.804
-1374.116
-1437.606
-1483.516
-1373.342
-1436.58
-1482.373
-1485.25
-1372.736
-1435.75
-1480.826
-1482.916
-1396.814
-1372.338
-1435.203
-1479.789
-1480.872
-1393.679
0
-1372.1
-1434.88
-1479.178
-1479.646
-1391.305
0
0
-1370.718
-1433.417
-1477.429
-1477.279
-1387.769
0
0
0
-1375.18
-1375.458
-1438.794
-1374.872
-1438.697
-1485.804
-1374.116
-1437.675
-1484.555
-1489.897
-1373.337
-1436.585
-1482.454
-1486.358
-1404.295
-1372.732
-1435.744
-1480.83
-1483.009
-1398.102
0
-1372.335
-1435.198
-1479.779
-1480.866
-1393.763
0
0
-1372.098
-1434.876
-1479.169
-1479.626
-1391.277
0
0
0
-1370.717
-1433.414
-1477.422
-1477.261
-1387.731
0
0
0
0
-1375.419
-1375.909
-1439.443
-1375.479
-1439.566
-1487.583
-1374.865
-1438.732
-1486.653
-1494.312
-1374.107
-1437.67
-1484.59
-1490.795
-1413.265
-1373.33
-1436.576
-1482.445
-1486.339
-1405.053
0
-1372.728
-1435.737
-1480.815
-1482.989
-1398.059
0
0
-1372.333
-1435.193
-1479.767
-1480.84
-1393.722
0
0
0
-1372.101
-1434.873
-1479.16
-1479.605
-1391.233
0
0
0
0
-1370.721
-1433.412
-1477.415
-1477.244
-1387.694
0
0
0
0
0
-1375.419
-1376.122
-1439.763
-1375.894
-1440.195
-1488.77
-1375.468
-1439.58
-1488.328
-1497.804
-1374.878
-1438.719
-1486.656
-1495.078
-1421.898
-1374.122
-1437.656
-1484.568
-1490.738
-1413.963
0
-1373.353
-1436.566
-1482.424
-1486.301
-1404.773
0
0
-1372.729
-1435.732
-1480.8
-1482.954
-1397.997
0
0
0
-1372.337
-1435.19
-1479.757
-1480.814
-1393.668
0
0
0
0
-1372.101
-1434.879
-1479.153
-1479.586
-1391.192
0
0
0
0
0
-1370.72
-1433.421
-1477.41
-1477.229
-1387.659
0
0
0
0
0
-3072.917
-1375.18
-1376.122
-1439.763
-1376.103
-1440.489
-1489.361
-1375.881
-1440.158
-1489.56
-1500.159
-1375.478
-1439.563
-1488.313
-1498.506
-1428.787
-1374.862
-1438.741
-1486.624
-1494.999
-1422.584
0
-1374.115
-1437.68
-1484.539
-1490.681
-1413.672
0
0
-1373.347
-1436.604
-1482.403
-1486.253
-1404.683
0
0
0
-1372.751
-1435.734
-1480.787
-1482.92
-1397.926
0
0
0
0
-1372.335
-1435.197
-1479.748
-1480.791
-1393.618
0
0
0
0
0
-1372.1
-1434.878
-1479.169
-1479.57
-1391.154
0
0
0
0
0
-3122.421
-1370.719
-1433.419
-1477.434
-1477.215
-1387.628
0
0
0
0
0
-698.4811
-2691.987
-1374.693
-1375.909
-1439.443
-1376.103
-1440.489
-1489.361
-1376.089
-1440.449
-1490.129
-1501.336
-1375.889
-1440.138
-1489.44
-1501.079
-1433.458
-1375.465
-1439.581
-1488.274
-1498.413
-1429.492
0
-1374.853
-1438.718
-1486.683
-1494.925
-1422.294
0
0
-1374.106
-1437.671
-1484.601
-1490.618
-1413.548
0
0
0
-1373.34
-1436.594
-1482.5
-1486.209
-1404.586
0
0
0
0
-1372.747
-1435.769
-1480.797
-1482.893
-1397.86
0
0
0
0
0
-1372.333
-1435.193
-1479.77
-1480.772
-1393.571
0
0
0
0
0
-3216.815
-1372.099
-1434.876
-1479.169
-1479.622
-1391.119
0
0
0
0
0
-846.168
-2739.604
-1370.718
-1433.416
-1477.428
-1477.292
-1387.599
0
0
0
0
0
-2689.333
-309.707
-2364.881
-1373.942
-1375.458
-1438.794
-1375.894
-1440.194
-1488.77
-1376.089
-1440.449
-1490.129
-1501.336
-1376.095
-1440.428
-1490.005
-1502.243
-1435.8
-1375.874
-1440.153
-1489.397
-1500.732
-1434.801
0
-1375.449
-1439.561
-1488.324
-1498.327
-1429.2
0
0
-1374.841
-1438.704
-1486.634
-1495.092
-1422.142
0
0
0
-1374.097
-1437.657
-1484.585
-1490.791
-1413.425
0
0
0
0
-1373.335
-1436.584
-1482.479
-1486.476
-1404.501
0
0
0
0
0
-1372.744
-1435.762
-1480.883
-1482.931
-1397.806
0
0
0
0
0
-3350.81
-1372.357
-1435.19
-1479.759
-1480.844
-1393.53
0
0
0
0
0
-988.0303
-2831.026
-1372.098
-1434.874
-1479.162
-1479.626
-1391.287
0
0
0
0
0
-2688.826
-451.665
-2411.715
-1370.718
-1433.414
-1477.42
-1477.276
-1387.842
0
0
0
0
0
-2688.125
-2282.845
-27.01277
-2088.017
-1372.932
-1374.83
-1437.804
-1375.479
-1439.566
-1487.583
-1375.881
-1440.158
-1489.56
-1500.159
-1376.095
-1440.428
-1490.005
-1502.243
-1435.8
-1376.08
-1440.441
-1489.961
-1501.897
-1437.147
0
-1375.857
-1440.132
-1489.44
-1500.641
-1433.892
0
0
-1375.436
-1439.537
-1488.287
-1498.476
-1429.029
0
0
0
-1374.831
-1438.688
-1486.607
-1494.982
-1422.606
0
0
0
0
-1374.089
-1437.643
-1484.555
-1490.767
-1413.892
0
0
0
0
0
-1373.33
-1436.574
-1482.453
-1486.431
-1405.222
0
0
0
0
0
-3553.316
-1372.741
-1435.756
-1480.865
-1483.159
-1397.94
0
0
0
0
0
-1272.88
-2960.82
-1372.355
-1435.226
-1479.751
-1480.816
-1393.766
0
0
0
0
0
-2684.779
-593.656
-2502.225
-1372.097
-1434.872
-1479.155
-1479.609
-1391.315
0
0
0
0
0
-2687.538
-2282.247
-118.6622
-2134.047
-1370.717
-1433.413
-1477.414
-1477.255
-1387.808
0
0
0
0
0
-2687.384
-2281.584
-1937.242
234.7919
-1964.502
-1371.775
-1374.041
-1436.495
-1374.872
-1438.697
-1485.804
-1375.468
-1439.58
-1488.328
-1497.804
-1375.889
-1440.138
-1489.44
-1501.079
-1433.458
-1376.08
-1440.441
-1489.961
-1501.897
-1437.147
0
-1376.062
-1440.42
-1490.001
-1501.802
-1436.246
0
0
-1375.843
-1440.106
-1489.401
-1500.773
-1433.71
0
0
0
-1375.424
-1439.519
-1488.233
-1498.408
-1429.453
0
0
0
0
-1374.822
-1438.671
-1486.571
-1494.934
-1422.366
0
0
0
0
0
-1374.084
-1437.631
-1484.522
-1490.703
-1413.887
0
0
0
0
0
-3709.377
-1373.326
-1436.567
-1482.43
-1486.366
-1405.139
0
0
0
0
0
-1736.652
-3169.646
-1372.738
-1435.752
-1480.851
-1483.112
-1398.537
0
0
0
0
0
-2677.236
-893.3352
-2631.003
-1372.353
-1435.222
-1479.837
-1480.796
-1393.693
0
0
0
0
0
-2683.327
-2278.744
-261.2803
-2223.436
-1372.097
-1434.87
-1479.149
-1479.589
-1391.277
0
0
0
0
0
-2686.756
-2280.905
-1936.792
157.0291
-2008.498
-1370.717
-1433.411
-1477.409
-1477.237
-1387.749
0
0
0
0
0
-2686.887
-2281.017
-1935.915
-1640.182
329.7561
-1370.771
-1373.207
-1435.029
-1374.116
-1437.606
-1483.516
-1374.865
-1438.732
-1486.653
-1494.312
-1375.478
-1439.563
-1488.313
-1498.506
-1428.787
-1375.874
-1440.153
-1489.397
-1500.732
-1434.801
0
-1376.062
-1440.42
-1490.001
-1501.802
-1436.246
0
0
-1376.048
-1440.393
-1489.96
-1501.927
-1436.059
0
0
0
-1375.83
-1440.086
-1489.342
-1500.7
-1434.095
0
0
0
0
-1375.414
-1439.5
-1488.193
-1498.281
-1429.349
0
0
0
0
0
-1374.815
-1438.657
-1486.532
-1494.854
-1422.302
0
0
0
0
0
-3818.765
-1374.078
-1437.622
-1484.493
-1490.62
-1413.757
0
0
0
0
0
-1976.196
-3318.961
-1373.323
-1436.56
-1482.413
-1486.308
-1404.978
0
0
0
0
0
-2664.697
-1362.851
-2848.409
-1372.736
-1435.747
-1480.837
-1483.077
-1398.418
0
0
0
0
0
-2675.524
-2272.052
-571.3749
-2351.016
-1372.352
-1435.219
-1479.827
-1481.013
-1393.647
0
0
0
0
0
-2682.458
-2277.233
-1934.153
13.9989
-2094.251
-1372.096
-1434.869
-1479.143
-1479.57
-1391.221
0
0
0
0
0
-2686.235
-2280.306
-1935.38
-1640.029
256.3375
-1370.716
-1433.41
-1477.404
-1477.222
-1387.701
0
0
0
0
0
-2686.56
-2280.739
-1935.449
-1638.791
-1490.307
-1370.073
-1372.54
-1433.778
-1373.333
-1436.461
-1481.047
-1374.116
-1437.675
-1484.555
-1489.897
-1374.878
-1438.719
-1486.656
-1495.078
-1421.898
-1375.465
-1439.58
-1488.274
-1498.413
-1429.492
0
-1375.857
-1440.132
-1489.44
-1500.641
-1433.892
0
0
-1376.048
-1440.393
-1489.96
-1501.927
-1436.059
0
0
0
-1376.035
-1440.372
-1489.899
-1501.851
-1436.426
0
0
0
0
-1375.82
-1440.067
-1489.298
-1500.561
-1433.986
0
0
0
0
0
-1375.406
-1439.485
-1488.15
-1498.191
-1429.062
0
0
0
0
0
-3883.102
-1374.809
-1438.646
-1486.499
-1494.757
-1422.137
0
0
0
0
0
-2107.687
-3423.49
-1374.074
-1437.613
-1484.471
-1490.548
-1413.553
0
0
0
0
0
-2646.998
-1603.416
-2995.853
-1373.32
-1436.555
-1482.395
-1486.263
-1404.832
0
0
0
0
0
-2662.635
-2260.698
-1035.57
-2573.926
-1372.735
-1435.743
-1480.825
-1483.041
-1398.334
0
0
0
0
0
-2674.522
-2270.278
-1928.898
-308.4076
-2216.949
-1372.351
-1435.217
-1479.818
-1480.986
-1394.19
0
0
0
0
0
-2681.887
-2276.569
-1932.565
-1638.364
115.0287
-1372.096
-1434.867
-1479.138
-1479.553
-1391.17
0
0
0
0
0
-2685.894
-2280.016
-1934.887
-1638.549
-1490.239
-1370.717
-1433.409
-1477.399
-1477.207
-1387.659
0
0
0
0
0
-2686.355
-2280.604
-1935.308
-1638.345
-1488.904
-1369.631
-1372.091
-1432.932
-1372.721
-1435.556
-1478.987
-1373.342
-1436.58
-1482.373
-1485.25
-1374.107
-1437.67
-1484.59
-1490.795
-1413.265
-1374.862
-1438.741
-1486.624
-1494.999
-1422.584
0
-1375.448
-1439.561
-1488.324
-1498.327
-1429.2
0
0
-1375.843
-1440.106
-1489.401
-1500.773
-1433.71
0
0
0
-1376.035
-1440.372
-1489.899
-1501.851
-1436.426
0
0
0
0
-1376.024
-1440.352
-1489.854
-1501.706
-1436.311
0
0
0
0
0
-1375.812
-1440.05
-1489.253
-1500.464
-1433.665
0
0
0
0
0
-3917.105
-1375.399
-1439.472
-1488.113
-1498.085
-1428.873
0
0
0
0
0
-2178.215
-3484.781
-1374.803
-1438.636
-1486.472
-1494.674
-1421.901
0
0
0
0
0
-2629.164
-1732.836
-3099.317
-1374.07
-1437.606
-1484.449
-1490.491
-1413.375
0
0
0
0
0
-2644.541
-2244.352
-1285.477
-2720.368
-1373.317
-1436.55
-1482.38
-1486.217
-1404.726
0
0
0
0
0
-2661.456
-2258.574
-1919.669
-755.0782
-2435.885
-1372.733
-1435.74
-1480.815
-1483.009
-1398.24
0
0
0
0
0
-2673.874
-2269.514
-1927.038
-1634.78
-219.8741
-1372.35
-1435.214
-1479.81
-1480.962
-1394.118
0
0
0
0
0
-2681.517
-2276.254
-1932.018
-1636.699
-1489.008
-1372.12
-1434.866
-1479.133
-1479.538
-1391.126
0
0
0
0
0
-2685.682
-2279.878
-1934.741
-1638.077
-1488.746
-1370.717
-1433.409
-1477.395
-1477.194
-1387.621
0
0
0
0
0
-2686.431
-2280.544
-1935.293
-1638.245
-1488.447
-1368.145
-1371.818
-1432.406
-1372.317
-1434.959
-1477.662
-1372.739
-1435.735
-1480.673
-1481.403
-1373.337
-1436.585
-1482.454
-1486.358
-1404.295
-1374.122
-1437.656
-1484.568
-1490.738
-1413.963
0
-1374.853
-1438.718
-1486.683
-1494.925
-1422.294
0
0
-1375.436
-1439.537
-1488.287
-1498.476
-1429.029
0
0
0
-1375.83
-1440.086
-1489.342
-1500.7
-1434.095
0
0
0
0
-1376.024
-1440.352
-1489.854
-1501.706
-1436.311
0
0
0
0
0
-1376.016
-1440.335
-1489.808
-1501.606
-1435.977
0
0
0
0
0
-3931.651
-1375.804
-1440.037
-1489.214
-1500.352
-1433.46
0
0
0
0
0
-2253.335
-3517.058
-1375.393
-1439.461
-1488.083
-1497.993
-1428.616
0
0
0
0
0
-2614.458
-1801.926
-3160.192
-1374.798
-1438.627
-1486.447
-1494.608
-1421.696
0
0
0
0
0
-2626.401
-2227.692
-1415.562
-2823.549
-1374.067
-1437.6
-1484.43
-1490.436
-1413.241
0
0
0
0
0
-2643.392
-2241.84
-1905.932
-1021.441
-2577.281
-1373.315
-1436.545
-1482.367
-1486.177
-1404.607
0
0
0
0
0
-2660.954
-2257.683
-1917.448
-1628.094
-637.0898
-1372.732
-1435.737
-1480.805
-1482.98
-1398.156
0
0
0
0
0
-2673.862
-2269.166
-1926.41
-1632.829
-1486.188
-1372.349
-1435.212
-1479.803
-1480.94
-1394.055
0
0
0
0
0
-2681.444
-2276.111
-1931.863
-1636.174
-1487.329
-1372.121
-1434.903
-1479.129
-1479.524
-1391.085
0
0
0
0
0
-2744.691
-2279.821
-1934.729
-1637.972
-1488.262
-1370.718
-1433.41
-1477.393
-1477.184
-1387.586
0
0
0
0
0
-404.7162
-2280.737
-1935.324
-1638.265
-1488.336
-1370.418
-1430.841
-1372.073
-1434.602
-1476.866
-1372.342
-1435.182
-1479.572
-1479.03
-1372.736
-1435.75
-1480.826
-1482.916
-1396.814
-1373.33
-1436.576
-1482.445
-1486.339
-1405.053
0
-1374.115
-1437.68
-1484.539
-1490.681
-1413.672
0
0
-1374.841
-1438.704
-1486.634
-1495.092
-1422.142
0
0
0
-1375.424
-1439.519
-1488.233
-1498.408
-1429.453
0
0
0
0
-1375.82
-1440.067
-1489.298
-1500.561
-1433.986
0
0
0
0
0
-1376.016
-1440.335
-1489.808
-1501.606
-1435.977
0
0
0
0
0
-3931.651
-1376.009
-1440.322
-1489.768
-1501.492
-1435.765
0
0
0
0
0
-2265.35
-3530.829
-1375.798
-1440.025
-1489.183
-1500.255
-1433.19
0
0
0
0
0
-2604.276
-1887.816
-3192.374
-1375.388
-1439.451
-1488.056
-1497.92
-1428.391
0
0
0
0
0
-2611.489
-2213.854
-1485.277
-2884.645
-1374.795
-1438.619
-1486.425
-1494.543
-1421.538
0
0
0
0
0
-2673.732
-2224.892
-1891.668
-1152.577
-2676.725
-1374.064
-1437.594
-1484.414
-1490.387
-1413.099
0
0
0
0
0
-2693.005
-2241.056
-1903.316
-1617.597
-915.1202
-1373.313
-1436.541
-1482.355
-1486.143
-1404.505
0
0
0
0
0
-2769.243
-2257.573
-1916.721
-1625.768
-1480.698
-1372.731
-1435.734
-1480.797
-1482.955
-1398.082
0
0
0
0
0
-2729.427
-2269.466
-1926.245
-1632.224
-1484.221
-1372.35
-1435.211
-1479.797
-1480.921
-1393.998
0
0
0
0
0
-2802.118
-2276.236
-1931.859
-1636.062
-1486.789
-1372.121
-1434.904
-1479.218
-1479.513
-1391.049
0
0
0
0
0
-377.2225
-2354.007
-1934.768
-1637.997
-1488.146
-1370.718
-1433.41
-1477.395
-1477.177
-1387.559
0
0
0
0
0
-735.8925
-25.1227
-1935.606
-1638.322
-1488.348
-1370.689
-1433.123
-1475.026
-1372.103
-1434.856
-1478.933
-1477.643
-1372.341
-1435.205
-1479.775
-1480.712
-1392.352
-1372.732
-1435.744
-1480.83
-1483.009
-1398.102
0
-1373.353
-1436.566
-1482.424
-1486.301
-1404.773
0
0
-1374.106
-1437.67
-1484.601
-1490.618
-1413.548
0
0
0
-1374.831
-1438.688
-1486.607
-1494.982
-1422.606
0
0
0
0
-1375.414
-1439.5
-1488.193
-1498.281
-1429.349
0
0
0
0
0
-1375.812
-1440.05
-1489.253
-1500.464
-1433.665
0
0
0
0
0
-3917.105
-1376.009
-1440.322
-1489.768
-1501.492
-1435.765
0
0
0
0
0
-2265.35
-3530.829
-1376.002
-1440.311
-1489.736
-1501.393
-1435.488
0
0
0
0
0
-50.45415
-1899.135
-3206.149
-1375.792
-1440.016
-1489.153
-1500.178
-1432.953
0
0
0
0
0
-2601.182
-2204.234
-1581.324
-2917.181
-1375.384
-1439.443
-1488.031
-1497.849
-1428.216
0
0
0
0
0
-2660.261
-2210.867
-1879.687
-1223.281
-2735.58
-1374.791
-1438.613
-1486.406
-1494.487
-1421.376
0
0
0
0
0
-2668.657
-2281.151
-1888.765
-1606.392
-1043.866
-1374.061
-1437.589
-1484.4
-1490.345
-1412.976
0
0
0
0
0
-2739.55
-2303.029
-1902.737
-1614.856
-1471.774
-1373.312
-1436.538
-1482.344
-1486.112
-1404.416
0
0
0
0
0
-2818.507
-2389.85
-1916.871
-1625.062
-1478.35
-1372.731
-1435.732
-1480.79
-1482.932
-1398.015
0
0
0
0
0
-2829.957
-2339.53
-1926.759
-1632.107
-1483.597
-1372.35
-1435.212
-1479.793
-1480.905
-1393.947
0
0
0
0
0
-316.8837
-2425.345
-1932.123
-1636.098
-1486.664
-1372.121
-1434.905
-1479.22
-1479.742
-1391.02
0
0
0
0
0
-705.5317
3.373997
-2020.259
-1638.063
-1488.16
-1370.718
-1433.41
-1477.395
-1477.183
-1387.543
0
0
0
0
0
-964.4971
-361.6186
303.1093
-1638.668
-1488.397
-1370.721
-1433.392
-1477.172
-1475.209
-1372.104
-1434.884
-1479.166
-1479.456
-1389.783
-1372.338
-1435.203
-1479.789
-1480.872
-1393.679
0
-1372.728
-1435.737
-1480.815
-1482.989
-1398.059
0
0
-1373.347
-1436.604
-1482.403
-1486.253
-1404.683
0
0
0
-1374.097
-1437.657
-1484.585
-1490.791
-1413.425
0
0
0
0
-1374.822
-1438.671
-1486.571
-1494.934
-1422.366
0
0
0
0
0
-1375.406
-1439.485
-1488.15
-1498.191
-1429.062
0
0
0
0
0
-3883.102
-1375.804
-1440.037
-1489.214
-1500.352
-1433.46
0
0
0
0
0
-2253.335
-3517.058
-1376.002
-1440.311
-1489.736
-1501.393
-1435.488
0
0
0
0
0
-50.45399
-1899.135
-3206.148
-1375.996
-1440.3
-1489.709
-1501.313
-1435.246
0
0
0
0
0
-2595.963
347.1652
-1592.682
-2931.188
-1375.788
-1440.007
-1489.131
-1500.103
-1432.768
0
0
0
0
0
-2647.598
-2201.137
-1871.302
-1326.54
-2766.942
-1375.379
-1439.435
-1488.01
-1497.787
-1428.039
0
0
0
0
0
-2693.6
-2271.917
-1876.604
-1596.828
-1113.154
-1374.788
-1438.607
-1486.389
-1494.438
-1421.235
0
0
0
0
0
-2709.825
-2278.497
-1948.589
-1603.354
-1462.089
-1374.059
-1437.585
-1484.386
-1490.307
-1412.868
0
0
0
0
0
-2786.449
-2362.134
-1974.625
-1614.312
-1469.006
-1373.312
-1436.535
-1482.335
-1486.083
-1404.336
0
0
0
0
0
-2796.208
-2446.586
-2061.778
-1625.316
-1477.62
-1372.732
-1435.733
-1480.784
-1482.913
-1397.956
0
0
0
0
0
-262.9735
-2462.84
-2007.636
-1632.718
-1483.461
-1372.35
-1435.212
-1479.794
-1480.894
-1393.906
0
0
0
0
0
-640.5319
64.93106
-2100.904
-1636.437
-1486.687
-1372.121
-1434.904
-1479.22
-1479.75
-1391.596
0
0
0
0
0
-930.1002
-330.1199
331.9309
-1733.97
-1488.219
-1370.718
-1433.409
-1477.393
-1477.184
-1387.563
0
0
0
0
0
-1179.142
-585.97
-36.48218
583.1395
-1488.808
-1370.723
-1433.423
-1477.421
-1477.083
-1386.213
-1372.102
-1434.883
-1479.185
-1479.644
-1391.194
0
-1372.335
-1435.198
-1479.779
-1480.866
-1393.763
0
0
-1372.729
-1435.732
-1480.8
-1482.954
-1397.997
0
0
0
-1373.34
-1436.594
-1482.5
-1486.209
-1404.586
0
0
0
0
-1374.089
-1437.643
-1484.555
-1490.767
-1413.892
0
0
0
0
0
-1374.815
-1438.657
-1486.532
-1494.854
-1422.301
0
0
0
0
0
-3818.765
-1375.399
-1439.472
-1488.113
-1498.085
-1428.873
0
0
0
0
0
-2178.214
-3484.781
-1375.798
-1440.025
-1489.183
-1500.255
-1433.19
0
0
0
0
0
-2604.276
-1887.816
-3192.374
-1375.996
-1440.3
-1489.709
-1501.313
-1435.246
0
0
0
0
0
-2595.963
347.1653
-1592.682
-2931.188
-1375.993
-1440.29
-1489.682
-1501.246
-1435.056
0
0
0
0
0
-2641.231
-2196.2
673.8554
-1338.146
-2780.457
-1375.783
-1439.999
-1489.109
-1500.047
-1432.581
0
0
0
0
0
-2688.342
-2259.32
-1868.115
-1590.071
-1217.083
-1375.376
-1439.429
-1487.992
-1497.734
-1427.884
0
0
0
0
0
-2686.926
-2302.073
-1947.479
-1593.605
-1453.748
-1374.785
-1438.602
-1486.374
-1494.394
-1421.111
0
0
0
0
0
-2754.963
-2331.078
-1951.331
-1661.906
-1459.02
-1374.06
-1437.581
-1484.375
-1490.273
-1412.772
0
0
0
0
0
-2758.386
-2419.163
-2043.059
-1692.684
-1468.454
-1373.313
-1436.536
-1482.329
-1486.06
-1404.264
0
0
0
0
0
-2773.889
-2425.568
-2114.139
-1771.719
-1477.901
-1372.731
-1435.733
-1480.785
-1482.898
-1397.908
0
0
0
0
0
-581.0907
109.5784
-2147.586
-1723.518
-1484.128
-1372.35
-1435.211
-1479.793
-1480.898
-1393.882
0
0
0
0
0
-902.9041
-263.6795
393.4556
-1826.236
-1487.082
-1372.121
-1434.903
-1479.218
-1479.75
-1391.624
0
0
0
0
0
-1145.156
-550.283
-4.590211
612.0401
-1590.684
-1370.743
-1433.409
-1477.391
-1477.181
-1387.572
0
0
0
0
0
-1377.346
-797.4553
-258.29
235.3393
718.1023
-1370.721
-1433.423
-1477.443
-1477.291
-1387.646
0
-1372.1
-1434.88
-1479.178
-1479.646
-1391.305
0
0
-1372.333
-1435.193
-1479.767
-1480.84
-1393.722
0
0
0
-1372.751
-1435.734
-1480.787
-1482.92
-1397.926
0
0
0
0
-1373.335
-1436.584
-1482.479
-1486.476
-1404.501
0
0
0
0
0
-1374.084
-1437.631
-1484.522
-1490.703
-1413.887
0
0
0
0
0
-3709.377
-1374.809
-1438.646
-1486.499
-1494.757
-1422.137
0
0
0
0
0
-2107.687
-3423.49
-1375.393
-1439.461
-1488.083
-1497.993
-1428.616
0
0
0
0
0
-2614.458
-1801.926
-3160.191
-1375.792
-1440.016
-1489.153
-1500.178
-1432.953
0
0
0
0
0
-2601.182
-2204.234
-1581.324
-2917.181
-1375.993
-1440.29
-1489.682
-1501.246
-1435.056
0
0
0
0
0
-2641.231
-2196.201
673.8556
-1338.146
-2780.457
-1375.988
-1440.285
-1489.659
-1501.178
-1434.889
0
0
0
0
0
-2685.441
-2252.982
-1863.794
945.6688
-1228.351
-1375.781
-1439.992
-1489.089
-1499.99
-1432.442
0
0
0
0
0
-2671.665
-2304.422
-1935.714
-1586.74
1098.178
-1375.374
-1439.424
-1487.975
-1497.686
-1427.749
0
0
0
0
0
-2731.318
-2307.327
-1959.312
-1670.893
-1450.491
-1374.786
-1438.598
-1486.36
-1494.355
-1421
0
0
0
0
0
-2725.83
-2385.955
-2012.447
-1671.638
-1514.676
-1374.06
-1437.582
-1484.367
-1490.244
-1412.685
0
0
0
0
0
-2734.099
-2384.715
-2106.185
-1770.045
-1547.781
-1373.312
-1436.536
-1482.33
-1486.043
-1404.207
0
0
0
0
0
-454.2942
-2398.099
-2108.842
-1807.778
-1617.015
-1372.731
-1435.732
-1480.785
-1482.904
-1397.875
0
0
0
0
0
-799.2761
-212.9028
428.6244
-1878.871
-1581.106
-1372.349
-1435.21
-1479.791
-1480.898
-1393.9
0
0
0
0
0
-1117.426
-533.3635
61.92743
673.2175
-1697.947
-1372.121
-1434.902
-1479.214
-1479.744
-1391.628
0
0
0
0
0
-1344.496
-762.1123
-222.1677
267.4167
747.0683
-1370.721
-1433.448
-1477.388
-1477.172
-1387.567
0
0
0
0
0
-1548.722
-992.957
-467.9961
16.92711
336.4602
-1370.719
-1433.42
-1477.437
-1477.297
-1387.791
0
0
-1372.098
-1434.876
-1479.169
-1479.626
-1391.277
0
0
0
-1372.337
-1435.19
-1479.757
-1480.814
-1393.668
0
0
0
0
-1372.747
-1435.769
-1480.797
-1482.893
-1397.86
0
0
0
0
0
-1373.33
-1436.574
-1482.453
-1486.431
-1405.222
0
0
0
0
0
-3553.316
-1374.078
-1437.622
-1484.493
-1490.62
-1413.757
0
0
0
0
0
-1976.196
-3318.961
-1374.803
-1438.636
-1486.472
-1494.674
-1421.901
0
0
0
0
0
-2629.164
-1732.836
-3099.317
-1375.388
-1439.451
-1488.056
-1497.92
-1428.391
0
0
0
0
0
-2611.489
-2213.854
-1485.277
-2884.644
-1375.788
-1440.007
-1489.131
-1500.103
-1432.768
0
0
0
0
0
-2647.598
-2201.137
-1871.302
-1326.54
-2766.943
-1375.988
-1440.285
-1489.659
-1501.178
-1434.889
0
0
0
0
0
-2685.441
-2252.982
-1863.794
945.669
-1228.351
-1375.984
-1440.277
-1489.645
-1501.12
-1434.72
0
0
0
0
0
-2664.074
-2306.463
-1929.779
-1583.232
1076.247
-1375.778
-1439.988
-1489.071
-1499.939
-1432.299
0
0
0
0
0
-2715.783
-2291.563
-1971.555
-1660.488
-1444.457
-1375.374
-1439.42
-1487.964
-1497.642
-1427.627
0
0
0
0
0
-2701.444
-2361.286
-1989.199
-1669.185
-1528.765
-1374.786
-1438.598
-1486.351
-1494.322
-1420.901
0
0
0
0
0
-2700.072
-2350.18
-2073.104
-1741.02
-1528.146
-1374.059
-1437.582
-1484.369
-1490.224
-1412.617
0
0
0
0
0
-320.951
-2354.816
-2067.143
-1841.99
-1631.171
-1373.311
-1436.535
-1482.329
-1486.05
-1404.17
0
0
0
0
0
-672.0666
-82.21083
-2077.673
-1839.625
-1656.678
-1372.731
-1435.731
-1480.781
-1482.903
-1397.898
0
0
0
0
0
-1014.143
-426.0235
103.7926
701.4489
-1749.947
-1372.349
-1435.209
-1479.786
-1480.892
-1393.905
0
0
0
0
0
-1317.879
-744.2266
-214.9964
333.7289
808.0312
-1372.1
-1434.901
-1479.211
-1479.732
-1391.617
0
0
0
0
0
-1516.927
-958.6885
-432.1882
53.25397
368.9225
-1370.721
-1433.412
-1477.481
-1477.164
-1387.543
0
0
0
0
0
-1643.818
-1161.947
-662.0029
-190.4107
125.1407
-1370.718
-1433.417
-1477.429
-1477.279
-1387.769
0
0
0
-1372.101
-1434.873
-1479.16
-1479.605
-1391.233
0
0
0
0
-1372.335
-1435.197
-1479.748
-1480.791
-1393.618
0
0
0
0
0
-1372.744
-1435.762
-1480.883
-1482.931
-1397.806
0
0
0
0
0
-3350.81
-1373.326
-1436.567
-1482.43
-1486.366
-1405.139
0
0
0
0
0
-1736.652
-3169.646
-1374.074
-1437.613
-1484.471
-1490.548
-1413.552
0
0
0
0
0
-2646.998
-1603.415
-2995.853
-1374.798
-1438.627
-1486.447
-1494.607
-1421.696
0
0
0
0
0
-2626.401
-2227.692
-1415.562
-2823.549
-1375.384
-1439.442
-1488.031
-1497.849
-1428.216
0
0
0
0
0
-2660.261
-2210.867
-1879.687
-1223.281
-2735.58
-1375.783
-1439.999
-1489.109
-1500.047
-1432.581
0
0
0
0
0
-2688.342
-2259.32
-1868.115
-1590.071
-1217.084
-1375.984
-1440.277
-1489.645
-1501.12
-1434.72
0
0
0
0
0
-2664.074
-2306.463
-1929.779
-1583.232
1076.247
-1375.985
-1440.27
-1489.626
-1501.082
-1434.573
0
0
0
0
0
-2708.11
-2283.735
-1984.007
-1655.218
-1441.367
-1375.778
-1439.983
-1489.061
-1499.893
-1432.169
0
0
0
0
0
-2685.457
-2345.182
-1973.832
-1677.154
-1519.166
-1375.375
-1439.42
-1487.953
-1497.615
-1427.519
0
0
0
0
0
-2674.73
-2324.601
-2048.778
-1719.159
-1522.679
-1374.785
-1438.598
-1486.352
-1494.298
-1420.821
0
0
0
0
0
-212.1766
-2318.466
-2032.494
-1810.218
-1603.177
-1374.059
-1437.58
-1484.368
-1490.233
-1412.572
0
0
0
0
0
-535.1471
54.65856
-2033.189
-1798.353
-1716.876
-1373.311
-1436.533
-1482.325
-1486.05
-1404.198
0
0
0
0
0
-886.6959
-294.7625
235.5316
-1804.704
-1710.197
-1372.729
-1435.73
-1480.776
-1482.896
-1397.904
0
0
0
0
0
-1217.136
-636.9795
-106.3237
369.0347
835.0096
-1372.355
-1435.207
-1479.783
-1480.879
-1393.894
0
0
0
0
0
-1491.412
-941.5357
-423.7407
53.62959
435.3975
-1372.125
-1434.869
-1479.208
-1479.724
-1391.586
0
0
0
0
0
-1608.981
-1128.677
-627.2412
-154.3687
161.8133
-1370.722
-1433.412
-1477.393
-1477.404
-1387.521
0
0
0
0
0
-1663.663
-1254.971
-829.6646
-382.4248
-76.86127
-1370.717
-1433.414
-1477.422
-1477.261
-1387.731
0
0
0
0
-1372.101
-1434.879
-1479.153
-1479.586
-1391.192
0
0
0
0
0
-1372.333
-1435.193
-1479.77
-1480.772
-1393.571
0
0
0
0
0
-3216.815
-1372.741
-1435.756
-1480.865
-1483.159
-1397.94
0
0
0
0
0
-1272.88
-2960.82
-1373.323
-1436.56
-1482.413
-1486.308
-1404.978
0
0
0
0
0
-2664.697
-1362.851
-2848.409
-1374.07
-1437.606
-1484.449
-1490.491
-1413.375
0
0
0
0
0
-2644.541
-2244.352
-1285.476
-2720.367
-1374.795
-1438.619
-1486.425
-1494.543
-1421.538
0
0
0
0
0
-2673.732
-2224.892
-1891.668
-1152.577
-2676.725
-1375.379
-1439.435
-1488.01
-1497.787
-1428.039
0
0
0
0
0
-2693.6
-2271.917
-1876.604
-1596.828
-1113.154
-1375.781
-1439.992
-1489.089
-1499.99
-1432.442
0
0
0
0
0
-2671.666
-2304.423
-1935.714
-1586.741
1098.178
-1375.985
-1440.27
-1489.626
-1501.082
-1434.573
0
0
0
0
0
-2708.11
-2283.735
-1984.007
-1655.218
-1441.367
-1375.985
-1440.271
-1489.61
-1501.034
-1434.477
0
0
0
0
0
-2677.57
-2337.251
-1966.216
-1703.02
-1514.287
-1375.779
-1439.983
-1489.049
-1499.869
-1432.054
0
0
0
0
0
-2658.182
-2307.94
-2032.996
-1704.781
-1527.807
-1375.373
-1439.42
-1487.955
-1497.589
-1427.455
0
0
0
0
0
-2720.048
-2291.707
-2007.117
-1787.15
-1582.179
-1374.785
-1438.595
-1486.352
-1494.308
-1420.77
0
0
0
0
0
-421.9093
165.7806
-1996.462
-1764.789
-1685.979
-1374.059
-1437.578
-1484.363
-1490.233
-1412.606
0
0
0
0
0
-748.5709
-154.0862
372.9665
-1760.315
-1669.214
-1373.31
-1436.532
-1482.32
-1486.041
-1404.205
0
0
0
0
0
-1092.375
-505.1634
26.06727
500.3906
-1671.898
-1372.737
-1435.728
-1480.773
-1482.881
-1397.892
0
0
0
0
0
-1393.097
-836.5974
-315.029
162.5902
469.163
-1372.354
-1435.216
-1479.778
-1480.869
-1393.857
0
0
0
0
0
-1575.901
-1112.293
-619.2552
-152.4892
160.8432
-1372.101
-1434.907
-1479.127
-1479.716
-1391.562
0
0
0
0
0
-1631.241
-1218.604
-795.8755
-347.3987
-40.4131
-1370.722
-1433.412
-1477.393
-1477.178
-1388.129
0
0
0
0
0
-1621.086
-1273.806
-921.4269
-548.3101
-264.279
-1370.721
-1433.412
-1477.415
-1477.244
-1387.694
0
0
0
0
0
-1372.1
-1434.878
-1479.169
-1479.57
-1391.154
0
0
0
0
0
-3122.421
-1372.357
-1435.19
-1479.759
-1480.844
-1393.53
0
0
0
0
0
-988.0301
-2831.026
-1372.738
-1435.752
-1480.851
-1483.112
-1398.537
0
0
0
0
0
-2677.236
-893.335
-2631.003
-1373.32
-1436.555
-1482.395
-1486.263
-1404.832
0
0
0
0
0
-2662.635
-2260.698
-1035.57
-2573.926
-1374.067
-1437.599
-1484.43
-1490.436
-1413.241
0
0
0
0
0
-2643.392
-2241.84
-1905.932
-1021.441
-2577.281
-1374.791
-1438.613
-1486.406
-1494.487
-1421.376
0
0
0
0
0
-2668.657
-2281.151
-1888.765
-1606.392
-1043.866
-1375.376
-1439.429
-1487.992
-1497.734
-1427.884
0
0
0
0
0
-2686.926
-2302.073
-1947.479
-1593.605
-1453.748
-1375.778
-1439.988
-1489.071
-1499.939
-1432.299
0
0
0
0
0
-2715.784
-2291.563
-1971.555
-1660.488
-1444.458
-1375.985
-1440.271
-1489.61
-1501.034
-1434.477
0
0
0
0
0
-2677.57
-2337.251
-1966.216
-1703.02
-1514.287
-1375.986
-1440.271
-1489.612
-1500.994
-1434.358
0
0
0
0
0
-2650.035
-2299.746
-2025.247
-1697.673
-1553.563
-1375.781
-1439.983
-1489.051
-1499.841
-1431.998
0
0
0
0
0
-2702.433
-2274.352
-1990.692
-1772.309
-1568.413
-1375.373
-1439.417
-1487.954
-1497.599
-1427.398
0
0
0
0
0
-339.539
-2339.359
-1969.73
-1740.557
-1663.749
-1374.785
-1438.595
-1486.345
-1494.308
-1420.809
0
0
0
0
0
-633.0575
-38.31616
483.9764
-1724.425
-1636.418
-1374.056
-1437.578
-1484.358
-1490.221
-1412.616
0
0
0
0
0
-956.4516
-362.9442
167.3971
636.687
-1627.57
-1373.32
-1436.529
-1482.316
-1486.024
-1404.19
0
0
0
0
0
-1270.961
-707.1788
-181.9222
294.642
599.927
-1372.736
-1435.739
-1480.767
-1482.871
-1397.849
0
0
0
0
0
-1465.836
-1009.575
-512.7302
-43.36831
269.8648
-1372.356
-1435.215
-1479.798
-1480.858
-1393.832
0
0
0
0
0
-1603.377
-1194.345
-788.419
-345.774
-39.72382
-1372.101
-1434.869
-1479.219
-1479.508
-1391.547
0
0
0
0
0
-1629.252
-1239.876
-884.5031
-514.2279
-228.7793
-1370.72
-1433.412
-1477.392
-1477.177
-1387.565
0
0
0
0
0
-1641.538
-1230.815
-939.8265
-638.3559
-426.0651
-1370.72
-1433.421
-1477.41
-1477.229
-1387.659
0
0
0
0
0
-3072.917
-1372.099
-1434.876
-1479.169
-1479.622
-1391.119
0
0
0
0
0
-846.1679
-2739.604
-1372.355
-1435.226
-1479.751
-1480.816
-1393.766
0
0
0
0
0
-2684.779
-593.6558
-2502.225
-1372.736
-1435.747
-1480.837
-1483.077
-1398.418
0
0
0
0
0
-2675.524
-2272.052
-571.3748
-2351.016
-1373.317
-1436.55
-1482.38
-1486.217
-1404.726
0
0
0
0
0
-2661.456
-2258.574
-1919.669
-755.0781
-2435.885
-1374.064
-1437.594
-1484.414
-1490.387
-1413.099
0
0
0
0
0
-2693.005
-2241.056
-1903.316
-1617.597
-915.1201
-1374.788
-1438.607
-1486.389
-1494.438
-1421.235
0
0
0
0
0
-2709.825
-2278.498
-1948.589
-1603.354
-1462.089
-1375.374
-1439.424
-1487.975
-1497.686
-1427.749
0
0
0
0
0
-2731.318
-2307.327
-1959.312
-1670.893
-1450.491
-1375.778
-1439.983
-1489.061
-1499.893
-1432.169
0
0
0
0
0
-2685.458
-2345.182
-1973.832
-1677.154
-1519.166
-1375.986
-1440.271
-1489.612
-1500.994
-1434.358
0
0
0
0
0
-2650.035
-2299.746
-2025.247
-1697.673
-1553.564
-1375.995
-1440.272
-1489.613
-1501.001
-1434.262
0
0
0
0
0
-2693.795
-2265.836
-1982.64
-1765.052
-1561.616
-1375.781
-1439.986
-1489.051
-1499.851
-1431.937
0
0
0
0
0
-285.0974
-2320.763
-1952.508
-1725.005
-1649.543
-1375.375
-1439.417
-1487.946
-1497.6
-1427.44
0
0
0
0
0
-547.2825
45.60174
-2018.284
-1698.678
-1612.998
-1374.782
-1438.594
-1486.341
-1494.294
-1420.82
0
0
0
0
0
-842.0757
-244.6457
283.1163
746.0601
-1592.279
-1374.069
-1437.574
-1484.354
-1490.205
-1412.596
0
0
0
0
0
-1137.269
-566.8488
-38.88115
434.8579
735.0502
-1373.317
-1436.544
-1482.309
-1486.013
-1404.141
0
0
0
0
0
-1326.21
-882.512
-381.8749
89.54314
401.4385
-1372.738
-1435.736
-1480.793
-1482.857
-1397.821
0
0
0
0
0
-1504.079
-1079.67
-684.0049
-238.7197
69.6554
-1372.356
-1435.217
-1479.793
-1480.908
-1393.809
0
0
0
0
0
-1568.88
-1220.712
-868.9299
-512.9481
-228.1757
-1372.123
-1434.869
-1479.125
-1479.745
-1391.028
0
0
0
0
0
-1655.168
-1245.496
-905.3876
-601.0883
-391.4435
-1370.718
-1433.408
-1477.391
-1477.173
-1387.565
0
0
0
0
0
-1644.085
-1252.954
-896.7324
-656.4248
-512.3941
-1370.719
-1433.419
-1477.434
-1477.215
-1387.628
0
0
0
0
0
-698.4809
-2691.987
-1372.098
-1434.874
-1479.162
-1479.626
-1391.287
0
0
0
0
0
-2688.826
-451.6648
-2411.715
-1372.353
-1435.222
-1479.837
-1480.796
-1393.693
0
0
0
0
0
-2683.327
-2278.744
-261.2801
-2223.436
-1372.735
-1435.743
-1480.825
-1483.041
-1398.334
0
0
0
0
0
-2674.522
-2270.278
-1928.898
-308.4075
-2216.949
-1373.315
-1436.545
-1482.367
-1486.177
-1404.607
0
0
0
0
0
-2660.954
-2257.683
-1917.448
-1628.094
-637.0896
-1374.061
-1437.589
-1484.4
-1490.345
-1412.976
0
0
0
0
0
-2739.55
-2303.029
-1902.737
-1614.856
-1471.774
-1374.785
-1438.602
-1486.374
-1494.394
-1421.111
0
0
0
0
0
-2754.963
-2331.078
-1951.331
-1661.906
-1459.02
-1375.374
-1439.419
-1487.964
-1497.642
-1427.627
0
0
0
0
0
-2701.445
-2361.287
-1989.199
-1669.185
-1528.765
-1375.779
-1439.983
-1489.049
-1499.869
-1432.054
0
0
0
0
0
-2658.182
-2307.94
-2032.996
-1704.782
-1527.807
-1375.995
-1440.272
-1489.613
-1501.001
-1434.262
0
0
0
0
0
-2693.795
-2265.836
-1982.64
-1765.052
-1561.616
-1375.995
-1440.285
-1489.613
-1501.011
-1434.287
0
0
0
0
0
-259.0291
-2311.679
-1944.085
-1717.411
-1642.62
-1375.782
-1439.986
-1489.056
-1499.852
-1431.979
0
0
0
0
0
-492.2472
100.8948
-1999.707
-1682.232
-1598.063
-1375.372
-1439.419
-1487.943
-1497.583
-1427.453
0
0
0
0
0
-756.7248
-157.1785
366.6849
-1753.126
-1567.236
-1374.797
-1438.59
-1486.338
-1494.279
-1420.794
0
0
0
0
0
-1023.915
-449.4576
79.47989
548.9473
842.9888
-1374.066
-1437.593
-1484.345
-1490.193
-1412.545
0
0
0
0
0
-1171.035
-744.1416
-240.5634
231.6153
540.5006
-1373.321
-1436.54
-1482.343
-1485.996
-1404.11
0
0
0
0
0
-1381.764
-934.8429
-555.365
-107.9179
202.321
-1372.739
-1435.74
-1480.785
-1482.922
-1397.793
0
0
0
0
0
-1481.98
-1116.863
-752.4081
-407.894
-120.6453
-1372.352
-1435.217
-1479.797
-1480.895
-1393.936
0
0
0
0
0
-1598.391
-1185.993
-894.8649
-591.4751
-391.0227
-1372.12
-1434.903
-1479.125
-1479.503
-1391.628
0
0
0
0
0
-1659.261
-1277.026
-914.1267
-621.7364
-474.4882
-1370.741
-1433.404
-1477.381
-1477.17
-1387.555
0
0
0
0
0
-1623.041
-1256.878
-919.667
-613.4492
-530.1964
-1370.718
-1433.416
-1477.428
-1477.292
-1387.599
0
0
0
0
0
-2689.333
-309.7068
-2364.881
-1372.097
-1434.872
-1479.155
-1479.609
-1391.315
0
0
0
0
0
-2687.538
-2282.247
-118.662
-2134.047
-1372.352
-1435.219
-1479.827
-1481.013
-1393.647
0
0
0
0
0
-2682.458
-2277.233
-1934.153
13.99907
-2094.251
-1372.733
-1435.74
-1480.815
-1483.009
-1398.24
0
0
0
0
0
-2673.874
-2269.514
-1927.038
-1634.78
-219.8739
-1373.313
-1436.541
-1482.355
-1486.143
-1404.505
0
0
0
0
0
-2769.243
-2257.573
-1916.721
-1625.768
-1480.698
-1374.059
-1437.585
-1484.386
-1490.307
-1412.868
0
0
0
0
0
-2786.449
-2362.134
-1974.625
-1614.312
-1469.006
-1374.786
-1438.598
-1486.36
-1494.355
-1421
0
0
0
0
0
-2725.831
-2385.955
-2012.447
-1671.638
-1514.676
-1375.375
-1439.42
-1487.953
-1497.615
-1427.519
0
0
0
0
0
-2674.731
-2324.601
-2048.778
-1719.159
-1522.679
-1375.781
-1439.983
-1489.051
-1499.841
-1431.998
0
0
0
0
0
-2702.433
-2274.352
-1990.692
-1772.31
-1568.413
-1375.995
-1440.285
-1489.613
-1501.011
-1434.287
0
0
0
0
0
-259.0291
-2311.679
-1944.085
-1717.411
-1642.62
-1376.026
-1440.285
-1489.642
-1501.011
-1434.328
0
0
0
0
0
-463.6193
123.6073
-1990.672
-1674.223
-1590.794
-1375.779
-1439.986
-1489.054
-1499.869
-1431.993
0
0
0
0
0
-701.6478
-104.9888
421.5703
-1735.193
-1551.345
-1375.389
-1439.414
-1487.946
-1497.571
-1427.422
0
0
0
0
0
-938.3023
-362.2653
166.618
630.9468
-1652.035
-1374.793
-1438.613
-1486.327
-1494.268
-1420.746
0
0
0
0
0
-1039.589
-627.563
-122.9998
348.4356
653.1486
-1374.07
-1437.587
-1484.388
-1490.172
-1412.511
0
0
0
0
0
-1248.409
-774.693
-415.8825
32.57532
343.4658
-1373.322
-1436.545
-1482.332
-1486.08
-1404.075
0
0
0
0
0
-1375.376
-989.4373
-605.7917
-279.1699
10.17251
-1372.734
-1435.74
-1480.792
-1482.903
-1397.956
0
0
0
0
0
-1519.63
-1094.918
-789.3163
-474.1221
-285.2835
-1372.348
-1435.21
-1479.797
-1480.904
-1393.907
0
0
0
0
0
-1605.858
-1217.189
-860.2316
-617.2782
-465.5023
-1372.118
-1434.898
-1479.206
-1479.501
-1391.02
0
0
0
0
0
-1639.595
-1282.39
-953.1274
-629.3829
-495.0825
-1370.741
-1433.441
-1477.369
-1477.142
-1387.55
0
0
0
0
0
-1642.935
-1236.608
-924.3436
-637.0312
-488.0498
-1370.718
-1433.414
-1477.42
-1477.276
-1387.842
0
0
0
0
0
-2688.125
-2282.845
-27.01259
-2088.016
-1372.097
-1434.87
-1479.149
-1479.589
-1391.277
0
0
0
0
0
-2686.756
-2280.905
-1936.792
157.0292
-2008.497
-1372.351
-1435.217
-1479.818
-1480.986
-1394.19
0
0
0
0
0
-2681.887
-2276.569
-1932.565
-1638.364
115.0289
-1372.732
-1435.737
-1480.805
-1482.98
-1398.156
0
0
0
0
0
-2673.862
-2269.166
-1926.41
-1632.829
-1486.188
-1373.312
-1436.538
-1482.344
-1486.112
-1404.416
0
0
0
0
0
-2818.507
-2389.85
-1916.871
-1625.062
-1478.35
-1374.06
-1437.581
-1484.375
-1490.273
-1412.772
0
0
0
0
0
-2758.386
-2419.163
-2043.059
-1692.684
-1468.454
-1374.786
-1438.598
-1486.351
-1494.322
-1420.901
0
0
0
0
0
-2700.072
-2350.18
-2073.105
-1741.02
-1528.146
-1375.373
-1439.42
-1487.955
-1497.589
-1427.455
0
0
0
0
0
-2720.048
-2291.707
-2007.117
-1787.15
-1582.179
-1375.781
-1439.986
-1489.051
-1499.851
-1431.937
0
0
0
0
0
-285.097
-2320.763
-1952.507
-1725.005
-1649.544
-1376.026
-1440.284
-1489.642
-1501.011
-1434.328
0
0
0
0
0
-463.6191
123.6074
-1990.672
-1674.223
-1590.794
-1376.022
-1440.33
-1489.639
-1501.085
-1434.34
0
0
0
0
0
-673.0247
-75.6879
438.427
-1726.514
-1543.632
-1375.797
-1439.981
-1489.052
-1499.858
-1432.046
0
0
0
0
0
-881.0563
-309.7787
212.7419
684.5847
-1634.385
-1375.383
-1439.439
-1487.935
-1497.575
-1427.377
0
0
0
0
0
-940.7999
-539.9639
-36.06952
433.983
733.8144
-1374.798
-1438.606
-1486.379
-1494.244
-1420.712
0
0
0
0
0
-1132.474
-639.8012
-299.0388
148.7016
458.9917
-1374.071
-1437.593
-1484.374
-1490.279
-1412.469
0
0
0
0
0
-1260.604
-851.2414
-444.2952
-140.3811
150.0047
-1373.315
-1436.546
-1482.341
-1486.054
-1404.282
0
0
0
0
0
-1420.538
-983.6012
-660.317
-327.1507
-156.2904
-1372.729
-1435.732
-1480.792
-1482.917
-1397.912
0
0
0
0
0
-1531.12
-1134.318
-767.7766
-511.2131
-347.1252
-1372.346
-1435.204
-1479.779
-1480.903
-1393.929
0
0
0
0
0
-1589.891
-1225.947
-892.0165
-583.1433
-491.698
-1372.118
-1434.894
-1479.191
-1479.709
-1391.016
0
0
0
0
0
-1651.588
-1263.456
-959.1221
-676.9089
-501.3807
-1370.741
-1433.44
-1477.457
-1477.111
-1387.475
0
0
0
0
0
-1688.055
-1254.879
-904.6303
-642.4846
-512.5716
-1370.717
-1433.413
-1477.414
-1477.255
-1387.808
0
0
0
0
0
-2687.384
-2281.584
-1937.242
234.7921
-1964.501
-1372.096
-1434.869
-1479.143
-1479.57
-1391.221
0
0
0
0
0
-2686.235
-2280.306
-1935.38
-1640.029
256.3376
-1372.35
-1435.214
-1479.81
-1480.962
-1394.118
0
0
0
0
0
-2681.517
-2276.254
-1932.018
-1636.699
-1489.008
-1372.731
-1435.734
-1480.797
-1482.955
-1398.082
0
0
0
0
0
-2729.427
-2269.466
-1926.245
-1632.224
-1484.221
-1373.312
-1436.535
-1482.335
-1486.083
-1404.336
0
0
0
0
0
-2796.208
-2446.586
-2061.778
-1625.316
-1477.62
-1374.06
-1437.582
-1484.367
-1490.244
-1412.685
0
0
0
0
0
-2734.099
-2384.715
-2106.186
-1770.045
-1547.781
-1374.784
-1438.598
-1486.352
-1494.298
-1420.821
0
0
0
0
0
-212.1763
-2318.466
-2032.495
-1810.219
-1603.177
-1375.373
-1439.417
-1487.954
-1497.599
-1427.398
0
0
0
0
0
-339.5386
-2339.36
-1969.73
-1740.558
-1663.75
-1375.782
-1439.986
-1489.056
-1499.852
-1431.979
0
0
0
0
0
-492.2465
100.8953
-1999.708
-1682.231
-1598.063
-1376.022
-1440.33
-1489.639
-1501.085
-1434.34
0
0
0
0
0
-673.0244
-75.68763
438.4271
-1726.515
-1543.632
-1376.04
-1440.323
-1489.737
-1501.071
-1434.529
0
0
0
0
0
-852.443
-280.4397
242.1786
694.8997
-1625.874
-1375.792
-1440.008
-1489.04
-1499.85
-1432.004
0
0
0
0
0
-874.8179
-485.1042
10.63743
472.9268
786.3657
-1375.388
-1439.429
-1487.992
-1497.549
-1427.381
0
0
0
0
0
-1044.802
-538.8714
-211.6434
234.1045
543.201
-1374.8
-1438.612
-1486.362
-1494.371
-1420.665
0
0
0
0
0
-1158.974
-731.9759
-308.9737
-24.89117
265.0383
-1374.062
-1437.595
-1484.385
-1490.245
-1412.729
0
0
0
0
0
-1311.716
-864.4359
-521.0693
-166.0367
-17.91599
-1373.309
-1436.535
-1482.342
-1486.074
-1404.223
0
0
0
0
0
-1435.66
-1030.527
-655.2713
-382.3168
-199.4185
-1372.726
-1435.724
-1480.77
-1482.918
-1397.948
0
0
0
0
0
-1521.177
-1147.11
-807.5892
-490.634
-385.3423
-1372.346
-1435.2
-1479.762
-1480.857
-1393.929
0
0
0
0
0
-1585.909
-1210.84
-901.3526
-615.2121
-459.1134
-1372.118
-1434.893
-1479.182
-1479.668
-1391.534
0
0
0
0
0
-1697.453
-1273.566
-940.6914
-683.5493
-553.6667
-1370.741
-1433.439
-1477.454
-1477.335
-1387.391
0
0
0
0
0
-1721.718
-1298.787
-921.802
-623.5223
-519.2101
-1370.717
-1433.411
-1477.408
-1477.237
-1387.749
0
0
0
0
0
-2686.887
-2281.017
-1935.915
-1640.182
329.7563
-1372.096
-1434.867
-1479.138
-1479.553
-1391.17
0
0
0
0
0
-2685.894
-2280.016
-1934.887
-1638.549
-1490.239
-1372.349
-1435.212
-1479.803
-1480.94
-1394.055
0
0
0
0
0
-2681.444
-2276.111
-1931.863
-1636.174
-1487.329
-1372.731
-1435.732
-1480.79
-1482.932
-1398.015
0
0
0
0
0
-2829.957
-2339.53
-1926.759
-1632.107
-1483.597
-1373.313
-1436.536
-1482.329
-1486.06
-1404.264
0
0
0
0
0
-2773.889
-2425.568
-2114.139
-1771.719
-1477.901
-1374.059
-1437.582
-1484.369
-1490.224
-1412.617
0
0
0
0
0
-320.9507
-2354.816
-2067.143
-1841.99
-1631.171
-1374.784
-1438.595
-1486.352
-1494.308
-1420.77
0
0
0
0
0
-421.9088
165.7809
-1996.462
-1764.789
-1685.979
-1375.375
-1439.417
-1487.946
-1497.6
-1427.44
0
0
0
0
0
-547.2814
45.6021
-2018.284
-1698.678
-1612.998
-1375.779
-1439.986
-1489.054
-1499.869
-1431.993
0
0
0
0
0
-701.6467
-104.9881
421.5708
-1735.193
-1551.345
-1376.04
-1440.323
-1489.737
-1501.071
-1434.529
0
0
0
0
0
-852.4428
-280.4394
242.1789
694.8998
-1625.874
-1376.006
-1440.351
-1489.722
-1501.298
-1434.479
0
0
0
0
0
-841.727
-459.671
40.13238
502.0735
793.505
-1375.797
-1440
-1489.101
-1499.822
-1431.974
0
0
0
0
0
-986.5986
-475.0583
-162.3753
273.9213
578.4915
-1375.39
-1439.436
-1487.968
-1497.69
-1427.33
0
0
0
0
0
-1079.944
-646.0477
-208.1328
61.01713
349.236
-1374.789
-1438.614
-1486.374
-1494.33
-1420.971
0
0
0
0
0
-1215.43
-759.8311
-401.6371
-31.84883
96.6554
-1374.055
-1437.581
-1484.388
-1490.269
-1412.652
0
0
0
0
0
-1329.563
-917.2561
-535.5034
-244.0409
-38.17209
-1373.306
-1436.524
-1482.315
-1486.077
-1404.27
0
0
0
0
0
-1434.264
-1046.932
-702.3278
-378.8124
-256.7646
-1372.726
-1435.719
-1480.75
-1482.86
-1397.951
0
0
0
0
0
-1491.236
-1138.234
-820.8623
-530.3336
-366.9676
-1372.346
-1435.199
-1479.752
-1480.81
-1393.808
0
0
0
0
0
-1633.771
-1204.66
-886.8167
-625.0639
-491.518
-1372.118
-1434.893
-1479.18
-1479.645
-1391.425
0
0
0
0
0
-1698.203
-1318.154
-949.5334
-665.8373
-561.3225
-1370.716
-1433.439
-1477.452
-1477.329
-1387.951
0
0
0
0
0
-1730.149
-1344.701
-965.018
-639.2313
-501.5966
-1370.716
-1433.41
-1477.404
-1477.222
-1387.701
0
0
0
0
0
-2686.56
-2280.739
-1935.449
-1638.791
-1490.307
-1372.12
-1434.866
-1479.133
-1479.538
-1391.126
0
0
0
0
0
-2685.682
-2279.878
-1934.741
-1638.077
-1488.746
-1372.35
-1435.211
-1479.797
-1480.921
-1393.998
0
0
0
0
0
-2802.118
-2276.236
-1931.859
-1636.062
-1486.789
-1372.732
-1435.733
-1480.784
-1482.913
-1397.956
0
0
0
0
0
-262.9733
-2462.84
-2007.636
-1632.718
-1483.461
-1373.312
-1436.536
-1482.33
-1486.043
-1404.207
0
0
0
0
0
-454.2941
-2398.099
-2108.843
-1807.778
-1617.015
-1374.059
-1437.58
-1484.368
-1490.233
-1412.572
0
0
0
0
0
-535.1467
54.65877
-2033.189
-1798.353
-1716.877
-1374.785
-1438.595
-1486.345
-1494.308
-1420.809
0
0
0
0
0
-633.0563
-38.31575
483.9767
-1724.425
-1636.419
-1375.372
-1439.419
-1487.943
-1497.583
-1427.453
0
0
0
0
0
-756.7237
-157.1775
366.6852
-1753.127
-1567.236
-1375.797
-1439.981
-1489.052
-1499.857
-1432.046
0
0
0
0
0
-881.0558
-309.7776
212.7426
684.5853
-1634.385
-1376.006
-1440.351
-1489.722
-1501.298
-1434.479
0
0
0
0
0
-841.7268
-459.6708
40.13268
502.0738
793.5051
-1376.011
-1440.299
-1489.784
-1501.264
-1434.988
0
0
0
0
0
-956.3443
-444.9697
-142.0244
303.1455
607.2
-1375.8
-1440.006
-1489.081
-1499.972
-1431.92
0
0
0
0
0
-1024.924
-590.0327
-149.6556
103.5527
385.5803
-1375.378
-1439.439
-1487.981
-1497.631
-1427.669
0
0
0
0
0
-1140.395
-682.7129
-321.6975
67.65672
181.4411
-1374.779
-1438.597
-1486.379
-1494.358
-1420.879
0
0
0
0
0
-1236.373
-817.9046
-431.0859
-126.2531
95.50624
-1374.051
-1437.568
-1484.353
-1490.277
-1412.71
0
0
0
0
0
-1338.262
-936.3492
-588.074
-260.6901
-119.6508
-1373.304
-1436.519
-1482.289
-1486.006
-1404.28
0
0
0
0
0
-1367.686
-1046.883
-719.0437
-425.1732
-256.3656
-1372.726
-1435.718
-1480.738
-1482.806
-1397.803
0
0
0
0
0
-1543.46
-1105.603
-812.6589
-543.898
-406.2922
-1372.346
-1435.199
-1479.749
-1480.783
-1393.686
0
0
0
0
0
-1648.238
-1251.119
-879.2074
-611.3019
-502.09
-1372.119
-1434.893
-1479.178
-1479.639
-1391.365
0
0
0
0
0
-1708.064
-1319.229
-993.4186
-673.0957
-544.9508
-1370.717
-1433.4
-1477.452
-1477.326
-1387.941
0
0
0
0
0
-1742.211
-1345.17
-1021.163
-681.6681
-514.3931
-1370.717
-1433.409
-1477.399
-1477.207
-1387.659
0
0
0
0
0
-2686.355
-2280.604
-1935.308
-1638.345
-1488.904
-1372.121
-1434.903
-1479.129
-1479.524
-1391.085
0
0
0
0
0
-2744.691
-2279.821
-1934.729
-1637.972
-1488.262
-1372.35
-1435.212
-1479.793
-1480.905
-1393.947
0
0
0
0
0
-316.8836
-2425.345
-1932.123
-1636.098
-1486.664
-1372.731
-1435.733
-1480.785
-1482.898
-1397.908
0
0
0
0
0
-581.0906
109.5786
-2147.586
-1723.518
-1484.128
-1373.311
-1436.534
-1482.329
-1486.05
-1404.169
0
0
0
0
0
-672.0663
-82.2107
-2077.673
-1839.625
-1656.678
-1374.059
-1437.578
-1484.362
-1490.233
-1412.606
0
0
0
0
0
-748.57
-154.0858
372.9667
-1760.315
-1669.214
-1374.782
-1438.594
-1486.341
-1494.294
-1420.82
0
0
0
0
0
-842.0746
-244.6446
283.1167
746.0603
-1592.279
-1375.389
-1439.414
-1487.946
-1497.57
-1427.422
0
0
0
0
0
-938.3017
-362.2642
166.619
630.9472
-1652.036
-1375.791
-1440.008
-1489.04
-1499.85
-1432.004
0
0
0
0
0
-874.8172
-485.1037
10.63849
472.9275
786.3662
-1376.011
-1440.299
-1489.784
-1501.264
-1434.988
0
0
0
0
0
-956.3438
-444.9696
-142.0242
303.1458
607.2002
-1376.014
-1440.306
-1489.667
-1501.416
-1434.918
0
0
0
0
0
-999.8388
-558.7232
-124.439
119.0171
414.4055
-1375.787
-1440.01
-1489.094
-1499.923
-1432.278
0
0
0
0
0
-1087.76
-629.9681
-270.4048
119.6911
220.524
-1375.367
-1439.42
-1487.987
-1497.659
-1427.532
0
0
0
0
0
-1164.159
-744.5711
-360.0742
-53.98498
194.1764
-1374.775
-1438.582
-1486.338
-1494.369
-1420.944
0
0
0
0
0
-1253.092
-840.0469
-488.5592
-158.4596
-3.458275
-1374.049
-1437.562
-1484.321
-1490.188
-1412.729
0
0
0
0
0
-1228.688
-946.7437
-607.2652
-311.815
-140.4301
-1373.305
-1436.517
-1482.276
-1485.939
-1404.099
0
0
0
0
0
-1427.773
-976.9428
-719.7899
-441.8285
-301.3379
-1372.726
-1435.718
-1480.735
-1482.776
-1397.659
0
0
0
0
0
-1573.196
-1156.247
-778.3629
-536.5436
-420.0883
-1372.347
-1435.198
-1479.748
-1480.777
-1393.617
0
0
0
0
0
-1702.21
-1266.15
-924.9657
-601.9881
-489.6866
-1372.096
-1434.894
-1479.178
-1479.636
-1391.355
0
0
0
0
0
-1766.845
-1321.572
-994.7271
-716.2428
-549.2186
-1370.722
-1433.401
-1477.357
-1477.326
-1387.938
0
0
0
0
0
-1686.829
-1357.669
-1014.045
-744.9954
-555.614
-1370.717
-1433.409
-1477.395
-1477.194
-1387.621
0
0
0
0
0
-2686.431
-2280.544
-1935.293
-1638.245
-1488.447
-1372.121
-1434.904
-1479.218
-1479.513
-1391.049
0
0
0
0
0
-377.2224
-2354.007
-1934.768
-1637.997
-1488.146
-1372.35
-1435.212
-1479.794
-1480.894
-1393.906
0
0
0
0
0
-640.5318
64.93121
-2100.904
-1636.437
-1486.687
-1372.731
-1435.732
-1480.785
-1482.904
-1397.875
0
0
0
0
0
-799.2759
-212.9028
428.6246
-1878.871
-1581.106
-1373.311
-1436.533
-1482.325
-1486.05
-1404.198
0
0
0
0
0
-886.6952
-294.7622
235.5318
-1804.704
-1710.197
-1374.056
-1437.578
-1484.357
-1490.221
-1412.616
0
0
0
0
0
-956.4507
-362.9432
167.3974
636.6872
-1627.57
-1374.797
-1438.59
-1486.338
-1494.279
-1420.794
0
0
0
0
0
-1023.914
-449.4565
79.48096
548.9477
842.989
-1375.383
-1439.439
-1487.935
-1497.575
-1427.377
0
0
0
0
0
-940.7992
-539.9633
-36.06849
433.9839
733.8147
-1375.797
-1440
-1489.101
-1499.822
-1431.974
0
0
0
0
0
-986.5971
-475.0576
-162.3749
273.9223
578.4922
-1376.014
-1440.306
-1489.667
-1501.416
-1434.918
0
0
0
0
0
-999.8383
-558.7227
-124.4389
119.0172
414.4057
-1376
-1440.31
-1489.681
-1501.14
-1435.283
0
0
0
0
0
-1063.466
-607.4753
-238.5743
140.2214
234.1003
-1375.775
-1439.99
-1489.102
-1499.952
-1432.171
0
0
0
0
0
-1113.442
-694.0006
-312.1264
-7.687467
243.0288
-1375.364
-1439.403
-1487.941
-1497.675
-1427.598
0
0
0
0
0
-1183.998
-769.4008
-420.9058
-95.37853
64.58448
-1374.773
-1438.575
-1486.3
-1494.265
-1420.973
0
0
0
0
0
-1108.227
-858.754
-510.6105
-213.8316
-40.6483
-1374.05
-1437.559
-1484.306
-1490.105
-1412.506
0
0
0
0
0
-1299.055
-833.055
-618.6147
-330.5105
-188.8914
-1373.305
-1436.518
-1482.272
-1485.904
-1403.924
0
0
0
0
0
-1476.009
-1035.208
-647.8757
-443.4985
-317.5043
-1372.728
-1435.718
-1480.734
-1482.769
-1397.583
0
0
0
0
0
-1633.179
-1186.702
-828.3353
-500.3847
-414.0919
-1372.35
-1435.201
-1479.747
-1480.775
-1393.607
0
0
0
0
0
-1731.082
-1324.692
-940.3648
-647.1074
-477.2594
-1372.101
-1434.858
-1479.18
-1479.636
-1391.352
0
0
0
0
0
-1667.066
-1392.664
-989.8975
-718.0656
-591.3145
-1370.751
-1433.405
-1477.357
-1477.081
-1387.946
0
0
0
0
0
-1695.579
-1302.857
-1026.94
-733.8973
-621.813
-1370.718
-1433.41
-1477.393
-1477.184
-1387.586
0
0
0
0
0
-404.7161
-2280.737
-1935.324
-1638.265
-1488.336
-1372.121
-1434.905
-1479.22
-1479.742
-1391.02
0
0
0
0
0
-705.5317
3.374128
-2020.259
-1638.063
-1488.16
-1372.35
-1435.211
-1479.793
-1480.898
-1393.882
0
0
0
0
0
-902.9039
-263.6795
393.4558
-1826.236
-1487.082
-1372.731
-1435.731
-1480.781
-1482.903
-1397.898
0
0
0
0
0
-1014.143
-426.0233
103.7927
701.4491
-1749.947
-1373.31
-1436.532
-1482.32
-1486.041
-1404.205
0
0
0
0
0
-1092.375
-505.1627
26.06756
500.3907
-1671.898
-1374.069
-1437.574
-1484.354
-1490.204
-1412.596
0
0
0
0
0
-1137.269
-566.848
-38.88021
434.8583
735.0504
-1374.793
-1438.612
-1486.327
-1494.268
-1420.746
0
0
0
0
0
-1039.588
-627.5624
-122.9988
348.4367
653.149
-1375.388
-1439.429
-1487.992
-1497.549
-1427.381
0
0
0
0
0
-1044.8
-538.8707
-211.6429
234.1055
543.202
-1375.8
-1440.006
-1489.081
-1499.971
-1431.92
0
0
0
0
0
-1024.923
-590.0311
-149.6549
103.553
385.5814
-1376
-1440.31
-1489.681
-1501.14
-1435.283
0
0
0
0
0
-1063.466
-607.475
-238.5737
140.2216
234.1004
-1375.988
-1440.289
-1489.689
-1501.17
-1434.653
0
0
0
0
0
-1089.908
-672.1281
-292.1155
24.15271
261.8096
-1375.77
-1439.971
-1489.053
-1499.971
-1432.239
0
0
0
0
0
-1135.188
-720.6116
-374.791
-52.64194
108.6014
-1375.361
-1439.397
-1487.899
-1497.559
-1427.637
0
0
0
0
0
-1015.717
-791.3763
-445.3691
-153.4548
17.60829
-1374.775
-1438.572
-1486.282
-1494.166
-1420.712
0
0
0
0
0
-1184.197
-709.1812
-530.4078
-235.0145
-92.26025
-1374.05
-1437.56
-1484.3
-1490.064
-1412.291
0
0
0
0
0
-1367.339
-901.3521
-502.6296
-342.8758
-206.2116
-1373.307
-1436.518
-1482.272
-1485.896
-1403.837
0
0
0
0
0
-1547.861
-1084.283
-705.5166
-369.5393
-320.4814
-1372.731
-1435.72
-1480.733
-1482.768
-1397.574
0
0
0
0
0
-1682.45
-1251.161
-859.2751
-549.9141
-374.6867
-1372.356
-1435.204
-1479.751
-1480.775
-1393.605
0
0
0
0
0
-1665.74
-1353.689
-1001.825
-663.2015
-521.663
-1372.128
-1434.862
-1479.089
-1479.642
-1391.36
0
0
0
0
0
-1675.926
-1281.653
-1071.259
-709.4111
-594.4764
-1308.241
-1433.434
-1477.359
-1477.08
-1387.332
0
0
0
0
0
-1771.924
-1311.686
-972.5511
-747.3326
-613.0848
-1370.718
-1433.41
-1477.395
-1477.177
-1387.559
0
0
0
0
0
-735.8925
-25.12258
-1935.606
-1638.322
-1488.348
-1372.121
-1434.904
-1479.22
-1479.75
-1391.596
0
0
0
0
0
-930.1
-330.1199
331.931
-1733.97
-1488.219
-1372.349
-1435.21
-1479.791
-1480.898
-1393.9
0
0
0
0
0
-1117.426
-533.3634
61.92745
673.2177
-1697.947
-1372.729
-1435.73
-1480.776
-1482.896
-1397.904
0
0
0
0
0
-1217.135
-636.979
-106.3235
369.0348
835.0098
-1373.32
-1436.529
-1482.316
-1486.024
-1404.19
0
0
0
0
0
-1270.96
-707.1782
-181.9215
294.6423
599.9271
-1374.066
-1437.593
-1484.345
-1490.193
-1412.545
0
0
0
0
0
-1171.034
-744.1411
-240.5625
231.6162
540.501
-1374.798
-1438.606
-1486.379
-1494.244
-1420.712
0
0
0
0
0
-1132.473
-639.8004
-299.0382
148.7026
458.9927
-1375.39
-1439.436
-1487.968
-1497.69
-1427.33
0
0
0
0
0
-1079.943
-646.046
-208.1322
61.01764
349.237
-1375.786
-1440.01
-1489.094
-1499.923
-1432.278
0
0
0
0
0
-1087.76
-629.9671
-270.4032
119.6918
220.5243
-1375.988
-1440.289
-1489.689
-1501.17
-1434.653
0
0
0
0
0
-1089.908
-672.128
-292.1152
24.15323
261.8097
-1376.013
-1440.269
-1489.638
-1501.191
-1434.722
0
0
0
0
0
-1095.096
-699.3836
-355.2135
-33.50795
140.0352
-1375.768
-1439.963
-1489.007
-1499.848
-1432.286
0
0
0
0
0
-956.0614
-748.046
-400.8082
-112.0873
57.54758
-1375.364
-1439.393
-1487.884
-1497.449
-1427.348
0
0
0
0
0
-1097.288
-617.9617
-468.4595
-176.6341
-35.82101
-1374.775
-1438.574
-1486.275
-1494.119
-1420.459
0
0
0
0
0
-1268.094
-782.871
-378.2985
-255.9216
-111.3259
-1374.053
-1437.56
-1484.302
-1490.053
-1412.19
0
0
0
0
0
-1452.403
-970.5633
-570.4107
-224.6836
-219.7998
-1373.312
-1436.521
-1482.271
-1485.897
-1403.826
0
0
0
0
0
-1620.18
-1160.687
-755.1819
-427.0413
-243.1795
-1372.737
-1435.725
-1480.739
-1482.769
-1397.573
0
0
0
0
0
-1603.136
-1300.657
-926.5466
-581.7522
-424.0923
-1372.354
-1435.211
-1479.758
-1480.784
-1393.614
0
0
0
0
0
-1675.236
-1289.449
-1030.896
-727.3824
-539.2409
-1309.648
-1434.888
-1479.092
-1479.408
-1391.375
0
0
0
0
0
-1789.811
-1290.612
-950.8314
-797.954
-587.9714
-1385.223
-1370.661
-1477.383
-1477.076
-1387.332
0
0
0
0
0
-1812.939
-1383.063
-981.4075
-693.5863
-627.4339
-1370.718
-1433.41
-1477.395
-1477.183
-1387.543
0
0
0
0
0
-964.4971
-361.6186
303.1095
-1638.668
-1488.397
-1372.121
-1434.903
-1479.218
-1479.75
-1391.624
0
0
0
0
0
-1145.156
-550.2829
-4.590214
612.0403
-1590.684
-1372.349
-1435.209
-1479.786
-1480.892
-1393.905
0
0
0
0
0
-1317.879
-744.2262
-214.9962
333.729
808.0313
-1372.737
-1435.728
-1480.773
-1482.881
-1397.892
0
0
0
0
0
-1393.097
-836.597
-315.0285
162.5904
469.163
-1373.317
-1436.544
-1482.309
-1486.013
-1404.141
0
0
0
0
0
-1326.21
-882.5116
-381.8743
89.54385
401.4387
-1374.07
-1437.587
-1484.388
-1490.172
-1412.511
0
0
0
0
0
-1248.408
-774.6921
-415.8819
32.57613
343.4667
-1374.8
-1438.612
-1486.362
-1494.371
-1420.665
0
0
0
0
0
-1158.972
-731.9741
-308.9729
-24.89061
265.0393
-1375.378
-1439.439
-1487.981
-1497.63
-1427.668
0
0
0
0
0
-1140.395
-682.7112
-321.6958
67.65736
181.4416
-1375.774
-1439.99
-1489.102
-1499.952
-1432.171
0
0
0
0
0
-1113.442
-694
-312.1256
-7.685905
243.0296
-1376.013
-1440.269
-1489.638
-1501.19
-1434.722
0
0
0
0
0
-1095.096
-699.3834
-355.2133
-33.50768
140.0357
-1376.021
-1440.306
-1489.591
-1501.062
-1434.774
0
0
0
0
0
-928.653
-712.018
-381.7516
-93.19598
76.05225
-1375.78
-1439.96
-1488.986
-1499.729
-1431.979
0
0
0
0
0
-1036.265
-563.4549
-432.2249
-136.5223
3.329944
-1375.363
-1439.396
-1487.876
-1497.411
-1427.066
0
0
0
0
0
-1191.345
-700.9656
-292.2678
-200.8528
-56.2764
-1374.778
-1438.574
-1486.279
-1494.106
-1420.343
0
0
0
0
0
-1364.645
-867.7783
-451.5706
-101.5035
-133.4373
-1374.058
-1437.564
-1484.302
-1490.058
-1412.174
0
0
0
0
0
-1549.462
-1060.291
-640.3
-292.7555
-98.23077
-1373.318
-1436.527
-1482.278
-1485.898
-1403.83
0
0
0
0
0
-1525.603
-1233.241
-834.3552
-477.8098
-301.4722
-1372.753
-1435.732
-1480.748
-1482.781
-1397.584
0
0
0
0
0
-1613.978
-1222.53
-976.0858
-651.3587
-457.6553
-1309.88
-1435.194
-1479.766
-1480.802
-1393.637
0
0
0
0
0
-1741.565
-1299.117
-967.5067
-756.8174
-606.5971
-1386.553
-1372.15
-1479.113
-1479.405
-1390.79
0
0
0
0
0
-1819.576
-1411.317
-959.8342
-671.5359
-678.9459
-1447.416
-1418.043
-1477.093
-1387.31
0
0
0
0
0
-1942.36
-1419.075
-1049.83
-702.4668
-574.7591
-1370.718
-1433.409
-1477.393
-1477.184
-1387.563
0
0
0
0
0
-1179.142
-585.97
-36.48219
583.1396
-1488.808
-1372.121
-1434.902
-1479.214
-1479.744
-1391.628
0
0
0
0
0
-1344.496
-762.112
-222.1676
267.4167
747.0684
-1372.355
-1435.207
-1479.783
-1480.878
-1393.894
0
0
0
0
0
-1491.412
-941.5355
-423.7403
53.62975
435.3975
-1372.736
-1435.739
-1480.767
-1482.871
-1397.849
0
0
0
0
0
-1465.835
-1009.574
-512.7298
-43.36779
269.865
-1373.321
-1436.54
-1482.343
-1485.996
-1404.11
0
0
0
0
0
-1381.763
-934.8421
-555.3646
-107.9173
202.3217
-1374.071
-1437.593
-1484.374
-1490.279
-1412.469
0
0
0
0
0
-1260.602
-851.2399
-444.2944
-140.3806
150.0055
-1374.789
-1438.614
-1486.374
-1494.33
-1420.971
0
0
0
0
0
-1215.429
-759.8294
-401.6354
-31.84804
96.65595
-1375.367
-1439.42
-1487.987
-1497.659
-1427.531
0
0
0
0
0
-1164.158
-744.5704
-360.0726
-53.9833
194.177
-1375.77
-1439.971
-1489.052
-1499.971
-1432.239
0
0
0
0
0
-1135.186
-720.6111
-374.7903
-52.64116
108.6029
-1376.021
-1440.306
-1489.591
-1501.062
-1434.774
0
0
0
0
0
-928.6512
-712.0174
-381.7515
-93.19585
76.0525
-1376.012
-1440.32
-1489.67
-1500.939
-1434.456
0
0
0
0
0
-1020.314
-536.3119
-401.7497
-118.0411
21.85894
-1375.78
-1439.979
-1488.98
-1499.677
-1431.677
0
0
0
0
0
-1136.005
-640.8468
-244.5848
-169.8129
-17.98632
-1375.366
-1439.396
-1487.882
-1497.395
-1426.976
0
0
0
0
0
-1296.997
-795.9543
-380.0325
-22.18623
-81.75468
-1374.783
-1438.578
-1486.279
-1494.116
-1420.323
0
0
0
0
0
-1484.147
-969.0344
-537.2259
-175.4203
24.34749
-1374.065
-1437.571
-1484.31
-1490.061
-1412.187
0
0
0
0
0
-1438.381
-1157.533
-732.7601
-363.9372
-168.2667
-1373.326
-1436.534
-1482.291
-1485.914
-1403.844
0
0
0
0
0
-1539.237
-1140.145
-906.8825
-558.8968
-354.1835
-1310.286
-1435.747
-1480.758
-1482.805
-1397.614
0
0
0
0
0
-1675.38
-1233.584
-898.875
-701.2378
-529.6484
-1380.553
-1372.462
-1479.689
-1480.812
-1393.683
0
0
0
0
0
-1751.513
-1359.905
-977.2773
-694.2587
-636.8259
-1448.818
-1419.812
-1479.416
-1390.768
0
0
0
0
0
-1915.753
-1435.634
-1087.44
-680.5934
-551.9847
-1489.712
-1423.876
-1387.315
0
0
0
0
0
-2021.89
-1557.634
-1082.825
-767.2531
-583.7393
-1370.743
-1433.409
-1477.391
-1477.181
-1387.572
0
0
0
0
0
-1377.346
-797.455
-258.2899
235.3393
718.1025
-1372.1
-1434.901
-1479.211
-1479.732
-1391.617
0
0
0
0
0
-1516.926
-958.6883
-432.1879
53.25409
368.9225
-1372.354
-1435.216
-1479.778
-1480.869
-1393.857
0
0
0
0
0
-1575.901
-1112.292
-619.255
-152.4888
160.8433
-1372.738
-1435.736
-1480.793
-1482.857
-1397.821
0
0
0
0
0
-1504.078
-1079.669
-684.0046
-238.7193
69.65592
-1373.322
-1436.544
-1482.332
-1486.08
-1404.075
0
0
0
0
0
-1375.374
-989.4362
-605.7909
-279.1695
10.17308
-1374.062
-1437.595
-1484.385
-1490.245
-1412.729
0
0
0
0
0
-1311.715
-864.4345
-521.0679
-166.0358
-17.91548
-1374.779
-1438.597
-1486.379
-1494.358
-1420.879
0
0
0
0
0
-1236.372
-817.9038
-431.0842
-126.2513
95.50702
-1375.364
-1439.402
-1487.941
-1497.674
-1427.598
0
0
0
0
0
-1183.996
-769.4003
-420.9051
-95.37698
64.5861
-1375.768
-1439.963
-1489.007
-1499.847
-1432.285
0
0
0
0
0
-956.0569
-748.0443
-400.8076
-112.0866
57.54831
-1376.012
-1440.32
-1489.669
-1500.939
-1434.456
0
0
0
0
0
-1020.313
-536.3102
-401.7492
-118.041
21.85906
-1376.011
-1440.303
-1489.708
-1501.121
-1434.142
0
0
0
0
0
-1122.491
-623.286
-215.7469
-147.3922
0.31086
-1375.782
-1439.978
-1489.022
-1499.665
-1431.546
0
0
0
0
0
-1248.273
-741.5018
-321.3154
20.50051
-52.52755
-1375.372
-1439.4
-1487.883
-1497.409
-1426.949
0
0
0
0
0
-1430.923
-906.2396
-475.5995
-115.2503
100.3295
-1374.789
-1438.585
-1486.288
-1494.121
-1420.347
0
0
0
0
0
-1359.655
-1088.682
-641.1545
-262.5026
-52.47253
-1374.065
-1437.579
-1484.326
-1490.08
-1412.207
0
0
0
0
0
-1456.241
-1048.338
-829.8386
-457.8771
-241.5662
-1310.871
-1436.542
-1482.303
-1485.946
-1403.881
0
0
0
0
0
-1592.515
-1154.042
-814.8495
-631.7038
-436.6304
-1310.695
-1373.024
-1480.769
-1482.819
-1397.676
0
0
0
0
0
-1655.739
-1289.391
-910.0708
-624.8208
-580.0799
-1441.78
-1420.396
-1480.579
-1393.695
0
0
0
0
0
-1859.835
-1364.208
-1034.725
-704.1661
-575.1137
-1491.374
-1426.241
-1390.763
0
0
0
0
0
-1998.296
-1529.082
-1108.409
-811.2519
-561.2215
-1487.298
-1341.7
0
0
0
0
0
-2000.7
-1637.633
-1229.927
-796.5642
-642.0717
-1370.721
-1433.447
-1477.388
-1477.172
-1387.567
0
0
0
0
0
-1548.721
-992.9568
-467.9958
16.92721
336.4602
-1372.125
-1434.869
-1479.208
-1479.723
-1391.586
0
0
0
0
0
-1608.981
-1128.677
-627.241
-154.3684
161.8134
-1372.356
-1435.214
-1479.798
-1480.858
-1393.831
0
0
0
0
0
-1603.376
-1194.344
-788.4188
-345.7738
-39.72342
-1372.739
-1435.74
-1480.785
-1482.922
-1397.793
0
0
0
0
0
-1481.979
-1116.863
-752.4075
-407.8937
-120.6449
-1373.315
-1436.545
-1482.341
-1486.054
-1404.281
0
0
0
0
0
-1420.538
-983.6002
-660.316
-327.15
-156.29
-1374.054
-1437.58
-1484.388
-1490.269
-1412.652
0
0
0
0
0
-1329.562
-917.2553
-535.502
-244.0394
-38.17128
-1374.775
-1438.582
-1486.338
-1494.368
-1420.943
0
0
0
0
0
-1253.09
-840.0463
-488.5585
-158.458
-3.456578
-1375.361
-1439.397
-1487.899
-1497.558
-1427.635
0
0
0
0
0
-1015.711
-791.3743
-445.3687
-153.4542
17.60977
-1375.78
-1439.96
-1488.986
-1499.729
-1431.978
0
0
0
0
0
-1036.264
-563.4505
-432.2232
-136.5217
3.330658
-1376.011
-1440.303
-1489.708
-1501.121
-1434.142
0
0
0
0
0
-1122.492
-623.2856
-215.7452
-147.3917
0.3109683
-1376.013
-1440.302
-1489.663
-1501.235
-1434.551
0
0
0
0
0
-1238.078
-726.4234
-298.8095
51.27349
-35.38976
-1375.817
-1439.981
-1489.022
-1499.766
-1431.533
0
0
0
0
0
-1396.999
-858.3299
-422.5172
-56.93968
141.2654
-1375.378
-1439.408
-1487.89
-1497.416
-1426.983
0
0
0
0
0
-1296.52
-1036.613
-588.429
-212.1132
2.480246
-1374.786
-1438.594
-1486.305
-1494.141
-1420.373
0
0
0
0
0
-1381.572
-966.4532
-760.5064
-367.5466
-141.767
-1311.623
-1437.579
-1484.34
-1490.119
-1412.25
0
0
0
0
0
-1501.617
-1066.487
-721.9015
-555.0951
-335.7963
-1310.832
-1373.832
-1482.305
-1485.965
-1403.961
0
0
0
0
0
-1534.965
-1201.594
-828.9544
-540.4422
-509.6698
-1373.373
-1421.489
-1482.822
-1397.695
0
0
0
0
0
-1777.063
-1263.843
-962.5406
-636.2432
-504.3198
-1481.754
-1427.416
-1393.085
0
0
0
0
0
-1947.75
-1470.062
-1035.605
-757.9246
-585.3741
-1489.527
-1345.195
0
0
0
0
0
-1976.35
-1612.121
-1200.476
-828.3757
-687.1833
-1394.965
0
0
0
0
0
-2005.269
-1617.155
-1310.155
-948.795
-664.8799
-1370.721
-1433.412
-1477.481
-1477.164
-1387.543
0
0
0
0
0
-1643.818
-1161.947
-662.0027
-190.4104
125.1408
-1372.101
-1434.907
-1479.127
-1479.716
-1391.562
0
0
0
0
0
-1631.241
-1218.603
-795.8754
-347.3985
-40.41278
-1372.356
-1435.217
-1479.793
-1480.908
-1393.809
0
0
0
0
0
-1568.879
-1220.711
-868.9295
-512.9479
-228.1754
-1372.733
-1435.74
-1480.792
-1482.903
-1397.956
0
0
0
0
0
-1519.63
-1094.917
-789.3156
-474.1215
-285.2832
-1373.308
-1436.534
-1482.342
-1486.074
-1404.223
0
0
0
0
0
-1435.66
-1030.526
-655.2702
-382.3158
-199.4178
-1374.051
-1437.568
-1484.353
-1490.276
-1412.71
0
0
0
0
0
-1338.26
-936.3486
-588.0732
-260.6887
-119.6494
-1374.773
-1438.575
-1486.3
-1494.264
-1420.971
0
0
0
0
0
-1108.221
-858.752
-510.6099
-213.8308
-40.64669
-1375.364
-1439.393
-1487.884
-1497.448
-1427.347
0
0
0
0
0
-1097.287
-617.9557
-468.4577
-176.6336
-35.82044
-1375.78
-1439.979
-1488.98
-1499.677
-1431.676
0
0
0
0
0
-1136.005
-640.8458
-244.5806
-169.8113
-17.98571
-1376.013
-1440.302
-1489.663
-1501.235
-1434.551
0
0
0
0
0
-1238.078
-726.4239
-298.8091
51.27513
-35.3893
-1376.019
-1440.305
-1489.662
-1501.109
-1434.877
0
0
0
0
0
-1382.465
-846.4918
-402.5928
-29.94357
172.3636
-1375.785
-1440.033
-1489.028
-1499.771
-1431.773
0
0
0
0
0
-1255.92
-1007.709
-541.7969
-159.4594
60.08592
-1375.421
-1439.417
-1487.909
-1497.432
-1427.016
0
0
0
0
0
-1321.589
-904.8121
-713.5526
-325.7314
-96.53622
-1312.858
-1438.59
-1486.321
-1494.183
-1420.417
0
0
0
0
0
-1421.298
-988.6846
-639.7471
-486.8761
-246.2578
-1311.575
-1374.883
-1484.334
-1490.145
-1412.347
0
0
0
0
0
-1402.527
-1105.992
-740.3136
-447.928
-432.7921
-1373.783
-1423.044
-1485.959
-1403.99
0
0
0
0
0
-1672.116
-1137.818
-873.1937
-554.9144
-418.7214
-1421.748
-1429.687
-1397.687
0
0
0
0
0
-1871.431
-1382.945
-933.4983
-685.1947
-516.3614
-1476.961
-1347.536
0
0
0
0
0
-1924.301
-1558.5
-1140.269
-755.0048
-633.2293
-1398.281
0
0
0
0
0
-1984.335
-1590.84
-1283.717
-918.9611
-697.9971
0
0
0
0
0
-1930.579
-1623.443
-1290.16
-1029.11
-815.6279
-1370.722
-1433.412
-1477.393
-1477.404
-1387.521
0
0
0
0
0
-1663.663
-1254.97
-829.6644
-382.4246
-76.86099
-1372.101
-1434.869
-1479.219
-1479.508
-1391.547
0
0
0
0
0
-1629.252
-1239.876
-884.5027
-514.2277
-228.7791
-1372.352
-1435.217
-1479.797
-1480.895
-1393.936
0
0
0
0
0
-1598.39
-1185.993
-894.8644
-591.4746
-391.0224
-1372.729
-1435.731
-1480.792
-1482.917
-1397.912
0
0
0
0
0
-1531.119
-1134.317
-767.7758
-511.2125
-347.1246
-1373.305
-1436.524
-1482.315
-1486.076
-1404.27
0
0
0
0
0
-1434.263
-1046.932
-702.3271
-378.8113
-256.7636
-1374.049
-1437.561
-1484.321
-1490.187
-1412.727
0
0
0
0
0
-1228.684
-946.7421
-607.2646
-311.8142
-140.4288
-1374.775
-1438.572
-1486.282
-1494.166
-1420.711
0
0
0
0
0
-1184.196
-709.1754
-530.4059
-235.014
-92.25952
-1375.363
-1439.396
-1487.876
-1497.411
-1427.066
0
0
0
0
0
-1191.346
-700.9646
-292.2619
-200.851
-56.27599
-1375.782
-1439.978
-1489.022
-1499.665
-1431.546
0
0
0
0
0
-1248.276
-741.5026
-321.3142
20.50458
-52.52596
-1376.019
-1440.305
-1489.662
-1501.109
-1434.877
0
0
0
0
0
-1382.466
-846.4919
-402.5934
-29.94315
172.3652
-1376.029
-1440.314
-1489.667
-1501.112
-1434.535
0
0
0
0
0
-1237.996
-993.3666
-525.0645
-135.1456
88.00205
-1375.816
-1439.984
-1489.145
-1499.785
-1431.803
0
0
0
0
0
-1283.068
-869.5557
-691.3738
-279.3292
-44.56702
-1374.91
-1439.48
-1487.926
-1497.481
-1427.051
0
0
0
0
0
-1358.13
-930.1878
-583.4655
-446.5328
-208.9947
-1312.342
-1376.372
-1486.314
-1494.212
-1420.524
0
0
0
0
0
-1285.611
-1022.475
-662.2807
-366.9607
-364.9312
-1374.822
-1425.09
-1490.128
-1412.388
0
0
0
0
0
-1556.963
-1000.377
-776.5248
-466.8551
-325.5583
-1422.956
-1432.854
-1403.974
0
0
0
0
0
-1771.872
-1272.999
-805.8466
-595.8927
-434.188
-1429.813
-1352.199
0
0
0
0
0
-1845.751
-1477.88
-1051.672
-652.4731
-559.8744
-1384.742
0
0
0
0
0
-1939.099
-1535.653
-1228.82
-858.4368
-624.3905
0
0
0
0
0
-1950.808
-1600.531
-1262.901
-1002.203
-785.542
0
0
0
0
-1978.668
-1537.878
-1297.376
-1009.82
-895.3836
-1370.722
-1433.412
-1477.393
-1477.178
-1388.129
0
0
0
0
0
-1621.085
-1273.805
-921.4265
-548.31
-264.2788
-1372.123
-1434.869
-1479.125
-1479.745
-1391.028
0
0
0
0
0
-1655.167
-1245.496
-905.3873
-601.088
-391.4433
-1372.348
-1435.21
-1479.796
-1480.904
-1393.907
0
0
0
0
0
-1605.858
-1217.188
-860.231
-617.2777
-465.5018
-1372.726
-1435.723
-1480.77
-1482.918
-1397.948
0
0
0
0
0
-1521.176
-1147.11
-807.5886
-490.6332
-385.3416
-1373.304
-1436.519
-1482.289
-1486.006
-1404.278
0
0
0
0
0
-1367.683
-1046.882
-719.0433
-425.1724
-256.3646
-1374.05
-1437.559
-1484.306
-1490.104
-1412.505
0
0
0
0
0
-1299.054
-833.0505
-618.6131
-330.5099
-188.8906
-1374.774
-1438.574
-1486.275
-1494.119
-1420.459
0
0
0
0
0
-1268.096
-782.8701
-378.2927
-255.9197
-111.3253
-1375.366
-1439.396
-1487.882
-1497.395
-1426.976
0
0
0
0
0
-1297.003
-795.9559
-380.0314
-22.18043
-81.75293
-1375.817
-1439.981
-1489.021
-1499.766
-1431.533
0
0
0
0
0
-1397.005
-858.3323
-422.5182
-56.93835
141.2694
-1376.029
-1440.314
-1489.667
-1501.112
-1434.535
0
0
0
0
0
-1238.022
-993.3686
-525.0644
-135.1462
88.00247
-1376.016
-1440.328
-1489.689
-1501.123
-1434.559
0
0
0
0
0
-1266.196
-851.966
-675.2804
-258.1141
-19.32826
-1375.809
-1440.031
-1489.031
-1500.065
-1431.833
0
0
0
0
0
-1318.029
-896.9788
-555.1831
-429.2214
-162.9218
-1312.919
-1438.992
-1488.065
-1497.513
-1427.172
0
0
0
0
0
-1193.827
-960.7686
-609.1403
-317.4576
-327.6668
-1375.9
-1427.507
-1494.202
-1420.571
0
0
0
0
0
-1452.054
-880.0192
-692.8229
-390.1105
-244.7489
-1424.982
-1437.049
-1412.359
0
0
0
0
0
-1659.214
-1153.15
-667.3033
-500.0784
-345.9089
-1432.672
-1358.538
0
0
0
0
0
-1743.579
-1373.335
-940.3945
-525.0632
-470.4414
-1352.12
0
0
0
0
0
-1870.193
-1452.706
-1146.585
-769.7717
-521.9033
0
0
0
0
0
-1909.894
-1552.14
-1206.442
-946.7727
-724.9251
0
0
0
0
-1962.686
-1568.238
-1273.474
-982.0972
-867.9919
0
0
0
-1975.955
-1586.855
-1202.915
-1018.125
-877.4441
-1370.72
-1433.412
-1477.392
-1477.177
-1387.565
0
0
0
0
0
-1641.538
-1230.815
-939.8262
-638.3555
-426.0649
-1372.12
-1434.903
-1479.125
-1479.503
-1391.628
0
0
0
0
0
-1659.261
-1277.026
-914.1263
-621.7361
-474.4878
-1372.346
-1435.204
-1479.779
-1480.902
-1393.929
0
0
0
0
0
-1589.89
-1225.946
-892.016
-583.1427
-491.6976
-1372.725
-1435.719
-1480.749
-1482.86
-1397.95
0
0
0
0
0
-1491.234
-1138.234
-820.862
-530.333
-366.9669
-1373.305
-1436.517
-1482.276
-1485.938
-1404.099
0
0
0
0
0
-1427.772
-976.9398
-719.7887
-441.828
-301.3371
-1374.05
-1437.56
-1484.3
-1490.064
-1412.291
0
0
0
0
0
-1367.341
-901.3512
-502.6251
-342.8742
-206.2111
-1374.777
-1438.574
-1486.279
-1494.106
-1420.343
0
0
0
0
0
-1364.654
-867.7799
-451.5698
-101.4978
-133.4355
-1375.372
-1439.399
-1487.883
-1497.409
-1426.949
0
0
0
0
0
-1430.933
-906.245
-475.6015
-115.249
100.3352
-1375.785
-1440.033
-1489.028
-1499.771
-1431.773
0
0
0
0
0
-1255.994
-1007.715
-541.7981
-159.4608
60.0873
-1376.016
-1440.328
-1489.689
-1501.123
-1434.559
0
0
0
0
0
-1266.192
-851.9922
-675.2826
-258.1138
-19.32891
-1376.014
-1440.309
-1489.719
-1501.181
-1434.583
0
0
0
0
0
-1300.58
-880.4265
-535.9025
-411.1189
-140.6088
-1313.315
-1440.013
-1489.135
-1499.786
-1432.483
0
0
0
0
0
-1133.855
-925.9528
-582.8837
-294.2073
-311.872
-1376.701
-1487.56
-1497.848
-1427.224
0
0
0
0
0
-1369.535
-789.4857
-636.4937
-343.7864
-198.2862
-1427.103
-1441.523
-1420.565
0
0
0
0
0
-1554.278
-1045.074
-546.7512
-417.9034
-269.6254
-1436.826
-1366.97
0
0
0
0
0
-1629.151
-1255.963
-819.8139
-387.6551
-375.1913
-1358.155
0
0
0
0
0
-1779.276
-1345.419
-1040.463
-659.1443
-395.354
0
0
0
0
0
-1856.743
-1478.794
-1121.902
-864.1157
-636.559
0
0
0
0
-1970.414
-1524.135
-1223.737
-925.1597
-811.9479
0
0
0
-1951.419
-1569.41
-1242.492
-993.6868
-849.2698
0
0
-1968.789
-1581.808
-1252.435
-918.6016
-887.7019
-1370.718
-1433.408
-1477.391
-1477.173
-1387.565
0
0
0
0
0
-1644.085
-1252.954
-896.7321
-656.4245
-512.3937
-1372.118
-1434.898
-1479.206
-1479.501
-1391.02
0
0
0
0
0
-1639.594
-1282.39
-953.127
-629.3825
-495.0822
-1372.346
-1435.2
-1479.762
-1480.856
-1393.928
0
0
0
0
0
-1585.908
-1210.84
-901.3524
-615.2116
-459.1129
-1372.726
-1435.718
-1480.738
-1482.806
-1397.802
0
0
0
0
0
-1543.459
-1105.601
-812.6581
-543.8977
-406.2916
-1373.305
-1436.518
-1482.272
-1485.904
-1403.924
0
0
0
0
0
-1476.011
-1035.207
-647.8727
-443.4973
-317.5038
-1374.053
-1437.56
-1484.302
-1490.053
-1412.19
0
0
0
0
0
-1452.413
-970.5653
-570.4098
-224.6791
-219.7983
-1374.782
-1438.578
-1486.279
-1494.116
-1420.323
0
0
0
0
0
-1484.163
-969.044
-537.2276
-175.4194
24.35309
-1375.378
-1439.408
-1487.89
-1497.416
-1426.983
0
0
0
0
0
-1296.631
-1036.624
-588.4333
-212.1155
2.481591
-1375.816
-1439.984
-1489.145
-1499.785
-1431.803
0
0
0
0
0
-1283.049
-869.6303
-691.3809
-279.3293
-44.56846
-1376.014
-1440.309
-1489.719
-1501.181
-1434.583
0
0
0
0
0
-1300.596
-880.4167
-535.9287
-411.1212
-140.6084
-1313.515
-1440.3
-1489.675
-1501.244
-1434.732
0
0
0
0
0
-1106.148
-908.8379
-564.6426
-272.9448
-293.316
-1377.25
-1489.075
-1500.035
-1431.813
0
0
0
0
0
-1306.677
-734.6093
-608.6327
-322.573
-176.572
-1428.651
-1497.234
-1428.019
0
0
0
0
0
-1462.577
-967.9526
-461.5511
-368.5375
-226.5252
-1441.232
-1375.553
0
0
0
0
0
-1525.999
-1147.827
-711.9062
-268.8904
-294.0836
-1366.502
0
0
0
0
0
-1676.011
-1226.163
-922.0361
-540.1923
-259.7216
0
0
0
0
0
-1793.415
-1382.63
-1013.08
-758.0801
-527.0308
0
0
0
0
-1926.28
-1466.723
-1148.667
-840.3086
-728.7143
0
0
0
-1943.896
-1586.233
-1197.172
-943.3357
-791.8172
0
0
-1944.412
-1555.662
-1234.54
-964.5598
-862.6901
0
-2107.691
-1575.207
-1245.714
-968.7728
-789.7149
-1370.741
-1433.404
-1477.38
-1477.17
-1387.555
0
0
0
0
0
-1623.04
-1256.877
-919.6666
-613.4488
-530.1961
-1372.118
-1434.894
-1479.191
-1479.709
-1391.015
0
0
0
0
0
-1651.587
-1263.456
-959.1219
-676.9085
-501.3803
-1372.346
-1435.199
-1479.752
-1480.81
-1393.808
0
0
0
0
0
-1633.77
-1204.658
-886.8162
-625.0636
-491.5175
-1372.726
-1435.718
-1480.735
-1482.776
-1397.659
0
0
0
0
0
-1573.198
-1156.246
-778.3611
-536.5428
-420.0879
-1373.307
-1436.518
-1482.272
-1485.896
-1403.837
0
0
0
0
0
-1547.871
-1084.285
-705.5157
-369.5363
-320.4802
-1374.058
-1437.564
-1484.302
-1490.058
-1412.174
0
0
0
0
0
-1549.482
-1060.302
-640.302
-292.7546
-98.22635
-1374.789
-1438.585
-1486.288
-1494.121
-1420.347
0
0
0
0
0
-1359.787
-1088.699
-641.1649
-262.5043
-52.47173
-1375.421
-1439.417
-1487.909
-1497.432
-1427.016
0
0
0
0
0
-1321.548
-904.9241
-713.564
-325.7342
-96.53874
-1375.809
-1440.031
-1489.031
-1500.065
-1431.833
0
0
0
0
0
-1318.073
-896.9459
-555.2574
-429.229
-162.9214
-1313.515
-1440.3
-1489.675
-1501.244
-1434.732
0
0
0
0
0
-1106.153
-908.8527
-564.6285
-272.9706
-293.3182
-1377.528
-1489.637
-1501.14
-1434.854
0
0
0
0
0
-1267.311
-707.167
-589.8789
-302.367
-154.8571
-1429.714
-1499.87
-1432.402
0
0
0
0
0
-1345.712
-906.3011
-413.5691
-345.8291
-206.9537
-1444.387
-1427.094
0
0
0
0
0
-1445.57
-1061.372
-645.594
-190.808
-248.3447
-1375.486
0
0
0
0
0
-1582.253
-1119.777
-813.7928
-434.5798
-143.0433
0
0
0
0
0
-1725.267
-1274.355
-892.8703
-640.5615
-410.1222
0
0
0
0
-1879.303
-1398.563
-1050.722
-731.7587
-622.4696
0
0
0
-1873.415
-1537.827
-1138.329
-867.7265
-706.5821
0
0
-1891.442
-1557.645
-1260.384
-918.8532
-811.5671
0
-2087.936
-1549.267
-1219.042
-950.7201
-836.9701
-2394.433
-1717.275
-1239.505
-959.8978
-840.8559
-1370.741
-1433.441
-1477.369
-1477.142
-1387.55
0
0
0
0
0
-1642.934
-1236.608
-924.3434
-637.0308
-488.0494
-1372.118
-1434.893
-1479.182
-1479.668
-1391.534
0
0
0
0
0
-1697.452
-1273.566
-940.691
-683.5491
-553.6662
-1372.346
-1435.199
-1479.749
-1480.783
-1393.686
0
0
0
0
0
-1648.239
-1251.119
-879.2062
-611.3014
-502.0898
-1372.728
-1435.718
-1480.734
-1482.769
-1397.583
0
0
0
0
0
-1633.188
-1186.704
-828.3344
-500.3829
-414.0911
-1373.312
-1436.521
-1482.271
-1485.897
-1403.826
0
0
0
0
0
-1620.202
-1160.698
-755.1838
-427.0404
-243.1765
-1374.064
-1437.571
-1484.31
-1490.061
-1412.187
0
0
0
0
0
-1438.514
-1157.553
-732.7716
-363.9392
-168.2658
-1374.786
-1438.594
-1486.305
-1494.141
-1420.373
0
0
0
0
0
-1381.509
-966.5861
-760.5228
-367.5575
-141.7687
-1374.91
-1439.48
-1487.926
-1497.481
-1427.051
0
0
0
0
0
-1358.194
-930.1265
-583.5771
-446.5443
-208.9967
-1313.315
-1440.013
-1489.135
-1499.786
-1432.483
0
0
0
0
0
-1133.871
-925.9946
-582.8383
-294.2806
-311.8795
-1377.528
-1489.637
-1501.14
-1434.854
0
0
0
0
0
-1267.317
-707.1726
-589.8925
-302.35
-154.8822
-1430.253
-1501.032
-1434.619
0
0
0
0
0
-1257.39
-869.4415
-384.5185
-325.2073
-186.3502
-1446.557
-1431.996
0
0
0
0
0
-1397.226
-953.3727
-585.7299
-148.0893
-227.5578
-1381.789
0
0
0
0
0
-1508.708
-1044.536
-737.8739
-380.3044
-69.32198
0
0
0
0
0
-1658.287
-1177.202
-786.5216
-533.9959
-306.998
0
0
0
0
-1830.241
-1325.952
-941.1907
-612.7557
-505.356
0
0
0
-1792.186
-1486.149
-1068.926
-769.6744
-598.1618
0
0
-1850.423
-1482.573
-1210.559
-859.909
-735.144
0
-2043.59
-1494.004
-1230.479
-982.984
-791.0262
-2386.699
-1695.909
-1213.032
-933.0164
-822.465
-2013.343
-1383.052
-954.1617
-828.469
-1370.741
-1433.44
-1477.457
-1477.111
-1387.475
0
0
0
0
0
-1688.054
-1254.879
-904.63
-642.4845
-512.5712
-1372.118
-1434.893
-1479.18
-1479.645
-1391.425
0
0
0
0
0
-1698.204
-1318.153
-949.5325
-665.837
-561.3223
-1372.347
-1435.198
-1479.748
-1480.777
-1393.617
0
0
0
0
0
-1702.218
-1266.152
-924.9648
-601.9869
-489.6861
-1372.731
-1435.72
-1480.733
-1482.768
-1397.574
0
0
0
0
0
-1682.471
-1251.171
-859.2767
-549.9132
-374.6848
-1373.318
-1436.527
-1482.278
-1485.898
-1403.83
0
0
0
0
0
-1525.718
-1233.264
-834.3665
-477.8118
-301.4713
-1374.065
-1437.579
-1484.326
-1490.08
-1412.207
0
0
0
0
0
-1456.16
-1048.472
-829.8593
-457.889
-241.5682
-1312.858
-1438.59
-1486.321
-1494.183
-1420.417
0
0
0
0
0
-1421.357
-988.5973
-639.8792
-486.8921
-246.2686
-1312.919
-1438.992
-1488.065
-1497.513
-1427.172
0
0
0
0
0
-1193.85
-960.828
-609.0604
-317.5677
-327.6782
-1377.25
-1489.075
-1500.035
-1431.813
0
0
0
0
0
-1306.692
-734.6255
-608.6709
-322.5195
-176.6432
-1430.253
-1501.032
-1434.619
0
0
0
0
0
-1257.393
-869.4471
-384.524
-325.22
-186.3329
-1447.657
-1434.354
0
0
0
0
0
-1374.571
-870.9762
-551.7992
-117.2815
-206.6879
-1386.133
0
0
0
0
0
-1464.45
-998.9028
-645.4541
-321.4024
-29.0385
0
0
0
0
0
-1601.677
-1108.605
-721.7689
-469.6052
-258.7977
0
0
0
0
-1776.555
-1255.993
-843.8053
-508.4222
-399.8423
0
0
0
-1705.328
-1432.776
-995.7448
-660.8779
-480.0933
0
0
-1749.797
-1396.249
-1157.707
-791.1606
-636.5786
0
-2015.929
-1460.451
-1153.87
-932.9786
-732.1026
-2367.159
-1649.129
-1157.41
-951.1932
-855.9862
-2003.52
-1361.068
-927.4526
-801.2919
-1687.713
-1098.658
-823.3627
-1370.741
-1433.439
-1477.454
-1477.335
-1387.391
0
0
0
0
0
-1721.719
-1298.787
-921.8013
-623.522
-519.2099
-1372.119
-1434.893
-1479.178
-1479.639
-1391.365
0
0
0
0
0
-1708.071
-1319.23
-993.4176
-673.0948
-544.9504
-1372.35
-1435.201
-1479.747
-1480.775
-1393.607
0
0
0
0
0
-1731.1
-1324.701
-940.3663
-647.1065
-477.2582
-1372.737
-1435.725
-1480.739
-1482.769
-1397.573
0
0
0
0
0
-1603.227
-1300.678
-926.5572
-581.7538
-424.0914
-1373.326
-1436.534
-1482.291
-1485.914
-1403.844
0
0
0
0
0
-1539.14
-1140.261
-906.9048
-558.9085
-354.1855
-1311.623
-1437.579
-1484.34
-1490.119
-1412.25
0
0
0
0
0
-1501.647
-1066.383
-722.0347
-555.1153
-335.8082
-1312.342
-1376.372
-1486.314
-1494.212
-1420.524
0
0
0
0
0
-1285.635
-1022.529
-662.172
-367.091
-364.9467
-1376.701
-1487.56
-1497.848
-1427.224
0
0
0
0
0
-1369.555
-789.5088
-636.5476
-343.6948
-198.3933
-1429.714
-1499.87
-1432.402
0
0
0
0
0
-1345.717
-906.3155
-413.585
-345.865
-206.8994
-1447.657
-1434.354
0
0
0
0
0
-1374.57
-870.9788
-551.8046
-117.2869
-206.7008
-1388.336
0
0
0
0
0
-1443.681
-973.2593
-559.4805
-293.8677
1.740203
0
0
0
0
0
-1567.22
-1066.887
-676.7673
-394.3461
-201.2124
0
0
0
0
-1722.824
-1204.55
-785.3152
-455.3282
-340.3366
0
0
0
-1620.067
-1376.175
-926.0684
-565.0715
-377.4609
0
0
-1641.64
-1304.661
-1103.84
-719.7021
-527.9096
0
-1927.626
-1354.676
-1066.257
-880.702
-664.1461
-2336.713
-1629.228
-1132.433
-874.3708
-805.8981
-1981.018
-1313.713
-871.9314
-820.9968
-1676.826
-1076.292
-796.2405
-1408.062
-968.3938
-1370.716
-1433.439
-1477.452
-1477.329
-1387.951
0
0
0
0
0
-1730.155
-1344.702
-965.0172
-639.2305
-501.5963
-1372.096
-1434.894
-1479.178
-1479.636
-1391.355
0
0
0
0
0
-1766.861
-1321.579
-994.7285
-716.2419
-549.2177
-1372.356
-1435.204
-1479.751
-1480.775
-1393.605
0
0
0
0
0
-1665.809
-1353.708
-1001.834
-663.2031
-521.6621
-1372.753
-1435.732
-1480.748
-1482.781
-1397.584
0
0
0
0
0
-1613.862
-1222.623
-976.1068
-651.3696
-457.6569
-1310.871
-1436.542
-1482.303
-1485.945
-1403.881
0
0
0
0
0
-1592.501
-1153.927
-814.9656
-631.7259
-436.6421
-1311.575
-1374.883
-1484.334
-1490.145
-1412.347
0
0
0
0
0
-1402.542
-1106.016
-740.1888
-448.0597
-432.8119
-1375.9
-1427.507
-1494.202
-1420.571
0
0
0
0
0
-1452.075
-880.0427
-692.8704
-389.9886
-244.8759
-1428.651
-1497.234
-1428.019
0
0
0
0
0
-1462.581
-967.9729
-461.5734
-368.5879
-226.4332
-1446.557
-1431.996
0
0
0
0
0
-1397.223
-953.377
-585.744
-148.1051
-227.594
-1388.336
0
0
0
0
0
-1443.68
-973.258
-559.4829
-293.8728
1.73467
0
0
0
0
0
-1550.944
-1043.099
-647.5073
-302.7473
-179.0534
0
0
0
0
-1675.952
-1172.758
-744.0371
-409.2042
-274.6385
0
0
0
-1545.404
-1327.298
-885.0052
-517.7136
-329.9578
0
0
-1538.063
-1216.161
-1047.54
-652.3723
-433.0506
0
-1832.371
-1241.837
-974.0766
-828.4765
-594.4722
-2294.901
-1535.483
-1025.459
-787.3604
-754.2046
-1946.062
-1302.48
-853.527
-744.4158
-1653.021
-1028.698
-740.5002
-1396.495
-945.3409
-1274.807
-1370.717
-1433.4
-1477.452
-1477.326
-1387.941
0
0
0
0
0
-1742.226
-1345.177
-1021.164
-681.6673
-514.3923
-1372.101
-1434.858
-1479.18
-1479.636
-1391.352
0
0
0
0
0
-1667.123
-1392.681
-989.9046
-718.0671
-591.3136
-1372.354
-1435.211
-1479.758
-1480.784
-1393.614
0
0
0
0
0
-1675.097
-1289.519
-1030.914
-727.3918
-539.2425
-1310.286
-1435.747
-1480.758
-1482.805
-1397.614
0
0
0
0
0
-1675.323
-1233.455
-898.9676
-701.2588
-529.6592
-1310.832
-1373.832
-1482.305
-1485.965
-1403.961
0
0
0
0
0
-1534.964
-1201.574
-828.8227
-540.5576
-509.6917
-1374.822
-1425.09
-1490.128
-1412.388
0
0
0
0
0
-1556.98
-1000.392
-776.542
-466.7181
-325.6875
-1427.103
-1441.523
-1420.565
0
0
0
0
0
-1554.281
-1045.095
-546.7735
-417.9469
-269.5041
-1444.387
-1427.094
0
0
0
0
0
-1445.566
-1061.375
-645.6139
-190.8299
-248.3954
-1386.133
0
0
0
0
0
-1464.448
-998.899
-645.4579
-321.4163
-29.05454
0
0
0
0
0
-1550.944
-1043.098
-647.506
-302.7494
-179.0583
0
0
0
0
-1606.681
-1153.554
-716.584
-377.7794
-184.942
0
0
0
-1463.317
-1284.825
-853.8497
-475.0501
-284.1794
0
0
-1474.804
-1146.745
-1008.651
-622.9103
-390.5755
0
-1744.162
-1138.489
-885.8166
-774.3859
-529.4181
-2241.122
-1435.164
-912.2056
-696.8986
-703.5213
-1898.434
-1207.106
-747.2206
-658.5539
-1616.221
-1023.788
-723.9067
-1371.869
-896.9435
-1262.372
-1370.722
-1433.401
-1477.357
-1477.326
-1387.938
0
0
0
0
0
-1686.876
-1357.684
-1014.052
-744.9968
-555.6132
-1372.128
-1434.862
-1479.089
-1479.642
-1391.36
0
0
0
0
0
-1675.814
-1281.711
-1071.276
-709.4182
-594.4779
-1309.88
-1435.194
-1479.766
-1480.802
-1393.637
0
0
0
0
0
-1741.475
-1298.967
-967.5769
-756.8363
-606.6066
-1310.695
-1373.024
-1480.769
-1482.819
-1397.676
0
0
0
0
0
-1655.721
-1289.33
-909.9289
-624.9134
-580.101
-1373.783
-1423.044
-1485.959
-1403.99
0
0
0
0
0
-1672.125
-1137.816
-873.1684
-554.7738
-418.8357
-1424.982
-1437.049
-1412.359
0
0
0
0
0
-1659.215
-1153.167
-667.3167
-500.0918
-345.774
-1441.232
-1375.553
0
0
0
0
0
-1525.995
-1147.83
-711.927
-268.912
-294.1276
-1381.789
0
0
0
0
0
-1508.705
-1044.531
-737.8778
-380.3239
-69.34414
0
0
0
0
0
-1567.219
-1066.885
-676.7634
-394.3491
-201.226
0
0
0
0
-1606.681
-1153.554
-716.5833
-377.778
-184.944
0
0
0
-1400.612
-1223.7
-831.1088
-445.3131
-252.8805
0
0
-1406.195
-1069.384
-970.7985
-590.7295
-347.7854
0
-1674.901
-1078.231
-827.2022
-746.62
-505.782
-2217.064
-1343.359
-814.4324
-610.912
-651.3517
-1838.833
-1105.843
-635.8575
-570.3694
-1566.501
-928.3654
-618.7745
-1334.137
-892.956
-1236.414
-1370.751
-1433.405
-1477.357
-1477.081
-1387.946
0
0
0
0
0
-1695.451
-1302.906
-1026.956
-733.9042
-621.8145
-1309.648
-1434.888
-1479.092
-1479.408
-1391.375
0
0
0
0
0
-1789.697
-1290.506
-950.8918
-797.9709
-587.9785
-1380.553
-1372.462
-1479.689
-1480.812
-1393.683
0
0
0
0
0
-1751.481
-1359.811
-977.1184
-694.3294
-636.8452
-1373.373
-1421.489
-1482.822
-1397.695
0
0
0
0
0
-1777.065
-1263.825
-962.475
-636.0954
-504.4127
-1422.956
-1432.854
-1403.974
0
0
0
0
0
-1771.871
-1273.008
-805.8437
-595.8648
-434.0515
-1436.826
-1366.97
0
0
0
0
0
-1629.149
-1255.965
-819.8303
-387.6679
-375.2064
-1375.486
0
0
0
0
0
-1582.25
-1119.773
-813.7961
-434.6003
-143.0651
0
0
0
0
0
-1601.676
-1108.602
-721.7641
-469.6094
-258.817
0
0
0
0
-1675.951
-1172.758
-744.0348
-409.2001
-274.6412
0
0
0
-1400.612
-1223.7
-831.1088
-445.3123
-252.879
0
0
-1353.22
-1014.556
-920.6619
-565.9009
-317.9227
0
-1623.711
-1006.843
-758.796
-715.1241
-474.133
-2170.175
-1274.278
-755.77
-564.2295
-628.8828
-1818.604
-1013.889
-545.9931
-486.8378
-1505.261
-828.0982
-509.7925
-1283.79
-797.4211
-1197.053
-1308.241
-1433.434
-1477.359
-1477.08
-1387.332
0
0
0
0
0
-1771.817
-1311.563
-972.6025
-747.3492
-613.0917
-1386.553
-1372.15
-1479.113
-1479.405
-1390.79
0
0
0
0
0
-1819.533
-1411.199
-959.732
-671.5978
-678.9632
-1441.78
-1420.396
-1480.579
-1393.695
0
0
0
0
0
-1859.831
-1364.175
-1034.627
-704.0034
-575.1856
-1421.748
-1429.687
-1397.687
0
0
0
0
0
-1871.428
-1382.947
-933.4784
-685.1275
-516.2191
-1432.672
-1358.538
0
0
0
0
0
-1743.58
-1373.334
-940.4033
-525.0599
-470.4164
-1366.502
0
0
0
0
0
-1676.009
-1226.161
-922.0378
-540.2085
-259.7349
0
0
0
0
0
-1658.287
-1177.2
-786.5173
-533.9993
-307.0184
0
0
0
0
-1722.823
-1204.55
-785.3123
-455.3232
-340.3411
0
0
0
-1463.317
-1284.824
-853.8496
-475.0477
-284.1751
0
0
-1353.219
-1014.556
-920.6616
-565.9009
-317.9219
0
-1600.034
-956.3037
-710.5496
-673.2192
-449.5153
-2144.917
-1224.962
-683.5681
-506.6363
-602.4299
-1765.645
-949.8944
-487.7394
-445.9376
-1490.104
-737.7543
-425.0529
-1222.807
-697.9337
-1145.232
-1385.223
-1370.661
-1477.383
-1477.076
-1387.332
0
0
0
0
0
-1812.897
-1382.959
-981.288
-693.6393
-627.4511
-1448.818
-1419.812
-1479.416
-1390.768
0
0
0
0
0
-1915.745
-1435.591
-1087.318
-680.4967
-552.0488
-1481.754
-1427.416
-1393.084
0
0
0
0
0
-1947.745
-1470.058
-1035.571
-757.8257
-585.218
-1429.813
-1352.199
0
0
0
0
0
-1845.755
-1477.877
-1051.674
-652.4529
-559.8111
-1358.155
0
0
0
0
0
-1779.276
-1345.421
-1040.463
-659.153
-395.3515
0
0
0
0
0
-1725.269
-1274.353
-892.8684
-640.5632
-410.1384
0
0
0
0
-1776.554
-1255.994
-843.8024
-508.4177
-399.8459
0
0
0
-1545.404
-1327.297
-885.0059
-517.7107
-329.9526
0
0
-1406.194
-1069.384
-970.7975
-590.7296
-347.7829
0
-1600.034
-956.3035
-710.5496
-673.2189
-449.5154
-2133.608
-1203.683
-639.9191
-462.2539
-565.0195
-1736.952
-905.1108
-416.2227
-394.8788
-1434.099
-680.7954
-367.9556
-1211.894
-608.8372
-1083.614
-1447.416
-1418.043
-1477.093
-1387.31
0
0
0
0
0
-1942.35
-1419.034
-1049.727
-702.3527
-574.8146
-1491.374
-1426.241
-1390.763
0
0
0
0
0
-1998.29
-1529.073
-1108.365
-811.1298
-561.1339
-1476.961
-1347.536
0
0
0
0
0
-1924.307
-1558.495
-1140.265
-754.9707
-633.1348
-1352.12
0
0
0
0
0
-1870.194
-1452.711
-1146.582
-769.773
-521.8844
0
0
0
0
0
-1793.419
-1382.63
-1013.081
-758.0792
-527.0397
0
0
0
0
-1830.24
-1325.955
-941.1889
-612.7537
-505.3579
0
0
0
-1620.067
-1376.175
-926.07
-565.0686
-377.4561
0
0
-1474.803
-1146.745
-1008.65
-622.9112
-390.5726
0
-1623.711
-1006.842
-758.796
-715.1233
-474.133
-2133.608
-1203.683
-639.9189
-462.254
-565.0193
-1724.131
-886.2204
-382.9051
-354.0878
-1403.793
-640.872
-297.683
-1155.036
-555.6373
-1073.644
-1489.712
-1423.876
-1387.315
0
0
0
0
0
-2021.884
-1557.623
-1082.784
-767.1538
-583.6342
-1489.527
-1345.195
0
0
0
0
0
-1976.356
-1612.114
-1200.467
-828.3317
-687.066
-1384.742
0
0
0
0
0
-1939.102
-1535.659
-1228.815
-858.4321
-624.3579
0
0
0
0
0
-1856.749
-1478.796
-1121.906
-864.1123
-636.5606
0
0
0
0
-1879.304
-1398.567
-1050.722
-731.7603
-622.4689
0
0
0
-1705.329
-1432.776
-995.7478
-660.8761
-480.0911
0
0
-1538.062
-1216.162
-1047.539
-652.3741
-433.0477
0
-1674.901
-1078.229
-827.2027
-746.6194
-505.7829
-2144.916
-1224.961
-683.5672
-506.6363
-602.4291
-1724.131
-886.2204
-382.9049
-354.0879
-1390.325
-622.7421
-270.4101
-1124.384
-517.9026
-1016.441
-1487.298
-1341.7
0
0
0
0
0
-2000.707
-1637.626
-1229.916
-796.5244
-641.9782
-1398.281
0
0
0
0
0
-1984.338
-1590.847
-1283.711
-918.9524
-697.9546
0
0
0
0
0
-1909.9
-1552.143
-1206.448
-946.7677
-724.9208
0
0
0
0
-1926.281
-1466.729
-1148.668
-840.3131
-728.7112
0
0
0
-1792.187
-1486.15
-1068.93
-769.6745
-598.1634
0
0
-1641.638
-1304.662
-1103.841
-719.7054
-527.9078
0
-1744.162
-1138.488
-885.8173
-774.3856
-529.4198
-2170.175
-1274.278
-755.7692
-564.2301
-628.8823
-1736.951
-905.1105
-416.2219
-394.8788
-1390.325
-622.7421
-270.4099
-1110.856
-500.1151
-985.4865
-1394.965
0
0
0
0
0
-2005.273
-1617.162
-1310.148
-948.7843
-664.8421
0
0
0
0
0
-1950.815
-1600.535
-1262.908
-1002.197
-785.5337
0
0
0
0
-1970.417
-1524.142
-1223.739
-925.166
-811.943
0
0
0
-1873.416
-1537.829
-1138.335
-867.7283
-706.5866
0
0
-1749.797
-1396.25
-1157.708
-791.1654
-636.5788
0
-1832.371
-1241.835
-974.0775
-828.4768
-594.4754
-2217.064
-1343.359
-814.4312
-610.9128
-651.3515
-1765.644
-949.8945
-487.7386
-445.9383
-1403.792
-640.8718
-297.6822
-1110.856
-500.1152
-971.8472
0
0
0
0
0
-1930.585
-1623.447
-1290.167
-1029.103
-815.6176
0
0
0
0
-1962.688
-1568.245
-1273.478
-982.1043
-867.9859
0
0
0
-1943.898
-1586.236
-1197.179
-943.3388
-791.8235
0
0
-1850.423
-1482.574
-1210.561
-859.9151
-735.146
0
-1927.626
-1354.676
-1066.258
-880.7033
-664.1509
-2241.122
-1435.164
-912.2045
-696.8996
-703.5217
-1818.603
-1013.889
-545.992
-486.8386
-1434.099
-680.7955
-367.9549
-1124.384
-517.9023
-971.8471
0
0
0
0
-1978.671
-1537.884
-1297.38
-1009.828
-895.3771
0
0
0
-1951.42
-1569.413
-1242.5
-993.6905
-849.2771
0
0
-1891.442
-1557.646
-1260.386
-918.8603
-811.5703
0
-2015.929
-1460.451
-1153.871
-932.9807
-732.1086
-2294.9
-1535.483
-1025.459
-787.3616
-754.2059
-1838.832
-1105.843
-635.8565
-570.3704
-1490.103
-737.7545
-425.0518
-1155.035
-555.6375
-985.4859
0
0
0
-1975.957
-1586.858
-1202.922
-1018.128
-877.4517
0
0
-1944.413
-1555.663
-1234.543
-964.5675
-862.6939
0
-2043.59
-1494.004
-1230.481
-982.9868
-791.0332
-2336.713
-1629.228
-1132.433
-874.3723
-805.9003
-1898.433
-1207.106
-747.2202
-658.5551
-1505.261
-828.0984
-509.7916
-1211.893
-608.8374
-1016.44
0
0
-1968.79
-1581.809
-1252.438
-918.608
-887.706
0
-2087.937
-1549.268
-1219.043
-950.7227
-836.9777
-2367.159
-1649.129
-1157.41
-951.1948
-855.989
-1946.061
-1302.481
-853.5271
-744.4173
-1566.501
-928.3657
-618.774
-1222.806
-697.934
-1073.644
0
-2107.692
-1575.208
-1245.716
-968.7756
-789.7211
-2386.698
-1695.909
-1213.033
-933.0179
-822.4675
-1981.017
-1313.713
-871.9317
-820.9984
-1616.22
-1023.789
-723.9068
-1283.789
-797.4215
-1083.614
-2394.433
-1717.275
-1239.506
-959.8993
-840.8586
-2003.52
-1361.069
-927.4532
-801.2933
-1653.02
-1028.698
-740.5005
-1334.136
-892.9565
-1145.232
-2013.342
-1383.052
-954.1625
-828.4705
-1676.825
-1076.292
-796.2411
-1371.869
-896.944
-1197.052
-1687.712
-1098.659
-823.3635
-1396.494
-945.3414
-1236.414
-1408.062
-968.3943
-1262.371
-1274.807
)
;

boundaryField
{
    cathodeSides
    {
        type            zeroGradient;
    }
    electrolyteSides
    {
        type            zeroGradient;
    }
    anodeSides
    {
        type            zeroGradient;
    }
    phiI_to_phiI0
    {
        type            zeroGradient;
    }
}


// ************************************************************************* //
