/*--------------------------------*- C++ -*----------------------------------*\
| =========                 |                                                 |
| \\      /  F ield         | OpenFOAM: The Open Source CFD Toolbox           |
|  \\    /   O peration     | Version:  2312                                  |
|   \\  /    A nd           | Website:  www.openfoam.com                      |
|    \\/     M anipulation  |                                                 |
\*---------------------------------------------------------------------------*/
FoamFile
{
    version     2.0;
    format      ascii;
    arch        "LSB;label=32;scalar=64";
    class       volScalarField;
    location    "70/phiI";
    object      act;
}
// * * * * * * * * * * * * * * * * * * * * * * * * * * * * * * * * * * * * * //

dimensions      [0 0 0 0 0 0 0];

internalField   nonuniform List<scalar> 
12000
(
2.602256
2.605781
2.600203
2.602969
2.608283
2.604544
2.607618
2.596449
2.601605
2.605727
2.631718
2.615948
2.611402
2.600872
2.607429
2.612935
2.596367
2.601226
2.606684
2.606936
2.636683
2.632645
2.63478
2.600849
2.616439
2.617691
2.60421
2.607296
2.612449
2.615369
2.594634
2.600522
2.607741
2.608879
2.601106
2.663061
2.633996
2.639438
2.623923
2.631376
2.637405
2.604991
2.603028
2.620055
2.621818
2.607684
2.606936
2.610257
2.61524
2.610031
2.598491
2.600004
2.605969
2.610236
2.603346
0
2.690726
2.657086
2.669258
2.631704
2.637664
2.646818
2.619759
2.626587
2.633914
2.637424
2.607012
2.60944
2.610758
2.623524
2.617503
2.603412
2.604142
2.610032
2.610495
2.610161
0
2.596593
2.597465
2.604418
2.608679
2.604598
0
0
2.710576
2.686229
2.698591
2.655054
2.665324
2.678745
2.631544
2.635247
2.645504
2.651828
2.613096
2.624108
2.632313
2.633371
2.631405
2.608378
2.605071
2.616497
2.617486
2.61895
0
2.598222
2.604102
2.609233
2.611455
2.604282
0
0
2.600894
2.600369
2.604032
2.608184
2.603258
0
0
0
2.714425
2.709372
2.721855
2.6875
2.695787
2.71224
2.655943
2.661144
2.676774
2.686508
2.627403
2.634639
2.643265
2.650904
2.648215
2.613776
2.619396
2.630636
2.636478
2.626694
0
2.609742
2.608447
2.610683
2.620523
2.614375
0
0
2.599929
2.601665
2.611381
2.613167
2.605959
0
0
0
2.600596
2.603634
2.603995
2.608279
2.603441
0
0
0
0
2.721886
2.716698
2.725342
2.707406
2.720157
2.738318
2.683708
2.696905
2.709132
2.723571
2.654601
2.664151
2.672272
2.684909
2.684516
2.631995
2.633613
2.642535
2.649462
2.647533
0
2.619103
2.620657
2.631107
2.634572
2.632266
0
0
2.607305
2.612535
2.616706
2.614084
2.6161
0
0
0
2.599594
2.601446
2.609722
2.614645
2.60843
0
0
0
0
2.596145
2.603774
2.606599
2.606523
2.603525
0
0
0
0
0
2.720344
2.719577
2.734719
2.716482
2.729482
2.740834
2.707681
2.719389
2.735671
2.753092
2.684961
2.693686
2.709746
2.719698
2.723624
2.652778
2.660654
2.674884
2.680732
2.682855
0
2.628502
2.636091
2.64254
2.647695
2.646215
0
0
2.622647
2.619546
2.629498
2.637563
2.630093
0
0
0
2.600585
2.610443
2.617683
2.621505
2.609221
0
0
0
0
2.59184
2.603452
2.608369
2.614118
2.609413
0
0
0
0
0
2.596844
2.599133
2.606881
2.60911
2.601195
0
0
0
0
0
3.284601
2.719635
2.719866
2.732489
2.718727
2.73269
2.752111
2.714788
2.728661
2.745917
2.754358
2.706631
2.718124
2.734885
2.74879
2.755326
2.685837
2.695312
2.707114
2.720899
2.719476
0
2.658435
2.659353
2.671739
2.682808
2.678973
0
0
2.630424
2.636147
2.643922
2.648645
2.644049
0
0
0
2.613101
2.626095
2.623554
2.633227
2.633808
0
0
0
0
2.596555
2.604862
2.616129
2.620396
2.617066
0
0
0
0
0
2.602393
2.597029
2.610345
2.612759
2.609335
0
0
0
0
0
3.230016
2.598735
2.596605
2.605815
2.608042
2.60371
0
0
0
0
0
3.868954
3.28865
2.714192
2.716624
2.73089
2.718946
2.732934
2.748861
2.717075
2.732269
2.749782
2.767215
2.712134
2.727189
2.745154
2.760254
2.756161
2.705572
2.718652
2.733201
2.748338
2.750147
0
2.683954
2.694322
2.709895
2.717811
2.720987
0
0
2.650259
2.666983
2.669181
2.680089
2.680912
0
0
0
2.627601
2.634941
2.645399
2.648957
2.645405
0
0
0
0
2.611063
2.614995
2.631636
2.625475
2.628515
0
0
0
0
0
2.61303
2.608041
2.612466
2.619454
2.615239
0
0
0
0
0
3.11707
2.601688
2.603168
2.605752
2.613255
2.608187
0
0
0
0
0
3.822924
3.233988
2.5944
2.59931
2.599795
2.609995
2.602077
0
0
0
0
0
4.432607
3.874522
3.289894
2.689666
2.708432
2.725156
2.715832
2.729083
2.747562
2.717882
2.731916
2.750272
2.763469
2.716256
2.730848
2.749804
2.764575
2.769826
2.7125
2.726462
2.743699
2.759636
2.762472
0
2.703891
2.716279
2.734152
2.746365
2.749881
0
0
2.681172
2.693629
2.70723
2.720912
2.717476
0
0
0
2.651993
2.65836
2.67729
2.677267
2.678221
0
0
0
0
2.626254
2.632357
2.642385
2.651475
2.645351
0
0
0
0
0
2.611943
2.618332
2.621355
2.633923
2.620215
0
0
0
0
0
2.93448
2.599414
2.613217
2.61688
2.618053
2.614608
0
0
0
0
0
3.727337
3.120894
2.594644
2.60266
2.608183
2.610941
2.60806
0
0
0
0
0
4.388219
3.828445
3.235159
2.595917
2.597152
2.6038
2.601551
2.605513
0
0
0
0
0
4.888358
4.43963
3.877528
3.288413
2.660526
2.688595
2.700481
2.709527
2.720345
2.739784
2.71533
2.728193
2.745611
2.761929
2.714652
2.730776
2.749397
2.765454
2.765972
2.712451
2.729355
2.748895
2.764991
2.767127
0
2.718386
2.725651
2.744288
2.758097
2.761975
0
0
2.703361
2.715929
2.731705
2.747413
2.74782
0
0
0
2.680024
2.691789
2.707617
2.718303
2.720771
0
0
0
0
2.652312
2.659388
2.669737
2.684508
2.675418
0
0
0
0
0
2.628018
2.631099
2.639847
2.647192
2.648219
0
0
0
0
0
2.721622
2.619347
2.616126
2.62772
2.625827
2.628952
0
0
0
0
0
3.577566
2.938321
2.605027
2.602353
2.617634
2.621685
2.614421
0
0
0
0
0
4.295102
3.732759
3.121938
2.598341
2.598196
2.607939
2.610489
2.606785
0
0
0
0
0
4.844296
4.395207
3.831414
3.233608
2.593342
2.599408
2.601628
2.606328
2.596116
0
0
0
0
0
5.254247
4.896573
4.444279
3.87804
3.284071
2.624694
2.656377
2.668401
2.686656
2.69684
2.71391
2.708027
2.720742
2.735707
2.752759
2.715538
2.728271
2.74492
2.760006
2.764131
2.714734
2.727983
2.748228
2.764617
2.768221
0
2.715688
2.726425
2.746943
2.764846
2.767758
0
0
2.710673
2.729261
2.742701
2.759198
2.760384
0
0
0
2.703381
2.715588
2.731803
2.745078
2.74885
0
0
0
0
2.679534
2.691446
2.705388
2.7184
2.718419
0
0
0
0
0
2.647729
2.657666
2.669728
2.67777
2.681977
0
0
0
0
0
2.482955
2.627585
2.634747
2.639585
2.644639
2.643474
0
0
0
0
0
3.37452
2.724869
2.622476
2.615822
2.623636
2.632935
2.62154
0
0
0
0
0
4.146922
3.582802
2.939663
2.611506
2.611651
2.610111
2.62024
2.617334
0
0
0
0
0
4.751232
4.302014
3.735645
3.120281
2.595305
2.603186
2.60479
2.61082
2.605092
0
0
0
0
0
5.210371
4.852485
4.399832
3.831895
3.229202
2.595427
2.596513
2.605278
2.603746
2.601109
0
0
0
0
0
5.552261
5.263431
4.902566
4.446611
3.875908
2.616668
2.632559
2.629903
2.653313
2.663553
2.680034
2.683801
2.697073
2.710806
2.724821
2.70573
2.719563
2.735824
2.748919
2.754105
2.71271
2.727254
2.744873
2.759454
2.762253
0
2.713302
2.728484
2.745965
2.763506
2.767399
0
0
2.713594
2.728877
2.744891
2.762365
2.76805
0
0
0
2.710807
2.723977
2.744979
2.757547
2.761663
0
0
0
0
2.702127
2.715205
2.731698
2.74529
2.746635
0
0
0
0
0
2.683969
2.68996
2.705513
2.716791
2.718153
0
0
0
0
0
2.29048
2.650351
2.65578
2.668227
2.677568
2.675856
0
0
0
0
0
3.142552
2.485441
2.62771
2.631026
2.645363
2.646076
2.640681
0
0
0
0
0
3.942064
3.379369
2.725431
2.619332
2.620569
2.622078
2.628913
2.628881
0
0
0
0
0
4.601455
4.15367
3.585526
2.938562
2.599396
2.612488
2.614791
2.615163
2.615315
0
0
0
0
0
5.117219
4.759358
4.306583
3.736062
3.115791
2.598312
2.597345
2.607875
2.607727
2.605755
0
0
0
0
0
5.508594
5.219535
4.858462
4.402147
3.829742
2.596491
2.597354
2.602879
2.607568
2.598333
0
0
0
0
0
5.799066
5.562243
5.270515
4.90638
4.446457
2.608226
2.617865
2.621926
2.627397
2.635232
2.641537
2.653574
2.660413
2.673182
2.68818
2.683448
2.694871
2.710574
2.722137
2.724575
2.704133
2.717335
2.734748
2.748936
2.750312
0
2.711743
2.72526
2.743901
2.759464
2.761806
0
0
2.713455
2.725946
2.746625
2.761055
2.766358
0
0
0
2.71315
2.726673
2.74625
2.761052
2.765308
0
0
0
0
2.709881
2.723855
2.741178
2.758731
2.760064
0
0
0
0
0
2.702267
2.714449
2.731226
2.7453
2.746847
0
0
0
0
0
2.157972
2.678591
2.692842
2.704431
2.716709
2.716946
0
0
0
0
0
2.936256
2.29245
2.647906
2.656963
2.667696
2.676272
2.675614
0
0
0
0
0
3.703566
3.146676
2.485135
2.62854
2.631458
2.639363
2.651696
2.643209
0
0
0
0
0
4.391529
3.948414
3.381711
2.723364
2.614553
2.620229
2.624453
2.627248
2.625197
0
0
0
0
0
4.965919
4.609429
4.158103
3.585802
2.934897
2.605891
2.609821
2.61597
2.615708
2.611043
0
0
0
0
0
5.415402
5.126331
4.765295
4.308863
3.733861
2.594322
2.600621
2.604203
2.609398
2.602582
0
0
0
0
0
5.755549
5.518562
5.22661
4.862271
4.401988
2.592968
2.597991
2.602515
2.605654
2.602165
0
0
0
0
0
6.006174
5.809714
5.570224
5.275532
4.907837
2.606241
2.612262
2.610454
2.621478
2.62577
2.632018
2.626249
2.636263
2.644048
2.649467
2.65302
2.661247
2.671618
2.679953
2.686208
2.683431
2.693118
2.708729
2.721653
2.722187
0
2.703351
2.716683
2.733581
2.747816
2.750369
0
0
2.710759
2.724585
2.742367
2.758461
2.76187
0
0
0
2.71227
2.726832
2.742881
2.76209
2.763827
0
0
0
0
2.712381
2.727095
2.743317
2.761282
2.764334
0
0
0
0
0
2.709498
2.723163
2.74135
2.756137
2.760831
0
0
0
0
0
2.07713
2.702165
2.714152
2.730461
2.744703
2.74691
0
0
0
0
0
2.808126
2.159644
2.679995
2.689156
2.705448
2.715604
2.716625
0
0
0
0
0
3.498529
2.940116
2.29163
2.649652
2.656808
2.667915
2.676041
2.674392
0
0
0
0
0
4.143457
3.709099
3.148242
2.482103
2.628981
2.635088
2.640156
2.644138
2.648393
0
0
0
0
0
4.751598
4.399086
3.952456
3.38161
2.718542
2.614175
2.617357
2.625854
2.626449
2.623662
0
0
0
0
0
5.262944
4.974889
4.615243
4.160273
3.583487
2.610809
2.600823
2.616934
2.617666
2.609862
0
0
0
0
0
5.662356
5.425327
5.133379
4.769087
4.308691
2.595164
2.597145
2.60633
2.606457
2.603478
0
0
0
0
0
5.962866
5.766188
5.52654
5.231631
4.863734
2.589289
2.596461
2.602454
2.60433
2.600381
0
0
0
0
0
6.182274
6.017387
5.818442
5.576231
5.278295
2.591369
2.599155
2.605664
2.614559
2.616109
2.619525
2.614744
2.625783
2.635496
2.638284
2.630644
2.631189
2.649013
2.651114
2.646989
2.654775
2.660841
2.671981
2.679802
2.677374
0
2.683957
2.693851
2.706496
2.719727
2.721708
0
0
2.703342
2.715523
2.732643
2.74714
2.749183
0
0
0
2.713607
2.724282
2.741576
2.757152
2.760868
0
0
0
0
2.712401
2.72593
2.744304
2.757663
2.764993
0
0
0
0
0
2.71145
2.726625
2.745068
2.757638
2.76403
0
0
0
0
0
2.039011
2.708268
2.72255
2.740646
2.756376
2.758706
0
0
0
0
0
2.723664
2.078642
2.701571
2.713741
2.729964
2.743968
2.746277
0
0
0
0
0
3.348878
2.811515
2.158568
2.6811
2.690155
2.703129
2.716254
2.715642
0
0
0
0
0
3.927156
3.50346
2.941695
2.28809
2.648294
2.656812
2.668428
2.67582
2.674141
0
0
0
0
0
4.495493
4.150113
3.712271
3.147311
2.476228
2.626208
2.634592
2.644348
2.64659
2.640188
0
0
0
0
0
5.045062
4.760134
4.404493
3.954244
3.378928
2.611434
2.613796
2.624146
2.629787
2.621087
0
0
0
0
0
5.508936
5.272733
4.981826
4.618943
4.160021
2.605911
2.607853
2.605773
2.618845
2.612168
0
0
0
0
0
5.869725
5.67296
5.43329
5.138397
4.770558
2.596828
2.598227
2.603821
2.609452
2.600827
0
0
0
0
0
6.139085
5.974072
5.77492
5.532557
5.23441
2.592664
2.595777
2.601353
2.603968
2.598616
0
0
0
0
0
6.333572
6.19397
6.02675
5.825273
5.580069
2.596175
2.598884
2.606371
2.602824
2.610874
2.613152
2.612636
2.622205
2.62614
2.625342
2.617646
2.632913
2.640271
2.633969
2.625373
2.637136
2.639874
2.658624
2.648056
0
2.651479
2.66139
2.67154
2.680169
2.677694
0
0
2.684304
2.691838
2.708194
2.717147
2.71954
0
0
0
2.703456
2.715684
2.731378
2.746306
2.748727
0
0
0
0
2.709802
2.728064
2.741981
2.756416
2.759634
0
0
0
0
0
2.710698
2.726612
2.743779
2.759334
2.760255
0
0
0
0
0
2.039001
2.712601
2.725169
2.745429
2.760632
2.760012
0
0
0
0
0
2.682763
2.040452
2.708465
2.721649
2.739944
2.755684
2.758979
0
0
0
0
0
3.253551
2.726852
2.077444
2.701402
2.713565
2.729752
2.743394
2.745526
0
0
0
0
0
3.767418
3.353443
2.812455
2.154818
2.678684
2.691288
2.704628
2.714391
2.716283
0
0
0
0
0
4.269792
3.933137
3.506047
2.941034
2.281724
2.647723
2.656051
2.666404
2.67722
2.673801
0
0
0
0
0
4.782343
4.503056
4.15456
3.713134
3.143745
2.625291
2.633155
2.642164
2.650481
2.64349
0
0
0
0
0
5.288122
5.054405
4.766648
4.407793
3.953622
2.616144
2.618494
2.616948
2.627882
2.625487
0
0
0
0
0
5.715565
5.51941
5.280593
4.986765
4.620353
2.599694
2.608034
2.613092
2.61128
2.612809
0
0
0
0
0
6.045972
5.880905
5.681685
5.439317
5.1412
2.591833
2.599845
2.605494
2.606681
2.604407
0
0
0
0
0
6.290532
6.150778
5.983442
5.781768
5.536417
2.592226
2.595276
2.600821
2.602976
2.598096
0
0
0
0
0
6.464848
6.345686
6.203875
6.034281
5.830005
2.594859
2.5972
2.607874
2.598926
2.601983
2.610055
2.614838
2.601024
2.611255
2.615493
2.62485
2.622629
2.610828
2.625776
2.626569
2.636847
2.635934
0
2.634502
2.632646
2.644951
2.645795
2.657061
0
0
2.651972
2.658822
2.670877
2.679742
2.678237
0
0
0
2.680444
2.692858
2.705619
2.719118
2.716995
0
0
0
0
2.702861
2.715103
2.731584
2.74505
2.747947
0
0
0
0
0
2.709286
2.722802
2.745612
2.757315
2.758946
0
0
0
0
0
2.077128
2.710144
2.725258
2.744544
2.75921
2.762036
0
0
0
0
0
2.682767
2.040442
2.713839
2.725412
2.742947
2.761756
2.763624
0
0
0
0
0
3.207463
2.685864
2.039204
2.709127
2.72167
2.739279
2.754793
2.758286
0
0
0
0
0
3.664884
3.25791
2.727609
2.073611
2.700418
2.713027
2.729489
2.743366
2.744958
0
0
0
0
0
4.101744
3.772984
3.355711
2.810982
2.148292
2.680029
2.688522
2.704804
2.715653
2.714321
0
0
0
0
0
4.548906
4.276619
3.936918
3.506339
2.938014
2.645746
2.655902
2.666282
2.67382
2.675527
0
0
0
0
0
5.019923
4.790653
4.508532
4.156838
3.711534
2.625528
2.632223
2.642583
2.646989
2.647152
0
0
0
0
0
5.492276
5.298138
5.061828
4.771172
4.408817
2.61446
2.621608
2.629543
2.619879
2.623184
0
0
0
0
0
5.891162
5.72662
5.528042
5.286552
4.989525
2.60294
2.604853
2.614408
2.616675
2.607695
0
0
0
0
0
6.197461
6.057644
5.890276
5.688554
5.443216
2.60004
2.595202
2.606624
2.608312
2.601429
0
0
0
0
0
6.421922
6.302645
6.160695
5.990994
5.78653
2.592324
2.59492
2.59948
2.602261
2.597365
0
0
0
0
0
6.579746
6.477326
6.35606
6.212002
6.039773
2.597909
2.597733
2.604732
2.611484
2.597211
2.602634
2.606028
2.613785
2.610514
2.607227
2.602003
2.615363
2.617152
2.619883
0
2.615569
2.625598
2.629656
2.633948
2.632277
0
0
2.621301
2.63766
2.643274
2.649812
2.642465
0
0
0
2.647926
2.659065
2.670475
2.677792
2.677824
0
0
0
0
2.682737
2.690709
2.706109
2.71706
2.718939
0
0
0
0
0
2.7012
2.714951
2.730998
2.745079
2.746715
0
0
0
0
0
2.15799
2.708908
2.722771
2.740308
2.760246
2.760073
0
0
0
0
0
2.723673
2.07864
2.713065
2.724905
2.744252
2.760054
2.762127
0
0
0
0
0
3.207447
2.685868
2.039195
2.710663
2.726389
2.742944
2.758102
2.765129
0
0
0
0
0
3.615104
3.211727
2.686552
2.035345
2.707398
2.722227
2.739239
2.754698
2.7573
0
0
0
0
0
3.993277
3.670215
3.260012
2.725974
2.067048
2.699573
2.712937
2.729105
2.743013
2.745009
0
0
0
0
0
4.373984
4.108116
3.776394
3.355727
2.806959
2.678891
2.690008
2.702793
2.715422
2.715533
0
0
0
0
0
4.780019
4.556427
4.281363
3.93854
3.50419
2.647263
2.653938
2.667154
2.674091
2.671696
0
0
0
0
0
5.219434
5.028857
4.796975
4.511952
4.156784
2.616953
2.628817
2.640956
2.649617
2.643357
0
0
0
0
0
5.665787
5.502863
5.306321
5.067359
4.773532
2.608536
2.618523
2.630957
2.635528
2.615289
0
0
0
0
0
6.042112
5.902713
5.735904
5.534853
5.290421
2.601732
2.605894
2.610716
2.617389
2.611986
0
0
0
0
0
6.32893
6.209559
6.067569
5.897857
5.693368
2.595723
2.599824
2.602151
2.609347
2.602916
0
0
0
0
0
6.536921
6.434404
6.313034
6.168848
5.996519
2.593094
2.596272
2.600147
2.59863
2.596394
0
0
0
0
0
6.680984
6.592544
6.48811
6.364705
6.218141
2.596818
2.59681
2.603981
2.608329
2.606181
2.604594
2.601459
2.60999
2.610468
2.608869
0
2.606977
2.611663
2.608184
2.619409
2.611849
0
0
2.615867
2.624591
2.635742
2.631845
2.630775
0
0
0
2.623538
2.627706
2.644461
2.651192
2.646028
0
0
0
0
2.650169
2.656338
2.670688
2.67876
2.67535
0
0
0
0
0
2.681369
2.691888
2.704205
2.717452
2.717167
0
0
0
0
0
2.290499
2.701636
2.713586
2.730874
2.744369
2.746635
0
0
0
0
0
2.808133
2.159662
2.709011
2.722419
2.740231
2.755352
2.762648
0
0
0
0
0
3.253547
2.726861
2.077442
2.711026
2.726168
2.743848
2.760492
2.763011
0
0
0
0
0
3.615112
3.211712
2.686555
2.035336
2.709212
2.724458
2.743844
2.758019
2.76086
0
0
0
0
0
3.940461
3.620327
3.213757
2.684866
2.028779
2.707585
2.72068
2.739395
2.754301
2.757508
0
0
0
0
0
4.260631
3.99939
3.673427
3.259902
2.721812
2.700626
2.712015
2.7291
2.742759
2.744622
0
0
0
0
0
4.599356
4.381018
4.112441
3.777682
3.353351
2.677356
2.68826
2.703539
2.71446
2.715246
0
0
0
0
0
4.974032
4.788121
4.561959
4.284052
3.937843
2.646834
2.655842
2.665411
2.67507
2.672138
0
0
0
0
0
5.388983
5.228894
5.035883
4.801333
4.513144
2.622323
2.620936
2.636378
2.645653
2.646709
0
0
0
0
0
5.814922
5.676862
5.511689
5.312694
5.070815
2.610525
2.614806
2.625817
2.637074
2.631793
0
0
0
0
0
6.173103
6.054094
5.912557
5.743435
5.539649
2.602119
2.605201
2.613763
2.611746
2.612289
0
0
0
0
0
6.443937
6.341399
6.219963
6.07576
5.903444
2.596244
2.59785
2.604647
2.605178
2.603854
0
0
0
0
0
6.638261
6.549725
6.445205
6.321707
6.175028
2.591172
2.594598
2.602413
2.601744
2.591712
0
0
0
0
0
6.770841
6.694066
6.603687
6.497205
6.371404
2.593516
2.595899
2.604783
2.606756
2.603072
0
2.602334
2.604205
2.605497
2.613552
2.606573
0
0
2.607602
2.614807
2.616687
2.614138
2.615173
0
0
0
2.616404
2.62338
2.63258
2.640753
2.626841
0
0
0
0
2.628106
2.631049
2.637936
2.649508
2.648777
0
0
0
0
0
2.651633
2.65729
2.667685
2.679152
2.676838
0
0
0
0
0
2.482967
2.68077
2.691432
2.70556
2.715732
2.717708
0
0
0
0
0
2.936261
2.292469
2.701081
2.713267
2.72971
2.744552
2.745896
0
0
0
0
0
3.348877
2.811522
2.158586
2.707673
2.722301
2.73993
2.755201
2.757966
0
0
0
0
0
3.664893
3.257905
2.727618
2.07361
2.710433
2.725253
2.744163
2.760048
2.763773
0
0
0
0
0
3.940459
3.620335
3.213742
2.684869
2.028771
2.707688
2.72041
2.742791
2.759085
2.760765
0
0
0
0
0
4.2053
3.946454
3.623451
3.213598
2.680673
2.706733
2.721053
2.738201
2.754397
2.756921
0
0
0
0
0
4.481902
4.267384
4.00349
3.674554
3.257442
2.699905
2.71204
2.728208
2.742757
2.744425
0
0
0
0
0
4.788495
4.60694
4.386093
4.114748
3.776697
2.67923
2.6875
2.703015
2.714142
2.714748
0
0
0
0
0
5.138897
4.982623
4.794309
4.565524
4.284522
2.647118
2.655881
2.667435
2.673726
2.672982
0
0
0
0
0
5.534664
5.398894
5.236517
5.041023
4.803547
2.620479
2.627934
2.629897
2.642342
2.641604
0
0
0
0
0
5.944309
5.82642
5.68624
5.518773
5.317066
2.612164
2.614636
2.62383
2.629767
2.632997
0
0
0
0
0
6.287698
6.18546
6.064421
5.920705
5.749012
2.604079
2.608165
2.613381
2.616926
2.605471
0
0
0
0
0
6.545296
6.456733
6.35222
6.228682
6.08201
2.591391
2.600973
2.602014
2.607846
2.60004
0
0
0
0
0
6.728219
6.651351
6.560888
6.454334
6.328452
2.590761
2.593821
2.600642
2.604294
2.595959
0
0
0
0
0
6.851062
6.784178
6.705527
6.613178
6.504393
2.599521
2.595768
2.599685
2.608977
2.601612
0
0
2.600199
2.605131
2.605563
2.606194
2.608567
0
0
0
2.601706
2.611907
2.620583
2.61979
2.610949
0
0
0
0
2.612033
2.620714
2.63303
2.638005
2.636578
0
0
0
0
0
2.632487
2.632903
2.641531
2.64482
2.645797
0
0
0
0
0
2.721626
2.647741
2.658287
2.667575
2.67607
2.677256
0
0
0
0
0
3.142549
2.485453
2.681265
2.688711
2.705526
2.717023
2.71596
0
0
0
0
0
3.498538
2.940121
2.291648
2.700268
2.712767
2.729616
2.743529
2.746253
0
0
0
0
0
3.767431
3.353442
2.812462
2.154835
2.708039
2.721327
2.739796
2.754892
2.757759
0
0
0
0
0
3.993282
3.670224
3.260008
2.725982
2.067048
2.708329
2.72477
2.743693
2.759672
2.763308
0
0
0
0
0
4.205299
3.946452
3.623459
3.213584
2.680676
2.708182
2.721996
2.736248
2.758631
2.76196
0
0
0
0
0
4.424472
4.211924
3.950454
3.624512
3.21111
2.706675
2.720543
2.738763
2.753502
2.756982
0
0
0
0
0
4.667558
4.489189
4.272211
4.005606
3.673447
2.69904
2.712101
2.728158
2.741991
2.744389
0
0
0
0
0
4.94919
4.796544
4.61264
4.389233
4.114874
2.677535
2.689492
2.701794
2.714584
2.713949
0
0
0
0
0
5.280504
5.147907
4.989366
4.798603
4.566948
2.647481
2.656024
2.667828
2.675823
2.671768
0
0
0
0
0
5.661045
5.544966
5.407027
5.242317
5.044091
2.622101
2.625107
2.636835
2.636473
2.638992
0
0
0
0
0
6.057499
5.956175
5.836273
5.693933
5.523919
2.612431
2.61825
2.623132
2.628812
2.625301
0
0
0
0
0
6.388699
6.300385
6.196208
6.073103
5.926954
2.600774
2.605981
2.61591
2.617806
2.611731
0
0
0
0
0
6.635268
6.558382
6.467921
6.361398
6.235504
2.599216
2.595956
2.605344
2.604266
2.603096
0
0
0
0
0
6.808493
6.741563
6.662835
6.570415
6.461572
2.589689
2.594725
2.600733
2.602947
2.598582
0
0
0
0
0
6.923064
6.864626
6.795923
6.715369
6.620795
2.593556
2.600922
2.604006
2.601488
2.604101
0
0
0
2.600745
2.605927
2.607541
2.606443
2.600084
0
0
0
0
2.605905
2.605691
2.619517
2.622388
2.615128
0
0
0
0
0
2.624778
2.61755
2.628296
2.639144
2.634228
0
0
0
0
0
2.934465
2.625391
2.640439
2.640595
2.648876
2.641818
0
0
0
0
0
3.374567
2.724873
2.648275
2.656488
2.668607
2.675937
2.674195
0
0
0
0
0
3.703588
3.146673
2.485148
2.682102
2.691515
2.702625
2.716941
2.717266
0
0
0
0
0
3.927158
3.503469
2.9417
2.288108
2.700023
2.712546
2.729233
2.743296
2.745267
0
0
0
0
0
4.101736
3.772997
3.355709
2.810989
2.148308
2.707134
2.721374
2.738976
2.754873
2.757472
0
0
0
0
0
4.260632
3.999394
3.673436
3.259898
2.721819
2.705519
2.720832
2.743447
2.759566
2.762665
0
0
0
0
0
4.42447
4.211922
3.950452
3.624519
3.211098
2.708137
2.719673
2.740571
2.75016
2.761748
0
0
0
0
0
4.608368
4.431622
4.216641
3.952488
3.623359
2.706554
2.720101
2.738258
2.753878
2.756248
0
0
0
0
0
4.82529
4.675295
4.494622
4.275135
4.005578
2.698985
2.71155
2.727944
2.741869
2.743699
0
0
0
0
0
5.087172
4.957638
4.802772
4.616474
4.390269
2.680121
2.687947
2.703022
2.71271
2.714751
0
0
0
0
0
5.4033
5.289877
5.155126
4.994277
4.800823
2.647427
2.655373
2.667359
2.676193
2.673928
0
0
0
0
0
5.771557
5.671687
5.55354
5.413393
5.246105
2.625644
2.628076
2.634611
2.643164
2.633518
0
0
0
0
0
6.15726
6.06969
5.966444
5.844493
5.699742
2.612606
2.624703
2.628671
2.628287
2.624748
0
0
0
0
0
6.478309
6.401678
6.311503
6.205355
6.079931
2.605141
2.606392
2.612894
2.619915
2.613082
0
0
0
0
0
6.715606
6.648613
6.569895
6.477504
6.368719
2.595919
2.600427
2.603821
2.606128
2.5991
0
0
0
0
0
6.880571
6.822068
6.753333
6.672715
6.578085
2.587293
2.59138
2.600614
2.603602
2.597519
0
0
0
0
0
6.988052
6.936833
6.876626
6.806078
6.723367
2.595743
2.600078
2.605916
2.607149
2.59591
0
0
0
0
2.601239
2.601267
2.611999
2.607156
2.600869
0
0
0
0
0
2.607585
2.611992
2.613837
2.624278
2.616582
0
0
0
0
0
3.11713
2.622751
2.629521
2.625891
2.632158
2.635624
0
0
0
0
0
3.57759
2.938307
2.62381
2.630667
2.649563
2.645627
2.646105
0
0
0
0
0
3.942117
3.379415
2.725435
2.648088
2.656263
2.668162
2.675897
2.674243
0
0
0
0
0
4.143447
3.709121
3.14824
2.482116
2.679165
2.690156
2.705348
2.71419
2.717143
0
0
0
0
0
4.269786
3.933138
3.506056
2.941039
2.281742
2.700548
2.712376
2.728669
2.742997
2.744956
0
0
0
0
0
4.373993
4.108109
3.776406
3.355726
2.806966
2.710363
2.720854
2.738934
2.75418
2.757501
0
0
0
0
0
4.481892
4.267385
4.003494
3.674563
3.257439
2.708919
2.719814
2.737349
2.759457
2.7627
0
0
0
0
0
4.608373
4.431619
4.216639
3.952487
3.623366
2.708546
2.723032
2.735859
2.756587
2.752368
0
0
0
0
0
4.76456
4.615962
4.436935
4.219471
3.952399
2.707461
2.720896
2.737915
2.753465
2.7565
0
0
0
0
0
4.960679
4.833413
4.68124
4.498218
4.275988
2.699073
2.710791
2.727679
2.741514
2.743561
0
0
0
0
0
5.206788
5.095963
4.964317
4.807192
4.618267
2.677612
2.689218
2.702507
2.713538
2.712566
0
0
0
0
0
5.510656
5.412988
5.297505
5.160562
4.997168
2.645377
2.655481
2.665414
2.675331
2.674354
0
0
0
0
0
5.868935
5.782498
5.680645
5.560395
5.417798
2.624693
2.630702
2.636782
2.640385
2.640008
0
0
0
0
0
6.245745
6.169738
6.080324
5.975123
5.850875
2.619056
2.617291
2.633761
2.635602
2.624116
0
0
0
0
0
6.558325
6.491549
6.413125
6.321058
6.212687
2.604811
2.607004
2.613734
2.617087
2.615226
0
0
0
0
0
6.787676
6.729182
6.660416
6.579837
6.485263
2.593864
2.599819
2.604619
2.60777
2.600089
0
0
0
0
0
6.945624
6.894352
6.834095
6.763527
6.680768
2.590585
2.591393
2.598578
2.601981
2.598454
0
0
0
0
0
7.046935
7.002007
6.949063
6.88706
6.814415
2.59534
2.600403
2.607047
2.607156
2.601456
0
0
0
0
0
2.596543
2.602378
2.60656
2.614493
2.600581
0
0
0
0
0
3.230064
2.60532
2.610793
2.619928
2.618398
2.61998
0
0
0
0
0
3.727351
3.120953
2.619263
2.623611
2.637992
2.631251
2.627516
0
0
0
0
0
4.14696
3.582827
2.939651
2.623193
2.630654
2.640177
2.655373
2.641906
0
0
0
0
0
4.391494
3.948467
3.381756
2.723369
2.649236
2.656056
2.667074
2.67616
2.673542
0
0
0
0
0
4.495471
4.150104
3.712293
3.14731
2.47624
2.678201
2.689073
2.702559
2.716276
2.714333
0
0
0
0
0
4.548918
4.276613
3.93692
3.506348
2.938019
2.700111
2.712683
2.728558
2.742441
2.744697
0
0
0
0
0
4.599345
4.381026
4.112434
3.777695
3.353351
2.708658
2.72221
2.738846
2.753959
2.756855
0
0
0
0
0
4.667575
4.489178
4.272212
4.005609
3.673456
2.703604
2.722652
2.739803
2.751507
2.762648
0
0
0
0
0
4.764565
4.615966
4.436932
4.21947
3.952398
2.708613
2.721692
2.741992
2.749526
2.759749
0
0
0
0
0
4.898625
4.772532
4.621778
4.440428
4.220251
2.706457
2.720276
2.739284
2.753162
2.756134
0
0
0
0
0
5.078036
4.969134
4.839794
4.685404
4.499806
2.699356
2.710954
2.727238
2.741321
2.743153
0
0
0
0
0
5.311345
5.215879
5.103031
4.969237
4.809624
2.678027
2.688684
2.702187
2.713418
2.713287
0
0
0
0
0
5.605244
5.520622
5.420974
5.303396
5.164028
2.647365
2.653677
2.665633
2.672945
2.673169
0
0
0
0
0
5.955318
5.880141
5.791794
5.687925
5.565332
2.615627
2.628513
2.63912
2.643154
2.636966
0
0
0
0
0
6.324746
6.258481
6.180695
6.089406
5.982005
2.616818
2.620288
2.624865
2.637865
2.632475
0
0
0
0
0
6.630118
6.5718
6.50329
6.423042
6.328835
2.599654
2.604407
2.612888
2.61689
2.612602
0
0
0
0
0
6.852746
6.801461
6.741244
6.670676
6.587986
2.597077
2.597395
2.605351
2.606944
2.60315
0
0
0
0
0
7.004548
6.959591
6.90661
6.844573
6.771921
2.592907
2.592814
2.598439
2.601226
2.595979
0
0
0
0
0
7.100541
7.061058
7.014445
6.95975
6.895701
2.589923
2.597004
2.604757
2.608085
2.601281
0
0
0
0
0
3.284659
2.584381
2.599769
2.605934
2.609405
2.609263
0
0
0
0
0
3.822972
3.234036
2.60321
2.605775
2.618399
2.621917
2.613797
0
0
0
0
0
4.29515
3.732773
3.121997
2.616587
2.62173
2.627559
2.640908
2.627401
0
0
0
0
0
4.601441
4.153708
3.585551
2.938552
2.620663
2.626823
2.639389
2.646274
2.651695
0
0
0
0
0
4.751607
4.399051
3.952509
3.381654
2.718548
2.645906
2.656443
2.66718
2.675093
2.674143
0
0
0
0
0
4.782369
4.503036
4.154551
3.713155
3.143746
2.678474
2.688674
2.701733
2.71352
2.716253
0
0
0
0
0
4.780017
4.55644
4.281357
3.938541
3.504199
2.699213
2.712146
2.728879
2.742256
2.744156
0
0
0
0
0
4.788505
4.60693
4.386102
4.114741
3.776709
2.707923
2.721613
2.739174
2.754693
2.75655
0
0
0
0
0
4.825283
4.675312
4.494611
4.275136
4.005581
2.709069
2.719366
2.740928
2.756477
2.753806
0
0
0
0
0
4.898629
4.772538
4.621782
4.440426
4.22025
2.709544
2.722255
2.739117
2.757876
2.751537
0
0
0
0
0
5.014827
4.906925
4.778779
4.62583
4.441932
2.706598
2.720228
2.737821
2.754945
2.755857
0
0
0
0
0
5.180592
5.086782
4.975892
4.844442
4.687612
2.698527
2.711407
2.727417
2.740943
2.742947
0
0
0
0
0
5.403446
5.3207
5.223287
5.108383
4.972214
2.675831
2.686259
2.702304
2.713148
2.71321
0
0
0
0
0
5.689119
5.615456
5.528921
5.427261
5.307357
2.64859
2.653441
2.664616
2.673136
2.670812
0
0
0
0
0
6.032416
5.96676
5.889738
5.799449
5.693326
2.625313
2.622992
2.636758
2.644253
2.640061
0
0
0
0
0
6.395644
6.337711
6.269727
6.190135
6.096727
2.610871
2.618626
2.626016
2.628965
2.632718
0
0
0
0
0
6.694932
6.643804
6.583803
6.513531
6.431213
2.605969
2.605208
2.608547
2.616506
2.61152
0
0
0
0
0
6.911676
6.866721
6.813758
6.75179
6.679171
2.585531
2.597325
2.603029
2.60771
2.601499
0
0
0
0
0
7.058197
7.018685
6.972059
6.917342
6.853273
2.591192
2.593303
2.598707
2.601397
2.595678
0
0
0
0
0
7.14949
7.114818
7.073684
7.02536
6.968665
2.589124
2.593871
2.602996
2.606204
2.601586
0
0
0
0
0
3.868992
3.288708
2.596902
2.600239
2.60737
2.607583
2.604425
0
0
0
0
0
4.388254
3.828492
3.235207
2.600326
2.606272
2.611394
2.620913
2.615993
0
0
0
0
0
4.751237
4.302061
3.73566
3.120338
2.613353
2.617397
2.627889
2.630484
2.635838
0
0
0
0
0
4.965931
4.609415
4.158141
3.585827
2.934891
2.627397
2.627977
2.635991
2.645291
2.642922
0
0
0
0
0
5.04509
4.760144
4.404459
3.954295
3.378969
2.646149
2.654395
2.666854
2.674904
2.673019
0
0
0
0
0
5.019925
4.790679
4.508512
4.156829
3.711555
2.679228
2.689112
2.703249
2.712681
2.71357
0
0
0
0
0
4.974035
4.788118
4.561971
4.284046
3.937844
2.699601
2.711517
2.728099
2.742492
2.743918
0
0
0
0
0
4.949191
4.796555
4.61263
4.389242
4.114868
2.712617
2.721482
2.739018
2.753913
2.75775
0
0
0
0
0
4.96068
4.833406
4.681256
4.498207
4.27599
2.707464
2.723204
2.739858
2.756764
2.75991
0
0
0
0
0
5.014822
4.906929
4.778784
4.625834
4.441929
2.709625
2.72375
2.740376
2.753949
2.760938
0
0
0
0
0
5.116373
5.023413
4.913543
4.783309
4.627943
2.70661
2.72005
2.737744
2.752925
2.757821
0
0
0
0
0
5.270929
5.189593
5.093868
4.980959
4.847177
2.698909
2.710549
2.727401
2.741038
2.742602
0
0
0
0
0
5.485103
5.413034
5.328405
5.229014
5.11183
2.677623
2.686074
2.70034
2.713033
2.713217
0
0
0
0
0
5.763956
5.699549
5.624034
5.535557
5.431654
2.648139
2.654071
2.66393
2.67235
2.670975
0
0
0
0
0
6.101591
6.04407
5.976623
5.897725
5.805258
2.62557
2.630221
2.633359
2.642576
2.640537
0
0
0
0
0
6.459623
6.408817
6.349216
6.279486
6.197844
2.61029
2.615058
2.623967
2.630028
2.624486
0
0
0
0
0
6.753629
6.708809
6.656044
6.594334
6.522052
2.60282
2.607184
2.613265
2.610884
2.61163
0
0
0
0
0
6.965333
6.925823
6.87923
6.824563
6.760594
2.595007
2.59145
2.600554
2.606281
2.602177
0
0
0
0
0
7.107193
7.072489
7.031343
6.98302
6.926318
2.59035
2.593049
2.597277
2.601981
2.596306
0
0
0
0
0
7.194404
7.163907
7.127616
7.084807
7.034522
2.596887
2.592265
2.600697
2.606474
2.600573
0
0
0
0
0
4.432651
3.874559
3.289952
2.598222
2.602025
2.607215
2.611211
2.602056
0
0
0
0
0
4.844305
4.395242
3.83146
3.233656
2.603866
2.604553
2.610995
2.615658
2.615494
0
0
0
0
0
5.117214
4.759363
4.30663
3.736077
3.115846
2.610705
2.615516
2.625036
2.630778
2.62581
0
0
0
0
0
5.262972
4.9749
4.61523
4.160311
3.583511
2.624571
2.630627
2.63821
2.64291
2.641986
0
0
0
0
0
5.28812
5.054433
4.766657
4.40776
3.953671
2.649185
2.653795
2.666795
2.675103
2.672687
0
0
0
0
0
5.219421
5.028858
4.797
4.511934
4.156775
2.679496
2.689116
2.70339
2.71435
2.712666
0
0
0
0
0
5.138904
4.982626
4.794306
4.565536
4.284515
2.699384
2.711641
2.727627
2.74172
2.744131
0
0
0
0
0
5.087169
4.957639
4.802782
4.616464
4.390277
2.706726
2.723852
2.738666
2.75391
2.756428
0
0
0
0
0
5.078034
4.969135
4.839788
4.68542
4.499796
2.709474
2.721549
2.741279
2.756515
2.759893
0
0
0
0
0
5.116365
5.023408
4.913547
4.783313
4.627947
2.709361
2.723738
2.741934
2.755805
2.756543
0
0
0
0
0
5.205795
5.125209
5.030354
4.918485
4.785943
2.70659
2.719952
2.737695
2.752753
2.755567
0
0
0
0
0
5.351001
5.280155
5.196968
5.099299
4.98415
2.697502
2.71084
2.727068
2.740897
2.742635
0
0
0
0
0
5.557934
5.494899
5.421003
5.334463
5.232872
2.677475
2.685788
2.700524
2.711772
2.71271
0
0
0
0
0
5.831102
5.774583
5.708375
5.630976
5.540329
2.647101
2.65311
2.663242
2.671868
2.670267
0
0
0
0
0
6.164
6.113436
6.054172
5.984905
5.903895
2.624993
2.62885
2.637202
2.640209
2.639231
0
0
0
0
0
6.517566
6.472983
6.420556
6.359261
6.287542
2.612302
2.614409
2.623652
2.626579
2.625716
0
0
0
0
0
6.807065
6.76768
6.721264
6.666836
6.60317
2.602629
2.604928
2.610366
2.617261
2.605478
0
0
0
0
0
7.014323
6.979636
6.938525
6.890268
6.833648
2.597763
2.598314
2.59981
2.601795
2.601583
0
0
0
0
0
7.152139
7.121627
7.085321
7.042514
6.992246
2.583727
2.594295
2.598976
2.599263
2.597062
0
0
0
0
0
7.23571
7.20895
7.176864
7.138928
7.094195
2.591545
2.597906
2.600121
2.604453
2.601611
0
0
0
0
0
4.888355
4.439673
3.877565
3.288469
2.601239
2.600172
2.607844
2.611483
2.606349
0
0
0
0
0
5.210388
4.852493
4.399867
3.831941
3.229249
2.600708
2.608433
2.6099
2.613316
2.61136
0
0
0
0
0
5.415435
5.126326
4.7653
4.30891
3.733878
2.615032
2.61654
2.622221
2.628961
2.625723
0
0
0
0
0
5.508935
5.272763
4.981837
4.61893
4.160058
2.624997
2.629099
2.638898
2.644293
2.640014
0
0
0
0
0
5.492238
5.298135
5.061856
4.771181
4.408787
2.645192
2.654487
2.665424
2.675516
2.673276
0
0
0
0
0
5.388988
5.228881
5.035884
4.801358
4.513126
2.678435
2.68795
2.7023
2.714802
2.71437
0
0
0
0
0
5.280508
5.147914
4.98937
4.7986
4.56696
2.699138
2.71143
2.727656
2.741384
2.743381
0
0
0
0
0
5.206788
5.09596
4.964318
4.807202
4.618257
2.706516
2.720155
2.740083
2.75353
2.756463
0
0
0
0
0
5.1806
5.086779
4.975893
4.844436
4.687627
2.709233
2.723647
2.739914
2.75682
2.759869
0
0
0
0
0
5.205786
5.125202
5.03035
4.918488
4.785947
2.709214
2.723504
2.742037
2.75756
2.758686
0
0
0
0
0
5.285055
5.214853
5.132435
5.035654
4.921567
2.705765
2.719907
2.73762
2.752797
2.755329
0
0
0
0
0
5.422401
5.360428
5.287786
5.202719
5.102887
2.698228
2.709124
2.726884
2.740689
2.742476
0
0
0
0
0
5.623276
5.567915
5.503103
5.427353
5.338681
2.676873
2.687624
2.699958
2.71156
2.711853
0
0
0
0
0
5.891655
5.841906
5.78363
5.715592
5.636085
2.647073
2.654129
2.662838
2.671166
2.669916
0
0
0
0
0
6.220516
6.176017
6.123754
6.062718
5.991397
2.619619
2.627491
2.636329
2.642188
2.637358
0
0
0
0
0
6.570297
6.531097
6.484933
6.430857
6.367629
2.613705
2.615264
2.622251
2.629653
2.621456
0
0
0
0
0
6.855868
6.821274
6.78033
6.732293
6.675957
2.600312
2.603817
2.611925
2.612736
2.612658
0
0
0
0
0
7.059279
7.028771
6.992514
6.949775
6.899606
2.588256
2.600066
2.603164
2.602787
2.595997
0
0
0
0
0
7.193494
7.166704
7.134617
7.096683
7.051968
2.58955
2.592774
2.598709
2.601367
2.593777
0
0
0
0
0
7.273854
7.250377
7.222052
7.18835
7.14852
2.595331
2.594936
2.602484
2.604961
2.599485
0
0
0
0
0
5.254273
4.89657
4.444322
3.878077
3.284126
2.599762
2.60394
2.606002
2.611381
2.606812
0
0
0
0
0
5.508656
5.219552
4.858469
4.402183
3.829786
2.598999
2.603267
2.612864
2.612934
2.608088
0
0
0
0
0
5.662343
5.425361
5.133374
4.769092
4.308737
2.606016
2.618823
2.624439
2.6276
2.62383
0
0
0
0
0
5.715517
5.519409
5.280623
4.986776
4.620341
2.622818
2.629222
2.637576
2.644753
2.64073
0
0
0
0
0
5.665781
5.502825
5.306318
5.067388
4.77354
2.648457
2.652555
2.664533
2.673491
2.673847
0
0
0
0
0
5.53468
5.398899
5.236503
5.041023
4.803572
2.678137
2.688247
2.70217
2.712629
2.714975
0
0
0
0
0
5.403299
5.289881
5.155132
4.994279
4.80082
2.698057
2.711411
2.727458
2.741292
2.743092
0
0
0
0
0
5.311349
5.215879
5.103029
4.969238
4.809633
2.705745
2.719992
2.73778
2.75414
2.756056
0
0
0
0
0
5.270925
5.1896
5.093866
4.98096
4.847172
2.708981
2.723039
2.741953
2.75586
2.759785
0
0
0
0
0
5.285052
5.214845
5.132428
5.03565
4.921571
2.708352
2.723529
2.741792
2.75774
2.760569
0
0
0
0
0
5.355743
5.294312
5.22233
5.138049
5.039127
2.705407
2.718958
2.737618
2.752709
2.755418
0
0
0
0
0
5.486466
5.432008
5.368285
5.293819
5.206656
2.6981
2.710304
2.725541
2.740406
2.742278
0
0
0
0
0
5.682192
5.633425
5.57633
5.509713
5.431889
2.675803
2.686955
2.701346
2.711633
2.711513
0
0
0
0
0
5.946492
5.902619
5.851153
5.791093
5.720999
2.644812
2.653854
2.66398
2.670548
2.669336
0
0
0
0
0
6.271936
6.232691
6.186529
6.132538
6.069498
2.616291
2.626417
2.634165
2.641707
2.638589
0
0
0
0
0
6.618448
6.583983
6.543238
6.495467
6.439505
2.615503
2.616231
2.624545
2.627744
2.625904
0
0
0
0
0
6.900633
6.870223
6.834102
6.791574
6.74167
2.596849
2.60525
2.607814
2.615479
2.607724
0
0
0
0
0
7.100653
7.07386
7.041811
7.003957
6.959344
2.596855
2.593749
2.605125
2.605414
2.597302
0
0
0
0
0
7.23165
7.20818
7.179841
7.146155
7.106343
2.595944
2.594691
2.598349
2.60029
2.595521
0
0
0
0
0
7.309124
7.288632
7.263614
7.233697
7.198131
2.59555
2.59773
2.600323
2.605679
2.600573
0
0
0
0
0
5.552322
5.263456
4.902563
4.446653
3.875944
2.59928
2.598676
2.608626
2.609832
2.606665
0
0
0
0
0
5.755537
5.518623
5.226627
4.862278
4.402024
2.6096
2.603364
2.612151
2.615171
2.608048
0
0
0
0
0
5.86967
5.672946
5.433323
5.138393
4.770562
2.613589
2.611954
2.625836
2.628671
2.62398
0
0
0
0
0
5.891169
5.726572
5.528041
5.286582
4.989535
2.625501
2.628745
2.636324
2.643827
2.64145
0
0
0
0
0
5.814921
5.676857
5.511651
5.312691
5.070843
2.644632
2.655776
2.663997
2.671785
2.671524
0
0
0
0
0
5.66104
5.544982
5.407032
5.242304
5.04409
2.678447
2.689217
2.701825
2.713757
2.712302
0
0
0
0
0
5.51066
5.412987
5.297509
5.160569
4.997171
2.69859
2.710831
2.727612
2.741014
2.742954
0
0
0
0
0
5.403442
5.320703
5.223287
5.10838
4.972215
2.705722
2.71957
2.737797
2.752873
2.756362
0
0
0
0
0
5.351003
5.280151
5.196975
5.099296
4.984151
2.708058
2.722642
2.741244
2.757686
2.759039
0
0
0
0
0
5.355742
5.294309
5.222322
5.138043
5.039124
2.708078
2.722474
2.74182
2.757474
2.76078
0
0
0
0
0
5.419142
5.365177
5.302012
5.228223
5.141866
2.706809
2.719122
2.73602
2.752642
2.755332
0
0
0
0
0
5.544213
5.496235
5.440069
5.37457
5.298064
2.696867
2.709812
2.726728
2.739245
2.742002
0
0
0
0
0
5.735535
5.692493
5.642029
5.583174
5.514533
2.677993
2.68541
2.699841
2.712174
2.711814
0
0
0
0
0
5.996379
5.957601
5.912047
5.858838
5.796768
2.645445
2.652687
2.664052
2.671161
2.668628
0
0
0
0
0
6.318898
6.284254
6.24338
6.195529
6.139578
2.622452
2.625918
2.635343
2.639421
2.638173
0
0
0
0
0
6.662637
6.632278
6.5963
6.553985
6.504369
2.613122
2.621406
2.623313
2.630338
2.624209
0
0
0
0
0
6.941829
6.915122
6.883215
6.845541
6.801184
2.596736
2.60664
2.612257
2.609743
2.610685
0
0
0
0
0
7.138789
7.115355
7.087048
7.053433
7.013736
2.596622
2.602591
2.601445
2.607233
2.600009
0
0
0
0
0
7.26695
7.246448
7.221453
7.191539
7.156005
2.596342
2.600469
2.600794
2.60071
2.594485
0
0
0
0
0
7.34187
7.324005
7.301992
7.275407
7.243652
2.594432
2.596001
2.602474
2.603366
2.600908
0
0
0
0
0
5.799043
5.562304
5.270539
4.906377
4.446498
2.595812
2.598506
2.604165
2.611966
2.605142
0
0
0
0
0
5.96282
5.766174
5.5266
5.231647
4.863741
2.594114
2.607767
2.612146
2.615663
2.61007
0
0
0
0
0
6.045952
5.880849
5.681672
5.439351
5.141196
2.617119
2.615311
2.620829
2.629128
2.624212
0
0
0
0
0
6.042132
5.902721
5.735856
5.534852
5.290451
2.618269
2.629487
2.637045
2.641157
2.640719
0
0
0
0
0
5.944302
5.826419
5.686235
5.518736
5.317062
2.647611
2.652938
2.665547
2.672732
2.669484
0
0
0
0
0
5.771554
5.671682
5.553555
5.413398
5.246091
2.678515
2.687129
2.70291
2.713339
2.713926
0
0
0
0
0
5.605237
5.520626
5.420973
5.3034
5.164034
2.698526
2.711015
2.727127
2.741117
2.742623
0
0
0
0
0
5.485108
5.41303
5.328409
5.229014
5.111828
2.705343
2.718935
2.737168
2.752892
2.75549
0
0
0
0
0
5.422417
5.36043
5.287781
5.202726
5.102885
2.708585
2.722125
2.74051
2.756872
2.760744
0
0
0
0
0
5.419151
5.365176
5.30201
5.228215
5.14186
2.704521
2.722428
2.740844
2.757503
2.760502
0
0
0
0
0
5.476298
5.428736
5.373077
5.308153
5.232343
2.70469
2.72186
2.736936
2.750634
2.755224
0
0
0
0
0
5.596497
5.554129
5.50448
5.44658
5.37909
2.697604
2.709368
2.726085
2.740303
2.740901
0
0
0
0
0
5.784059
5.745974
5.701268
5.649083
5.588247
2.676007
2.686783
2.699879
2.710871
2.712092
0
0
0
0
0
6.041918
6.007621
5.967193
5.919931
5.864753
2.644891
2.652104
2.66374
2.67125
2.668852
0
0
0
0
0
6.361957
6.331347
6.295106
6.252577
6.202804
2.623642
2.627934
2.636291
2.641351
2.635742
0
0
0
0
0
6.703247
6.676597
6.644756
6.60724
6.563117
2.617586
2.61431
2.626867
2.627053
2.626621
0
0
0
0
0
6.979789
6.95644
6.928263
6.894833
6.855364
2.603963
2.597659
2.613027
2.616207
2.60418
0
0
0
0
0
7.174088
7.153605
7.12868
7.098833
7.063405
2.599533
2.60063
2.606402
2.605553
2.601674
0
0
0
0
0
7.299722
7.281851
7.259845
7.233299
7.201564
2.596308
2.597036
2.60284
2.602995
2.595448
0
0
0
0
0
7.372326
7.356846
7.33748
7.313921
7.285521
2.592054
2.59559
2.600352
2.604625
2.598232
0
0
0
0
0
6.006153
5.809691
5.570284
5.275555
4.907835
2.594615
2.599309
2.603447
2.607848
2.607057
0
0
0
0
0
6.139049
5.974026
5.774906
5.532616
5.234426
2.592464
2.601209
2.612592
2.616796
2.610206
0
0
0
0
0
6.197497
6.057623
5.890221
5.688541
5.44325
2.616014
2.620512
2.620221
2.626456
2.624351
0
0
0
0
0
6.173091
6.054113
5.912564
5.743388
5.539647
2.626515
2.626644
2.636649
2.642522
2.637291
0
0
0
0
0
6.057497
5.956169
5.836273
5.693928
5.523884
2.644368
2.655572
2.664269
2.672838
2.671023
0
0
0
0
0
5.868923
5.782495
5.68064
5.56041
5.417802
2.677679
2.688804
2.701548
2.71365
2.71358
0
0
0
0
0
5.689126
5.615448
5.528925
5.42726
5.307361
2.698871
2.710481
2.727193
2.740835
2.74268
0
0
0
0
0
5.557941
5.494903
5.420999
5.334467
5.232872
2.705572
2.71929
2.736674
2.752182
2.755494
0
0
0
0
0
5.486471
5.432024
5.368287
5.293814
5.206663
2.709227
2.721428
2.740524
2.755821
2.75988
0
0
0
0
0
5.476286
5.428744
5.373077
5.308151
5.232336
2.707832
2.718873
2.741003
2.756559
2.760531
0
0
0
0
0
5.528024
5.486035
5.436817
5.37944
5.312544
2.704716
2.718508
2.740627
2.752089
2.753018
0
0
0
0
0
5.644045
5.606546
5.56254
5.511194
5.451346
2.696569
2.709638
2.725663
2.739809
2.741879
0
0
0
0
0
5.828342
5.794623
5.754905
5.708511
5.654385
2.677008
2.684983
2.699596
2.711337
2.710877
0
0
0
0
0
6.083662
6.053281
6.017363
5.975259
5.926066
2.646777
2.651695
2.662426
2.671253
2.668947
0
0
0
0
0
6.401528
6.374526
6.342346
6.304482
6.260066
2.620442
2.627139
2.636167
2.64173
2.638199
0
0
0
0
0
6.740704
6.717329
6.689221
6.655873
6.616582
2.611642
2.616291
2.618519
2.628819
2.62241
0
0
0
0
0
7.014928
6.994515
6.969719
6.940046
6.904851
2.605894
2.606155
2.603614
2.615357
2.61158
0
0
0
0
0
7.206853
7.189009
7.167056
7.140615
7.108982
2.587153
2.598525
2.605308
2.608276
2.600908
0
0
0
0
0
7.3302
7.31472
7.295365
7.271829
7.243485
2.596747
2.594381
2.599566
2.603413
2.597515
0
0
0
0
0
7.400675
7.387391
7.370428
7.349535
7.324181
2.592215
2.593838
2.600511
2.603829
2.599127
0
0
0
0
0
6.182218
6.017365
5.818419
5.576291
5.278317
2.600075
2.597251
2.605999
2.605642
2.602989
0
0
0
0
0
6.290552
6.150741
5.983396
5.781754
5.536476
2.605573
2.600513
2.610178
2.614475
2.611942
0
0
0
0
0
6.328922
6.209594
6.067548
5.897803
5.693355
2.614124
2.619227
2.626366
2.623638
2.622872
0
0
0
0
0
6.287689
6.185448
6.064439
5.920711
5.748966
2.624058
2.63022
2.638045
2.641395
2.638993
0
0
0
0
0
6.157211
6.069688
5.966438
5.844493
5.699738
2.645491
2.652851
2.665577
2.672816
2.670614
0
0
0
0
0
5.955321
5.880129
5.791791
5.687921
5.565347
2.677818
2.686904
2.702646
2.713165
2.713316
0
0
0
0
0
5.763965
5.699556
5.624026
5.53556
5.431653
2.697897
2.710358
2.726979
2.740776
2.742473
0
0
0
0
0
5.623291
5.567922
5.503107
5.427349
5.338685
2.705391
2.719282
2.73702
2.751878
2.754737
0
0
0
0
0
5.544216
5.49624
5.440085
5.374572
5.298059
2.709952
2.722322
2.739676
2.756147
2.758673
0
0
0
0
0
5.528033
5.486024
5.436825
5.37944
5.312542
2.707402
2.72223
2.738366
2.75695
2.759589
0
0
0
0
0
5.57509
5.537893
5.494279
5.44338
5.384072
2.705435
2.718282
2.736258
2.756684
2.754724
0
0
0
0
0
5.687438
5.654216
5.615108
5.569437
5.51618
2.697516
2.708992
2.726107
2.739427
2.74148
0
0
0
0
0
5.868919
5.839022
5.803697
5.762321
5.714021
2.67641
2.686213
2.699055
2.710374
2.711418
0
0
0
0
0
6.122006
6.095137
6.063161
6.025595
5.981592
2.643873
2.654339
2.661942
2.66976
2.668973
0
0
0
0
0
6.438027
6.414209
6.385662
6.351886
6.312165
2.623054
2.625326
2.634207
2.641476
2.638003
0
0
0
0
0
6.775374
6.754899
6.73009
6.7005
6.665408
2.617902
2.61794
2.621681
2.620758
2.6233
0
0
0
0
0
7.047538
7.02976
7.007923
6.981655
6.950243
2.600865
2.611097
2.60973
2.609627
2.609825
0
0
0
0
0
7.237338
7.221871
7.202578
7.179131
7.150927
2.600501
2.588248
2.601234
2.606745
2.602764
0
0
0
0
0
7.358586
7.345287
7.328341
7.307476
7.282164
2.593866
2.596949
2.598048
2.599565
2.597307
0
0
0
0
0
7.427175
7.415823
7.401072
7.382601
7.359933
2.595448
2.595234
2.600135
2.603442
2.599185
0
0
0
0
0
6.333585
6.193914
6.026728
5.82525
5.580128
2.59841
2.599435
2.603628
2.609069
2.600106
0
0
0
0
0
6.421939
6.302665
6.160658
5.990948
5.786517
2.609714
2.607963
2.611138
2.615279
2.609132
0
0
0
0
0
6.443936
6.341391
6.219996
6.07574
5.903391
2.610893
2.618195
2.62725
2.629874
2.619015
0
0
0
0
0
6.388658
6.300375
6.196196
6.073121
5.926959
2.621256
2.628793
2.637788
2.64493
2.637592
0
0
0
0
0
6.245734
6.16969
6.080322
5.975117
5.850876
2.646407
2.653436
2.665119
2.672994
2.671084
0
0
0
0
0
6.032424
5.966763
5.889725
5.799446
5.693322
2.675418
2.686362
2.700631
2.713483
2.713346
0
0
0
0
0
5.831115
5.774592
5.708381
5.630969
5.540333
2.697871
2.709742
2.726604
2.740662
2.74237
0
0
0
0
0
5.682195
5.633439
5.576336
5.509718
5.431885
2.705307
2.719083
2.737074
2.752096
2.754551
0
0
0
0
0
5.596499
5.554132
5.504485
5.446596
5.379092
2.707411
2.722882
2.740164
2.755475
2.759125
0
0
0
0
0
5.575075
5.537902
5.494269
5.443388
5.384073
2.707401
2.722139
2.740578
2.755147
2.760103
0
0
0
0
0
5.618018
5.585079
5.546287
5.501023
5.44823
2.705052
2.718805
2.736229
2.75139
2.759799
0
0
0
0
0
5.727186
5.69772
5.662914
5.622172
5.574624
2.695917
2.709512
2.725264
2.739701
2.7411
0
0
0
0
0
5.906187
5.879704
5.848225
5.81127
5.768018
2.675847
2.686637
2.699213
2.710348
2.710319
0
0
0
0
0
6.157386
6.133584
6.105143
6.071545
6.032108
2.643915
2.650634
2.664486
2.669902
2.667425
0
0
0
0
0
6.471796
6.450812
6.42547
6.395351
6.359748
2.624847
2.627662
2.633316
2.638559
2.63782
0
0
0
0
0
6.807527
6.789672
6.767786
6.74152
6.710212
2.608843
2.623264
2.624212
2.625507
2.615509
0
0
0
0
0
7.077884
7.062469
7.043287
7.02
6.992017
2.611768
2.605026
2.61598
2.611983
2.606531
0
0
0
0
0
7.265716
7.252447
7.23555
7.214781
7.189594
2.595946
2.601554
2.595699
2.603057
2.600937
0
0
0
0
0
7.385083
7.373757
7.359009
7.340571
7.317949
2.588712
2.593868
2.600295
2.599905
2.593067
0
0
0
0
0
7.451979
7.442401
7.429598
7.413354
7.393126
2.596555
2.594117
2.60127
2.603383
2.598377
0
0
0
0
0
6.464846
6.345699
6.203819
6.034258
5.829982
2.596914
2.597777
2.604355
2.607782
2.60393
0
0
0
0
0
6.536902
6.43442
6.313054
6.168811
5.996474
2.606356
2.607624
2.615023
2.614803
2.611203
0
0
0
0
0
6.545275
6.456731
6.352211
6.228714
6.08199
2.613301
2.618432
2.624443
2.631061
2.625482
0
0
0
0
0
6.478277
6.401638
6.311494
6.205343
6.079949
2.626588
2.628195
2.636953
2.644057
2.641673
0
0
0
0
0
6.324754
6.258469
6.180648
6.089404
5.982
2.645441
2.654775
2.664773
2.673943
2.670798
0
0
0
0
0
6.101596
6.044077
5.976625
5.897711
5.805255
2.676979
2.686136
2.700744
2.711905
2.713385
0
0
0
0
0
5.891657
5.841919
5.783639
5.715598
5.636077
2.697592
2.709985
2.726325
2.740284
2.742297
0
0
0
0
0
5.73554
5.692495
5.642043
5.58318
5.514537
2.7061
2.719089
2.737165
2.75222
2.754682
0
0
0
0
0
5.644049
5.606549
5.562542
5.511199
5.451361
2.706692
2.72154
2.741003
2.75548
2.758596
0
0
0
0
0
5.618018
5.585064
5.546295
5.501012
5.448237
2.708108
2.721735
2.740623
2.756373
2.758726
0
0
0
0
0
5.657338
5.628116
5.593607
5.553195
5.506069
2.704187
2.718774
2.736498
2.751401
2.754002
0
0
0
0
0
5.763693
5.737571
5.706544
5.670131
5.62754
2.69673
2.708809
2.725544
2.739003
2.741271
0
0
0
0
0
5.940569
5.91707
5.889027
5.855942
5.817138
2.67608
2.684722
2.700506
2.710362
2.710367
0
0
0
0
0
6.190106
6.169059
6.143706
6.113666
6.078224
2.644543
2.651153
2.660838
2.672046
2.667979
0
0
0
0
0
6.503122
6.484676
6.462189
6.435299
6.403377
2.621871
2.633086
2.636133
2.638968
2.634494
0
0
0
0
0
6.837434
6.821921
6.802676
6.779355
6.751396
2.611381
2.613484
2.630237
2.625444
2.621051
0
0
0
0
0
7.106139
7.092906
7.076106
7.055495
7.030517
2.601961
2.611608
2.612669
2.616871
2.606879
0
0
0
0
0
7.292199
7.280909
7.266226
7.247873
7.225385
2.595308
2.597829
2.604044
2.601759
2.597978
0
0
0
0
0
7.409917
7.400332
7.387572
7.371348
7.351171
2.59047
2.591841
2.599695
2.601061
2.594503
0
0
0
0
0
7.475236
7.467279
7.456263
7.441982
7.423997
2.591824
2.596748
2.597372
2.603251
2.598318
0
0
0
0
0
6.579719
6.477324
6.356073
6.211947
6.039748
2.589366
2.599189
2.602027
2.607931
2.603566
0
0
0
0
0
6.63824
6.549706
6.44522
6.321727
6.174991
2.596874
2.607645
2.608013
2.619297
2.609328
0
0
0
0
0
6.635232
6.558362
6.467918
6.36139
6.235535
2.611732
2.618583
2.627629
2.627357
2.626332
0
0
0
0
0
6.558318
6.491517
6.413086
6.32105
6.212677
2.62336
2.636394
2.637172
2.642833
2.641095
0
0
0
0
0
6.395658
6.337719
6.269715
6.190089
6.096724
2.644323
2.653658
2.666062
2.673269
2.672321
0
0
0
0
0
6.164005
6.113441
6.054179
5.984907
5.903882
2.676933
2.686536
2.700774
2.712446
2.712054
0
0
0
0
0
5.946503
5.902621
5.851166
5.791102
5.721005
2.697503
2.70942
2.726397
2.740077
2.741943
0
0
0
0
0
5.78406
5.745978
5.701271
5.649097
5.588254
2.704789
2.718154
2.736801
2.752486
2.754848
0
0
0
0
0
5.687441
5.65422
5.61511
5.569439
5.516186
2.706153
2.721232
2.739839
2.756497
2.758358
0
0
0
0
0
5.657337
5.628117
5.593593
5.553203
5.50606
2.707189
2.722452
2.740238
2.756234
2.759457
0
0
0
0
0
5.693458
5.667537
5.636768
5.600664
5.558421
2.704938
2.718134
2.736337
2.751576
2.754029
0
0
0
0
0
5.797367
5.774172
5.746511
5.7139
5.675665
2.696928
2.708687
2.725213
2.739024
2.740666
0
0
0
0
0
5.97237
5.951542
5.926503
5.896876
5.861967
2.676035
2.684497
2.699015
2.711336
2.710441
0
0
0
0
0
6.220459
6.201868
6.179288
6.152359
6.120497
2.640965
2.652608
2.662405
2.669017
2.669908
0
0
0
0
0
6.532248
6.51609
6.496161
6.472146
6.443476
2.620472
2.627079
2.64286
2.641932
2.635502
0
0
0
0
0
6.86529
6.851919
6.835034
6.814373
6.789382
2.614631
2.615294
2.623665
2.632119
2.619339
0
0
0
0
0
7.132484
7.121247
7.106646
7.088436
7.066153
2.602782
2.603181
2.614578
2.617101
2.610794
0
0
0
0
0
7.317036
7.307473
7.294784
7.278661
7.258607
2.587553
2.598695
2.602696
2.603565
2.598119
0
0
0
0
0
7.433176
7.42524
7.414235
7.400014
7.382068
2.591576
2.598533
2.601503
2.594896
0
0
0
0
0
7.497057
7.490604
7.481223
7.468743
7.452737
2.589799
2.596037
2.601201
2.598986
2.597502
0
0
0
0
0
6.680976
6.592518
6.488107
6.364717
6.218086
2.596499
2.596232
2.602916
2.603877
2.603449
0
0
0
0
0
6.728154
6.65133
6.560869
6.454348
6.328471
2.596989
2.60186
2.612809
2.606709
2.614973
0
0
0
0
0
6.715575
6.648577
6.569874
6.477501
6.368711
2.608502
2.614909
2.626593
2.632856
2.622383
0
0
0
0
0
6.630144
6.571793
6.503258
6.423004
6.328827
2.621009
2.628628
2.648347
2.64276
2.639498
0
0
0
0
0
6.459622
6.40883
6.349225
6.279473
6.1978
2.64526
2.650577
2.66457
2.673692
2.671441
0
0
0
0
0
6.220535
6.176023
6.123759
6.062725
5.991398
2.676629
2.685583
2.699829
2.711699
2.712635
0
0
0
0
0
5.996384
5.957612
5.912049
5.85885
5.796777
2.698013
2.709693
2.725961
2.739964
2.741749
0
0
0
0
0
5.828348
5.794624
5.754909
5.708514
5.654399
2.705685
2.718698
2.735691
2.751839
2.755202
0
0
0
0
0
5.72718
5.697723
5.662919
5.622174
5.574626
2.707293
2.721111
2.740005
2.755646
2.759435
0
0
0
0
0
5.69346
5.667536
5.636769
5.600651
5.558428
2.703077
2.721277
2.741502
2.756064
2.759221
0
0
0
0
0
5.72677
5.70375
5.676303
5.643963
5.606052
2.704135
2.720518
2.73587
2.751351
2.754183
0
0
0
0
0
5.828515
5.807934
5.783219
5.753994
5.719586
2.696889
2.709042
2.725144
2.738935
2.740586
0
0
0
0
0
6.00186
5.983427
5.961078
5.934475
5.903046
2.677171
2.685892
2.698734
2.710213
2.71122
0
0
0
0
0
6.248664
6.232303
6.212197
6.18806
6.15933
2.64318
2.649532
2.663074
2.67007
2.667208
0
0
0
0
0
6.559366
6.5453
6.527676
6.506237
6.480463
2.622184
2.624163
2.636963
2.648276
2.638595
0
0
0
0
0
6.891283
6.879859
6.865133
6.846851
6.82454
2.611232
2.61466
2.622391
2.630962
2.626151
0
0
0
0
0
7.1572
7.147673
7.135083
7.119088
7.099227
2.602385
2.605393
2.608209
2.615886
2.612381
0
0
0
0
0
7.340283
7.332384
7.321437
7.307324
7.289516
2.593109
2.60442
2.604913
2.596999
0
0
0
0
0
7.455037
7.448569
7.439226
7.426774
7.410846
2.597933
2.601291
2.595844
0
0
0
0
0
7.517581
7.512489
7.504624
7.493793
7.479601
2.589672
2.593918
2.601645
2.603765
2.593396
0
0
0
0
0
6.770793
6.694059
6.60366
6.497202
6.371416
2.592843
2.594565
2.60328
2.604
2.598323
0
0
0
0
0
6.808493
6.741499
6.662814
6.570396
6.461584
2.603565
2.605446
2.609279
2.615896
2.599803
0
0
0
0
0
6.78768
6.729152
6.66038
6.579816
6.48526
2.610883
2.620438
2.621625
2.631775
2.628923
0
0
0
0
0
6.694947
6.643829
6.583796
6.513499
6.431175
2.621587
2.625721
2.636629
2.65515
2.639292
0
0
0
0
0
6.517588
6.472983
6.420569
6.359269
6.28753
2.648123
2.652037
2.662152
2.672479
2.67147
0
0
0
0
0
6.271952
6.232709
6.186535
6.132544
6.069505
2.676184
2.687129
2.699963
2.71119
2.711548
0
0
0
0
0
6.041933
6.007625
5.967204
5.919934
5.864766
2.697411
2.709429
2.725963
2.739678
2.741535
0
0
0
0
0
5.868907
5.839027
5.803697
5.762325
5.714023
2.704892
2.718472
2.736355
2.750601
2.754413
0
0
0
0
0
5.763692
5.737564
5.706548
5.670135
5.627542
2.707426
2.721815
2.74011
2.755851
2.75875
0
0
0
0
0
5.726769
5.703752
5.676302
5.643963
5.606041
2.704922
2.717652
2.739549
2.757627
2.759166
0
0
0
0
0
5.757586
5.737148
5.712622
5.683624
5.649502
2.704948
2.717799
2.738948
2.750905
2.753924
0
0
0
0
0
5.857391
5.839162
5.817079
5.790821
5.75982
2.696591
2.708953
2.725018
2.738808
2.740563
0
0
0
0
0
6.029261
6.012994
5.993057
5.969162
5.940777
2.674221
2.686935
2.698909
2.710368
2.7102
0
0
0
0
0
6.274927
6.260585
6.242725
6.221079
6.19516
2.645654
2.651107
2.661752
2.670427
2.667838
0
0
0
0
0
6.584677
6.572494
6.556978
6.537863
6.514684
2.61457
2.627261
2.631239
2.643499
2.644422
0
0
0
0
0
6.91564
6.90593
6.893168
6.877062
6.857149
2.611831
2.613589
2.61913
2.626355
2.628076
0
0
0
0
0
7.180351
7.172464
7.1616
7.14763
7.130001
2.602037
2.60901
2.611585
2.610355
0
0
0
0
0
7.362141
7.355701
7.346432
7.334075
7.318293
2.601607
2.60696
2.599403
0
0
0
0
0
7.475559
7.470494
7.462632
7.451856
7.437711
2.600281
2.596018
0
0
0
0
0
7.536902
7.533074
7.526582
7.517278
7.504748
2.587446
2.589624
2.600169
2.6037
2.598587
0
0
0
0
0
6.851059
6.784129
6.70552
6.613151
6.50439
2.598645
2.594221
2.599027
2.605918
2.598009
0
0
0
0
0
6.880568
6.822067
6.75327
6.672695
6.578066
2.600625
2.60705
2.612851
2.613321
2.611019
0
0
0
0
0
6.852761
6.801466
6.741215
6.670641
6.587965
2.613609
2.615462
2.629785
2.625041
2.627737
0
0
0
0
0
6.753664
6.708824
6.65607
6.594327
6.522022
2.620094
2.627704
2.634405
2.642077
2.651972
0
0
0
0
0
6.570298
6.531118
6.484932
6.43087
6.367636
2.644068
2.65486
2.662183
2.671019
2.670325
0
0
0
0
0
6.318922
6.284269
6.243398
6.195535
6.139584
2.676359
2.685318
2.701186
2.711497
2.711365
0
0
0
0
0
6.083654
6.053296
6.017367
5.97527
5.926068
2.697237
2.709639
2.725645
2.739441
2.741332
0
0
0
0
0
5.906184
5.879692
5.848231
5.81127
5.768022
2.704477
2.718642
2.736254
2.751413
2.753127
0
0
0
0
0
5.797358
5.774171
5.746505
5.713903
5.675669
2.706908
2.721808
2.740204
2.756178
2.758932
0
0
0
0
0
5.75759
5.737146
5.712623
5.683623
5.649502
2.701783
2.719273
2.736406
2.755264
2.760845
0
0
0
0
0
5.786146
5.768043
5.746116
5.720058
5.6893
2.704022
2.718613
2.73541
2.753679
2.753463
0
0
0
0
0
5.884218
5.868113
5.848399
5.824789
5.796775
2.695178
2.708567
2.724897
2.738566
2.740436
0
0
0
0
0
6.054773
6.040468
6.022712
6.001245
5.975587
2.672311
2.683936
2.699741
2.709135
2.71055
0
0
0
0
0
6.299443
6.28692
6.271093
6.251709
6.2283
2.644529
2.65068
2.661679
2.670277
2.667978
0
0
0
0
0
6.608388
6.597878
6.58426
6.567268
6.54643
2.621904
2.624723
2.634863
2.636514
2.64038
0
0
0
0
0
6.93845
6.930362
6.919328
6.905201
6.887481
2.617076
2.620366
2.621661
2.621957
0
0
0
0
0
7.202097
7.195685
7.186475
7.174247
7.158658
2.606125
2.609862
2.606913
0
0
0
0
0
7.382654
7.377624
7.369828
7.359161
7.34515
2.605436
2.601569
0
0
0
0
0
7.494906
7.491078
7.484629
7.475347
7.462891
2.594809
0
0
0
0
0
7.555148
7.552453
7.547235
7.539315
7.528325
2.599632
2.590846
2.59426
2.601986
2.598121
0
0
0
0
0
6.92307
6.864624
6.795875
6.715361
6.620769
2.5876
2.60137
2.601327
2.601603
2.600414
0
0
0
0
0
6.945635
6.894349
6.834094
6.763466
6.680748
2.604701
2.601325
2.6139
2.61507
2.608832
0
0
0
0
0
6.911714
6.866735
6.813763
6.751763
6.679136
2.610923
2.619898
2.620827
2.633148
2.620213
0
0
0
0
0
6.807079
6.767714
6.721279
6.666861
6.603163
2.621921
2.626032
2.637029
2.640039
2.638521
0
0
0
0
0
6.618484
6.583985
6.54326
6.495467
6.439519
2.644213
2.652527
2.665114
2.670363
2.669418
0
0
0
0
0
6.361961
6.331371
6.29512
6.252595
6.202809
2.673603
2.685248
2.700086
2.712195
2.711615
0
0
0
0
0
6.122005
6.095129
6.063176
6.0256
5.981602
2.696753
2.709405
2.725695
2.739335
2.740977
0
0
0
0
0
5.940558
5.917067
5.889016
5.855948
5.817139
2.704248
2.718081
2.736206
2.75128
2.754
0
0
0
0
0
5.82851
5.807924
5.783217
5.753988
5.719589
2.706838
2.72127
2.74058
2.756044
2.759346
0
0
0
0
0
5.786143
5.768047
5.746114
5.720059
5.689299
2.705546
2.717212
2.738393
2.752518
2.758313
0
0
0
0
0
5.812684
5.796677
5.777101
5.753659
5.725861
2.708199
2.717718
2.736459
2.750316
2.756044
0
0
0
0
0
5.909189
5.89501
5.877435
5.856211
5.830862
2.696475
2.707685
2.725006
2.738399
2.740169
0
0
0
0
0
6.078581
6.066048
6.050268
6.030997
6.007785
2.672322
2.683679
2.698564
2.709538
2.708759
0
0
0
0
0
6.322394
6.311502
6.297509
6.280173
6.259042
2.642396
2.651176
2.661137
2.669447
2.66852
0
0
0
0
0
6.630592
6.621657
6.609726
6.594647
6.575948
2.626079
2.634706
2.639435
2.632937
0
0
0
0
0
6.959889
6.953241
6.943843
6.931458
6.915734
2.622286
2.623737
2.616447
0
0
0
0
0
7.222502
7.217497
7.209775
7.199215
7.185383
2.60889
2.603798
0
0
0
0
0
7.401986
7.398201
7.391824
7.382644
7.370335
2.600491
0
0
0
0
0
7.513184
7.510482
7.505282
7.497423
7.486474
0
0
0
0
0
7.572271
7.570755
7.566679
7.560044
7.550448
2.590991
2.595246
2.59727
2.597891
2.596215
0
0
0
0
0
6.988071
6.936838
6.876624
6.80603
6.723358
2.598015
2.594512
2.606951
2.606222
2.596482
0
0
0
0
0
7.004577
6.959603
6.906607
6.844572
6.771861
2.603029
2.606934
2.605733
2.617105
2.609212
0
0
0
0
0
6.96535
6.925861
6.879244
6.824568
6.760569
2.616831
2.613953
2.629497
2.623022
2.627691
0
0
0
0
0
6.855895
6.821289
6.780365
6.732307
6.675981
2.622388
2.62596
2.635622
2.642855
2.636459
0
0
0
0
0
6.662644
6.632314
6.596302
6.554006
6.504369
2.646398
2.653015
2.66381
2.672226
2.668569
0
0
0
0
0
6.401528
6.37453
6.34237
6.304496
6.260083
2.673566
2.684829
2.699772
2.711789
2.712183
0
0
0
0
0
6.157368
6.133583
6.105135
6.07156
6.032113
2.696827
2.708687
2.725543
2.739312
2.740997
0
0
0
0
0
5.972361
5.951531
5.9265
5.896865
5.861973
2.704368
2.717731
2.735748
2.751237
2.753827
0
0
0
0
0
5.857381
5.839157
5.81707
5.790819
5.759813
2.706118
2.721639
2.739714
2.756752
2.759151
0
0
0
0
0
5.81269
5.796674
5.777104
5.753658
5.725862
2.704941
2.719726
2.736904
2.754451
2.755713
0
0
0
0
0
5.837382
5.823285
5.805819
5.784744
5.759579
2.703802
2.722288
2.735412
2.751557
2.752814
0
0
0
0
0
5.932503
5.920048
5.904412
5.88534
5.862394
2.69647
2.708781
2.724044
2.738544
2.739978
0
0
0
0
0
6.100865
6.089919
6.075924
6.058644
6.037642
2.674121
2.683515
2.698194
2.709755
2.708954
0
0
0
0
0
6.343891
6.334516
6.322167
6.306678
6.28761
2.650876
2.663132
2.669311
2.667255
0
0
0
0
0
6.651453
6.643925
6.633581
6.620202
6.603432
2.633916
2.640839
2.635443
0
0
0
0
0
6.980004
6.974745
6.9668
6.956065
6.942097
2.623754
2.618935
0
0
0
0
0
7.241751
7.237967
7.231661
7.222602
7.210452
2.603926
0
0
0
0
0
7.420311
7.417591
7.412471
7.40472
7.393911
0
0
0
0
0
7.53032
7.528815
7.524751
7.518153
7.508636
0
0
0
0
7.588675
7.587928
7.585042
7.579558
7.571258
2.587383
2.591791
2.599235
2.60076
2.593296
0
0
0
0
0
7.046973
7.002025
6.949068
6.887058
6.814366
2.59251
2.597523
2.602164
2.609021
2.60194
0
0
0
0
0
7.058206
7.018715
6.97207
6.917339
6.853272
2.596496
2.607761
2.612381
2.608305
2.612054
0
0
0
0
0
7.014372
6.979654
6.938563
6.890282
6.833653
2.614556
2.615143
2.621365
2.633996
2.617716
0
0
0
0
0
6.900664
6.87025
6.834117
6.791607
6.741683
2.62384
2.628708
2.634771
2.642214
2.639378
0
0
0
0
0
6.703255
6.676604
6.644791
6.607243
6.563138
2.64346
2.654186
2.664358
2.671582
2.669768
0
0
0
0
0
6.438011
6.414209
6.385666
6.351909
6.312179
2.676685
2.684903
2.699124
2.711361
2.711999
0
0
0
0
0
6.190094
6.169041
6.143705
6.113658
6.078238
2.697199
2.709075
2.725337
2.739091
2.740951
0
0
0
0
0
6.001849
5.983417
5.961066
5.934471
5.903035
2.704175
2.718122
2.735696
2.750745
2.753817
0
0
0
0
0
5.884216
5.868103
5.848394
5.82478
5.796773
2.705645
2.719063
2.739993
2.755489
2.760032
0
0
0
0
0
5.837388
5.82329
5.805816
5.784747
5.759577
2.70776
2.71963
2.738453
2.753043
2.757571
0
0
0
0
0
5.860443
5.848047
5.832504
5.813555
5.790772
2.702413
2.71775
2.739725
2.750404
2.754158
0
0
0
0
0
5.954315
5.943422
5.929523
5.912404
5.891625
2.696214
2.708727
2.725004
2.737785
2.740082
0
0
0
0
0
6.121732
6.112262
6.099867
6.084384
6.065387
2.683942
2.698112
2.709625
2.70971
0
0
0
0
0
6.364081
6.356072
6.345252
6.33142
6.314213
2.662308
2.672058
2.667529
0
0
0
0
0
6.671029
6.664846
6.655921
6.644142
6.629085
2.639058
2.637608
0
0
0
0
0
6.998942
6.994923
6.988376
6.979108
6.966803
2.618063
0
0
0
0
0
7.259982
7.257274
7.252202
7.24457
7.233933
0
0
0
0
0
7.437425
7.43597
7.431927
7.425444
7.416076
0
0
0
0
7.546742
7.546002
7.543146
7.537692
7.529448
0
0
0
7.603696
7.604381
7.602271
7.597988
7.590849
2.595445
2.591209
2.596665
2.601871
2.596024
0
0
0
0
0
7.10055
7.061096
7.014463
6.959755
6.895698
2.598976
2.594927
2.602071
2.603946
2.603426
0
0
0
0
0
7.107229
7.072499
7.031373
6.983032
6.926315
2.593919
2.600071
2.61076
2.613706
2.603237
0
0
0
0
0
7.059325
7.02882
6.992532
6.949814
6.89962
2.609132
2.61555
2.617274
2.626306
2.629035
0
0
0
0
0
6.941818
6.915152
6.883241
6.845556
6.801218
2.622945
2.628389
2.636961
2.641499
2.639116
0
0
0
0
0
6.7407
6.717337
6.689229
6.655908
6.616586
2.643724
2.650445
2.664578
2.672204
2.669481
0
0
0
0
0
6.471787
6.450795
6.42547
6.395355
6.359771
2.675509
2.68644
2.698956
2.710769
2.711506
0
0
0
0
0
6.220448
6.201856
6.179271
6.152358
6.120489
2.696678
2.708597
2.725263
2.739101
2.740677
0
0
0
0
0
6.029247
6.012983
5.993047
5.96915
5.940774
2.704559
2.717413
2.735494
2.750829
2.753293
0
0
0
0
0
5.909193
5.895008
5.877425
5.856206
5.830853
2.706664
2.719446
2.736369
2.755374
2.758543
0
0
0
0
0
5.860447
5.848053
5.832509
5.813552
5.790775
2.706613
2.72142
2.73833
2.75413
2.756158
0
0
0
0
0
5.882006
5.871168
5.857339
5.840326
5.819683
2.703997
2.716527
2.735449
2.754118
2.752936
0
0
0
0
0
5.974739
5.965291
5.952966
5.937598
5.918785
2.708278
2.724761
2.73845
2.73945
0
0
0
0
0
6.141337
6.133185
6.122277
6.108406
6.09122
2.697132
2.709409
2.709609
0
0
0
0
0
6.383036
6.376317
6.366874
6.354582
6.339045
2.670756
2.67049
0
0
0
0
0
6.689474
6.684479
6.676909
6.666561
6.653117
2.635364
0
0
0
0
0
7.016922
7.013919
7.008624
7.000765
6.98994
0
0
0
0
0
7.277018
7.275561
7.271575
7.26519
7.25599
0
0
0
0
7.453856
7.453136
7.450367
7.444973
7.436883
0
0
0
7.561749
7.562473
7.56039
7.556155
7.549065
0
0
7.618869
7.619447
7.618779
7.61528
7.609352
2.597663
2.596648
2.596423
2.599501
2.596778
0
0
0
0
0
7.149532
7.114827
7.073722
7.025378
6.968669
2.593112
2.599433
2.600761
2.604119
2.597654
0
0
0
0
0
7.152181
7.121664
7.085331
7.042545
6.992258
2.594834
2.605288
2.608008
2.61185
2.607766
0
0
0
0
0
7.100672
7.073905
7.04186
7.003975
6.959382
2.609571
2.615212
2.62138
2.620429
2.62221
0
0
0
0
0
6.979793
6.95643
6.928293
6.89486
6.855379
2.617598
2.627581
2.63708
2.642742
2.638639
0
0
0
0
0
6.775358
6.754894
6.730098
6.700509
6.665444
2.644006
2.650911
2.661358
2.672452
2.670122
0
0
0
0
0
6.503123
6.484667
6.462173
6.435299
6.403381
2.675942
2.684186
2.699581
2.709862
2.710979
0
0
0
0
0
6.248648
6.232292
6.212186
6.188043
6.159329
2.696434
2.708786
2.724819
2.738774
2.740765
0
0
0
0
0
6.054767
6.040454
6.022701
6.001236
5.975576
2.704241
2.718348
2.735095
2.750355
2.753426
0
0
0
0
0
5.932505
5.92005
5.904409
5.88533
5.862389
2.707172
2.721192
2.738098
2.751019
2.758236
0
0
0
0
0
5.882005
5.871172
5.857345
5.840331
5.81968
2.705739
2.720491
2.739596
2.754128
2.75706
0
0
0
0
0
5.902212
5.892787
5.880528
5.865242
5.846549
2.71781
2.734857
2.750493
2.756357
0
0
0
0
0
5.993928
5.98577
5.9749
5.961117
5.944068
2.724898
2.738331
2.739963
0
0
0
0
0
6.159744
6.152842
6.143263
6.13089
6.115328
2.70755
2.709302
0
0
0
0
0
6.40088
6.395325
6.387182
6.376278
6.362293
2.66889
0
0
0
0
0
6.706951
6.702977
6.696607
6.687624
6.675622
0
0
0
0
0
7.033709
7.031953
7.027687
7.02109
7.011685
0
0
0
0
7.293388
7.292649
7.289925
7.284634
7.276694
0
0
0
7.468842
7.469618
7.467591
7.46348
7.45649
0
0
7.57696
7.577526
7.576916
7.573461
7.5676
0
7.631236
7.634665
7.633896
7.631847
7.626711
2.584974
2.596145
2.601062
2.597623
2.594402
0
0
0
0
0
7.194437
7.16395
7.127626
7.084845
7.03454
2.597955
2.593347
2.602184
2.603055
2.598706
0
0
0
0
0
7.193539
7.166746
7.134655
7.096693
7.051998
2.605897
2.601064
2.613343
2.612997
2.605574
0
0
0
0
0
7.138804
7.115374
7.087093
7.053481
7.013754
2.611551
2.614704
2.622633
2.62515
2.616109
0
0
0
0
0
7.014933
6.99452
6.969709
6.940076
6.904879
2.618707
2.622134
2.635797
2.643051
2.639455
0
0
0
0
0
6.807541
6.789656
6.767782
6.741527
6.710221
2.641671
2.651953
2.661126
2.670235
2.67035
0
0
0
0
0
6.532229
6.516092
6.496152
6.47213
6.443476
2.673489
2.684285
2.69857
2.709606
2.709597
0
0
0
0
0
6.27492
6.260568
6.242715
6.221068
6.195144
2.696789
2.70871
2.724864
2.738474
2.740328
0
0
0
0
0
6.078584
6.066041
6.050254
6.030987
6.007775
2.704275
2.717576
2.735546
2.750068
2.752838
0
0
0
0
0
5.954311
5.943424
5.929525
5.912402
5.891616
2.70736
2.721447
2.73977
2.754021
2.7535
0
0
0
0
0
5.902205
5.892786
5.880532
5.865247
5.846553
2.719257
2.738627
2.755117
2.757166
0
0
0
0
0
5.921181
5.913046
5.902211
5.888506
5.871552
2.73561
2.750166
2.753061
0
0
0
0
0
6.011944
6.005009
5.99544
5.983122
5.967671
2.738638
2.739936
0
0
0
0
0
6.177061
6.171299
6.162979
6.151946
6.137893
2.707257
0
0
0
0
0
6.417798
6.413218
6.406249
6.396655
6.384069
0
0
0
0
0
6.723293
6.720504
6.715164
6.707392
6.696767
0
0
0
0
7.04989
7.048792
7.045782
7.040225
7.032093
0
0
0
7.308269
7.30907
7.307071
7.303053
7.296217
0
0
7.484114
7.484651
7.484129
7.480768
7.475069
0
7.58929
7.592783
7.59202
7.590048
7.584974
7.645695
7.647068
7.649164
7.64702
7.643343
2.591675
2.58813
2.599897
2.603181
2.591588
0
0
0
0
0
7.235746
7.208984
7.176907
7.138939
7.094232
2.597726
2.597422
2.597727
2.603388
2.597391
0
0
0
0
0
7.231671
7.208224
7.179883
7.146193
7.106354
2.605764
2.607619
2.610609
2.616477
2.608748
0
0
0
0
0
7.174113
7.15362
7.128698
7.098877
7.063453
2.61677
2.6171
2.622441
2.62671
2.620707
0
0
0
0
0
7.04757
7.029765
7.007928
6.981645
6.950273
2.620997
2.625541
2.630885
2.642161
2.639693
0
0
0
0
0
6.837424
6.821936
6.802661
6.77935
6.751402
2.644974
2.650183
2.662435
2.669298
2.668706
0
0
0
0
0
6.559354
6.545281
6.527677
6.506228
6.480448
2.672028
2.683992
2.698403
2.710092
2.709133
0
0
0
0
0
6.299449
6.286913
6.271077
6.251699
6.228289
2.695993
2.708622
2.724934
2.738456
2.740112
0
0
0
0
0
6.100849
6.089922
6.075918
6.05863
6.037632
2.704754
2.717971
2.735328
2.750288
2.75261
0
0
0
0
0
5.974736
5.965287
5.952969
5.9376
5.918783
2.72138
2.739892
2.755458
2.757136
0
0
0
0
0
5.921178
5.913039
5.90221
5.888509
5.871557
2.738003
2.754228
2.758056
0
0
0
0
0
5.938999
5.932066
5.92253
5.910259
5.894898
2.75069
2.752823
0
0
0
0
0
6.028885
6.023073
6.014736
6.00373
5.989754
2.74029
0
0
0
0
0
6.193481
6.188663
6.181492
6.171728
6.159026
0
0
0
0
0
6.433604
6.430182
6.424197
6.415788
6.404521
0
0
0
0
6.739069
6.736893
6.732749
6.726016
6.716612
0
0
0
7.064502
7.065023
7.062678
7.058387
7.051306
0
0
7.323569
7.323997
7.323549
7.320264
7.314711
0
7.496331
7.499968
7.499214
7.497368
7.492427
7.603904
7.60515
7.607329
7.605209
7.601626
7.66157
7.661608
7.662344
7.658576
2.592576
2.593998
2.594751
2.602036
2.597761
0
0
0
0
0
7.273888
7.250414
7.222087
7.188393
7.148531
2.59548
2.599293
2.600833
2.60019
2.59764
0
0
0
0
0
7.266964
7.246469
7.221496
7.191581
7.156043
2.590633
2.607141
2.612949
2.615898
2.61117
0
0
0
0
0
7.206873
7.189033
7.167072
7.140632
7.109026
2.613397
2.619426
2.624331
2.626355
2.622297
0
0
0
0
0
7.077862
7.0625
7.043292
7.020005
6.992008
2.619113
2.625603
2.635087
2.637049
2.639133
0
0
0
0
0
6.865275
6.851909
6.835048
6.814359
6.789377
2.645655
2.651581
2.662019
2.669662
2.667502
0
0
0
0
0
6.584687
6.572483
6.55696
6.537864
6.514675
2.676176
2.682393
2.697968
2.70981
2.710192
0
0
0
0
0
6.322376
6.311508
6.297502
6.280157
6.259032
2.696266
2.708578
2.724846
2.738338
2.740072
0
0
0
0
0
6.121723
6.112247
6.09987
6.084378
6.065374
2.718203
2.735525
2.750438
2.752738
0
0
0
0
0
5.993917
5.985767
5.974895
5.96112
5.94407
2.739764
2.755607
2.758451
0
0
0
0
0
5.938994
5.932062
5.922523
5.910258
5.894901
2.753983
2.757227
0
0
0
0
0
5.95576
5.949931
5.941606
5.930644
5.916729
2.753275
0
0
0
0
0
6.044952
6.040059
6.032854
6.023089
6.010435
0
0
0
0
0
6.208816
6.205127
6.198908
6.190303
6.178878
0
0
0
0
6.448901
6.446032
6.441214
6.433797
6.423725
0
0
0
6.753224
6.752715
6.749191
6.743663
6.735307
0
0
7.079712
7.079679
7.078965
7.075348
7.069543
0
7.33556
7.339344
7.338528
7.336805
7.331993
7.511262
7.512222
7.514583
7.512509
7.509094
7.619808
7.619737
7.620574
7.616849
7.676159
7.674833
7.67396
2.593439
2.593632
2.597702
2.597591
2.596856
0
0
0
0
0
7.309132
7.288665
7.26365
7.233733
7.198173
2.593182
2.596236
2.60434
2.602434
2.595011
0
0
0
0
0
7.299715
7.281865
7.259867
7.233341
7.201606
2.60659
2.596731
2.612177
2.615271
2.611267
0
0
0
0
0
7.237319
7.22189
7.202602
7.179146
7.150944
2.613297
2.615801
2.624732
2.627723
2.621693
0
0
0
0
0
7.10612
7.092885
7.076136
7.055499
7.030521
2.623273
2.623704
2.63317
2.641518
2.633882
0
0
0
0
0
6.891295
6.879844
6.865123
6.846866
6.824526
2.64331
2.651926
2.661714
2.670831
2.667284
0
0
0
0
0
6.608371
6.597888
6.584249
6.56725
6.546431
2.675334
2.684331
2.696945
2.709224
2.709859
0
0
0
0
0
6.343878
6.334498
6.322173
6.306671
6.287594
2.70824
2.72482
2.738455
2.739829
0
0
0
0
0
6.141318
6.133176
6.122262
6.108409
6.091214
2.735958
2.75051
2.753039
0
0
0
0
0
6.011943
6.004998
5.995437
5.983118
5.967673
2.755492
2.758629
0
0
0
0
0
5.955764
5.949926
5.941602
5.930638
5.916727
2.757153
0
0
0
0
0
5.971642
5.966735
5.959524
5.949783
5.937185
0
0
0
0
0
6.059954
6.056169
6.049891
6.041267
6.029863
0
0
0
0
6.223683
6.220503
6.215422
6.207777
6.19752
0
0
0
6.462549
6.461371
6.457114
6.450872
6.441801
0
0
6.768158
6.766911
6.765064
6.760164
6.753024
0
7.091308
7.094936
7.093672
7.091696
7.086573
7.350891
7.351373
7.353928
7.351841
7.348602
7.527199
7.526878
7.527936
7.524297
7.634444
7.633027
7.632275
7.689438
7.686499
2.589663
2.595321
2.59835
2.599136
2.592115
0
0
0
0
0
7.341861
7.324013
7.302025
7.275444
7.243687
2.597534
2.594597
2.601403
2.607527
2.596812
0
0
0
0
0
7.330188
7.314713
7.295378
7.271851
7.243526
2.604553
2.608862
2.608658
2.615103
2.609956
0
0
0
0
0
7.265706
7.252428
7.235568
7.214805
7.18961
2.612013
2.616234
2.621251
2.628215
2.622814
0
0
0
0
0
7.132508
7.121228
7.106625
7.088464
7.066158
2.625011
2.627349
2.632348
2.638843
2.638429
0
0
0
0
0
6.915623
6.905942
6.893152
6.877052
6.857163
2.642198
2.651595
2.662442
2.669349
2.669241
0
0
0
0
0
6.630584
6.62164
6.609736
6.594635
6.57593
2.685772
2.69808
2.707974
2.709129
0
0
0
0
0
6.364055
6.356059
6.345234
6.331426
6.314206
2.724917
2.738463
2.740057
0
0
0
0
0
6.159745
6.152823
6.143254
6.130875
6.115331
2.751059
2.753064
0
0
0
0
0
6.02889
6.023072
6.014725
6.003727
5.989749
2.758546
0
0
0
0
0
5.971645
5.966739
5.959519
5.949779
5.937179
0
0
0
0
0
5.986468
5.98266
5.976379
5.967759
5.956392
0
0
0
0
6.074519
6.071211
6.066049
6.058361
6.048105
0
0
0
6.236891
6.235411
6.230845
6.224346
6.215058
0
0
6.477096
6.475057
6.472501
6.466826
6.45894
0
6.77922
6.781888
6.779307
6.776095
6.769589
7.107004
7.106568
7.108981
7.106459
7.102988
7.366751
7.365998
7.367299
7.3637
7.541907
7.540277
7.539786
7.64779
7.644777
7.701161
2.591144
2.592008
2.600632
2.601624
2.593498
0
0
0
0
0
7.372309
7.356837
7.337488
7.313953
7.285558
2.594122
2.601941
2.600863
2.604667
2.602453
0
0
0
0
0
7.358572
7.345275
7.328335
7.307489
7.282185
2.604634
2.607318
2.612078
2.616262
2.610188
0
0
0
0
0
7.292228
7.2809
7.266209
7.247891
7.225408
2.607716
2.614671
2.622908
2.624003
2.623897
0
0
0
0
0
7.157194
7.147696
7.135064
7.119068
7.099254
2.620668
2.630214
2.635256
2.638186
2.635472
0
0
0
0
0
6.938458
6.930345
6.91934
6.905185
6.88747
2.650306
2.66249
2.670085
2.667246
0
0
0
0
0
6.651429
6.643917
6.633564
6.620212
6.60342
2.699723
2.709291
2.707908
0
0
0
0
0
6.383035
6.376291
6.366861
6.354565
6.339051
2.738683
2.740064
0
0
0
0
0
6.177067
6.1713
6.162961
6.151938
6.137878
2.753673
0
0
0
0
0
6.04496
6.040064
6.032853
6.023078
6.010431
0
0
0
0
0
5.986464
5.982662
5.976382
5.967755
5.956388
0
0
0
0
6.000882
5.997525
5.992351
5.984669
5.974432
0
0
0
6.08742
6.085814
6.081136
6.074572
6.065261
0
0
6.251085
6.248655
6.245798
6.239821
6.231687
0
6.48762
6.489645
6.48623
6.482267
6.474954
6.795075
6.792983
6.794333
6.790389
6.785582
7.122313
7.120654
7.121826
7.117811
7.381431
7.379415
7.379221
7.555363
7.552177
7.6596
2.585158
2.593262
2.598819
2.603008
2.596866
0
0
0
0
0
7.400681
7.387374
7.37042
7.349543
7.324214
2.597506
2.597283
2.603605
2.604832
2.599753
0
0
0
0
0
7.38509
7.373742
7.358997
7.340564
7.317962
2.607538
2.605955
2.613697
2.612116
2.61242
0
0
0
0
0
7.317022
7.307501
7.294775
7.278644
7.258625
2.611357
2.61178
2.621152
2.627687
2.619351
0
0
0
0
0
7.180356
7.172458
7.161622
7.147611
7.129981
2.626186
2.638173
2.640024
2.634828
0
0
0
0
0
6.959867
6.953249
6.943825
6.93147
6.915718
2.661352
2.670182
2.66796
0
0
0
0
0
6.671041
6.664823
6.655914
6.644125
6.629095
2.710554
2.709282
0
0
0
0
0
6.400895
6.395324
6.387156
6.376265
6.362275
2.740348
0
0
0
0
0
6.193483
6.188669
6.181493
6.171709
6.159017
0
0
0
0
0
6.059946
6.056177
6.049896
6.041265
6.029852
0
0
0
0
6.000888
5.997521
5.992353
5.984673
5.974428
0
0
0
6.013626
6.011977
6.007261
6.000694
5.991402
0
0
6.101352
6.09875
6.095783
6.089709
6.08153
0
6.261157
6.262887
6.259083
6.254824
6.247218
6.503401
6.500198
6.500863
6.496043
6.490452
6.808885
6.805464
6.805469
6.799932
7.136454
7.133543
7.133241
7.394908
7.391387
7.567325
2.585197
2.588136
2.599479
2.602442
2.597681
0
0
0
0
0
7.427175
7.415829
7.401056
7.382592
7.359941
2.58941
2.598379
2.60419
2.603964
2.600302
0
0
0
0
0
7.40989
7.400339
7.387558
7.371337
7.351165
2.595719
2.606295
2.611569
2.61564
2.605858
0
0
0
0
0
7.340285
7.33237
7.321464
7.307314
7.289499
2.615523
2.621869
2.625104
2.623623
0
0
0
0
0
7.202082
7.19569
7.186468
7.174269
7.158639
2.635101
2.643107
2.636142
0
0
0
0
0
6.980019
6.974724
6.966807
6.956048
6.942109
2.669402
2.668061
0
0
0
0
0
6.689494
6.684491
6.676886
6.666554
6.6531
2.710444
0
0
0
0
0
6.417797
6.413233
6.406248
6.39663
6.384056
0
0
0
0
0
6.208801
6.205129
6.198914
6.190303
6.17886
0
0
0
0
6.074514
6.071202
6.066057
6.058366
6.048104
0
0
0
6.013623
6.011982
6.007257
6.000696
5.991406
0
0
6.027419
6.024755
6.021756
6.015653
6.007485
0
6.111112
6.112719
6.108759
6.104404
6.096721
6.27677
6.272986
6.273359
6.268153
6.262276
6.516024
6.511449
6.510726
6.504279
6.82142
6.81664
6.815071
7.149405
7.145008
7.406945
2.590606
2.588328
2.595528
2.603013
2.597575
0
0
0
0
0
7.451944
7.442401
7.429604
7.413338
7.393118
2.602999
2.591201
2.604582
2.607204
2.597692
0
0
0
0
0
7.433163
7.425213
7.414242
7.400001
7.382057
2.598143
2.612099
2.613931
2.610011
0
0
0
0
0
7.362117
7.355703
7.346417
7.334101
7.318282
2.622073
2.628956
2.620732
0
0
0
0
0
7.222533
7.217483
7.20978
7.199208
7.185405
2.641483
2.639256
0
0
0
0
0
6.998972
6.994937
6.988355
6.979115
6.966786
2.66732
0
0
0
0
0
6.706944
6.702996
6.696619
6.687601
6.675615
0
0
0
0
0
6.433583
6.430181
6.424212
6.415787
6.404496
0
0
0
0
6.223672
6.220488
6.215425
6.207783
6.197521
0
0
0
6.087416
6.085809
6.081127
6.074579
6.065266
0
0
6.027417
6.024752
6.02176
6.015649
6.007487
0
6.037027
6.038585
6.034572
6.030195
6.022497
6.12657
6.122505
6.12277
6.117423
6.11147
6.288643
6.283489
6.282477
6.275655
6.527327
6.521349
6.519018
6.832656
6.826285
7.160936
2.591207
2.587638
2.593696
2.599891
2.598047
0
0
0
0
0
7.475194
7.467244
7.456263
7.441988
7.423982
2.597087
2.597155
2.607732
2.602025
0
0
0
0
0
7.455018
7.448556
7.439199
7.426782
7.410834
2.60641
2.615904
2.608326
0
0
0
0
0
7.382662
7.377602
7.369829
7.359147
7.345175
2.625902
2.625827
0
0
0
0
0
7.241762
7.237997
7.231647
7.222606
7.210444
2.638359
0
0
0
0
0
7.016897
7.013948
7.008638
7.000745
6.989946
0
0
0
0
0
6.723268
6.720498
6.715184
6.707404
6.696744
0
0
0
0
6.44889
6.446011
6.441214
6.433812
6.423724
0
0
0
6.236889
6.2354
6.23083
6.224348
6.215064
0
0
6.101347
6.098746
6.095778
6.0897
6.081537
0
6.03702
6.038583
6.034569
6.0302
6.022493
6.052404
6.048218
6.048444
6.043054
6.037091
6.138007
6.132585
6.13148
6.124536
6.299195
6.292641
6.29003
6.537284
6.529679
6.842367
2.591133
2.590396
2.596297
2.595341
0
0
0
0
0
7.497024
7.490563
7.481188
7.468743
7.452743
2.599101
2.60247
2.602559
0
0
0
0
0
7.47556
7.470475
7.462619
7.451829
7.437719
2.611496
2.611402
0
0
0
0
0
7.402004
7.398209
7.391803
7.382644
7.370321
2.621358
0
0
0
0
0
7.259928
7.257286
7.252231
7.244556
7.233937
0
0
0
0
0
7.03369
7.031928
7.027715
7.021104
7.011664
0
0
0
0
6.739056
6.736869
6.732742
6.726035
6.716624
0
0
0
6.462538
6.46136
6.457092
6.450872
6.441816
0
0
6.251073
6.248652
6.245787
6.239805
6.231689
0
6.1111
6.112714
6.108754
6.104399
6.096712
6.052402
6.048212
6.048441
6.043051
6.037095
6.063638
6.058106
6.056972
6.049997
6.148136
6.141329
6.138644
6.308403
6.300231
6.545678
2.596532
2.593738
2.591145
0
0
0
0
0
7.517556
7.512458
7.504584
7.493759
7.479601
2.599857
2.598985
0
0
0
0
0
7.494899
7.491079
7.484611
7.475334
7.462864
2.607213
0
0
0
0
0
7.420272
7.417609
7.412479
7.4047
7.393912
0
0
0
0
0
7.27699
7.275509
7.271587
7.265218
7.255976
0
0
0
0
7.049874
7.048773
7.045757
7.040253
7.032107
0
0
0
6.753208
6.752702
6.749167
6.743657
6.735327
0
0
6.477078
6.475047
6.47249
6.466805
6.45894
0
6.261136
6.262875
6.25908
6.254813
6.247202
6.126565
6.122493
6.122765
6.117418
6.111465
6.063636
6.058099
6.05697
6.049994
6.073574
6.066666
6.063965
6.156934
6.148528
6.316054
2.600275
2.589425
0
0
0
0
0
7.53691
7.53305
7.526552
7.517239
7.504716
2.594165
0
0
0
0
0
7.513172
7.510477
7.505284
7.497406
7.486461
0
0
0
0
0
7.437405
7.435932
7.431944
7.425452
7.416056
0
0
0
0
7.293367
7.292622
7.289874
7.284647
7.276722
0
0
0
7.06448
7.065007
7.06266
7.058363
7.051334
0
0
6.768132
6.766896
6.765052
6.76014
6.753018
0
6.487595
6.489627
6.486219
6.482255
6.474932
6.276751
6.272965
6.273346
6.26815
6.262265
6.138001
6.132573
6.131475
6.124531
6.073571
6.06666
6.063963
6.082188
6.073693
6.164192
2.595804
0
0
0
0
0
7.55516
7.552461
7.547212
7.539286
7.528287
0
0
0
0
0
7.530304
7.528803
7.524747
7.518154
7.50862
0
0
0
0
7.453828
7.453118
7.45033
7.44499
7.436891
0
0
0
7.308244
7.30905
7.307045
7.303004
7.29623
0
0
7.079702
7.079658
7.07895
7.075329
7.069519
0
6.7792
6.781863
6.779292
6.776082
6.769565
6.503377
6.500173
6.500845
6.496032
6.49044
6.288623
6.283468
6.282465
6.275651
6.14813
6.141317
6.138639
6.082185
6.073687
6.089274
0
0
0
0
0
7.57227
7.570766
7.566687
7.560021
7.55042
0
0
0
0
7.546709
7.545987
7.543134
7.537689
7.529449
0
0
0
7.468837
7.469591
7.467574
7.463444
7.456506
0
0
7.32357
7.323974
7.32353
7.320239
7.314663
0
7.091305
7.094926
7.093652
7.091681
7.086554
6.795063
6.792964
6.794309
6.790374
6.785569
6.516001
6.511424
6.510709
6.504269
6.299176
6.29262
6.290018
6.156927
6.148516
6.089271
0
0
0
0
7.588646
7.587927
7.585052
7.579566
7.571236
0
0
0
7.561761
7.562442
7.560376
7.556143
7.549061
0
0
7.484115
7.484646
7.484104
7.480752
7.475034
0
7.335547
7.339346
7.338506
7.336787
7.331968
7.107
7.106566
7.108972
7.106439
7.102973
6.808874
6.805445
6.805445
6.799917
6.527303
6.521324
6.519001
6.308384
6.300211
6.164186
0
0
0
7.603699
7.604352
7.602271
7.597998
7.590856
0
0
7.576961
7.577539
7.576887
7.573448
7.567589
0
7.49632
7.49997
7.499209
7.497343
7.492412
7.3509
7.351361
7.35393
7.35182
7.348585
7.12231
7.120652
7.121817
7.117792
6.821409
6.816622
6.815048
6.537261
6.529656
6.316035
0
0
7.618871
7.61945
7.618752
7.61528
7.609361
0
7.58928
7.592786
7.592033
7.59002
7.584962
7.511279
7.512213
7.514586
7.512505
7.509071
7.366761
7.365988
7.367302
7.363679
7.136452
7.133542
7.133233
6.832645
6.826267
6.545655
0
7.631227
7.634667
7.633899
7.631821
7.626712
7.603926
7.605141
7.607332
7.605221
7.6016
7.527217
7.526871
7.527939
7.524293
7.381442
7.379406
7.379224
7.149404
7.145006
6.842356
7.645694
7.647061
7.649167
7.647024
7.643318
7.619832
7.619729
7.620577
7.616861
7.541926
7.540271
7.539789
7.394919
7.391379
7.160935
7.661571
7.661602
7.662347
7.65858
7.634469
7.633019
7.632279
7.555382
7.552171
7.406957
7.676162
7.674828
7.673964
7.647814
7.64477
7.567344
7.689441
7.686493
7.659624
7.701165
)
;

boundaryField
{
    cathodeSides
    {
        type            zeroGradient;
    }
    electrolyteSides
    {
        type            zeroGradient;
    }
    anodeSides
    {
        type            zeroGradient;
    }
    phiI_to_phiI0
    {
        type            zeroGradient;
    }
}


// ************************************************************************* //
