/*--------------------------------*- C++ -*----------------------------------*\
| =========                 |                                                 |
| \\      /  F ield         | OpenFOAM: The Open Source CFD Toolbox           |
|  \\    /   O peration     | Version:  2312                                  |
|   \\  /    A nd           | Website:  www.openfoam.com                      |
|    \\/     M anipulation  |                                                 |
\*---------------------------------------------------------------------------*/
FoamFile
{
    version     2.0;
    format      ascii;
    arch        "LSB;label=32;scalar=64";
    class       volScalarField;
    location    "2/phiI";
    object      act;
}
// * * * * * * * * * * * * * * * * * * * * * * * * * * * * * * * * * * * * * //

dimensions      [0 0 0 0 0 0 0];

internalField   nonuniform List<scalar> 
12000
(
13.19487
13.05684
13.28879
13.49311
12.89691
13.15013
13.34961
13.31249
13.59034
13.75868
12.71827
12.98942
13.1852
13.17399
13.44653
13.61117
13.31652
13.61447
13.8627
13.99249
12.52659
12.80931
13.00124
13.01334
13.2809
13.44232
13.17814
13.47089
13.71444
13.84136
13.31505
13.61843
13.88797
14.11126
14.22284
12.33709
12.61622
12.80491
12.83333
13.09604
13.25458
13.01754
13.30532
13.54435
13.66886
13.17672
13.47499
13.73983
13.95937
14.06796
13.31125
13.61683
13.892
14.13737
14.34543
0
12.20215
12.42527
12.61051
12.6397
12.89802
13.05389
12.83755
13.12031
13.35499
13.47716
13.01616
13.30951
13.56979
13.78514
13.89121
13.17297
13.47345
13.744
13.98603
14.18926
0
13.30606
13.61293
13.8904
14.14065
14.37219
0
0
12.20286
12.28094
12.47221
12.44848
12.70263
12.856
12.64391
12.92216
13.15254
13.27243
12.83618
13.12452
13.38029
13.59142
13.6951
13.01244
13.30802
13.57407
13.81184
14.01142
0
13.16782
13.4696
13.74248
13.99017
14.21589
0
0
13.29977
13.60764
13.8865
14.13858
14.37477
0
0
0
12.21459
12.26061
12.47452
12.33408
12.55462
12.71519
12.4527
12.72662
12.95275
13.07027
12.64256
12.92639
13.17768
13.38438
13.48534
12.83247
13.12306
13.38462
13.61791
13.81315
0
13.00733
13.3042
13.57261
13.81611
14.03777
0
0
13.16159
13.46437
13.73863
13.98863
14.21952
0
0
0
13.29254
13.60132
13.8812
14.13469
14.37338
0
0
0
0
12.23224
12.24712
12.4877
12.28317
12.53477
12.71906
12.34263
12.60976
12.80107
12.92633
12.45138
12.73088
12.97772
13.17994
13.27779
12.63887
12.92496
13.18204
13.41069
13.60123
0
12.82737
13.11927
13.38319
13.62225
13.83953
0
0
13.00113
13.29901
13.5688
13.81463
14.04158
0
0
0
13.15441
13.4581
13.73339
13.98474
14.21762
0
0
0
0
13.28438
13.59408
13.87486
14.12834
14.37008
0
0
0
0
0
12.23224
12.24894
12.50652
12.26077
12.52144
12.73327
12.29108
12.55804
12.78139
12.93098
12.3431
12.61856
12.85825
13.02437
13.12972
12.44771
12.72948
12.98212
13.20606
13.39154
0
12.6338
12.92119
13.18064
13.41509
13.62738
0
0
12.8212
13.1141
13.3794
13.62081
13.84347
0
0
0
12.994
13.29278
13.5636
13.81078
14.03978
0
0
0
0
13.14631
13.45092
13.72711
13.97946
14.21352
0
0
0
0
0
13.27532
13.58595
13.8676
14.12211
14.36476
0
0
0
0
0
1.991961
12.21459
12.24894
12.50652
12.25559
12.5237
12.75308
12.26582
12.53535
12.76803
12.94588
12.29199
12.56616
12.80548
13.00446
13.13454
12.34009
12.61904
12.86736
13.0837
13.23167
0
12.44264
12.72574
12.98077
13.21052
13.41758
0
0
12.62763
12.91606
13.17688
13.41369
13.63142
0
0
0
12.81409
13.1079
13.37423
13.617
13.84175
0
0
0
0
12.98594
13.28565
13.55735
13.80554
14.03572
0
0
0
0
0
13.13732
13.44284
13.71993
13.97313
14.20809
0
0
0
0
0
1.976798
13.26548
13.57692
13.85948
14.11557
14.35834
0
0
0
0
0
2.268076
1.991203
12.20286
12.24712
12.4877
12.25559
12.5237
12.75308
12.25735
12.53022
12.77058
12.96639
12.26589
12.54048
12.78242
12.99072
13.14977
12.28934
12.56712
12.8139
13.02965
13.21096
0
12.33524
12.61599
12.86798
13.09302
13.2919
0
0
12.43647
12.7206
12.97705
13.20917
13.42173
0
0
0
12.6205
12.90986
13.17176
13.4099
13.62976
0
0
0
0
12.80606
13.1008
13.36803
13.61178
13.83774
0
0
0
0
0
12.97699
13.27761
13.55023
13.79925
14.03034
0
0
0
0
0
1.946497
13.12755
13.43388
13.71185
13.96591
14.2016
0
0
0
0
0
2.259971
1.976027
13.25477
13.56713
13.85044
14.10729
14.35052
0
0
0
0
0
2.568458
2.267592
1.989602
12.20215
12.26061
12.47452
12.26077
12.52144
12.73327
12.25735
12.53022
12.77058
12.96639
12.25595
12.53188
12.77706
12.99327
13.17079
12.26302
12.54056
12.78773
13.00572
13.19675
0
12.28467
12.56444
12.81502
13.03821
13.23609
0
0
12.32913
12.61109
12.86496
13.09372
13.30101
0
0
0
12.42935
12.71441
12.97192
13.20545
13.42015
0
0
0
0
12.61248
12.90274
13.16556
13.40477
13.6258
0
0
0
0
0
12.79713
13.09279
13.36093
13.60555
13.8324
0
0
0
0
0
1.901845
12.96727
13.26869
13.54219
13.79211
14.02385
0
0
0
0
0
2.243482
1.945699
13.11691
13.42416
13.70288
13.9578
14.19431
0
0
0
0
0
2.560154
2.259476
1.974401
13.24316
13.55647
13.84065
14.09833
14.34237
0
0
0
0
0
3.013252
2.568105
2.266514
1.987182
12.33709
12.28094
12.47221
12.28317
12.53477
12.71906
12.26582
12.53535
12.76803
12.94588
12.25595
12.53188
12.77706
12.99327
13.17079
12.25243
12.53047
12.77875
13.00041
13.19906
0
12.2583
12.53765
12.78792
13.01106
13.21159
0
0
12.27864
12.55973
12.8124
13.0394
13.24449
0
0
0
12.32202
12.60497
12.86008
13.09071
13.30155
0
0
0
0
12.42132
12.70729
12.96573
13.20029
13.41629
0
0
0
0
0
12.60354
12.89474
13.15844
13.39854
13.62059
0
0
0
0
0
1.846238
12.78741
13.08389
13.35292
13.59844
13.82609
0
0
0
0
0
2.219847
1.901004
12.95668
13.25903
13.53327
13.78401
14.01665
0
0
0
0
0
2.54616
2.242972
1.944022
13.10539
13.41358
13.69316
13.94878
14.18617
0
0
0
0
0
3.004951
2.559862
2.258377
1.971946
13.23069
13.54493
13.82998
14.08851
14.33354
0
0
0
0
0
3.340572
3.012847
2.567294
2.264857
1.983939
12.52659
12.42527
12.61051
12.33408
12.55462
12.71519
12.29108
12.55804
12.78139
12.93098
12.26589
12.54048
12.78242
12.99072
13.14977
12.25243
12.53047
12.77876
13.00041
13.19906
0
12.24745
12.52689
12.77762
13.00193
13.20543
0
0
12.25226
12.53289
12.78507
13.01116
13.21669
0
0
0
12.27155
12.55369
12.80771
13.03681
13.24559
0
0
0
0
12.31398
12.59786
12.85396
13.08582
13.29841
0
0
0
0
0
12.41237
12.69929
12.95861
13.19407
13.41104
0
0
0
0
0
1.787488
12.59381
12.88584
13.15043
13.39137
13.61427
0
0
0
0
0
2.189733
1.845327
12.77684
13.07422
13.34402
13.59037
13.81892
0
0
0
0
0
2.528725
2.219304
1.899247
12.94521
13.2485
13.52361
13.77505
14.00856
0
0
0
0
0
2.988367
2.545923
2.241845
1.941497
13.093
13.40213
13.68259
13.93901
14.17706
0
0
0
0
0
3.333407
3.004545
2.559161
2.256689
1.968659
13.21733
13.53254
13.81847
14.0778
14.3236
0
0
0
0
0
3.555977
3.340206
3.011862
2.566039
2.262614
12.71827
12.61622
12.80491
12.44848
12.70263
12.856
12.34263
12.60976
12.80107
12.92633
12.29199
12.56616
12.80548
13.00446
13.13454
12.26302
12.54056
12.78773
13.00572
13.19675
0
12.24745
12.52689
12.77762
13.00193
13.20543
0
0
12.2413
12.52185
12.77407
13.00046
13.20706
0
0
0
12.24517
12.52684
12.78033
13.00824
13.21696
0
0
0
0
12.26351
12.5466
12.80168
13.0321
13.24289
0
0
0
0
0
12.30501
12.58985
12.84685
13.07967
13.29342
0
0
0
0
0
1.743251
12.40263
12.69039
12.9506
13.1869
13.40473
0
0
0
0
0
2.157867
1.786505
12.58324
12.87617
13.14154
13.38331
13.607
0
0
0
0
0
2.509085
2.189153
1.843432
12.76539
13.06371
13.33436
13.58143
13.81076
0
0
0
0
0
2.963881
2.528497
2.218107
1.896605
12.93287
13.2371
13.51309
13.76536
13.9995
0
0
0
0
0
3.319219
2.987959
2.545322
2.240115
1.938118
13.07973
13.38982
13.67115
13.92838
14.16717
0
0
0
0
0
3.550075
3.33304
3.003557
2.558061
2.254406
13.20306
13.51926
13.80607
14.06614
14.31252
0
0
0
0
0
3.683022
3.555644
3.339291
3.010323
2.564349
12.89691
12.80931
13.00124
12.6397
12.89802
13.05389
12.4527
12.72662
12.95275
13.07027
12.3431
12.61856
12.85825
13.02437
13.12972
12.28934
12.56712
12.8139
13.02965
13.21096
0
12.2583
12.53765
12.78792
13.01106
13.21159
0
0
12.2413
12.52185
12.77407
13.00046
13.20706
0
0
0
12.23416
12.51569
12.76903
12.99689
13.20587
0
0
0
0
12.23711
12.51975
12.77428
13.00348
13.21413
0
0
0
0
0
12.25451
12.53859
12.79459
13.02605
13.23808
0
0
0
0
0
1.714709
12.29522
12.58092
12.83884
13.07251
13.28719
0
0
0
0
0
2.13369
1.742233
12.39204
12.6807
12.94171
13.17886
13.39746
0
0
0
0
0
2.487854
2.157257
1.784468
12.57178
12.86566
13.13187
13.37438
13.59884
0
0
0
0
0
2.931751
2.50883
2.187883
1.84059
12.75307
13.05234
13.32386
13.57172
13.80173
0
0
0
0
0
3.29866
2.963472
2.527909
2.216274
1.893076
12.91965
13.22484
13.5017
13.75478
13.98973
0
0
0
0
0
3.538416
3.318852
2.986966
2.544363
2.237778
13.06556
13.37663
13.65886
13.91689
14.15642
0
0
0
0
0
3.678446
3.549741
3.332125
3.002014
2.556566
13.18789
13.50509
13.79281
14.05374
14.3001
0
0
0
0
0
3.738406
3.682715
3.554799
3.337857
3.008235
13.05684
12.98942
13.1852
12.83333
13.09604
13.25458
12.64391
12.92216
13.15254
13.27243
12.45138
12.73088
12.97772
13.17994
13.27779
12.34009
12.61904
12.86736
13.0837
13.23167
0
12.28467
12.56444
12.81502
13.03821
13.23609
0
0
12.25226
12.53289
12.78507
13.01116
13.21669
0
0
0
12.23416
12.51569
12.76903
12.99689
13.20587
0
0
0
0
12.22609
12.50855
12.76288
12.9918
13.20236
0
0
0
0
0
12.22811
12.51173
12.76719
12.99742
13.20926
0
0
0
0
0
1.698176
12.2447
12.52964
12.78658
13.01893
13.23195
0
0
0
0
0
2.118046
1.713676
12.2846
12.57119
12.82992
13.06446
13.27994
0
0
0
0
0
2.472293
2.133071
1.740129
12.38057
12.67018
12.93203
13.16993
13.38931
0
0
0
0
0
2.898045
2.487604
2.155922
1.781419
12.55946
12.85428
13.12137
13.36467
13.58984
0
0
0
0
0
3.27349
2.931415
2.508184
2.185941
1.836797
12.73966
13.0401
13.3125
13.56117
13.7919
0
0
0
0
0
3.521598
3.298292
2.962475
2.526969
2.213799
12.90554
13.21172
13.48947
13.74335
13.97903
0
0
0
0
0
3.669454
3.538082
3.317936
2.985416
2.543048
13.05051
13.36257
13.64569
13.90454
14.1448
0
0
0
0
0
3.735062
3.678138
3.548896
3.33069
2.999921
13.17181
13.49003
13.77794
14.04031
14.28653
0
0
0
0
0
3.735542
3.738117
3.68193
3.553471
3.335906
13.19487
13.15013
13.34961
13.01334
13.2809
13.44232
12.83755
13.12031
13.35499
13.47716
12.64256
12.92639
13.17768
13.38438
13.48534
12.44771
12.72948
12.98212
13.20606
13.39154
0
12.33524
12.61599
12.86798
13.09302
13.2919
0
0
12.27864
12.55973
12.8124
13.0394
13.24449
0
0
0
12.24517
12.52684
12.78033
13.00824
13.21696
0
0
0
0
12.22609
12.50855
12.76288
12.9918
13.20236
0
0
0
0
0
12.21707
12.50051
12.75574
12.98562
13.19721
0
0
0
0
0
1.690633
12.21828
12.50277
12.75917
12.99029
13.20311
0
0
0
0
0
2.109498
1.697138
12.23405
12.51988
12.77763
13.01087
13.22472
0
0
0
0
0
2.461834
2.117426
1.711545
12.2731
12.56063
12.8202
13.0555
13.27178
0
0
0
0
0
2.861684
2.472054
2.131713
1.736983
12.36823
12.65879
12.92152
13.1602
13.38031
0
0
0
0
0
3.24793
2.897651
2.486957
2.153882
1.777354
12.54626
12.84204
13.11001
13.35412
13.58001
0
0
0
0
0
3.5012
3.273123
2.930557
2.507155
2.18332
12.72559
13.02707
13.30028
13.54976
13.78123
0
0
0
0
0
3.656655
3.521265
3.297375
2.960917
2.52568
12.89055
13.19771
13.47636
13.73106
13.96746
0
0
0
0
0
3.728578
3.669147
3.537237
3.316501
2.983314
13.03455
13.34763
13.63165
13.89132
14.13232
0
0
0
0
0
3.733879
3.734772
3.677354
3.547568
3.328739
13.15483
13.47389
13.76272
14.02616
14.27383
0
0
0
0
0
3.688396
3.735263
3.737381
3.680698
3.551664
13.28879
13.49311
13.17399
13.44653
13.61117
13.01754
13.30532
13.54435
13.66886
12.83618
13.12452
13.38029
13.59142
13.6951
12.63887
12.92496
13.18204
13.41069
13.60123
0
12.44264
12.72574
12.98077
13.21052
13.41758
0
0
12.32914
12.61109
12.86496
13.09372
13.30101
0
0
0
12.27155
12.55369
12.80771
13.03681
13.24559
0
0
0
0
12.23711
12.51975
12.77428
13.00348
13.21413
0
0
0
0
0
12.21707
12.50051
12.75574
12.98562
13.19721
0
0
0
0
0
1.690633
12.20723
12.49154
12.74769
12.97844
13.19095
0
0
0
0
0
2.105365
1.689592
12.20762
12.49299
12.75022
12.98223
13.19589
0
0
0
0
0
2.456264
2.108869
1.694993
12.22252
12.5093
12.76788
13.00189
13.21656
0
0
0
0
0
2.778402
2.461608
2.116061
1.70836
12.26072
12.54921
12.80965
13.04573
13.26275
0
0
0
0
0
3.229218
2.861359
2.471415
2.129639
1.732793
12.35503
12.64654
12.91015
13.14964
13.37047
0
0
0
0
0
3.481104
3.247569
2.896659
2.485924
2.151131
12.53218
12.82894
13.09779
13.34271
13.56934
0
0
0
0
0
3.642075
3.500868
3.272203
2.929205
2.505746
12.71083
13.0131
13.28727
13.53749
13.76969
0
0
0
0
0
3.719896
3.656347
3.52042
3.295938
2.958802
12.87467
13.18283
13.46239
13.7179
13.95504
0
0
0
0
0
3.729863
3.728288
3.668362
3.535909
3.31455
13.01769
13.33179
13.61676
13.87723
14.11896
0
0
0
0
0
3.686221
3.733589
3.734036
3.676121
3.54576
13.13692
13.45703
13.74674
14.01133
14.26013
0
0
0
0
0
3.584725
3.688075
3.734563
3.73623
3.679022
13.31249
13.59034
13.75868
13.17814
13.47089
13.71444
13.84136
13.01616
13.30951
13.56979
13.78514
13.89121
12.83247
13.12306
13.38462
13.61791
13.81315
0
12.6338
12.92119
13.18064
13.41509
13.62738
0
0
12.43647
12.7206
12.97705
13.20917
13.42173
0
0
0
12.32202
12.60497
12.86008
13.09071
13.30155
0
0
0
0
12.26351
12.5466
12.80168
13.0321
13.24289
0
0
0
0
0
12.22811
12.51173
12.76719
12.99742
13.20926
0
0
0
0
0
1.698176
12.20723
12.49154
12.74769
12.97844
13.19095
0
0
0
0
0
2.105365
1.689592
12.19656
12.48176
12.73873
12.97035
13.18367
0
0
0
0
0
2.454733
2.104736
1.687443
12.19607
12.4824
12.74045
12.97324
13.18773
0
0
0
0
0
2.756725
2.456038
2.107484
1.691792
12.2101
12.49784
12.75731
12.99211
13.20749
0
0
0
0
0
3.216744
2.779274
2.460988
2.113978
1.704122
12.24748
12.53692
12.79825
13.03514
13.25287
0
0
0
0
0
3.465819
3.228864
2.860479
2.470385
2.126843
12.34094
12.63343
12.89793
13.13823
13.3598
0
0
0
0
0
3.626395
3.480773
3.246646
2.895096
2.484508
12.51721
12.81497
13.08472
13.33045
13.55781
0
0
0
0
0
3.709484
3.641753
3.500021
3.270758
2.927366
12.69498
12.99817
13.27333
13.52445
13.7573
0
0
0
0
0
3.723337
3.719597
3.65556
3.519091
3.293984
12.85788
13.16706
13.44753
13.70387
13.94174
0
0
0
0
0
3.681482
3.729563
3.727551
3.667129
3.534103
12.99991
13.31506
13.60096
13.86229
14.10471
0
0
0
0
0
3.583643
3.685902
3.732865
3.732884
3.674445
13.11808
13.43946
13.72922
13.99473
14.24462
0
0
0
0
0
3.432646
3.584373
3.687302
3.733472
3.734665
13.31652
13.61447
13.8627
13.99249
13.17672
13.47499
13.73983
13.95937
14.06796
13.01244
13.30802
13.57407
13.81184
14.01143
0
12.82737
13.11927
13.38319
13.62226
13.83953
0
0
12.62763
12.91606
13.17688
13.41369
13.63142
0
0
0
12.42935
12.71441
12.97192
13.20545
13.42015
0
0
0
0
12.31398
12.59786
12.85396
13.08582
13.29841
0
0
0
0
0
12.25451
12.53859
12.79459
13.02605
13.23808
0
0
0
0
0
1.714709
12.21828
12.50277
12.75917
12.99029
13.20311
0
0
0
0
0
2.109498
1.697138
12.19656
12.48176
12.73873
12.97036
13.18367
0
0
0
0
0
2.454733
2.104736
1.687443
12.18501
12.47115
12.72896
12.96135
13.17549
0
0
0
0
0
2.748792
2.454488
2.103351
1.684235
12.18363
12.47093
12.72987
12.96344
13.17865
0
0
0
0
0
3.209304
2.757646
2.455414
2.105367
1.687533
12.19682
12.48552
12.74588
12.9815
13.1976
0
0
0
0
0
3.456171
3.216403
2.780725
2.459986
2.11117
12.23335
12.52377
12.78598
13.0237
13.24217
0
0
0
0
0
3.614599
3.465507
3.227943
2.859069
2.468966
12.32596
12.61945
12.88485
13.12596
13.34826
0
0
0
0
0
3.698369
3.626087
3.479912
3.245192
2.893029
12.50136
12.80011
13.07078
13.31732
13.54542
0
0
0
0
0
3.714723
3.709176
3.64093
3.498688
3.268794
12.67821
12.98244
13.25844
13.51046
13.74395
0
0
0
0
0
3.676421
3.723032
3.718838
3.654324
3.517283
12.84017
13.1504
13.43181
13.68896
13.92757
0
0
0
0
0
3.581028
3.681177
3.728816
3.726397
3.665453
12.98119
13.29742
13.58427
13.84644
14.08965
0
0
0
0
0
3.43426
3.583293
3.685132
3.731736
3.731318
13.0983
13.42077
13.7113
13.97794
14.22909
0
0
0
0
0
3.054132
3.431597
3.583561
3.686101
3.731993
13.31505
13.61843
13.88797
14.11126
14.22284
13.17297
13.47345
13.744
13.98603
14.18926
0
13.00733
13.3042
13.57261
13.81611
14.03777
0
0
12.8212
13.1141
13.3794
13.62081
13.84347
0
0
0
12.6205
12.90986
13.17176
13.4099
13.62976
0
0
0
0
12.42132
12.70729
12.96573
13.20029
13.41629
0
0
0
0
0
12.30501
12.58985
12.84685
13.07967
13.29342
0
0
0
0
0
1.743251
12.2447
12.52964
12.78658
13.01893
13.23195
0
0
0
0
0
2.118046
1.713676
12.20762
12.49299
12.75022
12.98223
13.19589
0
0
0
0
0
2.456264
2.108869
1.694993
12.18501
12.47115
12.72896
12.96135
13.17549
0
0
0
0
0
2.748792
2.454488
2.103351
1.684235
12.17256
12.45968
12.71837
12.95154
13.1664
0
0
0
0
0
3.205849
2.749712
2.453822
2.101233
1.679968
12.17033
12.45858
12.71842
12.95282
13.16874
0
0
0
0
0
3.450566
3.208973
2.759176
2.454403
2.102512
12.18267
12.47234
12.73358
12.97003
13.18687
0
0
0
0
0
3.606956
3.455869
3.215501
2.782781
2.458602
12.21834
12.50976
12.77287
13.01139
13.2306
0
0
0
0
0
3.689985
3.614311
3.464668
3.226486
2.85719
12.3101
12.6046
12.8709
13.11284
13.33587
0
0
0
0
0
3.706253
3.698075
3.625273
3.478549
3.243213
12.48459
12.78439
13.05596
13.30333
13.53216
0
0
0
0
0
3.669579
3.714428
3.708389
3.639633
3.496872
12.66054
12.96582
13.24275
13.4955
13.7298
0
0
0
0
0
3.579345
3.676115
3.722272
3.717648
3.652641
12.82153
13.13284
13.41519
13.67318
13.91251
0
0
0
0
0
3.435932
3.580693
3.680438
3.727649
3.724829
12.96155
13.27885
13.56667
13.82969
14.07365
0
0
0
0
0
3.058058
3.433204
3.582484
3.683936
3.730204
13.07762
13.40115
13.69275
13.96083
14.21212
0
0
0
0
0
2.95121
3.054306
3.429588
3.582308
3.684467
13.31125
13.61683
13.892
14.13737
14.34543
0
13.16782
13.4696
13.74248
13.99017
14.21589
0
0
13.00113
13.29901
13.5688
13.81463
14.04158
0
0
0
12.81409
13.1079
13.37423
13.617
13.84175
0
0
0
0
12.61248
12.90274
13.16556
13.40477
13.6258
0
0
0
0
0
12.41237
12.69929
12.95861
13.19407
13.41104
0
0
0
0
0
1.787488
12.29522
12.58092
12.83884
13.07252
13.28719
0
0
0
0
0
2.13369
1.742233
12.23405
12.51988
12.77763
13.01087
13.22472
0
0
0
0
0
2.461834
2.117426
1.711545
12.19607
12.4824
12.74045
12.97324
13.18773
0
0
0
0
0
2.756725
2.456038
2.107484
1.691792
12.17256
12.45968
12.71837
12.95154
13.1664
0
0
0
0
0
3.205849
2.749712
2.453822
2.101233
1.679968
12.15926
12.44732
12.70691
12.94091
13.15649
0
0
0
0
0
3.448065
3.205523
2.751235
2.452746
2.098378
12.15616
12.44538
12.7061
12.94133
13.15801
0
0
0
0
0
3.602475
3.450273
3.208086
2.761338
2.453005
12.16762
12.45829
12.72043
12.95769
13.17527
0
0
0
0
0
3.684595
3.606686
3.455043
3.214066
2.785515
12.20245
12.49487
12.75889
12.99823
13.21817
0
0
0
0
0
3.700194
3.689713
3.613525
3.463332
3.224496
12.29332
12.58887
12.85609
13.09885
13.32261
0
0
0
0
0
3.664005
3.705979
3.6973
3.623983
3.476688
12.46691
12.76776
13.04028
13.28847
13.51802
0
0
0
0
0
3.577396
3.669296
3.713681
3.707152
3.637865
12.64193
12.94828
13.22617
13.47976
13.71487
0
0
0
0
0
3.412515
3.579008
3.675369
3.721084
3.716029
12.80197
13.11435
13.39767
13.65651
13.89658
0
0
0
0
0
3.066465
3.434884
3.579916
3.679292
3.726064
12.941
13.25937
13.54815
13.81204
14.05673
0
0
0
0
0
2.95427
3.058236
3.431175
3.581236
3.682308
13.05599
13.38065
13.6732
13.94214
14.19426
0
0
0
0
0
2.891488
2.951393
3.054545
3.426622
3.580599
13.30606
13.61293
13.8904
14.14065
14.37219
0
0
13.16159
13.46437
13.73863
13.98863
14.21952
0
0
0
12.994
13.29278
13.5636
13.81078
14.03978
0
0
0
0
12.80606
13.1008
13.36803
13.61178
13.83774
0
0
0
0
0
12.60354
12.89474
13.15844
13.39854
13.62059
0
0
0
0
0
1.846238
12.40263
12.69039
12.9506
13.1869
13.40473
0
0
0
0
0
2.157867
1.786505
12.2846
12.57119
12.82992
13.06446
13.27994
0
0
0
0
0
2.472293
2.133071
1.740129
12.22252
12.5093
12.76788
13.00189
13.21656
0
0
0
0
0
2.778402
2.461608
2.116061
1.70836
12.18363
12.47093
12.72987
12.96344
13.17865
0
0
0
0
0
3.209304
2.757646
2.455414
2.105367
1.687533
12.15926
12.44732
12.70691
12.94091
13.15649
0
0
0
0
0
3.448065
3.205523
2.751235
2.452746
2.098378
12.14508
12.43411
12.69458
12.92941
13.14574
0
0
0
0
0
3.600404
3.447775
3.204644
2.753384
2.451262
12.1411
12.43132
12.69294
12.92896
13.1464
0
0
0
0
0
3.681452
3.602216
3.449457
3.206672
2.764199
12.1517
12.44337
12.70642
12.9445
13.1628
0
0
0
0
0
3.696383
3.684341
3.605924
3.453722
3.212105
12.18562
12.47911
12.74404
12.98421
13.20487
0
0
0
0
0
3.660341
3.699944
3.688966
3.612269
3.461504
12.27563
12.57223
12.84041
13.08398
13.30848
0
0
0
0
0
3.576035
3.663746
3.705259
3.696071
3.622218
12.4483
12.75023
13.02369
13.27274
13.50301
0
0
0
0
0
3.416558
3.577071
3.668594
3.712511
3.705467
12.62241
12.92983
13.20868
13.46312
13.69898
0
0
0
0
0
3.078379
3.412133
3.578223
3.674211
3.719467
12.78151
13.09496
13.37923
13.63894
13.87974
0
0
0
0
0
2.960908
3.066643
3.43284
3.578721
3.677736
12.91951
13.23899
13.52872
13.79346
14.0389
0
0
0
0
0
2.893583
2.954457
3.058482
3.428173
3.579534
13.03341
13.3592
13.65317
13.92253
14.17568
0
0
0
0
0
2.850271
2.891623
2.951635
3.054843
3.422648
13.29977
13.60764
13.8865
14.13858
14.37477
0
0
0
13.15441
13.4581
13.73339
13.98474
14.21762
0
0
0
0
12.98594
13.28565
13.55735
13.80554
14.03573
0
0
0
0
0
12.79713
13.09279
13.36093
13.60555
13.8324
0
0
0
0
0
1.901845
12.59381
12.88584
13.15043
13.39137
13.61427
0
0
0
0
0
2.189733
1.845327
12.39204
12.6807
12.94171
13.17886
13.39746
0
0
0
0
0
2.487854
2.157257
1.784468
12.2731
12.56063
12.8202
13.0555
13.27178
0
0
0
0
0
2.861684
2.472054
2.131713
1.736983
12.2101
12.49784
12.75731
12.99211
13.20749
0
0
0
0
0
3.216744
2.779274
2.460988
2.113978
1.704122
12.17033
12.45858
12.71842
12.95282
13.16874
0
0
0
0
0
3.450566
3.208973
2.759176
2.454403
2.102512
12.14508
12.43411
12.69458
12.92941
13.14574
0
0
0
0
0
3.600404
3.447775
3.204644
2.753384
2.451262
12.13001
12.42005
12.68141
12.91704
13.13413
0
0
0
0
0
3.680002
3.600151
3.446963
3.20324
2.756225
12.12516
12.41638
12.67891
12.91575
13.1339
0
0
0
0
0
3.694184
3.681209
3.601471
3.448149
3.204737
12.13483
12.42758
12.69154
12.93046
13.14947
0
0
0
0
0
3.658174
3.69615
3.683618
3.604701
3.451913
12.16789
12.46242
12.72833
12.96931
13.19072
0
0
0
0
0
3.575362
3.660106
3.699255
3.687773
3.610547
12.25701
12.55469
12.82382
13.06826
13.29347
0
0
0
0
0
3.423372
3.575734
3.663076
3.704122
3.694388
12.42876
12.73177
13.00621
13.25611
13.48713
0
0
0
0
0
3.09396
3.416201
3.5763
3.6675
3.710917
12.60198
12.91047
13.19028
13.44558
13.68218
0
0
0
0
0
2.970189
3.078574
3.411308
3.577012
3.672637
12.76014
13.07466
13.35989
13.62044
13.86199
0
0
0
0
0
2.898272
2.961095
3.066888
3.4298
3.577096
12.8971
13.21769
13.5084
13.77397
14.02014
0
0
0
0
0
2.851668
2.893721
2.954706
3.05879
3.424148
13.00988
13.3368
13.63175
13.90209
14.15554
0
0
0
0
0
2.821797
2.850375
2.891767
2.951932
3.055221
13.29254
13.60132
13.8812
14.13469
14.37338
0
0
0
0
13.14631
13.45092
13.72711
13.97946
14.21352
0
0
0
0
0
12.97698
13.27761
13.55023
13.79925
14.03034
0
0
0
0
0
1.946497
12.78741
13.08389
13.35292
13.59844
13.82609
0
0
0
0
0
2.219847
1.901004
12.58324
12.87617
13.14154
13.38331
13.607
0
0
0
0
0
2.509085
2.189153
1.843432
12.38057
12.67018
12.93203
13.16993
13.38931
0
0
0
0
0
2.898045
2.487604
2.155922
1.781419
12.26072
12.54921
12.80965
13.04573
13.26275
0
0
0
0
0
3.229218
2.861359
2.471415
2.129639
1.732793
12.19682
12.48552
12.74588
12.9815
13.1976
0
0
0
0
0
3.456171
3.216403
2.780725
2.459986
2.11117
12.15616
12.44538
12.7061
12.94133
13.15801
0
0
0
0
0
3.602475
3.450273
3.208086
2.761338
2.453005
12.13001
12.42005
12.68141
12.91704
13.13413
0
0
0
0
0
3.680003
3.600151
3.446963
3.20324
2.756225
12.11406
12.4051
12.66738
12.90383
13.12163
0
0
0
0
0
3.693174
3.679765
3.599414
3.445658
3.201318
12.10828
12.40058
12.66402
12.90169
13.12056
0
0
0
0
0
3.656978
3.693963
3.680503
3.60027
3.446354
12.11706
12.41085
12.67579
12.91553
13.13528
0
0
0
0
0
3.574345
3.657956
3.695485
3.682457
3.603019
12.14921
12.44484
12.7117
12.95355
13.17568
0
0
0
0
0
3.428545
3.575084
3.659468
3.698156
3.686135
12.23745
12.53623
12.80633
13.05162
13.2776
0
0
0
0
0
3.1103
3.423032
3.574993
3.662022
3.702566
12.40833
12.7124
12.98781
13.23857
13.47034
0
0
0
0
0
2.982413
3.094186
3.41539
3.575107
3.666015
12.58064
12.89021
13.17098
13.42712
13.66447
0
0
0
0
0
2.904654
2.970392
3.07885
3.410058
3.575363
12.73781
13.05348
13.33966
13.60103
13.84331
0
0
0
0
0
2.854946
2.898409
2.961344
3.067192
3.425708
12.87372
13.19548
13.48714
13.75358
14.00045
0
0
0
0
0
2.822705
2.851775
2.893872
2.955015
3.059183
12.9854
13.31348
13.60873
13.88012
14.135
0
0
0
0
0
2.803116
2.821879
2.850455
2.891918
2.952304
13.28438
13.59408
13.87486
14.12834
14.37008
0
0
0
0
0
13.13732
13.44284
13.71993
13.97313
14.20809
0
0
0
0
0
1.976798
12.96727
13.26869
13.54219
13.79211
14.02385
0
0
0
0
0
2.243482
1.945699
12.77684
13.07422
13.34402
13.59037
13.81892
0
0
0
0
0
2.528725
2.219304
1.899247
12.57178
12.86566
13.13187
13.37438
13.59884
0
0
0
0
0
2.931751
2.50883
2.187883
1.84059
12.36823
12.65879
12.92152
13.1602
13.38031
0
0
0
0
0
3.24793
2.897651
2.486957
2.153882
1.777354
12.24748
12.53692
12.79825
13.03514
13.25287
0
0
0
0
0
3.465819
3.228864
2.860479
2.470385
2.126843
12.18267
12.47234
12.73358
12.97003
13.18687
0
0
0
0
0
3.606956
3.455869
3.215501
2.782781
2.458602
12.1411
12.43132
12.69294
12.92896
13.1464
0
0
0
0
0
3.681452
3.602216
3.449457
3.206672
2.764199
12.11406
12.4051
12.66738
12.90383
13.12163
0
0
0
0
0
3.693174
3.679765
3.599414
3.445658
3.201318
12.09717
12.38926
12.65248
12.88976
13.10828
0
0
0
0
0
3.656443
3.692959
3.679067
3.598223
3.443865
12.09048
12.38383
12.64825
12.88675
13.10637
0
0
0
0
0
3.57419
3.656773
3.693315
3.679364
3.598616
12.09834
12.39323
12.65912
12.89975
13.12021
0
0
0
0
0
3.428665
3.574095
3.657342
3.694419
3.680859
12.12961
12.42633
12.69417
12.93688
13.15978
0
0
0
0
0
3.123731
3.428223
3.574373
3.658454
3.696649
12.217
12.51684
12.78792
13.03409
13.26081
0
0
0
0
0
2.995998
3.110638
3.42222
3.573836
3.660587
12.38693
12.69214
12.9685
13.22012
13.45264
0
0
0
0
0
2.913183
2.982643
3.09452
3.414141
3.573482
12.55834
12.86907
13.15078
13.40776
13.64583
0
0
0
0
0
2.85924
2.904805
2.970674
3.079201
3.408357
12.71453
13.03134
13.31854
13.58074
13.82371
0
0
0
0
0
2.824989
2.85505
2.898557
2.961651
3.067579
12.84941
13.1723
13.46501
13.73186
13.97916
0
0
0
0
0
2.804062
2.822788
2.851859
2.894032
2.955403
12.9599
13.28922
13.58533
13.85764
14.11361
0
0
0
0
0
2.791077
2.803182
2.821914
2.85051
2.892093
13.27532
13.58595
13.8676
14.12211
14.36476
0
0
0
0
0
1.991961
13.12755
13.43388
13.71185
13.96591
14.2016
0
0
0
0
0
2.259971
1.976027
12.95668
13.25903
13.53327
13.78401
14.01665
0
0
0
0
0
2.54616
2.242972
1.944022
12.76539
13.06371
13.33436
13.58143
13.81076
0
0
0
0
0
2.963881
2.528497
2.218107
1.896605
12.55946
12.85428
13.12137
13.36467
13.58984
0
0
0
0
0
3.273491
2.931415
2.508184
2.185941
1.836797
12.35503
12.64654
12.91015
13.14964
13.37047
0
0
0
0
0
3.481104
3.247569
2.896659
2.485924
2.151131
12.23336
12.52377
12.78599
13.0237
13.24217
0
0
0
0
0
3.614599
3.465507
3.227943
2.859069
2.468966
12.16762
12.45829
12.72043
12.95769
13.17527
0
0
0
0
0
3.684595
3.606686
3.455043
3.214066
2.785515
12.12516
12.41638
12.67891
12.91575
13.1339
0
0
0
0
0
3.694184
3.681209
3.601471
3.448149
3.204737
12.09717
12.38926
12.65248
12.88976
13.10828
0
0
0
0
0
3.656443
3.692959
3.679067
3.598223
3.443865
12.07937
12.37251
12.63665
12.87482
13.09407
0
0
0
0
0
3.574178
3.656243
3.692318
3.677938
3.596584
12.07174
12.3662
12.63157
12.87095
13.09129
0
0
0
0
0
3.430329
3.573952
3.656174
3.692269
3.677792
12.07868
12.37467
12.64156
12.88304
13.10428
0
0
0
0
0
3.132691
3.428377
3.573433
3.656361
3.692953
12.10865
12.40689
12.67571
12.9193
13.14294
0
0
0
0
0
3.00664
3.124105
3.427424
3.573255
3.65707
12.19525
12.49657
12.76861
13.01563
13.24311
0
0
0
0
0
2.922843
2.99627
3.111183
3.420953
3.572254
12.36462
12.67088
12.94831
13.20075
13.434
0
0
0
0
0
2.865111
2.913357
2.982975
3.094956
3.412425
12.53511
12.84697
13.12971
13.38751
13.62627
0
0
0
0
0
2.82781
2.859355
2.90498
2.971029
3.079652
12.69032
13.00827
13.29647
13.55957
13.80322
0
0
0
0
0
2.805175
2.82507
2.85513
2.898711
2.962036
12.82409
13.1482
13.44191
13.70968
13.95688
0
0
0
0
0
2.79185
2.804122
2.822827
2.851922
2.89422
12.9328
13.26395
13.56165
13.835
14.09078
0
0
0
0
0
2.783207
2.791133
2.803185
2.821901
2.850557
13.26548
13.57692
13.85948
14.11557
14.35834
0
0
0
0
0
2.268076
1.991203
13.11691
13.42416
13.70288
13.9578
14.19431
0
0
0
0
0
2.560154
2.259476
1.974401
12.94521
13.2485
13.52361
13.77505
14.00856
0
0
0
0
0
2.988367
2.545923
2.241845
1.941497
12.75307
13.05234
13.32386
13.57172
13.80173
0
0
0
0
0
3.29866
2.963472
2.527909
2.216274
1.893076
12.54626
12.84204
13.11001
13.35412
13.58001
0
0
0
0
0
3.5012
3.273123
2.930557
2.507155
2.18332
12.34094
12.63343
12.89793
13.13823
13.3598
0
0
0
0
0
3.626395
3.480774
3.246646
2.895096
2.484508
12.21834
12.50976
12.77287
13.01139
13.2306
0
0
0
0
0
3.689985
3.614311
3.464668
3.226486
2.85719
12.1517
12.44337
12.70642
12.9445
13.1628
0
0
0
0
0
3.696383
3.684341
3.605924
3.453723
3.212105
12.10828
12.40058
12.66402
12.90169
13.12056
0
0
0
0
0
3.656978
3.693963
3.680503
3.60027
3.446354
12.07937
12.37251
12.63666
12.87482
13.09407
0
0
0
0
0
3.574178
3.656243
3.692318
3.677938
3.596584
12.06062
12.3549
12.61995
12.85894
13.079
0
0
0
0
0
3.431472
3.573945
3.655652
3.691283
3.676381
12.05206
12.34762
12.61399
12.85422
13.07534
0
0
0
0
0
3.138091
3.430052
3.573307
3.655214
3.69083
12.05768
12.35519
12.62305
12.86543
13.08741
0
0
0
0
0
3.013716
3.133087
3.427659
3.572386
3.655016
12.08676
12.38608
12.65634
12.90079
13.12521
0
0
0
0
0
2.930485
3.006943
3.12471
3.426167
3.57172
12.17293
12.47491
12.74787
12.99625
13.22447
0
0
0
0
0
2.871951
2.923054
2.996676
3.11193
3.419205
12.34143
12.64877
12.92707
13.1805
13.41444
0
0
0
0
0
2.831804
2.865246
2.913576
2.983407
3.095518
12.51093
12.82394
13.10768
13.36638
13.60582
0
0
0
0
0
2.806826
2.827901
2.859457
2.905176
2.971481
12.66509
12.98427
13.27347
13.53743
13.78186
0
0
0
0
0
2.792304
2.805239
2.825101
2.855183
2.898891
12.79721
13.12311
13.41789
13.68688
13.93521
0
0
0
0
0
2.783775
2.791898
2.804112
2.82282
2.851979
12.90645
13.23703
13.53718
13.81083
14.06733
0
0
0
0
0
2.777669
2.783253
2.791112
2.803124
2.821857
13.25477
13.56713
13.85044
14.10729
14.35052
0
0
0
0
0
2.568458
2.267592
1.989602
13.10539
13.41358
13.69316
13.94878
14.18617
0
0
0
0
0
3.004951
2.559862
2.258377
1.971946
12.93287
13.2371
13.51309
13.76536
13.9995
0
0
0
0
0
3.319219
2.987959
2.545322
2.240115
1.938118
12.73966
13.0401
13.3125
13.56117
13.7919
0
0
0
0
0
3.521598
3.298292
2.962475
2.526969
2.213799
12.53218
12.82894
13.09779
13.34271
13.56934
0
0
0
0
0
3.642075
3.500868
3.272203
2.929205
2.505746
12.32596
12.61945
12.88485
13.12596
13.34826
0
0
0
0
0
3.698369
3.626087
3.479912
3.245192
2.893029
12.20245
12.49487
12.75889
12.99823
13.21817
0
0
0
0
0
3.700194
3.689714
3.613525
3.463332
3.224496
12.13483
12.42758
12.69154
12.93046
13.14947
0
0
0
0
0
3.658174
3.69615
3.683618
3.604701
3.451913
12.09048
12.38384
12.64826
12.88675
13.10637
0
0
0
0
0
3.57419
3.656773
3.693315
3.679364
3.598616
12.06062
12.3549
12.61996
12.85894
13.079
0
0
0
0
0
3.431472
3.573945
3.655652
3.691283
3.676381
12.04093
12.33631
12.60243
12.84219
13.063
0
0
0
0
0
3.140539
3.431198
3.573308
3.654702
3.689857
12.03104
12.32811
12.59547
12.8366
13.05845
0
0
0
0
0
3.017992
3.138498
3.429349
3.572282
3.653895
12.03575
12.33434
12.60364
12.84687
13.06964
0
0
0
0
0
2.935598
3.01404
3.133726
3.426532
3.570948
12.06483
12.36435
12.63557
12.88137
13.10651
0
0
0
0
0
2.877444
2.930724
3.007401
3.125541
3.424423
12.15005
12.45279
12.72623
12.97544
13.20491
0
0
0
0
0
2.836653
2.872119
2.923335
2.997213
3.11284
12.31723
12.62585
12.90504
13.15924
13.394
0
0
0
0
0
2.809414
2.831912
2.865385
2.913837
2.983961
12.48574
12.79998
13.08472
13.34428
13.5845
0
0
0
0
0
2.793121
2.806898
2.827952
2.859545
2.905413
12.63836
12.95927
13.24956
13.51437
13.7595
0
0
0
0
0
2.783827
2.792356
2.805235
2.825083
2.855227
12.771
13.0964
13.39288
13.66279
13.91249
0
0
0
0
0
2.778104
2.783813
2.791861
2.804032
2.822785
12.881
13.211
13.51053
13.78561
14.04306
0
0
0
0
0
2.772005
2.777708
2.783213
2.791015
2.803015
13.24317
13.55647
13.84065
14.09833
14.34237
0
0
0
0
0
3.013252
2.568105
2.266514
1.987182
13.093
13.40213
13.68259
13.93901
14.17706
0
0
0
0
0
3.333407
3.004545
2.559161
2.256689
1.968659
12.91965
13.22484
13.50171
13.75478
13.98973
0
0
0
0
0
3.538416
3.318852
2.986966
2.544363
2.237778
12.72559
13.02707
13.30028
13.54976
13.78123
0
0
0
0
0
3.656655
3.521265
3.297375
2.960917
2.52568
12.51721
12.81497
13.08472
13.33045
13.55781
0
0
0
0
0
3.709485
3.641753
3.500021
3.270758
2.927366
12.3101
12.6046
12.87091
13.11284
13.33587
0
0
0
0
0
3.706253
3.698076
3.625273
3.478549
3.243213
12.18562
12.47911
12.74404
12.98421
13.20487
0
0
0
0
0
3.660341
3.699944
3.688967
3.612269
3.461504
12.11706
12.41085
12.67579
12.91553
13.13528
0
0
0
0
0
3.574345
3.657957
3.695486
3.682457
3.603019
12.07174
12.3662
12.63157
12.87095
13.09129
0
0
0
0
0
3.430329
3.573952
3.656174
3.692269
3.677793
12.04093
12.33631
12.60243
12.8422
13.06301
0
0
0
0
0
3.140539
3.431198
3.573308
3.654702
3.689857
12.0199
12.31632
12.5839
12.82465
13.0461
0
0
0
0
0
3.019919
3.140952
3.430495
3.572292
3.653396
12.00908
12.30724
12.57602
12.81802
13.04068
0
0
0
0
0
2.938737
3.018326
3.139154
3.428239
3.570871
12.01373
12.31256
12.58282
12.8274
13.0509
0
0
0
0
0
2.881149
2.935855
3.01453
3.134604
3.424979
12.04198
12.34266
12.61388
12.86051
13.08691
0
0
0
0
0
2.840649
2.877637
2.931051
3.008011
3.126559
12.12574
12.43024
12.70472
12.95372
13.18445
0
0
0
0
0
2.812796
2.836791
2.872312
2.923686
2.997906
12.29203
12.60188
12.88225
13.13714
13.37267
0
0
0
0
0
2.794668
2.809502
2.831996
2.865527
2.914161
12.45909
12.77502
13.06085
13.32127
13.56219
0
0
0
0
0
2.784048
2.79318
2.806912
2.827963
2.859637
12.61221
12.93272
13.22463
13.49039
13.73622
0
0
0
0
0
2.777899
2.783869
2.792327
2.805164
2.82503
12.74559
13.07051
13.3662
13.63705
13.88817
0
0
0
0
0
2.772344
2.778135
2.783756
2.791738
2.803896
12.85402
13.18606
13.48551
13.75874
14.01737
0
0
0
0
0
2.767664
2.772042
2.777653
2.783086
2.790856
13.23069
13.54493
13.82998
14.08851
14.33354
0
0
0
0
0
3.340572
3.012847
2.567294
2.264857
1.983939
13.07973
13.38982
13.67115
13.92838
14.16717
0
0
0
0
0
3.550075
3.33304
3.003557
2.558061
2.254406
12.90554
13.21172
13.48947
13.74335
13.97903
0
0
0
0
0
3.669454
3.538082
3.317936
2.985416
2.543048
12.71083
13.0131
13.28727
13.53749
13.76969
0
0
0
0
0
3.719896
3.656347
3.52042
3.295938
2.958802
12.50136
12.80011
13.07078
13.31732
13.54542
0
0
0
0
0
3.714723
3.709176
3.64093
3.498688
3.268794
12.29332
12.58887
12.85609
13.09885
13.32261
0
0
0
0
0
3.664005
3.70598
3.6973
3.623983
3.476688
12.16789
12.46242
12.72833
12.96931
13.19072
0
0
0
0
0
3.575362
3.660106
3.699255
3.687773
3.610547
12.09834
12.39323
12.65912
12.89975
13.12021
0
0
0
0
0
3.428665
3.574095
3.657342
3.694419
3.680859
12.05206
12.34762
12.61399
12.85422
13.07534
0
0
0
0
0
3.138091
3.430052
3.573307
3.655214
3.69083
12.0199
12.31632
12.5839
12.82465
13.04611
0
0
0
0
0
3.019919
3.140952
3.430495
3.572292
3.653396
11.99794
12.29585
12.56394
12.80607
13.02838
0
0
0
0
0
2.940255
3.020259
3.141618
3.429383
3.570892
11.987
12.28544
12.55519
12.79853
13.02191
0
0
0
0
0
2.883456
2.939004
3.018832
3.140055
3.426706
11.99082
12.29075
12.56109
12.8065
13.03125
0
0
0
0
0
2.843483
2.881359
2.936212
3.015185
3.135682
12.01752
12.32007
12.59226
12.83874
13.06583
0
0
0
0
0
2.815686
2.840811
2.877871
2.931466
3.008799
12.1005
12.40612
12.68231
12.93217
13.16258
0
0
0
0
0
2.796952
2.812911
2.836923
2.872532
2.924129
12.26541
12.5769
12.85835
13.11427
13.35036
0
0
0
0
0
2.78484
2.794742
2.809544
2.832056
2.865694
12.43293
12.74856
13.03597
13.29733
13.53895
0
0
0
0
0
2.777739
2.784097
2.793167
2.806868
2.827953
12.58675
12.90688
13.19811
13.46538
13.712
0
0
0
0
0
2.77196
2.777934
2.78382
2.792218
2.805041
12.71867
13.0456
13.34046
13.61024
13.86217
0
0
0
0
0
2.767942
2.772373
2.778063
2.783603
2.791543
12.82579
13.15954
13.46092
13.733
13.99023
0
0
0
0
0
2.766766
2.767699
2.771982
2.777504
2.782887
13.21733
13.53254
13.81847
14.0778
14.3236
0
0
0
0
0
3.555977
3.340206
3.011862
2.566039
2.262614
13.06556
13.37663
13.65886
13.91689
14.15642
0
0
0
0
0
3.678446
3.549741
3.332125
3.002014
2.556566
12.89055
13.19772
13.47636
13.73106
13.96746
0
0
0
0
0
3.728578
3.669147
3.537237
3.316501
2.983314
12.69498
12.99817
13.27333
13.52445
13.7573
0
0
0
0
0
3.723337
3.719597
3.65556
3.519091
3.293984
12.48459
12.78439
13.05596
13.30334
13.53216
0
0
0
0
0
3.669579
3.714428
3.708389
3.639633
3.496872
12.27563
12.57223
12.84041
13.08398
13.30848
0
0
0
0
0
3.576036
3.663746
3.70526
3.696071
3.622218
12.14922
12.44484
12.7117
12.95355
13.17568
0
0
0
0
0
3.428545
3.575084
3.659468
3.698156
3.686135
12.07868
12.37467
12.64156
12.88304
13.10428
0
0
0
0
0
3.132692
3.428377
3.573433
3.656361
3.692953
12.03104
12.3281
12.59547
12.8366
13.05845
0
0
0
0
0
3.017992
3.138498
3.429349
3.572282
3.653895
11.99794
12.29585
12.56394
12.80607
13.02838
0
0
0
0
0
2.940255
3.020259
3.141618
3.429383
3.570892
11.97581
12.27453
12.54355
12.78603
13.0096
0
0
0
0
0
2.884589
2.940527
3.020775
3.142533
3.427846
11.96407
12.26357
12.53343
12.77762
13.00167
0
0
0
0
0
2.845207
2.883675
2.939376
3.01951
3.141161
11.96626
12.26811
12.53935
12.78468
13.01014
0
0
0
0
0
2.817809
2.843659
2.88162
2.93667
3.016034
11.99221
12.29579
12.5698
12.81704
13.04384
0
0
0
0
0
2.799005
2.815823
2.840981
2.878149
2.931995
12.074
12.38112
12.65824
12.90975
13.14024
0
0
0
0
0
2.786323
2.797051
2.812997
2.837052
2.8728
12.23918
12.55049
12.83346
13.09031
13.32715
0
0
0
0
0
2.778048
2.784903
2.794755
2.809542
2.832111
12.40734
12.72271
13.00955
13.27238
13.51479
0
0
0
0
0
2.771541
2.77778
2.784063
2.793083
2.806783
12.5598
12.88191
13.17243
13.43874
13.68607
0
0
0
0
0
2.767439
2.771992
2.77787
2.78368
2.792043
12.69053
13.01912
13.31587
13.58515
13.83505
0
0
0
0
0
2.766312
2.76797
2.772297
2.777888
2.783368
12.7963
13.13174
13.43466
13.70888
13.9623
0
0
0
0
0
2.76516
2.766789
2.767638
2.771827
2.777275
13.20306
13.51926
13.80607
14.06614
14.31252
0
0
0
0
0
3.683022
3.555644
3.339291
3.010323
2.564349
13.05051
13.36257
13.64569
13.90454
14.1448
0
0
0
0
0
3.735062
3.678138
3.548896
3.33069
2.999921
12.87467
13.18283
13.46239
13.7179
13.95504
0
0
0
0
0
3.729863
3.728288
3.668362
3.535909
3.31455
12.67821
12.98244
13.25844
13.51046
13.74395
0
0
0
0
0
3.676421
3.723032
3.718839
3.654324
3.517283
12.46691
12.76776
13.04028
13.28847
13.51802
0
0
0
0
0
3.577396
3.669296
3.713681
3.707152
3.637865
12.25701
12.55469
12.82382
13.06826
13.29347
0
0
0
0
0
3.423372
3.575734
3.663076
3.704122
3.694388
12.12961
12.42633
12.69417
12.93688
13.15978
0
0
0
0
0
3.123731
3.428223
3.574374
3.658455
3.696649
12.05768
12.35519
12.62306
12.86543
13.08741
0
0
0
0
0
3.013717
3.133087
3.427659
3.572386
3.655016
12.00908
12.30724
12.57551
12.81803
13.04068
0
0
0
0
0
2.938737
3.018326
3.139154
3.42824
3.570871
11.9758
12.27452
12.54355
12.78603
13.0096
0
0
0
0
0
2.884589
2.940527
3.020775
3.142533
3.427846
11.95287
12.25232
12.52229
12.76558
12.98936
0
0
0
0
0
2.845947
2.884811
2.940904
3.021466
3.143657
11.93946
12.2409
12.51163
12.75578
12.98101
0
0
0
0
0
2.819142
2.845391
2.88395
2.939854
3.020387
11.94088
12.24376
12.51683
12.76286
12.9881
0
0
0
0
0
2.800573
2.81796
2.843851
2.881936
2.937253
11.96612
12.27072
12.54559
12.79456
13.02191
0
0
0
0
0
2.787764
2.799125
2.815944
2.841163
2.878493
12.04768
12.35487
12.63333
12.88558
13.11756
0
0
0
0
0
2.779026
2.786411
2.797104
2.813056
2.837198
12.2134
12.52457
12.8071
13.06535
13.30297
0
0
0
0
0
2.771529
2.778102
2.784893
2.794709
2.809515
12.38009
12.69759
12.98385
13.24583
13.48957
0
0
0
0
0
2.766845
2.77158
2.77773
2.783946
2.792942
12.53167
12.85541
13.14777
13.41303
13.65911
0
0
0
0
0
2.765514
2.76747
2.771924
2.777707
2.783463
12.66117
12.9914
13.28969
13.56068
13.80974
0
0
0
0
0
2.764863
2.766337
2.767892
2.772116
2.777624
12.76536
13.10262
13.40714
13.68278
13.93696
0
0
0
0
0
2.76513
2.765186
2.766701
2.767479
2.771591
13.18789
13.50509
13.79281
14.05373
14.3001
0
0
0
0
0
3.738406
3.682715
3.554799
3.337857
3.008235
13.03455
13.34763
13.63165
13.89132
14.13232
0
0
0
0
0
3.733879
3.734772
3.677354
3.547568
3.328739
12.85788
13.16706
13.44753
13.70387
13.94174
0
0
0
0
0
3.681483
3.729563
3.727552
3.667129
3.534103
12.66054
12.96582
13.24275
13.4955
13.72981
0
0
0
0
0
3.579345
3.676115
3.722272
3.717648
3.652641
12.4483
12.75023
13.02369
13.27274
13.50301
0
0
0
0
0
3.416558
3.577071
3.668594
3.712511
3.705467
12.23746
12.53623
12.80634
13.05162
13.2776
0
0
0
0
0
3.1103
3.423032
3.574993
3.662023
3.702567
12.10865
12.4069
12.67572
12.9193
13.14295
0
0
0
0
0
3.00664
3.124105
3.427424
3.573256
3.65707
12.03574
12.33434
12.60364
12.84687
13.06964
0
0
0
0
0
2.935598
3.01404
3.133726
3.426533
3.570948
11.98698
12.28545
12.55512
12.79799
13.02191
0
0
0
0
0
2.883456
2.939004
3.018832
3.140055
3.426706
11.95286
12.25232
12.5223
12.76558
12.98936
0
0
0
0
0
2.845947
2.884811
2.940904
3.021466
3.143657
11.92825
12.22963
12.50017
12.74427
12.9687
0
0
0
0
0
2.819821
2.846137
2.885091
2.941388
3.022361
11.91405
12.21649
12.4891
12.73391
12.95951
0
0
0
0
0
2.801574
2.819301
2.845596
2.884284
2.940463
11.91479
12.21862
12.49255
12.74034
12.96602
0
0
0
0
0
2.788925
2.800707
2.818101
2.844063
2.88233
11.93848
12.24493
12.52061
12.77029
12.99925
0
0
0
0
0
2.780099
2.787872
2.799212
2.816053
2.841379
12.02171
12.32888
12.60718
12.8606
13.0932
0
0
0
0
0
2.772173
2.779104
2.786439
2.797115
2.81311
12.18619
12.49926
12.78134
13.03888
13.27776
0
0
0
0
0
2.766612
2.771581
2.778076
2.784812
2.794621
12.35188
12.67105
12.95904
13.22011
13.46271
0
0
0
0
0
2.764648
2.766883
2.771525
2.777589
2.783761
12.50233
12.82769
13.12156
13.38849
13.63383
0
0
0
0
0
2.764738
2.765542
2.7674
2.771755
2.777459
12.63036
12.96241
13.26226
13.5346
13.78515
0
0
0
0
0
2.765262
2.764889
2.766252
2.767707
2.771844
12.73189
13.07197
13.3783
13.65539
13.91101
0
0
0
0
0
2.763722
2.765151
2.765104
2.766501
2.767238
13.17181
13.49003
13.77794
14.04031
14.28653
0
0
0
0
0
3.735543
3.738117
3.68193
3.553471
3.335906
13.01769
13.33179
13.61676
13.87723
14.11896
0
0
0
0
0
3.686221
3.733589
3.734036
3.676121
3.54576
12.84017
13.1504
13.43181
13.68896
13.92757
0
0
0
0
0
3.581028
3.681177
3.728816
3.726397
3.665453
12.64193
12.94829
13.22617
13.47976
13.71487
0
0
0
0
0
3.412515
3.579008
3.675369
3.721084
3.716029
12.42876
12.73177
13.00622
13.25611
13.48713
0
0
0
0
0
3.09396
3.416201
3.5763
3.6675
3.710917
12.217
12.51685
12.78793
13.03409
13.26081
0
0
0
0
0
2.995998
3.110638
3.42222
3.573837
3.660588
12.08676
12.38608
12.65634
12.90079
13.12521
0
0
0
0
0
2.930485
3.006944
3.12471
3.426167
3.57172
12.0137
12.31256
12.58282
12.8274
13.0509
0
0
0
0
0
2.881149
2.935855
3.01453
3.134604
3.424979
11.96405
12.26355
12.53388
12.77754
13.00166
0
0
0
0
0
2.845207
2.883675
2.939376
3.01951
3.141161
11.92826
12.22963
12.50017
12.74428
12.9687
0
0
0
0
0
2.819821
2.846137
2.885091
2.941388
3.022361
11.90284
12.20509
12.47761
12.7221
12.94721
0
0
0
0
0
2.802097
2.819983
2.846349
2.88543
2.942004
11.88797
12.19132
12.46473
12.71136
12.93717
0
0
0
0
0
2.789684
2.801716
2.819454
2.845825
2.8847
11.88702
12.19283
12.4675
12.71597
12.94333
0
0
0
0
0
2.781058
2.789046
2.800813
2.818237
2.844317
11.91095
12.21751
12.49498
12.74524
12.97476
0
0
0
0
0
2.772984
2.780198
2.787933
2.799268
2.81617
11.99435
12.30335
12.58135
12.83439
13.06797
0
0
0
0
0
2.767027
2.772248
2.779114
2.786412
2.797101
12.15785
12.47249
12.75632
13.0131
13.25097
0
0
0
0
0
2.764125
2.766663
2.771549
2.777969
2.784677
12.32248
12.64325
12.93278
13.19541
13.43675
0
0
0
0
0
2.763959
2.764684
2.766826
2.771377
2.777372
12.47159
12.79871
13.09411
13.36236
13.60917
0
0
0
0
0
2.764438
2.76476
2.765466
2.767227
2.771499
12.59712
12.93189
13.23355
13.50724
13.75892
0
0
0
0
0
2.763398
2.765276
2.76481
2.766058
2.76743
12.69587
13.03862
13.34791
13.62674
13.8834
0
0
0
0
0
2.761521
2.763738
2.765061
2.764916
2.766203
13.15483
13.47389
13.76272
14.02616
14.27383
0
0
0
0
0
3.688396
3.735263
3.737382
3.680698
3.551664
12.99991
13.31506
13.60096
13.86229
14.10472
0
0
0
0
0
3.583643
3.685902
3.732865
3.732884
3.674445
12.82153
13.13284
13.41519
13.67318
13.91251
0
0
0
0
0
3.435932
3.580693
3.680439
3.727649
3.724829
12.62241
12.92983
13.20868
13.46312
13.69898
0
0
0
0
0
3.078379
3.412133
3.578223
3.674211
3.719467
12.40833
12.7124
12.98781
13.23858
13.47034
0
0
0
0
0
2.982413
3.094186
3.41539
3.575107
3.666015
12.19516
12.49607
12.76861
13.01563
13.24312
0
0
0
0
0
2.922843
2.99627
3.111183
3.420953
3.572254
12.06483
12.36435
12.63557
12.88137
13.10652
0
0
0
0
0
2.877444
2.930724
3.007401
3.125541
3.424424
11.99079
12.29072
12.56109
12.8065
13.03125
0
0
0
0
0
2.843483
2.881359
2.936212
3.015185
3.135682
11.93947
12.24088
12.51177
12.75624
12.98101
0
0
0
0
0
2.819142
2.845392
2.88395
2.939854
3.020388
11.90284
12.2051
12.47761
12.7221
12.94721
0
0
0
0
0
2.802097
2.819983
2.846349
2.88543
2.942004
11.87678
12.17992
12.45308
12.69901
12.92483
0
0
0
0
0
2.790092
2.802242
2.820139
2.846589
2.885853
11.86017
12.16557
12.43966
12.6869
12.9139
0
0
0
0
0
2.781846
2.789813
2.801834
2.819605
2.846101
11.85828
12.1653
12.44188
12.69086
12.91872
0
0
0
0
0
2.773757
2.78117
2.789127
2.800896
2.81839
11.88376
12.1903
12.46763
12.71961
12.94947
0
0
0
0
0
2.767677
2.773078
2.780239
2.78795
2.799315
11.96586
12.27642
12.55611
12.80854
13.04148
0
0
0
0
0
2.764252
2.767101
2.772251
2.779058
2.786347
12.12831
12.44454
12.72983
12.98819
13.22496
0
0
0
0
0
2.763374
2.764173
2.766629
2.771435
2.777799
12.2917
12.61421
12.90525
13.16926
13.41195
0
0
0
0
0
2.763357
2.763987
2.764621
2.766675
2.771152
12.43849
12.76825
13.0654
13.33499
13.58289
0
0
0
0
0
2.763216
2.764455
2.764669
2.765285
2.766967
12.56147
12.89877
13.20327
13.4786
13.73135
0
0
0
0
0
2.761202
2.763414
2.76517
2.764624
2.765768
12.65473
13.00251
13.31467
13.5964
13.85432
0
0
0
0
0
2.756162
2.761536
2.763637
2.76486
2.764634
13.13692
13.45703
13.74675
14.01133
14.26013
0
0
0
0
0
3.584725
3.688075
3.734563
3.73623
3.679022
12.98119
13.29742
13.58427
13.84644
14.08965
0
0
0
0
0
3.43426
3.583293
3.685132
3.731737
3.731318
12.80198
13.11435
13.39767
13.65651
13.89658
0
0
0
0
0
3.066465
3.434884
3.579916
3.679292
3.726064
12.60198
12.91047
13.19028
13.44559
13.68218
0
0
0
0
0
2.97019
3.078574
3.411308
3.577012
3.672637
12.38685
12.69214
12.9685
13.22012
13.45264
0
0
0
0
0
2.913183
2.982643
3.094521
3.414141
3.573482
12.17284
12.47439
12.74787
12.99625
13.22447
0
0
0
0
0
2.871951
2.923054
2.996676
3.11193
3.419205
12.04198
12.34263
12.61388
12.86051
13.08691
0
0
0
0
0
2.84065
2.877637
2.931051
3.008011
3.126559
11.96629
12.26808
12.53931
12.78468
13.01014
0
0
0
0
0
2.817809
2.843659
2.88162
2.93667
3.016034
11.91406
12.21651
12.48923
12.73409
12.95952
0
0
0
0
0
2.801574
2.819301
2.845596
2.884284
2.940463
11.87678
12.17993
12.45309
12.69901
12.92483
0
0
0
0
0
2.790092
2.802242
2.820139
2.846589
2.885853
11.84897
12.15418
12.42801
12.67435
12.90154
0
0
0
0
0
2.782359
2.790224
2.802363
2.820294
2.84688
11.83152
12.13799
12.41409
12.66177
12.88899
0
0
0
0
0
2.774404
2.781963
2.789904
2.801932
2.819776
11.82996
12.13678
12.41442
12.66474
12.89337
0
0
0
0
0
2.768439
2.773864
2.781229
2.78917
2.800976
11.85514
12.16356
12.44058
12.69216
12.92365
0
0
0
0
0
2.764688
2.767771
2.773112
2.780226
2.787944
11.9362
12.24833
12.52945
12.78341
13.01541
0
0
0
0
0
2.763379
2.764323
2.767103
2.772187
2.778955
12.09742
12.41537
12.70215
12.96177
13.19994
0
0
0
0
0
2.762504
2.763416
2.764133
2.766513
2.771255
12.25866
12.58371
12.87647
13.14179
13.38547
0
0
0
0
0
2.762341
2.763382
2.76391
2.764461
2.766446
12.40308
12.73527
13.03519
13.30635
13.55532
0
0
0
0
0
2.761032
2.763227
2.764357
2.764466
2.765013
12.52109
12.86304
13.17026
13.44837
13.70203
0
0
0
0
0
2.756353
2.761218
2.763314
2.764943
2.764347
12.55607
12.96087
13.27847
13.56317
13.82369
0
0
0
0
0
2.749153
2.756186
2.761435
2.763421
2.764562
13.11808
13.43946
13.72922
13.99473
14.24462
0
0
0
0
0
3.432647
3.584373
3.687302
3.733472
3.734665
12.96155
13.27886
13.56667
13.82969
14.07365
0
0
0
0
0
3.058058
3.433204
3.582484
3.683936
3.730204
12.78151
13.09496
13.37924
13.63894
13.87974
0
0
0
0
0
2.960908
3.066643
3.43284
3.578721
3.677736
12.58064
12.89021
13.17098
13.42713
13.66447
0
0
0
0
0
2.904654
2.970392
3.07885
3.410058
3.575363
12.36454
12.67079
12.94831
13.20075
13.434
0
0
0
0
0
2.865111
2.913358
2.982976
3.094956
3.412426
12.15005
12.45277
12.72622
12.97543
13.20491
0
0
0
0
0
2.836653
2.872119
2.923335
2.997213
3.11284
12.01755
12.32004
12.59222
12.83873
13.06583
0
0
0
0
0
2.815687
2.840811
2.877871
2.931467
3.008799
11.94091
12.24379
12.51681
12.76283
12.9881
0
0
0
0
0
2.800573
2.81796
2.843851
2.881936
2.937253
11.88798
12.19134
12.46475
12.71155
12.93717
0
0
0
0
0
2.789684
2.801716
2.819454
2.845825
2.884701
11.84897
12.15418
12.42801
12.67435
12.90154
0
0
0
0
0
2.782359
2.790224
2.802363
2.820294
2.84688
11.82024
12.12661
12.40246
12.64974
12.87662
0
0
0
0
0
2.774722
2.782477
2.790319
2.802465
2.82047
11.80211
12.10958
12.38659
12.63624
12.86417
0
0
0
0
0
2.768924
2.774517
2.782029
2.789962
2.80203
11.80153
12.10881
12.38599
12.63752
12.86732
0
0
0
0
0
2.765307
2.768545
2.773916
2.781242
2.789197
11.82511
12.13534
12.41413
12.66508
12.89591
0
0
0
0
0
2.763702
2.764779
2.767804
2.773091
2.780179
11.9052
12.21903
12.50162
12.75681
12.99016
0
0
0
0
0
2.762252
2.763444
2.764319
2.767038
2.772073
12.06436
12.38477
12.67323
12.93415
13.17337
0
0
0
0
0
2.761628
2.762542
2.763362
2.764007
2.766331
12.22342
12.55079
12.84622
13.11307
13.35781
0
0
0
0
0
2.760169
2.762359
2.763299
2.763728
2.76422
12.36338
12.6998
13.00232
13.27619
13.52642
0
0
0
0
0
2.755643
2.761043
2.763116
2.764143
2.764164
12.42076
12.82219
13.13444
13.41522
13.67146
0
0
0
0
0
2.749374
2.756369
2.761119
2.763101
2.764608
12.86302
13.23639
13.52658
13.79005
0
0
0
0
0
2.745276
2.749183
2.756101
2.761219
2.763102
13.0983
13.42077
13.7113
13.97794
14.22909
0
0
0
0
0
3.054132
3.431597
3.583561
3.686101
3.731994
12.941
13.25937
13.54815
13.81204
14.05673
0
0
0
0
0
2.954271
3.058236
3.431175
3.581236
3.682308
12.76014
13.07466
13.35989
13.62044
13.86199
0
0
0
0
0
2.898272
2.961095
3.066888
3.4298
3.577096
12.55834
12.86907
13.15078
13.40776
13.64583
0
0
0
0
0
2.85924
2.904805
2.970674
3.079202
3.408357
12.34143
12.64868
12.92696
13.1805
13.41444
0
0
0
0
0
2.831804
2.865246
2.913576
2.983407
3.095518
12.12576
12.43024
12.70471
12.9537
13.18386
0
0
0
0
0
2.812796
2.836791
2.872312
2.923686
2.997906
11.99223
12.29582
12.56976
12.817
13.04384
0
0
0
0
0
2.799005
2.815824
2.840981
2.878149
2.931995
11.91479
12.21864
12.49257
12.74031
12.96599
0
0
0
0
0
2.788925
2.800707
2.818102
2.844063
2.88233
11.86017
12.16557
12.43968
12.68692
12.9139
0
0
0
0
0
2.781846
2.789813
2.801834
2.819605
2.846101
11.82024
12.12661
12.40246
12.64974
12.87662
0
0
0
0
0
2.774723
2.782477
2.790319
2.802465
2.82047
11.79122
12.09812
12.37496
12.62422
12.8518
0
0
0
0
0
2.769301
2.774838
2.782542
2.790382
2.802569
11.77239
12.08044
12.35827
12.60865
12.83844
0
0
0
0
0
2.765707
2.769037
2.774576
2.782049
2.790008
11.77139
12.08081
12.35821
12.60951
12.83974
0
0
0
0
0
2.764234
2.765409
2.768593
2.773919
2.781226
11.7931
12.10567
12.38618
12.63873
12.86864
0
0
0
0
0
2.762364
2.763787
2.764806
2.767782
2.773033
11.87211
12.18832
12.47257
12.72905
12.96341
0
0
0
0
0
2.761487
2.762314
2.763426
2.764244
2.766922
12.0292
12.35185
12.64287
12.90529
13.14556
0
0
0
0
0
2.759466
2.761657
2.762483
2.763214
2.763813
12.18417
12.51551
12.81342
13.08288
13.32885
0
0
0
0
0
2.754729
2.760187
2.762261
2.763108
2.763455
12.26167
12.65964
12.96677
13.24321
13.49596
0
0
0
0
0
2.748757
2.755662
2.760932
2.762884
2.763827
12.72242
13.09316
13.37904
13.63807
0
0
0
0
0
2.744827
2.749396
2.756268
2.760906
2.762787
13.13995
13.48293
13.75328
0
0
0
0
0
2.741619
2.745295
2.749114
2.755911
2.760901
13.07762
13.40115
13.69275
13.96084
14.21212
0
0
0
0
0
2.95121
3.054306
3.429588
3.582308
3.684467
12.91951
13.23899
13.52872
13.79346
14.0389
0
0
0
0
0
2.893583
2.954457
3.058483
3.428173
3.579534
12.73781
13.05348
13.33966
13.60103
13.84331
0
0
0
0
0
2.854946
2.898409
2.961344
3.067192
3.425708
12.53511
12.84697
13.12971
13.38751
13.62627
0
0
0
0
0
2.82781
2.859355
2.90498
2.97103
3.079652
12.31724
12.62585
12.90493
13.15912
13.394
0
0
0
0
0
2.809414
2.831912
2.865385
2.913837
2.983962
12.10052
12.40615
12.68231
12.93214
13.16192
0
0
0
0
0
2.796952
2.812911
2.836923
2.872532
2.924129
11.96612
12.27075
12.54562
12.79453
13.02187
0
0
0
0
0
2.787764
2.799126
2.815945
2.841163
2.878493
11.88702
12.19283
12.46753
12.716
12.9433
0
0
0
0
0
2.781058
2.789047
2.800813
2.818238
2.844318
11.83151
12.13799
12.4141
12.66179
12.88899
0
0
0
0
0
2.774405
2.781963
2.789904
2.801932
2.819776
11.79122
12.09812
12.37496
12.62422
12.8518
0
0
0
0
0
2.769301
2.774838
2.782542
2.790382
2.802569
11.76065
12.0694
12.34655
12.59664
12.82606
0
0
0
0
0
2.766043
2.769415
2.7749
2.782559
2.790432
11.74252
12.05103
12.32924
12.58039
12.81058
0
0
0
0
0
2.764576
2.765817
2.769096
2.774587
2.782042
11.73904
12.05104
12.33049
12.58147
12.81125
0
0
0
0
0
2.762663
2.764331
2.765452
2.768591
2.773893
11.75925
12.0739
12.35675
12.61085
12.84213
0
0
0
0
0
2.761692
2.762447
2.763801
2.764774
2.767723
11.83703
12.15538
12.4421
12.70005
12.93546
0
0
0
0
0
2.759333
2.76154
2.762292
2.76333
2.764116
11.99024
12.31669
12.61008
12.87496
13.11647
0
0
0
0
0
2.754085
2.759496
2.761582
2.762328
2.76299
12.09122
12.4759
12.77808
13.04998
13.29835
0
0
0
0
0
2.747993
2.754754
2.760089
2.762049
2.762825
12.5586
12.92618
13.2073
13.46272
0
0
0
0
0
2.74404
2.748783
2.755568
2.7607
2.762545
12.99507
13.33704
13.6017
0
0
0
0
0
2.741155
2.744847
2.74931
2.75605
2.760592
13.38929
13.70984
0
0
0
0
0
2.738608
2.741633
2.745201
2.748946
2.755628
13.05599
13.38065
13.6732
13.94214
14.19426
0
0
0
0
0
2.891488
2.951393
3.054545
3.426622
3.580599
12.8971
13.21769
13.5084
13.77397
14.02014
0
0
0
0
0
2.851668
2.893721
2.954706
3.05879
3.424148
12.71453
13.03134
13.31854
13.58074
13.82371
0
0
0
0
0
2.824989
2.85505
2.898557
2.961651
3.067579
12.51093
12.82394
13.10768
13.36638
13.60582
0
0
0
0
0
2.806826
2.827901
2.859457
2.905176
2.971481
12.29203
12.60188
12.88225
13.13702
13.37266
0
0
0
0
0
2.794668
2.809502
2.831996
2.865528
2.914161
12.074
12.38115
12.65826
12.90972
13.14012
0
0
0
0
0
2.786323
2.797051
2.812997
2.837052
2.8728
11.93849
12.24493
12.52064
12.77032
12.99922
0
0
0
0
0
2.780099
2.787872
2.799212
2.816053
2.841379
11.85828
12.1653
12.44189
12.69089
12.91875
0
0
0
0
0
2.773758
2.78117
2.789127
2.800896
2.81839
11.8021
12.10957
12.3866
12.63625
12.86417
0
0
0
0
0
2.768924
2.774518
2.78203
2.789962
2.802031
11.76066
12.0694
12.34655
12.59664
12.82607
0
0
0
0
0
2.766043
2.769415
2.7749
2.782559
2.790432
11.7294
12.03908
12.31798
12.56845
12.7982
0
0
0
0
0
2.764881
2.766154
2.769473
2.774914
2.782546
11.71028
12.02155
12.30002
12.55113
12.78178
0
0
0
0
0
2.763022
2.76468
2.76587
2.769107
2.774569
11.70476
12.01892
12.30098
12.55387
12.7829
0
0
0
0
0
2.762066
2.762759
2.76436
2.76544
2.768556
11.72363
12.04018
12.32517
12.58147
12.81406
0
0
0
0
0
2.759542
2.761764
2.762457
2.763748
2.764703
11.79833
12.1203
12.4093
12.66961
12.90624
0
0
0
0
0
2.754054
2.759385
2.7615
2.762189
2.763172
11.90305
12.27741
12.57489
12.84207
13.08588
0
0
0
0
0
2.747548
2.754123
2.75942
2.761404
2.762094
12.37701
12.73804
13.01433
13.26518
0
0
0
0
0
2.743195
2.748025
2.754674
2.759877
2.761739
12.82619
13.16598
13.42659
0
0
0
0
0
2.740341
2.744063
2.748703
2.755362
2.76036
13.2422
13.55903
0
0
0
0
0
2.738119
2.74117
2.744757
2.749116
2.75573
13.62159
0
0
0
0
0
2.736598
2.738614
2.74153
2.744998
2.748696
13.03341
13.3592
13.65317
13.92253
14.17568
0
0
0
0
0
2.850271
2.891623
2.951635
3.054843
3.422648
12.87372
13.19548
13.48714
13.75358
14.00045
0
0
0
0
0
2.822705
2.851775
2.893872
2.955015
3.059183
12.69032
13.00827
13.29647
13.55957
13.80322
0
0
0
0
0
2.805175
2.82507
2.85513
2.898711
2.962036
12.48574
12.79998
13.08472
13.34428
13.5845
0
0
0
0
0
2.793121
2.806898
2.827952
2.859545
2.905413
12.26541
12.57691
12.85836
13.11427
13.35035
0
0
0
0
0
2.78484
2.794742
2.809544
2.832056
2.865694
12.04768
12.35487
12.63336
12.88561
13.11752
0
0
0
0
0
2.779026
2.786411
2.797104
2.813057
2.837199
11.91096
12.21752
12.49498
12.74528
12.97479
0
0
0
0
0
2.772985
2.780198
2.787933
2.799269
2.81617
11.82996
12.13679
12.41443
12.66475
12.8934
0
0
0
0
0
2.76844
2.773865
2.78123
2.78917
2.800976
11.77239
12.08043
12.35826
12.60866
12.83845
0
0
0
0
0
2.765707
2.769037
2.774577
2.782049
2.790008
11.7294
12.03908
12.31799
12.56846
12.7982
0
0
0
0
0
2.764881
2.766154
2.769473
2.774914
2.782546
11.69747
12.00807
12.28779
12.53984
12.76972
0
0
0
0
0
2.763204
2.764986
2.766206
2.769482
2.774901
11.6758
11.98956
12.27081
12.52226
12.75327
0
0
0
0
0
2.762481
2.763125
2.764721
2.765872
2.76909
11.6684
11.98475
12.26904
12.52432
12.75504
0
0
0
0
0
2.75992
2.762151
2.76279
2.764329
2.765393
11.68058
12.00457
12.29155
12.54987
12.78447
0
0
0
0
0
2.75435
2.759615
2.761755
2.7624
2.763647
11.71625
12.08134
12.37422
12.63673
12.87555
0
0
0
0
0
2.747734
2.754114
2.759345
2.761371
2.762023
12.1863
12.53523
12.80661
13.0527
0
0
0
0
0
2.742707
2.747593
2.754064
2.759242
2.761139
12.63977
12.97356
13.22932
0
0
0
0
0
2.739464
2.743225
2.747959
2.754489
2.759565
13.0739
13.38465
0
0
0
0
0
2.737254
2.740359
2.743981
2.748521
2.755058
13.47197
0
0
0
0
0
2.73608
2.738126
2.741071
2.744559
2.74883
0
0
0
0
0
2.732931
2.736596
2.738497
2.741315
2.7447
13.00988
13.33681
13.63175
13.90209
14.15555
0
0
0
0
0
2.821797
2.850375
2.891767
2.951932
3.055221
12.84941
13.1723
13.46501
13.73183
13.97916
0
0
0
0
0
2.804062
2.822789
2.851859
2.894032
2.955403
12.66509
12.98427
13.27347
13.53744
13.78186
0
0
0
0
0
2.792304
2.805239
2.825101
2.855183
2.898891
12.45909
12.77502
13.06085
13.32127
13.56219
0
0
0
0
0
2.784048
2.79318
2.806912
2.827963
2.859637
12.23918
12.55049
12.83347
13.09032
13.32715
0
0
0
0
0
2.778048
2.784903
2.794755
2.809543
2.832112
12.02171
12.32887
12.60718
12.86063
13.09324
0
0
0
0
0
2.772174
2.779104
2.786439
2.797115
2.81311
11.88376
12.19031
12.46764
12.71962
12.94951
0
0
0
0
0
2.767677
2.773079
2.780239
2.78795
2.799315
11.80153
12.10882
12.38599
12.63752
12.86731
0
0
0
0
0
2.765307
2.768545
2.773917
2.781242
2.789197
11.74252
12.05103
12.32923
12.58039
12.81058
0
0
0
0
0
2.764577
2.765817
2.769096
2.774588
2.782042
11.69747
12.00807
12.28779
12.53984
12.76972
0
0
0
0
0
2.763205
2.764986
2.766206
2.769482
2.774901
11.66304
11.97641
12.25694
12.50911
12.74081
0
0
0
0
0
2.762692
2.76331
2.765027
2.766207
2.769462
11.63877
11.9552
12.23902
12.49321
12.72312
0
0
0
0
0
2.760336
2.762572
2.763163
2.764704
2.765844
11.62259
11.94839
12.23498
12.49236
12.72554
0
0
0
0
0
2.754785
2.760005
2.762161
2.76276
2.764254
11.59144
11.9611
12.25595
12.51616
12.75258
0
0
0
0
0
2.748196
2.75443
2.759605
2.761669
2.762293
11.99554
12.33491
12.6014
12.84237
0
0
0
0
0
2.742877
2.7478
2.754091
2.759216
2.761171
12.44493
12.7663
13.01699
0
0
0
0
0
2.738941
2.742748
2.747548
2.753912
2.758976
12.88515
13.18799
0
0
0
0
0
2.736296
2.739488
2.743156
2.747797
2.754215
13.29649
0
0
0
0
0
2.735155
2.737264
2.740267
2.743795
2.74825
0
0
0
0
0
2.733103
2.736079
2.738013
2.74086
2.744269
0
0
0
0
2.729306
2.73293
2.736466
2.738262
2.741001
12.9854
13.31348
13.60873
13.88009
14.135
0
0
0
0
0
2.803116
2.821879
2.850455
2.891918
2.952304
12.82409
13.1482
13.44191
13.70965
13.95688
0
0
0
0
0
2.79185
2.804122
2.822827
2.851922
2.89422
12.63836
12.95927
13.24956
13.51437
13.7595
0
0
0
0
0
2.783827
2.792356
2.805235
2.825083
2.855227
12.43293
12.74856
13.03597
13.29733
13.53895
0
0
0
0
0
2.777739
2.784097
2.793167
2.806868
2.827953
12.2134
12.52457
12.8071
13.06536
13.30297
0
0
0
0
0
2.77153
2.778103
2.784893
2.794709
2.809515
11.99435
12.30335
12.58134
12.83439
13.06801
0
0
0
0
0
2.767027
2.772248
2.779114
2.786412
2.797101
11.85514
12.16357
12.44058
12.69216
12.92365
0
0
0
0
0
2.764688
2.767771
2.773113
2.780227
2.787944
11.77139
12.08081
12.35821
12.60951
12.83973
0
0
0
0
0
2.764235
2.765409
2.768594
2.77392
2.781227
11.71028
12.02155
12.30002
12.55112
12.78178
0
0
0
0
0
2.763023
2.764681
2.76587
2.769107
2.77457
11.66304
11.97641
12.25694
12.50911
12.74081
0
0
0
0
0
2.762692
2.763311
2.765027
2.766207
2.769462
11.62554
11.94211
12.22549
12.47872
12.71089
0
0
0
0
0
2.760547
2.762786
2.763352
2.765008
2.766175
11.59332
11.91813
12.20475
12.46124
12.69309
0
0
0
0
0
2.755236
2.760427
2.762588
2.763143
2.764648
11.53442
11.90201
12.19861
12.45819
12.6933
0
0
0
0
0
2.748742
2.754878
2.760014
2.762099
2.762688
11.86606
12.21198
12.48033
12.71855
0
0
0
0
0
2.743362
2.748282
2.754437
2.759519
2.761524
12.25138
12.56148
12.80678
0
0
0
0
0
2.73909
2.742941
2.74779
2.753988
2.759014
12.68136
12.97613
0
0
0
0
0
2.73566
2.738977
2.7427
2.747418
2.753684
13.09986
0
0
0
0
0
2.734104
2.736313
2.739409
2.742991
2.747555
0
0
0
0
0
2.732373
2.735158
2.737159
2.74007
2.743523
0
0
0
0
2.72901
2.733093
2.735952
2.737783
2.740554
0
0
0
2.723885
2.729305
2.732805
2.73621
2.737923
12.9599
13.28922
13.58533
13.8576
14.11361
0
0
0
0
0
2.791077
2.803182
2.821914
2.85051
2.892093
12.79721
13.12311
13.41789
13.68688
13.93521
0
0
0
0
0
2.783775
2.791898
2.804112
2.82282
2.851979
12.61221
12.93272
13.22463
13.49039
13.73622
0
0
0
0
0
2.777899
2.783869
2.792327
2.805164
2.82503
12.40734
12.72271
13.00955
13.27238
13.51479
0
0
0
0
0
2.771541
2.777781
2.784063
2.793083
2.806783
12.18619
12.49926
12.78134
13.03888
13.27776
0
0
0
0
0
2.766612
2.771582
2.778076
2.784812
2.794621
11.96587
12.27642
12.55611
12.80854
13.04148
0
0
0
0
0
2.764252
2.767101
2.772252
2.779059
2.786347
11.82511
12.13535
12.41413
12.66509
12.89592
0
0
0
0
0
2.763703
2.764779
2.767805
2.773092
2.780179
11.73904
12.05104
12.33049
12.58147
12.81125
0
0
0
0
0
2.762664
2.764332
2.765452
2.768591
2.773894
11.6758
11.98956
12.27081
12.52226
12.75327
0
0
0
0
0
2.762481
2.763126
2.764722
2.765873
2.76909
11.62554
11.94211
12.22549
12.47872
12.71089
0
0
0
0
0
2.760547
2.762786
2.763352
2.765009
2.766175
11.58187
11.90455
12.19129
12.44738
12.67883
0
0
0
0
0
2.755464
2.760641
2.762805
2.763336
2.76495
11.51189
11.87211
12.16765
12.42687
12.66145
0
0
0
0
0
2.749255
2.755335
2.760443
2.762535
2.763083
11.80917
12.15161
12.42158
12.6588
0
0
0
0
0
2.744039
2.74884
2.754904
2.759952
2.761987
12.11811
12.4356
12.68245
0
0
0
0
0
2.73959
2.743445
2.748302
2.754376
2.759373
12.48069
12.76634
0
0
0
0
0
2.735674
2.739148
2.742928
2.747708
2.753824
12.89063
0
0
0
0
0
2.733345
2.735689
2.73892
2.742568
2.74722
0
0
0
0
0
2.73143
2.734113
2.736221
2.739232
2.742747
0
0
0
0
2.728887
2.732367
2.735039
2.736942
2.739782
0
0
0
2.723633
2.72901
2.732952
2.735702
2.737452
0
0
2.719699
2.72389
2.72918
2.73256
2.735844
12.9328
13.26395
13.56166
13.83499
14.09078
0
0
0
0
0
2.783208
2.791133
2.803185
2.821901
2.850557
12.771
13.0964
13.39288
13.66279
13.91249
0
0
0
0
0
2.778104
2.783813
2.791861
2.804032
2.822785
12.58675
12.90688
13.19812
13.46539
13.712
0
0
0
0
0
2.77196
2.777934
2.78382
2.792218
2.805042
12.38009
12.69759
12.98385
13.24583
13.48958
0
0
0
0
0
2.766845
2.77158
2.777731
2.783946
2.792942
12.15785
12.47249
12.75633
13.0131
13.25097
0
0
0
0
0
2.764125
2.766663
2.771549
2.777969
2.784677
11.9362
12.24833
12.52945
12.78341
13.01541
0
0
0
0
0
2.76338
2.764323
2.767103
2.772188
2.778955
11.7931
12.10567
12.38618
12.63874
12.86864
0
0
0
0
0
2.762365
2.763788
2.764806
2.767782
2.773034
11.70476
12.01892
12.30098
12.55387
12.7829
0
0
0
0
0
2.762066
2.762761
2.764362
2.76544
2.768556
11.63877
11.9552
12.23902
12.49321
12.72312
0
0
0
0
0
2.760334
2.762572
2.763164
2.764705
2.765844
11.58187
11.90455
12.19129
12.44738
12.67883
0
0
0
0
0
2.755464
2.760641
2.762805
2.763336
2.764951
11.50884
11.86039
12.15367
12.41297
12.64643
0
0
0
0
0
2.749512
2.755565
2.76066
2.762756
2.763281
11.7914
12.12104
12.38949
12.62673
0
0
0
0
0
2.744514
2.749359
2.755367
2.76039
2.762432
12.06002
12.37372
12.6219
0
0
0
0
0
2.740355
2.744133
2.748877
2.754868
2.759839
12.3491
12.63704
0
0
0
0
0
2.736039
2.739666
2.743461
2.748261
2.754267
12.68487
0
0
0
0
0
2.733225
2.735725
2.739125
2.742843
2.747573
0
0
0
0
0
2.730741
2.733367
2.735619
2.738775
2.742369
0
0
0
0
2.728096
2.731431
2.734007
2.736024
2.738973
0
0
0
2.723625
2.728881
2.732233
2.734801
2.736629
0
0
2.719359
2.723639
2.728887
2.732681
2.735343
0
2.715847
2.719701
2.723778
2.728936
2.732211
12.90645
13.23703
13.53718
13.81083
14.06733
0
0
0
0
0
2.777669
2.783253
2.791112
2.803124
2.821857
12.74559
13.07051
13.3662
13.63705
13.88817
0
0
0
0
0
2.772344
2.778135
2.783756
2.791738
2.803896
12.5598
12.88191
13.17243
13.43874
13.68607
0
0
0
0
0
2.767439
2.771993
2.77787
2.78368
2.792043
12.35188
12.67105
12.95904
13.22011
13.46271
0
0
0
0
0
2.764649
2.766883
2.771526
2.77759
2.783761
12.12831
12.44454
12.72983
12.98819
13.22496
0
0
0
0
0
2.763375
2.764173
2.766629
2.771435
2.777799
11.9052
12.21903
12.50162
12.75682
12.99016
0
0
0
0
0
2.762253
2.763445
2.764319
2.767038
2.772074
11.75925
12.0739
12.35675
12.61085
12.84213
0
0
0
0
0
2.761692
2.762448
2.763802
2.764774
2.767723
11.6684
11.98475
12.26904
12.52432
12.75504
0
0
0
0
0
2.759917
2.762151
2.762791
2.76433
2.765394
11.59332
11.91813
12.20475
12.46124
12.69309
0
0
0
0
0
2.755236
2.760425
2.762589
2.763144
2.764649
11.50884
11.86039
12.15367
12.41297
12.64643
0
0
0
0
0
2.749513
2.755565
2.76066
2.762756
2.763282
11.78838
12.10899
12.37506
12.61227
0
0
0
0
0
2.745032
2.749618
2.7556
2.76061
2.762657
12.04112
12.34203
12.58904
0
0
0
0
0
2.741198
2.744615
2.749402
2.755339
2.760286
12.28957
12.57321
0
0
0
0
0
2.736638
2.740442
2.744164
2.74886
2.75479
12.55004
0
0
0
0
0
2.733484
2.736109
2.739672
2.743417
2.74818
0
0
0
0
0
2.730661
2.733269
2.73569
2.739028
2.742708
0
0
0
0
2.727487
2.730754
2.733283
2.735456
2.73856
0
0
0
2.722961
2.728097
2.73131
2.73379
2.735741
0
0
2.718831
2.723625
2.728747
2.731973
2.73446
0
2.715454
2.719361
2.723528
2.728645
2.732295
2.712882
2.715849
2.719582
2.723552
2.728586
12.881
13.211
13.51053
13.78561
14.04306
0
0
0
0
0
2.772005
2.777708
2.783213
2.791015
2.803015
12.71867
13.0456
13.34046
13.61025
13.86217
0
0
0
0
0
2.767942
2.772373
2.778063
2.783603
2.791544
12.53167
12.85541
13.14777
13.41303
13.65911
0
0
0
0
0
2.765514
2.767471
2.771924
2.777707
2.783463
12.32248
12.64325
12.93278
13.19541
13.43676
0
0
0
0
0
2.763959
2.764684
2.766826
2.771378
2.777372
12.09742
12.41537
12.70215
12.96177
13.19994
0
0
0
0
0
2.762505
2.763416
2.764133
2.766513
2.771256
11.87211
12.18832
12.47257
12.72905
12.96341
0
0
0
0
0
2.761488
2.762315
2.763427
2.764244
2.766923
11.72363
12.04018
12.32517
12.58147
12.81406
0
0
0
0
0
2.75954
2.761765
2.762458
2.763749
2.764703
11.62259
11.94839
12.23498
12.49236
12.72554
0
0
0
0
0
2.754786
2.760002
2.762161
2.762761
2.764255
11.51189
11.87211
12.16765
12.42687
12.66145
0
0
0
0
0
2.749256
2.755335
2.760441
2.762536
2.763084
11.78838
12.10899
12.37506
12.61227
0
0
0
0
0
2.745032
2.749619
2.7556
2.76061
2.762657
12.03834
12.32958
12.57401
0
0
0
0
0
2.742028
2.74513
2.749665
2.755576
2.760511
12.26436
12.54079
0
0
0
0
0
2.737131
2.741287
2.744654
2.749393
2.755271
12.49406
0
0
0
0
0
2.734009
2.73672
2.74046
2.744138
2.74881
0
0
0
0
0
2.730946
2.733547
2.736104
2.739614
2.743336
0
0
0
0
2.727465
2.730696
2.733219
2.735576
2.738876
0
0
0
2.722501
2.727501
2.730655
2.733099
2.735218
0
0
2.718736
2.722966
2.727976
2.731072
2.733479
0
2.714826
2.718836
2.7235
2.728487
2.731604
2.712308
2.715457
2.719245
2.723304
2.728301
2.712873
2.71573
2.719348
2.723228
12.85402
13.18606
13.48551
13.75874
14.01737
0
0
0
0
0
2.767664
2.772042
2.777653
2.783086
2.790857
12.69053
13.01912
13.31587
13.58515
13.83505
0
0
0
0
0
2.766312
2.76797
2.772297
2.777889
2.783368
12.50233
12.82769
13.12156
13.38849
13.63383
0
0
0
0
0
2.764739
2.765542
2.7674
2.771755
2.777459
12.2917
12.61421
12.90525
13.16926
13.41196
0
0
0
0
0
2.763358
2.763988
2.764621
2.766675
2.771152
12.06436
12.38477
12.67323
12.93415
13.17337
0
0
0
0
0
2.761628
2.762543
2.763362
2.764008
2.766331
11.83703
12.15538
12.4421
12.70005
12.93546
0
0
0
0
0
2.75933
2.76154
2.762293
2.763331
2.764117
11.68058
12.00457
12.29155
12.54987
12.78447
0
0
0
0
0
2.75435
2.759612
2.761755
2.762401
2.763648
11.53442
11.90201
12.19861
12.45819
12.6933
0
0
0
0
0
2.748743
2.754878
2.760012
2.7621
2.762689
11.7914
12.12104
12.38949
12.62673
0
0
0
0
0
2.744515
2.74936
2.755367
2.760388
2.762432
12.03834
12.32958
12.57401
0
0
0
0
0
2.742028
2.745131
2.749665
2.755576
2.760511
12.26116
12.52784
0
0
0
0
0
2.737365
2.74211
2.745164
2.749659
2.755512
12.47137
0
0
0
0
0
2.734453
2.737217
2.741306
2.744641
2.749351
0
0
0
0
0
2.731488
2.734083
2.736729
2.740419
2.744078
0
0
0
0
2.727803
2.731001
2.733527
2.736031
2.739515
0
0
0
2.722632
2.727501
2.730633
2.733084
2.735402
0
0
2.718414
2.722519
2.727402
2.73045
2.732833
0
2.714613
2.718739
2.722854
2.727737
2.730733
2.711269
2.714831
2.718725
2.723256
2.728117
2.712301
2.715341
2.719016
2.722985
2.712736
2.715494
2.719015
12.82579
13.15954
13.46092
13.733
13.99023
0
0
0
0
0
2.766766
2.7677
2.771982
2.777504
2.782887
12.66117
12.9914
13.28969
13.56068
13.80974
0
0
0
0
0
2.764863
2.766337
2.767892
2.772116
2.777624
12.47159
12.79871
13.09411
13.36236
13.60917
0
0
0
0
0
2.764438
2.76476
2.765466
2.767227
2.771499
12.25866
12.58371
12.87647
13.14179
13.38547
0
0
0
0
0
2.762342
2.763383
2.76391
2.764461
2.766446
12.0292
12.35185
12.64287
12.90529
13.14556
0
0
0
0
0
2.759464
2.761658
2.762484
2.763215
2.763813
11.79833
12.1203
12.4093
12.66962
12.90624
0
0
0
0
0
2.754053
2.759382
2.7615
2.76219
2.763173
11.59144
11.9611
12.25595
12.51616
12.75258
0
0
0
0
0
2.748198
2.75443
2.759602
2.761669
2.762294
11.80917
12.15161
12.42158
12.6588
0
0
0
0
0
2.74404
2.748841
2.754904
2.75995
2.761987
12.04112
12.34203
12.58904
0
0
0
0
0
2.741198
2.744615
2.749403
2.755339
2.760284
12.26116
12.52784
0
0
0
0
0
2.737365
2.74211
2.745164
2.749659
2.755512
12.46682
0
0
0
0
0
2.734664
2.737454
2.742112
2.74514
2.749621
0
0
0
0
0
2.731945
2.734532
2.737232
2.741261
2.744596
0
0
0
0
2.728431
2.731554
2.734078
2.736674
2.740339
0
0
0
2.723084
2.727859
2.730967
2.733434
2.735912
0
0
2.718629
2.722671
2.727438
2.730477
2.732883
0
2.71412
2.718428
2.722428
2.727198
2.730157
2.710077
2.714616
2.718621
2.722629
2.727396
2.711268
2.714722
2.718504
2.722908
2.712168
2.71511
2.718688
2.712475
2.715157
12.7963
13.13174
13.43466
13.70888
13.96231
0
0
0
0
0
2.76516
2.766789
2.767638
2.771827
2.777276
12.63036
12.96241
13.26226
13.5346
13.78515
0
0
0
0
0
2.765263
2.76489
2.766252
2.767708
2.771844
12.43849
12.76825
13.0654
13.33499
13.58289
0
0
0
0
0
2.763217
2.764456
2.764669
2.765285
2.766967
12.22342
12.55079
12.84622
13.11307
13.35781
0
0
0
0
0
2.760167
2.762359
2.763299
2.763728
2.76422
11.99024
12.31669
12.61008
12.87496
13.11647
0
0
0
0
0
2.754084
2.759493
2.761583
2.762329
2.762991
11.71625
12.08134
12.37422
12.63673
12.87555
0
0
0
0
0
2.747734
2.754114
2.759342
2.761372
2.762025
11.86606
12.21198
12.48033
12.71855
0
0
0
0
0
2.743362
2.748283
2.754437
2.759516
2.761525
12.06002
12.37372
12.6219
0
0
0
0
0
2.740355
2.744134
2.748878
2.754868
2.759837
12.26436
12.54079
0
0
0
0
0
2.737131
2.741287
2.744654
2.749394
2.755271
12.46682
0
0
0
0
0
2.734664
2.737454
2.742112
2.74514
2.749622
0
0
0
0
0
2.732162
2.734745
2.737471
2.742042
2.745081
0
0
0
0
2.729206
2.732016
2.734533
2.737184
2.741174
0
0
0
2.723779
2.728497
2.731535
2.734003
2.736577
0
0
2.719234
2.723142
2.727827
2.730853
2.733287
0
2.714128
2.718664
2.722615
2.727283
2.730249
2.709202
2.714136
2.718331
2.722235
2.726904
2.710085
2.7145
2.718389
2.722308
2.711146
2.714501
2.71819
2.711914
2.714781
2.712105
12.76536
13.10262
13.40714
13.68278
13.93696
0
0
0
0
0
2.765131
2.765186
2.766701
2.767479
2.771591
12.59712
12.93189
13.23355
13.50724
13.75892
0
0
0
0
0
2.763398
2.765277
2.76481
2.766058
2.76743
12.40308
12.73527
13.03519
13.30635
13.55532
0
0
0
0
0
2.761031
2.763227
2.764357
2.764466
2.765013
12.18417
12.51551
12.81342
13.08288
13.32885
0
0
0
0
0
2.754728
2.760184
2.762261
2.763109
2.763456
11.90305
12.27741
12.57489
12.84207
13.08588
0
0
0
0
0
2.747549
2.754122
2.759418
2.761405
2.762095
11.99554
12.33491
12.6014
12.84237
0
0
0
0
0
2.742877
2.747801
2.754091
2.759213
2.761171
12.11811
12.4356
12.68245
0
0
0
0
0
2.73959
2.743445
2.748303
2.754376
2.75937
12.28957
12.57321
0
0
0
0
0
2.736639
2.740442
2.744164
2.748861
2.754791
12.47137
0
0
0
0
0
2.734453
2.737217
2.741306
2.744641
2.749352
0
0
0
0
0
2.732162
2.734745
2.737471
2.742042
2.745081
0
0
0
0
2.729653
2.732236
2.734749
2.737427
2.741921
0
0
0
2.724424
2.729275
2.732003
2.734465
2.737096
0
0
2.72005
2.723847
2.728479
2.73144
2.733879
0
2.71442
2.719287
2.723115
2.727714
2.73068
2.709012
2.714167
2.718601
2.72247
2.727056
2.709224
2.714042
2.71813
2.721959
2.709981
2.71427
2.71806
2.710909
2.714187
2.711555
12.73189
13.07197
13.3783
13.65539
13.91101
0
0
0
0
0
2.763723
2.765152
2.765105
2.766501
2.767238
12.56147
12.89877
13.20327
13.4786
13.73135
0
0
0
0
0
2.761201
2.763414
2.76517
2.764625
2.765768
12.36338
12.6998
13.00232
13.27619
13.52642
0
0
0
0
0
2.755642
2.761041
2.763117
2.764143
2.764164
12.09122
12.4759
12.77808
13.04998
13.29835
0
0
0
0
0
2.747993
2.754754
2.760086
2.76205
2.762825
12.1863
12.53523
12.80661
13.0527
0
0
0
0
0
2.742707
2.747593
2.754064
2.759239
2.76114
12.25138
12.56148
12.80678
0
0
0
0
0
2.73909
2.742941
2.747791
2.753988
2.759012
12.3491
12.63704
0
0
0
0
0
2.736039
2.739667
2.743461
2.748262
2.754267
12.49406
0
0
0
0
0
2.734009
2.73672
2.740461
2.744138
2.748811
0
0
0
0
0
2.731945
2.734532
2.737232
2.741261
2.744596
0
0
0
0
2.729653
2.732236
2.734749
2.737427
2.741921
0
0
0
2.725102
2.729722
2.732226
2.734685
2.737344
0
0
2.72031
2.724497
2.729254
2.731915
2.734351
0
2.714859
2.720109
2.723833
2.728385
2.731289
2.709525
2.714478
2.719249
2.723011
2.727542
2.709058
2.714109
2.718447
2.722257
2.709146
2.713846
2.717843
2.709772
2.713943
2.710574
12.69587
13.03862
13.34791
13.62674
13.8834
0
0
0
0
0
2.76152
2.763738
2.765062
2.764916
2.766203
12.52109
12.86304
13.17025
13.44837
13.70203
0
0
0
0
0
2.756353
2.761217
2.763315
2.764943
2.764348
12.26167
12.65964
12.96677
13.24321
13.49596
0
0
0
0
0
2.748757
2.755661
2.76093
2.762885
2.763827
12.37701
12.73804
13.01433
13.26517
0
0
0
0
0
2.743195
2.748026
2.754673
2.759875
2.761739
12.44493
12.7663
13.01699
0
0
0
0
0
2.738941
2.742748
2.747548
2.753912
2.758974
12.48069
12.76634
0
0
0
0
0
2.735674
2.739149
2.742928
2.747709
2.753824
12.55004
0
0
0
0
0
2.733484
2.736109
2.739672
2.743418
2.748182
0
0
0
0
0
2.731488
2.734083
2.736729
2.740419
2.744078
0
0
0
0
2.729207
2.732016
2.734533
2.737184
2.741174
0
0
0
2.725102
2.729722
2.732226
2.734685
2.737344
0
0
2.720533
2.725171
2.7297
2.732141
2.734575
0
2.715176
2.720379
2.724488
2.729155
2.731774
2.709471
2.714929
2.720078
2.723746
2.728236
2.709584
2.714452
2.71913
2.722852
2.709019
2.713964
2.718223
2.708977
2.713565
2.709476
12.65473
13.00251
13.31467
13.5964
13.85432
0
0
0
0
0
2.756162
2.761536
2.763638
2.764861
2.764634
12.42076
12.82219
13.13444
13.41522
13.67146
0
0
0
0
0
2.749373
2.756368
2.761118
2.763102
2.764608
12.5586
12.92618
13.2073
13.46272
0
0
0
0
0
2.74404
2.748783
2.755567
2.760699
2.762545
12.63977
12.97356
13.22932
0
0
0
0
0
2.739464
2.743225
2.747959
2.754488
2.759563
12.68136
12.97613
0
0
0
0
0
2.73566
2.738977
2.742701
2.747418
2.753683
12.68487
0
0
0
0
0
2.733225
2.735725
2.739125
2.742844
2.747574
0
0
0
0
0
2.730946
2.733547
2.736104
2.739615
2.743336
0
0
0
0
2.728431
2.731554
2.734078
2.736674
2.740339
0
0
0
2.724424
2.729275
2.732003
2.734465
2.737096
0
0
2.720533
2.725171
2.7297
2.732141
2.734575
0
2.715382
2.720604
2.725151
2.729595
2.732005
2.709364
2.715253
2.720363
2.724405
2.728996
2.709549
2.714919
2.719967
2.723608
2.709564
2.71435
2.71895
2.708904
2.713751
2.708736
12.55607
12.96087
13.27847
13.56317
13.82369
0
0
0
0
0
2.749153
2.756185
2.761435
2.763421
2.764562
12.72242
13.09316
13.37904
13.63807
0
0
0
0
0
2.744827
2.749396
2.756267
2.760905
2.762788
12.82618
13.16598
13.42659
0
0
0
0
0
2.740341
2.744063
2.748703
2.755361
2.760359
12.88515
13.18799
0
0
0
0
0
2.736296
2.739488
2.743156
2.747797
2.754214
12.89063
0
0
0
0
0
2.733346
2.735689
2.73892
2.742568
2.747221
0
0
0
0
0
2.730661
2.733269
2.73569
2.739028
2.742708
0
0
0
0
2.727803
2.731001
2.733528
2.736031
2.739515
0
0
0
2.723779
2.728498
2.731535
2.734003
2.736577
0
0
2.720311
2.724497
2.729255
2.731915
2.734351
0
2.715382
2.720604
2.725151
2.729596
2.732005
2.709294
2.715462
2.720592
2.725051
2.72943
2.709453
2.715254
2.720272
2.724271
2.709558
2.71484
2.719796
2.709473
2.714194
2.708737
12.86302
13.23639
13.52658
13.79005
0
0
0
0
0
2.745276
2.749183
2.756101
2.761219
2.763103
12.99507
13.33704
13.6017
0
0
0
0
0
2.741155
2.744847
2.74931
2.756049
2.760591
13.0739
13.38465
0
0
0
0
0
2.737254
2.740359
2.743981
2.74852
2.755057
13.09986
0
0
0
0
0
2.734104
2.736313
2.739409
2.742991
2.747555
0
0
0
0
0
2.730741
2.733367
2.735619
2.738775
2.742369
0
0
0
0
2.727465
2.730697
2.73322
2.735576
2.738876
0
0
0
2.723084
2.727859
2.730968
2.733434
2.735912
0
0
2.72005
2.723847
2.72848
2.73144
2.733879
0
2.715176
2.720379
2.724488
2.729155
2.731774
2.709294
2.715462
2.720592
2.725051
2.72943
2.709389
2.715466
2.720505
2.724892
2.709482
2.715189
2.720129
2.709511
2.714714
2.709336
13.13995
13.48293
13.75328
0
0
0
0
0
2.741619
2.745295
2.749114
2.75591
2.760901
13.2422
13.55903
0
0
0
0
0
2.738119
2.74117
2.744757
2.749116
2.755729
13.29649
0
0
0
0
0
2.735155
2.737265
2.740268
2.743795
2.74825
0
0
0
0
0
2.731431
2.734113
2.736221
2.739232
2.742747
0
0
0
0
2.727487
2.730754
2.733283
2.735456
2.73856
0
0
0
2.722632
2.727502
2.730633
2.733084
2.735403
0
0
2.719234
2.723142
2.727827
2.730853
2.733288
0
2.714859
2.720109
2.723833
2.728385
2.73129
2.709364
2.715253
2.720363
2.724405
2.728996
2.709389
2.715466
2.720505
2.724892
2.709427
2.715405
2.720366
2.709464
2.715081
2.709433
13.38929
13.70984
0
0
0
0
0
2.738608
2.741633
2.745201
2.748946
2.755627
13.47197
0
0
0
0
0
2.73608
2.738126
2.741071
2.744559
2.748829
0
0
0
0
0
2.732373
2.735158
2.737159
2.74007
2.743523
0
0
0
0
2.728096
2.731432
2.734007
2.736025
2.738973
0
0
0
2.722501
2.727501
2.730656
2.733099
2.735218
0
0
2.718629
2.722671
2.727439
2.730477
2.732884
0
2.71442
2.719287
2.723115
2.727714
2.73068
2.709471
2.714929
2.720078
2.723746
2.728236
2.709453
2.715254
2.720272
2.724271
2.709427
2.715405
2.720366
2.709422
2.715301
2.709424
13.62159
0
0
0
0
0
2.736598
2.738614
2.74153
2.744998
2.748695
0
0
0
0
0
2.733103
2.736079
2.738013
2.74086
2.744269
0
0
0
0
2.728887
2.732368
2.735039
2.736942
2.739782
0
0
0
2.722961
2.728097
2.73131
2.73379
2.735741
0
0
2.718414
2.722519
2.727403
2.730451
2.732834
0
2.714128
2.718664
2.722615
2.727284
2.730249
2.709525
2.714478
2.719249
2.723011
2.727542
2.709549
2.714919
2.719967
2.723608
2.709482
2.715189
2.720129
2.709422
2.715301
2.7094
0
0
0
0
0
2.732932
2.736596
2.738498
2.741315
2.7447
0
0
0
0
2.72901
2.733094
2.735952
2.737783
2.740554
0
0
0
2.723625
2.728881
2.732233
2.734801
2.736629
0
0
2.718736
2.722966
2.727976
2.731072
2.73348
0
2.71412
2.718428
2.722428
2.727198
2.730158
2.709012
2.714167
2.718601
2.72247
2.727056
2.709584
2.714452
2.71913
2.722852
2.709558
2.71484
2.719796
2.709464
2.715081
2.7094
0
0
0
0
2.729306
2.73293
2.736466
2.738263
2.741001
0
0
0
2.723633
2.72901
2.732952
2.735702
2.737452
0
0
2.718831
2.723625
2.728747
2.731973
2.734461
0
2.714613
2.718739
2.722854
2.727737
2.730733
2.709202
2.714136
2.718331
2.722235
2.726904
2.709058
2.714109
2.718447
2.722257
2.709564
2.71435
2.718951
2.709511
2.714714
2.709424
0
0
0
2.723885
2.729305
2.732805
2.736211
2.737924
0
0
2.719359
2.723639
2.728887
2.732681
2.735344
0
2.714826
2.718836
2.7235
2.728487
2.731604
2.710077
2.714616
2.718621
2.722629
2.727396
2.709224
2.714042
2.71813
2.721959
2.709019
2.713964
2.718223
2.709473
2.714194
2.709433
0
0
2.719699
2.72389
2.72918
2.73256
2.735844
0
2.715454
2.719361
2.723528
2.728645
2.732295
2.711269
2.714831
2.718725
2.723256
2.728117
2.710085
2.714501
2.718389
2.722308
2.709146
2.713846
2.717843
2.708904
2.713751
2.709336
0
2.715847
2.719701
2.723778
2.728936
2.732211
2.712308
2.715457
2.719246
2.723304
2.728301
2.711268
2.714722
2.718504
2.722908
2.709981
2.714271
2.71806
2.708977
2.713565
2.708737
2.712882
2.715849
2.719582
2.723552
2.728586
2.712301
2.715341
2.719016
2.722985
2.711146
2.714501
2.71819
2.709772
2.713943
2.708736
2.712874
2.71573
2.719348
2.723228
2.712169
2.71511
2.718688
2.710909
2.714187
2.709476
2.712736
2.715494
2.719015
2.711914
2.714781
2.710574
2.712475
2.715157
2.711555
2.712105
)
;

boundaryField
{
    cathodeSides
    {
        type            zeroGradient;
    }
    electrolyteSides
    {
        type            zeroGradient;
    }
    anodeSides
    {
        type            zeroGradient;
    }
    phiI_to_phiI0
    {
        type            zeroGradient;
    }
}


// ************************************************************************* //
