/*--------------------------------*- C++ -*----------------------------------*\
| =========                 |                                                 |
| \\      /  F ield         | OpenFOAM: The Open Source CFD Toolbox           |
|  \\    /   O peration     | Version:  2312                                  |
|   \\  /    A nd           | Website:  www.openfoam.com                      |
|    \\/     M anipulation  |                                                 |
\*---------------------------------------------------------------------------*/
FoamFile
{
    version     2.0;
    format      ascii;
    arch        "LSB;label=32;scalar=64";
    class       volScalarField;
    location    "1.5/electrolyte";
    object      T;
}
// * * * * * * * * * * * * * * * * * * * * * * * * * * * * * * * * * * * * * //

dimensions      [0 0 0 1 0 0 0];

internalField   nonuniform List<scalar> 
4000
(
313.008
313.0077
313.0072
313.0073
313.0065
313.0068
313.0069
313.0067
313.0064
313.0065
313.0033
313.0056
313.0057
313.0063
313.006
313.0062
313.0065
313.0059
313.0056
313.0058
312.9965
313.0024
313.0025
313.0051
313.0048
313.005
313.0061
313.0055
313.0053
313.0055
313.0065
313.0056
313.0051
313.0049
313.0051
312.9857
312.9955
312.9957
313.0018
313.0016
313.0018
313.0048
313.0042
313.004
313.0043
313.0061
313.0052
313.0047
313.0045
313.0048
313.0066
313.0056
313.0048
313.0043
313.0041
312.9754
312.9844
312.985
312.9947
312.9946
312.995
313.0015
313.0009
313.0008
313.0011
313.0048
313.004
313.0034
313.0032
313.0036
313.0063
313.0053
313.0044
313.0039
313.0038
313.0069
313.0058
313.0048
313.004
313.0035
312.9676
312.9739
312.9746
312.9836
312.9836
312.9842
312.9944
312.9938
312.9938
312.9942
313.0015
313.0006
313
313
313.0003
313.005
313.004
313.0031
313.0026
313.0025
313.0065
313.0054
313.0044
313.0036
313.0031
313.0071
313.006
313.005
313.004
313.0032
312.9628
312.9661
312.9668
312.9729
312.9731
312.9738
312.9832
312.9827
312.9828
312.9834
312.9944
312.9935
312.993
312.993
312.9935
313.0017
313.0006
312.9998
312.9992
312.9992
313.0052
313.0041
313.0031
313.0023
313.0018
313.0067
313.0056
313.0046
313.0036
313.0028
313.0073
313.0062
313.0052
313.0041
313.0032
312.9606
312.9612
312.962
312.9651
312.9652
312.966
312.9726
312.9721
312.9722
312.9729
312.9832
312.9824
312.9818
312.9819
312.9825
312.9946
312.9935
312.9926
312.9921
312.9922
313.0019
313.0008
312.9998
312.9989
312.9984
313.0055
313.0043
313.0033
313.0023
313.0015
313.007
313.0059
313.0048
313.0037
313.0028
313.0076
313.0065
313.0054
313.0044
313.0033
312.9606
312.959
312.9597
312.9602
312.9604
312.9611
312.9647
312.9642
312.9643
312.9651
312.9726
312.9717
312.9711
312.9713
312.972
312.9834
312.9823
312.9814
312.9809
312.981
312.9949
312.9937
312.9926
312.9918
312.9913
313.0022
313.001
312.9999
312.9989
312.9981
313.0057
313.0046
313.0035
313.0024
313.0015
313.0072
313.0061
313.005
313.004
313.0029
313.0077
313.0067
313.0057
313.0046
313.0036
312.9628
312.959
312.9597
312.9579
312.9581
312.9588
312.9598
312.9592
312.9594
312.9602
312.9647
312.9637
312.9632
312.9633
312.9641
312.9728
312.9716
312.9707
312.9701
312.9703
312.9837
312.9825
312.9814
312.9805
312.9799
312.9951
312.994
312.9928
312.9917
312.9909
313.0024
313.0013
313.0002
312.9991
312.998
313.0059
313.0049
313.0038
313.0027
313.0016
313.0073
313.0064
313.0053
313.0042
313.0032
313.0079
313.0069
313.0059
313.0049
313.0038
312.9676
312.9612
312.962
312.9579
312.9581
312.9588
312.9575
312.9569
312.9571
312.9579
312.9598
312.9588
312.9582
312.9584
312.9592
312.9649
312.9637
312.9627
312.9621
312.9623
312.9731
312.9718
312.9707
312.9697
312.9691
312.984
312.9828
312.9816
312.9804
312.9795
312.9954
312.9943
312.9931
312.9919
312.9908
313.0027
313.0016
313.0004
312.9993
312.9982
313.0061
313.0051
313.0041
313.003
313.0019
313.0075
313.0065
313.0056
313.0045
313.0034
313.008
313.0071
313.0061
313.0052
313.0041
312.9754
312.9661
312.9668
312.9602
312.9604
312.9611
312.9575
312.9569
312.9571
312.9579
312.9575
312.9565
312.9559
312.9561
312.9568
312.96
312.9588
312.9578
312.9571
312.9573
312.9652
312.9639
312.9627
312.9617
312.961
312.9734
312.9721
312.9709
312.9696
312.9686
312.9843
312.9831
312.9819
312.9806
312.9794
312.9957
312.9946
312.9934
312.9922
312.991
313.0028
313.0018
313.0007
312.9996
312.9985
313.0063
313.0053
313.0043
313.0033
313.0021
313.0076
313.0067
313.0057
313.0048
313.0038
313.0081
313.0072
313.0063
313.0054
313.0044
312.9857
312.9739
312.9746
312.9651
312.9652
312.966
312.9598
312.9592
312.9594
312.9602
312.9575
312.9565
312.9559
312.9561
312.9568
312.9577
312.9565
312.9555
312.9548
312.9549
312.9603
312.959
312.9578
312.9567
312.956
312.9656
312.9643
312.9629
312.9616
312.9605
312.9737
312.9725
312.9712
312.9698
312.9685
312.9846
312.9834
312.9822
312.9809
312.9796
312.9959
312.9948
312.9937
312.9925
312.9913
313.003
313.002
313.001
312.9999
312.9988
313.0064
313.0054
313.0045
313.0035
313.0025
313.0077
313.0068
313.0059
313.005
313.004
313.0082
313.0073
313.0064
313.0055
313.0046
312.9965
312.9844
312.985
312.9729
312.9731
312.9738
312.9647
312.9642
312.9643
312.9651
312.9598
312.9588
312.9582
312.9584
312.9591
312.9577
312.9565
312.9555
312.9548
312.9549
312.9581
312.9567
312.9554
312.9543
312.9536
312.9607
312.9594
312.958
312.9566
312.9555
312.9659
312.9646
312.9632
312.9618
312.9604
312.974
312.9728
312.9715
312.9701
312.9687
312.9848
312.9837
312.9825
312.9813
312.9799
312.9961
312.995
312.9939
312.9928
312.9916
313.0031
313.0022
313.0012
313.0002
312.9991
313.0065
313.0056
313.0046
313.0037
313.0027
313.0078
313.0069
313.006
313.0051
313.0042
313.0082
313.0074
313.0065
313.0057
313.0048
313.0033
312.9955
312.9957
312.9836
312.9836
312.9842
312.9726
312.9721
312.9722
312.9729
312.9647
312.9637
312.9632
312.9633
312.9641
312.96
312.9588
312.9578
312.9571
312.9573
312.9581
312.9567
312.9554
312.9543
312.9536
312.9584
312.9571
312.9557
312.9543
312.9531
312.9611
312.9597
312.9583
312.9568
312.9554
312.9662
312.965
312.9636
312.9621
312.9606
312.9743
312.9731
312.9719
312.9705
312.969
312.9851
312.984
312.9828
312.9816
312.9803
312.9962
312.9952
312.9942
312.9931
312.992
313.0033
313.0023
313.0014
313.0004
312.9994
313.0066
313.0057
313.0048
313.0039
313.0029
313.0079
313.007
313.0061
313.0053
313.0044
313.0083
313.0074
313.0066
313.0058
313.0049
313.0065
313.0024
313.0025
312.9947
312.9946
312.995
312.9832
312.9827
312.9828
312.9834
312.9726
312.9717
312.9711
312.9713
312.972
312.9649
312.9637
312.9627
312.9621
312.9623
312.9603
312.959
312.9578
312.9567
312.956
312.9584
312.9571
312.9557
312.9543
312.9531
312.9588
312.9575
312.956
312.9545
312.953
312.9614
312.9601
312.9587
312.9572
312.9556
312.9665
312.9653
312.964
312.9625
312.961
312.9746
312.9734
312.9722
312.9709
312.9694
312.9852
312.9842
312.9831
312.9819
312.9806
312.9964
312.9954
312.9944
312.9933
312.9922
313.0034
313.0024
313.0015
313.0006
312.9996
313.0067
313.0058
313.0049
313.004
313.0031
313.0079
313.0071
313.0062
313.0054
313.0045
313.0083
313.0075
313.0067
313.0059
313.005
313.0077
313.0056
313.0057
313.0018
313.0016
313.0018
312.9944
312.9938
312.9938
312.9942
312.9832
312.9824
312.9818
312.9819
312.9825
312.9728
312.9716
312.9707
312.9701
312.9703
312.9652
312.9639
312.9627
312.9617
312.961
312.9607
312.9594
312.958
312.9566
312.9555
312.9588
312.9575
312.956
312.9545
312.953
312.9591
312.9578
312.9564
312.9548
312.9532
312.9617
312.9604
312.9591
312.9576
312.9559
312.9668
312.9656
312.9643
312.9629
312.9614
312.9748
312.9737
312.9725
312.9712
312.9698
312.9854
312.9844
312.9833
312.9822
312.9809
312.9965
312.9955
312.9945
312.9936
312.9925
313.0035
313.0026
313.0016
313.0007
312.9998
313.0067
313.0059
313.005
313.0041
313.0033
313.0079
313.0071
313.0063
313.0055
313.0047
313.0082
313.0075
313.0067
313.006
313.0052
313.008
313.0068
313.0069
313.0051
313.0048
313.005
313.0015
313.0009
313.0008
313.0011
312.9944
312.9935
312.993
312.993
312.9935
312.9834
312.9823
312.9814
312.9809
312.981
312.9731
312.9718
312.9707
312.9697
312.9691
312.9656
312.9643
312.9629
312.9616
312.9605
312.9611
312.9597
312.9583
312.9568
312.9554
312.9591
312.9578
312.9564
312.9548
312.9532
312.9594
312.9581
312.9568
312.9553
312.9536
312.962
312.9608
312.9594
312.958
312.9564
312.967
312.9659
312.9646
312.9633
312.9618
312.9749
312.9739
312.9728
312.9715
312.9701
312.9856
312.9846
312.9835
312.9824
312.9812
312.9966
312.9957
312.9947
312.9937
312.9927
313.0035
313.0026
313.0018
313.0009
312.9999
313.0067
313.0059
313.0051
313.0043
313.0034
313.0079
313.0071
313.0063
313.0056
313.0048
313.0082
313.0074
313.0067
313.006
313.0052
313.0072
313.0073
313.0063
313.006
313.0062
313.0048
313.0042
313.004
313.0043
313.0015
313.0006
313
313
313.0003
312.9946
312.9935
312.9926
312.9921
312.9922
312.9837
312.9825
312.9814
312.9805
312.9799
312.9734
312.9721
312.9709
312.9696
312.9686
312.9659
312.9646
312.9632
312.9618
312.9604
312.9614
312.9601
312.9587
312.9572
312.9556
312.9594
312.9581
312.9568
312.9553
312.9536
312.9597
312.9585
312.9571
312.9556
312.954
312.9622
312.961
312.9598
312.9583
312.9568
312.9672
312.9661
312.9649
312.9636
312.9621
312.9751
312.9741
312.973
312.9718
312.9705
312.9857
312.9847
312.9837
312.9826
312.9815
312.9966
312.9958
312.9949
312.9939
312.9929
313.0035
313.0027
313.0019
313.001
313.0001
313.0067
313.0059
313.0051
313.0043
313.0035
313.0078
313.0071
313.0064
313.0056
313.0049
313.0082
313.0074
313.0067
313.006
313.0053
313.0067
313.0064
313.0065
313.0061
313.0055
313.0053
313.0055
313.0048
313.004
313.0034
313.0032
313.0036
313.0017
313.0006
312.9998
312.9992
312.9992
312.9949
312.9937
312.9926
312.9918
312.9913
312.984
312.9828
312.9816
312.9804
312.9795
312.9737
312.9725
312.9712
312.9698
312.9685
312.9662
312.965
312.9636
312.9621
312.9606
312.9617
312.9604
312.9591
312.9576
312.9559
312.9597
312.9585
312.9571
312.9556
312.954
312.9599
312.9588
312.9575
312.956
312.9544
312.9624
312.9613
312.9601
312.9587
312.9571
312.9674
312.9663
312.9652
312.9639
312.9625
312.9753
312.9743
312.9732
312.972
312.9708
312.9857
312.9849
312.9839
312.9828
312.9817
312.9966
312.9958
312.9949
312.994
312.9931
313.0034
313.0027
313.0019
313.0011
313.0002
313.0066
313.0058
313.0051
313.0044
313.0036
313.0078
313.007
313.0063
313.0056
313.0049
313.0082
313.0074
313.0067
313.006
313.0053
313.0065
313.0059
313.0056
313.0058
313.0061
313.0052
313.0047
313.0045
313.0048
313.005
313.004
313.0031
313.0026
313.0025
313.0019
313.0008
312.9998
312.9989
312.9984
312.9951
312.994
312.9928
312.9917
312.9909
312.9843
312.9831
312.9819
312.9806
312.9794
312.974
312.9728
312.9715
312.9701
312.9687
312.9665
312.9653
312.964
312.9625
312.961
312.962
312.9608
312.9594
312.958
312.9564
312.9599
312.9588
312.9575
312.956
312.9544
312.9601
312.959
312.9578
312.9564
312.9548
312.9626
312.9615
312.9603
312.959
312.9575
312.9675
312.9665
312.9654
312.9641
312.9628
312.9753
312.9744
312.9734
312.9722
312.971
312.9857
312.9849
312.984
312.983
312.9819
312.9966
312.9958
312.995
312.9941
312.9932
313.0034
313.0026
313.0019
313.0011
313.0003
313.0066
313.0058
313.0051
313.0044
313.0036
313.0079
313.007
313.0063
313.0056
313.0049
313.0082
313.0074
313.0067
313.0059
313.0052
313.0065
313.0056
313.0051
313.0049
313.0051
313.0063
313.0053
313.0044
313.0039
313.0038
313.0052
313.0041
313.0031
313.0023
313.0018
313.0022
313.001
312.9999
312.9989
312.9981
312.9954
312.9943
312.9931
312.9919
312.9908
312.9846
312.9834
312.9822
312.9809
312.9796
312.9743
312.9731
312.9719
312.9705
312.969
312.9668
312.9656
312.9643
312.9629
312.9614
312.9622
312.961
312.9598
312.9583
312.9568
312.9601
312.959
312.9578
312.9564
312.9548
312.9604
312.9592
312.958
312.9567
312.9552
312.9627
312.9617
312.9605
312.9592
312.9578
312.9676
312.9667
312.9656
312.9644
312.963
312.9753
312.9745
312.9735
312.9725
312.9712
312.9857
312.9849
312.9841
312.9831
312.9821
312.9966
312.9957
312.995
312.9942
312.9933
313.0034
313.0026
313.0018
313.0011
313.0004
313.0067
313.0058
313.0051
313.0043
313.0036
313.0079
313.0071
313.0063
313.0055
313.0048
313.0082
313.0075
313.0067
313.0059
313.0052
313.0066
313.0056
313.0048
313.0043
313.0041
313.0065
313.0054
313.0044
313.0036
313.0031
313.0055
313.0043
313.0033
313.0023
313.0015
313.0024
313.0013
313.0002
312.9991
312.998
312.9957
312.9946
312.9934
312.9922
312.991
312.9848
312.9837
312.9825
312.9813
312.9799
312.9746
312.9734
312.9722
312.9709
312.9694
312.967
312.9659
312.9646
312.9633
312.9618
312.9624
312.9613
312.9601
312.9587
312.9571
312.9604
312.9592
312.958
312.9567
312.9552
312.9605
312.9595
312.9582
312.9569
312.9555
312.9628
312.9618
312.9607
312.9595
312.9581
312.9676
312.9667
312.9657
312.9646
312.9633
312.9752
312.9745
312.9736
312.9726
312.9714
312.9856
312.9848
312.9841
312.9832
312.9822
312.9965
312.9957
312.9949
312.9942
312.9934
313.0034
313.0026
313.0018
313.0011
313.0004
313.0067
313.0059
313.005
313.0043
313.0036
313.0079
313.0071
313.0063
313.0055
313.0048
313.0081
313.0074
313.0067
313.0059
313.0052
313.0069
313.0058
313.0048
313.004
313.0035
313.0067
313.0056
313.0046
313.0036
313.0028
313.0057
313.0046
313.0035
313.0024
313.0015
313.0027
313.0016
313.0004
312.9993
312.9982
312.9959
312.9948
312.9937
312.9925
312.9913
312.9851
312.984
312.9828
312.9816
312.9803
312.9748
312.9737
312.9725
312.9712
312.9698
312.9672
312.9661
312.9649
312.9636
312.9621
312.9626
312.9615
312.9603
312.959
312.9575
312.9605
312.9595
312.9582
312.9569
312.9555
312.9605
312.9596
312.9585
312.9571
312.9557
312.9628
312.9619
312.9609
312.9597
312.9583
312.9675
312.9667
312.9658
312.9647
312.9635
312.9752
312.9744
312.9736
312.9726
312.9716
312.9856
312.9848
312.984
312.9832
312.9823
312.9966
312.9957
312.9949
312.9941
312.9934
313.0035
313.0026
313.0018
313.001
313.0003
313.0067
313.0059
313.0051
313.0043
313.0036
313.0078
313.0071
313.0063
313.0056
313.0048
313.0081
313.0073
313.0067
313.006
313.0052
313.0071
313.006
313.005
313.004
313.0032
313.007
313.0059
313.0048
313.0037
313.0028
313.0059
313.0049
313.0038
313.0027
313.0016
313.0028
313.0018
313.0007
312.9996
312.9985
312.9961
312.995
312.9939
312.9928
312.9916
312.9852
312.9842
312.9831
312.9819
312.9806
312.9749
312.9739
312.9728
312.9715
312.9701
312.9674
312.9663
312.9652
312.9639
312.9625
312.9627
312.9617
312.9605
312.9592
312.9578
312.9605
312.9596
312.9585
312.9571
312.9557
312.9606
312.9596
312.9586
312.9574
312.956
312.9627
312.9619
312.9609
312.9598
312.9586
312.9675
312.9666
312.9658
312.9648
312.9637
312.9752
312.9744
312.9735
312.9727
312.9716
312.9857
312.9848
312.984
312.9831
312.9823
312.9966
312.9958
312.9949
312.9941
312.9933
313.0035
313.0027
313.0018
313.001
313.0003
313.0066
313.0059
313.0051
313.0043
313.0036
313.0078
313.007
313.0063
313.0056
313.0048
313.0081
313.0073
313.0066
313.006
313.0053
313.0073
313.0062
313.0052
313.0041
313.0032
313.0072
313.0061
313.005
313.004
313.0029
313.0061
313.0051
313.0041
313.003
313.0019
313.003
313.002
313.001
312.9999
312.9988
312.9962
312.9952
312.9942
312.9931
312.992
312.9854
312.9844
312.9833
312.9822
312.9809
312.9751
312.9741
312.973
312.9718
312.9705
312.9675
312.9665
312.9654
312.9641
312.9628
312.9628
312.9618
312.9607
312.9594
312.9581
312.9606
312.9596
312.9586
312.9574
312.956
312.9604
312.9596
312.9587
312.9575
312.9563
312.9627
312.9618
312.9609
312.9599
312.9587
312.9675
312.9666
312.9657
312.9648
312.9637
312.9753
312.9744
312.9735
312.9726
312.9717
312.9857
312.9849
312.984
312.9831
312.9822
312.9966
312.9958
312.9949
312.9941
312.9933
313.0033
313.0026
313.0019
313.0011
313.0003
313.0066
313.0058
313.0051
313.0044
313.0036
313.0078
313.007
313.0062
313.0056
313.0049
313.0081
313.0073
313.0066
313.0059
313.0052
313.0076
313.0065
313.0054
313.0044
313.0033
313.0073
313.0064
313.0053
313.0042
313.0032
313.0063
313.0053
313.0043
313.0033
313.0021
313.0031
313.0022
313.0012
313.0002
312.9991
312.9964
312.9954
312.9944
312.9933
312.9922
312.9856
312.9846
312.9835
312.9824
312.9812
312.9753
312.9743
312.9732
312.972
312.9708
312.9676
312.9667
312.9656
312.9644
312.963
312.9628
312.9619
312.9609
312.9597
312.9583
312.9604
312.9596
312.9587
312.9575
312.9562
312.9605
312.9595
312.9587
312.9576
312.9564
312.9627
312.9618
312.9608
312.9599
312.9588
312.9676
312.9666
312.9657
312.9647
312.9637
312.9753
312.9744
312.9735
312.9726
312.9716
312.9857
312.9849
312.984
312.9831
312.9822
312.9965
312.9958
312.995
312.9941
312.9933
313.0034
313.0025
313.0019
313.0011
313.0003
313.0066
313.0058
313.005
313.0043
313.0036
313.0078
313.007
313.0062
313.0055
313.0049
313.0083
313.0073
313.0066
313.0059
313.0051
313.0077
313.0067
313.0057
313.0046
313.0036
313.0075
313.0065
313.0056
313.0045
313.0034
313.0064
313.0054
313.0045
313.0035
313.0025
313.0033
313.0023
313.0014
313.0004
312.9994
312.9965
312.9955
312.9945
312.9935
312.9925
312.9857
312.9847
312.9837
312.9826
312.9815
312.9753
312.9744
312.9734
312.9722
312.971
312.9676
312.9667
312.9657
312.9646
312.9633
312.9627
312.9619
312.9609
312.9598
312.9586
312.9605
312.9595
312.9587
312.9576
312.9564
312.9605
312.9596
312.9586
312.9576
312.9565
312.9628
312.9618
312.9609
312.9598
312.9588
312.9676
312.9667
312.9657
312.9647
312.9636
312.9753
312.9745
312.9735
312.9726
312.9716
312.9856
312.9849
312.9841
312.9831
312.9822
312.9965
312.9956
312.995
312.9942
312.9933
313.0034
313.0025
313.0017
313.0011
313.0004
313.0065
313.0058
313.005
313.0042
313.0036
313.0079
313.007
313.0062
313.0055
313.0048
313.0084
313.0075
313.0066
313.0059
313.0051
313.0079
313.0069
313.0059
313.0049
313.0038
313.0076
313.0067
313.0057
313.0048
313.0038
313.0065
313.0056
313.0046
313.0037
313.0027
313.0034
313.0024
313.0015
313.0006
312.9996
312.9966
312.9957
312.9947
312.9937
312.9927
312.9857
312.9849
312.9839
312.9828
312.9817
312.9753
312.9745
312.9735
312.9725
312.9712
312.9675
312.9667
312.9658
312.9647
312.9635
312.9627
312.9618
312.9609
312.9599
312.9587
312.9605
312.9596
312.9586
312.9576
312.9565
312.9605
312.9596
312.9586
312.9575
312.9565
312.9629
312.9619
312.9609
312.9598
312.9587
312.9676
312.9668
312.9658
312.9647
312.9636
312.9751
312.9745
312.9736
312.9726
312.9716
312.9856
312.9847
312.984
312.9832
312.9822
312.9965
312.9957
312.9948
312.9942
312.9934
313.0033
313.0025
313.0017
313.001
313.0003
313.0067
313.0057
313.005
313.0042
313.0035
313.0081
313.0071
313.0062
313.0055
313.0048
313.0085
313.0076
313.0067
313.0059
313.0051
313.008
313.0071
313.0061
313.0052
313.0041
313.0077
313.0068
313.0059
313.005
313.004
313.0066
313.0057
313.0048
313.0039
313.0029
313.0035
313.0026
313.0016
313.0007
312.9998
312.9966
312.9958
312.9948
312.9939
312.9929
312.9857
312.9849
312.984
312.983
312.9819
312.9752
312.9745
312.9736
312.9726
312.9714
312.9675
312.9666
312.9658
312.9648
312.9637
312.9627
312.9618
312.9608
312.9599
312.9588
312.9605
312.9596
312.9586
312.9575
312.9565
312.9606
312.9596
312.9586
312.9575
312.9564
312.9628
312.962
312.9609
312.9598
312.9587
312.9674
312.9667
312.9658
312.9648
312.9636
312.9751
312.9743
312.9736
312.9727
312.9716
312.9856
312.9847
312.9839
312.9832
312.9823
312.9965
312.9957
312.9948
312.994
312.9933
313.0035
313.0025
313.0018
313.001
313.0002
313.0069
313.0059
313.005
313.0042
313.0035
313.0081
313.0073
313.0064
313.0055
313.0048
313.0085
313.0077
313.0069
313.006
313.0051
313.0081
313.0072
313.0063
313.0054
313.0044
313.0078
313.0069
313.006
313.0051
313.0042
313.0067
313.0058
313.0049
313.004
313.0031
313.0035
313.0026
313.0018
313.0009
312.9999
312.9966
312.9958
312.9949
312.994
312.9931
312.9857
312.9849
312.9841
312.9831
312.9821
312.9752
312.9744
312.9736
312.9726
312.9716
312.9675
312.9666
312.9657
312.9648
312.9637
312.9628
312.9618
312.9609
312.9598
312.9588
312.9606
312.9596
312.9586
312.9575
312.9564
312.9606
312.9597
312.9586
312.9575
312.9564
312.9626
312.9619
312.961
312.9599
312.9587
312.9674
312.9665
312.9658
312.9648
312.9637
312.9752
312.9743
312.9734
312.9726
312.9717
312.9856
312.9848
312.9839
312.983
312.9823
312.9967
312.9956
312.9949
312.994
312.9932
313.0037
313.0027
313.0017
313.001
313.0002
313.007
313.0061
313.0051
313.0042
313.0035
313.0082
313.0074
313.0065
313.0056
313.0047
313.0085
313.0077
313.007
313.0062
313.0053
313.0082
313.0073
313.0064
313.0055
313.0046
313.0079
313.007
313.0061
313.0053
313.0044
313.0067
313.0059
313.005
313.0041
313.0033
313.0035
313.0027
313.0019
313.001
313.0001
312.9966
312.9958
312.995
312.9941
312.9932
312.9856
312.9848
312.9841
312.9832
312.9822
312.9752
312.9744
312.9735
312.9726
312.9716
312.9676
312.9666
312.9657
312.9647
312.9637
312.9629
312.9619
312.9609
312.9598
312.9587
312.9606
312.9597
312.9586
312.9575
312.9564
312.9604
312.9597
312.9587
312.9576
312.9564
312.9626
312.9617
312.961
312.96
312.9588
312.9675
312.9666
312.9656
312.9648
312.9638
312.9751
312.9743
312.9734
312.9725
312.9716
312.9858
312.9847
312.9839
312.983
312.9821
312.9969
312.9958
312.9948
312.9941
312.9932
313.0038
313.0029
313.0019
313.001
313.0002
313.007
313.0062
313.0053
313.0044
313.0035
313.0081
313.0074
313.0066
313.0058
313.0049
313.0084
313.0077
313.007
313.0063
313.0054
313.0082
313.0074
313.0065
313.0057
313.0048
313.0079
313.0071
313.0062
313.0054
313.0045
313.0067
313.0059
313.0051
313.0043
313.0034
313.0034
313.0027
313.0019
313.0011
313.0002
312.9966
312.9957
312.995
312.9942
312.9933
312.9856
312.9848
312.984
312.9832
312.9823
312.9753
312.9744
312.9735
312.9726
312.9716
312.9676
312.9667
312.9657
312.9647
312.9636
312.9628
312.962
312.9609
312.9598
312.9587
312.9604
312.9597
312.9587
312.9576
312.9564
312.9604
312.9595
312.9587
312.9577
312.9564
312.9627
312.9617
312.9608
312.9599
312.9588
312.9674
312.9666
312.9656
312.9646
312.9637
312.9754
312.9743
312.9735
312.9725
312.9715
312.986
312.985
312.9839
312.9831
312.9821
312.997
312.996
312.995
312.994
312.9932
313.0038
313.003
313.0021
313.0011
313.0002
313.0069
313.0062
313.0054
313.0046
313.0037
313.0081
313.0073
313.0066
313.0059
313.0051
313.0084
313.0076
313.007
313.0063
313.0056
313.0083
313.0074
313.0066
313.0058
313.0049
313.0079
313.0071
313.0063
313.0055
313.0047
313.0067
313.0059
313.0051
313.0043
313.0035
313.0034
313.0026
313.0019
313.0011
313.0003
312.9965
312.9957
312.9949
312.9942
312.9934
312.9857
312.9848
312.984
312.9831
312.9823
312.9753
312.9744
312.9735
312.9726
312.9716
312.9676
312.9668
312.9658
312.9647
312.9636
312.9626
312.9619
312.961
312.9599
312.9587
312.9604
312.9595
312.9587
312.9577
312.9564
312.9604
312.9595
312.9585
312.9576
312.9565
312.9626
312.9618
312.9608
312.9597
312.9588
312.9677
312.9665
312.9657
312.9646
312.9635
312.9756
312.9745
312.9734
312.9725
312.9715
312.9861
312.9852
312.9841
312.983
312.9822
312.997
312.9962
312.9952
312.9942
312.9932
313.0038
313.003
313.0022
313.0013
313.0004
313.0069
313.0061
313.0054
313.0047
313.0038
313.008
313.0073
313.0066
313.0059
313.0052
313.0084
313.0076
313.0069
313.0062
313.0056
313.0083
313.0075
313.0067
313.0059
313.005
313.0079
313.0071
313.0063
313.0056
313.0048
313.0066
313.0058
313.0051
313.0044
313.0036
313.0034
313.0026
313.0018
313.0011
313.0004
312.9966
312.9957
312.9949
312.9941
312.9934
312.9857
312.9849
312.984
312.9831
312.9822
312.9753
312.9745
312.9735
312.9726
312.9716
312.9674
312.9667
312.9658
312.9648
312.9636
312.9626
312.9617
312.961
312.96
312.9588
312.9604
312.9595
312.9585
312.9576
312.9565
312.9604
312.9595
312.9585
312.9574
312.9565
312.9629
312.9617
312.9608
312.9597
312.9586
312.9679
312.9668
312.9656
312.9647
312.9636
312.9758
312.9748
312.9737
312.9725
312.9715
312.9862
312.9853
312.9843
312.9833
312.9821
312.9969
312.9962
312.9954
312.9944
312.9934
313.0037
313.003
313.0022
313.0014
313.0006
313.0069
313.0061
313.0054
313.0047
313.0039
313.008
313.0073
313.0065
313.0059
313.0052
313.0084
313.0076
313.0069
313.0062
313.0055
313.0082
313.0075
313.0067
313.006
313.0052
313.0078
313.0071
313.0064
313.0056
313.0049
313.0066
313.0058
313.0051
313.0044
313.0036
313.0034
313.0026
313.0018
313.0011
313.0004
312.9966
312.9958
312.9949
312.9941
312.9933
312.9857
312.9849
312.984
312.9831
312.9822
312.9751
312.9745
312.9736
312.9726
312.9716
312.9674
312.9665
312.9658
312.9648
312.9637
312.9627
312.9617
312.9608
312.9599
312.9588
312.9604
312.9595
312.9585
312.9574
312.9565
312.9607
312.9595
312.9586
312.9574
312.9563
312.9632
312.962
312.9608
312.9598
312.9586
312.9681
312.9671
312.9659
312.9646
312.9636
312.9758
312.975
312.9739
312.9727
312.9715
312.9861
312.9853
312.9845
312.9835
312.9824
312.9969
312.9961
312.9954
312.9946
312.9936
313.0037
313.0029
313.0022
313.0015
313.0007
313.0068
313.0061
313.0053
313.0046
313.004
313.0081
313.0073
313.0065
313.0058
313.0052
313.0084
313.0076
313.0069
313.0062
313.0055
313.0082
313.0074
313.0067
313.006
313.0052
313.0078
313.007
313.0063
313.0056
313.0049
313.0066
313.0058
313.0051
313.0043
313.0036
313.0035
313.0026
313.0018
313.001
313.0003
312.9966
312.9958
312.9949
312.9941
312.9933
312.9855
312.9849
312.9841
312.9831
312.9822
312.9751
312.9743
312.9736
312.9727
312.9716
312.9675
312.9665
312.9656
312.9648
312.9638
312.9626
312.9618
312.9608
312.9597
312.9588
312.9607
312.9595
312.9586
312.9574
312.9563
312.9609
312.9598
312.9585
312.9575
312.9563
312.9634
312.9623
312.9611
312.9597
312.9587
312.9681
312.9673
312.9662
312.9649
312.9636
312.9758
312.975
312.9741
312.973
312.9717
312.986
312.9853
312.9845
312.9836
312.9826
312.9969
312.996
312.9953
312.9946
312.9938
313.0037
313.0029
313.0021
313.0014
313.0007
313.0069
313.0061
313.0053
313.0046
313.0039
313.008
313.0073
313.0065
313.0058
313.0051
313.0083
313.0076
313.0069
313.0062
313.0055
313.0082
313.0074
313.0067
313.006
313.0053
313.0079
313.007
313.0063
313.0056
313.0049
313.0067
313.0058
313.005
313.0043
313.0036
313.0035
313.0027
313.0018
313.001
313.0003
312.9965
312.9958
312.995
312.9941
312.9933
312.9856
312.9847
312.984
312.9832
312.9822
312.9752
312.9743
312.9734
312.9726
312.9717
312.9674
312.9666
312.9656
312.9646
312.9637
312.9629
312.9617
312.9608
312.9597
312.9586
312.9609
312.9597
312.9585
312.9575
312.9563
312.9611
312.96
312.9588
312.9574
312.9564
312.9634
312.9625
312.9613
312.96
312.9586
312.9681
312.9673
312.9664
312.9652
312.9638
312.9756
312.9749
312.9741
312.9732
312.972
312.986
312.9852
312.9845
312.9837
312.9828
312.9968
312.996
312.9952
312.9945
312.9938
313.0037
313.0029
313.0021
313.0013
313.0007
313.0068
313.0061
313.0053
313.0046
313.0039
313.0079
313.0072
313.0065
313.0058
313.0051
313.0084
313.0075
313.0069
313.0062
313.0054
313.0082
313.0074
313.0067
313.006
313.0053
313.0079
313.0071
313.0063
313.0055
313.0048
313.0067
313.0059
313.0051
313.0043
313.0036
313.0033
313.0026
313.0019
313.0011
313.0003
312.9965
312.9956
312.995
312.9942
312.9933
312.9856
312.9847
312.9839
312.9832
312.9823
312.9751
312.9743
312.9734
312.9725
312.9716
312.9677
312.9665
312.9657
312.9646
312.9635
312.9632
312.962
312.9608
312.9598
312.9586
312.9611
312.96
312.9588
312.9574
312.9564
312.9612
312.9602
312.9591
312.9577
312.9563
312.9633
312.9625
312.9615
312.9603
312.9589
312.968
312.9672
312.9664
312.9654
312.9641
312.9756
312.9748
312.9741
312.9732
312.9722
312.986
312.9852
312.9844
312.9836
312.9828
312.9969
312.996
312.9952
312.9945
312.9937
313.0037
313.0029
313.0021
313.0013
313.0006
313.0067
313.0061
313.0053
313.0046
313.0039
313.008
313.0071
313.0065
313.0058
313.0051
313.0076
313.0068
313.0061
313.0055
313.0082
313.0074
313.0067
313.0059
313.0052
313.0079
313.0071
313.0063
313.0055
313.0048
313.0066
313.0059
313.0051
313.0043
313.0036
313.0033
313.0025
313.0019
313.0011
313.0003
312.9965
312.9956
312.9948
312.9942
312.9934
312.9856
312.9848
312.9839
312.983
312.9823
312.9754
312.9743
312.9735
312.9725
312.9715
312.9679
312.9668
312.9656
312.9647
312.9635
312.9634
312.9623
312.961
312.9597
312.9587
312.9612
312.9602
312.9591
312.9577
312.9563
312.9611
312.9603
312.9593
312.958
312.9566
312.9632
312.9625
312.9616
312.9605
312.9592
312.968
312.9671
312.9663
312.9654
312.9643
312.9756
312.9748
312.974
312.9731
312.9722
312.986
312.9852
312.9844
312.9835
312.9827
312.9969
312.9961
312.9952
312.9945
312.9937
313.0035
313.0029
313.0021
313.0013
313.0006
313.0068
313.0059
313.0053
313.0046
313.0038
313.0072
313.0064
313.0058
313.0051
313.0069
313.006
313.0054
313.0082
313.0075
313.0067
313.0059
313.0052
313.0078
313.0071
313.0063
313.0056
313.0048
313.0066
313.0058
313.0051
313.0044
313.0036
313.0034
313.0025
313.0017
313.0011
313.0003
312.9965
312.9957
312.9948
312.994
312.9933
312.9858
312.9847
312.9839
312.983
312.9821
312.9756
312.9745
312.9734
312.9725
312.9715
312.9681
312.9671
312.9659
312.9646
312.9636
312.9634
312.9625
312.9613
312.96
312.9586
312.9611
312.9603
312.9593
312.958
312.9566
312.961
312.9602
312.9593
312.9582
312.9569
312.9632
312.9623
312.9615
312.9606
312.9594
312.9679
312.9671
312.9662
312.9654
312.9644
312.9756
312.9748
312.9739
312.973
312.9722
312.986
312.9852
312.9844
312.9835
312.9826
312.9967
312.996
312.9953
312.9944
312.9937
313.0037
313.0027
313.0021
313.0014
313.0006
313.006
313.0052
313.0046
313.0039
313.0065
313.0057
313.0051
313.0062
313.0053
313.0081
313.0074
313.0067
313.0059
313.0052
313.0078
313.007
313.0063
313.0056
313.0048
313.0066
313.0058
313.005
313.0043
313.0036
313.0033
313.0025
313.0017
313.001
313.0003
312.9967
312.9956
312.9949
312.994
312.9932
312.986
312.9849
312.9839
312.9831
312.9821
312.9758
312.9748
312.9737
312.9725
312.9715
312.9681
312.9673
312.9661
312.9649
312.9636
312.9633
312.9625
312.9615
312.9603
312.9589
312.961
312.9602
312.9593
312.9582
312.9569
312.9609
312.9601
312.9593
312.9583
312.9571
312.9632
312.9623
312.9614
312.9605
312.9595
312.968
312.9671
312.9662
312.9652
312.9643
312.9756
312.9748
312.9739
312.973
312.9721
312.9857
312.9852
312.9844
312.9835
312.9826
312.9968
312.9958
312.9952
312.9945
312.9936
313.0029
313.0019
313.0013
313.0006
313.0053
313.0044
313.0038
313.0058
313.005
313.0055
313.0081
313.0073
313.0067
313.006
313.0052
313.0078
313.007
313.0062
313.0056
313.0049
313.0065
313.0058
313.005
313.0042
313.0036
313.0035
313.0025
313.0018
313.001
313.0002
312.9968
312.9958
312.9948
312.9941
312.9932
312.9861
312.9852
312.9841
312.983
312.9822
312.9758
312.975
312.9739
312.9727
312.9715
312.9681
312.9673
312.9664
312.9652
312.9638
312.9632
312.9625
312.9616
312.9605
312.9592
312.9609
312.9601
312.9593
312.9583
312.9571
312.9609
312.9601
312.9591
312.9582
312.9572
312.9632
312.9623
312.9614
312.9604
312.9594
312.968
312.9671
312.9662
312.9652
312.9642
312.9753
312.9748
312.974
312.973
312.9721
312.986
312.9849
312.9844
312.9835
312.9826
312.996
312.995
312.9945
312.9937
313.0021
313.0012
313.0006
313.0046
313.0037
313.0051
313.0081
313.0073
313.0066
313.006
313.0053
313.0078
313.007
313.0062
313.0055
313.0049
313.0067
313.0057
313.005
313.0042
313.0035
313.0037
313.0027
313.0017
313.001
313.0002
312.997
312.996
312.995
312.994
312.9932
312.9862
312.9853
312.9843
312.9832
312.9821
312.9758
312.975
312.9741
312.973
312.9717
312.968
312.9672
312.9664
312.9654
312.9641
312.9632
312.9623
312.9615
312.9606
312.9594
312.9609
312.9601
312.9591
312.9582
312.9572
312.9609
312.9601
312.9591
312.9581
312.9571
312.9632
312.9623
312.9614
312.9604
312.9593
312.9675
312.9671
312.9662
312.9652
312.9642
312.9756
312.9745
312.974
312.973
312.972
312.9852
312.9841
312.9835
312.9827
312.9952
312.9943
312.9937
313.0013
313.0004
313.0039
313.0081
313.0073
313.0066
313.0059
313.0052
313.0079
313.007
313.0062
313.0055
313.0048
313.0069
313.0059
313.005
313.0042
313.0035
313.0038
313.0029
313.0019
313.001
313.0002
312.997
312.9962
312.9952
312.9942
312.9932
312.9861
312.9853
312.9845
312.9835
312.9823
312.9756
312.9749
312.9741
312.9732
312.972
312.968
312.9671
312.9663
312.9654
312.9643
312.9632
312.9623
312.9614
312.9605
312.9595
312.9609
312.9601
312.9591
312.9581
312.9571
312.961
312.9601
312.9591
312.9581
312.957
312.9627
312.9623
312.9614
312.9603
312.9593
312.9679
312.9667
312.9662
312.9652
312.9642
312.9748
312.9736
312.973
312.9721
312.9844
312.9833
312.9826
312.9945
312.9935
313.0006
313.0083
313.0073
313.0066
313.0059
313.0051
313.008
313.0071
313.0062
313.0055
313.0048
313.007
313.0061
313.0051
313.0042
313.0035
313.0038
313.003
313.0021
313.0011
313.0002
312.9969
312.9962
312.9954
312.9944
312.9934
312.986
312.9853
312.9845
312.9836
312.9826
312.9756
312.9748
312.9741
312.9732
312.9722
312.9679
312.9671
312.9662
312.9654
312.9644
312.9632
312.9623
312.9614
312.9604
312.9594
312.961
312.9601
312.9591
312.9581
312.957
312.9605
312.9601
312.9591
312.9581
312.9569
312.9631
312.9618
312.9614
312.9604
312.9593
312.9671
312.9658
312.9652
312.9642
312.9739
312.9727
312.9721
312.9835
312.9824
312.9937
313.0084
313.0075
313.0066
313.0059
313.0051
313.0081
313.0073
313.0064
313.0055
313.0048
313.007
313.0062
313.0053
313.0044
313.0035
313.0038
313.003
313.0022
313.0013
313.0004
312.9969
312.9961
312.9954
312.9946
312.9936
312.986
312.9852
312.9845
312.9837
312.9827
312.9756
312.9748
312.974
312.9731
312.9722
312.968
312.9671
312.9662
312.9652
312.9643
312.9632
312.9623
312.9614
312.9604
312.9593
312.9605
312.9601
312.9591
312.9581
312.9569
312.9609
312.9596
312.9591
312.9581
312.9569
312.9623
312.9609
312.9604
312.9593
312.9662
312.9648
312.9642
312.973
312.9717
312.9827
313.0085
313.0076
313.0067
313.0059
313.0051
313.0082
313.0074
313.0065
313.0056
313.0047
313.0069
313.0062
313.0054
313.0046
313.0037
313.0037
313.003
313.0022
313.0014
313.0006
312.9969
312.996
312.9953
312.9946
312.9938
312.986
312.9852
312.9844
312.9836
312.9828
312.9756
312.9748
312.9739
312.973
312.9722
312.968
312.9671
312.9662
312.9652
312.9642
312.9627
312.9623
312.9614
312.9603
312.9593
312.9609
312.9596
312.9591
312.9581
312.9569
312.96
312.9586
312.9581
312.957
312.9613
312.9599
312.9593
312.9652
312.9638
312.9721
313.0085
313.0077
313.0069
313.006
313.0051
313.0081
313.0074
313.0066
313.0058
313.0049
313.0069
313.0061
313.0054
313.0047
313.0038
313.0037
313.0029
313.0022
313.0015
313.0007
312.9968
312.996
312.9952
312.9945
312.9938
312.986
312.9852
312.9844
312.9835
312.9827
312.9756
312.9748
312.9739
312.973
312.9721
312.9675
312.9671
312.9662
312.9652
312.9642
312.9631
312.9618
312.9614
312.9604
312.9593
312.96
312.9586
312.9581
312.957
312.959
312.9576
312.957
312.9603
312.9588
312.9642
313.0085
313.0077
313.007
313.0062
313.0053
313.0081
313.0073
313.0066
313.0059
313.0051
313.0069
313.0061
313.0054
313.0047
313.0039
313.0037
313.0029
313.0021
313.0014
313.0007
312.9969
312.996
312.9952
312.9945
312.9937
312.986
312.9852
312.9844
312.9835
312.9826
312.9753
312.9748
312.974
312.973
312.9721
312.9679
312.9667
312.9662
312.9652
312.9642
312.9623
312.9609
312.9604
312.9593
312.959
312.9576
312.957
312.958
312.9565
312.9592
313.0084
313.0077
313.007
313.0063
313.0054
313.008
313.0073
313.0066
313.0059
313.0052
313.0068
313.0061
313.0053
313.0046
313.004
313.0037
313.0029
313.0021
313.0013
313.0007
312.9969
312.9961
312.9952
312.9945
312.9937
312.9857
312.9852
312.9844
312.9835
312.9826
312.9756
312.9745
312.974
312.973
312.972
312.9671
312.9658
312.9652
312.9642
312.9613
312.9599
312.9593
312.958
312.9565
312.9569
313.0084
313.0076
313.007
313.0063
313.0056
313.008
313.0073
313.0065
313.0059
313.0052
313.0069
313.0061
313.0053
313.0046
313.0039
313.0037
313.0029
313.0021
313.0013
313.0006
312.9967
312.996
312.9953
312.9944
312.9937
312.986
312.9849
312.9844
312.9835
312.9826
312.9748
312.9736
312.973
312.9721
312.9662
312.9648
312.9642
312.9603
312.9588
312.9569
313.0084
313.0076
313.0069
313.0062
313.0056
313.0081
313.0073
313.0065
313.0058
313.0052
313.0068
313.0061
313.0053
313.0046
313.0039
313.0035
313.0029
313.0021
313.0013
313.0006
312.9968
312.9958
312.9952
312.9945
312.9936
312.9852
312.9841
312.9835
312.9827
312.9739
312.9727
312.9721
312.9652
312.9638
312.9592
313.0084
313.0076
313.0069
313.0062
313.0055
313.008
313.0073
313.0065
313.0058
313.0051
313.0067
313.0061
313.0053
313.0046
313.0039
313.0037
313.0027
313.0021
313.0014
313.0006
312.996
312.995
312.9945
312.9937
312.9844
312.9833
312.9826
312.973
312.9717
312.9642
313.0084
313.0076
313.0069
313.0062
313.0055
313.0079
313.0072
313.0065
313.0058
313.0051
313.0068
313.0059
313.0053
313.0046
313.0038
313.0029
313.0019
313.0013
313.0006
312.9952
312.9943
312.9937
312.9835
312.9824
312.9721
313.0083
313.0076
313.0069
313.0062
313.0055
313.008
313.0071
313.0065
313.0058
313.0051
313.006
313.0052
313.0046
313.0039
313.0021
313.0012
313.0006
312.9945
312.9935
312.9827
313.0084
313.0075
313.0069
313.0062
313.0054
313.0072
313.0064
313.0058
313.0051
313.0053
313.0044
313.0038
313.0013
313.0004
312.9937
313.0076
313.0068
313.0061
313.0055
313.0065
313.0057
313.0051
313.0046
313.0037
313.0006
313.0069
313.006
313.0054
313.0058
313.005
313.0039
313.0062
313.0053
313.0051
313.0055
)
;

boundaryField
{
    electrolyteSides
    {
        type            zeroGradient;
    }
    electrolyte_to_fuel
    {
        type            zeroGradient;
    }
    electrolyte_to_air
    {
        type            zeroGradient;
    }
}


// ************************************************************************* //
