/*--------------------------------*- C++ -*----------------------------------*\
| =========                 |                                                 |
| \\      /  F ield         | OpenFOAM: The Open Source CFD Toolbox           |
|  \\    /   O peration     | Version:  2312                                  |
|   \\  /    A nd           | Website:  www.openfoam.com                      |
|    \\/     M anipulation  |                                                 |
\*---------------------------------------------------------------------------*/
FoamFile
{
    version     2.0;
    format      ascii;
    arch        "LSB;label=32;scalar=64";
    class       volScalarField;
    location    "30/phiI";
    object      dmdt;
}
// * * * * * * * * * * * * * * * * * * * * * * * * * * * * * * * * * * * * * //

dimensions      [0 -3 -1 0 1 0 0];

internalField   nonuniform List<scalar> 
12000
(
463.2013
465.3492
391.0128
494.8854
469.6623
392.3141
497.1952
316.164
417.2189
557.2783
475.9479
394.9059
501.8405
317.2005
418.6163
559.9204
250.4549
336.7191
468.3192
655.5057
483.824
398.6387
508.6159
319.269
421.4073
565.2571
251.3606
337.8314
469.9116
658.6798
194.6546
266.0714
376.186
548.5386
802.3281
492.0681
403.3299
517.1118
322.2492
425.4331
573.0577
253.1573
340.0586
473.1176
665.1274
195.4541
267.0429
377.4509
550.4428
806.2903
147.9511
206.0841
295.3815
437.8804
669.1909
0
498.5057
408.2908
526.0112
326.0187
430.4982
582.8568
255.7429
343.2735
477.7605
674.5781
197.0382
268.9773
380.0091
554.3168
814.3723
148.6329
206.9414
296.4849
439.3886
671.5637
0
108.4173
155.8641
226.779
340.9194
531.6722
0
0
502.7383
412.2528
532.9654
330.0417
435.8599
593.1396
259.0277
347.3451
483.6189
686.4774
199.2909
271.7667
383.7196
559.9552
826.2477
150.0058
208.6468
298.7062
442.4788
676.4267
0
109.0122
156.5952
227.7516
342.2321
533.5487
0
0
74.91145
113.3446
169.3003
258.6168
411.3233
0
0
0
505.2356
414.9065
537.5457
333.2629
440.1465
601.1921
262.5555
351.695
489.8357
698.9923
202.1762
275.3153
388.4342
567.0951
841.2337
151.9592
211.078
301.9266
446.9882
683.5337
0
110.1838
158.074
229.7101
344.9137
537.4279
0
0
75.41552
113.9824
170.1297
259.7716
412.954
0
0
0
46.55353
77.30087
120.6015
189.5858
309.2068
0
0
0
0
506.3812
416.5066
540.2509
335.4718
443.0244
606.5207
265.4086
355.1831
494.8204
708.8193
205.3045
279.1301
393.4837
574.6945
857.0306
154.4533
214.1961
306.0374
452.7406
692.5624
0
111.8192
160.1838
232.5194
348.8276
543.1161
0
0
76.40709
115.2454
171.8302
262.1356
416.3182
0
0
0
46.95823
77.84131
121.3244
190.5704
310.6395
0
0
0
0
22.19058
46.78589
79.29314
131.0476
223.4688
0
0
0
0
0
506.3812
417.2525
541.4931
336.8108
444.7614
609.6759
267.3734
357.579
498.188
715.3602
207.8349
282.2203
397.5495
580.809
869.4679
157.1719
217.5798
310.4671
458.9195
702.1987
0
113.9649
162.8819
236.135
353.8439
550.3967
0
0
77.78489
117.0149
174.2731
265.5527
421.254
0
0
0
47.74573
78.91155
122.7805
192.6262
313.6049
0
0
0
0
22.5318
47.21983
79.90564
131.9046
224.6921
0
0
0
0
0
1.452199
20.56669
44.2898
81.35223
150.7022
0
0
0
0
0
-860.5181
505.2356
417.2525
541.4931
337.431
445.572
611.1284
268.5791
359.0331
500.2253
719.245
209.5914
284.3518
400.3539
584.9715
877.7885
159.4176
220.3217
314.0706
463.9193
709.9781
0
116.3458
165.8254
240.0667
359.2641
558.2371
0
0
79.56124
119.3392
177.4101
269.9686
427.6016
0
0
0
48.81167
80.40482
124.839
195.6051
317.9179
0
0
0
0
23.19787
48.07195
81.14333
133.671
227.2763
0
0
0
0
0
1.716648
20.93275
44.78152
82.07839
151.7675
0
0
0
0
0
-864.7637
-16.34676
-1.765804
14.20262
39.19276
88.87971
0
0
0
0
0
-741.4272
-687.0183
502.7383
416.5066
540.2509
337.431
445.572
611.1284
269.149
359.7074
501.1783
721.0387
210.6742
285.6611
402.0609
587.4963
882.7439
160.9848
222.228
316.5664
467.3849
715.3082
0
118.3034
168.2609
243.2677
363.6956
564.6094
0
0
81.59718
121.9202
180.8396
274.7817
434.4765
0
0
0
50.31626
82.33445
127.5512
199.4487
323.5096
0
0
0
0
24.10624
49.23277
82.88856
136.196
231.0459
0
0
0
0
0
2.219489
21.65489
45.77372
83.5859
153.9972
0
0
0
0
0
-872.7288
-16.16433
-1.481961
14.61785
39.77585
89.7848
0
0
0
0
0
-744.1148
-690.3456
-32.06566
-20.95091
-11.46943
2.937299
36.37142
0
0
0
0
0
-621.505
-595.1189
-568.283
498.5057
414.9065
537.5457
336.8108
444.7614
609.6759
269.149
359.7074
501.1783
721.0387
211.1815
286.2804
402.8545
588.6809
885.0379
161.9515
223.4043
318.1031
469.5014
718.5492
0
119.695
169.9636
245.5024
366.7798
569.0455
0
0
83.31647
124.0471
183.6894
278.7225
440.1219
0
0
0
52.04367
84.54626
130.5678
203.6604
329.6156
0
0
0
0
25.33952
50.87131
85.15683
139.534
235.9289
0
0
0
0
0
2.883146
22.64609
47.14769
85.73929
157.2135
0
0
0
0
0
-884.4463
-15.84587
-0.9342601
15.4632
40.99545
91.6979
0
0
0
0
0
-748.9087
-696.579
-31.95612
-20.75492
-11.14715
3.430575
37.10164
0
0
0
0
0
-623.6787
-597.2627
-570.9811
-44.78855
-37.90903
-33.58003
-28.06936
-8.802423
0
0
0
0
0
-518.2625
-502.5652
-494.8893
-494.6936
492.0681
412.2528
532.9654
335.4718
443.0244
606.5207
268.5791
359.0331
500.2253
719.245
211.1815
286.2804
402.8545
588.6809
885.0379
162.4131
223.9559
318.8313
470.4885
720.0735
0
120.5703
171.0149
246.8843
368.6838
571.7628
0
0
84.54798
125.5615
185.6903
281.4868
444.0679
0
0
0
53.50981
86.4177
133.0681
207.1775
334.6398
0
0
0
0
26.76049
52.75295
87.7563
143.2526
241.289
0
0
0
0
0
3.803576
23.99428
49.08622
88.55688
161.4737
0
0
0
0
0
-899.2495
-15.46496
-0.204522
16.6424
42.7182
94.45849
0
0
0
0
0
-755.8873
-705.7686
-31.80143
-20.40403
-10.49805
4.477033
38.66659
0
0
0
0
0
-627.4109
-601.0684
-576.0333
-44.75225
-37.79114
-33.35715
-27.68565
-8.180714
0
0
0
0
0
-520.1705
-504.3286
-496.6624
-496.9989
-54.44689
-51.6922
-53.17109
-54.86423
-47.52727
0
0
0
0
0
-430.7377
-422.8162
-420.984
-432.5646
-460.8119
483.824
408.2908
526.0112
333.2629
440.1465
601.1921
267.3734
357.579
498.188
715.3602
210.6742
285.6611
402.0609
587.4963
882.7439
162.4131
223.9559
318.8313
470.4885
720.0735
0
120.9893
171.5171
247.5337
369.5877
573.0335
0
0
85.32332
126.5145
186.9287
283.2002
446.5098
0
0
0
54.56946
87.76047
134.855
209.6594
338.179
0
0
0
0
27.98182
54.35373
89.96659
146.3557
245.7833
0
0
0
0
0
4.908756
25.54831
51.313
91.78309
166.2243
0
0
0
0
0
-914.973
-15.09426
0.809503
18.2531
45.14536
98.08925
0
0
0
0
0
-764.643
-717.4337
-31.62688
-19.97513
-9.612863
5.964967
40.91292
0
0
0
0
0
-632.8266
-606.622
-583.5062
-44.7702
-37.61522
-32.9288
-26.86908
-6.826157
0
0
0
0
0
-523.3434
-507.3315
-499.7969
-501.3171
-54.48571
-51.65294
-53.03662
-54.5978
-47.03855
0
0
0
0
0
-432.4594
-424.387
-422.4692
-434.1009
-462.9418
-60.14307
-62.24384
-69.27161
-78.67921
-81.10623
0
0
0
0
0
-355.6897
-355.0304
-357.2611
-369.9919
-403.6721
475.9479
403.3299
517.1118
330.0417
435.8599
593.1396
265.4086
355.1831
494.8204
708.8193
209.5914
284.3518
400.3539
584.9715
877.7885
161.9515
223.4043
318.1031
469.5014
718.5492
0
120.9893
171.5171
247.5337
369.5877
573.0335
0
0
85.6956
126.9709
187.5207
284.0074
447.671
0
0
0
55.24292
88.60653
135.9811
211.1996
340.3775
0
0
0
0
28.87631
55.51283
91.55896
148.5828
248.9691
0
0
0
0
0
5.888857
26.88745
53.21835
94.5416
170.2114
0
0
0
0
0
-926.8673
-14.35141
2.026318
20.11091
47.93248
102.2396
0
0
0
0
0
-773.9528
-729.9135
-31.311
-19.54366
-8.377571
8.00587
44.06634
0
0
0
0
0
-639.6384
-613.6375
-593.0556
-44.85268
-37.40744
-32.37831
-25.72537
-4.872438
0
0
0
0
0
-527.9301
-511.6973
-504.3865
-507.7274
-54.69397
-51.66144
-52.80489
-54.03863
-45.9613
0
0
0
0
0
-435.2366
-426.9702
-424.9795
-436.8099
-466.9337
-60.24447
-62.28568
-69.22655
-78.51711
-80.75995
0
0
0
0
0
-357.2934
-356.4681
-358.6044
-371.2958
-405.0997
-60.30215
-68.63547
-81.86955
-98.53352
-111.042
0
0
0
0
0
-291.5045
-296.5752
-302.9559
-315.9986
-346.0829
469.6623
398.6387
508.6159
326.0187
430.4982
582.8568
262.5555
351.695
489.8357
698.9923
207.8349
282.2203
397.5495
580.809
869.4679
160.9848
222.228
316.5664
467.3849
715.3082
0
120.5703
171.0149
246.8843
368.6838
571.7628
0
0
85.6956
126.9709
187.5207
284.0074
447.671
0
0
0
55.56763
89.01291
136.5208
211.9365
341.4157
0
0
0
0
29.45174
56.25001
92.56399
149.988
250.951
0
0
0
0
0
6.631807
27.87006
54.60397
96.53788
173.0832
0
0
0
0
0
-934.6446
-13.58896
3.10808
21.72179
50.33264
105.8034
0
0
0
0
0
-781.1618
-739.3911
-30.82892
-18.71257
-6.898247
10.35988
47.68267
0
0
0
0
0
-646.9264
-621.1741
-603.3681
-44.8696
-37.03832
-31.78242
-24.12334
-2.188475
0
0
0
0
0
-533.7006
-517.231
-510.2339
-515.9766
-55.05096
-51.7281
-52.50466
-53.28091
-44.42265
0
0
0
0
0
-439.2514
-430.7094
-428.6387
-440.7905
-472.8777
-60.63402
-62.49813
-69.202
-78.18771
-79.99151
0
0
0
0
0
-359.7886
-358.7578
-360.7908
-373.4882
-407.6155
-60.43514
-68.74586
-81.91806
-98.47748
-110.8223
0
0
0
0
0
-292.9863
-297.9341
-304.2028
-317.1906
-347.3009
-49.70756
-69.21833
-90.01598
-114.4981
-136.3641
0
0
0
0
0
-236.4525
-246.3257
-255.8466
-269.8811
-296.3459
465.3492
394.9059
501.8405
322.2492
425.4331
573.0577
259.0277
347.3451
483.6189
686.4774
205.3045
279.1301
393.4837
574.6945
857.0306
159.4176
220.3217
314.0706
463.9193
709.9781
0
119.695
169.9636
245.5024
366.7798
569.0455
0
0
85.32332
126.5145
186.9287
283.2002
446.5098
0
0
0
55.56763
89.01291
136.5208
211.9365
341.4157
0
0
0
0
29.73095
56.60558
93.04712
150.6621
251.8997
0
0
0
0
0
7.11359
28.50249
55.48648
97.79999
174.8972
0
0
0
0
0
-939.2684
-12.83087
3.929118
22.90884
52.08625
108.3919
0
0
0
0
0
-786.0015
-745.631
-30.34559
-17.86339
-5.57563
12.41464
50.81177
0
0
0
0
0
-652.6015
-627.07
-611.2146
-44.7417
-36.48608
-30.73261
-22.21132
0.903508
0
0
0
0
0
-539.8947
-523.2201
-516.5928
-524.9709
-55.41428
-51.71434
-51.99127
-52.40151
-42.26718
0
0
0
0
0
-444.2931
-435.4527
-433.3199
-445.9019
-480.5761
-61.25989
-62.85892
-69.20987
-77.72529
-78.91014
0
0
0
0
0
-363.3751
-362.0712
-363.9626
-376.6935
-411.3221
-60.95653
-69.15407
-82.12473
-98.39005
-110.33
0
0
0
0
0
-295.2609
-300.0221
-306.1661
-319.1174
-349.3457
-49.82082
-69.36552
-90.14628
-114.5552
-136.2737
0
0
0
0
0
-237.8446
-247.597
-257.0415
-270.9988
-297.4643
-23.0493
-58.46127
-91.96331
-125.6197
-157.2742
0
0
0
0
0
-188.9047
-203.0383
-215.128
-229.6829
-253.8059
463.2013
392.3141
497.1952
319.269
421.4073
565.2571
255.7429
343.2735
477.7605
674.5781
202.1762
275.3153
388.4342
567.0951
841.2337
157.1719
217.5798
310.4671
458.9195
702.1987
0
118.3034
168.2609
243.2677
363.6956
564.6094
0
0
84.54798
125.5615
185.6903
281.4868
444.0679
0
0
0
55.24292
88.60653
135.9811
211.1996
340.3775
0
0
0
0
29.73095
56.60558
93.04712
150.6621
251.8997
0
0
0
0
0
7.348074
28.80945
55.91245
98.40718
175.7679
0
0
0
0
0
-941.4087
-12.32256
4.461725
23.67349
53.20462
110.0309
0
0
0
0
0
-788.9669
-749.3703
-29.94694
-17.02888
-4.569309
13.93543
53.10626
0
0
0
0
0
-656.4903
-631.0779
-616.4123
-44.51812
-35.93401
-29.6715
-20.49224
3.614655
0
0
0
0
0
-544.752
-527.9461
-521.61
-531.7797
-55.64876
-51.54022
-51.2554
-50.98537
-39.70692
0
0
0
0
0
-449.7132
-440.6077
-438.453
-451.5218
-489.0415
-61.96068
-63.21615
-69.09529
-76.96263
-77.59068
0
0
0
0
0
-367.9011
-366.2695
-368.0246
-380.8277
-416.1113
-61.79946
-69.80506
-82.46583
-98.28712
-109.6073
0
0
0
0
0
-298.5477
-303.0262
-309.0118
-321.9191
-352.3424
-50.37748
-69.91936
-90.5794
-114.7411
-136.0717
0
0
0
0
0
-239.9297
-249.5288
-258.858
-272.7445
-299.2676
-23.09959
-58.59226
-92.14381
-125.7798
-157.3244
0
0
0
0
0
-190.2313
-204.2466
-216.2589
-230.7642
-254.8587
17.14421
-30.58542
-81.62923
-130.0326
-172.8398
0
0
0
0
0
-147.9799
-165.5014
-179.8888
-194.7908
-216.6424
391.0128
494.8854
317.2005
418.6163
559.9204
253.1573
340.0586
473.1176
665.1274
199.2909
271.7667
383.7196
559.9552
826.2477
154.4533
214.1961
306.0374
452.7406
692.5624
0
116.3458
165.8254
240.0667
359.2641
558.2371
0
0
83.31647
124.0471
183.6894
278.7225
440.1219
0
0
0
54.56946
87.76047
134.855
209.6594
338.179
0
0
0
0
29.45174
56.25001
92.56399
149.988
250.951
0
0
0
0
0
7.348074
28.80945
55.91245
98.40718
175.7679
0
0
0
0
0
-941.4087
-12.11305
4.720989
24.0448
53.74478
110.8199
0
0
0
0
0
-790.3636
-751.1101
-29.66795
-16.46985
-3.91621
14.91558
54.57113
0
0
0
0
0
-658.8904
-633.5617
-619.552
-44.29359
-35.48005
-28.65883
-19.1816
5.627513
0
0
0
0
0
-548.1219
-531.2374
-525.0606
-536.2927
-55.70525
-51.26545
-50.52509
-49.57231
-37.39834
0
0
0
0
0
-454.0096
-444.7155
-442.55
-455.9569
-495.37
-62.54677
-63.43011
-68.78355
-75.91437
-75.61888
0
0
0
0
0
-372.7809
-370.8431
-372.4998
-385.4129
-421.4203
-62.76543
-70.52644
-82.77112
-97.98966
-108.4555
0
0
0
0
0
-302.6349
-306.8546
-312.6539
-325.5369
-356.2314
-51.2633
-70.80909
-91.25582
-115.0319
-135.78
0
0
0
0
0
-242.928
-252.3247
-261.4758
-275.28
-301.8956
-24.70981
-59.19264
-92.75544
-126.2407
-157.4546
0
0
0
0
0
-192.2041
-206.0421
-217.9632
-232.3955
-256.4983
17.41806
-30.65429
-81.80572
-130.2655
-173.0234
0
0
0
0
0
-149.2465
-166.6638
-180.975
-195.8221
-217.6647
56.9338
12.24092
-52.21056
-120.8663
-181.0683
0
0
0
0
0
-112.0331
-133.149
-149.2042
-164.4863
-184.3222
316.164
417.2189
557.2783
251.3606
337.8314
469.9116
658.6798
197.0382
268.9773
380.0091
554.3168
814.3723
151.9592
211.078
301.9266
446.9882
683.5337
0
113.9649
162.8819
236.135
353.8439
550.3967
0
0
81.59718
121.9202
180.8396
274.7817
434.4765
0
0
0
53.50981
86.4177
133.0681
207.1775
334.6398
0
0
0
0
28.87631
55.51283
91.55896
148.5828
248.9691
0
0
0
0
0
7.11359
28.50249
55.48648
97.79999
174.8972
0
0
0
0
0
-939.2684
-12.11305
4.720989
24.0448
53.74478
110.8199
0
0
0
0
0
-790.3636
-751.1101
-29.52516
-16.23755
-3.598253
15.39169
55.27902
0
0
0
0
0
-660.0339
-634.7404
-621.0207
-44.11824
-35.16363
-27.98208
-18.33095
6.925149
0
0
0
0
0
-550.2223
-533.2959
-527.2227
-539.0307
-55.66064
-50.99731
-49.92915
-48.26868
-35.63721
0
0
0
0
0
-457.0236
-447.6174
-445.4458
-459.0223
-499.5398
-62.87067
-63.45528
-68.36437
-74.88304
-73.67915
0
0
0
0
0
-376.6619
-374.5344
-376.1158
-389.0811
-425.5719
-63.62138
-71.1198
-82.89836
-97.43564
-106.9272
0
0
0
0
0
-307.043
-311.0389
-316.6782
-329.5689
-360.58
-52.27507
-71.82241
-91.98157
-115.2297
-135.1858
0
0
0
0
0
-246.7239
-255.8347
-264.8467
-278.5523
-305.3097
-27.70529
-60.14127
-93.72145
-126.938
-157.6411
0
0
0
0
0
-195.071
-208.6285
-220.4347
-234.7509
-258.8844
17.56185
-32.39666
-82.49726
-130.959
-173.4971
0
0
0
0
0
-151.0819
-168.3856
-182.5793
-197.3669
-219.2026
57.25495
12.51654
-52.33436
-121.1178
-181.3579
0
0
0
0
0
-113.263
-134.2714
-150.2576
-165.4836
-185.3001
67.09608
56.35754
-4.5385
-89.73944
-174.0686
0
0
0
0
0
-80.1146
-104.669
-122.7209
-138.014
-156.206
250.4549
336.7191
468.3192
655.5057
195.4541
267.0429
377.4509
550.4428
806.2903
150.0058
208.6468
298.7062
442.4788
676.4267
0
111.8192
160.1838
232.5194
348.8276
543.1161
0
0
79.56124
119.3392
177.4101
269.9686
427.6016
0
0
0
52.04367
84.54626
130.5678
203.6604
329.6156
0
0
0
0
27.98182
54.35373
89.96659
146.3557
245.7833
0
0
0
0
0
6.631807
27.87006
54.60397
96.53788
173.0832
0
0
0
0
0
-934.6446
-12.32256
4.461725
23.67349
53.20462
110.0309
0
0
0
0
0
-788.9669
-749.3703
-29.52516
-16.23755
-3.598252
15.39169
55.27902
0
0
0
0
0
-660.0339
-634.7404
-621.0207
-44.02388
-35.00211
-27.69514
-17.91688
7.555593
0
0
0
0
0
-551.2262
-534.2843
-528.2561
-540.3161
-55.59123
-50.79154
-49.51773
-47.40026
-34.49443
0
0
0
0
0
-458.9204
-449.4531
-447.2796
-460.9555
-502.069
-62.99526
-63.37995
-67.97677
-74.04881
-71.94615
0
0
0
0
0
-379.4206
-377.1747
-378.7118
-391.6921
-428.4323
-64.14082
-71.43366
-82.81864
-96.76717
-105.4401
0
0
0
0
0
-310.6183
-314.4339
-319.9765
-332.8401
-364.0318
-53.17272
-72.71318
-92.54686
-115.1931
-134.2495
0
0
0
0
0
-250.7773
-259.6766
-268.5836
-282.21
-309.1451
-28.46996
-61.22006
-94.80211
-127.6451
-157.6474
0
0
0
0
0
-198.5569
-211.9411
-223.569
-237.8095
-261.982
17.68976
-35.61153
-83.57039
-132.0292
-174.1906
0
0
0
0
0
-153.6964
-170.8981
-184.8948
-199.6117
-221.4271
57.65493
12.6457
-54.35998
-121.9502
-182.1425
0
0
0
0
0
-115.037
-135.8971
-151.8137
-166.9495
-186.7614
67.39858
56.69244
-4.279238
-89.95942
-174.4121
0
0
0
0
0
-81.33423
-105.7694
-123.7481
-138.9863
-157.1541
71.94714
68.18509
49.9808
-35.16429
-141.3445
0
0
0
0
0
-51.80698
-79.3719
-99.35799
-115.142
-131.6103
194.6546
266.0714
376.186
548.5386
802.3281
148.6329
206.9414
296.4849
439.3886
671.5637
0
110.1838
158.074
229.7101
344.9137
537.4279
0
0
77.78489
117.0149
174.2731
265.5527
421.254
0
0
0
50.31626
82.33445
127.5512
199.4487
323.5096
0
0
0
0
26.76049
52.75295
87.7563
143.2526
241.289
0
0
0
0
0
5.888857
26.88745
53.21835
94.5416
170.2114
0
0
0
0
0
-926.8673
-12.83087
3.929118
22.90884
52.08626
108.3919
0
0
0
0
0
-786.0015
-745.631
-29.66795
-16.46985
-3.916209
14.91558
54.57113
0
0
0
0
0
-658.8904
-633.5617
-619.552
-44.02388
-35.00211
-27.69514
-17.91688
7.555593
0
0
0
0
0
-551.2262
-534.2843
-528.2561
-540.3161
-55.5457
-50.68173
-49.30901
-47.02361
-33.93832
0
0
0
0
0
-459.8377
-450.3385
-448.1662
-461.8839
-503.2577
-63.0233
-63.28774
-67.68956
-73.47873
-70.79548
0
0
0
0
0
-381.1774
-378.8616
-380.376
-393.3577
-430.2382
-64.39466
-71.5412
-82.64966
-96.17565
-104.248
0
0
0
0
0
-313.1752
-316.8969
-322.3759
-335.2072
-366.4838
-53.72451
-73.24322
-92.80099
-114.9251
-133.1974
0
0
0
0
0
-254.0646
-262.8612
-271.6672
-285.2236
-312.2358
-28.98027
-62.17299
-95.72991
-128.1391
-157.3383
0
0
0
0
0
-202.3139
-215.531
-227.0509
-241.238
-265.471
17.80741
-36.44764
-84.7764
-133.1945
-174.8318
0
0
0
0
0
-156.9596
-173.9865
-187.8948
-202.481
-224.3318
58.16326
12.75172
-58.01218
-123.2132
-183.3292
0
0
0
0
0
-117.5643
-138.219
-154.0935
-169.0699
-188.8885
67.8039
57.10947
-4.212159
-92.43131
-175.4253
0
0
0
0
0
-83.11215
-107.3616
-125.2366
-140.4191
-158.5449
72.24582
68.49953
50.3322
-34.94656
-141.6941
0
0
0
0
0
-53.03086
-80.47279
-100.3731
-116.096
-132.5367
76.65844
73.35772
66.59571
36.33284
-78.10524
0
0
0
0
0
-24.36568
-57.04794
-78.60364
-94.93343
-110.3478
147.9511
206.0841
295.3815
437.8804
669.1909
0
109.0122
156.5952
227.7516
342.2321
533.5487
0
0
76.40709
115.2454
171.8302
262.1356
416.3182
0
0
0
48.81167
80.40482
124.839
195.6051
317.9179
0
0
0
0
25.33952
50.87131
85.15683
139.534
235.9289
0
0
0
0
0
4.908756
25.54831
51.313
91.78309
166.2243
0
0
0
0
0
-914.973
-13.58896
3.108081
21.72179
50.33264
105.8034
0
0
0
0
0
-781.1618
-739.3911
-29.94694
-17.02888
-4.569309
13.93543
53.10626
0
0
0
0
0
-656.4903
-631.0779
-616.4123
-44.11824
-35.16363
-27.98208
-18.33095
6.92515
0
0
0
0
0
-550.2223
-533.2959
-527.2227
-539.0307
-55.5457
-50.68173
-49.30901
-47.02361
-33.93832
0
0
0
0
0
-459.8377
-450.3385
-448.1662
-461.8839
-503.2577
-63.02194
-63.23029
-67.53889
-73.19142
-70.28601
0
0
0
0
0
-382.0258
-379.6844
-381.1853
-394.1666
-431.107
-64.49222
-71.55439
-82.49127
-95.75052
-103.4405
0
0
0
0
0
-314.8068
-318.4887
-323.9293
-336.7366
-368.0504
-53.98527
-73.49375
-92.84417
-114.5922
-132.296
0
0
0
0
0
-256.444
-265.1867
-273.9433
-287.4345
-314.4693
-29.17921
-62.7514
-96.24964
-128.2763
-156.7719
0
0
0
0
0
-205.4004
-218.5093
-229.9895
-244.0854
-268.3291
14.69812
-37.01176
-85.82911
-134.158
-175.184
0
0
0
0
0
-160.503
-177.3665
-191.1938
-205.7043
-227.6112
58.88061
12.84044
-59.01738
-124.6105
-184.5781
0
0
0
0
0
-120.719
-141.1529
-156.9275
-171.8404
-191.6212
68.31376
57.64262
-4.19258
-96.75582
-176.9352
0
0
0
0
0
-85.68781
-109.6363
-127.3682
-142.5247
-160.5599
72.64557
68.92584
50.76714
-35.00273
-144.7776
0
0
0
0
0
-54.83887
-82.08831
-101.8463
-117.4773
-133.8996
76.96025
73.66775
66.92157
36.70138
-77.94926
0
0
0
0
0
-25.62515
-58.16295
-79.62599
-95.88092
-111.2587
81.18475
78.37728
72.37495
62.26645
17.60084
0
0
0
0
0
3.637269
-35.30327
-60.3874
-76.9825
-91.54796
108.4173
155.8641
226.779
340.9194
531.6722
0
0
75.41552
113.9824
170.1297
259.7716
412.954
0
0
0
47.74573
78.91155
122.7805
192.6262
313.6049
0
0
0
0
24.10624
49.23277
82.88856
136.196
231.0459
0
0
0
0
0
3.803576
23.99428
49.08623
88.55688
161.4737
0
0
0
0
0
-899.2495
-14.35141
2.026318
20.11091
47.93248
102.2396
0
0
0
0
0
-773.9528
-729.9135
-30.34559
-17.86339
-5.57563
12.41464
50.81178
0
0
0
0
0
-652.6015
-627.07
-611.2146
-44.29359
-35.48005
-28.65883
-19.1816
5.627514
0
0
0
0
0
-548.1219
-531.2374
-525.0606
-536.2927
-55.59123
-50.79154
-49.51773
-47.40026
-34.49443
0
0
0
0
0
-458.9204
-449.4531
-447.2796
-460.9555
-502.069
-63.02194
-63.23029
-67.53889
-73.19142
-70.28601
0
0
0
0
0
-382.0258
-379.6844
-381.1853
-394.1666
-431.107
-64.52116
-71.54476
-82.40011
-95.53095
-103.0357
0
0
0
0
0
-315.6005
-319.264
-324.6925
-337.4841
-368.8125
-54.07929
-73.58425
-92.80835
-114.3195
-131.6624
0
0
0
0
0
-257.9814
-266.6928
-275.4327
-288.8769
-315.915
-29.16439
-63.01873
-96.46885
-128.202
-156.1852
0
0
0
0
0
-207.656
-220.7107
-232.1728
-246.2054
-270.4243
15.07433
-37.23429
-86.4464
-134.6424
-175.1239
0
0
0
0
0
-163.4406
-180.2075
-193.9822
-208.4447
-230.3221
59.75397
9.398087
-59.71282
-125.8109
-185.5544
0
0
0
0
0
-124.142
-144.3874
-160.0745
-174.9196
-194.7122
69.02753
58.39926
-4.219075
-98.04299
-178.5785
0
0
0
0
0
-89.16018
-112.5106
-130.0937
-145.1628
-163.2055
73.15214
69.46608
51.33208
-35.15465
-150.0181
0
0
0
0
0
-57.40525
-84.43931
-103.9568
-119.4601
-135.9062
77.34914
74.08736
67.38031
37.14793
-78.19678
0
0
0
0
0
-27.53638
-59.82574
-81.13451
-97.25743
-112.5764
81.48718
78.69044
72.69485
62.60339
17.99844
0
0
0
0
0
2.314976
-36.46382
-61.43014
-77.94119
-92.45443
85.53012
83.19947
77.97
68.96561
60.10854
0
0
0
0
0
35.01306
-12.99624
-42.5712
-61.29745
-74.84789
74.91145
113.3446
169.3003
258.6168
411.3233
0
0
0
46.95823
77.84131
121.3244
190.5704
310.6395
0
0
0
0
23.19787
48.07195
81.14333
133.671
227.2763
0
0
0
0
0
2.883147
22.64609
47.14769
85.73929
157.2135
0
0
0
0
0
-884.4463
-15.09426
0.8095032
18.2531
45.14536
98.08925
0
0
0
0
0
-764.643
-717.4337
-30.82892
-18.71257
-6.898247
10.35988
47.68268
0
0
0
0
0
-646.9264
-621.1741
-603.3681
-44.51812
-35.934
-29.6715
-20.49224
3.614655
0
0
0
0
0
-544.752
-527.9461
-521.61
-531.7797
-55.66064
-50.99731
-49.92915
-48.26868
-35.63721
0
0
0
0
0
-457.0236
-447.6174
-445.4458
-459.0223
-499.5398
-63.0233
-63.28774
-67.68956
-73.47873
-70.79548
0
0
0
0
0
-381.1775
-378.8616
-380.376
-393.3577
-430.2382
-64.52116
-71.54476
-82.40011
-95.53095
-103.0357
0
0
0
0
0
-315.6005
-319.264
-324.6925
-337.4841
-368.8125
-54.10467
-73.60838
-92.77288
-114.1705
-131.339
0
0
0
0
0
-258.734
-267.4316
-276.1634
-289.5886
-316.6229
-29.08359
-63.11113
-96.52938
-128.0792
-155.7373
0
0
0
0
0
-209.1225
-222.1533
-233.6041
-247.6025
-271.7936
15.54294
-37.22255
-86.71392
-134.7987
-174.8617
0
0
0
0
0
-165.6024
-182.3261
-196.0783
-210.4983
-232.3398
60.58986
9.775078
-59.99695
-126.4805
-185.9598
0
0
0
0
0
-126.9926
-147.1301
-162.7687
-177.5427
-197.3303
69.90928
59.32342
-8.450373
-98.96187
-179.9625
0
0
0
0
0
-92.6164
-115.6775
-133.1403
-148.1225
-166.1648
73.83889
70.22566
52.14752
-35.40958
-151.7068
0
0
0
0
0
-60.59723
-87.64507
-106.6542
-122.0157
-138.4317
77.82974
74.62292
67.97346
37.74111
-78.62226
0
0
0
0
0
-30.25657
-62.19656
-83.33874
-99.23378
-114.4704
81.86808
79.09815
73.14376
63.10779
18.45019
0
0
0
0
0
0.2228716
-38.24629
-62.99647
-79.35937
-93.77061
85.81698
83.51313
78.29278
69.29392
60.47227
0
0
0
0
0
33.61018
-14.23075
-43.66579
-62.27992
-75.76668
89.66282
87.82942
83.34432
75.42724
68.19891
0
0
0
0
0
74.24804
12.29015
-24.21747
-45.91297
-60.28063
46.55353
77.30087
120.6015
189.5858
309.2068
0
0
0
0
22.5318
47.21983
79.90564
131.9046
224.6921
0
0
0
0
0
2.219489
21.65489
45.77372
83.5859
153.9972
0
0
0
0
0
-872.7288
-15.46496
-0.2045219
16.6424
42.71821
94.45849
0
0
0
0
0
-755.8873
-705.7686
-31.311
-19.54366
-8.377571
8.00587
44.06634
0
0
0
0
0
-639.6384
-613.6375
-593.0556
-44.7417
-36.48608
-30.73261
-22.21132
0.9035086
0
0
0
0
0
-539.8947
-523.2201
-516.5928
-524.9709
-55.70525
-51.26545
-50.52508
-49.57231
-37.39834
0
0
0
0
0
-454.0096
-444.7155
-442.55
-455.9569
-495.3701
-62.99526
-63.37995
-67.97677
-74.04881
-71.94615
0
0
0
0
0
-379.4206
-377.1747
-378.7118
-391.6921
-428.4323
-64.49222
-71.55439
-82.49127
-95.75051
-103.4404
0
0
0
0
0
-314.8068
-318.4887
-323.9293
-336.7366
-368.0504
-54.10467
-73.60838
-92.77288
-114.1705
-131.339
0
0
0
0
0
-258.734
-267.4316
-276.1634
-289.5886
-316.6229
-29.02564
-63.13413
-96.53621
-127.9985
-155.5001
0
0
0
0
0
-209.8428
-222.865
-234.3109
-248.2908
-272.4704
15.88743
-37.13799
-86.7943
-134.8038
-174.6024
0
0
0
0
0
-167.0144
-183.722
-197.4674
-211.8538
-233.6718
61.2672
10.26258
-59.99931
-126.7417
-186.0074
0
0
0
0
0
-129.098
-149.1878
-164.8103
-179.5314
-199.2925
70.73304
60.21257
-8.115385
-99.35545
-180.6866
0
0
0
0
0
-95.40995
-118.3742
-135.7701
-150.6765
-168.6787
74.67518
71.16557
53.15333
-40.93535
-152.9451
0
0
0
0
0
-64.04682
-90.88134
-109.6672
-124.9001
-141.2817
78.50005
75.35241
68.81747
38.62239
-79.24368
0
0
0
0
0
-33.64636
-65.18093
-86.37213
-101.779
-116.9222
82.3273
79.60561
73.72801
63.77907
19.06141
0
0
0
0
0
-2.761767
-40.79465
-65.23895
-81.43778
-95.66274
86.18833
83.91199
78.72737
69.78299
61.05251
0
0
0
0
0
31.27826
-16.21131
-45.36177
-63.76119
-77.12567
89.95046
88.12655
83.66717
75.75793
68.5497
0
0
0
0
0
72.78596
10.9571
-25.39303
-46.95032
-61.22387
93.54596
92.23358
88.50608
81.63319
75.96252
0
0
0
0
0
134.5817
44.52803
-3.197873
-30.01841
-45.97725
22.19058
46.78589
79.29314
131.0476
223.4688
0
0
0
0
0
1.716648
20.93275
44.78152
82.07839
151.7675
0
0
0
0
0
-864.7637
-15.84587
-0.93426
15.4632
40.99545
91.6979
0
0
0
0
0
-748.9087
-696.579
-31.62688
-19.97513
-9.612863
5.964968
40.91292
0
0
0
0
0
-632.8266
-606.622
-583.5062
-44.8696
-37.03832
-31.78242
-24.12333
-2.188475
0
0
0
0
0
-533.7006
-517.231
-510.2339
-515.9766
-55.64876
-51.54022
-51.2554
-50.98537
-39.70692
0
0
0
0
0
-449.7132
-440.6077
-438.453
-451.5218
-489.0415
-62.87067
-63.45528
-68.36437
-74.88304
-73.67915
0
0
0
0
0
-376.6619
-374.5344
-376.1158
-389.0811
-425.5719
-64.39466
-71.5412
-82.64966
-96.17565
-104.248
0
0
0
0
0
-313.1752
-316.8969
-322.3759
-335.2072
-366.4838
-54.07929
-73.58425
-92.80835
-114.3195
-131.6624
0
0
0
0
0
-257.9814
-266.6928
-275.4327
-288.8769
-315.915
-29.02564
-63.13413
-96.53621
-127.9985
-155.5001
0
0
0
0
0
-209.8428
-222.865
-234.3109
-248.2908
-272.4704
16.06583
-37.07669
-86.80823
-134.7796
-174.4513
0
0
0
0
0
-167.7096
-184.4125
-198.1569
-212.5258
-234.3291
61.72255
10.62365
-59.91169
-126.7993
-185.9221
0
0
0
0
0
-130.4787
-150.5485
-166.1693
-180.8574
-200.5898
71.38245
60.93522
-7.612699
-99.38858
-180.926
0
0
0
0
0
-97.25706
-120.4037
-137.7728
-152.6273
-170.5851
75.47261
72.04649
54.13626
-40.70496
-153.4967
0
0
0
0
0
-66.93489
-93.55547
-112.2781
-127.4096
-143.7359
79.3019
76.24258
69.86637
39.72845
-86.61723
0
0
0
0
0
-37.29964
-68.45103
-89.4765
-104.6482
-119.7042
82.96059
80.31679
74.53437
64.75001
20.00645
0
0
0
0
0
-6.483914
-44.00412
-68.09192
-84.31612
-98.10889
86.64773
84.39633
79.27905
70.43777
61.84545
0
0
0
0
0
27.93517
-19.04973
-47.79599
-65.88778
-79.12018
90.30409
88.51505
84.09088
76.22881
69.10579
0
0
0
0
0
70.22632
8.70921
-27.29715
-48.56519
-62.6462
93.83049
92.53144
88.81073
81.96323
76.31487
0
0
0
0
0
133.2077
43.10268
-4.483835
-31.13992
-46.97524
97.19119
96.37263
93.4188
87.59713
83.41842
0
0
0
0
0
241.5857
96.04029
24.07494
-11.67709
-31.18384
1.452199
20.56669
44.2898
81.35223
150.7022
0
0
0
0
0
-860.5181
-16.16433
-1.481961
14.61785
39.77585
89.7848
0
0
0
0
0
-744.1148
-690.3456
-31.80143
-20.40403
-10.49805
4.477033
38.66659
0
0
0
0
0
-627.4109
-601.0684
-576.0333
-44.85268
-37.40744
-32.37831
-25.72537
-4.872437
0
0
0
0
0
-527.9301
-511.6973
-504.3865
-507.7274
-55.41427
-51.71433
-51.99127
-52.40151
-42.26718
0
0
0
0
0
-444.2931
-435.4527
-433.3199
-445.9019
-480.5761
-62.54677
-63.43011
-68.78355
-75.91437
-75.61888
0
0
0
0
0
-372.7809
-370.8431
-372.4998
-385.4129
-421.4203
-64.14082
-71.43366
-82.81864
-96.76717
-105.4401
0
0
0
0
0
-310.6183
-314.4339
-319.9765
-332.8401
-364.0318
-53.98527
-73.49375
-92.84417
-114.5922
-132.296
0
0
0
0
0
-256.444
-265.1867
-273.9433
-287.4345
-314.4693
-29.08359
-63.11112
-96.52938
-128.0792
-155.7373
0
0
0
0
0
-209.1225
-222.1533
-233.6041
-247.6025
-271.7936
16.06583
-37.07669
-86.80823
-134.7796
-174.4513
0
0
0
0
0
-167.7096
-184.4125
-198.1569
-212.5258
-234.3291
61.94762
10.81128
-59.8457
-126.7971
-185.8482
0
0
0
0
0
-131.1612
-151.2228
-166.8453
-181.5179
-201.2339
71.82226
61.42168
-7.231205
-99.30154
-180.9431
0
0
0
0
0
-98.45948
-121.7493
-139.1098
-153.9333
-171.8582
76.0969
72.74225
54.94213
-40.20165
-153.5754
0
0
0
0
0
-69.07173
-95.36681
-114.2719
-129.3349
-145.6113
80.05119
77.09414
70.858
40.83812
-86.57033
0
0
0
0
0
-40.33836
-71.24071
-92.08744
-107.1541
-122.1212
83.73768
81.16948
75.52377
65.96352
21.22369
0
0
0
0
0
-10.48011
-47.505
-71.25587
-87.28694
-100.88
87.25913
85.0677
80.06251
71.35834
63.00749
0
0
0
0
0
23.76
-22.62286
-50.88984
-68.61119
-81.89025
90.73623
88.99912
84.61571
76.84402
69.86987
0
0
0
0
0
66.52032
5.472663
-30.03648
-50.88907
-64.69067
94.17565
92.90097
89.22238
82.41996
76.84709
0
0
0
0
0
130.655
40.57246
-6.672509
-32.96628
-48.52955
97.4752
96.66711
93.72397
87.90661
83.76901
0
0
0
0
0
240.6599
94.63808
22.67384
-12.9147
-32.26535
100.6309
100.2593
98.03853
93.27834
90.58918
0
0
0
0
0
437.1711
191.2294
69.19996
12.43427
-14.06435
-16.34676
-1.765804
14.20262
39.19276
88.87971
0
0
0
0
0
-741.4272
-687.0183
-31.95612
-20.75492
-11.14715
3.430575
37.10164
0
0
0
0
0
-623.6787
-597.2627
-570.9811
-44.7702
-37.61522
-32.9288
-26.86908
-6.826157
0
0
0
0
0
-523.3434
-507.3315
-499.7969
-501.3171
-55.05096
-51.7281
-52.50466
-53.28091
-44.42265
0
0
0
0
0
-439.2514
-430.7094
-428.6387
-440.7905
-472.8777
-61.96068
-63.21615
-69.09529
-76.96263
-77.59068
0
0
0
0
0
-367.9011
-366.2695
-368.0246
-380.8277
-416.1113
-63.62138
-71.1198
-82.89836
-97.43564
-106.9272
0
0
0
0
0
-307.043
-311.039
-316.6782
-329.5689
-360.58
-53.72451
-73.24321
-92.80099
-114.9251
-133.1974
0
0
0
0
0
-254.0647
-262.8612
-271.6672
-285.2236
-312.2358
-29.16439
-63.01873
-96.46885
-128.202
-156.1852
0
0
0
0
0
-207.656
-220.7107
-232.1728
-246.2054
-270.4243
15.88743
-37.13799
-86.7943
-134.8038
-174.6024
0
0
0
0
0
-167.0144
-183.722
-197.4674
-211.8538
-233.6718
61.94762
10.81128
-59.8457
-126.7971
-185.8482
0
0
0
0
0
-131.1612
-151.2228
-166.8453
-181.5179
-201.2339
72.04249
61.66231
-7.03082
-99.23078
-180.9143
0
0
0
0
0
-99.10829
-122.418
-139.7756
-154.5849
-172.4933
76.51906
73.2136
55.48673
-39.80165
-153.4901
0
0
0
0
0
-70.46854
-96.55981
-115.6046
-130.6268
-146.8686
80.64285
77.76219
71.64485
41.76131
-86.08768
0
0
0
0
0
-42.57202
-73.33581
-93.89183
-109.0816
-123.9765
84.4571
81.96919
76.47853
67.12434
22.49002
0
0
0
0
0
-13.77962
-50.46778
-73.99482
-89.80575
-103.2983
87.99656
85.89334
81.00776
72.49634
64.46534
0
0
0
0
0
19.29365
-26.49867
-54.29975
-71.65448
-84.76251
91.33505
89.64676
85.35368
77.7342
70.9616
0
0
0
0
0
61.88246
1.397747
-33.51216
-53.85907
-67.3168
94.59154
93.35586
89.74546
83.00246
77.56142
0
0
0
0
0
126.9407
36.89653
-9.834693
-35.60018
-50.76864
97.83804
97.02742
94.11417
88.34856
84.28225
0
0
0
0
0
235.4312
92.00058
20.16603
-15.03228
-34.02765
100.9108
100.5532
98.33972
93.58798
90.91592
0
0
0
0
0
438.3439
190.1542
67.77582
11.06947
-15.26135
103.804
103.9278
102.3803
98.62573
97.42784
0
0
0
0
0
903.8228
371.5115
155.6041
53.35995
8.553311
-32.06566
-20.95091
-11.46943
2.937299
36.37142
0
0
0
0
0
-621.505
-595.1189
-568.283
-44.75225
-37.79114
-33.35715
-27.68565
-8.180714
0
0
0
0
0
-520.1705
-504.3286
-496.6624
-496.9989
-54.69396
-51.66144
-52.80489
-54.03863
-45.9613
0
0
0
0
0
-435.2366
-426.9702
-424.9795
-436.8099
-466.9337
-61.25989
-62.85892
-69.20987
-77.72529
-78.91014
0
0
0
0
0
-363.3751
-362.0712
-363.9626
-376.6935
-411.3221
-62.76543
-70.52644
-82.77112
-97.98966
-108.4555
0
0
0
0
0
-302.6349
-306.8546
-312.6539
-325.5369
-356.2314
-53.17272
-72.71318
-92.54686
-115.1931
-134.2495
0
0
0
0
0
-250.7773
-259.6766
-268.5836
-282.21
-309.1451
-29.17921
-62.7514
-96.24963
-128.2763
-156.7719
0
0
0
0
0
-205.4004
-218.5093
-229.9895
-244.0854
-268.3291
15.54294
-37.22255
-86.71392
-134.7987
-174.8617
0
0
0
0
0
-165.6024
-182.3261
-196.0783
-210.4983
-232.3398
61.72255
10.62365
-59.91169
-126.7993
-185.9221
0
0
0
0
0
-130.4787
-150.5485
-166.1693
-180.8574
-200.5898
72.0425
61.66231
-7.03082
-99.23078
-180.9143
0
0
0
0
0
-99.10829
-122.418
-139.7756
-154.5849
-172.4933
76.72972
73.44967
55.7567
-39.58747
-153.4128
0
0
0
0
0
-71.15589
-97.2026
-116.2697
-131.272
-147.4967
81.04716
78.21415
72.17833
42.38942
-85.67325
0
0
0
0
0
-44.02548
-74.71773
-95.09067
-110.3756
-125.2231
85.02173
82.60199
77.23161
68.05105
23.5652
0
0
0
0
0
-16.17682
-52.67435
-76.07566
-91.56312
-105.1598
88.69593
86.66068
81.90303
73.60768
65.87384
0
0
0
0
0
15.64184
-29.74599
-57.22525
-74.30685
-87.19741
92.0428
90.42981
86.26669
78.81746
72.31932
0
0
0
0
0
56.9352
-2.998369
-37.31527
-57.15334
-70.26248
95.1637
93.9896
90.45574
83.8384
78.61158
0
0
0
0
0
122.2693
32.26365
-13.84226
-38.95754
-53.63718
98.25354
97.46477
94.60433
88.92672
84.95536
0
0
0
0
0
227.2988
88.14757
16.51345
-18.09835
-36.57148
101.258
100.932
98.71907
94.0047
91.41047
0
0
0
0
0
440.3708
184.7151
65.08013
8.615004
-17.31071
104.091
104.2174
102.6807
98.93048
97.75418
0
0
0
0
0
908.4697
372.3396
154.418
51.94519
7.227996
106.6807
107.3135
106.4813
103.6578
103.8727
0
0
0
0
0
-81.9133
827.8447
324.1511
133.6899
47.30973
-44.78855
-37.90903
-33.58003
-28.06936
-8.802423
0
0
0
0
0
-518.2625
-502.5652
-494.8893
-494.6936
-54.48571
-51.65294
-53.03662
-54.5978
-47.03855
0
0
0
0
0
-432.4594
-424.387
-422.4692
-434.1009
-462.9418
-60.63402
-62.49813
-69.202
-78.18771
-79.99151
0
0
0
0
0
-359.7886
-358.7578
-360.7908
-373.4882
-407.6155
-61.79946
-69.80506
-82.46583
-98.28712
-109.6073
0
0
0
0
0
-298.5477
-303.0262
-309.0118
-321.9191
-352.3424
-52.27507
-71.82241
-91.98157
-115.2297
-135.1858
0
0
0
0
0
-246.7239
-255.8347
-264.8468
-278.5523
-305.3097
-28.98026
-62.17298
-95.7299
-128.1391
-157.3383
0
0
0
0
0
-202.3139
-215.531
-227.0509
-241.238
-265.471
15.07433
-37.23429
-86.44639
-134.6424
-175.1239
0
0
0
0
0
-163.4406
-180.2075
-193.9822
-208.4447
-230.3221
61.2672
10.26258
-59.99931
-126.7417
-186.0074
0
0
0
0
0
-129.098
-149.1878
-164.8103
-179.5314
-199.2925
71.82226
61.42168
-7.231205
-99.30153
-180.9431
0
0
0
0
0
-98.45948
-121.7493
-139.1098
-153.9333
-171.8582
76.72972
73.44967
55.7567
-39.58747
-153.4128
0
0
0
0
0
-71.15589
-97.20261
-116.2697
-131.272
-147.4967
81.25374
78.43974
72.44561
42.70188
-85.44472
0
0
0
0
0
-44.738
-75.40119
-95.73512
-111.023
-125.8463
85.40575
83.03455
77.7416
68.67997
24.30422
0
0
0
0
0
-17.72285
-54.12135
-77.45765
-92.73597
-106.4111
89.24038
87.26427
82.61526
74.49062
67.00405
0
0
0
0
0
13.02513
-32.13236
-59.42642
-76.33326
-88.8993
92.69982
91.17523
87.12421
79.85749
73.65873
0
0
0
0
0
52.93309
-6.636074
-40.53912
-59.99772
-72.82994
95.85393
94.7406
91.32025
84.88112
79.89899
0
0
0
0
0
117.2735
27.28722
-18.1963
-42.65016
-56.82872
98.81255
98.06986
95.29755
89.72872
85.93863
0
0
0
0
0
224.0183
83.26985
11.88457
-21.99846
-39.82013
101.673
101.3687
99.18895
94.54424
92.07523
0
0
0
0
0
443.3494
176.335
61.1316
5.034456
-20.28016
104.438
104.5796
103.0794
99.33376
98.21808
0
0
0
0
0
917.4514
373.6822
148.8482
49.2576
4.843423
106.9724
107.6107
106.777
103.9615
104.1928
0
0
0
0
0
-82.4093
832.0982
324.7237
132.457
45.92711
109.3049
110.3848
110.2711
108.416
109.9472
0
0
0
0
0
-87.17122
-72.28214
772.0961
293.5236
124.0576
-54.44689
-51.6922
-53.17109
-54.86423
-47.52727
0
0
0
0
0
-430.7377
-422.8162
-420.984
-432.5646
-460.8119
-60.24447
-62.28568
-69.22655
-78.51711
-80.75995
0
0
0
0
0
-357.2934
-356.4681
-358.6044
-371.2958
-405.0997
-60.95653
-69.15407
-82.12472
-98.39005
-110.33
0
0
0
0
0
-295.2609
-300.0221
-306.1661
-319.1174
-349.3457
-51.2633
-70.80909
-91.25582
-115.0319
-135.78
0
0
0
0
0
-242.928
-252.3248
-261.4758
-275.28
-301.8956
-28.46996
-61.22006
-94.8021
-127.6451
-157.6474
0
0
0
0
0
-198.5569
-211.9411
-223.569
-237.8095
-261.982
14.69812
-37.01176
-85.82911
-134.158
-175.184
0
0
0
0
0
-160.503
-177.3665
-191.1938
-205.7043
-227.6112
60.58987
9.775079
-59.99694
-126.4805
-185.9598
0
0
0
0
0
-126.9926
-147.1301
-162.7687
-177.5427
-197.3303
71.38246
60.93522
-7.612698
-99.38858
-180.926
0
0
0
0
0
-97.25706
-120.4037
-137.7728
-152.6273
-170.5851
76.51906
73.2136
55.48674
-39.80165
-153.4901
0
0
0
0
0
-70.46854
-96.55981
-115.6046
-130.6268
-146.8686
81.25374
78.43974
72.44561
42.70188
-85.44472
0
0
0
0
0
-44.738
-75.40119
-95.73512
-111.023
-125.8463
85.59778
83.25556
77.99634
68.99519
24.67375
0
0
0
0
0
-18.47721
-54.83374
-78.14379
-93.36603
-107.0375
89.60677
87.67498
83.1025
75.08936
67.77177
0
0
0
0
0
11.35691
-33.68157
-60.87862
-77.68392
-90.03637
93.22236
91.75691
87.80265
80.69082
74.72975
0
0
0
0
0
50.09885
-9.267849
-42.92985
-62.14842
-74.79311
96.49136
95.44063
92.15157
85.87495
81.14989
0
0
0
0
0
113.2481
23.22266
-21.83425
-45.79751
-59.58588
99.49443
98.80174
96.12499
90.71386
87.17322
0
0
0
0
0
220.7126
78.02549
6.884491
-26.2526
-43.40172
102.2319
101.9596
99.84946
95.324
93.01537
0
0
0
0
0
446.4472
172.433
56.1094
0.4836596
-24.06254
104.8454
105.0156
103.5479
99.84871
98.83606
0
0
0
0
0
930.8984
375.6386
140.3257
45.31485
1.363219
107.3346
107.9726
107.1577
104.3853
104.6395
0
0
0
0
0
-82.9164
840.2486
325.5644
126.8868
43.30004
109.5922
110.6869
110.5752
108.7146
110.2659
0
0
0
0
0
-87.64384
-72.76367
776.0736
293.9471
122.8334
111.645
113.1874
113.7145
112.8214
115.6977
0
0
0
0
0
-91.99912
-78.0474
-65.94198
732.1441
277.8065
-60.14307
-62.24384
-69.27161
-78.67921
-81.10623
0
0
0
0
0
-355.6897
-355.0304
-357.2611
-369.9919
-403.6721
-60.43514
-68.74586
-81.91806
-98.47748
-110.8223
0
0
0
0
0
-292.9863
-297.9341
-304.2028
-317.1906
-347.3009
-50.37748
-69.91936
-90.5794
-114.7411
-136.0717
0
0
0
0
0
-239.9297
-249.5288
-258.858
-272.7445
-299.2676
-27.70529
-60.14127
-93.72145
-126.938
-157.6411
0
0
0
0
0
-195.071
-208.6285
-220.4347
-234.7509
-258.8844
17.80741
-36.44764
-84.7764
-133.1945
-174.8318
0
0
0
0
0
-156.9596
-173.9865
-187.8948
-202.4811
-224.3318
59.75397
9.398088
-59.71282
-125.8109
-185.5544
0
0
0
0
0
-124.142
-144.3874
-160.0745
-174.9196
-194.7122
70.73304
60.21257
-8.115383
-99.35545
-180.6866
0
0
0
0
0
-95.40994
-118.3742
-135.7701
-150.6765
-168.6787
76.0969
72.74225
54.94214
-40.20165
-153.5754
0
0
0
0
0
-69.07173
-95.36681
-114.2719
-129.3349
-145.6113
81.04716
78.21415
72.17833
42.38943
-85.67325
0
0
0
0
0
-44.02548
-74.71773
-95.09067
-110.3756
-125.2231
85.59778
83.25556
77.99634
68.99519
24.67375
0
0
0
0
0
-18.47721
-54.83374
-78.14379
-93.36603
-107.0375
89.7899
87.8804
83.3514
75.38869
68.15672
0
0
0
0
0
10.54801
-34.44025
-61.59594
-78.3559
-90.64708
93.58581
92.14858
88.26479
81.26149
75.45706
0
0
0
0
0
48.31371
-10.9548
-44.49008
-63.57167
-76.10283
96.99348
95.99861
92.80434
86.66733
82.15847
0
0
0
0
0
110.4262
20.32357
-24.48682
-48.14158
-61.6724
100.1216
99.4806
96.90496
91.67461
88.36549
0
0
0
0
0
218.0114
73.7723
2.768323
-29.82327
-46.45692
102.8935
102.6824
100.6542
96.26422
94.17922
0
0
0
0
0
433.4627
168.4354
50.68798
-4.446463
-28.19535
105.4023
105.6063
104.1923
100.5895
99.7462
0
0
0
0
0
947.9603
377.4424
135.9769
40.2889
-3.064058
107.7392
108.4006
107.6251
104.8976
105.2266
0
0
0
0
0
-83.52085
852.444
326.7718
118.3997
39.44477
109.9412
111.0649
110.9555
109.1182
110.7343
0
0
0
0
0
-88.10464
-73.28799
783.6241
294.4941
117.3834
111.9316
113.4849
114.024
113.1294
116.0107
0
0
0
0
0
-92.45716
-78.50696
-66.41679
735.9376
278.1746
113.6968
115.6877
116.8593
116.8332
121.0333
0
0
0
0
0
-96.59713
-83.42142
-72.15385
-60.88493
704.1508
-60.30215
-68.63547
-81.86955
-98.53352
-111.042
0
0
0
0
0
-291.5045
-296.5752
-302.9559
-315.9986
-346.0829
-49.82081
-69.36552
-90.14627
-114.5552
-136.2737
0
0
0
0
0
-237.8446
-247.597
-257.0415
-270.9988
-297.4643
-24.70981
-59.19264
-92.75544
-126.2407
-157.4546
0
0
0
0
0
-192.2041
-206.0421
-217.9632
-232.3955
-256.4983
17.68976
-35.61153
-83.57039
-132.0292
-174.1906
0
0
0
0
0
-153.6964
-170.8981
-184.8948
-199.6117
-221.4271
58.88061
12.84044
-59.01737
-124.6105
-184.5781
0
0
0
0
0
-120.719
-141.1529
-156.9275
-171.8405
-191.6213
69.90928
59.32342
-8.450372
-98.96187
-179.9625
0
0
0
0
0
-92.6164
-115.6775
-133.1403
-148.1225
-166.1648
75.47261
72.0465
54.13626
-40.70496
-153.4967
0
0
0
0
0
-66.93489
-93.55547
-112.2781
-127.4096
-143.7359
80.64285
77.76219
71.64486
41.76132
-86.08768
0
0
0
0
0
-42.57203
-73.33581
-93.89183
-109.0816
-123.9765
85.40576
83.03455
77.7416
68.67997
24.30422
0
0
0
0
0
-17.72286
-54.12135
-77.45764
-92.73597
-106.4111
89.7899
87.88041
83.3514
75.38869
68.15672
0
0
0
0
0
10.54801
-34.44025
-61.59594
-78.3559
-90.64708
93.76544
92.3444
88.49609
81.55291
75.82102
0
0
0
0
0
47.45592
-11.7753
-45.25638
-64.27589
-76.7549
97.33494
96.38679
93.24449
87.20783
82.84986
0
0
0
0
0
108.6655
18.48965
-26.19475
-49.67527
-63.05429
100.6146
100.0167
97.53017
92.43538
89.32261
0
0
0
0
0
216.0979
70.77613
-0.1851623
-32.4362
-48.73439
103.5148
103.3502
101.4096
97.16448
95.32813
0
0
0
0
0
435.5241
165.1664
46.26663
-8.520193
-31.6678
106.0546
106.3076
104.9861
101.5012
100.8536
0
0
0
0
0
965.821
363.1661
131.4813
34.85392
-7.865642
108.2791
108.9891
108.2686
105.619
106.0887
0
0
0
0
0
-84.18173
867.8869
327.6259
113.8606
34.5283
110.3552
111.4899
111.414
109.6285
111.3167
0
0
0
0
0
-88.63285
-73.93299
794.9098
295.2638
109.0955
112.2747
113.8489
114.4214
113.5325
116.456
0
0
0
0
0
-92.90001
-78.98735
-66.95855
743.0727
278.6152
113.9834
115.9844
117.164
117.1474
121.3572
0
0
0
0
0
-97.03964
-83.86706
-72.60725
-61.34411
707.8146
115.4727
117.881
119.6681
120.5016
125.905
0
0
0
0
0
-100.9924
-88.55484
-77.99553
-67.1619
-57.67557
-49.70756
-69.21833
-90.01598
-114.4981
-136.3641
0
0
0
0
0
-236.4525
-246.3257
-255.8466
-269.8811
-296.3459
-23.09959
-58.59226
-92.14381
-125.7798
-157.3244
0
0
0
0
0
-190.2313
-204.2466
-216.2589
-230.7642
-254.8587
17.56185
-32.39666
-82.49726
-130.959
-173.4971
0
0
0
0
0
-151.0819
-168.3856
-182.5793
-197.3669
-219.2026
58.16326
12.75172
-58.01218
-123.2132
-183.3292
0
0
0
0
0
-117.5643
-138.219
-154.0935
-169.0699
-188.8885
69.02753
58.39926
-4.219074
-98.04298
-178.5785
0
0
0
0
0
-89.16018
-112.5106
-130.0937
-145.1628
-163.2055
74.67518
71.16557
53.15333
-40.93535
-152.9451
0
0
0
0
0
-64.04682
-90.88134
-109.6672
-124.9001
-141.2817
80.05119
77.09414
70.85801
40.83813
-86.57033
0
0
0
0
0
-40.33836
-71.2407
-92.08744
-107.1541
-122.1212
85.02173
82.60199
77.23161
68.05106
23.56521
0
0
0
0
0
-16.17682
-52.67435
-76.07566
-91.56312
-105.1598
89.60677
87.67498
83.1025
75.08936
67.77178
0
0
0
0
0
11.35691
-33.68157
-60.87862
-77.68391
-90.03637
93.76544
92.3444
88.49609
81.55291
75.82102
0
0
0
0
0
47.45592
-11.7753
-45.25638
-64.2759
-76.7549
97.5063
96.57872
93.46468
87.4786
83.20278
0
0
0
0
0
107.8231
17.60618
-27.02755
-50.42966
-63.73845
100.9496
100.3815
97.96527
92.94929
89.97643
0
0
0
0
0
214.8855
68.90169
-2.060453
-34.12207
-50.22552
104.0103
103.8765
102.01
97.89163
96.24484
0
0
0
0
0
437.0959
162.8542
43.13845
-11.45095
-34.21116
106.6578
106.9691
105.7288
102.3715
101.9288
0
0
0
0
0
979.0695
364.1431
127.7964
30.40951
-11.83833
108.9349
109.6805
109.0388
106.517
107.1588
0
0
0
0
0
-84.86145
884.0194
312.4974
109.1541
29.20971
110.891
112.0603
112.0547
110.3481
112.1548
0
0
0
0
0
-89.2098
-74.67744
809.1686
295.5694
104.5952
112.6736
114.2837
114.8764
114.0326
117.0352
0
0
0
0
0
-93.4055
-79.56008
-67.64014
753.7259
279.2291
114.3387
116.3422
117.5463
117.5688
121.8017
0
0
0
0
0
-97.45958
-84.32767
-73.10591
-61.88081
714.6605
115.756
118.1777
119.9719
120.8106
126.2362
0
0
0
0
0
-101.4361
-88.98495
-78.43536
-67.60052
-58.11776
116.9585
119.7797
122.1355
123.7833
130.3654
0
0
0
0
0
-105.177
-93.46625
-83.58476
-73.09479
-63.80755
-23.0493
-58.46126
-91.96331
-125.6197
-157.2742
0
0
0
0
0
-188.9047
-203.0383
-215.128
-229.6829
-253.8059
17.41806
-30.65429
-81.80572
-130.2655
-173.0234
0
0
0
0
0
-149.2465
-166.6638
-180.975
-195.8221
-217.6647
57.65494
12.6457
-54.35998
-121.9502
-182.1425
0
0
0
0
0
-115.037
-135.8971
-151.8137
-166.9495
-186.7614
68.31377
57.64262
-4.192579
-96.75582
-176.9352
0
0
0
0
0
-85.68781
-109.6363
-127.3682
-142.5247
-160.5599
73.83889
70.22566
52.14753
-35.40958
-151.7068
0
0
0
0
0
-60.59723
-87.64507
-106.6542
-122.0157
-138.4317
79.3019
76.24258
69.86637
39.72845
-86.61723
0
0
0
0
0
-37.29964
-68.45103
-89.4765
-104.6482
-119.7042
84.4571
81.96919
76.47853
67.12435
22.49002
0
0
0
0
0
-13.77962
-50.46778
-73.99482
-89.80575
-103.2983
89.24039
87.26427
82.61527
74.49062
67.00406
0
0
0
0
0
13.02513
-32.13236
-59.42642
-76.33326
-88.8993
93.58581
92.14859
88.26479
81.26149
75.45706
0
0
0
0
0
48.31371
-10.9548
-44.49008
-63.57167
-76.10283
97.50631
96.57872
93.46468
87.4786
83.20278
0
0
0
0
0
107.8231
17.60618
-27.02755
-50.42966
-63.73845
101.1177
100.5646
98.18065
93.20659
90.30427
0
0
0
0
0
214.2996
68.00358
-2.965842
-34.9451
-50.95932
104.3425
104.2344
102.4192
98.39783
96.8653
0
0
0
0
0
437.9384
161.3971
41.17643
-13.31475
-35.85308
107.1359
107.4979
106.318
103.0694
102.8029
0
0
0
0
0
987.4307
364.9727
125.188
27.25937
-14.69882
109.5334
110.3228
109.7741
107.3719
108.1962
0
0
0
0
0
-85.47735
895.9327
312.6694
105.2907
24.85329
111.5291
112.7552
112.8137
111.2191
113.2069
0
0
0
0
0
-89.80392
-75.47629
824.0362
280.1607
99.93189
113.2171
114.8498
115.4975
114.7484
117.8696
0
0
0
0
0
-93.92958
-80.22223
-68.45487
767.1678
279.3515
114.7356
116.7611
118.0116
118.0647
122.3688
0
0
0
0
0
-97.94152
-84.87371
-73.71689
-62.56353
724.8808
116.0936
118.5484
120.3475
121.2154
126.7007
0
0
0
0
0
-101.8462
-89.42066
-78.91259
-68.09569
-58.63902
117.2411
120.073
122.4394
124.0914
130.6909
0
0
0
0
0
-105.6116
-93.89548
-84.00898
-73.52032
-64.22981
118.0842
121.3687
124.2723
126.6716
134.3626
0
0
0
0
0
-109.136
-98.14097
-88.93536
-78.77458
-69.61394
17.14421
-30.58542
-81.62923
-130.0326
-172.8398
0
0
0
0
0
-147.9799
-165.5014
-179.8888
-194.7908
-216.6424
57.25495
12.51654
-52.33436
-121.1178
-181.3579
0
0
0
0
0
-113.263
-134.2714
-150.2576
-165.4836
-185.3001
67.80391
57.10947
-4.212158
-92.43131
-175.4253
0
0
0
0
0
-83.11215
-107.3616
-125.2366
-140.4191
-158.5449
73.15214
69.46608
51.33208
-35.15465
-150.0181
0
0
0
0
0
-57.40525
-84.43931
-103.9568
-119.4601
-135.9062
78.50005
75.35241
68.81747
38.62239
-79.24368
0
0
0
0
0
-33.64636
-65.18092
-86.37213
-101.779
-116.9222
83.73768
81.16949
75.52377
65.96353
21.2237
0
0
0
0
0
-10.48011
-47.505
-71.25586
-87.28694
-100.88
88.69594
86.66068
81.90304
73.60768
65.87385
0
0
0
0
0
15.64184
-29.74599
-57.22525
-74.30684
-87.19741
93.22235
91.75692
87.80265
80.69082
74.72976
0
0
0
0
0
50.09885
-9.26785
-42.92986
-62.14842
-74.7931
97.33498
96.38678
93.2445
87.20784
82.84986
0
0
0
0
0
108.6655
18.48965
-26.19475
-49.67527
-63.0543
101.1178
100.5646
98.18065
93.20659
90.30427
0
0
0
0
0
214.2996
68.00358
-2.965842
-34.9451
-50.95932
104.5079
104.4141
102.6247
98.64883
97.17618
0
0
0
0
0
438.3004
160.6956
40.23505
-14.21542
-36.65495
107.4711
107.8528
106.7194
103.5459
103.4116
0
0
0
0
0
992.1466
365.3736
123.5476
25.28189
-16.5188
110.0003
110.8332
110.3657
108.0565
109.0345
0
0
0
0
0
-85.99414
903.4145
312.9451
102.5557
21.76274
112.1331
113.3925
113.528
112.0651
114.2248
0
0
0
0
0
-90.32839
-76.22051
834.9589
279.873
96.09386
113.8491
115.5261
116.2598
115.6065
118.8902
0
0
0
0
0
-94.47061
-80.93464
-69.35153
781.1758
264.2271
115.2635
117.3352
118.6277
118.7585
123.1981
0
0
0
0
0
-98.43833
-85.47986
-74.44872
-63.39314
737.7824
116.4992
118.9651
120.7956
121.7221
127.2624
0
0
0
0
0
-102.2933
-89.93896
-79.4934
-68.71045
-59.30444
117.5734
120.425
122.8286
124.4887
131.1368
0
0
0
0
0
-106.0156
-94.31942
-84.45964
-73.99372
-64.71076
118.3694
121.6613
124.5727
126.9799
134.6874
0
0
0
0
0
-109.5634
-98.56123
-89.35702
-79.18481
-70.02358
118.8683
122.5735
126.0618
129.1746
137.8885
0
0
0
0
0
-112.9145
-102.5578
-94.02779
-84.21212
-75.17257
56.9338
12.24092
-52.21056
-120.8663
-181.0683
0
0
0
0
0
-112.0331
-133.149
-149.2042
-164.4863
-184.3222
67.39858
56.69245
-4.279237
-89.95942
-174.4121
0
0
0
0
0
-81.33423
-105.7694
-123.7481
-138.9863
-157.1541
72.64557
68.92585
50.76714
-35.00273
-144.7776
0
0
0
0
0
-54.83887
-82.08831
-101.8463
-117.4773
-133.8996
77.82974
74.62292
67.97347
37.74111
-78.62226
0
0
0
0
0
-30.25657
-62.19656
-83.33874
-99.23378
-114.4704
82.9606
80.31679
74.53437
64.75002
20.00645
0
0
0
0
0
-6.483916
-44.00412
-68.09192
-84.31612
-98.10889
87.99657
85.89334
81.00776
72.49635
64.46535
0
0
0
0
0
19.29365
-26.49868
-54.29975
-71.65448
-84.76251
92.69981
91.17523
87.12422
79.85749
73.65873
0
0
0
0
0
52.93309
-6.636075
-40.53912
-59.99773
-72.82993
96.99354
95.9986
92.80435
86.66733
82.15848
0
0
0
0
0
110.4262
20.32357
-24.48682
-48.14158
-61.6724
100.9497
100.3815
97.96526
92.9493
89.97643
0
0
0
0
0
214.8855
68.90169
-2.060453
-34.12207
-50.22552
104.5079
104.4141
102.6247
98.64883
97.17618
0
0
0
0
0
438.3004
160.6956
40.23505
-14.21542
-36.65495
107.6414
108.0296
106.9211
103.7855
103.7139
0
0
0
0
0
994.2552
365.5309
122.7591
24.33268
-17.39854
110.315
111.1912
110.7636
108.5239
109.6081
0
0
0
0
0
-86.36954
907.6165
313.0149
100.838
19.82201
112.5998
113.891
114.0994
112.7516
115.0467
0
0
0
0
0
-90.77818
-76.84355
841.7821
279.834
93.37389
114.435
116.169
116.9682
116.4285
119.8967
0
0
0
0
0
-94.95554
-81.58751
-70.19987
791.4208
263.7857
115.9026
118.0049
119.3696
119.6193
124.2029
0
0
0
0
0
-98.92561
-86.13346
-75.2563
-64.31662
751.2435
117.0231
119.5228
121.42
122.41
128.0663
0
0
0
0
0
-102.7585
-90.51132
-80.16633
-69.45902
-60.11708
117.9647
120.8508
123.2742
124.9763
131.71
0
0
0
0
0
-106.4536
-94.8019
-85.00929
-74.57729
-65.3103
118.7115
122.0077
124.9418
127.3918
135.1246
0
0
0
0
0
-109.9556
-98.97604
-89.79435
-79.63145
-70.48318
119.1538
122.869
126.3616
129.4792
138.2134
0
0
0
0
0
-113.3367
-102.9705
-94.4405
-84.61903
-75.56741
119.3575
123.4129
127.4218
131.2726
140.9455
0
0
0
0
0
-116.4551
-106.7646
-98.83592
-89.38617
-80.49382
67.09608
56.35754
-4.5385
-89.73944
-174.0686
0
0
0
0
0
-80.1146
-104.669
-122.7209
-138.014
-156.206
72.24583
68.49953
50.3322
-34.94656
-141.6941
0
0
0
0
0
-53.03086
-80.47279
-100.3731
-116.096
-132.5367
77.34914
74.08736
67.38032
37.14793
-78.19678
0
0
0
0
0
-27.53638
-59.82573
-81.13451
-97.25743
-112.5764
82.32731
79.60561
73.72801
63.77907
19.06142
0
0
0
0
0
-2.761769
-40.79465
-65.23895
-81.43778
-95.66274
87.25914
85.0677
80.06251
71.35835
63.0075
0
0
0
0
0
23.76
-22.62286
-50.88985
-68.61119
-81.89025
92.0428
90.42982
86.26669
78.81746
72.31932
0
0
0
0
0
56.9352
-2.99837
-37.31527
-57.15334
-70.26247
96.49143
95.44063
92.15158
85.87496
81.14989
0
0
0
0
0
113.2481
23.22266
-21.83425
-45.79751
-59.58589
100.6146
100.0168
97.53017
92.43539
89.32262
0
0
0
0
0
216.0979
70.77612
-0.1851625
-32.4362
-48.73439
104.3426
104.2344
102.4192
98.39783
96.86531
0
0
0
0
0
437.9384
161.3971
41.17643
-13.31475
-35.85308
107.6414
108.0296
106.9211
103.7855
103.7139
0
0
0
0
0
994.2552
365.5309
122.7591
24.33268
-17.39854
110.47
111.373
110.962
108.7589
109.8968
0
0
0
0
0
-86.56478
909.49
313.0183
100.0134
18.89032
112.9148
114.2273
114.5005
113.2148
115.6091
0
0
0
0
0
-91.11052
-77.29058
845.5974
279.718
91.66608
114.9082
116.6672
117.5264
117.0924
120.7197
0
0
0
0
0
-95.36652
-82.14258
-70.90915
797.7959
263.6388
116.4825
118.6286
120.0837
120.4342
125.1814
0
0
0
0
0
-99.3632
-86.73922
-76.0118
-65.19638
761.0449
117.644
120.1998
122.1545
123.2479
129.0728
0
0
0
0
0
-103.2166
-91.10588
-80.91006
-70.29438
-61.02469
118.5003
121.4042
123.8807
125.6727
132.5065
0
0
0
0
0
-106.8784
-95.33829
-85.64313
-75.26683
-66.04396
119.1121
122.4185
125.3969
127.8765
135.6761
0
0
0
0
0
-110.3779
-99.44492
-90.30729
-80.18291
-71.05194
119.4907
123.2256
126.7246
129.869
138.6665
0
0
0
0
0
-113.7028
-103.3717
-94.86626
-85.05191
-76.0009
119.6391
123.7085
127.7247
131.5768
141.2667
0
0
0
0
0
-116.8813
-107.172
-99.2406
-89.78434
-80.8852
123.935
128.3695
132.872
143.5102
0
0
0
0
0
-119.7795
-110.7092
-103.4097
-94.26902
-85.55681
71.94714
68.1851
49.9808
-35.16429
-141.3445
0
0
0
0
0
-51.80698
-79.3719
-99.35799
-115.142
-131.6103
76.96025
73.66775
66.92157
36.70138
-77.94926
0
0
0
0
0
-25.62515
-58.16295
-79.62598
-95.88092
-111.2587
81.86808
79.09815
73.14376
63.10779
18.4502
0
0
0
0
0
0.2228704
-38.24629
-62.99647
-79.35937
-93.77061
86.64773
84.39634
79.27905
70.43778
61.84546
0
0
0
0
0
27.93517
-19.04973
-47.79599
-65.88777
-79.12018
91.33504
89.64677
85.35368
77.7342
70.9616
0
0
0
0
0
61.88246
1.397746
-33.51217
-53.85907
-67.3168
95.85399
94.74059
91.32025
84.88113
79.89899
0
0
0
0
0
117.2735
27.28722
-18.1963
-42.65016
-56.82872
100.1217
99.48067
96.90495
91.67462
88.36549
0
0
0
0
0
218.0114
73.7723
2.768323
-29.82327
-46.45692
104.0103
103.8765
102.0101
97.89163
96.24486
0
0
0
0
0
437.0959
162.8542
43.13845
-11.45095
-34.21116
107.4711
107.8528
106.7195
103.546
103.4116
0
0
0
0
0
992.1466
365.3736
123.5476
25.28189
-16.5188
110.47
111.373
110.962
108.7589
109.8968
0
0
0
0
0
-86.56478
909.49
313.0183
100.0134
18.89032
113.0731
114.393
114.7042
113.446
115.8922
0
0
0
0
0
-91.28545
-77.52154
847.2934
279.6358
90.84643
115.2236
117.0038
117.9038
117.5586
121.2768
0
0
0
0
0
-95.66795
-82.54553
-71.41453
801.3508
263.4603
116.934
119.1337
120.6415
121.083
125.9782
0
0
0
0
0
-99.73763
-87.25017
-76.65125
-65.93161
767.1252
118.2318
120.8171
122.8477
124.0684
130.0423
0
0
0
0
0
-103.6046
-91.6587
-81.61203
-71.0829
-61.89107
119.1184
122.0621
124.6228
126.5019
133.4866
0
0
0
0
0
-107.2995
-95.89678
-86.32343
-76.0373
-66.86537
119.635
122.9841
125.9986
128.5531
136.4813
0
0
0
0
0
-110.784
-99.93784
-90.9016
-80.83166
-71.72799
119.875
123.6462
127.1636
130.3637
139.2144
0
0
0
0
0
-114.1098
-103.8217
-95.36195
-85.5671
-76.53812
119.9725
124.0598
128.0988
131.9599
141.695
0
0
0
0
0
-117.2587
-107.549
-99.65137
-90.20476
-81.30517
124.2268
128.6724
133.1798
143.831
0
0
0
0
0
-120.2033
-111.1202
-103.8091
-94.65915
-85.93978
128.9544
133.9868
145.4722
0
0
0
0
0
-122.8936
-114.4064
-107.7014
-98.91082
-90.3343
76.65844
73.35772
66.59571
36.33284
-78.10524
0
0
0
0
0
-24.36568
-57.04794
-78.60363
-94.93343
-110.3478
81.48718
78.69044
72.69485
62.60339
17.99844
0
0
0
0
0
2.314975
-36.46381
-61.43013
-77.94119
-92.45443
86.18833
83.91199
78.72737
69.78299
61.05252
0
0
0
0
0
31.27826
-16.21131
-45.36177
-63.76118
-77.12567
90.73623
88.99912
84.61571
76.84402
69.86987
0
0
0
0
0
66.52032
5.472662
-30.03649
-50.88907
-64.69067
95.16376
93.98959
90.45575
83.8384
78.61158
0
0
0
0
0
122.2693
32.26365
-13.84226
-38.95754
-53.63718
99.49448
98.80181
96.12499
90.71387
87.17323
0
0
0
0
0
220.7126
78.02549
6.884491
-26.2526
-43.40172
103.5149
103.3503
101.4097
97.16447
95.32814
0
0
0
0
0
435.5241
165.1664
46.26663
-8.520193
-31.6678
107.1359
107.4979
106.318
103.0695
102.8029
0
0
0
0
0
987.4307
364.9727
125.188
27.25937
-14.69882
110.315
111.1912
110.7636
108.5239
109.6082
0
0
0
0
0
-86.36954
907.6165
313.0149
100.838
19.82201
113.0731
114.393
114.7042
113.446
115.8922
0
0
0
0
0
-91.28545
-77.52154
847.2934
279.6358
90.84643
115.3803
117.173
118.0901
117.7955
121.5553
0
0
0
0
0
-95.8231
-82.75553
-71.67464
802.9285
263.3498
117.2407
119.4706
121.0191
121.5227
126.538
0
0
0
0
0
-100.0153
-87.61928
-77.11105
-66.45394
770.5103
118.6829
121.2993
123.4124
124.7162
130.8211
0
0
0
0
0
-103.9415
-92.12827
-82.20283
-71.74915
-62.61499
119.6897
122.6877
125.3088
127.2989
134.4612
0
0
0
0
0
-107.6639
-96.39573
-86.96785
-76.77034
-67.64289
120.2639
123.639
126.72
129.39
137.4508
0
0
0
0
0
-111.1672
-100.4538
-91.54024
-81.53798
-72.48579
120.4061
124.1985
127.7784
131.0347
139.9971
0
0
0
0
0
-114.5044
-104.2913
-95.91026
-86.17554
-77.17393
120.3578
124.4632
128.5481
132.4369
142.2533
0
0
0
0
0
-117.656
-107.9833
-100.1257
-90.70135
-81.80726
124.5745
129.0407
133.5751
144.2518
0
0
0
0
0
-120.5794
-111.5065
-104.1972
-95.06427
-86.34736
129.2538
134.2944
145.7974
0
0
0
0
0
-123.3128
-114.8159
-108.104
-99.29579
-90.70944
134.6677
146.8393
0
0
0
0
0
-125.724
-117.8582
-111.7196
-103.2671
-94.87521
81.18475
78.37728
72.37495
62.26645
17.60084
0
0
0
0
0
3.637268
-35.30327
-60.38739
-76.9825
-91.54796
85.81698
83.51313
78.29278
69.29392
60.47228
0
0
0
0
0
33.61018
-14.23075
-43.66579
-62.27992
-75.76668
90.30408
88.51505
84.09089
76.22881
69.10579
0
0
0
0
0
70.22632
8.709209
-27.29715
-48.56519
-62.6462
94.59159
93.35586
89.74546
83.00247
77.56143
0
0
0
0
0
126.9407
36.89653
-9.834694
-35.60018
-50.76864
98.8126
98.06992
95.29754
89.72873
85.93863
0
0
0
0
0
224.0183
83.26985
11.88457
-21.99847
-39.82013
102.8936
102.6824
100.6543
96.26421
94.17923
0
0
0
0
0
433.4627
168.4354
50.68798
-4.446462
-28.19535
106.6578
106.9691
105.7288
102.3716
101.9288
0
0
0
0
0
979.0695
364.1431
127.7964
30.4095
-11.83833
110.0003
110.8332
110.3657
108.0565
109.0346
0
0
0
0
0
-85.99414
903.4145
312.9451
102.5557
21.76273
112.9148
114.2273
114.5005
113.2148
115.6092
0
0
0
0
0
-91.11052
-77.29059
845.5974
279.718
91.66608
115.3803
117.173
118.0901
117.7955
121.5553
0
0
0
0
0
-95.8231
-82.75553
-71.67464
802.9285
263.3498
117.3949
119.6381
121.209
121.7402
126.8225
0
0
0
0
0
-100.162
-87.80872
-77.34938
-66.72234
772.0115
118.9837
121.627
123.7902
125.156
131.3505
0
0
0
0
0
-104.1952
-92.47015
-82.62628
-72.22632
-63.12882
120.1486
123.1692
125.8487
127.9537
135.2383
0
0
0
0
0
-107.9683
-96.82389
-87.51326
-77.38681
-68.29957
120.833
124.2472
127.4144
130.1786
138.3982
0
0
0
0
0
-111.5009
-100.9221
-92.12722
-82.21252
-73.20859
121.0218
124.8647
128.4963
131.8484
140.9742
0
0
0
0
0
-114.8648
-104.7658
-96.50189
-86.83845
-77.86907
120.8913
125.024
129.1485
133.1219
143.0291
0
0
0
0
0
-118.0334
-108.4392
-100.6469
-91.26366
-82.40361
124.9789
129.4715
134.0631
144.7904
0
0
0
0
0
-120.9779
-111.9307
-104.6554
-95.53882
-86.83094
129.6185
134.6832
146.2319
0
0
0
0
0
-123.6686
-115.2008
-108.4996
-99.67946
-91.10204
134.9725
147.1642
0
0
0
0
0
-126.1488
-118.264
-112.1216
-103.6549
-95.24533
147.6668
0
0
0
0
0
-128.2827
-120.9973
-115.4635
-107.3435
-99.13726
85.53012
83.19947
77.97
68.96561
60.10854
0
0
0
0
0
35.01306
-12.99624
-42.5712
-61.29745
-74.84789
89.95045
88.12655
83.66717
75.75793
68.5497
0
0
0
0
0
72.78596
10.9571
-25.39303
-46.95032
-61.22387
94.17569
92.90096
89.22238
82.41996
76.84709
0
0
0
0
0
130.655
40.57246
-6.67251
-32.96629
-48.52955
98.25358
97.46482
94.60433
88.92673
84.95536
0
0
0
0
0
227.2988
88.14757
16.51345
-18.09835
-36.57148
102.2319
101.9597
99.84953
95.324
93.01538
0
0
0
0
0
446.4472
172.433
56.1094
0.4836607
-24.06254
106.0546
106.3076
104.9862
101.5013
100.8536
0
0
0
0
0
965.821
363.1661
131.4813
34.85392
-7.865641
109.5334
110.3228
109.7741
107.372
108.1963
0
0
0
0
0
-85.47736
895.9327
312.6694
105.2907
24.85329
112.5998
113.891
114.0994
112.7516
115.0467
0
0
0
0
0
-90.77818
-76.84356
841.7821
279.834
93.37389
115.2236
117.0038
117.9038
117.5586
121.2768
0
0
0
0
0
-95.66795
-82.54553
-71.41453
801.3508
263.4603
117.3949
119.6381
121.209
121.7402
126.8225
0
0
0
0
0
-100.162
-87.80872
-77.34938
-66.72234
772.0115
119.1325
121.7919
123.9781
125.3774
131.6129
0
0
0
0
0
-104.3292
-92.64883
-82.84329
-72.47308
-63.39273
120.4559
123.4907
126.2164
128.3934
135.7674
0
0
0
0
0
-108.1882
-97.13868
-87.90659
-77.82721
-68.76936
121.2754
124.7368
127.9533
130.8058
139.1823
0
0
0
0
0
-111.7886
-101.3138
-92.62807
-82.78269
-73.8164
121.6056
125.4703
129.1718
132.6456
141.9115
0
0
0
0
0
-115.179
-105.2
-97.05248
-87.45515
-78.53462
121.5073
125.6763
129.8784
133.9317
143.9799
0
0
0
0
0
-118.3927
-108.8892
-101.1941
-91.87849
-83.05596
125.5424
130.0808
134.7321
145.5815
0
0
0
0
0
-121.3443
-112.3691
-105.161
-96.0729
-87.38238
130.0506
135.1509
146.7823
0
0
0
0
0
-124.0632
-115.6252
-108.9474
-100.1381
-91.56397
135.3577
147.5913
0
0
0
0
0
-126.5171
-118.6304
-112.5158
-104.0452
-95.61746
147.9896
0
0
0
0
0
-128.7083
-121.4081
-115.8623
-107.7312
-99.51006
0
0
0
0
0
-130.5928
-123.8316
-118.8699
-111.1379
-103.125
89.66282
87.82942
83.34432
75.42724
68.19891
0
0
0
0
0
74.24804
12.29015
-24.21747
-45.91297
-60.28063
93.83052
92.53143
88.81073
81.96323
76.31487
0
0
0
0
0
133.2077
43.10268
-4.483835
-31.13993
-46.97524
97.83807
97.02746
94.11416
88.34856
84.28225
0
0
0
0
0
235.4312
92.00058
20.16603
-15.03229
-34.02765
101.673
101.3687
99.189
94.54424
92.07524
0
0
0
0
0
443.3495
176.335
61.1316
5.034457
-20.28016
105.4023
105.6063
104.1923
100.5896
99.74619
0
0
0
0
0
947.9603
377.4424
135.9769
40.2889
-3.064057
108.9349
109.6805
109.0388
106.5171
107.159
0
0
0
0
0
-84.86145
884.0194
312.4974
109.1541
29.2097
112.1331
113.3925
113.528
112.0651
114.2248
0
0
0
0
0
-90.3284
-76.22051
834.9589
279.873
96.09386
114.9082
116.6672
117.5264
117.0924
120.7197
0
0
0
0
0
-95.36652
-82.14259
-70.90916
797.7959
263.6388
117.2407
119.4706
121.0191
121.5227
126.538
0
0
0
0
0
-100.0153
-87.61929
-77.11106
-66.45394
770.5103
119.1325
121.7919
123.9781
125.3774
131.6129
0
0
0
0
0
-104.3292
-92.64883
-82.84329
-72.47308
-63.39273
120.6043
123.6499
126.4015
128.6125
136.0342
0
0
0
0
0
-108.3076
-97.30301
-88.11096
-78.05279
-69.01214
121.5775
125.0651
128.314
131.2341
139.7107
0
0
0
0
0
-112.0064
-101.5937
-92.99173
-83.19227
-74.25024
122.074
125.9427
129.7192
133.2713
142.6641
0
0
0
0
0
-115.4524
-105.5718
-97.51355
-87.98025
-79.09708
122.0899
126.2974
130.5508
134.7077
144.9256
0
0
0
0
0
-118.6906
-109.3023
-101.7077
-92.45689
-83.6651
126.1951
130.7958
135.5547
146.5275
0
0
0
0
0
-121.6942
-112.8154
-105.6824
-96.64284
-87.98762
130.6631
135.8295
147.5554
0
0
0
0
0
-124.436
-116.0523
-109.4354
-100.6561
-92.08757
135.8272
148.1192
0
0
0
0
0
-126.8957
-119.0504
-112.9629
-104.4936
-96.06393
148.4129
0
0
0
0
0
-129.0807
-121.7855
-116.2394
-108.12
-99.88829
0
0
0
0
0
-131.0139
-124.2432
-119.2733
-111.5227
-103.4977
0
0
0
0
-132.5677
-126.3844
-121.9434
-114.5906
-106.8358
93.54598
92.23357
88.50608
81.63319
75.96252
0
0
0
0
0
134.5817
44.52803
-3.197874
-30.01841
-45.97725
97.47524
96.66713
93.72396
87.90661
83.76901
0
0
0
0
0
240.6599
94.63808
22.67385
-12.9147
-32.26535
101.258
100.932
98.71911
94.00469
91.41047
0
0
0
0
0
440.3708
184.7151
65.08013
8.615005
-17.31071
104.8454
105.0157
103.548
99.84878
98.83605
0
0
0
0
0
930.8984
375.6386
140.3257
45.31485
1.36322
108.2791
108.9891
108.2686
105.6191
106.0888
0
0
0
0
0
-84.18174
867.8869
327.6259
113.8606
34.5283
111.5291
112.7552
112.8137
111.2192
113.207
0
0
0
0
0
-89.80392
-75.4763
824.0361
280.1607
99.93188
114.435
116.169
116.9682
116.4285
119.8967
0
0
0
0
0
-94.95554
-81.58751
-70.19988
791.4208
263.7857
116.934
119.1337
120.6415
121.083
125.9782
0
0
0
0
0
-99.73763
-87.25017
-76.65125
-65.93162
767.1252
118.9837
121.627
123.7902
125.156
131.3505
0
0
0
0
0
-104.1952
-92.47015
-82.62628
-72.22632
-63.12883
120.6043
123.6499
126.4015
128.6125
136.0342
0
0
0
0
0
-108.3076
-97.30301
-88.11096
-78.05279
-69.01214
121.7274
125.2238
128.4929
131.4499
139.9746
0
0
0
0
0
-112.1222
-101.7427
-93.18042
-83.40456
-74.47242
122.3803
126.2654
130.087
133.6915
143.1793
0
0
0
0
0
-115.6612
-105.8465
-97.84135
-88.35958
-79.50069
122.5506
126.7971
131.0795
135.3423
145.6759
0
0
0
0
0
-118.9425
-109.6586
-102.1462
-92.94153
-84.18354
126.8144
131.4844
136.3269
147.4491
0
0
0
0
0
-121.9913
-113.2114
-106.1736
-97.18375
-88.5589
131.3787
136.6357
148.5148
0
0
0
0
0
-124.7637
-116.488
-109.9508
-101.2002
-92.64901
136.5096
148.9024
0
0
0
0
0
-127.2633
-119.4816
-113.4392
-104.9942
-96.57174
148.9427
0
0
0
0
0
-129.4711
-122.1903
-116.6818
-108.5673
-100.3249
0
0
0
0
0
-131.3684
-124.6239
-119.6601
-111.8956
-103.8746
0
0
0
0
-132.995
-126.7917
-122.3478
-114.9797
-107.2059
0
0
0
-134.2242
-128.5703
-124.7074
-117.7048
-110.2128
97.19122
96.37265
93.4188
87.59713
83.41842
0
0
0
0
0
241.5857
96.04029
24.07494
-11.67709
-31.18384
100.9108
100.5532
98.33975
93.58797
90.91592
0
0
0
0
0
438.3439
190.1542
67.77582
11.06947
-15.26135
104.438
104.5796
103.0795
99.33381
98.21807
0
0
0
0
0
917.4514
373.6822
148.8482
49.2576
4.843425
107.7392
108.4006
107.6251
104.8977
105.2267
0
0
0
0
0
-83.52086
852.444
326.7718
118.3997
39.44477
110.891
112.0604
112.0547
110.3481
112.1548
0
0
0
0
0
-89.20981
-74.67745
809.1686
295.5694
104.5952
113.8491
115.5261
116.2598
115.6065
118.8903
0
0
0
0
0
-94.47061
-80.93464
-69.35154
781.1758
264.2271
116.4825
118.6286
120.0837
120.4343
125.1814
0
0
0
0
0
-99.3632
-86.73922
-76.0118
-65.19639
761.0449
118.6829
121.2993
123.4124
124.7162
130.8211
0
0
0
0
0
-103.9415
-92.12827
-82.20283
-71.74915
-62.615
120.4559
123.4907
126.2164
128.3934
135.7674
0
0
0
0
0
-108.1882
-97.13869
-87.90659
-77.82722
-68.76936
121.7274
125.2238
128.4929
131.4499
139.9746
0
0
0
0
0
-112.1222
-101.7427
-93.18042
-83.40456
-74.47242
122.5275
126.4257
130.2653
133.9001
143.4393
0
0
0
0
0
-115.7726
-105.9908
-98.0141
-88.55591
-79.70974
122.8637
127.1243
131.4412
135.7699
146.1814
0
0
0
0
0
-119.1414
-109.9235
-102.4664
-93.28539
-84.55752
127.306
132.0425
136.9406
148.2086
0
0
0
0
0
-122.2452
-113.5465
-106.5956
-97.64512
-89.03774
132.0643
137.4249
149.4317
0
0
0
0
0
-125.0463
-116.8808
-110.4243
-101.7186
-93.18364
137.3169
149.8436
0
0
0
0
0
-127.5962
-119.8954
-113.943
-105.5314
-97.108
149.7307
0
0
0
0
0
-129.82
-122.6158
-117.1605
-109.0563
-100.8159
0
0
0
0
0
-131.7571
-125.0387
-120.0881
-112.338
-104.31
0
0
0
0
-133.3648
-127.1558
-122.7371
-115.3615
-107.5676
0
0
0
-134.6527
-128.9834
-125.1074
-118.0949
-110.5871
0
0
-135.5679
-130.4047
-127.0768
-120.5033
-113.2586
100.6309
100.2593
98.03855
93.27833
90.58918
0
0
0
0
0
437.1711
191.2294
69.19996
12.43427
-14.06435
104.0911
104.2174
102.6807
98.93051
97.75417
0
0
0
0
0
908.4697
372.3396
154.418
51.94519
7.227997
107.3346
107.9726
107.1577
104.3854
104.6395
0
0
0
0
0
-82.91641
840.2486
325.5644
126.8868
43.30004
110.3552
111.4899
111.414
109.6285
111.3168
0
0
0
0
0
-88.63285
-73.93299
794.9098
295.2638
109.0955
113.2171
114.8498
115.4975
114.7484
117.8697
0
0
0
0
0
-93.92959
-80.22223
-68.45488
767.1678
279.3515
115.9025
118.0049
119.3696
119.6193
124.2029
0
0
0
0
0
-98.92562
-86.13347
-75.2563
-64.31663
751.2435
118.2318
120.8171
122.8477
124.0684
130.0423
0
0
0
0
0
-103.6046
-91.65871
-81.61203
-71.0829
-61.89108
120.1486
123.1692
125.8487
127.9537
135.2383
0
0
0
0
0
-107.9683
-96.8239
-87.51326
-77.38681
-68.29957
121.5775
125.0651
128.314
131.2341
139.7107
0
0
0
0
0
-112.0064
-101.5937
-92.99173
-83.19227
-74.25024
122.5275
126.4257
130.2653
133.9001
143.4393
0
0
0
0
0
-115.7726
-105.9908
-98.0141
-88.55592
-79.70974
123.0109
127.2818
131.6212
135.9778
146.433
0
0
0
0
0
-119.2493
-110.0629
-102.6334
-93.46584
-84.75096
127.6406
132.4094
137.3614
148.722
0
0
0
0
0
-122.43
-113.8013
-106.9051
-97.98033
-89.37731
132.6134
138.071
150.1676
0
0
0
0
0
-125.2951
-117.2158
-110.8253
-102.1632
-93.63961
138.1009
150.7789
0
0
0
0
0
-127.8574
-120.2733
-114.4114
-106.0322
-97.62068
150.6737
0
0
0
0
0
-130.1457
-123.0327
-117.6425
-109.5818
-101.3452
0
0
0
0
0
-132.1167
-125.4463
-120.5606
-112.8286
-104.7897
0
0
0
0
-133.737
-127.5686
-123.1736
-115.7903
-107.9982
0
0
0
-135.0284
-129.3607
-125.4814
-118.4788
-110.9571
0
0
-135.995
-130.8191
-127.4825
-120.8892
-113.6337
0
-136.4565
-131.8843
-129.0659
-122.9035
-115.9951
103.804
103.9278
102.3803
98.62576
97.42783
0
0
0
0
0
903.8228
371.5115
155.6041
53.35995
8.553312
106.9725
107.6107
106.777
103.9616
104.1929
0
0
0
0
0
-82.4093
832.0982
324.7237
132.457
45.92711
109.9412
111.0649
110.9555
109.1182
110.7344
0
0
0
0
0
-88.10465
-73.28799
783.6241
294.4941
117.3834
112.6736
114.2837
114.8764
114.0326
117.0352
0
0
0
0
0
-93.4055
-79.56008
-67.64014
753.7259
279.2291
115.2635
117.3352
118.6277
118.7585
123.1981
0
0
0
0
0
-98.43833
-85.47987
-74.44873
-63.39315
737.7824
117.644
120.1998
122.1545
123.2479
129.0728
0
0
0
0
0
-103.2166
-91.10588
-80.91006
-70.29438
-61.0247
119.6897
122.6877
125.3088
127.2989
134.4612
0
0
0
0
0
-107.6639
-96.39574
-86.96785
-76.77034
-67.64289
121.2754
124.7368
127.9533
130.8058
139.1823
0
0
0
0
0
-111.7886
-101.3138
-92.62808
-82.7827
-73.81641
122.3803
126.2654
130.087
133.6915
143.1793
0
0
0
0
0
-115.6612
-105.8465
-97.84135
-88.35959
-79.50069
123.0109
127.2818
131.6212
135.9778
146.433
0
0
0
0
0
-119.2493
-110.0629
-102.6334
-93.46584
-84.75096
127.7984
132.5865
137.5712
148.9725
0
0
0
0
0
-122.5264
-113.9368
-107.0669
-98.15471
-89.55531
132.9889
138.4979
150.6733
0
0
0
0
0
-125.4883
-117.4568
-111.1244
-102.4877
-93.97044
138.7367
151.5514
0
0
0
0
0
-128.0944
-120.6018
-114.8105
-106.4565
-98.06035
151.6011
0
0
0
0
0
-130.4127
-123.3898
-118.0955
-110.0766
-101.8407
0
0
0
0
0
-132.4223
-125.855
-121.0439
-113.3329
-105.3075
0
0
0
0
-134.093
-127.9849
-123.6288
-116.2746
-108.4792
0
0
0
-135.4162
-129.7578
-125.9155
-118.9151
-111.3747
0
0
-136.3617
-131.2014
-127.8678
-121.2586
-114.0057
0
-136.886
-132.2978
-129.4728
-123.2947
-116.3661
-137.0525
-132.8689
-130.6639
-124.9187
-118.3424
106.6807
107.3136
106.4813
103.6579
103.8727
0
0
0
0
0
-81.91331
827.8447
324.1511
133.6899
47.30973
109.5922
110.6869
110.5752
108.7146
110.2659
0
0
0
0
0
-87.64384
-72.76367
776.0736
293.9471
122.8334
112.2747
113.8489
114.4214
113.5325
116.456
0
0
0
0
0
-92.90002
-78.98735
-66.95855
743.0727
278.6152
114.7356
116.7611
118.0116
118.0647
122.3688
0
0
0
0
0
-97.94153
-84.87372
-73.71689
-62.56354
724.8808
117.0231
119.5228
121.42
122.41
128.0663
0
0
0
0
0
-102.7585
-90.51133
-80.16633
-69.45903
-60.11709
119.1184
122.0621
124.6228
126.5019
133.4866
0
0
0
0
0
-107.2995
-95.89678
-86.32343
-76.0373
-66.86538
120.833
124.2472
127.4144
130.1786
138.3982
0
0
0
0
0
-111.5009
-100.9221
-92.12723
-82.21252
-73.20859
122.074
125.9427
129.7192
133.2713
142.6641
0
0
0
0
0
-115.4525
-105.5718
-97.51354
-87.98026
-79.09709
122.8637
127.1243
131.4412
135.7699
146.1814
0
0
0
0
0
-119.1414
-109.9235
-102.4664
-93.28538
-84.55753
127.7984
132.5865
137.5712
148.9725
0
0
0
0
0
-122.5264
-113.9368
-107.0669
-98.15472
-89.55531
133.1673
138.705
150.9258
0
0
0
0
0
-125.5948
-117.5817
-111.2821
-102.6569
-94.14243
139.1741
152.0644
0
0
0
0
0
-128.2809
-120.8486
-115.0962
-106.7707
-98.3807
152.3615
0
0
0
0
0
-130.6293
-123.7065
-118.4869
-110.4983
-102.2607
0
0
0
0
0
-132.684
-126.2157
-121.4765
-113.8124
-105.797
0
0
0
0
-134.4081
-128.3744
-124.1033
-116.7793
-108.9765
0
0
0
-135.7545
-130.17
-126.3779
-119.3828
-111.8495
0
0
-136.7334
-131.6125
-128.2869
-121.6926
-114.4303
0
-137.26
-132.6725
-129.8627
-123.6744
-116.7243
-137.4727
-133.2847
-131.0703
-125.3111
-118.7186
-133.5195
-131.7321
-126.5349
-120.3133
109.3049
110.3848
110.2711
108.4161
109.9472
0
0
0
0
0
-87.17123
-72.28215
772.0961
293.5236
124.0576
111.9315
113.4849
114.024
113.1294
116.0108
0
0
0
0
0
-92.45717
-78.50696
-66.4168
735.9376
278.1746
114.3387
116.3422
117.5463
117.5688
121.8017
0
0
0
0
0
-97.45959
-84.32767
-73.10592
-61.88081
714.6605
116.4992
118.9651
120.7956
121.7221
127.2624
0
0
0
0
0
-102.2933
-89.93896
-79.4934
-68.71045
-59.30445
118.5003
121.4042
123.8807
125.6727
132.5065
0
0
0
0
0
-106.8784
-95.3383
-85.64313
-75.26684
-66.04396
120.2639
123.639
126.72
129.39
137.4508
0
0
0
0
0
-111.1672
-100.4538
-91.54025
-81.53799
-72.48579
121.6056
125.4703
129.1718
132.6456
141.9115
0
0
0
0
0
-115.179
-105.2
-97.05248
-87.45515
-78.53463
122.5506
126.7971
131.0795
135.3423
145.6759
0
0
0
0
0
-118.9425
-109.6586
-102.1463
-92.94153
-84.18355
127.6406
132.4094
137.3614
148.722
0
0
0
0
0
-122.43
-113.8013
-106.9051
-97.98034
-89.37731
133.1673
138.705
150.9258
0
0
0
0
0
-125.5948
-117.5817
-111.2821
-102.6569
-94.14243
139.3839
152.3143
0
0
0
0
0
-128.3812
-120.9814
-115.2437
-106.9357
-98.54757
152.8871
0
0
0
0
0
-130.806
-123.9467
-118.7762
-110.7995
-102.5711
0
0
0
0
0
-132.915
-126.5127
-121.8561
-114.2259
-106.2142
0
0
0
0
-134.649
-128.7289
-124.5375
-117.2391
-109.4512
0
0
0
-136.0661
-130.5667
-126.8338
-119.8786
-112.347
0
0
-137.0816
-132.0083
-128.7447
-122.1666
-114.8892
0
-137.6515
-133.0682
-130.2944
-124.094
-117.1466
-137.8345
-133.6658
-131.4536
-125.695
-119.0864
-133.9267
-132.1406
-126.927
-120.6907
-132.4302
-127.6173
-121.8932
111.645
113.1874
113.7145
112.8214
115.6977
0
0
0
0
0
-91.99912
-78.0474
-65.94198
732.1441
277.8065
113.9834
115.9844
117.164
117.1474
121.3572
0
0
0
0
0
-97.03964
-83.86706
-72.60726
-61.34411
707.8146
116.0936
118.5484
120.3475
121.2154
126.7007
0
0
0
0
0
-101.8462
-89.42066
-78.91259
-68.0957
-58.63902
117.9647
120.8508
123.2742
124.9763
131.71
0
0
0
0
0
-106.4536
-94.8019
-85.0093
-74.57729
-65.31031
119.635
122.9841
125.9986
128.5531
136.4813
0
0
0
0
0
-110.784
-99.93784
-90.90161
-80.83166
-71.72799
121.0218
124.8647
128.4963
131.8484
140.9742
0
0
0
0
0
-114.8648
-104.7658
-96.50188
-86.83845
-77.86908
122.0899
126.2974
130.5508
134.7077
144.9256
0
0
0
0
0
-118.6906
-109.3023
-101.7077
-92.45688
-83.66511
127.306
132.0425
136.9406
148.2086
0
0
0
0
0
-122.2452
-113.5466
-106.5956
-97.64515
-89.03774
132.9889
138.4979
150.6733
0
0
0
0
0
-125.4883
-117.4568
-111.1244
-102.4877
-93.97046
139.3839
152.3143
0
0
0
0
0
-128.3812
-120.9814
-115.2437
-106.9357
-98.54757
153.1414
0
0
0
0
0
-130.9034
-124.0739
-118.9301
-110.9547
-102.7339
0
0
0
0
0
-133.0941
-126.7432
-122.1389
-114.5296
-106.512
0
0
0
0
-134.8701
-129.0375
-124.8979
-117.6411
-109.8603
0
0
0
-136.3206
-130.9011
-127.2611
-120.3391
-112.8026
0
0
-137.3741
-132.4012
-129.2059
-122.6444
-115.3779
0
-137.989
-133.4724
-130.7369
-124.5633
-117.6114
-138.2094
-134.0793
-131.8707
-126.1263
-119.495
-134.2959
-132.5296
-127.3049
-121.0626
-132.8308
-128.0114
-122.2704
-128.3215
-122.952
113.6968
115.6877
116.8593
116.8332
121.0333
0
0
0
0
0
-96.59713
-83.42142
-72.15385
-60.88493
704.1508
115.756
118.1777
119.9719
120.8106
126.2362
0
0
0
0
0
-101.4361
-88.98495
-78.43536
-67.60053
-58.11776
117.5734
120.425
122.8286
124.4887
131.1368
0
0
0
0
0
-106.0156
-94.31942
-84.45965
-73.99373
-64.71076
119.1121
122.4185
125.3969
127.8765
135.6761
0
0
0
0
0
-110.3779
-99.44492
-90.3073
-80.18291
-71.05195
120.4061
124.1985
127.7784
131.0347
139.9971
0
0
0
0
0
-114.5044
-104.2913
-95.91025
-86.17555
-77.17393
121.5073
125.6763
129.8784
133.9317
143.9799
0
0
0
0
0
-118.3927
-108.8893
-101.1941
-91.87849
-83.05596
126.8144
131.4844
136.3269
147.4491
0
0
0
0
0
-121.9913
-113.2114
-106.1736
-97.18378
-88.55889
132.6134
138.071
150.1676
0
0
0
0
0
-125.2951
-117.2158
-110.8253
-102.1633
-93.63964
139.1741
152.0644
0
0
0
0
0
-128.2809
-120.8486
-115.0962
-106.7707
-98.38072
153.1414
0
0
0
0
0
-130.9034
-124.0739
-118.9301
-110.9547
-102.7339
0
0
0
0
0
-133.1903
-126.8673
-122.2876
-114.6903
-106.6655
0
0
0
0
-135.0472
-129.2693
-125.1711
-117.9384
-110.1602
0
0
0
-136.5262
-131.1997
-127.6309
-120.7226
-113.2006
0
0
-137.6281
-132.747
-129.6137
-123.0979
-115.834
0
-138.2977
-133.8473
-131.194
-125.0454
-118.0828
-138.5386
-134.4733
-132.3202
-126.5811
-119.9551
-134.6934
-132.9628
-127.7223
-121.4822
-133.2082
-128.3946
-122.6366
-128.7082
-123.331
-123.6398
115.4727
117.881
119.6681
120.5016
125.905
0
0
0
0
0
-100.9924
-88.55485
-77.99553
-67.1619
-57.67558
117.2411
120.073
122.4394
124.0914
130.6909
0
0
0
0
0
-105.6116
-93.89548
-84.00898
-73.52032
-64.22981
118.7115
122.0077
124.9418
127.3918
135.1246
0
0
0
0
0
-109.9556
-98.97603
-89.79435
-79.63146
-70.48318
119.875
123.6462
127.1636
130.3637
139.2144
0
0
0
0
0
-114.1098
-103.8217
-95.36194
-85.56711
-76.53813
120.8913
125.024
129.1485
133.1219
143.0291
0
0
0
0
0
-118.0334
-108.4392
-100.647
-91.26366
-82.40361
126.1951
130.7958
135.5547
146.5275
0
0
0
0
0
-121.6942
-112.8154
-105.6824
-96.64287
-87.98761
132.0643
137.4249
149.4317
0
0
0
0
0
-125.0463
-116.8808
-110.4243
-101.7186
-93.18367
138.7367
151.5514
0
0
0
0
0
-128.0944
-120.6018
-114.8105
-106.4565
-98.06038
152.8871
0
0
0
0
0
-130.806
-123.9467
-118.7762
-110.7995
-102.5711
0
0
0
0
0
-133.1903
-126.8673
-122.2876
-114.6903
-106.6655
0
0
0
0
-135.1426
-129.3919
-125.3164
-118.0943
-110.3187
0
0
0
-136.6904
-131.4285
-127.9044
-121.0106
-113.4944
0
0
-137.8527
-133.0308
-129.9734
-123.4895
-116.2141
0
-138.5516
-134.1918
-131.6113
-125.4801
-118.5319
-138.8462
-134.8627
-132.7602
-127.0591
-120.4304
-135.08
-133.4027
-128.1834
-121.9285
-133.6259
-128.8269
-123.0429
-129.0801
-123.7022
-124.0117
116.9585
119.7797
122.1355
123.7833
130.3654
0
0
0
0
0
-105.1769
-93.46625
-83.58476
-73.09479
-63.80755
118.3694
121.6613
124.5727
126.9799
134.6874
0
0
0
0
0
-109.5634
-98.56123
-89.35702
-79.18481
-70.02359
119.4907
123.2256
126.7246
129.869
138.6665
0
0
0
0
0
-113.7028
-103.3717
-94.86626
-85.05191
-76.00091
120.3578
124.4632
128.5481
132.4369
142.2533
0
0
0
0
0
-117.656
-107.9833
-100.1257
-90.70135
-81.80726
125.5424
130.0808
134.7321
145.5815
0
0
0
0
0
-121.3443
-112.3691
-105.1611
-96.07293
-87.38237
131.3787
136.6357
148.5148
0
0
0
0
0
-124.7637
-116.488
-109.9508
-101.2002
-92.64904
138.1009
150.7789
0
0
0
0
0
-127.8574
-120.2733
-114.4114
-106.0322
-97.62072
152.3615
0
0
0
0
0
-130.6293
-123.7065
-118.4869
-110.4983
-102.2607
0
0
0
0
0
-133.0941
-126.7432
-122.1389
-114.5296
-106.512
0
0
0
0
-135.1426
-129.3919
-125.3164
-118.0943
-110.3187
0
0
0
-136.7843
-131.5496
-128.048
-121.1631
-113.6482
0
0
-138.0246
-133.2474
-130.2432
-123.7773
-116.4989
0
-138.7658
-134.4924
-131.9567
-125.8617
-118.9195
-139.1227
-135.2078
-133.1758
-127.5022
-120.8614
-135.4688
-133.8558
-128.6452
-122.3997
-134.059
-129.2789
-123.4951
-129.4975
-124.1227
-124.3721
118.0842
121.3687
124.2723
126.6716
134.3626
0
0
0
0
0
-109.136
-98.14097
-88.93536
-78.77458
-69.61394
119.1538
122.869
126.3616
129.4792
138.2134
0
0
0
0
0
-113.3367
-102.9705
-94.4405
-84.61903
-75.56741
119.9725
124.0598
128.0988
131.9599
141.695
0
0
0
0
0
-117.2587
-107.5491
-99.6514
-90.20475
-81.30518
124.9789
129.4715
134.0631
144.7904
0
0
0
0
0
-120.9779
-111.9307
-104.6554
-95.53885
-86.83094
130.6631
135.8295
147.5554
0
0
0
0
0
-124.436
-116.0523
-109.4354
-100.6561
-92.0876
137.3169
149.8436
0
0
0
0
0
-127.5962
-119.8954
-113.943
-105.5315
-97.10804
151.6011
0
0
0
0
0
-130.4127
-123.3898
-118.0955
-110.0766
-101.8407
0
0
0
0
0
-132.915
-126.5127
-121.8561
-114.2259
-106.2142
0
0
0
0
-135.0472
-129.2693
-125.1711
-117.9384
-110.1602
0
0
0
-136.7843
-131.5496
-128.048
-121.1631
-113.6482
0
0
-138.1163
-133.3668
-130.3846
-123.9279
-116.6494
0
-138.9347
-134.7158
-132.2149
-126.1456
-119.204
-139.3314
-135.5009
-133.5361
-127.8702
-121.2394
-135.8336
-134.2726
-129.0863
-122.8386
-134.5119
-129.7528
-123.9508
-129.9432
-124.5662
-124.7782
118.8683
122.5735
126.0618
129.1746
137.8885
0
0
0
0
0
-112.9145
-102.5578
-94.02779
-84.21212
-75.17257
119.6391
123.7085
127.7247
131.5768
141.2667
0
0
0
0
0
-116.8813
-107.172
-99.24062
-89.78434
-80.88521
124.5745
129.0407
133.5751
144.2518
0
0
0
0
0
-120.5794
-111.5065
-104.1972
-95.06429
-86.34736
130.0506
135.1509
146.7823
0
0
0
0
0
-124.0632
-115.6252
-108.9474
-100.1381
-91.564
136.5096
148.9024
0
0
0
0
0
-127.2633
-119.4816
-113.4392
-104.9942
-96.57177
150.6737
0
0
0
0
0
-130.1457
-123.0327
-117.6425
-109.5818
-101.3452
0
0
0
0
0
-132.684
-126.2157
-121.4765
-113.8124
-105.797
0
0
0
0
-134.8701
-129.0375
-124.8979
-117.6411
-109.8603
0
0
0
-136.6904
-131.4285
-127.9044
-121.0106
-113.4944
0
0
-138.1163
-133.3668
-130.3846
-123.9279
-116.6494
0
-139.0256
-134.8332
-132.3545
-126.2938
-119.3527
-139.4717
-135.7225
-133.8004
-128.143
-121.5199
-136.1202
-134.6278
-129.4679
-123.2035
-134.9461
-130.1953
-124.3876
-130.4171
-125.0334
-125.2157
119.3575
123.4129
127.4218
131.2726
140.9455
0
0
0
0
0
-116.4551
-106.7646
-98.83594
-89.38616
-80.49382
124.2268
128.6724
133.1798
143.831
0
0
0
0
0
-120.2033
-111.1202
-103.8092
-94.65918
-85.93977
129.6185
134.6832
146.2319
0
0
0
0
0
-123.6686
-115.2008
-108.4996
-99.67949
-91.10206
135.8272
148.1192
0
0
0
0
0
-126.8957
-119.0504
-112.9629
-104.4936
-96.06396
149.7307
0
0
0
0
0
-129.82
-122.6158
-117.1605
-109.0564
-100.8159
0
0
0
0
0
-132.4223
-125.855
-121.0439
-113.3329
-105.3075
0
0
0
0
-134.649
-128.7289
-124.5375
-117.2391
-109.4512
0
0
0
-136.5262
-131.1997
-127.6309
-120.7226
-113.2006
0
0
-138.0246
-133.2474
-130.2432
-123.7773
-116.4989
0
-139.0256
-134.8332
-132.3545
-126.2938
-119.3527
-139.5456
-135.8392
-133.9383
-128.2894
-121.6661
-136.3157
-134.891
-129.7464
-123.4733
-135.2941
-130.5732
-124.7654
-130.8755
-125.4717
-125.6831
123.935
128.3695
132.872
143.5102
0
0
0
0
0
-119.7796
-110.7093
-103.4097
-94.26904
-85.55681
129.2538
134.2944
145.7974
0
0
0
0
0
-123.3128
-114.8159
-108.104
-99.29582
-90.70946
135.3577
147.5913
0
0
0
0
0
-126.5171
-118.6304
-112.5158
-104.0452
-95.61749
148.9427
0
0
0
0
0
-129.4711
-122.1903
-116.6818
-108.5673
-100.3249
0
0
0
0
0
-132.1167
-125.4463
-120.5606
-112.8286
-104.7898
0
0
0
0
-134.4081
-128.3744
-124.1033
-116.7793
-108.9765
0
0
0
-136.3206
-130.9011
-127.2611
-120.3391
-112.8026
0
0
-137.8527
-133.0308
-129.9734
-123.4895
-116.2141
0
-138.9347
-134.7158
-132.2149
-126.1456
-119.204
-139.5456
-135.8392
-133.9383
-128.2894
-121.6661
-136.4175
-135.0283
-129.8911
-123.6179
-135.5331
-130.8509
-125.0406
-131.2459
-125.8462
-126.1363
128.9544
133.9868
145.4722
0
0
0
0
0
-122.8936
-114.4064
-107.7014
-98.91085
-90.33432
134.9725
147.1642
0
0
0
0
0
-126.1488
-118.264
-112.1216
-103.6549
-95.24536
148.4129
0
0
0
0
0
-129.0807
-121.7855
-116.2394
-108.12
-99.8883
0
0
0
0
0
-131.7571
-125.0387
-120.0881
-112.338
-104.31
0
0
0
0
-134.093
-127.9849
-123.6288
-116.2746
-108.4792
0
0
0
-136.0661
-130.5667
-126.8338
-119.8786
-112.347
0
0
-137.6281
-132.747
-129.6137
-123.0979
-115.834
0
-138.7658
-134.4924
-131.9567
-125.8617
-118.9195
-139.4717
-135.7225
-133.8004
-128.143
-121.5199
-136.4175
-135.0283
-129.8911
-123.6179
-135.657
-130.9951
-125.1836
-131.501
-126.1209
-126.5034
134.6677
146.8393
0
0
0
0
0
-125.724
-117.8582
-111.7196
-103.2671
-94.87524
147.9896
0
0
0
0
0
-128.7083
-121.4081
-115.8623
-107.7312
-99.51008
0
0
0
0
0
-131.3684
-124.6239
-119.6601
-111.8956
-103.8746
0
0
0
0
-133.737
-127.5686
-123.1736
-115.7903
-107.9982
0
0
0
-135.7545
-130.17
-126.3779
-119.3828
-111.8495
0
0
-137.3741
-132.4012
-129.2059
-122.6444
-115.3779
0
-138.5516
-134.1918
-131.6113
-125.4801
-118.5319
-139.3314
-135.5009
-133.5361
-127.8702
-121.2394
-136.3157
-134.891
-129.7464
-123.4733
-135.657
-130.9951
-125.1836
-131.6329
-126.2634
-126.7566
147.6668
0
0
0
0
0
-128.2827
-120.9973
-115.4635
-107.3435
-99.13727
0
0
0
0
0
-131.0139
-124.2432
-119.2733
-111.5227
-103.4977
0
0
0
0
-133.3648
-127.1558
-122.7371
-115.3615
-107.5676
0
0
0
-135.4162
-129.7578
-125.9155
-118.9151
-111.3747
0
0
-137.0816
-132.0083
-128.7447
-122.1666
-114.8892
0
-138.2977
-133.8473
-131.194
-125.0454
-118.0828
-139.1227
-135.2078
-133.1758
-127.5022
-120.8614
-136.1202
-134.6278
-129.4679
-123.2035
-135.5331
-130.8509
-125.0406
-131.6329
-126.2634
-126.8874
0
0
0
0
0
-130.5928
-123.8316
-118.8699
-111.1379
-103.125
0
0
0
0
-132.995
-126.7917
-122.3478
-114.9797
-107.2059
0
0
0
-135.0284
-129.3607
-125.4814
-118.4788
-110.9571
0
0
-136.7334
-131.6125
-128.2869
-121.6926
-114.4303
0
-137.989
-133.4724
-130.7369
-124.5633
-117.6114
-138.8462
-134.8627
-132.7602
-127.0591
-120.4304
-135.8336
-134.2726
-129.0863
-122.8386
-135.2941
-130.5732
-124.7654
-131.501
-126.1209
-126.8874
0
0
0
0
-132.5677
-126.3844
-121.9434
-114.5906
-106.8358
0
0
0
-134.6527
-128.9834
-125.1074
-118.0949
-110.5871
0
0
-136.3617
-131.2014
-127.8678
-121.2586
-114.0057
0
-137.6515
-133.0682
-130.2944
-124.094
-117.1466
-138.5386
-134.4733
-132.3202
-126.5811
-119.9551
-135.4688
-133.8558
-128.6452
-122.3997
-134.9461
-130.1953
-124.3876
-131.2459
-125.8462
-126.7566
0
0
0
-134.2242
-128.5703
-124.7074
-117.7048
-110.2128
0
0
-135.995
-130.8191
-127.4825
-120.8892
-113.6337
0
-137.26
-132.6725
-129.8627
-123.6744
-116.7243
-138.2094
-134.0793
-131.8707
-126.1263
-119.495
-135.08
-133.4027
-128.1834
-121.9285
-134.5119
-129.7528
-123.9508
-130.8755
-125.4717
-126.5034
0
0
-135.5679
-130.4047
-127.0768
-120.5033
-113.2586
0
-136.886
-132.2978
-129.4728
-123.2947
-116.3661
-137.8345
-133.6658
-131.4536
-125.695
-119.0864
-134.6934
-132.9628
-127.7223
-121.4822
-134.059
-129.2789
-123.4951
-130.4171
-125.0334
-126.1363
0
-136.4565
-131.8843
-129.0659
-122.9035
-115.9951
-137.4727
-133.2847
-131.0703
-125.3111
-118.7186
-134.2959
-132.5296
-127.3049
-121.0626
-133.6259
-128.8269
-123.0429
-129.9432
-124.5662
-125.6831
-137.0525
-132.8689
-130.6639
-124.9187
-118.3424
-133.9267
-132.1406
-126.927
-120.6907
-133.2082
-128.3946
-122.6366
-129.4975
-124.1227
-125.2157
-133.5195
-131.7321
-126.5349
-120.3133
-132.8308
-128.0114
-122.2704
-129.0801
-123.7022
-124.7782
-132.4302
-127.6173
-121.8932
-128.7082
-123.331
-124.3721
-128.3215
-122.952
-124.0117
-123.6398
)
;

boundaryField
{
    cathodeSides
    {
        type            zeroGradient;
    }
    electrolyteSides
    {
        type            zeroGradient;
    }
    anodeSides
    {
        type            zeroGradient;
    }
    phiI_to_phiI0
    {
        type            zeroGradient;
    }
}


// ************************************************************************* //
