/*--------------------------------*- C++ -*----------------------------------*\
| =========                 |                                                 |
| \\      /  F ield         | OpenFOAM: The Open Source CFD Toolbox           |
|  \\    /   O peration     | Version:  2312                                  |
|   \\  /    A nd           | Website:  www.openfoam.com                      |
|    \\/     M anipulation  |                                                 |
\*---------------------------------------------------------------------------*/
FoamFile
{
    version     2.0;
    format      ascii;
    arch        "LSB;label=32;scalar=64";
    class       volScalarField;
    location    "70/phiEA";
    object      J;
}
// * * * * * * * * * * * * * * * * * * * * * * * * * * * * * * * * * * * * * //

dimensions      [0 -3 0 0 0 1 0];

internalField   nonuniform List<scalar> 
20000
(
2.139241e+09
2.137629e+09
2.152958e+09
8.186486e+08
2.133785e+09
2.15144e+09
8.187148e+08
2.165822e+09
8.204786e+08
4.632521e+08
2.136192e+09
2.147992e+09
8.186938e+08
2.164624e+09
8.205406e+08
4.634713e+08
2.176758e+09
8.236121e+08
4.634111e+08
3.273108e+08
2.127994e+09
2.141939e+09
8.258309e+08
2.161141e+09
8.206559e+08
4.638473e+08
2.175506e+09
8.237849e+08
4.636144e+08
3.275427e+08
2.186117e+09
8.263692e+08
4.647912e+08
3.270862e+08
2.758122e+08
2.110931e+09
2.132115e+09
8.276237e+08
2.155476e+09
8.208541e+08
4.698567e+08
2.172373e+09
8.239117e+08
4.640584e+08
3.279748e+08
2.184733e+09
8.265407e+08
4.650536e+08
3.273007e+08
2.760415e+08
2.194029e+09
8.287395e+08
4.660427e+08
3.279473e+08
2.754962e+08
0
2.095522e+09
2.120273e+09
8.226611e+08
2.146348e+09
8.21093e+08
4.723083e+08
2.16693e+09
8.242797e+08
4.648392e+08
3.332702e+08
2.181755e+09
8.267928e+08
4.655115e+08
3.27775e+08
2.764825e+08
2.192856e+09
8.288721e+08
4.663114e+08
3.282029e+08
2.757084e+08
0
2.201045e+09
8.307192e+08
4.671249e+08
3.287465e+08
2.76187e+08
0
0
2.083321e+09
2.114015e+09
8.186928e+08
2.135227e+09
8.224692e+08
4.697081e+08
2.158074e+09
8.247607e+08
4.660472e+08
3.356246e+08
2.176341e+09
8.272711e+08
4.663939e+08
3.286114e+08
2.815548e+08
2.189745e+09
8.291977e+08
4.668361e+08
3.286907e+08
2.761794e+08
0
2.199864e+09
8.309291e+08
4.673743e+08
3.290099e+08
2.764341e+08
0
0
2.207013e+09
8.325033e+08
4.680201e+08
3.294409e+08
2.768376e+08
0
0
0
2.074767e+09
2.1117e+09
8.159383e+08
2.124678e+09
8.290762e+08
4.678126e+08
2.147093e+09
8.258111e+08
4.684509e+08
3.337552e+08
2.167861e+09
8.279145e+08
4.677327e+08
3.299235e+08
2.837583e+08
2.184544e+09
8.297114e+08
4.677877e+08
3.296028e+08
2.770111e+08
0
2.196935e+09
8.312219e+08
4.679449e+08
3.295437e+08
2.769179e+08
0
0
2.206135e+09
8.327026e+08
4.68313e+08
3.296917e+08
2.770923e+08
0
0
0
2.212414e+09
8.339788e+08
4.688424e+08
3.300117e+08
2.774047e+08
0
0
0
0
2.070219e+09
2.103468e+09
8.141373e+08
2.115898e+09
8.372698e+08
4.666609e+08
2.137041e+09
8.269429e+08
4.748793e+08
3.324699e+08
2.157285e+09
8.290749e+08
4.697765e+08
3.323322e+08
2.821207e+08
2.176436e+09
8.305164e+08
4.692357e+08
3.310077e+08
2.783213e+08
0
2.191758e+09
8.318307e+08
4.689226e+08
3.305088e+08
2.778155e+08
0
0
2.203304e+09
8.330588e+08
4.688696e+08
3.302606e+08
2.77615e+08
0
0
0
2.211422e+09
8.34289e+08
4.691251e+08
3.302938e+08
2.776493e+08
0
0
0
0
2.217257e+09
8.353442e+08
4.69504e+08
3.30544e+08
2.778701e+08
0
0
0
0
0
2.070121e+09
2.099128e+09
8.131925e+08
2.109344e+09
8.359808e+08
4.659768e+08
2.128488e+09
8.27772e+08
4.82435e+08
3.317659e+08
2.147401e+09
8.304178e+08
4.718463e+08
3.382073e+08
2.810272e+08
2.165957e+09
8.318749e+08
4.713574e+08
3.330838e+08
2.806706e+08
0
2.183688e+09
8.327929e+08
4.70466e+08
3.320004e+08
2.792052e+08
0
0
2.198284e+09
8.336786e+08
4.699058e+08
3.312472e+08
2.785594e+08
0
0
0
2.208706e+09
8.346848e+08
4.697156e+08
3.308547e+08
2.782027e+08
0
0
0
0
2.216064e+09
8.356096e+08
4.698494e+08
3.30817e+08
2.781413e+08
0
0
0
0
0
2.22151e+09
8.365578e+08
4.701306e+08
3.309641e+08
2.783071e+08
0
0
0
0
0
0
2.074713e+09
2.099184e+09
8.131584e+08
2.10583e+09
8.35144e+08
4.656297e+08
2.122058e+09
8.281427e+08
4.821821e+08
3.313866e+08
2.139055e+09
8.313611e+08
4.734863e+08
3.449443e+08
2.804609e+08
2.156336e+09
8.333407e+08
4.735509e+08
3.35175e+08
2.863643e+08
0
2.173583e+09
8.342339e+08
4.727109e+08
3.341409e+08
2.812397e+08
0
0
2.190141e+09
8.346915e+08
4.715412e+08
3.328097e+08
2.80027e+08
0
0
0
2.20377e+09
8.353835e+08
4.707553e+08
3.318859e+08
2.791669e+08
0
0
0
0
2.213591e+09
8.360481e+08
4.704635e+08
3.314017e+08
2.786889e+08
0
0
0
0
0
2.220396e+09
8.367679e+08
4.70449e+08
3.312821e+08
2.785701e+08
0
0
0
0
0
0
2.225194e+09
8.37623e+08
4.706816e+08
3.313688e+08
2.786495e+08
0
0
0
0
0
0
0
2.08339e+09
2.103539e+09
8.141201e+08
2.105667e+09
8.351608e+08
4.656114e+08
2.118594e+09
8.28258e+08
4.819139e+08
3.312028e+08
2.132769e+09
8.318155e+08
4.745073e+08
3.449429e+08
2.801744e+08
2.14814e+09
8.344134e+08
4.752625e+08
3.3685e+08
2.926234e+08
0
2.164094e+09
8.35845e+08
4.749902e+08
3.363236e+08
2.832901e+08
0
0
2.180402e+09
8.362953e+08
4.738445e+08
3.350441e+08
2.821215e+08
0
0
0
2.196031e+09
8.363892e+08
4.724309e+08
3.335161e+08
2.806966e+08
0
0
0
0
2.208801e+09
8.367767e+08
4.715547e+08
3.324338e+08
2.796921e+08
0
0
0
0
0
2.217833e+09
8.372833e+08
4.710861e+08
3.318844e+08
2.791379e+08
0
0
0
0
0
0
2.224234e+09
8.378519e+08
4.70975e+08
3.316667e+08
2.789509e+08
0
0
0
0
0
0
0
2.228703e+09
8.385441e+08
4.711654e+08
3.317217e+08
2.789818e+08
0
0
0
0
0
0
0
0
2.095479e+09
2.111717e+09
8.159626e+08
2.109282e+09
8.360046e+08
4.659683e+08
2.118706e+09
8.281991e+08
4.819214e+08
3.311901e+08
2.129441e+09
8.319726e+08
4.749865e+08
3.448254e+08
2.800403e+08
2.142042e+09
8.349525e+08
4.763407e+08
3.379283e+08
2.926895e+08
0
2.15609e+09
8.37008e+08
4.767892e+08
3.380537e+08
2.849389e+08
0
0
2.170927e+09
8.379949e+08
4.762189e+08
3.372963e+08
2.842523e+08
0
0
0
2.186127e+09
8.38142e+08
4.748318e+08
3.357982e+08
2.828745e+08
0
0
0
0
2.201046e+09
8.379296e+08
4.732305e+08
3.340984e+08
2.812809e+08
0
0
0
0
0
2.213241e+09
8.380764e+08
4.721928e+08
3.329571e+08
2.801417e+08
0
0
0
0
0
0
2.22184e+09
8.383625e+08
4.716512e+08
3.32285e+08
2.795339e+08
0
0
0
0
0
0
0
2.227884e+09
8.388249e+08
4.714666e+08
3.320041e+08
2.792659e+08
0
0
0
0
0
0
0
0
2.231965e+09
8.39425e+08
4.715874e+08
3.320319e+08
2.792707e+08
0
0
0
0
0
0
0
0
0
2.110999e+09
2.113973e+09
8.186886e+08
2.115886e+09
8.372764e+08
4.666738e+08
2.12206e+09
8.281226e+08
4.82194e+08
3.313812e+08
2.129489e+09
8.320089e+08
4.749545e+08
3.448299e+08
2.800297e+08
2.138753e+09
8.351728e+08
4.768506e+08
3.384488e+08
2.92616e+08
0
2.150031e+09
8.376474e+08
4.779234e+08
3.391777e+08
2.860109e+08
0
0
2.163046e+09
8.392571e+08
4.780774e+08
3.390957e+08
2.859503e+08
0
0
0
2.176992e+09
8.398766e+08
4.772664e+08
3.38125e+08
2.850688e+08
0
0
0
0
2.191436e+09
8.396707e+08
4.757173e+08
3.364538e+08
2.83503e+08
0
0
0
0
0
2.205566e+09
8.39247e+08
4.739486e+08
3.346237e+08
2.817621e+08
0
0
0
0
0
0
2.217361e+09
8.39223e+08
4.727968e+08
3.333683e+08
2.805739e+08
0
0
0
0
0
0
0
2.225242e+09
8.39381e+08
4.721507e+08
3.326489e+08
2.798625e+08
0
0
0
0
0
0
0
0
2.23097e+09
8.397597e+08
4.719158e+08
3.32319e+08
2.795423e+08
0
0
0
0
0
0
0
0
0
2.234833e+09
8.402499e+08
4.719883e+08
3.323051e+08
2.79525e+08
0
0
0
0
0
0
0
0
0
0
2.128001e+09
2.12005e+09
8.226803e+08
2.124725e+09
8.290626e+08
4.678147e+08
2.128504e+09
8.277645e+08
4.824388e+08
3.317748e+08
2.13279e+09
8.318211e+08
4.744973e+08
3.449506e+08
2.801701e+08
2.138746e+09
8.351869e+08
4.768684e+08
3.384266e+08
2.926195e+08
0
2.146798e+09
8.378914e+08
4.784709e+08
3.397234e+08
2.865323e+08
0
0
2.157109e+09
8.399308e+08
4.792764e+08
3.402637e+08
2.870637e+08
0
0
0
2.169197e+09
8.412124e+08
4.791873e+08
3.39971e+08
2.868291e+08
0
0
0
0
2.182336e+09
8.415468e+08
4.781786e+08
3.388286e+08
2.857639e+08
0
0
0
0
0
2.196147e+09
8.410955e+08
4.764447e+08
3.37042e+08
2.840488e+08
0
0
0
0
0
0
2.209613e+09
8.404256e+08
4.745704e+08
3.35091e+08
2.82197e+08
0
0
0
0
0
0
0
2.220839e+09
8.402888e+08
4.733324e+08
3.337613e+08
2.809114e+08
0
0
0
0
0
0
0
0
2.228634e+09
8.402314e+08
4.726181e+08
3.329741e+08
2.801611e+08
0
0
0
0
0
0
0
0
0
2.233948e+09
8.405372e+08
4.723482e+08
3.32611e+08
2.798004e+08
0
0
0
0
0
0
0
0
0
0
2.237516e+09
8.409717e+08
4.723667e+08
3.325622e+08
2.7975e+08
0
0
0
0
0
0
0
0
0
0
0
2.135867e+09
2.132245e+09
8.276235e+08
2.135225e+09
8.223941e+08
4.697165e+08
2.13705e+09
8.269569e+08
4.748725e+08
3.324735e+08
2.139046e+09
8.313745e+08
4.73481e+08
3.449471e+08
2.804685e+08
2.142015e+09
8.349625e+08
4.763458e+08
3.379217e+08
2.926958e+08
0
2.146796e+09
8.378868e+08
4.784773e+08
3.39735e+08
2.865137e+08
0
0
2.153878e+09
8.402047e+08
4.798391e+08
3.408374e+08
2.876081e+08
0
0
0
2.163306e+09
8.419357e+08
4.804104e+08
3.411893e+08
2.87982e+08
0
0
0
0
2.174707e+09
8.42934e+08
4.801485e+08
3.407223e+08
2.875661e+08
0
0
0
0
0
2.187184e+09
8.430166e+08
4.789891e+08
3.394393e+08
2.863533e+08
0
0
0
0
0
0
2.200304e+09
8.423679e+08
4.771235e+08
3.375238e+08
2.845387e+08
0
0
0
0
0
0
0
2.213365e+09
8.41487e+08
4.751227e+08
3.355006e+08
2.825824e+08
0
0
0
0
0
0
0
0
2.224177e+09
8.411723e+08
4.738278e+08
3.341119e+08
2.812354e+08
0
0
0
0
0
0
0
0
0
2.231596e+09
8.411013e+08
4.730052e+08
3.332758e+08
2.804294e+08
0
0
0
0
0
0
0
0
0
0
2.236704e+09
8.412787e+08
4.727067e+08
3.328914e+08
2.800411e+08
0
0
0
0
0
0
0
0
0
0
0
2.239975e+09
8.416455e+08
4.726971e+08
3.328067e+08
2.799608e+08
0
0
0
0
0
0
0
0
0
0
0
0
2.133769e+09
2.142013e+09
8.257247e+08
2.146545e+09
8.211442e+08
4.723067e+08
2.147196e+09
8.258121e+08
4.68413e+08
3.337601e+08
2.147435e+09
8.304225e+08
4.718527e+08
3.382029e+08
2.81031e+08
2.14814e+09
8.344068e+08
4.752726e+08
3.368457e+08
2.926258e+08
0
2.150006e+09
8.376373e+08
4.779297e+08
3.391823e+08
2.860055e+08
0
0
2.153847e+09
8.402023e+08
4.798356e+08
3.408412e+08
2.876177e+08
0
0
0
2.159938e+09
8.422332e+08
4.809921e+08
3.417746e+08
2.885509e+08
0
0
0
0
2.168916e+09
8.437027e+08
4.813983e+08
3.419601e+08
2.887636e+08
0
0
0
0
0
2.17962e+09
8.444812e+08
4.809924e+08
3.413716e+08
2.881978e+08
0
0
0
0
0
0
2.191519e+09
8.443457e+08
4.79703e+08
3.399824e+08
2.868641e+08
0
0
0
0
0
0
0
2.204061e+09
8.434736e+08
4.777358e+08
3.37973e+08
2.849398e+08
0
0
0
0
0
0
0
0
2.216804e+09
8.424744e+08
4.756242e+08
3.358628e+08
2.829222e+08
0
0
0
0
0
0
0
0
0
2.227229e+09
8.420329e+08
4.742359e+08
3.344341e+08
2.815253e+08
0
0
0
0
0
0
0
0
0
0
2.234146e+09
8.418685e+08
4.73408e+08
3.335248e+08
2.806775e+08
0
0
0
0
0
0
0
0
0
0
0
2.239085e+09
8.419859e+08
4.730396e+08
3.331244e+08
2.802721e+08
0
0
0
0
0
0
0
0
0
0
0
0
2.242103e+09
8.422641e+08
4.730048e+08
3.3302e+08
2.80162e+08
0
0
0
0
0
0
0
0
0
0
0
0
0
2.137672e+09
2.147869e+09
8.187072e+08
2.15556e+09
8.208773e+08
4.698017e+08
2.157858e+09
8.248365e+08
4.660783e+08
3.356227e+08
2.157362e+09
8.291016e+08
4.697772e+08
3.323074e+08
2.821245e+08
2.156309e+09
8.33351e+08
4.735541e+08
3.351788e+08
2.863607e+08
0
2.156061e+09
8.370115e+08
4.767843e+08
3.380621e+08
2.84935e+08
0
0
2.157071e+09
8.399189e+08
4.792706e+08
3.402686e+08
2.870679e+08
0
0
0
2.160162e+09
8.42225e+08
4.809902e+08
3.417717e+08
2.88554e+08
0
0
0
0
2.165715e+09
8.43958e+08
4.820009e+08
3.425599e+08
2.893429e+08
0
0
0
0
0
2.173831e+09
8.452929e+08
4.822771e+08
3.426278e+08
2.894129e+08
0
0
0
0
0
0
2.184059e+09
8.45848e+08
4.817535e+08
3.419407e+08
2.887432e+08
0
0
0
0
0
0
0
2.195528e+09
8.455271e+08
4.803468e+08
3.404614e+08
2.873187e+08
0
0
0
0
0
0
0
0
2.207671e+09
8.444691e+08
4.782609e+08
3.383816e+08
2.853137e+08
0
0
0
0
0
0
0
0
0
2.219855e+09
8.433718e+08
4.760911e+08
3.361938e+08
2.832223e+08
0
0
0
0
0
0
0
0
0
0
2.229863e+09
8.428238e+08
4.746359e+08
3.346995e+08
2.817912e+08
0
0
0
0
0
0
0
0
0
0
0
2.236668e+09
8.424957e+08
4.737687e+08
3.337863e+08
2.808822e+08
0
0
0
0
0
0
0
0
0
0
0
0
2.241135e+09
8.425824e+08
4.73369e+08
3.333358e+08
2.804643e+08
0
0
0
0
0
0
0
0
0
0
0
0
0
2.244249e+09
8.427918e+08
4.732878e+08
3.332183e+08
2.803375e+08
0
0
0
0
0
0
0
0
0
0
0
0
0
0
2.139386e+09
2.151432e+09
8.187276e+08
2.161081e+09
8.206148e+08
4.638629e+08
2.166791e+09
8.243052e+08
4.648502e+08
3.332328e+08
2.167873e+09
8.278383e+08
4.677771e+08
3.299468e+08
2.837564e+08
2.16594e+09
8.318853e+08
4.713674e+08
3.330843e+08
2.806502e+08
0
2.164146e+09
8.358379e+08
4.749951e+08
3.363262e+08
2.832931e+08
0
0
2.163053e+09
8.392441e+08
4.780806e+08
3.390916e+08
2.85958e+08
0
0
0
2.163287e+09
8.419333e+08
4.804027e+08
3.411851e+08
2.879862e+08
0
0
0
0
2.165719e+09
8.440296e+08
4.819979e+08
3.425582e+08
2.893403e+08
0
0
0
0
0
2.17056e+09
8.456091e+08
4.828583e+08
3.432461e+08
2.900051e+08
0
0
0
0
0
0
2.178377e+09
8.466769e+08
4.830624e+08
3.432263e+08
2.899742e+08
0
0
0
0
0
0
0
2.188086e+09
8.470847e+08
4.824213e+08
3.424553e+08
2.892211e+08
0
0
0
0
0
0
0
0
2.199084e+09
8.466288e+08
4.809162e+08
3.408925e+08
2.8772e+08
0
0
0
0
0
0
0
0
0
2.210996e+09
8.454401e+08
4.787329e+08
3.387291e+08
2.85655e+08
0
0
0
0
0
0
0
0
0
0
2.222819e+09
8.441667e+08
4.765106e+08
3.365018e+08
2.834974e+08
0
0
0
0
0
0
0
0
0
0
0
2.232419e+09
8.434801e+08
4.750064e+08
3.349603e+08
2.820102e+08
0
0
0
0
0
0
0
0
0
0
0
0
2.239037e+09
8.431424e+08
4.7405e+08
3.340237e+08
2.810977e+08
0
0
0
0
0
0
0
0
0
0
0
0
0
2.243315e+09
8.430815e+08
4.736418e+08
3.335511e+08
2.806373e+08
0
0
0
0
0
0
0
0
0
0
0
0
0
0
2.246067e+09
8.433379e+08
4.735274e+08
3.334009e+08
2.805008e+08
0
0
0
0
0
0
0
0
0
0
0
0
0
0
0
2.15292e+09
8.186954e+08
2.164339e+09
8.20549e+08
4.634771e+08
2.172355e+09
8.239005e+08
4.640369e+08
3.279897e+08
2.176304e+09
8.272309e+08
4.664054e+08
3.286183e+08
2.815237e+08
2.176341e+09
8.305256e+08
4.691939e+08
3.310404e+08
2.783414e+08
0
2.173624e+09
8.342341e+08
4.727093e+08
3.341457e+08
2.812402e+08
0
0
2.170967e+09
8.38012e+08
4.762162e+08
3.372994e+08
2.842546e+08
0
0
0
2.169176e+09
8.412166e+08
4.791791e+08
3.399739e+08
2.868255e+08
0
0
0
0
2.16891e+09
8.436935e+08
4.814017e+08
3.41954e+08
2.8876e+08
0
0
0
0
0
2.170731e+09
8.456125e+08
4.828938e+08
3.432447e+08
2.900036e+08
0
0
0
0
0
0
2.175254e+09
8.469813e+08
4.836768e+08
3.438305e+08
2.905834e+08
0
0
0
0
0
0
0
2.182461e+09
8.479562e+08
4.83745e+08
3.43758e+08
2.904787e+08
0
0
0
0
0
0
0
0
2.191765e+09
8.482046e+08
4.830266e+08
3.429049e+08
2.896537e+08
0
0
0
0
0
0
0
0
0
2.202391e+09
8.47597e+08
4.81451e+08
3.412726e+08
2.88081e+08
0
0
0
0
0
0
0
0
0
0
2.213792e+09
8.463428e+08
4.791968e+08
3.390412e+08
2.859444e+08
0
0
0
0
0
0
0
0
0
0
2.225319e+09
8.449475e+08
4.768831e+08
3.36776e+08
2.837531e+08
0
0
0
0
0
0
0
0
0
0
0
0
2.234817e+09
8.441474e+08
4.753032e+08
3.352035e+08
2.822257e+08
0
0
0
0
0
0
0
0
0
0
0
0
0
2.240945e+09
8.437409e+08
4.74351e+08
3.342029e+08
2.812946e+08
0
0
0
0
0
0
0
0
0
0
0
0
0
0
2.245281e+09
8.436373e+08
4.738656e+08
3.337272e+08
2.808154e+08
0
0
0
0
0
0
0
0
0
0
0
0
0
0
0
2.247681e+09
8.437836e+08
4.737799e+08
3.335553e+08
2.806512e+08
0
0
0
0
0
0
0
0
0
0
0
0
0
0
0
0
2.165909e+09
8.204683e+08
4.632755e+08
2.17541e+09
8.237038e+08
4.636239e+08
3.275463e+08
2.18169e+09
8.267912e+08
4.655091e+08
3.277604e+08
2.764964e+08
2.184747e+09
8.297013e+08
4.677691e+08
3.296096e+08
2.770166e+08
0
2.183761e+09
8.32771e+08
4.704737e+08
3.319711e+08
2.792333e+08
0
0
2.180251e+09
8.363134e+08
4.738477e+08
3.350398e+08
2.821247e+08
0
0
0
2.176967e+09
8.398898e+08
4.772754e+08
3.381236e+08
2.850713e+08
0
0
0
0
2.174675e+09
8.429255e+08
4.801512e+08
3.407161e+08
2.875688e+08
0
0
0
0
0
2.173845e+09
8.45289e+08
4.822709e+08
3.426325e+08
2.894075e+08
0
0
0
0
0
0
2.175117e+09
8.470293e+08
4.836794e+08
3.438535e+08
2.905825e+08
0
0
0
0
0
0
0
2.179286e+09
8.483181e+08
4.843571e+08
3.443854e+08
2.910767e+08
0
0
0
0
0
0
0
0
2.186098e+09
8.491113e+08
4.843741e+08
3.442205e+08
2.909262e+08
0
0
0
0
0
0
0
0
0
2.19512e+09
8.492284e+08
4.835741e+08
3.43313e+08
2.900311e+08
0
0
0
0
0
0
0
0
0
0
2.205386e+09
8.485056e+08
4.819183e+08
3.416312e+08
2.883989e+08
0
0
0
0
0
0
0
0
0
0
2.216448e+09
8.470822e+08
4.796316e+08
3.393489e+08
2.862045e+08
0
0
0
0
0
0
0
0
0
0
2.227826e+09
8.45593e+08
4.772513e+08
3.370203e+08
2.839802e+08
0
0
0
0
0
0
0
0
0
0
0
0
0
2.236913e+09
8.447595e+08
4.75618e+08
3.353933e+08
2.824274e+08
0
0
0
0
0
0
0
0
0
0
0
0
0
0
2.242909e+09
8.442115e+08
4.746234e+08
3.343997e+08
2.814415e+08
0
0
0
0
0
0
0
0
0
0
0
0
0
0
0
2.246845e+09
8.441304e+08
4.741224e+08
3.338704e+08
2.809604e+08
0
0
0
0
0
0
0
0
0
0
0
0
0
0
0
0
2.249604e+09
8.441783e+08
4.739802e+08
3.337192e+08
2.807783e+08
0
0
0
0
0
0
0
0
0
0
0
0
0
0
0
0
0
2.176653e+09
8.236381e+08
4.634071e+08
3.273262e+08
2.184897e+09
8.265176e+08
4.650171e+08
3.273099e+08
2.760445e+08
2.189825e+09
8.29169e+08
4.668372e+08
3.286908e+08
2.761674e+08
0
2.191808e+09
8.318958e+08
4.689188e+08
3.304975e+08
2.778209e+08
0
0
2.189895e+09
8.347115e+08
4.715347e+08
3.328166e+08
2.800023e+08
0
0
0
2.186123e+09
8.380918e+08
4.74843e+08
3.35802e+08
2.8287e+08
0
0
0
0
2.182339e+09
8.415398e+08
4.781854e+08
3.388348e+08
2.85763e+08
0
0
0
0
0
2.179618e+09
8.444653e+08
4.809872e+08
3.413738e+08
2.881923e+08
0
0
0
0
0
0
2.178345e+09
8.466813e+08
4.8306e+08
3.432213e+08
2.899789e+08
0
0
0
0
0
0
0
2.179331e+09
8.482712e+08
4.843779e+08
3.443877e+08
2.910954e+08
0
0
0
0
0
0
0
0
2.183083e+09
8.494569e+08
4.850183e+08
3.448484e+08
2.915436e+08
0
0
0
0
0
0
0
0
0
2.189517e+09
8.501273e+08
4.849454e+08
3.446456e+08
2.913155e+08
0
0
0
0
0
0
0
0
0
0
2.198176e+09
8.501596e+08
4.840752e+08
3.436819e+08
2.903739e+08
0
0
0
0
0
0
0
0
0
0
2.208154e+09
8.493208e+08
4.823599e+08
3.419437e+08
2.886994e+08
0
0
0
0
0
0
0
0
0
0
2.218952e+09
8.477846e+08
4.799827e+08
3.396387e+08
2.864609e+08
0
0
0
0
0
0
0
0
0
0
2.230006e+09
8.462507e+08
4.775525e+08
3.372624e+08
2.841829e+08
0
0
0
0
0
0
0
0
0
0
0
0
0
0
2.239105e+09
8.452902e+08
4.758999e+08
3.35601e+08
2.825832e+08
0
0
0
0
0
0
0
0
0
0
0
0
0
0
0
2.244779e+09
8.447012e+08
4.748375e+08
3.345743e+08
2.816044e+08
0
0
0
0
0
0
0
0
0
0
0
0
0
0
0
0
2.248824e+09
8.445075e+08
4.743469e+08
3.340369e+08
2.810781e+08
0
0
0
0
0
0
0
0
0
0
0
0
0
0
0
0
0
2.25122e+09
8.446791e+08
4.741589e+08
3.338473e+08
2.809136e+08
0
0
0
0
0
0
0
0
0
0
0
0
0
0
0
0
0
0
2.186097e+09
8.263363e+08
4.648028e+08
3.270841e+08
2.75825e+08
2.192883e+09
8.289235e+08
4.663029e+08
3.28181e+08
2.757171e+08
0
2.196743e+09
8.312445e+08
4.679271e+08
3.295456e+08
2.769186e+08
0
0
2.198176e+09
8.337019e+08
4.699394e+08
3.312456e+08
2.785504e+08
0
0
0
2.195852e+09
8.363053e+08
4.724396e+08
3.335142e+08
2.80703e+08
0
0
0
0
2.191408e+09
8.396699e+08
4.756902e+08
3.364623e+08
2.835067e+08
0
0
0
0
0
2.187191e+09
8.430144e+08
4.789859e+08
3.394439e+08
2.863585e+08
0
0
0
0
0
0
2.184071e+09
8.458459e+08
4.817429e+08
3.419368e+08
2.887451e+08
0
0
0
0
0
0
0
2.182449e+09
8.479507e+08
4.837471e+08
3.437562e+08
2.904743e+08
0
0
0
0
0
0
0
0
2.183009e+09
8.494639e+08
4.849933e+08
3.448603e+08
2.915457e+08
0
0
0
0
0
0
0
0
0
2.18648e+09
8.505273e+08
4.855813e+08
3.452961e+08
2.919342e+08
0
0
0
0
0
0
0
0
0
0
2.192676e+09
8.510808e+08
4.854434e+08
3.450333e+08
2.91673e+08
0
0
0
0
0
0
0
0
0
0
2.200999e+09
8.51003e+08
4.8453e+08
3.440197e+08
2.906837e+08
0
0
0
0
0
0
0
0
0
0
2.210662e+09
8.500701e+08
4.827532e+08
3.422403e+08
2.889611e+08
0
0
0
0
0
0
0
0
0
0
2.221229e+09
8.484514e+08
4.803155e+08
3.398716e+08
2.86703e+08
0
0
0
0
0
0
0
0
0
0
2.232248e+09
8.46814e+08
4.778623e+08
3.374596e+08
2.843837e+08
0
0
0
0
0
0
0
0
0
0
0
0
0
0
0
2.240914e+09
8.458673e+08
4.761439e+08
3.357834e+08
2.827559e+08
0
0
0
0
0
0
0
0
0
0
0
0
0
0
0
0
2.246483e+09
8.451824e+08
4.750591e+08
3.347126e+08
2.817478e+08
0
0
0
0
0
0
0
0
0
0
0
0
0
0
0
0
0
2.250216e+09
8.45031e+08
4.745159e+08
3.341812e+08
2.812155e+08
0
0
0
0
0
0
0
0
0
0
0
0
0
0
0
0
0
0
2.252573e+09
8.450929e+08
4.743934e+08
3.339624e+08
2.810187e+08
0
0
0
0
0
0
0
0
0
0
0
0
0
0
0
0
0
0
0
2.193958e+09
8.287383e+08
4.66026e+08
3.279542e+08
2.754946e+08
0
2.199665e+09
8.309481e+08
4.673993e+08
3.290058e+08
2.764168e+08
0
0
2.203049e+09
8.329971e+08
4.688799e+08
3.30247e+08
2.776171e+08
0
0
0
2.20389e+09
8.353386e+08
4.707713e+08
3.319089e+08
2.791658e+08
0
0
0
0
2.200853e+09
8.378771e+08
4.731859e+08
3.341033e+08
2.812802e+08
0
0
0
0
0
2.19605e+09
8.410916e+08
4.764444e+08
3.37023e+08
2.840562e+08
0
0
0
0
0
0
2.191545e+09
8.443463e+08
4.797006e+08
3.399804e+08
2.86868e+08
0
0
0
0
0
0
0
2.1881e+09
8.470884e+08
4.824197e+08
3.42447e+08
2.892177e+08
0
0
0
0
0
0
0
0
2.186127e+09
8.491071e+08
4.843733e+08
3.442219e+08
2.909245e+08
0
0
0
0
0
0
0
0
0
2.186454e+09
8.505016e+08
4.855813e+08
3.45279e+08
2.919434e+08
0
0
0
0
0
0
0
0
0
0
2.189638e+09
8.514838e+08
4.861077e+08
3.456784e+08
2.923109e+08
0
0
0
0
0
0
0
0
0
0
2.195482e+09
8.519738e+08
4.859095e+08
3.453696e+08
2.919996e+08
0
0
0
0
0
0
0
0
0
0
2.203603e+09
8.517859e+08
4.849402e+08
3.44326e+08
2.909677e+08
0
0
0
0
0
0
0
0
0
0
2.213064e+09
8.507514e+08
4.83113e+08
3.425032e+08
2.892099e+08
0
0
0
0
0
0
0
0
0
0
2.223402e+09
8.490527e+08
4.806329e+08
3.400916e+08
2.868975e+08
0
0
0
0
0
0
0
0
0
0
2.234003e+09
8.474018e+08
4.781244e+08
3.376633e+08
2.845474e+08
0
0
0
0
0
0
0
0
0
0
0
0
0
0
0
0
2.242342e+09
8.463236e+08
4.764166e+08
3.359414e+08
2.829063e+08
0
0
0
0
0
0
0
0
0
0
0
0
0
0
0
0
0
2.248132e+09
8.456214e+08
4.752845e+08
3.348545e+08
2.818619e+08
0
0
0
0
0
0
0
0
0
0
0
0
0
0
0
0
0
0
2.251799e+09
8.453719e+08
4.747641e+08
3.342895e+08
2.81334e+08
0
0
0
0
0
0
0
0
0
0
0
0
0
0
0
0
0
0
0
2.254088e+09
8.454257e+08
4.745866e+08
3.341157e+08
2.811134e+08
0
0
0
0
0
0
0
0
0
0
0
0
0
0
0
0
0
0
0
0
2.20093e+09
8.307063e+08
4.671269e+08
3.287353e+08
2.761925e+08
0
0
2.205852e+09
8.326413e+08
4.683266e+08
3.297079e+08
2.770894e+08
0
0
0
2.208563e+09
8.345953e+08
4.696842e+08
3.308612e+08
2.781908e+08
0
0
0
0
2.208681e+09
8.368219e+08
4.715272e+08
3.324467e+08
2.797114e+08
0
0
0
0
0
2.205545e+09
8.391772e+08
4.73925e+08
3.34593e+08
2.817658e+08
0
0
0
0
0
0
2.200339e+09
8.42333e+08
4.771242e+08
3.375235e+08
2.845227e+08
0
0
0
0
0
0
0
2.195521e+09
8.455384e+08
4.803463e+08
3.404591e+08
2.873171e+08
0
0
0
0
0
0
0
0
2.191773e+09
8.482078e+08
4.830284e+08
3.429036e+08
2.896463e+08
0
0
0
0
0
0
0
0
0
2.189513e+09
8.501378e+08
4.849431e+08
3.446461e+08
2.913167e+08
0
0
0
0
0
0
0
0
0
0
2.189607e+09
8.514788e+08
4.860941e+08
3.456766e+08
2.922968e+08
0
0
0
0
0
0
0
0
0
0
2.192434e+09
8.523775e+08
4.865786e+08
3.460338e+08
2.926332e+08
0
0
0
0
0
0
0
0
0
0
2.198155e+09
8.527557e+08
4.863511e+08
3.456834e+08
2.922825e+08
0
0
0
0
0
0
0
0
0
0
2.206042e+09
8.525055e+08
4.853226e+08
3.446015e+08
2.91225e+08
0
0
0
0
0
0
0
0
0
0
2.215276e+09
8.514061e+08
4.83442e+08
3.42743e+08
2.894302e+08
0
0
0
0
0
0
0
0
0
0
2.225317e+09
8.49637e+08
4.809168e+08
3.40302e+08
2.870808e+08
0
0
0
0
0
0
0
0
0
0
2.235715e+09
8.47857e+08
4.783991e+08
3.378344e+08
2.847165e+08
0
0
0
0
0
0
0
0
0
0
0
0
0
0
0
0
0
2.24415e+09
8.466821e+08
4.766266e+08
3.361209e+08
2.830366e+08
0
0
0
0
0
0
0
0
0
0
0
0
0
0
0
0
0
0
2.2496e+09
8.460345e+08
4.754908e+08
3.350026e+08
2.819783e+08
0
0
0
0
0
0
0
0
0
0
0
0
0
0
0
0
0
0
0
2.253262e+09
8.457741e+08
4.749195e+08
3.344532e+08
2.81423e+08
0
0
0
0
0
0
0
0
0
0
0
0
0
0
0
0
0
0
0
0
2.255497e+09
8.458169e+08
4.747381e+08
3.342423e+08
2.812402e+08
0
0
0
0
0
0
0
0
0
0
0
0
0
0
0
0
0
0
0
0
0
2.207228e+09
8.324628e+08
4.680182e+08
3.294437e+08
2.768283e+08
0
0
0
2.211221e+09
8.341978e+08
4.690949e+08
3.303048e+08
2.776626e+08
0
0
0
0
2.21349e+09
8.359997e+08
4.704137e+08
3.313805e+08
2.786942e+08
0
0
0
0
0
2.213166e+09
8.380406e+08
4.722188e+08
3.329363e+08
2.80153e+08
0
0
0
0
0
0
2.209702e+09
8.404177e+08
4.745318e+08
3.350771e+08
2.821714e+08
0
0
0
0
0
0
0
2.204155e+09
8.434833e+08
4.777163e+08
3.379749e+08
2.849395e+08
0
0
0
0
0
0
0
0
2.199086e+09
8.466281e+08
4.809235e+08
3.408918e+08
2.877179e+08
0
0
0
0
0
0
0
0
0
2.195066e+09
8.492321e+08
4.835754e+08
3.433141e+08
2.900299e+08
0
0
0
0
0
0
0
0
0
0
2.192625e+09
8.510857e+08
4.854496e+08
3.450318e+08
2.916737e+08
0
0
0
0
0
0
0
0
0
0
2.19252e+09
8.523713e+08
4.865777e+08
3.460246e+08
2.92631e+08
0
0
0
0
0
0
0
0
0
0
2.195168e+09
8.531629e+08
4.870208e+08
3.463523e+08
2.929321e+08
0
0
0
0
0
0
0
0
0
0
2.200582e+09
8.535101e+08
4.867344e+08
3.459829e+08
2.925462e+08
0
0
0
0
0
0
0
0
0
0
2.208276e+09
8.531823e+08
4.856734e+08
3.448592e+08
2.914563e+08
0
0
0
0
0
0
0
0
0
0
2.217242e+09
8.520074e+08
4.837583e+08
3.429633e+08
2.896307e+08
0
0
0
0
0
0
0
0
0
0
2.227202e+09
8.501443e+08
4.811975e+08
3.404891e+08
2.872564e+08
0
0
0
0
0
0
0
0
0
0
2.237498e+09
8.482967e+08
4.786155e+08
3.380137e+08
2.848582e+08
0
0
0
0
0
0
0
0
0
0
0
0
0
0
0
0
0
0
2.245786e+09
8.47148e+08
4.767951e+08
3.362573e+08
2.831855e+08
0
0
0
0
0
0
0
0
0
0
0
0
0
0
0
0
0
0
0
2.25108e+09
8.464078e+08
4.75678e+08
3.351384e+08
2.821012e+08
0
0
0
0
0
0
0
0
0
0
0
0
0
0
0
0
0
0
0
0
2.254624e+09
8.461517e+08
4.751049e+08
3.345542e+08
2.815589e+08
0
0
0
0
0
0
0
0
0
0
0
0
0
0
0
0
0
0
0
0
0
2.256589e+09
8.461873e+08
4.749214e+08
3.343403e+08
2.81345e+08
0
0
0
0
0
0
0
0
0
0
0
0
0
0
0
0
0
0
0
0
0
0
2.212432e+09
8.340506e+08
4.6882e+08
3.300129e+08
2.774076e+08
0
0
0
0
2.216103e+09
8.355446e+08
4.698026e+08
3.307972e+08
2.781512e+08
0
0
0
0
0
2.217684e+09
8.372618e+08
4.710595e+08
3.318487e+08
2.791201e+08
0
0
0
0
0
0
2.217014e+09
8.391924e+08
4.727801e+08
3.333872e+08
2.805556e+08
0
0
0
0
0
0
0
2.213262e+09
8.415163e+08
4.751185e+08
3.354735e+08
2.825717e+08
0
0
0
0
0
0
0
0
2.207643e+09
8.445011e+08
4.782653e+08
3.383678e+08
2.853157e+08
0
0
0
0
0
0
0
0
0
2.202373e+09
8.475987e+08
4.814513e+08
3.412783e+08
2.880802e+08
0
0
0
0
0
0
0
0
0
0
2.198192e+09
8.501344e+08
4.840774e+08
3.436826e+08
2.903748e+08
0
0
0
0
0
0
0
0
0
0
2.195502e+09
8.519581e+08
4.859148e+08
3.453741e+08
2.919983e+08
0
0
0
0
0
0
0
0
0
0
2.195207e+09
8.531883e+08
4.870191e+08
3.463528e+08
2.929244e+08
0
0
0
0
0
0
0
0
0
0
2.197692e+09
8.539305e+08
4.87408e+08
3.466526e+08
2.932003e+08
0
0
0
0
0
0
0
0
0
0
2.202853e+09
8.541823e+08
4.871074e+08
3.462419e+08
2.927985e+08
0
0
0
0
0
0
0
0
0
0
2.210386e+09
8.537982e+08
4.860043e+08
3.450952e+08
2.916729e+08
0
0
0
0
0
0
0
0
0
0
2.219261e+09
8.525448e+08
4.840483e+08
3.431748e+08
2.898155e+08
0
0
0
0
0
0
0
0
0
0
2.228939e+09
8.506513e+08
4.814391e+08
3.406764e+08
2.874122e+08
0
0
0
0
0
0
0
0
0
0
2.239044e+09
8.487691e+08
4.788205e+08
3.381577e+08
2.850067e+08
0
0
0
0
0
0
0
0
0
0
0
0
0
0
0
0
0
0
0
2.247198e+09
8.475674e+08
4.770102e+08
3.363695e+08
2.832982e+08
0
0
0
0
0
0
0
0
0
0
0
0
0
0
0
0
0
0
0
0
2.252373e+09
8.467891e+08
4.758518e+08
3.352582e+08
2.822138e+08
0
0
0
0
0
0
0
0
0
0
0
0
0
0
0
0
0
0
0
0
0
2.255779e+09
8.46504e+08
4.752824e+08
3.346743e+08
2.816424e+08
0
0
0
0
0
0
0
0
0
0
0
0
0
0
0
0
0
0
0
0
0
0
2.257809e+09
8.46444e+08
4.750979e+08
3.344605e+08
2.814259e+08
0
0
0
0
0
0
0
0
0
0
0
0
0
0
0
0
0
0
0
0
0
0
0
2.21735e+09
8.353367e+08
4.695424e+08
3.305282e+08
2.778719e+08
0
0
0
0
0
2.22038e+09
8.367861e+08
4.704149e+08
3.312506e+08
2.785538e+08
0
0
0
0
0
0
2.221705e+09
8.383118e+08
4.716445e+08
3.322659e+08
2.795034e+08
0
0
0
0
0
0
0
2.220838e+09
8.401816e+08
4.733138e+08
3.337509e+08
2.809276e+08
0
0
0
0
0
0
0
0
2.216751e+09
8.42424e+08
4.756389e+08
3.358601e+08
2.828994e+08
0
0
0
0
0
0
0
0
0
2.210853e+09
8.454366e+08
4.787496e+08
3.387318e+08
2.856432e+08
0
0
0
0
0
0
0
0
0
0
2.205364e+09
8.484952e+08
4.819195e+08
3.416317e+08
2.884039e+08
0
0
0
0
0
0
0
0
0
0
2.201018e+09
8.510145e+08
4.845138e+08
3.440214e+08
2.906843e+08
0
0
0
0
0
0
0
0
0
0
2.198156e+09
8.527653e+08
4.863434e+08
3.456883e+08
2.922864e+08
0
0
0
0
0
0
0
0
0
0
2.197529e+09
8.539531e+08
4.874199e+08
3.466521e+08
2.932011e+08
0
0
0
0
0
0
0
0
0
0
2.19988e+09
8.5465e+08
4.877846e+08
3.469151e+08
2.934535e+08
0
0
0
0
0
0
0
0
0
0
2.204993e+09
8.548173e+08
4.87435e+08
3.464952e+08
2.930166e+08
0
0
0
0
0
0
0
0
0
0
2.212344e+09
8.543825e+08
4.86304e+08
3.453183e+08
2.918712e+08
0
0
0
0
0
0
0
0
0
0
2.221e+09
8.530941e+08
4.843105e+08
3.433687e+08
2.899927e+08
0
0
0
0
0
0
0
0
0
0
2.230621e+09
8.51112e+08
4.816828e+08
3.40837e+08
2.875688e+08
0
0
0
0
0
0
0
0
0
0
2.240476e+09
8.491775e+08
4.790445e+08
3.382923e+08
2.851269e+08
0
0
0
0
0
0
0
0
0
0
0
0
0
0
0
0
0
0
0
0
2.248478e+09
8.479308e+08
4.772038e+08
3.365087e+08
2.83392e+08
0
0
0
0
0
0
0
0
0
0
0
0
0
0
0
0
0
0
0
0
0
2.253439e+09
8.471223e+08
4.760301e+08
3.353721e+08
2.823122e+08
0
0
0
0
0
0
0
0
0
0
0
0
0
0
0
0
0
0
0
0
0
0
2.256902e+09
8.467906e+08
4.754484e+08
3.347911e+08
2.817412e+08
0
0
0
0
0
0
0
0
0
0
0
0
0
0
0
0
0
0
0
0
0
0
0
2.25891e+09
8.467673e+08
4.7521e+08
3.345776e+08
2.815252e+08
0
0
0
0
0
0
0
0
0
0
0
0
0
0
0
0
0
0
0
0
0
0
0
0
2.221425e+09
8.365906e+08
4.7012e+08
3.30991e+08
2.782938e+08
0
0
0
0
0
0
2.224075e+09
8.378593e+08
4.709874e+08
3.316432e+08
2.789247e+08
0
0
0
0
0
0
0
2.225199e+09
8.39338e+08
4.721231e+08
3.326463e+08
2.798462e+08
0
0
0
0
0
0
0
0
2.223939e+09
8.411675e+08
4.737758e+08
3.340979e+08
2.81227e+08
0
0
0
0
0
0
0
0
0
2.219923e+09
8.433492e+08
4.760569e+08
3.362035e+08
2.832202e+08
0
0
0
0
0
0
0
0
0
0
2.213693e+09
8.462965e+08
4.791973e+08
3.390525e+08
2.859465e+08
0
0
0
0
0
0
0
0
0
0
2.208098e+09
8.493127e+08
4.823525e+08
3.419447e+08
2.887e+08
0
0
0
0
0
0
0
0
0
0
2.203622e+09
8.517934e+08
4.849487e+08
3.443133e+08
2.909691e+08
0
0
0
0
0
0
0
0
0
0
2.200608e+09
8.535104e+08
4.867407e+08
3.459781e+08
2.925508e+08
0
0
0
0
0
0
0
0
0
0
2.199965e+09
8.545939e+08
4.878005e+08
3.469228e+08
2.934533e+08
0
0
0
0
0
0
0
0
0
0
2.202055e+09
8.552545e+08
4.881427e+08
3.471692e+08
2.936748e+08
0
0
0
0
0
0
0
0
0
0
2.206994e+09
8.554205e+08
4.877467e+08
3.467155e+08
2.932302e+08
0
0
0
0
0
0
0
0
0
0
2.214181e+09
8.549228e+08
4.865895e+08
3.455198e+08
2.920588e+08
0
0
0
0
0
0
0
0
0
0
2.222713e+09
8.535646e+08
4.845745e+08
3.43546e+08
2.901551e+08
0
0
0
0
0
0
0
0
0
0
2.232201e+09
8.515623e+08
4.81902e+08
3.409997e+08
2.87703e+08
0
0
0
0
0
0
0
0
0
0
2.241785e+09
8.495459e+08
4.792405e+08
3.384403e+08
2.852388e+08
0
0
0
0
0
0
0
0
0
0
0
0
0
0
0
0
0
0
0
0
0
2.249781e+09
8.48261e+08
4.773739e+08
3.366342e+08
2.835066e+08
0
0
0
0
0
0
0
0
0
0
0
0
0
0
0
0
0
0
0
0
0
0
2.25491e+09
8.473823e+08
4.761877e+08
3.35489e+08
2.824065e+08
0
0
0
0
0
0
0
0
0
0
0
0
0
0
0
0
0
0
0
0
0
0
0
2.258121e+09
8.470671e+08
4.755798e+08
3.349006e+08
2.818381e+08
0
0
0
0
0
0
0
0
0
0
0
0
0
0
0
0
0
0
0
0
0
0
0
0
2.259893e+09
8.470472e+08
4.753667e+08
3.34648e+08
2.816225e+08
0
0
0
0
0
0
0
0
0
0
0
0
0
0
0
0
0
0
0
0
0
0
0
0
0
2.225329e+09
8.375931e+08
4.706993e+08
3.313581e+08
2.786722e+08
0
0
0
0
0
0
0
2.227701e+09
8.38776e+08
4.714758e+08
3.320143e+08
2.792461e+08
0
0
0
0
0
0
0
0
2.228462e+09
8.40215e+08
4.725963e+08
3.329547e+08
2.801596e+08
0
0
0
0
0
0
0
0
0
2.227103e+09
8.419509e+08
4.742314e+08
3.344008e+08
2.815131e+08
0
0
0
0
0
0
0
0
0
0
2.222606e+09
8.441916e+08
4.764959e+08
3.364743e+08
2.835053e+08
0
0
0
0
0
0
0
0
0
0
0
2.216558e+09
8.47042e+08
4.796081e+08
3.393502e+08
2.862138e+08
0
0
0
0
0
0
0
0
0
0
2.210746e+09
8.500546e+08
4.827487e+08
3.422343e+08
2.88962e+08
0
0
0
0
0
0
0
0
0
0
2.206054e+09
8.525147e+08
4.853272e+08
3.446086e+08
2.912138e+08
0
0
0
0
0
0
0
0
0
0
2.20296e+09
8.541974e+08
4.871075e+08
3.462469e+08
2.927947e+08
0
0
0
0
0
0
0
0
0
0
2.202122e+09
8.552839e+08
4.881127e+08
3.471822e+08
2.93681e+08
0
0
0
0
0
0
0
0
0
0
2.204112e+09
8.558697e+08
4.884371e+08
3.474132e+08
2.938885e+08
0
0
0
0
0
0
0
0
0
0
2.208865e+09
8.559796e+08
4.880451e+08
3.469262e+08
2.934154e+08
0
0
0
0
0
0
0
0
0
0
2.215894e+09
8.554325e+08
4.868526e+08
3.457123e+08
2.92228e+08
0
0
0
0
0
0
0
0
0
0
2.22435e+09
8.540322e+08
4.848018e+08
3.437215e+08
2.903044e+08
0
0
0
0
0
0
0
0
0
0
2.233629e+09
8.519858e+08
4.821175e+08
3.411452e+08
2.878392e+08
0
0
0
0
0
0
0
0
0
0
0
2.243264e+09
8.498795e+08
4.794125e+08
3.385715e+08
2.853619e+08
0
0
0
0
0
0
0
0
0
0
0
0
0
0
0
0
0
0
0
0
0
0
2.251292e+09
8.486033e+08
4.775308e+08
3.367459e+08
2.836101e+08
0
0
0
0
0
0
0
0
0
0
0
0
0
0
0
0
0
0
0
0
0
0
0
2.255949e+09
8.477754e+08
4.763069e+08
3.355935e+08
2.825033e+08
0
0
0
0
0
0
0
0
0
0
0
0
0
0
0
0
0
0
0
0
0
0
0
0
2.259259e+09
8.473945e+08
4.757048e+08
3.349861e+08
2.819288e+08
0
0
0
0
0
0
0
0
0
0
0
0
0
0
0
0
0
0
0
0
0
0
0
0
0
2.260879e+09
8.473007e+08
4.754973e+08
3.347537e+08
2.816796e+08
0
0
0
0
0
0
0
0
0
0
0
0
0
0
0
0
0
0
0
0
0
0
0
0
0
2.228885e+09
8.385814e+08
4.711494e+08
3.317341e+08
2.789716e+08
0
0
0
0
0
0
0
0
2.230978e+09
8.396998e+08
4.71891e+08
3.323279e+08
2.795515e+08
0
0
0
0
0
0
0
0
0
2.231353e+09
8.410495e+08
4.729956e+08
3.33261e+08
2.804131e+08
0
0
0
0
0
0
0
0
0
0
2.229914e+09
8.427806e+08
4.745912e+08
3.346956e+08
2.817639e+08
0
0
0
0
0
0
0
0
0
0
0
2.225381e+09
8.448805e+08
4.768973e+08
3.367642e+08
2.837287e+08
0
0
0
0
0
0
0
0
0
0
0
0
2.21899e+09
8.478264e+08
4.799588e+08
3.396232e+08
2.864624e+08
0
0
0
0
0
0
0
0
0
0
2.213095e+09
8.507821e+08
4.831064e+08
3.425e+08
2.892045e+08
0
0
0
0
0
0
0
0
0
0
2.208291e+09
8.531859e+08
4.856792e+08
3.448626e+08
2.914627e+08
0
0
0
0
0
0
0
0
0
0
2.205021e+09
8.548535e+08
4.874453e+08
3.464951e+08
2.93021e+08
0
0
0
0
0
0
0
0
0
0
2.20413e+09
8.55892e+08
4.88453e+08
3.473926e+08
2.939001e+08
0
0
0
0
0
0
0
0
0
0
2.206003e+09
8.564479e+08
4.887415e+08
3.476114e+08
2.940945e+08
0
0
0
0
0
0
0
0
0
0
2.210601e+09
8.565073e+08
4.883194e+08
3.471289e+08
2.935927e+08
0
0
0
0
0
0
0
0
0
0
2.217529e+09
8.559043e+08
4.871026e+08
3.458892e+08
2.9239e+08
0
0
0
0
0
0
0
0
0
0
2.225817e+09
8.544827e+08
4.850284e+08
3.43874e+08
2.904511e+08
0
0
0
0
0
0
0
0
0
0
0
2.234993e+09
8.523658e+08
4.823204e+08
3.412885e+08
2.879606e+08
0
0
0
0
0
0
0
0
0
0
0
0
2.244628e+09
8.502791e+08
4.795684e+08
3.386843e+08
2.854715e+08
0
0
0
0
0
0
0
0
0
0
0
0
0
0
0
0
0
0
0
0
0
0
0
2.25227e+09
8.489999e+08
4.776951e+08
3.368506e+08
2.837028e+08
0
0
0
0
0
0
0
0
0
0
0
0
0
0
0
0
0
0
0
0
0
0
0
0
2.257119e+09
8.480394e+08
4.764944e+08
3.356717e+08
2.825901e+08
0
0
0
0
0
0
0
0
0
0
0
0
0
0
0
0
0
0
0
0
0
0
0
0
0
2.260037e+09
8.476888e+08
4.758645e+08
3.350663e+08
2.819993e+08
0
0
0
0
0
0
0
0
0
0
0
0
0
0
0
0
0
0
0
0
0
0
0
0
0
2.261825e+09
8.475447e+08
4.756197e+08
3.348396e+08
2.817681e+08
0
0
0
0
0
0
0
0
0
0
0
0
0
0
0
0
0
0
0
0
0
0
0
0
0
2.231998e+09
8.394864e+08
4.716036e+08
3.320207e+08
2.792812e+08
0
0
0
0
0
0
0
0
0
2.233955e+09
8.405252e+08
4.723173e+08
3.325942e+08
2.798087e+08
0
0
0
0
0
0
0
0
0
0
2.234164e+09
8.417784e+08
4.733822e+08
3.335176e+08
2.806651e+08
0
0
0
0
0
0
0
0
0
0
0
2.232479e+09
8.435094e+08
4.749826e+08
3.349287e+08
2.820067e+08
0
0
0
0
0
0
0
0
0
0
0
0
2.227805e+09
8.456125e+08
4.772182e+08
3.370306e+08
2.839697e+08
0
0
0
0
0
0
0
0
0
0
0
0
0
2.221242e+09
8.484681e+08
4.803398e+08
3.398541e+08
2.866902e+08
0
0
0
0
0
0
0
0
0
0
2.21523e+09
8.514166e+08
4.834591e+08
3.427392e+08
2.894274e+08
0
0
0
0
0
0
0
0
0
0
2.210364e+09
8.538057e+08
4.86006e+08
3.450997e+08
2.916759e+08
0
0
0
0
0
0
0
0
0
0
2.207e+09
8.554306e+08
4.877656e+08
3.467237e+08
2.932301e+08
0
0
0
0
0
0
0
0
0
0
2.205994e+09
8.564568e+08
4.88753e+08
3.476226e+08
2.940773e+08
0
0
0
0
0
0
0
0
0
0
2.207695e+09
8.569848e+08
4.890257e+08
3.478181e+08
2.942613e+08
0
0
0
0
0
0
0
0
0
0
2.212222e+09
8.569881e+08
4.885808e+08
3.473141e+08
2.937637e+08
0
0
0
0
0
0
0
0
0
0
2.219068e+09
8.563578e+08
4.873325e+08
3.460582e+08
2.925385e+08
0
0
0
0
0
0
0
0
0
0
0
2.227203e+09
8.548795e+08
4.852484e+08
3.44026e+08
2.90579e+08
0
0
0
0
0
0
0
0
0
0
0
0
2.236348e+09
8.527284e+08
4.825025e+08
3.414237e+08
2.880803e+08
0
0
0
0
0
0
0
0
0
0
0
0
0
2.245785e+09
8.506402e+08
4.797613e+08
3.387871e+08
2.855651e+08
0
0
0
0
0
0
0
0
0
0
0
0
0
0
0
0
0
0
0
0
0
0
0
0
2.253398e+09
8.492506e+08
4.778799e+08
3.369607e+08
2.837901e+08
0
0
0
0
0
0
0
0
0
0
0
0
0
0
0
0
0
0
0
0
0
0
0
0
0
2.257971e+09
8.483419e+08
4.766192e+08
3.357956e+08
2.826549e+08
0
0
0
0
0
0
0
0
0
0
0
0
0
0
0
0
0
0
0
0
0
0
0
0
0
2.261222e+09
8.478823e+08
4.760034e+08
3.351741e+08
2.82065e+08
0
0
0
0
0
0
0
0
0
0
0
0
0
0
0
0
0
0
0
0
0
0
0
0
0
2.262823e+09
8.477913e+08
4.757307e+08
3.349224e+08
2.818391e+08
0
0
0
0
0
0
0
0
0
0
0
0
0
0
0
0
0
0
0
0
0
0
0
0
0
2.235043e+09
8.402539e+08
4.720221e+08
3.323144e+08
2.795154e+08
0
0
0
0
0
0
0
0
0
0
2.236547e+09
8.412877e+08
4.726933e+08
3.328705e+08
2.800271e+08
0
0
0
0
0
0
0
0
0
0
0
2.236565e+09
8.425018e+08
4.737165e+08
3.337692e+08
2.808758e+08
0
0
0
0
0
0
0
0
0
0
0
0
2.23469e+09
8.441675e+08
4.753244e+08
3.351863e+08
2.82199e+08
0
0
0
0
0
0
0
0
0
0
0
0
0
2.22987e+09
8.462461e+08
4.775624e+08
3.372408e+08
2.841918e+08
0
0
0
0
0
0
0
0
0
0
0
0
0
0
2.223469e+09
8.490619e+08
4.806429e+08
3.401095e+08
2.868824e+08
0
0
0
0
0
0
0
0
0
0
2.217332e+09
8.520001e+08
4.837638e+08
3.429755e+08
2.896278e+08
0
0
0
0
0
0
0
0
0
0
2.212326e+09
8.543728e+08
4.86309e+08
3.453194e+08
2.918752e+08
0
0
0
0
0
0
0
0
0
0
2.208873e+09
8.559812e+08
4.880505e+08
3.46939e+08
2.934226e+08
0
0
0
0
0
0
0
0
0
0
2.207701e+09
8.569835e+08
4.890316e+08
3.478259e+08
2.942707e+08
0
0
0
0
0
0
0
0
0
0
2.209354e+09
8.574555e+08
4.892927e+08
3.480101e+08
2.944356e+08
0
0
0
0
0
0
0
0
0
0
2.213774e+09
8.57439e+08
4.888158e+08
3.47492e+08
2.939195e+08
0
0
0
0
0
0
0
0
0
0
0
2.220514e+09
8.567878e+08
4.87555e+08
3.46213e+08
2.926807e+08
0
0
0
0
0
0
0
0
0
0
0
0
2.228548e+09
8.552537e+08
4.854402e+08
3.441744e+08
2.907065e+08
0
0
0
0
0
0
0
0
0
0
0
0
0
2.237532e+09
8.530971e+08
4.826763e+08
3.415452e+08
2.881932e+08
0
0
0
0
0
0
0
0
0
0
0
0
0
0
2.246972e+09
8.509505e+08
4.799326e+08
3.38916e+08
2.856506e+08
0
0
0
0
0
0
0
0
0
0
0
0
0
0
0
0
0
0
0
0
0
0
0
0
0
2.254383e+09
8.49548e+08
4.779999e+08
3.370803e+08
2.838818e+08
0
0
0
0
0
0
0
0
0
0
0
0
0
0
0
0
0
0
0
0
0
0
0
0
0
2.259307e+09
8.485592e+08
4.767605e+08
3.358787e+08
2.827576e+08
0
0
0
0
0
0
0
0
0
0
0
0
0
0
0
0
0
0
0
0
0
0
0
0
0
2.262129e+09
8.481959e+08
4.760965e+08
3.35266e+08
2.821552e+08
0
0
0
0
0
0
0
0
0
0
0
0
0
0
0
0
0
0
0
0
0
0
0
0
0
2.263918e+09
8.480535e+08
4.758497e+08
3.349939e+08
2.819083e+08
0
0
0
0
0
0
0
0
0
0
0
0
0
0
0
0
0
0
0
0
0
0
0
0
0
2.237529e+09
8.41039e+08
4.72366e+08
3.325865e+08
2.797571e+08
0
0
0
0
0
0
0
0
0
0
0
2.239e+09
8.419295e+08
4.730475e+08
3.331119e+08
2.802548e+08
0
0
0
0
0
0
0
0
0
0
0
0
2.238973e+09
8.431136e+08
4.74053e+08
3.339856e+08
2.810836e+08
0
0
0
0
0
0
0
0
0
0
0
0
0
2.236815e+09
8.447271e+08
4.756293e+08
3.354108e+08
2.824127e+08
0
0
0
0
0
0
0
0
0
0
0
0
0
0
2.231924e+09
8.467636e+08
4.778602e+08
3.374664e+08
2.843661e+08
0
0
0
0
0
0
0
0
0
0
0
0
0
0
0
2.225325e+09
8.49661e+08
4.809235e+08
3.403094e+08
2.870963e+08
0
0
0
0
0
0
0
0
0
0
2.219242e+09
8.525696e+08
4.840479e+08
3.431787e+08
2.898259e+08
0
0
0
0
0
0
0
0
0
0
2.214206e+09
8.549174e+08
4.865834e+08
3.455237e+08
2.920597e+08
0
0
0
0
0
0
0
0
0
0
2.210644e+09
8.565066e+08
4.883202e+08
3.471326e+08
2.936034e+08
0
0
0
0
0
0
0
0
0
0
2.209392e+09
8.574593e+08
4.892926e+08
3.480147e+08
2.94442e+08
0
0
0
0
0
0
0
0
0
0
2.210938e+09
8.579191e+08
4.895238e+08
3.48192e+08
2.94597e+08
0
0
0
0
0
0
0
0
0
0
0
2.215265e+09
8.578752e+08
4.89037e+08
3.476504e+08
2.940696e+08
0
0
0
0
0
0
0
0
0
0
0
0
2.221876e+09
8.571913e+08
4.877672e+08
3.463636e+08
2.928108e+08
0
0
0
0
0
0
0
0
0
0
0
0
0
2.22984e+09
8.556271e+08
4.85621e+08
3.443031e+08
2.908311e+08
0
0
0
0
0
0
0
0
0
0
0
0
0
0
2.238792e+09
8.534181e+08
4.828558e+08
3.416613e+08
2.882947e+08
0
0
0
0
0
0
0
0
0
0
0
0
0
0
0
2.247809e+09
8.512643e+08
4.800843e+08
3.390288e+08
2.85758e+08
0
0
0
0
0
0
0
0
0
0
0
0
0
0
0
0
0
0
0
0
0
0
0
0
0
2.255623e+09
8.497984e+08
4.781432e+08
3.371615e+08
2.839801e+08
0
0
0
0
0
0
0
0
0
0
0
0
0
0
0
0
0
0
0
0
0
0
0
0
0
2.260104e+09
8.48927e+08
4.768658e+08
3.35971e+08
2.828266e+08
0
0
0
0
0
0
0
0
0
0
0
0
0
0
0
0
0
0
0
0
0
0
0
0
0
2.263105e+09
8.484391e+08
4.762459e+08
3.353294e+08
2.822312e+08
0
0
0
0
0
0
0
0
0
0
0
0
0
0
0
0
0
0
0
0
0
0
0
0
0
2.264613e+09
8.48349e+08
4.759758e+08
3.350741e+08
2.819667e+08
0
0
0
0
0
0
0
0
0
0
0
0
0
0
0
0
0
0
0
0
0
0
0
0
0
2.239919e+09
8.416499e+08
4.727319e+08
3.328049e+08
2.799816e+08
0
0
0
0
0
0
0
0
0
0
0
0
2.241347e+09
8.425539e+08
4.733369e+08
3.333427e+08
2.804529e+08
0
0
0
0
0
0
0
0
0
0
0
0
0
2.241176e+09
8.43729e+08
4.74338e+08
3.342049e+08
2.812619e+08
0
0
0
0
0
0
0
0
0
0
0
0
0
0
2.238868e+09
8.452662e+08
4.758872e+08
3.356092e+08
2.825989e+08
0
0
0
0
0
0
0
0
0
0
0
0
0
0
0
2.233896e+09
8.473071e+08
4.780955e+08
3.376621e+08
2.845531e+08
0
0
0
0
0
0
0
0
0
0
0
0
0
0
0
0
2.227264e+09
8.501517e+08
4.812105e+08
3.404946e+08
2.872628e+08
0
0
0
0
0
0
0
0
0
0
2.221069e+09
8.530917e+08
4.843211e+08
3.433702e+08
2.89996e+08
0
0
0
0
0
0
0
0
0
0
2.215921e+09
8.554444e+08
4.868499e+08
3.457075e+08
2.922316e+08
0
0
0
0
0
0
0
0
0
0
2.212249e+09
8.570045e+08
4.885791e+08
3.473146e+08
2.937668e+08
0
0
0
0
0
0
0
0
0
0
2.210825e+09
8.579333e+08
4.895267e+08
3.481923e+08
2.946011e+08
0
0
0
0
0
0
0
0
0
0
0
2.212371e+09
8.583673e+08
4.897517e+08
3.483486e+08
2.947507e+08
0
0
0
0
0
0
0
0
0
0
0
0
2.216619e+09
8.582977e+08
4.892529e+08
3.478001e+08
2.942028e+08
0
0
0
0
0
0
0
0
0
0
0
0
0
2.223201e+09
8.575654e+08
4.879665e+08
3.465077e+08
2.929374e+08
0
0
0
0
0
0
0
0
0
0
0
0
0
0
2.231117e+09
8.559847e+08
4.858058e+08
3.444243e+08
2.909389e+08
0
0
0
0
0
0
0
0
0
0
0
0
0
0
0
2.239862e+09
8.537638e+08
4.83013e+08
3.417822e+08
2.883916e+08
0
0
0
0
0
0
0
0
0
0
0
0
0
0
0
2.249141e+09
8.514756e+08
4.80234e+08
3.39132e+08
2.858514e+08
0
0
0
0
0
0
0
0
0
0
0
0
0
0
0
0
0
0
0
0
0
0
0
0
0
2.256563e+09
8.501373e+08
4.782598e+08
3.372576e+08
2.840483e+08
0
0
0
0
0
0
0
0
0
0
0
0
0
0
0
0
0
0
0
0
0
0
0
0
0
2.260935e+09
8.491259e+08
4.770456e+08
3.360428e+08
2.829026e+08
0
0
0
0
0
0
0
0
0
0
0
0
0
0
0
0
0
0
0
0
0
0
0
0
0
2.263862e+09
8.486976e+08
4.763664e+08
3.354285e+08
2.822842e+08
0
0
0
0
0
0
0
0
0
0
0
0
0
0
0
0
0
0
0
0
0
0
0
0
0
2.265413e+09
8.485253e+08
4.761189e+08
3.351586e+08
2.820335e+08
0
0
0
0
0
0
0
0
0
0
0
0
0
0
0
0
0
0
0
0
0
0
0
0
0
2.242332e+09
8.422488e+08
4.730073e+08
3.330438e+08
2.8016e+08
0
0
0
0
0
0
0
0
0
0
0
0
0
2.243401e+09
8.431495e+08
4.736265e+08
3.335276e+08
2.806436e+08
0
0
0
0
0
0
0
0
0
0
0
0
0
0
2.243047e+09
8.442924e+08
4.746217e+08
3.343916e+08
2.814433e+08
0
0
0
0
0
0
0
0
0
0
0
0
0
0
0
2.240915e+09
8.457865e+08
4.761349e+08
3.357767e+08
2.827628e+08
0
0
0
0
0
0
0
0
0
0
0
0
0
0
0
0
2.23596e+09
8.478269e+08
4.78355e+08
3.378135e+08
2.847157e+08
0
0
0
0
0
0
0
0
0
0
0
0
0
0
0
0
0
2.22898e+09
8.506751e+08
4.814448e+08
3.406855e+08
2.874171e+08
0
0
0
0
0
0
0
0
0
0
2.22276e+09
8.535911e+08
4.845746e+08
3.43552e+08
2.90157e+08
0
0
0
0
0
0
0
0
0
0
2.217537e+09
8.559134e+08
4.871102e+08
3.458874e+08
2.923857e+08
0
0
0
0
0
0
0
0
0
0
2.213768e+09
8.574485e+08
4.888251e+08
3.474901e+08
2.9392e+08
0
0
0
0
0
0
0
0
0
0
0
2.212413e+09
8.583368e+08
4.897597e+08
3.483509e+08
2.94751e+08
0
0
0
0
0
0
0
0
0
0
0
0
2.213811e+09
8.587712e+08
4.899741e+08
3.485027e+08
2.948826e+08
0
0
0
0
0
0
0
0
0
0
0
0
0
2.21796e+09
8.586706e+08
4.894635e+08
3.479469e+08
2.943287e+08
0
0
0
0
0
0
0
0
0
0
0
0
0
0
2.224417e+09
8.579421e+08
4.881493e+08
3.466432e+08
2.930588e+08
0
0
0
0
0
0
0
0
0
0
0
0
0
0
0
2.23223e+09
8.56343e+08
4.85982e+08
3.445503e+08
2.910404e+08
0
0
0
0
0
0
0
0
0
0
0
0
0
0
0
2.241028e+09
8.540488e+08
4.831826e+08
3.418889e+08
2.884929e+08
0
0
0
0
0
0
0
0
0
0
0
0
0
0
0
2.250363e+09
8.518444e+08
4.803351e+08
3.392314e+08
2.859381e+08
0
0
0
0
0
0
0
0
0
0
0
0
0
0
0
0
0
0
0
0
0
0
0
0
0
2.257399e+09
8.503961e+08
4.784259e+08
3.373339e+08
2.841282e+08
0
0
0
0
0
0
0
0
0
0
0
0
0
0
0
0
0
0
0
0
0
0
0
0
0
2.261771e+09
8.493567e+08
4.771394e+08
3.361637e+08
2.829627e+08
0
0
0
0
0
0
0
0
0
0
0
0
0
0
0
0
0
0
0
0
0
0
0
0
0
2.264687e+09
8.488906e+08
4.764907e+08
3.35511e+08
2.823663e+08
0
0
0
0
0
0
0
0
0
0
0
0
0
0
0
0
0
0
0
0
0
0
0
0
0
2.266312e+09
8.487394e+08
4.762041e+08
3.352544e+08
2.821037e+08
0
0
0
0
0
0
0
0
0
0
0
0
0
0
0
0
0
0
0
0
0
0
0
0
0
2.244319e+09
8.428729e+08
4.732809e+08
3.332201e+08
2.803576e+08
0
0
0
0
0
0
0
0
0
0
0
0
0
0
2.245222e+09
8.43664e+08
4.739005e+08
3.337166e+08
2.807951e+08
0
0
0
0
0
0
0
0
0
0
0
0
0
0
0
2.2447e+09
8.447593e+08
4.748817e+08
3.345754e+08
2.81598e+08
0
0
0
0
0
0
0
0
0
0
0
0
0
0
0
0
2.242611e+09
8.463287e+08
4.763734e+08
3.359371e+08
2.829014e+08
0
0
0
0
0
0
0
0
0
0
0
0
0
0
0
0
0
2.23776e+09
8.483857e+08
4.786015e+08
3.379862e+08
2.848404e+08
0
0
0
0
0
0
0
0
0
0
0
0
0
0
0
0
0
0
2.230693e+09
8.511278e+08
4.816966e+08
3.408418e+08
2.875766e+08
0
0
0
0
0
0
0
0
0
0
2.224356e+09
8.540464e+08
4.84817e+08
3.437223e+08
2.90309e+08
0
0
0
0
0
0
0
0
0
0
2.219037e+09
8.563626e+08
4.873372e+08
3.460642e+08
2.92537e+08
0
0
0
0
0
0
0
0
0
0
0
2.215263e+09
8.578737e+08
4.890422e+08
3.476571e+08
2.940678e+08
0
0
0
0
0
0
0
0
0
0
0
0
2.213831e+09
8.587852e+08
4.899616e+08
3.485085e+08
2.948845e+08
0
0
0
0
0
0
0
0
0
0
0
0
0
2.215027e+09
8.591805e+08
4.901748e+08
3.486542e+08
2.950122e+08
0
0
0
0
0
0
0
0
0
0
0
0
0
0
2.219202e+09
8.590587e+08
4.896456e+08
3.480909e+08
2.944525e+08
0
0
0
0
0
0
0
0
0
0
0
0
0
0
0
2.225616e+09
8.58277e+08
4.883384e+08
3.467666e+08
2.93173e+08
0
0
0
0
0
0
0
0
0
0
0
0
0
0
0
2.233352e+09
8.566438e+08
4.861606e+08
3.4467e+08
2.911466e+08
0
0
0
0
0
0
0
0
0
0
0
0
0
0
0
2.242075e+09
8.543679e+08
4.833204e+08
3.420037e+08
2.885826e+08
0
0
0
0
0
0
0
0
0
0
0
0
0
0
0
2.251127e+09
8.521767e+08
4.805157e+08
3.392999e+08
2.860206e+08
0
0
0
0
0
0
0
0
0
0
0
0
0
0
0
0
0
0
0
0
0
0
0
0
0
2.258271e+09
8.506181e+08
4.785561e+08
3.374463e+08
2.84191e+08
0
0
0
0
0
0
0
0
0
0
0
0
0
0
0
0
0
0
0
0
0
0
0
0
0
2.262697e+09
8.495677e+08
4.772588e+08
3.362263e+08
2.830635e+08
0
0
0
0
0
0
0
0
0
0
0
0
0
0
0
0
0
0
0
0
0
0
0
0
0
2.265513e+09
8.491146e+08
4.765837e+08
3.355942e+08
2.824353e+08
0
0
0
0
0
0
0
0
0
0
0
0
0
0
0
0
0
0
0
0
0
0
0
0
0
2.267093e+09
8.48988e+08
4.763106e+08
3.353125e+08
2.821831e+08
0
0
0
0
0
0
0
0
0
0
0
0
0
0
0
0
0
0
0
0
0
0
0
0
0
2.246139e+09
8.433616e+08
4.735725e+08
3.333967e+08
2.805022e+08
0
0
0
0
0
0
0
0
0
0
0
0
0
0
0
2.246948e+09
8.441187e+08
4.741355e+08
3.338939e+08
2.809515e+08
0
0
0
0
0
0
0
0
0
0
0
0
0
0
0
0
2.24666e+09
8.451678e+08
4.750956e+08
3.347438e+08
2.817495e+08
0
0
0
0
0
0
0
0
0
0
0
0
0
0
0
0
0
2.244383e+09
8.467542e+08
4.766304e+08
3.36091e+08
2.830337e+08
0
0
0
0
0
0
0
0
0
0
0
0
0
0
0
0
0
0
2.239072e+09
8.488552e+08
4.788704e+08
3.381492e+08
2.849846e+08
0
0
0
0
0
0
0
0
0
0
0
0
0
0
0
0
0
0
0
2.232217e+09
8.515869e+08
4.819113e+08
3.410099e+08
2.877075e+08
0
0
0
0
0
0
0
0
0
0
2.225844e+09
8.54483e+08
4.850353e+08
3.438851e+08
2.904521e+08
0
0
0
0
0
0
0
0
0
0
0
2.220506e+09
8.567724e+08
4.875581e+08
3.462163e+08
2.92686e+08
0
0
0
0
0
0
0
0
0
0
0
0
2.216618e+09
8.582959e+08
4.892524e+08
3.478037e+08
2.942086e+08
0
0
0
0
0
0
0
0
0
0
0
0
0
2.215091e+09
8.591915e+08
4.901821e+08
3.486474e+08
2.950172e+08
0
0
0
0
0
0
0
0
0
0
0
0
0
0
2.216402e+09
8.595238e+08
4.903792e+08
3.487912e+08
2.9514e+08
0
0
0
0
0
0
0
0
0
0
0
0
0
0
0
2.220422e+09
8.594037e+08
4.898429e+08
3.482137e+08
2.94574e+08
0
0
0
0
0
0
0
0
0
0
0
0
0
0
0
2.226763e+09
8.58616e+08
4.885026e+08
3.468966e+08
2.932765e+08
0
0
0
0
0
0
0
0
0
0
0
0
0
0
0
2.234431e+09
8.569569e+08
4.863068e+08
3.447922e+08
2.912472e+08
0
0
0
0
0
0
0
0
0
0
0
0
0
0
0
2.243107e+09
8.546635e+08
4.834766e+08
3.420965e+08
2.886788e+08
0
0
0
0
0
0
0
0
0
0
0
0
0
0
0
2.251838e+09
8.523869e+08
4.806756e+08
3.394213e+08
2.860779e+08
0
0
0
0
0
0
0
0
0
0
0
0
0
0
0
0
0
0
0
0
0
0
0
0
0
2.259014e+09
8.508457e+08
4.786672e+08
3.375363e+08
2.842851e+08
0
0
0
0
0
0
0
0
0
0
0
0
0
0
0
0
0
0
0
0
0
0
0
0
0
2.263598e+09
8.498238e+08
4.773564e+08
3.363109e+08
2.831153e+08
0
0
0
0
0
0
0
0
0
0
0
0
0
0
0
0
0
0
0
0
0
0
0
0
0
2.266287e+09
8.493345e+08
4.766954e+08
3.356571e+08
2.825044e+08
0
0
0
0
0
0
0
0
0
0
0
0
0
0
0
0
0
0
0
0
0
0
0
0
0
2.267305e+09
8.492005e+08
4.764346e+08
3.353858e+08
2.822316e+08
0
0
0
0
0
0
0
0
0
0
0
0
0
0
0
0
0
0
0
0
0
0
0
0
0
2.247875e+09
8.438141e+08
4.737929e+08
3.335874e+08
2.806478e+08
0
0
0
0
0
0
0
0
0
0
0
0
0
0
0
0
2.248765e+09
8.445494e+08
4.743443e+08
3.340455e+08
2.810978e+08
0
0
0
0
0
0
0
0
0
0
0
0
0
0
0
0
0
2.248121e+09
8.456777e+08
4.752816e+08
3.348826e+08
2.818884e+08
0
0
0
0
0
0
0
0
0
0
0
0
0
0
0
0
0
0
2.245542e+09
8.472235e+08
4.768252e+08
3.362605e+08
2.831605e+08
0
0
0
0
0
0
0
0
0
0
0
0
0
0
0
0
0
0
0
2.240528e+09
8.491769e+08
4.790898e+08
3.383281e+08
2.851202e+08
0
0
0
0
0
0
0
0
0
0
0
0
0
0
0
0
0
0
0
0
2.233663e+09
8.519937e+08
4.821305e+08
3.411521e+08
2.87848e+08
0
0
0
0
0
0
0
0
0
0
0
2.227218e+09
8.548862e+08
4.852478e+08
3.440305e+08
2.905885e+08
0
0
0
0
0
0
0
0
0
0
0
0
2.22189e+09
8.571856e+08
4.87757e+08
3.46366e+08
2.928135e+08
0
0
0
0
0
0
0
0
0
0
0
0
0
2.217942e+09
8.586746e+08
4.89462e+08
3.479467e+08
2.943318e+08
0
0
0
0
0
0
0
0
0
0
0
0
0
0
2.216298e+09
8.595424e+08
4.903867e+08
3.487961e+08
2.951349e+08
0
0
0
0
0
0
0
0
0
0
0
0
0
0
0
2.217564e+09
8.599204e+08
4.905517e+08
3.48931e+08
2.952556e+08
0
0
0
0
0
0
0
0
0
0
0
0
0
0
0
2.221589e+09
8.597542e+08
4.900128e+08
3.483503e+08
2.946771e+08
0
0
0
0
0
0
0
0
0
0
0
0
0
0
0
2.227847e+09
8.589419e+08
4.886725e+08
3.470078e+08
2.933863e+08
0
0
0
0
0
0
0
0
0
0
0
0
0
0
0
2.235459e+09
8.572566e+08
4.864627e+08
3.448908e+08
2.913501e+08
0
0
0
0
0
0
0
0
0
0
0
0
0
0
0
2.24387e+09
8.549456e+08
4.836266e+08
3.42202e+08
2.887563e+08
0
0
0
0
0
0
0
0
0
0
0
0
0
0
0
2.252779e+09
8.52567e+08
4.807849e+08
3.395276e+08
2.86179e+08
0
0
0
0
0
0
0
0
0
0
0
0
0
0
0
0
0
0
0
0
0
0
0
0
0
2.259752e+09
8.510331e+08
4.787754e+08
3.376136e+08
2.843606e+08
0
0
0
0
0
0
0
0
0
0
0
0
0
0
0
0
0
0
0
0
0
0
0
0
0
2.264312e+09
8.500705e+08
4.774856e+08
3.363744e+08
2.83187e+08
0
0
0
0
0
0
0
0
0
0
0
0
0
0
0
0
0
0
0
0
0
0
0
0
0
2.266704e+09
8.495392e+08
4.768024e+08
3.35734e+08
2.825565e+08
0
0
0
0
0
0
0
0
0
0
0
0
0
0
0
0
0
0
0
0
0
0
0
0
0
2.268037e+09
8.492431e+08
4.76542e+08
3.354706e+08
2.822929e+08
0
0
0
0
0
0
0
0
0
0
0
0
0
0
0
0
0
0
0
0
0
0
0
0
0
2.249587e+09
8.442422e+08
4.739992e+08
3.337285e+08
2.808056e+08
0
0
0
0
0
0
0
0
0
0
0
0
0
0
0
0
0
2.250476e+09
8.450237e+08
4.745414e+08
3.341813e+08
2.812226e+08
0
0
0
0
0
0
0
0
0
0
0
0
0
0
0
0
0
0
2.249607e+09
8.460428e+08
4.755189e+08
3.350028e+08
2.82003e+08
0
0
0
0
0
0
0
0
0
0
0
0
0
0
0
0
0
0
0
2.247131e+09
8.474936e+08
4.770486e+08
3.363863e+08
2.833012e+08
0
0
0
0
0
0
0
0
0
0
0
0
0
0
0
0
0
0
0
0
2.242076e+09
8.495674e+08
4.792358e+08
3.384714e+08
2.852693e+08
0
0
0
0
0
0
0
0
0
0
0
0
0
0
0
0
0
0
0
0
0
2.234988e+09
8.52378e+08
4.823258e+08
3.412975e+08
2.879667e+08
0
0
0
0
0
0
0
0
0
0
0
0
2.228608e+09
8.552587e+08
4.854428e+08
3.441737e+08
2.907101e+08
0
0
0
0
0
0
0
0
0
0
0
0
0
2.223196e+09
8.575746e+08
4.879624e+08
3.464996e+08
2.929395e+08
0
0
0
0
0
0
0
0
0
0
0
0
0
0
2.219223e+09
8.590497e+08
4.896494e+08
3.480895e+08
2.944523e+08
0
0
0
0
0
0
0
0
0
0
0
0
0
0
0
2.217396e+09
8.598829e+08
4.905602e+08
3.489369e+08
2.952597e+08
0
0
0
0
0
0
0
0
0
0
0
0
0
0
0
2.218759e+09
8.602492e+08
4.907513e+08
3.4905e+08
2.953736e+08
0
0
0
0
0
0
0
0
0
0
0
0
0
0
0
2.222665e+09
8.600905e+08
4.901902e+08
3.484657e+08
2.947929e+08
0
0
0
0
0
0
0
0
0
0
0
0
0
0
0
2.228916e+09
8.592493e+08
4.888367e+08
3.471245e+08
2.934797e+08
0
0
0
0
0
0
0
0
0
0
0
0
0
0
0
2.236351e+09
8.575513e+08
4.866117e+08
3.449975e+08
2.914327e+08
0
0
0
0
0
0
0
0
0
0
0
0
0
0
0
2.244864e+09
8.551504e+08
4.837649e+08
3.423061e+08
2.888446e+08
0
0
0
0
0
0
0
0
0
0
0
0
0
0
0
2.253708e+09
8.528288e+08
4.808707e+08
3.396057e+08
2.862672e+08
0
0
0
0
0
0
0
0
0
0
0
0
0
0
0
0
0
0
0
0
0
0
0
0
0
2.260572e+09
8.512375e+08
4.788653e+08
3.376852e+08
2.844258e+08
0
0
0
0
0
0
0
0
0
0
0
0
0
0
0
0
0
0
0
0
0
0
0
0
0
2.264694e+09
8.502573e+08
4.776072e+08
3.364638e+08
2.832389e+08
0
0
0
0
0
0
0
0
0
0
0
0
0
0
0
0
0
0
0
0
0
0
0
0
0
2.267182e+09
8.49651e+08
4.769035e+08
3.358062e+08
2.826209e+08
0
0
0
0
0
0
0
0
0
0
0
0
0
0
0
0
0
0
0
0
0
0
0
0
0
8.494309e+08
4.765626e+08
3.355453e+08
2.823637e+08
0
0
0
0
0
0
0
0
0
0
0
0
0
0
0
0
0
0
0
0
0
0
0
0
0
2.25114e+09
8.446763e+08
4.741927e+08
3.338618e+08
2.809215e+08
0
0
0
0
0
0
0
0
0
0
0
0
0
0
0
0
0
0
2.251663e+09
8.454551e+08
4.747653e+08
3.343089e+08
2.813349e+08
0
0
0
0
0
0
0
0
0
0
0
0
0
0
0
0
0
0
0
2.251032e+09
8.464216e+08
4.756875e+08
3.351569e+08
2.821021e+08
0
0
0
0
0
0
0
0
0
0
0
0
0
0
0
0
0
0
0
0
2.248529e+09
8.479198e+08
4.771673e+08
3.365343e+08
2.834047e+08
0
0
0
0
0
0
0
0
0
0
0
0
0
0
0
0
0
0
0
0
0
2.243249e+09
8.499778e+08
4.794253e+08
3.385661e+08
2.853878e+08
0
0
0
0
0
0
0
0
0
0
0
0
0
0
0
0
0
0
0
0
0
0
2.236322e+09
8.527274e+08
4.825094e+08
3.414279e+08
2.880879e+08
0
0
0
0
0
0
0
0
0
0
0
0
0
2.229891e+09
8.556493e+08
4.856237e+08
3.443045e+08
2.908303e+08
0
0
0
0
0
0
0
0
0
0
0
0
0
0
2.224429e+09
8.579353e+08
4.881557e+08
3.466399e+08
2.930516e+08
0
0
0
0
0
0
0
0
0
0
0
0
0
0
0
2.220453e+09
8.594143e+08
4.89837e+08
3.482172e+08
2.945728e+08
0
0
0
0
0
0
0
0
0
0
0
0
0
0
0
2.218747e+09
8.60198e+08
4.907301e+08
3.490551e+08
2.953788e+08
0
0
0
0
0
0
0
0
0
0
0
0
0
0
0
2.219851e+09
8.605943e+08
4.909159e+08
3.491869e+08
2.954743e+08
0
0
0
0
0
0
0
0
0
0
0
0
0
0
0
2.223803e+09
8.603969e+08
4.903609e+08
3.485881e+08
2.948899e+08
0
0
0
0
0
0
0
0
0
0
0
0
0
0
0
2.229848e+09
8.595571e+08
4.889916e+08
3.472377e+08
2.935782e+08
0
0
0
0
0
0
0
0
0
0
0
0
0
0
0
2.237328e+09
8.577955e+08
4.867624e+08
3.450995e+08
2.915224e+08
0
0
0
0
0
0
0
0
0
0
0
0
0
0
0
2.245744e+09
8.554288e+08
4.838673e+08
3.423997e+08
2.889324e+08
0
0
0
0
0
0
0
0
0
0
0
0
0
0
0
2.254447e+09
8.530891e+08
4.810032e+08
3.396635e+08
2.863337e+08
0
0
0
0
0
0
0
0
0
0
0
0
0
0
0
0
0
0
0
0
0
0
0
0
0
2.261303e+09
8.514553e+08
4.789696e+08
3.377462e+08
2.844848e+08
0
0
0
0
0
0
0
0
0
0
0
0
0
0
0
0
0
0
0
0
0
0
0
0
0
2.265398e+09
8.503568e+08
4.777e+08
3.365464e+08
2.833139e+08
0
0
0
0
0
0
0
0
0
0
0
0
0
0
0
0
0
0
0
0
0
0
0
0
0
8.497544e+08
4.769617e+08
3.358757e+08
2.82681e+08
0
0
0
0
0
0
0
0
0
0
0
0
0
0
0
0
0
0
0
0
0
0
0
0
0
4.766498e+08
3.355607e+08
2.824264e+08
0
0
0
0
0
0
0
0
0
0
0
0
0
0
0
0
0
0
0
0
0
0
0
0
0
2.252594e+09
8.450736e+08
4.743931e+08
3.339859e+08
2.810314e+08
0
0
0
0
0
0
0
0
0
0
0
0
0
0
0
0
0
0
0
2.253288e+09
8.45732e+08
4.749616e+08
3.344564e+08
2.814401e+08
0
0
0
0
0
0
0
0
0
0
0
0
0
0
0
0
0
0
0
0
2.252258e+09
8.467814e+08
4.758638e+08
3.352674e+08
2.822292e+08
0
0
0
0
0
0
0
0
0
0
0
0
0
0
0
0
0
0
0
0
0
2.249985e+09
8.482754e+08
4.773738e+08
3.366101e+08
2.835279e+08
0
0
0
0
0
0
0
0
0
0
0
0
0
0
0
0
0
0
0
0
0
0
2.244586e+09
8.502749e+08
4.796209e+08
3.386936e+08
2.854662e+08
0
0
0
0
0
0
0
0
0
0
0
0
0
0
0
0
0
0
0
0
0
0
0
2.237638e+09
8.530931e+08
4.826759e+08
3.415503e+08
2.881968e+08
0
0
0
0
0
0
0
0
0
0
0
0
0
0
2.231106e+09
8.560012e+08
4.858181e+08
3.444263e+08
2.909399e+08
0
0
0
0
0
0
0
0
0
0
0
0
0
0
0
2.225635e+09
8.582793e+08
4.883328e+08
3.467718e+08
2.9317e+08
0
0
0
0
0
0
0
0
0
0
0
0
0
0
0
2.221599e+09
8.597609e+08
4.900199e+08
3.483457e+08
2.946803e+08
0
0
0
0
0
0
0
0
0
0
0
0
0
0
0
2.219751e+09
8.605862e+08
4.908918e+08
3.491716e+08
2.954785e+08
0
0
0
0
0
0
0
0
0
0
0
0
0
0
0
2.220949e+09
8.609096e+08
4.910908e+08
3.493e+08
2.955899e+08
0
0
0
0
0
0
0
0
0
0
0
0
0
0
0
2.224717e+09
8.607233e+08
4.905155e+08
3.487062e+08
2.949934e+08
0
0
0
0
0
0
0
0
0
0
0
0
0
0
0
2.23083e+09
8.598169e+08
4.891484e+08
3.473445e+08
2.936737e+08
0
0
0
0
0
0
0
0
0
0
0
0
0
0
0
2.238165e+09
8.580734e+08
4.868834e+08
3.452045e+08
2.916081e+08
0
0
0
0
0
0
0
0
0
0
0
0
0
0
0
2.246625e+09
8.556796e+08
4.840073e+08
3.42471e+08
2.890107e+08
0
0
0
0
0
0
0
0
0
0
0
0
0
0
0
2.25512e+09
8.532888e+08
4.811337e+08
3.397554e+08
2.863818e+08
0
0
0
0
0
0
0
0
0
0
0
0
0
0
0
0
0
0
0
0
0
0
0
0
0
2.262065e+09
8.51673e+08
4.790764e+08
3.378193e+08
2.845355e+08
0
0
0
0
0
0
0
0
0
0
0
0
0
0
0
0
0
0
0
0
0
0
0
0
0
8.50532e+08
4.777504e+08
3.366108e+08
2.833828e+08
0
0
0
0
0
0
0
0
0
0
0
0
0
0
0
0
0
0
0
0
0
0
0
0
0
4.770038e+08
3.359174e+08
2.82739e+08
0
0
0
0
0
0
0
0
0
0
0
0
0
0
0
0
0
0
0
0
0
0
0
0
0
3.356174e+08
2.824396e+08
0
0
0
0
0
0
0
0
0
0
0
0
0
0
0
0
0
0
0
0
0
0
0
0
0
2.254115e+09
8.454322e+08
4.745801e+08
3.34116e+08
2.811333e+08
0
0
0
0
0
0
0
0
0
0
0
0
0
0
0
0
0
0
0
0
2.25454e+09
8.461601e+08
4.750832e+08
3.345822e+08
2.815624e+08
0
0
0
0
0
0
0
0
0
0
0
0
0
0
0
0
0
0
0
0
0
2.253758e+09
8.470854e+08
4.760299e+08
3.353827e+08
2.823209e+08
0
0
0
0
0
0
0
0
0
0
0
0
0
0
0
0
0
0
0
0
0
0
2.250984e+09
8.486663e+08
4.775371e+08
3.367487e+08
2.835902e+08
0
0
0
0
0
0
0
0
0
0
0
0
0
0
0
0
0
0
0
0
0
0
0
2.245868e+09
8.506299e+08
4.79759e+08
3.388237e+08
2.85573e+08
0
0
0
0
0
0
0
0
0
0
0
0
0
0
0
0
0
0
0
0
0
0
0
0
2.238846e+09
8.534536e+08
4.828554e+08
3.41661e+08
2.882991e+08
0
0
0
0
0
0
0
0
0
0
0
0
0
0
0
2.232241e+09
8.563356e+08
4.859907e+08
3.445591e+08
2.910421e+08
0
0
0
0
0
0
0
0
0
0
0
0
0
0
0
2.226808e+09
8.586225e+08
4.885032e+08
3.468918e+08
2.932812e+08
0
0
0
0
0
0
0
0
0
0
0
0
0
0
0
2.222684e+09
8.600958e+08
4.901921e+08
3.484712e+08
2.947888e+08
0
0
0
0
0
0
0
0
0
0
0
0
0
0
0
2.220915e+09
8.608815e+08
4.910851e+08
3.49285e+08
2.955768e+08
0
0
0
0
0
0
0
0
0
0
0
0
0
0
0
2.221935e+09
8.612238e+08
4.912517e+08
3.494207e+08
2.956853e+08
0
0
0
0
0
0
0
0
0
0
0
0
0
0
0
2.225703e+09
8.609864e+08
4.906796e+08
3.48813e+08
2.950933e+08
0
0
0
0
0
0
0
0
0
0
0
0
0
0
0
2.231631e+09
8.600973e+08
4.892785e+08
3.474534e+08
2.937639e+08
0
0
0
0
0
0
0
0
0
0
0
0
0
0
0
2.239159e+09
8.583136e+08
4.870249e+08
3.452874e+08
2.91697e+08
0
0
0
0
0
0
0
0
0
0
0
0
0
0
0
2.247217e+09
8.559253e+08
4.841348e+08
3.425675e+08
2.890708e+08
0
0
0
0
0
0
0
0
0
0
0
0
0
0
0
2.255858e+09
8.534809e+08
4.812346e+08
3.398449e+08
2.86459e+08
0
0
0
0
0
0
0
0
0
0
0
0
0
0
0
0
0
0
0
0
0
0
0
0
0
8.518629e+08
4.791901e+08
3.378922e+08
2.845972e+08
0
0
0
0
0
0
0
0
0
0
0
0
0
0
0
0
0
0
0
0
0
0
0
0
0
4.778302e+08
3.366464e+08
2.834367e+08
0
0
0
0
0
0
0
0
0
0
0
0
0
0
0
0
0
0
0
0
0
0
0
0
0
3.359429e+08
2.827744e+08
0
0
0
0
0
0
0
0
0
0
0
0
0
0
0
0
0
0
0
0
0
0
0
0
0
2.824862e+08
0
0
0
0
0
0
0
0
0
0
0
0
0
0
0
0
0
0
0
0
0
0
0
0
0
2.255282e+09
8.458262e+08
4.747409e+08
3.342397e+08
2.812407e+08
0
0
0
0
0
0
0
0
0
0
0
0
0
0
0
0
0
0
0
0
0
2.255422e+09
8.464742e+08
4.752859e+08
3.346595e+08
2.816657e+08
0
0
0
0
0
0
0
0
0
0
0
0
0
0
0
0
0
0
0
0
0
0
2.254841e+09
8.474838e+08
4.761692e+08
3.354908e+08
2.824162e+08
0
0
0
0
0
0
0
0
0
0
0
0
0
0
0
0
0
0
0
0
0
0
0
2.252332e+09
8.489055e+08
4.777257e+08
3.368543e+08
2.83706e+08
0
0
0
0
0
0
0
0
0
0
0
0
0
0
0
0
0
0
0
0
0
0
0
0
2.246878e+09
8.509751e+08
4.799288e+08
3.389142e+08
2.856814e+08
0
0
0
0
0
0
0
0
0
0
0
0
0
0
0
0
0
0
0
0
0
0
0
0
0
2.239954e+09
8.53782e+08
4.83032e+08
3.417827e+08
2.883914e+08
0
0
0
0
0
0
0
0
0
0
0
0
0
0
0
2.23337e+09
8.566461e+08
4.86155e+08
3.44676e+08
2.911541e+08
0
0
0
0
0
0
0
0
0
0
0
0
0
0
0
2.227856e+09
8.589626e+08
4.88676e+08
3.470079e+08
2.93382e+08
0
0
0
0
0
0
0
0
0
0
0
0
0
0
0
2.223759e+09
8.60398e+08
4.903644e+08
3.485886e+08
2.948948e+08
0
0
0
0
0
0
0
0
0
0
0
0
0
0
0
2.221874e+09
8.612133e+08
4.912398e+08
3.494161e+08
2.956733e+08
0
0
0
0
0
0
0
0
0
0
0
0
0
0
0
2.222901e+09
8.615103e+08
4.914101e+08
3.495325e+08
2.957873e+08
0
0
0
0
0
0
0
0
0
0
0
0
0
0
0
2.226545e+09
8.612718e+08
4.908153e+08
3.489256e+08
2.951835e+08
0
0
0
0
0
0
0
0
0
0
0
0
0
0
0
2.23269e+09
8.603217e+08
4.894214e+08
3.475429e+08
2.938559e+08
0
0
0
0
0
0
0
0
0
0
0
0
0
0
0
2.23977e+09
8.585939e+08
4.871482e+08
3.453858e+08
2.917665e+08
0
0
0
0
0
0
0
0
0
0
0
0
0
0
0
2.247977e+09
8.560979e+08
4.842605e+08
3.426558e+08
2.891518e+08
0
0
0
0
0
0
0
0
0
0
0
0
0
0
0
8.536693e+08
4.813324e+08
3.399153e+08
2.865339e+08
0
0
0
0
0
0
0
0
0
0
0
0
0
0
0
0
0
0
0
0
0
0
0
0
0
4.792757e+08
3.379718e+08
2.846579e+08
0
0
0
0
0
0
0
0
0
0
0
0
0
0
0
0
0
0
0
0
0
0
0
0
0
3.366979e+08
2.834668e+08
0
0
0
0
0
0
0
0
0
0
0
0
0
0
0
0
0
0
0
0
0
0
0
0
0
2.827947e+08
0
0
0
0
0
0
0
0
0
0
0
0
0
0
0
0
0
0
0
0
0
0
0
0
0
0
0
0
0
0
0
0
0
0
0
0
0
0
0
0
0
0
0
0
0
0
0
0
0
0
2.256494e+09
8.461101e+08
4.749258e+08
3.34342e+08
2.813435e+08
0
0
0
0
0
0
0
0
0
0
0
0
0
0
0
0
0
0
0
0
0
0
2.256913e+09
8.466754e+08
4.754312e+08
3.347932e+08
2.817289e+08
0
0
0
0
0
0
0
0
0
0
0
0
0
0
0
0
0
0
0
0
0
0
0
2.256056e+09
8.47757e+08
4.763584e+08
3.355815e+08
2.825054e+08
0
0
0
0
0
0
0
0
0
0
0
0
0
0
0
0
0
0
0
0
0
0
0
0
2.253433e+09
8.492731e+08
4.778332e+08
3.369803e+08
2.83793e+08
0
0
0
0
0
0
0
0
0
0
0
0
0
0
0
0
0
0
0
0
0
0
0
0
0
2.248174e+09
8.512426e+08
4.800961e+08
3.390271e+08
2.857564e+08
0
0
0
0
0
0
0
0
0
0
0
0
0
0
0
0
0
0
0
0
0
0
0
0
0
2.241113e+09
8.540873e+08
4.831921e+08
3.419021e+08
2.884937e+08
0
0
0
0
0
0
0
0
0
0
0
0
0
0
0
2.234466e+09
8.569614e+08
4.863074e+08
3.447876e+08
2.912522e+08
0
0
0
0
0
0
0
0
0
0
0
0
0
0
0
2.228899e+09
8.592536e+08
4.888498e+08
3.47127e+08
2.934797e+08
0
0
0
0
0
0
0
0
0
0
0
0
0
0
0
2.224701e+09
8.607156e+08
4.905138e+08
3.48709e+08
2.949934e+08
0
0
0
0
0
0
0
0
0
0
0
0
0
0
0
2.222817e+09
8.614907e+08
4.914053e+08
3.495258e+08
2.957832e+08
0
0
0
0
0
0
0
0
0
0
0
0
0
0
0
2.223768e+09
8.617906e+08
4.915572e+08
3.496416e+08
2.95882e+08
0
0
0
0
0
0
0
0
0
0
0
0
0
0
0
2.227565e+09
8.615144e+08
4.909619e+08
3.49021e+08
2.952781e+08
0
0
0
0
0
0
0
0
0
0
0
0
0
0
0
2.233283e+09
8.606379e+08
4.895343e+08
3.476423e+08
2.939312e+08
0
0
0
0
0
0
0
0
0
0
0
0
0
0
0
2.240622e+09
8.587812e+08
4.872905e+08
3.45472e+08
2.918495e+08
0
0
0
0
0
0
0
0
0
0
0
0
0
0
0
8.56294e+08
4.843505e+08
3.427439e+08
2.892262e+08
0
0
0
0
0
0
0
0
0
0
0
0
0
0
0
4.814209e+08
3.399832e+08
2.865932e+08
0
0
0
0
0
0
0
0
0
0
0
0
0
0
0
0
0
0
0
0
0
0
0
0
0
3.380264e+08
2.847251e+08
0
0
0
0
0
0
0
0
0
0
0
0
0
0
0
0
0
0
0
0
0
0
0
0
0
2.835091e+08
0
0
0
0
0
0
0
0
0
0
0
0
0
0
0
0
0
0
0
0
0
0
0
0
0
0
0
0
0
0
0
0
0
0
0
0
0
0
0
0
0
0
0
0
0
0
0
0
0
0
0
0
0
0
0
0
0
0
0
0
0
0
0
0
0
0
0
0
0
0
0
0
0
0
2.257789e+09
8.464198e+08
4.750544e+08
3.344632e+08
2.814272e+08
0
0
0
0
0
0
0
0
0
0
0
0
0
0
0
0
0
0
0
0
0
0
0
2.25802e+09
8.470744e+08
4.755199e+08
3.348881e+08
2.818398e+08
0
0
0
0
0
0
0
0
0
0
0
0
0
0
0
0
0
0
0
0
0
0
0
0
2.257087e+09
8.480764e+08
4.764862e+08
3.357061e+08
2.825804e+08
0
0
0
0
0
0
0
0
0
0
0
0
0
0
0
0
0
0
0
0
0
0
0
0
0
2.254702e+09
8.495606e+08
4.780127e+08
3.370497e+08
2.838979e+08
0
0
0
0
0
0
0
0
0
0
0
0
0
0
0
0
0
0
0
0
0
0
0
0
0
2.249107e+09
8.515936e+08
4.802274e+08
3.391394e+08
2.858503e+08
0
0
0
0
0
0
0
0
0
0
0
0
0
0
0
0
0
0
0
0
0
0
0
0
0
2.242029e+09
8.544033e+08
4.833442e+08
3.420102e+08
2.885936e+08
0
0
0
0
0
0
0
0
0
0
0
0
0
0
0
2.235483e+09
8.572758e+08
4.864648e+08
3.44891e+08
2.913459e+08
0
0
0
0
0
0
0
0
0
0
0
0
0
0
0
2.229864e+09
8.595515e+08
4.889942e+08
3.472478e+08
2.935803e+08
0
0
0
0
0
0
0
0
0
0
0
0
0
0
0
2.225733e+09
8.609804e+08
4.906788e+08
3.488106e+08
2.950958e+08
0
0
0
0
0
0
0
0
0
0
0
0
0
0
0
2.223737e+09
8.61769e+08
4.915471e+08
3.496386e+08
2.958768e+08
0
0
0
0
0
0
0
0
0
0
0
0
0
0
0
2.224779e+09
8.620455e+08
4.917018e+08
3.497442e+08
2.959739e+08
0
0
0
0
0
0
0
0
0
0
0
0
0
0
0
2.228178e+09
8.618144e+08
4.910863e+08
3.491233e+08
2.953591e+08
0
0
0
0
0
0
0
0
0
0
0
0
0
0
0
2.234201e+09
8.608156e+08
4.897008e+08
3.477203e+08
2.94015e+08
0
0
0
0
0
0
0
0
0
0
0
0
0
0
0
8.590045e+08
4.873911e+08
3.455707e+08
2.919225e+08
0
0
0
0
0
0
0
0
0
0
0
0
0
0
0
4.844435e+08
3.428076e+08
2.893004e+08
0
0
0
0
0
0
0
0
0
0
0
0
0
0
0
3.400417e+08
2.866502e+08
0
0
0
0
0
0
0
0
0
0
0
0
0
0
0
0
0
0
0
0
0
0
0
0
0
2.847697e+08
0
0
0
0
0
0
0
0
0
0
0
0
0
0
0
0
0
0
0
0
0
0
0
0
0
0
0
0
0
0
0
0
0
0
0
0
0
0
0
0
0
0
0
0
0
0
0
0
0
0
0
0
0
0
0
0
0
0
0
0
0
0
0
0
0
0
0
0
0
0
0
0
0
0
0
0
0
0
0
0
0
0
0
0
0
0
0
0
0
0
0
0
0
0
0
0
0
2.258855e+09
8.467584e+08
4.752e+08
3.345464e+08
2.815275e+08
0
0
0
0
0
0
0
0
0
0
0
0
0
0
0
0
0
0
0
0
0
0
0
0
2.259092e+09
8.473555e+08
4.757109e+08
3.349452e+08
2.819182e+08
0
0
0
0
0
0
0
0
0
0
0
0
0
0
0
0
0
0
0
0
0
0
0
0
0
2.25824e+09
8.483364e+08
4.766389e+08
3.357903e+08
2.826834e+08
0
0
0
0
0
0
0
0
0
0
0
0
0
0
0
0
0
0
0
0
0
0
0
0
0
2.255504e+09
8.499089e+08
4.781505e+08
3.371705e+08
2.83955e+08
0
0
0
0
0
0
0
0
0
0
0
0
0
0
0
0
0
0
0
0
0
0
0
0
0
2.250038e+09
8.518399e+08
4.803959e+08
3.392292e+08
2.85944e+08
0
0
0
0
0
0
0
0
0
0
0
0
0
0
0
0
0
0
0
0
0
0
0
0
0
2.243083e+09
8.546508e+08
4.834982e+08
3.421147e+08
2.886842e+08
0
0
0
0
0
0
0
0
0
0
0
0
0
0
0
2.236403e+09
8.575594e+08
4.866249e+08
3.44999e+08
2.914327e+08
0
0
0
0
0
0
0
0
0
0
0
0
0
0
0
2.230849e+09
8.598236e+08
4.891455e+08
3.473465e+08
2.936826e+08
0
0
0
0
0
0
0
0
0
0
0
0
0
0
0
2.226541e+09
8.612812e+08
4.908119e+08
3.489268e+08
2.95181e+08
0
0
0
0
0
0
0
0
0
0
0
0
0
0
0
2.224752e+09
8.620337e+08
4.916934e+08
3.497374e+08
2.959715e+08
0
0
0
0
0
0
0
0
0
0
0
0
0
0
0
2.225382e+09
8.623375e+08
4.918336e+08
3.498456e+08
2.960607e+08
0
0
0
0
0
0
0
0
0
0
0
0
0
0
0
2.229166e+09
8.619977e+08
4.912427e+08
3.492102e+08
2.954457e+08
0
0
0
0
0
0
0
0
0
0
0
0
0
0
0
8.610641e+08
4.897947e+08
3.478384e+08
2.940807e+08
0
0
0
0
0
0
0
0
0
0
0
0
0
0
0
4.874967e+08
3.45643e+08
2.920054e+08
0
0
0
0
0
0
0
0
0
0
0
0
0
0
0
3.428697e+08
2.893545e+08
0
0
0
0
0
0
0
0
0
0
0
0
0
0
0
2.866988e+08
0
0
0
0
0
0
0
0
0
0
0
0
0
0
0
0
0
0
0
0
0
0
0
0
0
0
0
0
0
0
0
0
0
0
0
0
0
0
0
0
0
0
0
0
0
0
0
0
0
0
0
0
0
0
0
0
0
0
0
0
0
0
0
0
0
0
0
0
0
0
0
0
0
0
0
0
0
0
0
0
0
0
0
0
0
0
0
0
0
0
0
0
0
0
0
0
0
0
0
0
0
0
0
0
0
0
0
0
0
0
0
0
0
0
0
0
0
0
0
2.259962e+09
8.470214e+08
4.753608e+08
3.346425e+08
2.815959e+08
0
0
0
0
0
0
0
0
0
0
0
0
0
0
0
0
0
0
0
0
0
0
0
0
0
2.259999e+09
8.476375e+08
4.758415e+08
3.350717e+08
2.819651e+08
0
0
0
0
0
0
0
0
0
0
0
0
0
0
0
0
0
0
0
0
0
0
0
0
0
2.259179e+09
8.486464e+08
4.767601e+08
3.358923e+08
2.827532e+08
0
0
0
0
0
0
0
0
0
0
0
0
0
0
0
0
0
0
0
0
0
0
0
0
0
2.256558e+09
8.501083e+08
4.783206e+08
3.372628e+08
2.840557e+08
0
0
0
0
0
0
0
0
0
0
0
0
0
0
0
0
0
0
0
0
0
0
0
0
0
2.251154e+09
8.520848e+08
4.805159e+08
3.39341e+08
2.860195e+08
0
0
0
0
0
0
0
0
0
0
0
0
0
0
0
0
0
0
0
0
0
0
0
0
0
2.243964e+09
8.549413e+08
4.836211e+08
3.422183e+08
2.887722e+08
0
0
0
0
0
0
0
0
0
0
0
0
0
0
0
2.237399e+09
8.578146e+08
4.867666e+08
3.451101e+08
2.915236e+08
0
0
0
0
0
0
0
0
0
0
0
0
0
0
0
2.231695e+09
8.601074e+08
4.892824e+08
3.474514e+08
2.937656e+08
0
0
0
0
0
0
0
0
0
0
0
0
0
0
0
2.227606e+09
8.615136e+08
4.909667e+08
3.490185e+08
2.952797e+08
0
0
0
0
0
0
0
0
0
0
0
0
0
0
0
2.22541e+09
8.623317e+08
4.918267e+08
3.498414e+08
2.960551e+08
0
0
0
0
0
0
0
0
0
0
0
0
0
0
0
2.226357e+09
8.625251e+08
4.919839e+08
3.49938e+08
2.961466e+08
0
0
0
0
0
0
0
0
0
0
0
0
0
0
0
8.622719e+08
4.913389e+08
3.493206e+08
2.955192e+08
0
0
0
0
0
0
0
0
0
0
0
0
0
0
0
4.899149e+08
3.479052e+08
2.94181e+08
0
0
0
0
0
0
0
0
0
0
0
0
0
0
0
3.45713e+08
2.920673e+08
0
0
0
0
0
0
0
0
0
0
0
0
0
0
0
2.894066e+08
0
0
0
0
0
0
0
0
0
0
0
0
0
0
0
0
0
0
0
0
0
0
0
0
0
0
0
0
0
0
0
0
0
0
0
0
0
0
0
0
0
0
0
0
0
0
0
0
0
0
0
0
0
0
0
0
0
0
0
0
0
0
0
0
0
0
0
0
0
0
0
0
0
0
0
0
0
0
0
0
0
0
0
0
0
0
0
0
0
0
0
0
0
0
0
0
0
0
0
0
0
0
0
0
0
0
0
0
0
0
0
0
0
0
0
0
0
0
0
0
0
0
0
0
0
0
0
0
0
0
2.261085e+09
8.473094e+08
4.754805e+08
3.34749e+08
2.816755e+08
0
0
0
0
0
0
0
0
0
0
0
0
0
0
0
0
0
0
0
0
0
0
0
0
0
2.26132e+09
8.478736e+08
4.759781e+08
3.351572e+08
2.820701e+08
0
0
0
0
0
0
0
0
0
0
0
0
0
0
0
0
0
0
0
0
0
0
0
0
0
2.260336e+09
8.488858e+08
4.769111e+08
3.359719e+08
2.82838e+08
0
0
0
0
0
0
0
0
0
0
0
0
0
0
0
0
0
0
0
0
0
0
0
0
0
2.257616e+09
8.503933e+08
4.784153e+08
3.373772e+08
2.841326e+08
0
0
0
0
0
0
0
0
0
0
0
0
0
0
0
0
0
0
0
0
0
0
0
0
0
2.252214e+09
8.523928e+08
4.806345e+08
3.394227e+08
2.861121e+08
0
0
0
0
0
0
0
0
0
0
0
0
0
0
0
0
0
0
0
0
0
0
0
0
0
2.244881e+09
8.551833e+08
4.837641e+08
3.42303e+08
2.888587e+08
0
0
0
0
0
0
0
0
0
0
0
0
0
0
0
2.238184e+09
8.581012e+08
4.868941e+08
3.452073e+08
2.916175e+08
0
0
0
0
0
0
0
0
0
0
0
0
0
0
0
2.232686e+09
8.603546e+08
4.89428e+08
3.475458e+08
2.938542e+08
0
0
0
0
0
0
0
0
0
0
0
0
0
0
0
2.228181e+09
8.618304e+08
4.910858e+08
3.491265e+08
2.95357e+08
0
0
0
0
0
0
0
0
0
0
0
0
0
0
0
2.226302e+09
8.625338e+08
4.919823e+08
3.499329e+08
2.961436e+08
0
0
0
0
0
0
0
0
0
0
0
0
0
0
0
8.627967e+08
4.920854e+08
3.500432e+08
2.96225e+08
0
0
0
0
0
0
0
0
0
0
0
0
0
0
0
4.91473e+08
3.493886e+08
2.956127e+08
0
0
0
0
0
0
0
0
0
0
0
0
0
0
0
3.47986e+08
2.94238e+08
0
0
0
0
0
0
0
0
0
0
0
0
0
0
0
2.921257e+08
0
0
0
0
0
0
0
0
0
0
0
0
0
0
0
0
0
0
0
0
0
0
0
0
0
0
0
0
0
0
0
0
0
0
0
0
0
0
0
0
0
0
0
0
0
0
0
0
0
0
0
0
0
0
0
0
0
0
0
0
0
0
0
0
0
0
0
0
0
0
0
0
0
0
0
0
0
0
0
0
0
0
0
0
0
0
0
0
0
0
0
0
0
0
0
0
0
0
0
0
0
0
0
0
0
0
0
0
0
0
0
0
0
0
0
0
0
0
0
0
0
0
0
0
0
0
0
0
0
0
0
0
0
0
0
0
0
0
0
0
2.261948e+09
8.476025e+08
4.756176e+08
3.348264e+08
2.817639e+08
0
0
0
0
0
0
0
0
0
0
0
0
0
0
0
0
0
0
0
0
0
0
0
0
0
2.262297e+09
8.482315e+08
4.760937e+08
3.352494e+08
2.821405e+08
0
0
0
0
0
0
0
0
0
0
0
0
0
0
0
0
0
0
0
0
0
0
0
0
0
2.261195e+09
8.492073e+08
4.770241e+08
3.360739e+08
2.829037e+08
0
0
0
0
0
0
0
0
0
0
0
0
0
0
0
0
0
0
0
0
0
0
0
0
0
2.258375e+09
8.506708e+08
4.785544e+08
3.37441e+08
2.84228e+08
0
0
0
0
0
0
0
0
0
0
0
0
0
0
0
0
0
0
0
0
0
0
0
0
0
2.252943e+09
8.526892e+08
4.807863e+08
3.39503e+08
2.861807e+08
0
0
0
0
0
0
0
0
0
0
0
0
0
0
0
0
0
0
0
0
0
0
0
0
0
2.245725e+09
8.554386e+08
4.838855e+08
3.424e+08
2.889301e+08
0
0
0
0
0
0
0
0
0
0
0
0
0
0
0
2.239171e+09
8.583224e+08
4.870412e+08
3.452951e+08
2.916993e+08
0
0
0
0
0
0
0
0
0
0
0
0
0
0
0
2.233287e+09
8.606369e+08
4.895562e+08
3.476475e+08
2.939337e+08
0
0
0
0
0
0
0
0
0
0
0
0
0
0
0
2.229221e+09
8.620015e+08
4.912521e+08
3.492099e+08
2.954483e+08
0
0
0
0
0
0
0
0
0
0
0
0
0
0
0
8.627813e+08
4.920895e+08
3.50043e+08
2.962205e+08
0
0
0
0
0
0
0
0
0
0
0
0
0
0
0
4.922192e+08
3.501164e+08
2.963138e+08
0
0
0
0
0
0
0
0
0
0
0
0
0
0
0
3.494793e+08
2.956705e+08
0
0
0
0
0
0
0
0
0
0
0
0
0
0
0
2.943059e+08
0
0
0
0
0
0
0
0
0
0
0
0
0
0
0
0
0
0
0
0
0
0
0
0
0
0
0
0
0
0
0
0
0
0
0
0
0
0
0
0
0
0
0
0
0
0
0
0
0
0
0
0
0
0
0
0
0
0
0
0
0
0
0
0
0
0
0
0
0
0
0
0
0
0
0
0
0
0
0
0
0
0
0
0
0
0
0
0
0
0
0
0
0
0
0
0
0
0
0
0
0
0
0
0
0
0
0
0
0
0
0
0
0
0
0
0
0
0
0
0
0
0
0
0
0
0
0
0
0
0
0
0
0
0
0
0
0
0
0
0
0
0
0
0
0
0
0
0
0
2.262864e+09
8.478245e+08
4.757566e+08
3.349178e+08
2.818275e+08
0
0
0
0
0
0
0
0
0
0
0
0
0
0
0
0
0
0
0
0
0
0
0
0
0
2.263084e+09
8.484901e+08
4.762654e+08
3.353286e+08
2.822176e+08
0
0
0
0
0
0
0
0
0
0
0
0
0
0
0
0
0
0
0
0
0
0
0
0
0
2.26198e+09
8.494336e+08
4.771833e+08
3.361489e+08
2.829889e+08
0
0
0
0
0
0
0
0
0
0
0
0
0
0
0
0
0
0
0
0
0
0
0
0
0
2.259085e+09
8.508757e+08
4.786858e+08
3.375351e+08
2.842811e+08
0
0
0
0
0
0
0
0
0
0
0
0
0
0
0
0
0
0
0
0
0
0
0
0
0
2.253861e+09
8.528828e+08
4.809338e+08
3.396058e+08
2.862478e+08
0
0
0
0
0
0
0
0
0
0
0
0
0
0
0
0
0
0
0
0
0
0
0
0
0
2.246696e+09
8.556745e+08
4.840143e+08
3.42484e+08
2.890111e+08
0
0
0
0
0
0
0
0
0
0
0
0
0
0
0
2.23981e+09
8.585988e+08
4.871539e+08
3.453978e+08
2.917731e+08
0
0
0
0
0
0
0
0
0
0
0
0
0
0
0
2.234233e+09
8.608178e+08
4.897002e+08
3.477376e+08
2.940197e+08
0
0
0
0
0
0
0
0
0
0
0
0
0
0
0
8.622946e+08
4.913418e+08
3.493276e+08
2.955189e+08
0
0
0
0
0
0
0
0
0
0
0
0
0
0
0
4.922122e+08
3.501189e+08
2.963139e+08
0
0
0
0
0
0
0
0
0
0
0
0
0
0
0
3.502074e+08
2.963766e+08
0
0
0
0
0
0
0
0
0
0
0
0
0
0
0
2.95747e+08
0
0
0
0
0
0
0
0
0
0
0
0
0
0
0
0
0
0
0
0
0
0
0
0
0
0
0
0
0
0
0
0
0
0
0
0
0
0
0
0
0
0
0
0
0
0
0
0
0
0
0
0
0
0
0
0
0
0
0
0
0
0
0
0
0
0
0
0
0
0
0
0
0
0
0
0
0
0
0
0
0
0
0
0
0
0
0
0
0
0
0
0
0
0
0
0
0
0
0
0
0
0
0
0
0
0
0
0
0
0
0
0
0
0
0
0
0
0
0
0
0
0
0
0
0
0
0
0
0
0
0
0
0
0
0
0
0
0
0
0
0
0
0
0
0
0
0
0
0
0
0
0
0
0
0
0
0
2.263794e+09
8.480744e+08
4.758633e+08
3.350096e+08
2.819034e+08
0
0
0
0
0
0
0
0
0
0
0
0
0
0
0
0
0
0
0
0
0
0
0
0
0
2.263945e+09
8.48691e+08
4.763904e+08
3.354422e+08
2.82284e+08
0
0
0
0
0
0
0
0
0
0
0
0
0
0
0
0
0
0
0
0
0
0
0
0
0
2.262854e+09
8.496424e+08
4.772942e+08
3.36257e+08
2.83051e+08
0
0
0
0
0
0
0
0
0
0
0
0
0
0
0
0
0
0
0
0
0
0
0
0
0
2.26015e+09
8.510641e+08
4.787895e+08
3.376219e+08
2.843597e+08
0
0
0
0
0
0
0
0
0
0
0
0
0
0
0
0
0
0
0
0
0
0
0
0
0
2.254495e+09
8.531397e+08
4.810315e+08
3.397062e+08
2.863336e+08
0
0
0
0
0
0
0
0
0
0
0
0
0
0
0
0
0
0
0
0
0
0
0
0
0
2.247284e+09
8.559422e+08
4.841328e+08
3.425732e+08
2.890819e+08
0
0
0
0
0
0
0
0
0
0
0
0
0
0
0
2.240657e+09
8.587928e+08
4.872932e+08
3.454764e+08
2.9186e+08
0
0
0
0
0
0
0
0
0
0
0
0
0
0
0
8.610786e+08
4.897959e+08
3.47838e+08
2.940961e+08
0
0
0
0
0
0
0
0
0
0
0
0
0
0
0
4.914869e+08
3.49391e+08
2.956187e+08
0
0
0
0
0
0
0
0
0
0
0
0
0
0
0
3.502032e+08
2.963786e+08
0
0
0
0
0
0
0
0
0
0
0
0
0
0
0
2.964534e+08
0
0
0
0
0
0
0
0
0
0
0
0
0
0
0
0
0
0
0
0
0
0
0
0
0
0
0
0
0
0
0
0
0
0
0
0
0
0
0
0
0
0
0
0
0
0
0
0
0
0
0
0
0
0
0
0
0
0
0
0
0
0
0
0
0
0
0
0
0
0
0
0
0
0
0
0
0
0
0
0
0
0
0
0
0
0
0
0
0
0
0
0
0
0
0
0
0
0
0
0
0
0
0
0
0
0
0
0
0
0
0
0
0
0
0
0
0
0
0
0
0
0
0
0
0
0
0
0
0
0
0
0
0
0
0
0
0
0
0
0
0
0
0
0
0
0
0
0
0
0
0
0
0
0
0
0
0
0
0
0
0
0
0
0
2.264719e+09
8.483183e+08
4.759895e+08
3.350816e+08
2.819792e+08
0
0
0
0
0
0
0
0
0
0
0
0
0
0
0
0
0
0
0
0
0
0
0
0
0
2.264843e+09
8.48921e+08
4.764869e+08
3.355261e+08
2.823779e+08
0
0
0
0
0
0
0
0
0
0
0
0
0
0
0
0
0
0
0
0
0
0
0
0
0
2.263503e+09
8.498693e+08
4.773982e+08
3.363327e+08
2.831412e+08
0
0
0
0
0
0
0
0
0
0
0
0
0
0
0
0
0
0
0
0
0
0
0
0
0
2.26064e+09
8.513618e+08
4.788846e+08
3.376942e+08
2.844313e+08
0
0
0
0
0
0
0
0
0
0
0
0
0
0
0
0
0
0
0
0
0
0
0
0
0
2.255231e+09
8.533082e+08
4.811601e+08
3.397749e+08
2.864173e+08
0
0
0
0
0
0
0
0
0
0
0
0
0
0
0
0
0
0
0
0
0
0
0
0
0
2.248154e+09
8.561227e+08
4.842664e+08
3.426548e+08
2.891569e+08
0
0
0
0
0
0
0
0
0
0
0
0
0
0
0
8.590203e+08
4.873965e+08
3.455726e+08
2.919264e+08
0
0
0
0
0
0
0
0
0
0
0
0
0
0
0
4.899236e+08
3.479061e+08
2.941806e+08
0
0
0
0
0
0
0
0
0
0
0
0
0
0
0
3.494896e+08
2.956727e+08
0
0
0
0
0
0
0
0
0
0
0
0
0
0
0
2.9645e+08
0
0
0
0
0
0
0
0
0
0
0
0
0
0
0
0
0
0
0
0
0
0
0
0
0
0
0
0
0
0
0
0
0
0
0
0
0
0
0
0
0
0
0
0
0
0
0
0
0
0
0
0
0
0
0
0
0
0
0
0
0
0
0
0
0
0
0
0
0
0
0
0
0
0
0
0
0
0
0
0
0
0
0
0
0
0
0
0
0
0
0
0
0
0
0
0
0
0
0
0
0
0
0
0
0
0
0
0
0
0
0
0
0
0
0
0
0
0
0
0
0
0
0
0
0
0
0
0
0
0
0
0
0
0
0
0
0
0
0
0
0
0
0
0
0
0
0
0
0
0
0
0
0
0
0
0
0
0
0
0
0
0
0
0
0
0
0
0
0
0
2.265564e+09
8.485651e+08
4.761067e+08
3.351693e+08
2.820392e+08
0
0
0
0
0
0
0
0
0
0
0
0
0
0
0
0
0
0
0
0
0
0
0
0
0
2.265642e+09
8.491622e+08
4.766001e+08
3.355914e+08
2.824477e+08
0
0
0
0
0
0
0
0
0
0
0
0
0
0
0
0
0
0
0
0
0
0
0
0
0
2.264498e+09
8.500442e+08
4.775063e+08
3.364045e+08
2.832045e+08
0
0
0
0
0
0
0
0
0
0
0
0
0
0
0
0
0
0
0
0
0
0
0
0
0
2.261334e+09
8.514887e+08
4.790312e+08
3.377612e+08
2.844922e+08
0
0
0
0
0
0
0
0
0
0
0
0
0
0
0
0
0
0
0
0
0
0
0
0
0
2.255964e+09
8.535264e+08
4.81247e+08
3.39863e+08
2.864755e+08
0
0
0
0
0
0
0
0
0
0
0
0
0
0
0
0
0
0
0
0
0
0
0
0
0
8.563603e+08
4.843645e+08
3.427466e+08
2.892255e+08
0
0
0
0
0
0
0
0
0
0
0
0
0
0
0
4.875068e+08
3.456464e+08
2.92007e+08
0
0
0
0
0
0
0
0
0
0
0
0
0
0
0
3.479925e+08
2.942387e+08
0
0
0
0
0
0
0
0
0
0
0
0
0
0
0
2.957558e+08
0
0
0
0
0
0
0
0
0
0
0
0
0
0
0
0
0
0
0
0
0
0
0
0
0
0
0
0
0
0
0
0
0
0
0
0
0
0
0
0
0
0
0
0
0
0
0
0
0
0
0
0
0
0
0
0
0
0
0
0
0
0
0
0
0
0
0
0
0
0
0
0
0
0
0
0
0
0
0
0
0
0
0
0
0
0
0
0
0
0
0
0
0
0
0
0
0
0
0
0
0
0
0
0
0
0
0
0
0
0
0
0
0
0
0
0
0
0
0
0
0
0
0
0
0
0
0
0
0
0
0
0
0
0
0
0
0
0
0
0
0
0
0
0
0
0
0
0
0
0
0
0
0
0
0
0
0
0
0
0
0
0
0
0
0
0
0
0
0
0
0
0
0
0
0
2.266186e+09
8.487865e+08
4.762269e+08
3.352479e+08
2.821132e+08
0
0
0
0
0
0
0
0
0
0
0
0
0
0
0
0
0
0
0
0
0
0
0
0
0
2.266462e+09
8.49385e+08
4.767186e+08
3.356687e+08
2.82502e+08
0
0
0
0
0
0
0
0
0
0
0
0
0
0
0
0
0
0
0
0
0
0
0
0
0
2.265071e+09
8.50317e+08
4.775951e+08
3.364765e+08
2.832647e+08
0
0
0
0
0
0
0
0
0
0
0
0
0
0
0
0
0
0
0
0
0
0
0
0
0
2.261986e+09
8.516844e+08
4.790993e+08
3.378599e+08
2.845487e+08
0
0
0
0
0
0
0
0
0
0
0
0
0
0
0
0
0
0
0
0
0
0
0
0
0
8.537164e+08
4.813605e+08
3.399253e+08
2.86549e+08
0
0
0
0
0
0
0
0
0
0
0
0
0
0
0
0
0
0
0
0
0
0
0
0
0
4.844809e+08
3.428177e+08
2.893023e+08
0
0
0
0
0
0
0
0
0
0
0
0
0
0
0
3.457208e+08
2.9207e+08
0
0
0
0
0
0
0
0
0
0
0
0
0
0
0
2.943115e+08
0
0
0
0
0
0
0
0
0
0
0
0
0
0
0
0
0
0
0
0
0
0
0
0
0
0
0
0
0
0
0
0
0
0
0
0
0
0
0
0
0
0
0
0
0
0
0
0
0
0
0
0
0
0
0
0
0
0
0
0
0
0
0
0
0
0
0
0
0
0
0
0
0
0
0
0
0
0
0
0
0
0
0
0
0
0
0
0
0
0
0
0
0
0
0
0
0
0
0
0
0
0
0
0
0
0
0
0
0
0
0
0
0
0
0
0
0
0
0
0
0
0
0
0
0
0
0
0
0
0
0
0
0
0
0
0
0
0
0
0
0
0
0
0
0
0
0
0
0
0
0
0
0
0
0
0
0
0
0
0
0
0
0
0
0
0
0
0
0
0
0
0
0
0
0
0
0
0
0
2.266989e+09
8.489491e+08
4.763335e+08
3.35329e+08
2.821783e+08
0
0
0
0
0
0
0
0
0
0
0
0
0
0
0
0
0
0
0
0
0
0
0
0
0
2.266934e+09
8.495988e+08
4.768319e+08
3.357491e+08
2.825666e+08
0
0
0
0
0
0
0
0
0
0
0
0
0
0
0
0
0
0
0
0
0
0
0
0
0
2.265589e+09
8.504801e+08
4.777303e+08
3.365388e+08
2.833241e+08
0
0
0
0
0
0
0
0
0
0
0
0
0
0
0
0
0
0
0
0
0
0
0
0
0
8.518474e+08
4.791972e+08
3.379107e+08
2.846307e+08
0
0
0
0
0
0
0
0
0
0
0
0
0
0
0
0
0
0
0
0
0
0
0
0
0
4.814506e+08
3.400048e+08
2.86602e+08
0
0
0
0
0
0
0
0
0
0
0
0
0
0
0
0
0
0
0
0
0
0
0
0
0
3.428966e+08
2.893633e+08
0
0
0
0
0
0
0
0
0
0
0
0
0
0
0
2.921327e+08
0
0
0
0
0
0
0
0
0
0
0
0
0
0
0
0
0
0
0
0
0
0
0
0
0
0
0
0
0
0
0
0
0
0
0
0
0
0
0
0
0
0
0
0
0
0
0
0
0
0
0
0
0
0
0
0
0
0
0
0
0
0
0
0
0
0
0
0
0
0
0
0
0
0
0
0
0
0
0
0
0
0
0
0
0
0
0
0
0
0
0
0
0
0
0
0
0
0
0
0
0
0
0
0
0
0
0
0
0
0
0
0
0
0
0
0
0
0
0
0
0
0
0
0
0
0
0
0
0
0
0
0
0
0
0
0
0
0
0
0
0
0
0
0
0
0
0
0
0
0
0
0
0
0
0
0
0
0
0
0
0
0
0
0
0
0
0
0
0
0
0
0
0
0
0
0
0
0
0
0
0
0
2.267915e+09
8.491717e+08
4.764145e+08
3.354005e+08
2.822458e+08
0
0
0
0
0
0
0
0
0
0
0
0
0
0
0
0
0
0
0
0
0
0
0
0
0
2.267616e+09
8.497341e+08
4.769352e+08
3.35828e+08
2.826334e+08
0
0
0
0
0
0
0
0
0
0
0
0
0
0
0
0
0
0
0
0
0
0
0
0
0
8.506001e+08
4.778151e+08
3.36631e+08
2.833767e+08
0
0
0
0
0
0
0
0
0
0
0
0
0
0
0
0
0
0
0
0
0
0
0
0
0
4.79272e+08
3.379775e+08
2.846745e+08
0
0
0
0
0
0
0
0
0
0
0
0
0
0
0
0
0
0
0
0
0
0
0
0
0
3.400648e+08
2.866691e+08
0
0
0
0
0
0
0
0
0
0
0
0
0
0
0
0
0
0
0
0
0
0
0
0
0
2.894297e+08
0
0
0
0
0
0
0
0
0
0
0
0
0
0
0
0
0
0
0
0
0
0
0
0
0
0
0
0
0
0
0
0
0
0
0
0
0
0
0
0
0
0
0
0
0
0
0
0
0
0
0
0
0
0
0
0
0
0
0
0
0
0
0
0
0
0
0
0
0
0
0
0
0
0
0
0
0
0
0
0
0
0
0
0
0
0
0
0
0
0
0
0
0
0
0
0
0
0
0
0
0
0
0
0
0
0
0
0
0
0
0
0
0
0
0
0
0
0
0
0
0
0
0
0
0
0
0
0
0
0
0
0
0
0
0
0
0
0
0
0
0
0
0
0
0
0
0
0
0
0
0
0
0
0
0
0
0
0
0
0
0
0
0
0
0
0
0
0
0
0
0
0
0
0
0
0
0
0
0
0
0
0
0
0
2.2683e+09
8.494454e+08
4.76529e+08
3.354568e+08
2.823048e+08
0
0
0
0
0
0
0
0
0
0
0
0
0
0
0
0
0
0
0
0
0
0
0
0
0
8.499028e+08
4.770081e+08
3.358977e+08
2.826998e+08
0
0
0
0
0
0
0
0
0
0
0
0
0
0
0
0
0
0
0
0
0
0
0
0
0
4.778681e+08
3.366909e+08
2.834535e+08
0
0
0
0
0
0
0
0
0
0
0
0
0
0
0
0
0
0
0
0
0
0
0
0
0
3.380262e+08
2.847302e+08
0
0
0
0
0
0
0
0
0
0
0
0
0
0
0
0
0
0
0
0
0
0
0
0
0
2.867194e+08
0
0
0
0
0
0
0
0
0
0
0
0
0
0
0
0
0
0
0
0
0
0
0
0
0
0
0
0
0
0
0
0
0
0
0
0
0
0
0
0
0
0
0
0
0
0
0
0
0
0
0
0
0
0
0
0
0
0
0
0
0
0
0
0
0
0
0
0
0
0
0
0
0
0
0
0
0
0
0
0
0
0
0
0
0
0
0
0
0
0
0
0
0
0
0
0
0
0
0
0
0
0
0
0
0
0
0
0
0
0
0
0
0
0
0
0
0
0
0
0
0
0
0
0
0
0
0
0
0
0
0
0
0
0
0
0
0
0
0
0
0
0
0
0
0
0
0
0
0
0
0
0
0
0
0
0
0
0
0
0
0
0
0
0
0
0
0
0
0
0
0
0
0
0
0
0
0
0
0
0
0
0
0
0
0
0
0
0
0
0
0
0
0
0
0
8.495187e+08
4.766697e+08
3.355375e+08
2.823523e+08
0
0
0
0
0
0
0
0
0
0
0
0
0
0
0
0
0
0
0
0
0
0
0
0
0
4.770843e+08
3.359509e+08
2.827574e+08
0
0
0
0
0
0
0
0
0
0
0
0
0
0
0
0
0
0
0
0
0
0
0
0
0
3.36725e+08
2.835042e+08
0
0
0
0
0
0
0
0
0
0
0
0
0
0
0
0
0
0
0
0
0
0
0
0
0
2.847705e+08
0
0
0
0
0
0
0
0
0
0
0
0
0
0
0
0
0
0
0
0
0
0
0
0
0
0
0
0
0
0
0
0
0
0
0
0
0
0
0
0
0
0
0
0
0
0
0
0
0
0
0
0
0
0
0
0
0
0
0
0
0
0
0
0
0
0
0
0
0
0
0
0
0
0
0
0
0
0
0
0
0
0
0
0
0
0
0
0
0
0
0
0
0
0
0
0
0
0
0
0
0
0
0
0
0
0
0
0
0
0
0
0
0
0
0
0
0
0
0
0
0
0
0
0
0
0
0
0
0
0
0
0
0
0
0
0
0
0
0
0
0
0
0
0
0
0
0
0
0
0
0
0
0
0
0
0
0
0
0
0
0
0
0
0
0
0
0
0
0
0
0
0
0
0
0
0
0
0
0
0
0
0
0
0
0
0
0
0
0
0
0
0
0
0
0
0
0
0
0
0
0
0
0
0
0
4.766964e+08
3.356349e+08
2.824203e+08
0
0
0
0
0
0
0
0
0
0
0
0
0
0
0
0
0
0
0
0
0
0
0
0
0
3.359996e+08
2.828031e+08
0
0
0
0
0
0
0
0
0
0
0
0
0
0
0
0
0
0
0
0
0
0
0
0
0
2.835323e+08
0
0
0
0
0
0
0
0
0
0
0
0
0
0
0
0
0
0
0
0
0
0
0
0
0
0
0
0
0
0
0
0
0
0
0
0
0
0
0
0
0
0
0
0
0
0
0
0
0
0
0
0
0
0
0
0
0
0
0
0
0
0
0
0
0
0
0
0
0
0
0
0
0
0
0
0
0
0
0
0
0
0
0
0
0
0
0
0
0
0
0
0
0
0
0
0
0
0
0
0
0
0
0
0
0
0
0
0
0
0
0
0
0
0
0
0
0
0
0
0
0
0
0
0
0
0
0
0
0
0
0
0
0
0
0
0
0
0
0
0
0
0
0
0
0
0
0
0
0
0
0
0
0
0
0
0
0
0
0
0
0
0
0
0
0
0
0
0
0
0
0
0
0
0
0
0
0
0
0
0
0
0
0
0
0
0
0
0
0
0
0
0
0
0
0
0
0
0
0
0
0
0
0
0
0
0
0
0
0
0
0
0
0
0
0
3.356499e+08
2.82502e+08
0
0
0
0
0
0
0
0
0
0
0
0
0
0
0
0
0
0
0
0
0
0
0
0
0
2.828428e+08
0
0
0
0
0
0
0
0
0
0
0
0
0
0
0
0
0
0
0
0
0
0
0
0
0
0
0
0
0
0
0
0
0
0
0
0
0
0
0
0
0
0
0
0
0
0
0
0
0
0
0
0
0
0
0
0
0
0
0
0
0
0
0
0
0
0
0
0
0
0
0
0
0
0
0
0
0
0
0
0
0
0
0
0
0
0
0
0
0
0
0
0
0
0
0
0
0
0
0
0
0
0
0
0
0
0
0
0
0
0
0
0
0
0
0
0
0
0
0
0
0
0
0
0
0
0
0
0
0
0
0
0
0
0
0
0
0
0
0
0
0
0
0
0
0
0
0
0
0
0
0
0
0
0
0
0
0
0
0
0
0
0
0
0
0
0
0
0
0
0
0
0
0
0
0
0
0
0
0
0
0
0
0
0
0
0
0
0
0
0
0
0
0
0
0
0
0
0
0
0
0
0
0
0
0
0
0
0
0
0
0
0
0
0
0
0
0
0
0
0
0
0
0
0
0
2.825137e+08
0
0
0
0
0
0
0
0
0
0
0
0
0
0
0
0
0
0
0
0
0
0
0
0
0
0
0
0
0
0
0
0
0
0
0
0
0
0
0
0
0
0
0
0
0
0
0
0
0
0
0
0
0
0
0
0
0
0
0
0
0
0
0
0
0
0
0
0
0
0
0
0
0
0
0
0
0
0
0
0
0
0
0
0
0
0
0
0
0
0
0
0
0
0
0
0
0
0
0
0
0
0
0
0
0
0
0
0
0
0
0
0
0
0
0
0
0
0
0
0
0
0
0
0
0
0
0
0
0
0
0
0
0
0
0
0
0
0
0
0
0
0
0
0
0
0
0
0
0
0
0
0
0
0
0
0
0
0
0
0
0
0
0
0
0
0
0
0
0
0
0
0
0
0
0
0
0
0
0
0
0
0
0
0
0
0
0
0
0
0
0
0
0
0
0
0
0
0
0
0
0
0
0
0
0
0
0
0
0
0
0
0
0
0
0
0
0
0
0
0
0
0
0
0
0
0
0
0
0
0
0
0
0
0
0
0
0
0
0
0
0
0
0
0
0
0
0
0
0
0
0
0
0
0
0
0
0
0
0
0
0
0
0
0
0
0
0
0
0
0
0
0
0
0
0
0
0
0
0
0
0
0
0
0
0
0
0
0
0
0
0
0
0
0
0
0
0
0
0
0
0
0
0
0
0
0
0
0
0
0
0
0
0
0
0
0
0
0
0
0
0
0
0
0
0
0
0
0
0
0
0
0
0
0
0
0
0
0
0
0
0
0
0
0
0
0
0
0
0
0
0
0
0
0
0
0
0
0
0
0
0
0
0
0
0
0
0
0
0
0
0
0
0
0
0
0
0
0
0
0
0
0
0
0
0
0
0
0
0
0
0
0
0
0
0
0
0
0
0
0
0
0
0
0
0
0
0
0
0
0
0
0
0
0
0
0
0
0
0
0
0
0
0
0
0
0
0
0
0
0
0
0
0
0
0
0
0
0
0
0
0
0
0
0
0
0
0
0
0
0
0
0
0
0
0
0
0
0
0
0
0
0
0
0
0
0
0
0
0
0
0
0
0
0
0
0
0
0
0
0
0
0
0
0
0
0
0
0
0
0
0
0
0
0
0
0
0
0
0
0
0
0
0
0
0
0
0
0
0
0
0
0
0
0
0
0
0
0
0
0
0
0
0
0
0
0
0
0
0
0
0
0
0
0
0
0
0
0
0
0
0
0
0
0
0
0
0
0
0
0
0
0
0
0
0
0
0
0
0
0
0
0
0
0
0
0
0
0
0
0
0
0
0
0
0
0
0
0
0
0
0
0
0
0
0
0
0
0
0
0
0
0
0
0
0
0
0
0
0
0
0
0
0
0
0
0
0
0
0
0
0
0
0
0
0
0
0
0
0
0
0
0
0
0
0
0
0
0
0
0
0
0
0
0
0
0
0
0
0
0
0
0
0
0
0
0
0
0
0
0
0
0
0
0
0
0
0
0
0
0
0
0
0
0
0
0
0
0
0
0
0
0
0
0
0
0
0
0
0
0
0
0
0
0
0
0
0
0
0
0
0
0
0
0
0
0
0
0
0
0
0
0
0
0
0
0
0
0
0
0
0
0
0
0
0
0
0
0
0
0
0
0
0
0
0
0
0
0
0
0
0
0
0
0
0
0
0
0
0
0
0
0
0
0
0
0
0
0
0
0
0
0
0
0
0
0
0
0
0
0
0
0
0
0
0
0
0
0
0
0
0
0
0
0
0
0
0
0
0
0
0
0
0
0
0
0
0
0
0
0
0
0
0
0
0
0
0
0
0
0
0
0
0
0
0
0
0
0
0
0
0
0
0
0
0
0
0
0
0
0
0
0
0
0
0
0
0
0
0
0
0
0
0
0
0
0
0
0
0
0
0
0
0
0
0
0
0
0
0
0
0
0
0
0
0
0
0
0
0
0
0
0
0
0
0
0
0
0
0
0
0
0
0
0
0
0
0
0
0
0
0
0
0
0
0
0
0
0
0
0
0
0
0
0
0
0
0
0
0
0
0
0
0
0
0
0
0
0
0
0
0
0
0
0
0
0
0
0
0
0
0
0
0
0
0
0
0
0
0
0
0
0
0
0
0
0
0
0
0
0
0
0
0
0
0
0
0
0
0
0
0
0
0
0
0
0
0
0
0
0
0
0
0
0
0
0
0
0
0
0
0
0
0
0
0
0
0
0
0
0
0
0
0
0
0
0
0
0
0
0
0
0
0
0
0
0
0
0
0
0
0
0
0
0
0
0
0
0
0
0
0
0
0
0
0
0
0
0
0
0
0
0
0
0
0
0
0
0
0
0
0
0
0
0
0
0
0
0
0
0
0
0
0
0
0
0
0
0
0
0
0
0
0
0
0
0
0
0
0
0
0
0
0
0
0
0
0
0
0
0
0
0
0
0
0
0
0
0
0
0
0
0
0
0
0
0
0
0
0
0
0
0
0
0
0
0
0
0
0
0
0
0
0
0
0
0
0
0
0
0
0
0
0
0
0
0
0
0
0
0
0
0
0
0
0
0
0
0
0
0
0
0
0
0
0
0
0
0
0
0
0
0
0
0
0
0
0
0
0
0
0
0
0
0
0
0
0
0
0
0
0
0
0
0
0
0
0
0
0
0
0
0
0
0
0
0
0
0
0
0
0
0
0
0
0
0
0
0
0
0
0
0
0
0
0
0
0
0
0
0
0
0
0
0
0
0
0
0
0
0
0
0
0
0
0
0
0
0
0
0
0
0
0
0
0
0
0
0
0
0
0
0
0
0
0
0
0
0
0
0
0
0
0
0
0
0
0
0
0
0
0
0
0
0
0
0
0
0
0
0
0
0
0
0
0
0
0
0
0
0
0
0
0
0
0
0
0
0
0
0
0
0
0
0
0
0
0
0
0
0
0
0
0
0
0
0
0
0
0
0
0
0
0
0
0
0
0
0
0
0
0
0
0
0
0
0
0
0
0
0
0
0
0
0
0
0
0
0
0
0
0
0
0
0
0
0
0
0
0
0
0
0
0
0
0
0
0
0
0
0
0
0
0
0
0
0
0
0
0
0
0
0
0
0
0
0
0
0
0
0
0
0
0
0
0
0
0
0
0
0
0
0
0
0
0
0
0
0
0
0
0
0
0
0
0
0
0
0
0
0
0
0
0
0
0
0
0
0
0
0
0
0
0
0
0
0
0
0
0
0
0
0
0
0
0
0
0
0
0
0
0
0
0
0
0
0
0
0
0
0
0
0
0
0
0
0
0
0
0
0
0
0
0
0
0
0
0
0
0
0
0
0
0
0
0
0
0
0
0
0
0
0
0
0
0
0
0
0
0
0
0
0
0
0
0
0
0
0
0
0
0
0
0
0
0
0
0
0
0
0
0
0
0
0
0
0
0
0
0
0
0
0
0
0
0
0
0
0
0
0
0
0
0
0
0
0
0
0
0
0
0
0
0
0
0
0
0
0
0
0
0
0
0
0
0
0
0
0
0
0
0
0
0
0
0
0
0
0
0
0
0
0
0
0
0
0
0
0
0
0
0
0
0
0
0
0
0
0
0
0
0
0
0
0
0
0
0
0
0
0
0
0
0
0
0
0
0
0
0
0
0
0
0
0
0
0
0
0
0
0
0
0
0
0
0
0
0
0
0
0
0
0
0
0
0
0
0
0
0
0
0
0
0
0
0
0
0
0
0
0
0
0
0
0
0
0
0
0
0
0
0
0
0
0
0
0
0
0
0
0
0
0
0
0
0
0
0
0
0
0
0
0
0
0
0
0
0
0
0
0
0
0
0
0
0
0
0
0
0
0
0
0
0
0
0
0
0
0
0
0
0
0
0
0
0
0
0
0
0
0
0
0
0
0
0
0
0
0
0
0
0
0
0
0
0
0
0
0
0
0
0
0
0
0
0
0
0
0
0
0
0
0
0
0
0
0
0
0
0
0
0
0
0
0
0
0
0
0
0
0
0
0
0
0
0
0
0
0
0
0
0
0
0
0
0
0
0
0
0
0
0
0
0
0
0
0
0
0
0
0
0
0
0
0
0
0
0
0
0
0
0
0
0
0
0
0
0
0
0
0
0
0
0
0
0
0
0
0
0
0
0
0
0
0
0
0
0
0
0
0
0
0
0
0
0
0
0
0
0
0
0
0
0
0
0
0
0
0
0
0
0
0
0
0
0
0
0
0
0
0
0
0
0
0
0
0
0
0
0
0
0
0
0
0
0
0
0
0
0
0
0
0
0
0
0
0
0
0
0
0
0
0
0
0
0
0
0
0
0
0
0
0
0
0
0
0
0
0
0
0
0
0
0
0
0
0
0
0
0
0
0
0
0
0
0
0
0
0
0
0
0
0
0
0
0
0
0
0
0
0
0
0
0
0
0
0
0
0
0
0
0
0
0
0
0
0
0
0
0
0
0
0
0
0
0
0
0
0
0
0
0
0
0
0
0
0
0
0
0
0
0
0
0
0
0
0
0
0
0
0
0
0
0
0
0
0
0
0
0
0
0
0
0
0
0
0
0
0
0
0
0
0
0
0
0
0
0
0
0
0
0
0
0
0
0
0
0
0
0
0
0
0
0
0
0
0
0
0
0
0
0
0
0
0
0
0
0
0
0
0
0
0
0
0
0
0
0
0
0
0
0
0
0
0
0
0
0
0
0
0
0
0
0
0
0
0
0
0
0
0
0
0
0
0
0
0
0
0
0
0
0
0
0
0
0
0
0
0
0
0
0
0
0
0
0
0
0
0
0
0
0
0
0
0
0
0
0
0
0
0
0
0
0
0
0
0
0
0
0
0
0
0
0
0
0
0
0
0
0
0
0
0
0
0
0
0
0
0
0
0
0
0
0
0
0
0
0
0
0
0
0
0
0
0
0
0
0
0
0
0
0
0
0
0
0
0
0
0
0
0
0
0
0
0
0
0
0
0
0
0
0
0
0
0
0
0
0
0
0
0
0
0
0
0
0
0
0
0
0
0
0
0
0
0
0
0
0
0
0
0
0
0
0
0
0
0
0
0
0
0
0
0
0
0
0
0
0
0
0
0
0
0
0
0
0
0
0
0
0
0
0
0
0
0
0
0
0
0
0
0
0
0
0
0
0
0
0
0
0
0
0
0
0
0
0
0
0
0
0
0
0
0
0
0
0
0
0
0
0
0
0
0
0
0
0
0
0
0
0
0
0
0
0
0
0
0
0
0
0
0
0
0
0
0
0
0
0
0
0
0
0
0
0
0
0
0
0
0
0
0
0
0
0
0
0
0
0
0
0
0
0
0
0
0
0
0
0
0
0
0
0
0
0
0
0
0
0
0
0
0
0
0
0
0
0
0
0
0
0
0
0
0
0
0
0
0
0
0
0
0
0
0
0
0
0
0
0
0
0
0
0
0
0
0
0
0
0
0
0
0
0
0
0
0
0
0
0
0
0
0
0
0
0
0
0
0
0
0
0
0
0
0
0
0
0
0
0
0
0
0
0
0
0
0
0
0
0
0
0
0
0
0
0
0
0
0
0
0
0
0
0
0
0
0
0
0
0
0
0
0
0
0
0
0
0
0
0
0
0
0
0
0
0
0
0
0
0
0
0
0
0
0
0
0
0
0
0
0
0
0
0
0
0
0
0
0
0
0
0
0
0
0
0
0
0
0
0
0
0
0
0
0
0
0
0
)
;

boundaryField
{
    interconnectSides
    {
        type            zeroGradient;
    }
    anodeSides
    {
        type            zeroGradient;
    }
    interconnect1
    {
        type            zeroGradient;
    }
    phiEA_to_phiE0
    {
        type            zeroGradient;
    }
}


// ************************************************************************* //
