/*--------------------------------*- C++ -*----------------------------------*\
| =========                 |                                                 |
| \\      /  F ield         | OpenFOAM: The Open Source CFD Toolbox           |
|  \\    /   O peration     | Version:  2312                                  |
|   \\  /    A nd           | Website:  www.openfoam.com                      |
|    \\/     M anipulation  |                                                 |
\*---------------------------------------------------------------------------*/
FoamFile
{
    version     2.0;
    format      ascii;
    arch        "LSB;label=32;scalar=64";
    class       volScalarField;
    location    "30/phiI";
    object      act;
}
// * * * * * * * * * * * * * * * * * * * * * * * * * * * * * * * * * * * * * //

dimensions      [0 0 0 0 0 0 0];

internalField   nonuniform List<scalar> 
12000
(
4.000451
4.056425
3.926546
3.971084
4.106819
3.991323
4.026935
3.899687
3.89784
3.954661
4.152488
4.049134
4.077685
3.96764
3.962064
4.011452
3.889205
3.871398
3.880482
3.960067
4.194818
4.100426
4.1239
4.028253
4.019737
4.063389
3.958414
3.938617
3.945493
4.018488
3.883817
3.861186
3.85381
3.883821
3.99938
4.234875
4.146814
4.166809
4.08203
4.071279
4.110862
4.020113
3.998935
4.004131
4.071987
3.953646
3.929558
3.921748
3.95066
4.061206
3.880078
3.855977
3.843605
3.856452
3.918607
0
4.265623
4.189562
4.207408
4.130236
4.118143
4.154874
4.074809
4.052676
4.05685
4.120867
4.015888
3.990888
3.982978
4.011012
4.117747
3.950329
3.924912
3.912634
3.926282
3.989442
0
3.876686
3.852394
3.838429
3.846061
3.889622
0
0
4.254129
4.224655
4.238176
4.174179
4.16144
4.196276
4.123748
4.101253
4.104978
4.16598
4.071054
4.045479
4.037703
4.065321
4.169277
4.012957
3.986754
3.974839
3.989296
4.05336
0
3.947338
3.921702
3.907986
3.916976
3.96365
0
0
3.873584
3.849137
3.834905
3.840819
3.87867
0
0
0
4.244487
4.221162
4.227071
4.197432
4.197028
4.227276
4.16826
4.145763
4.149396
4.208036
4.120404
4.094736
4.087485
4.114889
4.216596
4.068491
4.04178
4.030382
4.045582
4.110782
0
4.010322
3.9839
3.970697
3.980976
4.030431
0
0
3.944594
3.918799
3.904803
3.912246
3.953836
0
0
0
3.870782
3.846154
3.831703
3.837281
3.873163
0
0
0
0
4.235415
4.220743
4.217318
4.205541
4.193587
4.216369
4.189793
4.169404
4.185725
4.239212
4.165275
4.139773
4.133213
4.160457
4.260371
4.118165
4.091415
4.080819
4.096824
4.163058
0
4.066173
4.039269
4.026654
4.038094
4.089957
0
0
4.007908
3.981325
3.96785
3.976772
4.021671
0
0
0
3.942088
3.916131
3.90192
3.909035
3.94886
0
0
0
0
3.86826
3.843455
3.828767
3.834068
3.869467
0
0
0
0
0
4.235415
4.217589
4.208209
4.208526
4.193205
4.20647
4.198103
4.177672
4.182308
4.228377
4.186053
4.161652
4.157523
4.197418
4.292539
4.163302
4.136783
4.127067
4.143836
4.210902
0
4.116135
4.089203
4.077451
4.090012
4.144031
0
0
4.064055
4.036989
4.024131
4.034309
4.082094
0
0
0
4.005685
3.978956
3.965273
3.973894
4.017268
0
0
0
0
3.939875
3.913689
3.899264
3.906123
3.9455
0
0
0
0
0
3.866003
3.841025
3.826107
3.831119
3.866112
0
0
0
0
0
1.325095
4.244487
4.217589
4.208209
4.208095
4.190034
4.197274
4.202255
4.180735
4.18196
4.218377
4.194178
4.170115
4.166018
4.193998
4.281439
4.183832
4.157886
4.149576
4.168798
4.249446
0
4.16155
4.134814
4.124014
4.137575
4.1935
0
0
4.114291
4.087191
4.075207
4.086593
4.136906
0
0
0
4.062111
4.034895
4.021837
4.031754
4.078141
0
0
0
0
4.003777
3.976771
3.962897
3.971284
4.01426
0
0
0
0
0
3.937873
3.911532
3.896833
3.903439
3.942452
0
0
0
0
0
1.320218
3.86395
3.838848
3.823715
3.828446
3.86303
0
0
0
0
0
1.485306
1.324806
4.254129
4.220743
4.217318
4.208095
4.190034
4.197274
4.2032
4.180321
4.17875
4.209114
4.198706
4.174356
4.169183
4.19367
4.271075
4.191828
4.166156
4.158273
4.17748
4.245898
0
4.182027
4.155655
4.145727
4.16072
4.219714
0
0
4.159944
4.133062
4.122
4.13448
4.18699
0
0
0
4.112616
4.085351
4.073165
4.084315
4.133348
0
0
0
0
4.060447
4.032967
4.019719
4.029425
4.075476
0
0
0
0
0
4.002013
3.974893
3.960701
3.968873
4.01153
0
0
0
0
0
1.310501
3.93605
3.909579
3.894684
3.900979
3.939639
0
0
0
0
0
1.482503
1.319928
3.862099
3.836867
3.821571
3.826042
3.860235
0
0
0
0
0
1.648656
1.485062
1.324283
4.265623
4.221162
4.227071
4.208526
4.193205
4.20647
4.2032
4.180321
4.17875
4.209114
4.200308
4.175333
4.168782
4.190424
4.2615
4.196487
4.170774
4.162639
4.180723
4.245578
0
4.189977
4.163792
4.154226
4.16962
4.228786
0
0
4.18045
4.153841
4.143439
4.156819
4.211329
0
0
0
4.158491
4.131445
4.120207
4.132435
4.18379
0
0
0
0
4.111173
4.083672
4.071287
4.082238
4.13098
0
0
0
0
0
4.058893
4.031313
4.017765
4.02727
4.073045
0
0
0
0
0
1.29619
4.000383
3.973154
3.958812
3.966642
4.009005
0
0
0
0
0
1.476934
1.310208
3.93441
3.907796
3.892736
3.898805
3.937061
0
0
0
0
0
1.646544
1.482259
1.319402
3.860384
3.835073
3.819617
3.823888
3.857722
0
0
0
0
0
1.790269
1.648457
1.484617
1.323568
4.234875
4.224655
4.238176
4.205541
4.193587
4.216369
4.202255
4.180735
4.18196
4.218377
4.200308
4.175333
4.168782
4.190424
4.2615
4.198407
4.172415
4.163658
4.180325
4.242204
0
4.194698
4.16854
4.158977
4.17409
4.232178
0
0
4.188384
4.161929
4.151802
4.165524
4.220644
0
0
0
4.179045
4.152245
4.141574
4.154495
4.207296
0
0
0
0
4.157224
4.129972
4.118542
4.13061
4.181674
0
0
0
0
0
4.109792
4.082222
4.069569
4.080322
4.128817
0
0
0
0
0
1.278239
4.057485
4.029766
4.016087
4.025279
4.070791
0
0
0
0
0
1.468768
1.295891
3.998943
3.971543
3.957061
3.964722
4.006666
0
0
0
0
0
1.642335
1.476687
1.309676
3.9329
3.90619
3.890954
3.896831
3.934781
0
0
0
0
0
1.78852
1.646343
1.481812
1.318684
3.858841
3.833408
3.817842
3.821922
3.855469
0
0
0
0
0
1.910001
1.790106
1.648089
1.484007
1.322681
4.194818
4.189562
4.207408
4.197432
4.197028
4.227276
4.198103
4.177672
4.182308
4.228377
4.198706
4.174356
4.169183
4.19367
4.271075
4.198407
4.172415
4.163658
4.180325
4.242204
0
4.196772
4.170502
4.160672
4.175141
4.231765
0
0
4.193133
4.166738
4.156684
4.170388
4.225321
0
0
0
4.186977
4.160315
4.149885
4.163063
4.216414
0
0
0
0
4.177825
4.150814
4.139926
4.152597
4.204895
0
0
0
0
0
4.156005
4.128685
4.11702
4.12891
4.179782
0
0
0
0
0
1.259486
4.108559
4.08083
4.068082
4.078566
4.126819
0
0
0
0
0
1.458577
1.27793
4.056213
4.028359
4.014514
4.023568
4.068706
0
0
0
0
0
1.636143
1.468518
1.295348
3.997637
3.970116
3.955436
3.96294
4.004652
0
0
0
0
0
1.785031
1.642133
1.476237
1.308949
3.931546
3.904703
3.889346
3.895024
3.932711
0
0
0
0
0
1.908526
1.788357
1.645974
1.4812
1.317791
3.857412
3.831901
3.816188
3.820131
3.853412
0
0
0
0
0
2.010896
1.909869
1.789803
1.647582
1.483247
4.152488
4.146814
4.166809
4.174179
4.16144
4.196276
4.189793
4.169404
4.185725
4.239212
4.194178
4.170115
4.166018
4.193998
4.281439
4.196487
4.170774
4.162639
4.180723
4.245578
0
4.196772
4.170502
4.160672
4.175141
4.231765
0
0
4.195279
4.168853
4.158705
4.172126
4.226424
0
0
0
4.191739
4.16515
4.154829
4.168061
4.221507
0
0
0
0
4.18576
4.15888
4.148218
4.161113
4.213873
0
0
0
0
0
4.176678
4.149568
4.138441
4.150914
4.20293
0
0
0
0
0
1.24531
4.15492
4.127442
4.115687
4.127352
4.178016
0
0
0
0
0
1.447953
1.259162
4.107448
4.079583
4.066652
4.077045
4.124984
0
0
0
0
0
1.628384
1.458321
1.277367
4.055094
4.027082
4.01308
4.021963
4.066914
0
0
0
0
0
1.779893
1.635939
1.468062
1.294606
3.996465
3.968813
3.953992
3.961285
4.002782
0
0
0
0
0
1.905581
1.784867
1.641761
1.47562
1.308046
3.930295
3.903363
3.887852
3.89339
3.930813
0
0
0
0
0
2.009652
1.908394
1.788053
1.645466
1.480437
3.856054
3.8305
3.814687
3.818458
3.851535
0
0
0
0
0
2.096109
2.010791
1.909621
1.789384
1.646948
4.106819
4.100426
4.1239
4.130236
4.118143
4.154874
4.16826
4.145763
4.149396
4.208036
4.186053
4.161652
4.157523
4.197418
4.292539
4.191828
4.166156
4.158273
4.17748
4.245898
0
4.194698
4.16854
4.158977
4.17409
4.232178
0
0
4.195279
4.168853
4.158705
4.172126
4.226424
0
0
0
4.193919
4.167338
4.157006
4.170132
4.223327
0
0
0
0
4.190527
4.163727
4.153187
4.166174
4.219108
0
0
0
0
0
4.184615
4.157632
4.146727
4.159411
4.211858
0
0
0
0
0
1.236109
4.175684
4.148385
4.137146
4.149393
4.201185
0
0
0
0
0
1.439862
1.24498
4.153962
4.126329
4.114398
4.125987
4.176394
0
0
0
0
0
1.620267
1.44769
1.258572
4.10648
4.078451
4.065368
4.075582
4.123394
0
0
0
0
0
1.773444
1.628176
1.457854
1.276598
4.054097
4.025948
4.011774
4.020496
4.06523
0
0
0
0
0
1.90124
1.779727
1.635562
1.467437
1.293684
3.995402
3.967634
3.952666
3.959811
4.001044
0
0
0
0
0
2.007164
1.905448
1.784561
1.641249
1.474851
3.929109
3.902119
3.886497
3.891867
3.929096
0
0
0
0
0
2.095061
2.009546
1.908144
1.787632
1.644829
3.854756
3.829167
3.813286
3.816935
3.849779
0
0
0
0
0
2.168341
2.096025
2.010588
1.909274
1.788856
4.056425
4.049134
4.077685
4.08203
4.071279
4.110862
4.123748
4.101253
4.104978
4.16598
4.165275
4.139773
4.133213
4.160457
4.260371
4.183832
4.157886
4.149576
4.168798
4.249446
0
4.189977
4.163792
4.154226
4.16962
4.228786
0
0
4.193133
4.166738
4.156684
4.170388
4.225321
0
0
0
4.193919
4.167338
4.157006
4.170132
4.223327
0
0
0
0
4.192721
4.165948
4.155437
4.168404
4.221276
0
0
0
0
0
4.189388
4.162483
4.151708
4.1645
4.21716
0
0
0
0
0
1.230757
4.183582
4.156455
4.145429
4.157886
4.210096
0
0
0
0
0
1.434551
1.235779
4.174812
4.147343
4.135903
4.148066
4.199606
0
0
0
0
0
1.614079
1.439596
1.24438
4.153108
4.125336
4.113239
4.124664
4.174972
0
0
0
0
0
1.766685
1.620052
1.447208
1.257762
4.105631
4.077452
4.064195
4.074263
4.121862
0
0
0
0
0
1.895785
1.773274
1.627791
1.457214
1.27564
4.053197
4.024925
4.010603
4.019156
4.06369
0
0
0
0
0
2.003493
1.901105
1.779417
1.635044
1.466657
3.994408
3.966554
3.951457
3.958451
3.999492
0
0
0
0
0
2.092964
2.007057
1.905196
1.784137
1.640607
3.927958
3.900939
3.885237
3.890481
3.927493
0
0
0
0
0
2.167462
2.094977
2.009342
1.907796
1.787102
3.853468
3.827894
3.811953
3.81551
3.848177
0
0
0
0
0
2.229874
2.168276
2.095861
2.010302
1.908834
4.000451
3.991323
4.026935
4.028253
4.019737
4.063389
4.074809
4.052676
4.05685
4.120867
4.120404
4.094736
4.087485
4.114889
4.216596
4.163302
4.136783
4.127067
4.143836
4.210902
0
4.182027
4.155655
4.145727
4.16072
4.219714
0
0
4.188384
4.161929
4.151802
4.165524
4.220644
0
0
0
4.191739
4.16515
4.154829
4.168061
4.221507
0
0
0
0
4.192721
4.165948
4.155437
4.168404
4.221276
0
0
0
0
0
4.191589
4.164719
4.153992
4.166804
4.219495
0
0
0
0
0
1.228309
4.188357
4.16131
4.150413
4.162987
4.215427
0
0
0
0
0
1.431427
1.230426
4.182656
4.155387
4.144201
4.156556
4.208514
0
0
0
0
0
1.610017
1.434284
1.235177
4.174051
4.146417
4.134787
4.146779
4.198226
0
0
0
0
0
1.761528
1.613862
1.439108
1.243557
4.152383
4.124438
4.112197
4.123472
4.173592
0
0
0
0
0
1.890062
1.76651
1.619655
1.446545
1.256751
4.104875
4.076559
4.063147
4.073055
4.120481
0
0
0
0
0
1.998876
1.895647
1.772957
1.627261
1.456414
4.052348
4.023989
4.009536
4.017948
4.062281
0
0
0
0
0
2.089867
2.003385
1.90085
1.778987
1.634394
3.993416
3.965542
3.950342
3.957205
3.998059
0
0
0
0
0
2.1657
2.092879
2.006852
1.904845
1.783603
3.926817
3.899797
3.884043
3.889193
3.92603
0
0
0
0
0
2.229142
2.167397
2.094812
2.009055
1.907355
3.852455
3.826637
3.810686
3.814156
3.846678
0
0
0
0
0
2.282702
2.229825
2.168144
2.095627
2.009938
3.926546
3.971084
3.96764
3.962064
4.011452
4.020113
3.998935
4.004131
4.071987
4.071054
4.045479
4.037703
4.065321
4.169277
4.118165
4.091415
4.080819
4.096824
4.163058
0
4.16155
4.134814
4.124014
4.137575
4.1935
0
0
4.18045
4.153841
4.143439
4.156819
4.211329
0
0
0
4.186977
4.160315
4.149885
4.163063
4.216414
0
0
0
0
4.190527
4.163727
4.153187
4.166174
4.219108
0
0
0
0
0
4.191589
4.164719
4.153992
4.166804
4.219495
0
0
0
0
0
1.228309
4.190559
4.163552
4.152711
4.165326
4.217841
0
0
0
0
0
1.429987
1.227978
4.187426
4.160242
4.149188
4.161661
4.213859
0
0
0
0
0
1.607628
1.43116
1.229824
4.18186
4.154419
4.143081
4.155296
4.207133
0
0
0
0
0
1.75814
1.6098
1.433795
1.234351
4.173381
4.145592
4.133784
4.145601
4.196878
0
0
0
0
0
1.88569
1.761351
1.613461
1.438437
1.242529
4.151744
4.123654
4.111242
4.122395
4.172347
0
0
0
0
0
1.994026
1.88992
1.766183
1.619108
1.445716
4.104158
4.075748
4.062198
4.071969
4.119212
0
0
0
0
0
2.085965
1.998765
1.895387
1.772518
1.626596
4.051501
4.023102
4.008552
4.016841
4.061007
0
0
0
0
0
2.163095
2.089781
2.003177
1.900494
1.778447
3.992438
3.96454
3.949296
3.956052
3.996742
0
0
0
0
0
2.22767
2.165634
2.092713
2.006562
1.904401
3.925989
3.898677
3.882896
3.887973
3.924671
0
0
0
0
0
2.282094
2.229092
2.167264
2.094577
2.00869
3.851848
3.825654
3.809444
3.812873
3.845254
0
0
0
0
0
2.328492
2.282666
2.229722
2.167955
2.095327
3.899687
3.89784
3.954661
3.958414
3.938617
3.945493
4.018488
4.015888
3.990888
3.982978
4.011012
4.117747
4.068491
4.04178
4.030382
4.045582
4.110782
0
4.116135
4.089203
4.077451
4.090012
4.144031
0
0
4.159944
4.133062
4.122
4.13448
4.18699
0
0
0
4.179045
4.152245
4.141574
4.154495
4.207296
0
0
0
0
4.18576
4.15888
4.148218
4.161113
4.213873
0
0
0
0
0
4.189388
4.162483
4.151708
4.1645
4.21716
0
0
0
0
0
1.230757
4.190559
4.163552
4.152711
4.165326
4.217841
0
0
0
0
0
1.429987
1.227978
4.189631
4.162484
4.151493
4.164014
4.216309
0
0
0
0
0
1.606527
1.429719
1.227376
4.18663
4.159269
4.148067
4.160405
4.212483
0
0
0
0
0
1.756146
1.60741
1.43067
1.228998
4.181177
4.15357
4.142061
4.154144
4.205822
0
0
0
0
0
1.882816
1.757963
1.609398
1.433123
1.233322
4.172778
4.144851
4.132877
4.144537
4.195629
0
0
0
0
0
1.990316
1.885547
1.761021
1.612907
1.437599
4.15114
4.122945
4.110393
4.121402
4.171219
0
0
0
0
0
2.08186
1.993911
1.889651
1.765729
1.61842
4.103439
4.074975
4.061326
4.070977
4.118067
0
0
0
0
0
2.159808
2.085877
1.998552
1.895023
1.771965
4.050671
4.022228
4.00762
4.015815
4.059836
0
0
0
0
0
2.225489
2.163028
2.089612
2.002883
1.900044
3.991797
3.963566
3.948272
3.954971
3.995521
0
0
0
0
0
2.28087
2.22762
2.165501
2.092476
2.006194
3.92558
3.897872
3.881782
3.886807
3.923386
0
0
0
0
0
2.327994
2.282058
2.228988
2.167074
2.094276
3.851456
3.825067
3.808484
3.811622
3.843906
0
0
0
0
0
2.368763
2.328468
2.282587
2.22957
2.167709
3.889205
3.871398
3.880482
3.960067
3.953646
3.929558
3.921748
3.95066
4.061206
4.012957
3.986754
3.974839
3.989296
4.05336
0
4.066173
4.039269
4.026654
4.038094
4.089957
0
0
4.114291
4.087191
4.075207
4.086593
4.136906
0
0
0
4.158491
4.131445
4.120207
4.132435
4.18379
0
0
0
0
4.177825
4.150814
4.139926
4.152597
4.204895
0
0
0
0
0
4.184615
4.157632
4.146727
4.159411
4.211858
0
0
0
0
0
1.236109
4.188357
4.16131
4.150413
4.162987
4.215427
0
0
0
0
0
1.431427
1.230426
4.189631
4.162484
4.151493
4.164014
4.216309
0
0
0
0
0
1.606527
1.429719
1.227376
4.188837
4.161513
4.150372
4.162764
4.214948
0
0
0
0
0
1.755226
1.606309
1.42923
1.22655
4.185946
4.158418
4.147042
4.159252
4.211179
0
0
0
0
0
1.881122
1.755969
1.607008
1.429998
1.227969
4.180581
4.15282
4.141152
4.15309
4.204623
0
0
0
0
0
1.987874
1.882672
1.757632
1.608842
1.432283
4.172217
4.144172
4.132058
4.143565
4.194498
0
0
0
0
0
2.078717
1.9902
1.885274
1.760561
1.612212
4.150539
4.122271
4.109615
4.120509
4.170175
0
0
0
0
0
2.156342
2.081769
1.99369
1.889274
1.765157
4.102745
4.074215
4.060498
4.07006
4.117018
0
0
0
0
0
2.222731
2.159739
2.085704
1.998252
1.894562
4.050202
4.021389
4.006715
4.014845
4.058748
0
0
0
0
0
2.279053
2.225438
2.162892
2.089371
2.002509
3.991589
3.962938
3.94729
3.953921
3.994377
0
0
0
0
0
2.326987
2.280834
2.227514
2.165308
2.092171
3.92541
3.897478
3.880991
3.885683
3.92216
0
0
0
0
0
2.36836
2.32797
2.281978
2.228835
2.166827
3.851152
3.824678
3.807924
3.810665
3.842598
0
0
0
0
0
2.404881
2.368749
2.32841
2.282467
2.229371
3.883817
3.861186
3.85381
3.883821
3.99938
3.950329
3.924912
3.912634
3.926282
3.989442
0
4.010322
3.9839
3.970697
3.980976
4.030431
0
0
4.064055
4.036989
4.024131
4.034309
4.082094
0
0
0
4.112616
4.085351
4.073165
4.084315
4.133348
0
0
0
0
4.157224
4.129972
4.118542
4.13061
4.181674
0
0
0
0
0
4.176678
4.149568
4.138441
4.150914
4.20293
0
0
0
0
0
1.24531
4.183582
4.156455
4.145429
4.157886
4.210096
0
0
0
0
0
1.434551
1.235779
4.187426
4.160242
4.149188
4.161661
4.213859
0
0
0
0
0
1.607628
1.43116
1.229824
4.188837
4.161513
4.150372
4.162764
4.214948
0
0
0
0
0
1.755226
1.606309
1.42923
1.22655
4.188152
4.160662
4.149347
4.161612
4.213651
0
0
0
0
0
1.88034
1.755049
1.605906
1.428557
1.225522
4.18535
4.157666
4.14613
4.158193
4.209979
0
0
0
0
0
1.986434
1.880977
1.755637
1.606452
1.429157
4.180021
4.152144
4.140332
4.152143
4.203523
0
0
0
0
0
2.076645
1.987758
1.882398
1.757171
1.608145
4.171648
4.143534
4.131306
4.142691
4.19346
0
0
0
0
0
2.153684
2.078624
1.989977
1.884893
1.759982
4.149952
4.121615
4.108878
4.119686
4.169232
0
0
0
0
0
2.219816
2.15627
2.081589
1.993379
1.888796
4.102448
4.073499
4.059698
4.069193
4.116045
0
0
0
0
0
2.276749
2.222678
2.159599
2.085457
1.997868
4.050182
4.020925
4.005861
4.013913
4.057721
0
0
0
0
0
2.325487
2.279016
2.225331
2.162696
2.089062
3.99163
3.962739
3.946665
3.952925
3.993271
0
0
0
0
0
2.367545
2.326962
2.280753
2.22736
2.165059
3.925332
3.8973
3.880617
3.884897
3.920985
0
0
0
0
0
2.404563
2.368347
2.32791
2.281858
2.228635
3.850903
3.824371
3.807534
3.81013
3.841603
0
0
0
0
0
2.437937
2.404876
2.368709
2.328319
2.282309
3.880078
3.855977
3.843605
3.856452
3.918607
0
3.947338
3.921702
3.907986
3.916976
3.96365
0
0
4.007908
3.981325
3.96785
3.976772
4.021671
0
0
0
4.062111
4.034895
4.021837
4.031754
4.078141
0
0
0
0
4.111173
4.083672
4.071287
4.082238
4.13098
0
0
0
0
0
4.156005
4.128685
4.11702
4.12891
4.179782
0
0
0
0
0
1.259486
4.175684
4.148385
4.137146
4.149393
4.201185
0
0
0
0
0
1.439862
1.24498
4.182656
4.155387
4.144201
4.156556
4.208514
0
0
0
0
0
1.610017
1.434284
1.235177
4.18663
4.159269
4.148067
4.160405
4.212483
0
0
0
0
0
1.756146
1.60741
1.43067
1.228998
4.188152
4.160662
4.149347
4.161612
4.213651
0
0
0
0
0
1.88034
1.755049
1.605906
1.428557
1.225522
4.187556
4.159907
4.148433
4.160554
4.212452
0
0
0
0
0
1.985769
1.880196
1.754717
1.605351
1.427717
4.184791
4.156989
4.145308
4.157244
4.208874
0
0
0
0
0
2.075422
1.986318
1.880704
1.755176
1.605755
4.179461
4.151504
4.139583
4.151282
4.202531
0
0
0
0
0
2.15193
2.076552
1.987534
1.882016
1.75659
4.171122
4.142904
4.130603
4.141895
4.192531
0
0
0
0
0
2.217576
2.153611
2.078442
1.989661
1.884409
4.14985
4.120997
4.108177
4.11891
4.16836
0
0
0
0
0
2.274307
2.219761
2.156125
2.081332
1.992981
4.102608
4.073197
4.058961
4.068366
4.115128
0
0
0
0
0
2.323579
2.27671
2.222568
2.159398
2.08514
4.050414
4.020908
4.005396
4.013045
4.05674
0
0
0
0
0
2.366327
2.325462
2.278933
2.225174
2.162442
3.99177
3.962761
3.946479
3.952304
3.992227
0
0
0
0
0
2.403915
2.367531
2.326902
2.280631
2.227157
3.925323
3.897207
3.880428
3.884554
3.920174
0
0
0
0
0
2.437701
2.404559
2.368306
2.327818
2.281697
3.850709
3.824115
3.807218
3.809741
3.841074
0
0
0
0
0
2.469133
2.437941
2.404852
2.368643
2.328195
3.876686
3.852394
3.838429
3.846061
3.889622
0
0
3.944594
3.918799
3.904803
3.912246
3.953836
0
0
0
4.005685
3.978956
3.965273
3.973894
4.017268
0
0
0
0
4.060447
4.032967
4.019719
4.029425
4.075476
0
0
0
0
0
4.109792
4.082222
4.069569
4.080322
4.128817
0
0
0
0
0
1.278239
4.15492
4.127442
4.115687
4.127352
4.178016
0
0
0
0
0
1.447953
1.259162
4.174812
4.147343
4.135903
4.148066
4.199606
0
0
0
0
0
1.614079
1.439596
1.24438
4.18186
4.154419
4.143081
4.155296
4.207133
0
0
0
0
0
1.75814
1.6098
1.433795
1.234351
4.185946
4.158418
4.147042
4.159252
4.211179
0
0
0
0
0
1.881122
1.755969
1.607008
1.429998
1.227969
4.187556
4.159907
4.148433
4.160554
4.212452
0
0
0
0
0
1.985769
1.880196
1.754717
1.605351
1.427717
4.186997
4.159229
4.147608
4.159602
4.211349
0
0
0
0
0
2.074857
1.985653
1.879922
1.754256
1.604653
4.184235
4.156348
4.144557
4.156379
4.20788
0
0
0
0
0
2.150893
2.075329
1.986093
1.880321
1.754594
4.17898
4.15088
4.138876
4.150488
4.201623
0
0
0
0
0
2.216095
2.151857
2.076369
1.987217
1.88153
4.171129
4.142343
4.129926
4.141154
4.19169
0
0
0
0
0
2.272427
2.21752
2.153464
2.078182
1.989258
4.150156
4.12088
4.107535
4.118185
4.167542
0
0
0
0
0
2.321549
2.274266
2.219645
2.155915
2.081002
4.103011
4.07335
4.058655
4.067616
4.114259
0
0
0
0
0
2.364771
2.323553
2.276624
2.222405
2.159137
4.050761
4.021111
4.005389
4.012588
4.055834
0
0
0
0
0
2.402941
2.366312
2.3254
2.278808
2.224967
3.991978
3.962875
3.946487
3.952154
3.991589
0
0
0
0
0
2.437215
2.40391
2.367489
2.326808
2.280468
3.925365
3.897177
3.880318
3.884368
3.919853
0
0
0
0
0
2.468981
2.437705
2.404534
2.368239
2.327693
3.85062
3.82391
3.806946
3.809419
3.840673
0
0
0
0
0
2.499696
2.469147
2.437933
2.404808
2.36855
3.873584
3.849137
3.834905
3.840819
3.87867
0
0
0
3.942088
3.916131
3.90192
3.909035
3.94886
0
0
0
0
4.003777
3.976771
3.962897
3.971284
4.01426
0
0
0
0
0
4.058893
4.031313
4.017765
4.02727
4.073045
0
0
0
0
0
1.29619
4.108559
4.08083
4.068082
4.078566
4.126819
0
0
0
0
0
1.458577
1.27793
4.153962
4.126329
4.114398
4.125987
4.176394
0
0
0
0
0
1.620267
1.44769
1.258572
4.174051
4.146417
4.134787
4.146779
4.198226
0
0
0
0
0
1.761528
1.613862
1.439108
1.243557
4.181177
4.15357
4.142061
4.154144
4.205822
0
0
0
0
0
1.882816
1.757963
1.609398
1.433123
1.233322
4.18535
4.157666
4.14613
4.158193
4.209979
0
0
0
0
0
1.986434
1.880977
1.755637
1.606452
1.429157
4.186997
4.159229
4.147608
4.159602
4.211349
0
0
0
0
0
2.074857
1.985653
1.879922
1.754256
1.604653
4.186442
4.158588
4.146855
4.158733
4.210352
0
0
0
0
0
2.150414
2.074764
1.985428
1.879539
1.753674
4.183779
4.155727
4.143847
4.155584
4.206971
0
0
0
0
0
2.21522
2.15082
2.075145
1.985775
1.879835
4.179034
4.15036
4.138204
4.149743
4.200786
0
0
0
0
0
2.271182
2.216039
2.151708
2.076107
1.986812
4.171514
4.14233
4.12934
4.140455
4.19091
0
0
0
0
0
2.319982
2.272385
2.217402
2.153251
2.077847
4.150734
4.121174
4.107411
4.117534
4.166784
0
0
0
0
0
2.363104
2.321521
2.274176
2.219475
2.155643
4.103537
4.073716
4.058816
4.067324
4.113481
0
0
0
0
0
2.401687
2.364755
2.323488
2.276495
2.222192
4.051157
4.021422
4.005574
4.012625
4.055372
0
0
0
0
0
2.436478
2.402936
2.366268
2.325304
2.278642
3.992229
3.963051
3.946577
3.952168
3.991478
0
0
0
0
0
2.468663
2.437219
2.403885
2.36742
2.326681
3.925495
3.897195
3.880264
3.884253
3.919669
0
0
0
0
0
2.499642
2.468995
2.437696
2.404488
2.368144
3.850634
3.823804
3.806723
3.809137
3.840338
0
0
0
0
0
2.530986
2.49972
2.469154
2.43791
2.404742
3.870782
3.846154
3.831703
3.837281
3.873163
0
0
0
0
3.939875
3.913689
3.899264
3.906123
3.9455
0
0
0
0
0
4.002013
3.974893
3.960701
3.968873
4.01153
0
0
0
0
0
1.310501
4.057485
4.029766
4.016087
4.025279
4.070791
0
0
0
0
0
1.468768
1.295891
4.107448
4.079583
4.066652
4.077045
4.124984
0
0
0
0
0
1.628384
1.458321
1.277367
4.153108
4.125336
4.113239
4.124664
4.174972
0
0
0
0
0
1.766685
1.620052
1.447208
1.257762
4.173381
4.145592
4.133784
4.145601
4.196878
0
0
0
0
0
1.88569
1.761351
1.613461
1.438437
1.242529
4.180581
4.15282
4.141152
4.15309
4.204623
0
0
0
0
0
1.987874
1.882672
1.757632
1.608842
1.432283
4.184791
4.156989
4.145308
4.157244
4.208874
0
0
0
0
0
2.075422
1.986318
1.880704
1.755176
1.605755
4.186442
4.158588
4.146855
4.158733
4.210352
0
0
0
0
0
2.150414
2.074764
1.985428
1.879539
1.753674
4.185997
4.157967
4.146146
4.157937
4.209439
0
0
0
0
0
2.214815
2.150341
2.07458
1.98511
1.879052
4.183867
4.155229
4.143178
4.154838
4.206132
0
0
0
0
0
2.270445
2.215163
2.150671
2.074883
1.98537
4.179462
4.150391
4.137657
4.149049
4.200002
0
0
0
0
0
2.318942
2.27114
2.21592
2.151494
2.075771
4.172171
4.142696
4.129317
4.139862
4.190182
0
0
0
0
0
2.361809
2.319952
2.272293
2.217229
2.152974
4.151414
4.121706
4.107709
4.117428
4.166114
0
0
0
0
0
2.400336
2.363086
2.321452
2.27404
2.219252
4.104119
4.074196
4.05916
4.067532
4.113196
0
0
0
0
0
2.435517
2.40168
2.364709
2.323388
2.276324
4.051597
4.021778
4.005859
4.012823
4.055464
0
0
0
0
0
2.468169
2.436481
2.402908
2.366197
2.325173
3.992569
3.963267
3.946724
3.952259
3.991509
0
0
0
0
0
2.499517
2.468676
2.437209
2.403838
2.367324
3.925731
3.897296
3.880254
3.88419
3.919555
0
0
0
0
0
2.531063
2.499665
2.469002
2.437672
2.404421
3.850693
3.823796
3.806595
3.808902
3.840043
0
0
0
0
0
2.564256
2.531022
2.499746
2.469152
2.437869
3.86826
3.843455
3.828767
3.834068
3.869467
0
0
0
0
0
3.937873
3.911532
3.896833
3.903439
3.942452
0
0
0
0
0
1.320218
4.000383
3.973154
3.958812
3.966642
4.009005
0
0
0
0
0
1.476934
1.310208
4.056213
4.028359
4.014514
4.023568
4.068706
0
0
0
0
0
1.636143
1.468518
1.295348
4.10648
4.078451
4.065368
4.075582
4.123394
0
0
0
0
0
1.773444
1.628176
1.457854
1.276598
4.152383
4.124438
4.112197
4.123472
4.173592
0
0
0
0
0
1.890062
1.76651
1.619655
1.446545
1.256751
4.172778
4.144851
4.132877
4.144537
4.195629
0
0
0
0
0
1.990316
1.885547
1.761021
1.612907
1.437599
4.180021
4.152144
4.140332
4.152143
4.203523
0
0
0
0
0
2.076645
1.987758
1.882398
1.757171
1.608145
4.184235
4.156348
4.144557
4.156379
4.20788
0
0
0
0
0
2.150893
2.075329
1.986093
1.880321
1.754594
4.185997
4.157967
4.146146
4.157937
4.209439
0
0
0
0
0
2.214815
2.150341
2.07458
1.98511
1.879052
4.186102
4.157481
4.145477
4.157191
4.208599
0
0
0
0
0
2.270103
2.214758
2.150192
2.074317
1.984704
4.184315
4.155292
4.142654
4.154147
4.205348
0
0
0
0
0
2.318325
2.270402
2.215044
2.150456
2.074546
4.18014
4.150796
4.137676
4.148496
4.199281
0
0
0
0
0
2.360944
2.318912
2.271046
2.215746
2.151215
4.172934
4.143301
4.129683
4.139858
4.189576
0
0
0
0
0
2.399285
2.36179
2.319882
2.272154
2.217002
4.152159
4.122331
4.108217
4.117779
4.16603
0
0
0
0
0
2.434471
2.400328
2.363036
2.321346
2.27386
4.104724
4.074728
4.05961
4.067894
4.113475
0
0
0
0
0
2.467511
2.43552
2.401651
2.364634
2.323252
4.052136
4.022174
4.006182
4.013112
4.055695
0
0
0
0
0
2.499304
2.468181
2.436469
2.402859
2.366097
3.992991
3.963569
3.946906
3.952401
3.991615
0
0
0
0
0
2.531197
2.49954
2.468682
2.437183
2.403768
3.926026
3.8975
3.880324
3.884168
3.919491
0
0
0
0
0
2.564546
2.531098
2.49969
2.468999
2.43763
3.850927
3.823832
3.80656
3.80876
3.839796
0
0
0
0
0
2.601767
2.564311
2.53107
2.499768
2.469139
3.866003
3.841025
3.826107
3.831119
3.866112
0
0
0
0
0
1.325095
3.93605
3.909579
3.894684
3.900979
3.939639
0
0
0
0
0
1.482503
1.319928
3.998943
3.971543
3.957061
3.964722
4.006666
0
0
0
0
0
1.642335
1.476687
1.309676
4.055094
4.027082
4.01308
4.021963
4.066914
0
0
0
0
0
1.779893
1.635939
1.468062
1.294606
4.105631
4.077452
4.064195
4.074263
4.121862
0
0
0
0
0
1.895785
1.773274
1.627791
1.457214
1.27564
4.151744
4.123654
4.111242
4.122395
4.172347
0
0
0
0
0
1.994026
1.88992
1.766183
1.619108
1.445716
4.172217
4.144172
4.132058
4.143565
4.194498
0
0
0
0
0
2.078717
1.9902
1.885274
1.760561
1.612212
4.179461
4.151504
4.139583
4.151282
4.202531
0
0
0
0
0
2.15193
2.076552
1.987534
1.882016
1.75659
4.183779
4.155727
4.143847
4.155584
4.206971
0
0
0
0
0
2.21522
2.15082
2.075145
1.985775
1.879835
4.186102
4.157481
4.145477
4.157191
4.208599
0
0
0
0
0
2.270103
2.214758
2.150192
2.074317
1.984704
4.186557
4.157559
4.144963
4.1565
4.207816
0
0
0
0
0
2.31804
2.270061
2.214638
2.149976
2.07398
4.185011
4.155715
4.142703
4.153617
4.204631
0
0
0
0
0
2.360429
2.318295
2.270308
2.214868
2.150176
4.180931
4.151419
4.138078
4.148534
4.198718
0
0
0
0
0
2.398584
2.360924
2.31884
2.270906
2.215517
4.173743
4.144005
4.130261
4.140277
4.1896
0
0
0
0
0
2.433652
2.399276
2.361738
2.319772
2.271969
4.152931
4.123019
4.108812
4.118309
4.166466
0
0
0
0
0
2.466777
2.434472
2.400295
2.362955
2.321202
4.105433
4.07528
4.060107
4.068354
4.113883
0
0
0
0
0
2.498994
2.467522
2.435505
2.401598
2.364529
4.052726
4.022666
4.006542
4.013436
4.056016
0
0
0
0
0
2.531362
2.499326
2.468185
2.436441
2.402786
3.993471
3.963949
3.947172
3.952573
3.991771
0
0
0
0
0
2.565104
2.531232
2.499563
2.468677
2.437139
3.926464
3.897759
3.880492
3.884224
3.919468
0
0
0
0
0
2.602464
2.564601
2.531146
2.499712
2.468984
3.851292
3.824039
3.80657
3.808708
3.839644
0
0
0
0
0
2.648331
2.601856
2.564395
2.531124
2.499785
3.86395
3.838848
3.823715
3.828446
3.86303
0
0
0
0
0
1.485306
1.324806
3.93441
3.907796
3.892736
3.898805
3.937061
0
0
0
0
0
1.646544
1.482259
1.319402
3.997637
3.970116
3.955436
3.96294
4.004652
0
0
0
0
0
1.785031
1.642133
1.476237
1.308949
4.054097
4.025948
4.011774
4.020496
4.06523
0
0
0
0
0
1.90124
1.779727
1.635562
1.467437
1.293684
4.104875
4.076559
4.063147
4.073055
4.120481
0
0
0
0
0
1.998876
1.895647
1.772957
1.627261
1.456414
4.15114
4.122945
4.110393
4.121402
4.171219
0
0
0
0
0
2.08186
1.993911
1.889651
1.765729
1.61842
4.171648
4.143534
4.131306
4.142691
4.19346
0
0
0
0
0
2.153684
2.078624
1.989977
1.884893
1.759982
4.17898
4.15088
4.138876
4.150488
4.201623
0
0
0
0
0
2.216095
2.151857
2.076369
1.987217
1.88153
4.183867
4.155229
4.143178
4.154838
4.206132
0
0
0
0
0
2.270445
2.215163
2.150671
2.074883
1.98537
4.186557
4.157559
4.144963
4.1565
4.207816
0
0
0
0
0
2.31804
2.270061
2.214638
2.149976
2.07398
4.187264
4.157988
4.145026
4.155981
4.207099
0
0
0
0
0
2.36019
2.318009
2.269967
2.214463
2.149696
4.185821
4.156353
4.14312
4.153683
4.204091
0
0
0
0
0
2.398166
2.360409
2.318223
2.270167
2.214638
4.181771
4.152147
4.138671
4.148985
4.198785
0
0
0
0
0
2.433103
2.398574
2.360872
2.318729
2.270719
4.174588
4.144752
4.130931
4.140878
4.190107
0
0
0
0
0
2.466195
2.433651
2.399241
2.361654
2.319624
4.153786
4.12373
4.109462
4.11892
4.167056
0
0
0
0
0
2.49862
2.466786
2.434454
2.400237
2.362842
4.106191
4.075933
4.06062
4.068856
4.11439
0
0
0
0
0
2.531519
2.499014
2.467523
2.435473
2.40152
4.053371
4.023206
4.006994
4.013791
4.056368
0
0
0
0
0
2.565888
2.531397
2.499348
2.468178
2.436394
3.994096
3.964385
3.947513
3.952828
3.991956
0
0
0
0
0
2.603872
2.565159
2.531278
2.499583
2.46866
3.927006
3.898158
3.880714
3.884375
3.919524
0
0
0
0
0
2.649663
2.602553
2.564683
2.531198
2.499727
3.851719
3.824373
3.806752
3.808705
3.839583
0
0
0
0
0
2.72278
2.648482
2.602004
2.564497
2.53118
3.862099
3.836867
3.821571
3.826042
3.860235
0
0
0
0
0
1.648656
1.485062
1.324283
3.9329
3.90619
3.890954
3.896831
3.934781
0
0
0
0
0
1.78852
1.646343
1.481812
1.318684
3.996465
3.968813
3.953992
3.961285
4.002782
0
0
0
0
0
1.905581
1.784867
1.641761
1.47562
1.308046
4.053197
4.024925
4.010603
4.019156
4.06369
0
0
0
0
0
2.003493
1.901105
1.779417
1.635044
1.466657
4.104158
4.075748
4.062198
4.071969
4.119212
0
0
0
0
0
2.085965
1.998765
1.895387
1.772518
1.626596
4.150539
4.122271
4.109615
4.120509
4.170175
0
0
0
0
0
2.156342
2.081769
1.99369
1.889274
1.765157
4.171122
4.142904
4.130603
4.141895
4.192531
0
0
0
0
0
2.217576
2.153611
2.078442
1.989661
1.884409
4.179034
4.15036
4.138204
4.149743
4.200786
0
0
0
0
0
2.271182
2.216039
2.151708
2.076107
1.986812
4.184315
4.155292
4.142654
4.154147
4.205348
0
0
0
0
0
2.318325
2.270402
2.215044
2.150456
2.074546
4.187264
4.157988
4.145026
4.155981
4.207099
0
0
0
0
0
2.36019
2.318009
2.269967
2.214463
2.149696
4.188081
4.158636
4.145449
4.156062
4.206571
0
0
0
0
0
2.397973
2.360171
2.317937
2.269825
2.214232
4.186673
4.157098
4.143725
4.154148
4.204189
0
0
0
0
0
2.432775
2.398156
2.360356
2.318111
2.269979
4.182664
4.15292
4.139363
4.1496
4.199324
0
0
0
0
0
2.465803
2.433102
2.398538
2.360786
2.318579
4.175524
4.14553
4.131639
4.141565
4.190773
0
0
0
0
0
2.498312
2.466204
2.433632
2.399179
2.361538
4.154691
4.124523
4.110132
4.11958
4.167727
0
0
0
0
0
2.531627
2.498639
2.466784
2.434417
2.400152
4.106981
4.076634
4.061231
4.069369
4.114934
0
0
0
0
0
2.566812
2.531552
2.499033
2.467512
2.435421
4.054149
4.023801
4.007493
4.014235
4.056749
0
0
0
0
0
2.605884
2.565942
2.53144
2.499364
2.468157
3.994777
3.964963
3.947908
3.953155
3.992224
0
0
0
0
0
2.652306
2.60396
2.56524
2.531328
2.499595
3.927587
3.898658
3.881075
3.88458
3.919679
0
0
0
0
0
2.724837
2.649815
2.6027
2.564785
2.531252
3.852187
3.824767
3.807057
3.808875
3.839576
0
0
0
0
0
3.016633
2.723079
2.648749
2.602197
2.564616
3.860384
3.835073
3.819617
3.823888
3.857722
0
0
0
0
0
1.790269
1.648457
1.484617
1.323568
3.931546
3.904703
3.889346
3.895024
3.932711
0
0
0
0
0
1.908526
1.788357
1.645974
1.4812
1.317791
3.995402
3.967634
3.952666
3.959811
4.001044
0
0
0
0
0
2.007164
1.905448
1.784561
1.641249
1.474851
4.052348
4.023989
4.009536
4.017948
4.062281
0
0
0
0
0
2.089867
2.003385
1.90085
1.778987
1.634394
4.103439
4.074975
4.061326
4.070977
4.118067
0
0
0
0
0
2.159808
2.085877
1.998552
1.895023
1.771965
4.149952
4.121615
4.108878
4.119686
4.169232
0
0
0
0
0
2.219816
2.15627
2.081589
1.993379
1.888796
4.171129
4.142343
4.129926
4.141154
4.19169
0
0
0
0
0
2.272427
2.21752
2.153464
2.078182
1.989258
4.179462
4.150391
4.137657
4.149049
4.200002
0
0
0
0
0
2.318942
2.27114
2.21592
2.151494
2.075771
4.185011
4.155715
4.142703
4.153617
4.204631
0
0
0
0
0
2.360429
2.318295
2.270308
2.214868
2.150176
4.188081
4.158636
4.145449
4.156062
4.206571
0
0
0
0
0
2.397973
2.360171
2.317937
2.269825
2.214232
4.188945
4.159388
4.146064
4.156532
4.206683
0
0
0
0
0
2.432623
2.397962
2.360117
2.317824
2.269637
4.187559
4.157882
4.144433
4.154775
4.204741
0
0
0
0
0
2.465567
2.432774
2.398119
2.36027
2.31796
4.18365
4.153736
4.140091
4.150308
4.200004
0
0
0
0
0
2.498099
2.46581
2.433081
2.398474
2.360667
4.17649
4.146399
4.132374
4.142284
4.191526
0
0
0
0
0
2.531687
2.498329
2.466199
2.433591
2.39909
4.155625
4.125365
4.110882
4.120254
4.168443
0
0
0
0
0
2.567714
2.531659
2.498654
2.466768
2.434358
4.107891
4.077367
4.061888
4.069977
4.115487
0
0
0
0
0
2.608221
2.566864
2.531593
2.499045
2.467486
4.054964
4.024527
4.008044
4.014725
4.057221
0
0
0
0
0
2.65617
2.60597
2.566021
2.531487
2.499373
3.995488
3.965599
3.948444
3.953534
3.992566
0
0
0
0
0
2.728956
2.652458
2.604104
2.565339
2.531379
3.928176
3.8992
3.881538
3.884923
3.919887
0
0
0
0
0
3.016414
2.725138
2.650083
2.602892
2.564902
3.852656
3.825202
3.807418
3.809168
3.839752
0
0
0
0
0
3.243383
3.016618
2.723643
2.649115
2.602433
3.858841
3.833408
3.817842
3.821922
3.855469
0
0
0
0
0
1.910001
1.790106
1.648089
1.484007
1.322681
3.930295
3.903363
3.887852
3.89339
3.930813
0
0
0
0
0
2.009652
1.908394
1.788053
1.645466
1.480437
3.994408
3.966554
3.951457
3.958451
3.999492
0
0
0
0
0
2.092964
2.007057
1.905196
1.784137
1.640607
4.051501
4.023102
4.008552
4.016841
4.061007
0
0
0
0
0
2.163095
2.089781
2.003177
1.900494
1.778447
4.102745
4.074215
4.060498
4.07006
4.117018
0
0
0
0
0
2.222731
2.159739
2.085704
1.998252
1.894562
4.14985
4.120997
4.108177
4.11891
4.16836
0
0
0
0
0
2.274307
2.219761
2.156125
2.081332
1.992981
4.171514
4.14233
4.12934
4.140455
4.19091
0
0
0
0
0
2.319982
2.272385
2.217402
2.153251
2.077847
4.18014
4.150796
4.137676
4.148496
4.199281
0
0
0
0
0
2.360944
2.318912
2.271046
2.215746
2.151215
4.185821
4.156353
4.14312
4.153683
4.204091
0
0
0
0
0
2.398166
2.360409
2.318223
2.270167
2.214638
4.188945
4.159388
4.146063
4.156532
4.206683
0
0
0
0
0
2.432623
2.397962
2.360117
2.317824
2.269637
4.189833
4.160183
4.146778
4.157167
4.20724
0
0
0
0
0
2.465458
2.432621
2.397925
2.36003
2.317672
4.18854
4.158696
4.145174
4.155498
4.205434
0
0
0
0
0
2.49797
2.465574
2.432752
2.398055
2.36015
4.184663
4.154645
4.140849
4.151044
4.200779
0
0
0
0
0
2.531715
2.498116
2.465804
2.433038
2.398383
4.177489
4.147298
4.133196
4.143024
4.192306
0
0
0
0
0
2.568376
2.531717
2.498342
2.46618
2.433528
4.156657
4.126235
4.111678
4.121005
4.16917
0
0
0
0
0
2.610564
2.567765
2.531696
2.498661
2.466735
4.108822
4.078221
4.062576
4.070627
4.116135
0
0
0
0
0
2.660999
2.608306
2.566941
2.531635
2.499048
4.055783
4.025293
4.008727
4.015264
4.057738
0
0
0
0
0
2.735068
2.656325
2.606109
2.566117
2.531533
3.996192
3.966266
3.949039
3.954055
3.992961
0
0
0
0
0
3.015948
2.729261
2.652728
2.604291
2.565452
3.928792
3.899752
3.882044
3.88537
3.920241
0
0
0
0
0
3.242489
3.016399
2.725705
2.65045
2.603126
3.853183
3.825638
3.807824
3.809515
3.840055
0
0
0
0
0
3.45672
3.243366
3.016569
2.72445
2.649577
3.857412
3.831901
3.816188
3.820131
3.853412
0
0
0
0
0
2.010896
1.909869
1.789803
1.647582
1.483247
3.929109
3.902119
3.886497
3.891867
3.929096
0
0
0
0
0
2.095061
2.009546
1.908144
1.787632
1.644829
3.993416
3.965542
3.950342
3.957205
3.998059
0
0
0
0
0
2.1657
2.092879
2.006852
1.904845
1.783603
4.050671
4.022228
4.00762
4.015815
4.059836
0
0
0
0
0
2.225489
2.163028
2.089612
2.002883
1.900044
4.102448
4.073499
4.059698
4.069193
4.116045
0
0
0
0
0
2.276749
2.222678
2.159599
2.085457
1.997868
4.150156
4.12088
4.107535
4.118185
4.167542
0
0
0
0
0
2.321549
2.274266
2.219645
2.155915
2.081002
4.172171
4.142696
4.129317
4.139862
4.190182
0
0
0
0
0
2.361809
2.319952
2.272293
2.217229
2.152974
4.180931
4.151419
4.138078
4.148534
4.198718
0
0
0
0
0
2.398584
2.360924
2.31884
2.270906
2.215517
4.186673
4.157098
4.143725
4.154148
4.204189
0
0
0
0
0
2.432775
2.398156
2.360356
2.318111
2.269979
4.189833
4.160183
4.146778
4.157167
4.20724
0
0
0
0
0
2.465458
2.432621
2.397925
2.36003
2.317672
4.190821
4.160999
4.147529
4.157897
4.207942
0
0
0
0
0
2.497909
2.465465
2.432599
2.39786
2.35991
4.189561
4.159606
4.14594
4.156249
4.206223
0
0
0
0
0
2.531728
2.497986
2.465568
2.432708
2.397962
4.185698
4.155583
4.141698
4.151791
4.201575
0
0
0
0
0
2.568799
2.531744
2.498127
2.465782
2.432972
4.178579
4.148231
4.134048
4.143849
4.193103
0
0
0
0
0
2.61231
2.568426
2.531751
2.498345
2.466142
4.15768
4.127207
4.112501
4.121799
4.169973
0
0
0
0
0
2.666199
2.610649
2.567839
2.531733
2.498657
4.109741
4.0791
4.063386
4.071307
4.116824
0
0
0
0
0
2.742792
2.661156
2.608444
2.567032
2.531675
4.056583
4.026066
4.009453
4.015936
4.058305
0
0
0
0
0
3.015215
2.735377
2.656597
2.60629
2.566226
3.996897
3.966932
3.949671
3.954637
3.993503
0
0
0
0
0
3.240694
3.015933
2.729834
2.653097
2.604519
3.929439
3.900329
3.882566
3.885864
3.920703
0
0
0
0
0
3.455641
3.242472
3.016349
2.726516
2.650912
3.85392
3.826108
3.808256
3.809909
3.84041
0
0
0
0
0
3.660856
3.456703
3.243308
3.016487
2.725502
3.856054
3.8305
3.814687
3.818458
3.851535
0
0
0
0
0
2.096109
2.010791
1.909621
1.789384
1.646948
3.927958
3.900939
3.885237
3.890481
3.927493
0
0
0
0
0
2.167462
2.094977
2.009342
1.907796
1.787102
3.992438
3.96454
3.949296
3.956052
3.996742
0
0
0
0
0
2.22767
2.165634
2.092713
2.006562
1.904401
4.050202
4.021389
4.006715
4.014845
4.058748
0
0
0
0
0
2.279053
2.225438
2.162892
2.089371
2.002509
4.102608
4.073197
4.058961
4.068366
4.115128
0
0
0
0
0
2.323579
2.27671
2.222568
2.159398
2.08514
4.150734
4.121174
4.107411
4.117534
4.166784
0
0
0
0
0
2.363104
2.321521
2.274176
2.219475
2.155643
4.172934
4.143301
4.129683
4.139858
4.189576
0
0
0
0
0
2.399285
2.36179
2.319882
2.272154
2.217002
4.181771
4.152147
4.138671
4.148985
4.198785
0
0
0
0
0
2.433103
2.398574
2.360872
2.318729
2.270719
4.187559
4.157882
4.144433
4.154775
4.204741
0
0
0
0
0
2.465567
2.432774
2.398119
2.36027
2.31796
4.190821
4.160999
4.147529
4.157897
4.207942
0
0
0
0
0
2.497909
2.465465
2.432599
2.39786
2.35991
4.191851
4.161914
4.148297
4.158657
4.208739
0
0
0
0
0
2.531733
2.497925
2.465457
2.432555
2.397766
4.190588
4.160554
4.1468
4.157019
4.207037
0
0
0
0
0
2.569043
2.531756
2.497996
2.465544
2.432641
4.186819
4.156545
4.142575
4.152627
4.202368
0
0
0
0
0
2.613438
2.568848
2.531777
2.498128
2.465742
4.179658
4.149259
4.134933
4.144699
4.193984
0
0
0
0
0
2.669955
2.612395
2.568497
2.531784
2.498336
4.158685
4.128178
4.11343
4.122617
4.170816
0
0
0
0
0
2.750893
2.666354
2.610786
2.567927
2.531767
4.110616
4.079972
4.064227
4.07211
4.117542
0
0
0
0
0
3.014228
2.743109
2.661431
2.608622
2.567136
4.057373
4.026826
4.010193
4.016653
4.059008
0
0
0
0
0
3.238043
3.0152
2.73596
2.656969
2.606507
3.997623
3.967601
3.950307
3.955259
3.994109
0
0
0
0
0
3.453481
3.240677
3.015883
2.730653
2.653562
3.930184
3.900936
3.883107
3.886375
3.921215
0
0
0
0
0
3.659725
3.455624
3.242413
3.016268
2.727573
3.85477
3.826802
3.808675
3.810437
3.840817
0
0
0
0
0
3.854732
3.660839
3.45664
3.243209
3.016375
3.854756
3.829167
3.813286
3.816935
3.849779
0
0
0
0
0
2.168341
2.096025
2.010588
1.909274
1.788856
3.926817
3.899797
3.884043
3.889193
3.92603
0
0
0
0
0
2.229142
2.167397
2.094812
2.009055
1.907355
3.991797
3.963566
3.948272
3.954971
3.995521
0
0
0
0
0
2.28087
2.22762
2.165501
2.092476
2.006194
4.050182
4.020925
4.005861
4.013913
4.057721
0
0
0
0
0
2.325487
2.279016
2.225331
2.162696
2.089062
4.103011
4.07335
4.058655
4.067616
4.114259
0
0
0
0
0
2.364771
2.323553
2.276624
2.222405
2.159137
4.151414
4.121706
4.107709
4.117428
4.166114
0
0
0
0
0
2.400336
2.363086
2.321452
2.27404
2.219252
4.173743
4.144005
4.130261
4.140277
4.1896
0
0
0
0
0
2.433652
2.399276
2.361738
2.319772
2.271969
4.182664
4.15292
4.139363
4.1496
4.199324
0
0
0
0
0
2.465803
2.433102
2.398538
2.360786
2.318579
4.18854
4.158696
4.145174
4.155498
4.205434
0
0
0
0
0
2.49797
2.465574
2.432752
2.398055
2.36015
4.191851
4.161914
4.148297
4.158657
4.208739
0
0
0
0
0
2.531733
2.497925
2.465457
2.432555
2.397766
4.192882
4.162871
4.149161
4.159429
4.209562
0
0
0
0
0
2.569154
2.531761
2.497935
2.465433
2.432486
4.191711
4.161512
4.147697
4.157879
4.207867
0
0
0
0
0
2.614094
2.569091
2.531788
2.497995
2.465502
4.187932
4.1576
4.14348
4.153491
4.203253
0
0
0
0
0
2.672361
2.613522
2.568916
2.531807
2.498115
4.180705
4.150284
4.135918
4.145579
4.194888
0
0
0
0
0
2.756941
2.67011
2.61253
2.56858
2.531812
4.15964
4.129135
4.114365
4.123543
4.171683
0
0
0
0
0
3.01313
2.751221
2.666627
2.610963
2.568024
4.111473
4.080806
4.065066
4.072946
4.118386
0
0
0
0
0
3.23471
3.014212
2.743707
2.661808
2.608836
4.058148
4.027579
4.010923
4.017387
4.059758
0
0
0
0
0
3.450303
3.238026
3.01515
2.736793
2.657438
3.998414
3.968292
3.950949
3.955889
3.994758
0
0
0
0
0
3.657465
3.453463
3.240618
3.015801
2.731721
3.931
3.90165
3.883678
3.886901
3.921747
0
0
0
0
0
3.853606
3.659709
3.45556
3.242314
3.016154
3.855618
3.827617
3.809324
3.811152
3.841401
0
0
0
0
0
4.037188
3.854717
3.660774
3.456532
3.243071
3.853468
3.827894
3.811953
3.81551
3.848177
0
0
0
0
0
2.229874
2.168276
2.095861
2.010302
1.908834
3.925989
3.898677
3.882896
3.887973
3.924671
0
0
0
0
0
2.282094
2.229092
2.167264
2.094577
2.00869
3.991589
3.962938
3.94729
3.953921
3.994377
0
0
0
0
0
2.326987
2.280834
2.227514
2.165308
2.092171
4.050414
4.020908
4.005396
4.013045
4.05674
0
0
0
0
0
2.366327
2.325462
2.278933
2.225174
2.162442
4.103537
4.073716
4.058816
4.067324
4.113481
0
0
0
0
0
2.401687
2.364755
2.323488
2.276495
2.222192
4.152159
4.122331
4.108217
4.117779
4.16603
0
0
0
0
0
2.434471
2.400328
2.363036
2.321346
2.27386
4.174588
4.144752
4.130931
4.140878
4.190107
0
0
0
0
0
2.466195
2.433651
2.399241
2.361654
2.319624
4.18365
4.153736
4.140091
4.150308
4.200004
0
0
0
0
0
2.498099
2.46581
2.433081
2.398474
2.360667
4.189561
4.159605
4.14594
4.156249
4.206223
0
0
0
0
0
2.531728
2.497986
2.465568
2.432708
2.397962
4.192882
4.162871
4.149161
4.159429
4.209562
0
0
0
0
0
2.569154
2.531761
2.497935
2.465433
2.432486
4.19401
4.163833
4.150065
4.160293
4.210393
0
0
0
0
0
2.614394
2.569202
2.531792
2.497933
2.46539
4.192831
4.162573
4.148606
4.158772
4.208784
0
0
0
0
0
2.673754
2.614176
2.569158
2.531816
2.49798
4.189003
4.158656
4.144487
4.154383
4.204164
0
0
0
0
0
2.760803
2.672517
2.613655
2.568996
2.53183
4.181712
4.151282
4.136907
4.146563
4.195821
0
0
0
0
0
3.012281
2.757273
2.670383
2.612703
2.568671
4.16055
4.130047
4.115291
4.124478
4.17266
0
0
0
0
0
3.231211
3.013113
2.751837
2.666998
2.611176
4.112306
4.081626
4.065873
4.073783
4.119266
0
0
0
0
0
3.446325
3.234692
3.014161
2.744561
2.662283
4.058978
4.028322
4.011651
4.018115
4.060529
0
0
0
0
0
3.654143
3.450285
3.237966
3.015067
2.73788
3.999228
3.969051
3.951616
3.956527
3.995417
0
0
0
0
0
3.851355
3.657448
3.453399
3.240519
3.015687
3.931814
3.902436
3.884371
3.887446
3.922293
0
0
0
0
0
4.036094
3.85359
3.659643
3.455452
3.242176
3.85587
3.828454
3.810086
3.811771
3.842128
0
0
0
0
0
4.207503
4.037174
3.854651
3.660662
3.456381
3.852455
3.826637
3.810686
3.814156
3.846678
0
0
0
0
0
2.282702
2.229825
2.168144
2.095627
2.009938
3.92558
3.897872
3.881782
3.886807
3.923386
0
0
0
0
0
2.327994
2.282058
2.228988
2.167074
2.094276
3.99163
3.962739
3.946665
3.952925
3.993271
0
0
0
0
0
2.367545
2.326962
2.280753
2.22736
2.165059
4.050761
4.021111
4.005389
4.012588
4.055834
0
0
0
0
0
2.402941
2.366312
2.3254
2.278808
2.224967
4.104119
4.074196
4.05916
4.067532
4.113196
0
0
0
0
0
2.435517
2.40168
2.364709
2.323388
2.276324
4.152931
4.123019
4.108812
4.118309
4.166466
0
0
0
0
0
2.466777
2.434472
2.400295
2.362955
2.321202
4.175524
4.14553
4.131639
4.141565
4.190773
0
0
0
0
0
2.498312
2.466204
2.433632
2.399179
2.361538
4.184663
4.154645
4.140849
4.151044
4.200779
0
0
0
0
0
2.531715
2.498116
2.465804
2.433038
2.398383
4.190588
4.160554
4.1468
4.157019
4.207037
0
0
0
0
0
2.569043
2.531756
2.497996
2.465544
2.432641
4.19401
4.163833
4.150065
4.160293
4.210393
0
0
0
0
0
2.614394
2.569202
2.531792
2.497933
2.46539
4.195128
4.164897
4.150978
4.161193
4.211315
0
0
0
0
0
2.67439
2.614476
2.569268
2.531819
2.497917
4.19392
4.163637
4.149623
4.159678
4.209733
0
0
0
0
0
2.763017
2.67391
2.614308
2.569236
2.531836
4.190038
4.159678
4.145503
4.155382
4.205102
0
0
0
0
0
3.011724
2.761137
2.672789
2.613825
2.569082
4.18271
4.152248
4.137877
4.147554
4.196861
0
0
0
0
0
3.228537
3.012264
2.757898
2.670755
2.612911
4.161428
4.130922
4.116178
4.125406
4.173647
0
0
0
0
0
3.442171
3.231191
3.01306
2.752719
2.667464
4.113162
4.082427
4.06667
4.074592
4.120147
0
0
0
0
0
3.649992
3.446306
3.23463
3.014077
2.745676
4.059817
4.029122
4.012374
4.018842
4.061295
0
0
0
0
0
3.848049
3.654126
3.45022
3.237866
3.014952
4.000047
3.969836
3.952354
3.95719
3.996086
0
0
0
0
0
4.033908
3.851339
3.657382
3.453291
3.24038
3.932045
3.903223
3.885144
3.888139
3.922869
0
0
0
0
0
4.206454
4.03608
3.853524
3.65953
3.4553
3.85396
3.828682
3.810939
3.81239
3.842752
0
0
0
0
0
4.365298
4.20749
4.03711
3.854538
3.660503
3.851848
3.825654
3.809444
3.812873
3.845254
0
0
0
0
0
2.328492
2.282666
2.229722
2.167955
2.095327
3.92541
3.897478
3.880991
3.885683
3.92216
0
0
0
0
0
2.36836
2.32797
2.281978
2.228835
2.166827
3.99177
3.962761
3.946479
3.952304
3.992227
0
0
0
0
0
2.403915
2.367531
2.326902
2.280631
2.227157
4.051157
4.021422
4.005574
4.012625
4.055372
0
0
0
0
0
2.436478
2.402936
2.366268
2.325304
2.278642
4.104724
4.074728
4.05961
4.067894
4.113475
0
0
0
0
0
2.467511
2.43552
2.401651
2.364634
2.323252
4.153786
4.12373
4.109462
4.11892
4.167056
0
0
0
0
0
2.49862
2.466786
2.434454
2.400237
2.362842
4.17649
4.146399
4.132374
4.142284
4.191526
0
0
0
0
0
2.531687
2.498329
2.466199
2.433591
2.39909
4.185698
4.155583
4.141698
4.15179
4.201575
0
0
0
0
0
2.568799
2.531744
2.498127
2.465782
2.432972
4.191711
4.161512
4.147697
4.157879
4.207867
0
0
0
0
0
2.614094
2.569091
2.531788
2.497995
2.465502
4.195128
4.164897
4.150978
4.161193
4.211315
0
0
0
0
0
2.67439
2.614476
2.569268
2.531819
2.497917
4.196224
4.165961
4.151999
4.162102
4.212271
0
0
0
0
0
2.764018
2.674545
2.614607
2.569345
2.531838
4.194964
4.164677
4.150652
4.160694
4.210693
0
0
0
0
0
3.011398
2.763351
2.674181
2.614477
2.569319
4.19108
4.160671
4.146494
4.156396
4.206153
0
0
0
0
0
3.226778
3.011707
2.761765
2.67316
2.614028
4.183696
4.153209
4.138818
4.148529
4.197908
0
0
0
0
0
3.439007
3.228517
3.012211
2.758792
2.671221
4.162322
4.131769
4.117032
4.126298
4.174627
0
0
0
0
0
3.645666
3.44215
3.231126
3.012974
2.753869
4.114016
4.083256
4.067453
4.075392
4.121
0
0
0
0
0
3.843924
3.649973
3.446239
3.234527
3.013961
4.060635
4.029934
4.013157
4.019567
4.062059
0
0
0
0
0
4.030701
3.848033
3.654059
3.45011
3.237726
4.000328
3.970628
3.953124
3.957929
3.99678
0
0
0
0
0
4.204362
4.033894
3.851273
3.657269
3.453138
3.930683
3.903438
3.88592
3.888923
3.923595
0
0
0
0
0
4.364303
4.206442
4.036015
3.853411
3.659371
3.865613
3.826763
3.811143
3.812983
3.843354
0
0
0
0
0
4.510397
4.365288
4.207427
4.036997
3.854376
3.851456
3.825067
3.808484
3.811622
3.843906
0
0
0
0
0
2.368763
2.328468
2.282587
2.22957
2.167709
3.925332
3.8973
3.880617
3.884897
3.920985
0
0
0
0
0
2.404563
2.368347
2.32791
2.281858
2.228635
3.991978
3.962875
3.946487
3.952154
3.991589
0
0
0
0
0
2.437215
2.40391
2.367489
2.326808
2.280468
4.051597
4.021778
4.005859
4.012823
4.055464
0
0
0
0
0
2.468169
2.436481
2.402908
2.366197
2.325173
4.105433
4.07528
4.060107
4.068354
4.113883
0
0
0
0
0
2.498994
2.467522
2.435505
2.401598
2.364529
4.154691
4.124523
4.110132
4.11958
4.167727
0
0
0
0
0
2.531627
2.498639
2.466784
2.434417
2.400152
4.17749
4.147298
4.133196
4.143024
4.192306
0
0
0
0
0
2.568376
2.531717
2.498342
2.46618
2.433528
4.186819
4.156545
4.142575
4.152627
4.202368
0
0
0
0
0
2.613438
2.568848
2.531777
2.498128
2.465742
4.192831
4.162573
4.148606
4.158772
4.208784
0
0
0
0
0
2.673754
2.614176
2.569158
2.531816
2.49798
4.196224
4.165961
4.151999
4.162102
4.212271
0
0
0
0
0
2.764018
2.674545
2.614607
2.569345
2.531838
4.197268
4.167008
4.153032
4.163123
4.213234
0
0
0
0
0
3.011247
2.764353
2.674816
2.614775
2.569427
4.196036
4.16568
4.151664
4.161725
4.211767
0
0
0
0
0
3.225741
3.011381
2.763981
2.674551
2.614677
4.192148
4.161678
4.147464
4.157392
4.207222
0
0
0
0
0
3.436931
3.226758
3.011654
2.762664
2.673624
4.184768
4.154166
4.139761
4.149477
4.198938
0
0
0
0
0
3.642383
3.438986
3.228451
3.012123
2.759958
4.163185
4.132637
4.117864
4.12716
4.175569
0
0
0
0
0
3.839634
3.645646
3.442079
3.231018
3.012853
4.114846
4.084086
4.068269
4.07618
4.121844
0
0
0
0
0
4.026704
3.843906
3.649904
3.446126
3.234383
4.060943
4.030729
4.013955
4.020354
4.062822
0
0
0
0
0
4.201296
4.030686
3.847966
3.653944
3.449956
3.999166
3.970893
3.953902
3.958704
3.997556
0
0
0
0
0
4.362317
4.204349
4.033828
3.851158
3.657109
3.94052
3.902078
3.886122
3.889715
3.924418
0
0
0
0
0
4.509457
4.364292
4.206379
4.035902
3.853249
3.838245
3.809213
3.81317
3.844011
0
0
0
0
0
4.642742
4.510389
4.365227
4.207316
4.036835
3.851152
3.824678
3.807924
3.810665
3.842598
0
0
0
0
0
2.404881
2.368749
2.32841
2.282467
2.229371
3.925323
3.897207
3.880428
3.884554
3.920174
0
0
0
0
0
2.437701
2.404559
2.368306
2.327818
2.281697
3.992229
3.963051
3.946577
3.952168
3.991478
0
0
0
0
0
2.468663
2.437219
2.403885
2.36742
2.326681
4.052136
4.022174
4.006182
4.013112
4.055695
0
0
0
0
0
2.499304
2.468181
2.436469
2.402859
2.366097
4.106191
4.075933
4.06062
4.068856
4.11439
0
0
0
0
0
2.531519
2.499014
2.467523
2.435473
2.40152
4.155625
4.125365
4.110881
4.120254
4.168443
0
0
0
0
0
2.567714
2.531659
2.498654
2.466768
2.434358
4.178579
4.148231
4.134048
4.143849
4.193103
0
0
0
0
0
2.61231
2.568426
2.531751
2.498345
2.466142
4.187932
4.1576
4.14348
4.153491
4.203253
0
0
0
0
0
2.672361
2.613522
2.568916
2.531807
2.498115
4.19392
4.163637
4.149623
4.159678
4.209733
0
0
0
0
0
2.763017
2.67391
2.614308
2.569236
2.531836
4.197268
4.167008
4.153032
4.163123
4.213234
0
0
0
0
0
3.011247
2.764353
2.674816
2.614775
2.569427
4.198351
4.168009
4.154049
4.164162
4.214313
0
0
0
0
0
3.225261
3.011231
2.764983
2.675186
2.614973
4.197146
4.166716
4.152643
4.162743
4.212857
0
0
0
0
0
3.43571
3.225721
3.011327
2.764881
2.675014
4.193322
4.162718
4.148456
4.158369
4.208274
0
0
0
0
0
3.640238
3.436911
3.226693
3.011565
2.763835
4.185916
4.155212
4.140705
4.150429
4.199941
0
0
0
0
0
3.83639
3.642363
3.438914
3.228343
3.012001
4.164022
4.133478
4.118721
4.128
4.17648
0
0
0
0
0
4.022558
3.839615
3.645572
3.44196
3.230868
4.115171
4.084896
4.069089
4.077004
4.122675
0
0
0
0
0
4.197482
4.026688
3.843836
3.649786
3.445967
4.059926
4.031023
4.014742
4.02116
4.06365
0
0
0
0
0
4.359411
4.201282
4.030619
3.847849
3.653782
4.007695
3.96974
3.954154
3.959488
3.99837
0
0
0
0
0
4.507583
4.362306
4.204285
4.033714
3.850995
3.911801
3.88472
3.889912
3.925239
0
0
0
0
0
4.641856
4.509448
4.364231
4.206267
4.03574
3.820734
3.812073
3.844194
0
0
0
0
0
4.762341
4.642735
4.51033
4.365118
4.207156
3.850903
3.824371
3.807534
3.81013
3.841603
0
0
0
0
0
2.437937
2.404876
2.368709
2.328319
2.282309
3.925365
3.897177
3.880318
3.884368
3.919853
0
0
0
0
0
2.468981
2.437705
2.404534
2.368239
2.327693
3.992569
3.963267
3.946724
3.952259
3.991509
0
0
0
0
0
2.499517
2.468676
2.437209
2.403838
2.367324
4.052726
4.022666
4.006542
4.013436
4.056016
0
0
0
0
0
2.531362
2.499326
2.468185
2.436441
2.402786
4.106981
4.076634
4.061231
4.069369
4.114934
0
0
0
0
0
2.566812
2.531552
2.499033
2.467512
2.435421
4.156657
4.126235
4.111677
4.121005
4.16917
0
0
0
0
0
2.610564
2.567765
2.531696
2.498661
2.466735
4.179658
4.149259
4.134933
4.144699
4.193984
0
0
0
0
0
2.669955
2.612395
2.568497
2.531784
2.498336
4.189003
4.158656
4.144487
4.154383
4.204164
0
0
0
0
0
2.760803
2.672517
2.613655
2.568996
2.53183
4.194964
4.164677
4.150652
4.160694
4.210693
0
0
0
0
0
3.011398
2.763351
2.674181
2.614477
2.569319
4.198351
4.168009
4.154049
4.164162
4.214313
0
0
0
0
0
3.225261
3.011231
2.764983
2.675186
2.614973
4.19946
4.169056
4.155025
4.165184
4.215413
0
0
0
0
0
3.435147
3.225242
3.011177
2.765885
2.675648
4.1984
4.167796
4.153663
4.163732
4.213934
0
0
0
0
0
3.63898
3.43569
3.225656
3.011238
2.766055
4.194629
4.163876
4.14949
4.159373
4.209308
0
0
0
0
0
3.83428
3.640218
3.43684
3.226585
3.011443
4.187165
4.156341
4.141744
4.151385
4.200948
0
0
0
0
0
4.019437
3.836371
3.642288
3.438795
3.228191
4.164378
4.134298
4.119556
4.128867
4.177368
0
0
0
0
0
4.193537
4.022541
3.839541
3.645448
3.441793
4.114278
4.085209
4.069892
4.077833
4.123543
0
0
0
0
0
4.355806
4.197467
4.026619
3.843716
3.649619
4.067441
4.030007
4.015026
4.021954
4.064498
0
0
0
0
0
4.504845
4.359399
4.201217
4.030503
3.847684
3.978216
3.952985
3.959734
3.999193
0
0
0
0
0
4.640093
4.507573
4.362244
4.204172
4.033551
3.894559
3.888422
3.925443
0
0
0
0
0
4.761509
4.641849
4.509389
4.364121
4.206106
3.822993
3.843033
0
0
0
0
0
4.869229
4.762335
4.642678
4.510223
4.36496
3.850709
3.824115
3.807218
3.809741
3.841074
0
0
0
0
0
2.469133
2.437941
2.404852
2.368643
2.328195
3.925495
3.897195
3.880264
3.884253
3.919669
0
0
0
0
0
2.499642
2.468995
2.437696
2.404488
2.368144
3.992991
3.963569
3.946906
3.952401
3.991615
0
0
0
0
0
2.531197
2.49954
2.468682
2.437183
2.403768
4.053371
4.023206
4.006994
4.013791
4.056368
0
0
0
0
0
2.565888
2.531397
2.499348
2.468178
2.436394
4.107891
4.077368
4.061888
4.069977
4.115487
0
0
0
0
0
2.608221
2.566864
2.531593
2.499045
2.467486
4.15768
4.127207
4.112501
4.121799
4.169973
0
0
0
0
0
2.666199
2.610649
2.567839
2.531733
2.498657
4.180705
4.150284
4.135918
4.145579
4.194888
0
0
0
0
0
2.756941
2.67011
2.61253
2.56858
2.531812
4.190038
4.159678
4.145503
4.155382
4.205102
0
0
0
0
0
3.011724
2.761137
2.672789
2.613825
2.569082
4.196036
4.16568
4.151664
4.161725
4.211767
0
0
0
0
0
3.225741
3.011381
2.763981
2.674551
2.614677
4.19946
4.169056
4.155025
4.165184
4.215413
0
0
0
0
0
3.435147
3.225242
3.011177
2.765885
2.675648
4.200718
4.170135
4.156055
4.166168
4.216494
0
0
0
0
0
3.638401
3.435127
3.225177
3.011088
2.76706
4.199827
4.169027
4.154732
4.164763
4.21498
0
0
0
0
0
3.833047
3.63896
3.435619
3.225548
3.011116
4.196093
4.165175
4.150654
4.160426
4.21037
0
0
0
0
0
4.017415
3.83426
3.640144
3.436721
3.226434
4.188151
4.157577
4.142871
4.152438
4.201958
0
0
0
0
0
4.190581
4.019419
3.836296
3.642163
3.438627
4.163579
4.134642
4.120373
4.129714
4.178283
0
0
0
0
0
4.35209
4.193521
4.022467
3.839414
3.645272
4.121031
4.084311
4.070199
4.078647
4.124418
0
0
0
0
0
4.501457
4.355793
4.197399
4.026499
3.843546
4.037513
4.013992
4.022239
4.065334
0
0
0
0
0
4.637523
4.504835
4.359336
4.201102
4.030338
3.961601
3.958533
3.999449
0
0
0
0
0
4.759854
4.640086
4.507513
4.362133
4.20401
3.89858
3.923884
0
0
0
0
0
4.868449
4.761503
4.641792
4.509281
4.363962
3.854601
0
0
0
0
0
4.963447
4.869226
4.762281
4.642574
4.510068
3.85062
3.82391
3.806946
3.809419
3.840673
0
0
0
0
0
2.499696
2.469147
2.437933
2.404808
2.36855
3.925731
3.897296
3.880254
3.88419
3.919555
0
0
0
0
0
2.531063
2.499665
2.469002
2.437672
2.404421
3.993471
3.963949
3.947172
3.952573
3.991771
0
0
0
0
0
2.565104
2.531232
2.499563
2.468677
2.437139
4.054149
4.023801
4.007493
4.014235
4.056749
0
0
0
0
0
2.605884
2.565942
2.53144
2.499364
2.468157
4.108822
4.078221
4.062576
4.070627
4.116135
0
0
0
0
0
2.660999
2.608306
2.566941
2.531635
2.499048
4.158685
4.128178
4.113431
4.122618
4.170816
0
0
0
0
0
2.750893
2.666354
2.610786
2.567927
2.531767
4.181712
4.151282
4.136907
4.146563
4.195821
0
0
0
0
0
3.012281
2.757273
2.670383
2.612703
2.568671
4.19108
4.160671
4.146494
4.156396
4.206153
0
0
0
0
0
3.226778
3.011707
2.761765
2.67316
2.614028
4.197146
4.166716
4.152643
4.162744
4.212857
0
0
0
0
0
3.43571
3.225721
3.011327
2.764881
2.675014
4.200718
4.170135
4.156055
4.166168
4.216494
0
0
0
0
0
3.638401
3.435127
3.225177
3.011088
2.76706
4.202175
4.17137
4.157124
4.167209
4.217534
0
0
0
0
0
3.832481
3.638381
3.435056
3.225069
3.010965
4.201472
4.170437
4.155961
4.165847
4.21607
0
0
0
0
0
4.016239
3.833028
3.638887
3.435501
3.225398
4.197736
4.166639
4.151973
4.161621
4.211486
0
0
0
0
0
4.188677
4.017397
3.834186
3.640019
3.436554
4.189757
4.158554
4.144113
4.153584
4.203069
0
0
0
0
0
4.34932
4.190565
4.019345
3.836169
3.641987
4.169814
4.133837
4.120711
4.130543
4.179177
0
0
0
0
0
4.497979
4.352075
4.193449
4.022342
3.839236
4.091092
4.069281
4.078956
4.125275
0
0
0
0
0
4.634352
4.501446
4.355727
4.197281
4.026328
4.021648
4.021174
4.065633
0
0
0
0
0
4.757447
4.637515
4.504773
4.359224
4.200938
3.967421
3.998178
0
0
0
0
0
4.866899
4.759848
4.640028
4.507405
4.361973
3.934637
0
0
0
0
0
4.962715
4.868445
4.761448
4.641687
4.509125
0
0
0
0
0
5.045002
4.963445
4.869173
4.762178
4.642421
3.850634
3.823804
3.806723
3.809137
3.840338
0
0
0
0
0
2.530986
2.49972
2.469154
2.43791
2.404742
3.926026
3.8975
3.880324
3.884168
3.919491
0
0
0
0
0
2.564546
2.531098
2.49969
2.468999
2.43763
3.994096
3.964385
3.947513
3.952828
3.991956
0
0
0
0
0
2.603872
2.565159
2.531278
2.499583
2.46866
4.054964
4.024527
4.008044
4.014725
4.057221
0
0
0
0
0
2.65617
2.60597
2.566021
2.531487
2.499373
4.109741
4.0791
4.063386
4.071307
4.116824
0
0
0
0
0
2.742792
2.661156
2.608444
2.567032
2.531675
4.15964
4.129135
4.114365
4.123543
4.171683
0
0
0
0
0
3.01313
2.751221
2.666627
2.610963
2.568024
4.18271
4.152248
4.137877
4.147554
4.196861
0
0
0
0
0
3.228537
3.012264
2.757898
2.670755
2.612911
4.192148
4.161678
4.147464
4.157392
4.207222
0
0
0
0
0
3.436931
3.226758
3.011654
2.762664
2.673624
4.1984
4.167796
4.153663
4.163732
4.213934
0
0
0
0
0
3.63898
3.43569
3.225656
3.011238
2.766055
4.202175
4.17137
4.157124
4.167209
4.217534
0
0
0
0
0
3.832481
3.638381
3.435056
3.225069
3.010965
4.203934
4.172811
4.158357
4.168292
4.218634
0
0
0
0
0
4.015702
3.832462
3.638308
3.434938
3.224919
4.203539
4.172071
4.157374
4.167095
4.217214
0
0
0
0
0
4.187575
4.016222
3.832954
3.638763
3.435334
4.200425
4.168277
4.15347
4.162982
4.212754
0
0
0
0
0
4.347547
4.188661
4.017324
3.83406
3.639844
4.200831
4.160163
4.145096
4.154848
4.204276
0
0
0
0
0
4.495403
4.349306
4.190493
4.019219
3.835989
4.140119
4.119889
4.130885
4.18005
0
0
0
0
0
4.631112
4.497967
4.352006
4.193325
4.022163
4.07622
4.078012
4.125601
0
0
0
0
0
4.754488
4.634343
4.501382
4.355611
4.197112
4.029075
4.064508
0
0
0
0
0
4.864649
4.757441
4.637456
4.504663
4.359061
4.007618
0
0
0
0
0
4.961264
4.866895
4.759792
4.639922
4.507248
0
0
0
0
0
5.044316
4.962713
4.868392
4.761345
4.641534
0
0
0
0
5.113836
5.045002
4.963394
4.869073
4.762028
3.850693
3.823796
3.806595
3.808902
3.840043
0
0
0
0
0
2.564256
2.531022
2.499746
2.469152
2.437869
3.926464
3.897759
3.880492
3.884224
3.919468
0
0
0
0
0
2.602464
2.564601
2.531146
2.499712
2.468984
3.994777
3.964963
3.947908
3.953155
3.992224
0
0
0
0
0
2.652306
2.60396
2.56524
2.531328
2.499595
4.055783
4.025293
4.008727
4.015264
4.057738
0
0
0
0
0
2.735068
2.656325
2.606109
2.566117
2.531533
4.110616
4.079972
4.064227
4.07211
4.117542
0
0
0
0
0
3.014228
2.743109
2.661431
2.608622
2.567136
4.16055
4.130047
4.115291
4.124478
4.17266
0
0
0
0
0
3.231211
3.013113
2.751837
2.666998
2.611176
4.183696
4.153209
4.138818
4.148529
4.197908
0
0
0
0
0
3.439007
3.228517
3.012211
2.758792
2.671221
4.193322
4.162718
4.148456
4.158369
4.208274
0
0
0
0
0
3.640238
3.436911
3.226693
3.011565
2.763835
4.199827
4.169027
4.154732
4.164763
4.21498
0
0
0
0
0
3.833047
3.63896
3.435619
3.225548
3.011116
4.203934
4.172811
4.158357
4.168292
4.218634
0
0
0
0
0
4.015702
3.832462
3.638308
3.434938
3.224919
4.205975
4.17456
4.159802
4.169545
4.219778
0
0
0
0
0
4.187073
4.015684
3.832389
3.638185
3.434772
4.205784
4.174137
4.159021
4.168532
4.218529
0
0
0
0
0
4.346528
4.18756
4.016149
3.832828
3.638588
4.211169
4.170976
4.155124
4.164531
4.214201
0
0
0
0
0
4.493766
4.347534
4.18859
4.017198
3.833881
4.171371
4.14673
4.155848
4.205606
0
0
0
0
0
4.628729
4.495391
4.349236
4.190368
4.019038
4.12632
4.130043
4.180412
0
0
0
0
0
4.751479
4.631102
4.4979
4.351885
4.193148
4.085168
4.124607
0
0
0
0
0
4.861893
4.754481
4.634282
4.501268
4.355444
4.072889
0
0
0
0
0
4.959163
4.864644
4.757383
4.637348
4.504503
0
0
0
0
0
5.042957
4.961261
4.866841
4.759688
4.639767
0
0
0
0
5.113192
5.044315
4.962662
4.868292
4.761195
0
0
0
5.1698
5.113837
5.044952
4.963296
4.868926
3.850927
3.823832
3.80656
3.80876
3.839796
0
0
0
0
0
2.601767
2.564311
2.53107
2.499768
2.469139
3.927006
3.898158
3.880714
3.884375
3.919524
0
0
0
0
0
2.649663
2.602553
2.564683
2.531198
2.499727
3.995488
3.965599
3.948444
3.953534
3.992566
0
0
0
0
0
2.728956
2.652458
2.604104
2.565339
2.531379
4.056583
4.026066
4.009453
4.015936
4.058305
0
0
0
0
0
3.015215
2.735377
2.656597
2.60629
2.566226
4.111473
4.080806
4.065066
4.072946
4.118386
0
0
0
0
0
3.23471
3.014212
2.743707
2.661808
2.608836
4.161428
4.130922
4.116178
4.125406
4.173647
0
0
0
0
0
3.442171
3.231191
3.01306
2.752719
2.667464
4.184768
4.154166
4.139761
4.149477
4.198938
0
0
0
0
0
3.642383
3.438986
3.228451
3.012123
2.759958
4.194629
4.163876
4.14949
4.159373
4.209308
0
0
0
0
0
3.83428
3.640218
3.43684
3.226585
3.011443
4.201472
4.170437
4.155961
4.165847
4.21607
0
0
0
0
0
4.016239
3.833028
3.638887
3.435501
3.225398
4.205975
4.17456
4.159802
4.169545
4.219778
0
0
0
0
0
4.187073
4.015684
3.832389
3.638185
3.434772
4.207296
4.176599
4.161565
4.171014
4.221099
0
0
0
0
0
4.346065
4.187058
4.015612
3.832264
3.638011
4.213235
4.176389
4.161112
4.170207
4.220041
0
0
0
0
0
4.492831
4.346515
4.187489
4.016024
3.83265
4.181794
4.157868
4.166215
4.215847
0
0
0
0
0
4.627228
4.493754
4.347465
4.188466
4.017019
4.158262
4.157518
4.206659
0
0
0
0
0
4.749284
4.628719
4.495324
4.349114
4.19019
4.136655
4.179529
0
0
0
0
0
4.859107
4.751471
4.631038
4.497781
4.35171
4.13218
0
0
0
0
0
4.956599
4.861887
4.754421
4.63417
4.501104
0
0
0
0
0
5.040994
4.959159
4.864589
4.757278
4.637191
0
0
0
0
5.111917
5.042955
4.961209
4.866739
4.759536
0
0
0
5.169194
5.113192
5.044265
4.962563
4.868144
0
0
5.212613
5.169802
5.113789
5.044857
4.963151
3.851292
3.82404
3.80657
3.808708
3.839644
0
0
0
0
0
2.648331
2.601856
2.564395
2.531124
2.499785
3.927587
3.898658
3.881075
3.88458
3.919679
0
0
0
0
0
2.724837
2.649815
2.6027
2.564785
2.531252
3.996192
3.966266
3.949039
3.954055
3.992961
0
0
0
0
0
3.015948
2.729261
2.652728
2.604291
2.565452
4.057373
4.026826
4.010193
4.016653
4.059009
0
0
0
0
0
3.238043
3.0152
2.73596
2.656969
2.606507
4.112306
4.081626
4.065873
4.073783
4.119266
0
0
0
0
0
3.446325
3.234692
3.014161
2.744561
2.662283
4.162322
4.131769
4.117032
4.126298
4.174627
0
0
0
0
0
3.645666
3.44215
3.231126
3.012974
2.753869
4.185916
4.155212
4.140705
4.150429
4.199941
0
0
0
0
0
3.83639
3.642363
3.438914
3.228343
3.012001
4.196093
4.165175
4.150654
4.160426
4.21037
0
0
0
0
0
4.017415
3.83426
3.640144
3.436721
3.226434
4.203539
4.172071
4.157374
4.167095
4.217214
0
0
0
0
0
4.187575
4.016222
3.832954
3.638763
3.435334
4.207296
4.176599
4.161565
4.171014
4.221099
0
0
0
0
0
4.346065
4.187058
4.015612
3.832264
3.638011
4.211528
4.177921
4.16363
4.172808
4.222644
0
0
0
0
0
4.49241
4.346052
4.186987
4.015487
3.832086
4.183953
4.1634
4.172337
4.2218
0
0
0
0
0
4.626378
4.49282
4.346446
4.187366
4.015846
4.168892
4.169015
4.217614
0
0
0
0
0
4.747914
4.627219
4.493688
4.347343
4.188289
4.169421
4.208415
0
0
0
0
0
4.857091
4.749276
4.628655
4.495205
4.348939
4.186494
0
0
0
0
0
4.954023
4.8591
4.751409
4.630922
4.49761
0
0
0
0
0
5.03861
4.956595
4.86183
4.754312
4.634009
0
0
0
0
5.110082
5.040992
4.959106
4.864485
4.757123
0
0
0
5.167995
5.111917
5.042905
4.96111
4.86659
0
0
5.212039
5.169195
5.113144
5.044169
4.962418
0
5.241817
5.212615
5.169755
5.113695
5.044714
3.851719
3.824374
3.806752
3.808705
3.839583
0
0
0
0
0
2.72278
2.648482
2.602004
2.564497
2.53118
3.928176
3.8992
3.881538
3.884923
3.919887
0
0
0
0
0
3.016414
2.725138
2.650083
2.602892
2.564902
3.996897
3.966932
3.949671
3.954637
3.993503
0
0
0
0
0
3.240694
3.015933
2.729834
2.653097
2.604519
4.058148
4.027579
4.010923
4.017387
4.059758
0
0
0
0
0
3.450303
3.238026
3.01515
2.736793
2.657438
4.113162
4.082427
4.06667
4.074592
4.120147
0
0
0
0
0
3.649992
3.446306
3.23463
3.014077
2.745676
4.163185
4.132637
4.117864
4.12716
4.175569
0
0
0
0
0
3.839634
3.645646
3.442079
3.231018
3.012853
4.187165
4.156341
4.141744
4.151385
4.200948
0
0
0
0
0
4.019437
3.836371
3.642288
3.438795
3.228191
4.197736
4.166639
4.151973
4.161621
4.211486
0
0
0
0
0
4.188677
4.017397
3.834186
3.640019
3.436554
4.205784
4.174137
4.159021
4.168532
4.218529
0
0
0
0
0
4.346528
4.18756
4.016149
3.832828
3.638588
4.211528
4.177921
4.16363
4.172808
4.222644
0
0
0
0
0
4.49241
4.346052
4.186987
4.015487
3.832086
4.182201
4.164968
4.174911
4.224527
0
0
0
0
0
4.625996
4.492398
4.345984
4.186864
4.015309
4.171217
4.17467
4.224035
0
0
0
0
0
4.747145
4.626368
4.492754
4.346325
4.187189
4.180274
4.220552
0
0
0
0
0
4.855847
4.747907
4.627155
4.49357
4.347169
4.220983
0
0
0
0
0
4.952177
4.857085
4.749214
4.628539
4.495032
0
0
0
0
0
5.036229
4.954018
4.85904
4.751296
4.630754
0
0
0
0
5.107861
5.038606
4.956539
4.861723
4.754154
0
0
0
5.166273
5.11008
5.04094
4.959004
4.864333
0
0
5.210905
5.167996
5.111868
5.042808
4.960963
0
5.241269
5.212041
5.169148
5.11305
5.044026
5.256783
5.24182
5.212569
5.169663
5.113555
3.852187
3.824767
3.807057
3.808875
3.839576
0
0
0
0
0
3.016633
2.723079
2.648749
2.602197
2.564616
3.928792
3.899752
3.882044
3.88537
3.920241
0
0
0
0
0
3.242489
3.016399
2.725705
2.65045
2.603126
3.997623
3.9676
3.950307
3.955259
3.994109
0
0
0
0
0
3.453481
3.240677
3.015883
2.730653
2.653562
4.058978
4.028322
4.011651
4.018115
4.060529
0
0
0
0
0
3.654143
3.450285
3.237966
3.015067
2.73788
4.114016
4.083256
4.067453
4.075392
4.121
0
0
0
0
0
3.843924
3.649973
3.446239
3.234527
3.013961
4.164022
4.133478
4.118721
4.128
4.17648
0
0
0
0
0
4.022558
3.839615
3.645572
3.44196
3.230868
4.188151
4.157577
4.142871
4.152438
4.201958
0
0
0
0
0
4.190581
4.019419
3.836296
3.642163
3.438627
4.200425
4.168277
4.15347
4.162982
4.212754
0
0
0
0
0
4.347547
4.188661
4.017324
3.83406
3.639844
4.213235
4.176389
4.161112
4.170207
4.220041
0
0
0
0
0
4.492831
4.346515
4.187489
4.016024
3.83265
4.182201
4.164968
4.174911
4.224527
0
0
0
0
0
4.625996
4.492398
4.345984
4.186864
4.015309
4.169354
4.176272
4.226733
0
0
0
0
0
4.746803
4.625987
4.492333
4.345864
4.186688
4.182693
4.226483
0
0
0
0
0
4.855156
4.747138
4.626305
4.492637
4.346152
4.232353
0
0
0
0
0
4.951051
4.855841
4.747845
4.62704
4.493399
0
0
0
0
0
5.034541
4.952172
4.857026
4.749101
4.62837
0
0
0
0
5.105658
5.036225
4.95396
4.85893
4.751132
0
0
0
5.164199
5.107859
5.038553
4.956435
4.861567
0
0
5.209281
5.166273
5.11003
5.040841
4.958855
0
5.24019
5.210907
5.167948
5.111772
5.042663
5.256254
5.241272
5.211995
5.169055
5.112908
5.256787
5.241775
5.212478
5.169524
3.852656
3.825202
3.807418
3.809169
3.839752
0
0
0
0
0
3.243383
3.016618
2.723643
2.649115
2.602433
3.929439
3.900329
3.882566
3.885864
3.920703
0
0
0
0
0
3.455641
3.242472
3.016349
2.726516
2.650912
3.998414
3.968292
3.950949
3.955889
3.994758
0
0
0
0
0
3.657465
3.453463
3.240618
3.015801
2.731721
4.059817
4.029122
4.012374
4.018842
4.061295
0
0
0
0
0
3.848049
3.654126
3.45022
3.237866
3.014952
4.114845
4.084086
4.068269
4.07618
4.121844
0
0
0
0
0
4.026704
3.843906
3.649904
3.446126
3.234383
4.164378
4.134298
4.119556
4.128867
4.177368
0
0
0
0
0
4.193537
4.022541
3.839541
3.645448
3.441793
4.189757
4.158554
4.144113
4.153584
4.203069
0
0
0
0
0
4.34932
4.190565
4.019345
3.836169
3.641987
4.211169
4.170976
4.155124
4.164531
4.214201
0
0
0
0
0
4.493766
4.347534
4.18859
4.017198
3.833881
4.183953
4.1634
4.172337
4.2218
0
0
0
0
0
4.626378
4.49282
4.346446
4.187366
4.015846
4.169354
4.176272
4.226733
0
0
0
0
0
4.746803
4.625987
4.492333
4.345864
4.186688
4.180774
4.228159
0
0
0
0
0
4.854851
4.746796
4.625924
4.492215
4.34569
4.234891
0
0
0
0
0
4.950434
4.855151
4.747077
4.62619
4.492466
0
0
0
0
0
5.033525
4.951047
4.855783
4.747733
4.626872
0
0
0
0
5.104115
5.034538
4.952115
4.856916
4.748936
0
0
0
5.162156
5.105656
5.03617
4.953853
4.858769
0
0
5.207334
5.164198
5.107807
5.038451
4.956282
0
5.238645
5.209282
5.166223
5.109933
5.040694
5.255209
5.240192
5.21086
5.167854
5.11163
5.256256
5.241226
5.211903
5.168916
5.256742
5.241685
5.212341
3.853183
3.825638
3.807824
3.809515
3.840055
0
0
0
0
0
3.45672
3.243366
3.016569
2.72445
2.649577
3.930184
3.900936
3.883107
3.886375
3.921215
0
0
0
0
0
3.659725
3.455624
3.242413
3.016268
2.727573
3.999228
3.969051
3.951616
3.956527
3.995417
0
0
0
0
0
3.851355
3.657448
3.453399
3.240519
3.015687
4.060635
4.029934
4.013157
4.019567
4.062059
0
0
0
0
0
4.030701
3.848033
3.654059
3.45011
3.237726
4.115171
4.084896
4.069089
4.077004
4.122675
0
0
0
0
0
4.197482
4.026688
3.843836
3.649786
3.445967
4.163579
4.134642
4.120373
4.129714
4.178283
0
0
0
0
0
4.35209
4.193521
4.022467
3.839414
3.645272
4.200831
4.160163
4.145096
4.154848
4.204276
0
0
0
0
0
4.495403
4.349306
4.190493
4.019219
3.835989
4.181794
4.157868
4.166215
4.215847
0
0
0
0
0
4.627228
4.493754
4.347465
4.188466
4.017019
4.171217
4.17467
4.224035
0
0
0
0
0
4.747145
4.626368
4.492754
4.346325
4.187189
4.180774
4.228159
0
0
0
0
0
4.854851
4.746796
4.625924
4.492215
4.34569
4.232896
0
0
0
0
0
4.950163
4.854846
4.746735
4.625809
4.492045
0
0
0
0
0
5.032977
4.95043
4.855093
4.746966
4.626024
0
0
0
0
5.1032
5.033523
4.950991
4.855674
4.747569
0
0
0
5.160741
5.104113
5.034483
4.952008
4.856754
0
0
5.205428
5.162155
5.105603
5.036065
4.953695
0
5.2368
5.207333
5.164147
5.107707
5.0383
5.253718
5.238647
5.209234
5.166128
5.109788
5.255212
5.240145
5.210767
5.167713
5.256211
5.241136
5.211765
5.256653
5.241549
3.85392
3.826108
3.808256
3.809909
3.84041
0
0
0
0
0
3.660856
3.456703
3.243308
3.016487
2.725502
3.931
3.90165
3.883678
3.886901
3.921747
0
0
0
0
0
3.853606
3.659709
3.45556
3.242314
3.016154
4.000047
3.969836
3.952354
3.95719
3.996086
0
0
0
0
0
4.033908
3.851339
3.657382
3.453291
3.24038
4.060943
4.030729
4.013955
4.020354
4.062822
0
0
0
0
0
4.201296
4.030686
3.847966
3.653944
3.449956
4.114278
4.085209
4.069892
4.077833
4.123543
0
0
0
0
0
4.355806
4.197467
4.026619
3.843716
3.649619
4.169814
4.133837
4.120711
4.130543
4.179177
0
0
0
0
0
4.497979
4.352075
4.193449
4.022342
3.839236
4.171371
4.14673
4.155848
4.205606
0
0
0
0
0
4.628729
4.495391
4.349236
4.190368
4.019038
4.168892
4.169015
4.217614
0
0
0
0
0
4.747914
4.627219
4.493688
4.347343
4.188289
4.182693
4.226483
0
0
0
0
0
4.855156
4.747138
4.626305
4.492637
4.346152
4.232896
0
0
0
0
0
4.950163
4.854846
4.746735
4.625809
4.492045
0
0
0
0
0
5.032739
4.95016
4.854787
4.746624
4.625643
0
0
0
0
5.102713
5.032975
4.950374
4.854984
4.746803
0
0
0
5.159916
5.103199
5.033469
4.950885
4.855513
0
0
5.204123
5.160741
5.10406
5.034379
4.95185
0
5.235005
5.205428
5.162103
5.1055
5.03591
5.251941
5.2368
5.207283
5.164049
5.107558
5.25372
5.238599
5.209139
5.165985
5.255166
5.240053
5.210628
5.256121
5.240999
5.256517
3.85477
3.826802
3.808675
3.810437
3.840817
0
0
0
0
0
3.854732
3.660839
3.45664
3.243209
3.016375
3.931814
3.902436
3.884371
3.887446
3.922293
0
0
0
0
0
4.036094
3.85359
3.659643
3.455452
3.242176
4.000328
3.970628
3.953124
3.957929
3.99678
0
0
0
0
0
4.204362
4.033894
3.851273
3.657269
3.453138
4.059926
4.031023
4.014742
4.02116
4.06365
0
0
0
0
0
4.359411
4.201282
4.030619
3.847849
3.653782
4.121031
4.084311
4.070199
4.078647
4.124418
0
0
0
0
0
4.501457
4.355793
4.197399
4.026499
3.843546
4.140119
4.119889
4.130885
4.18005
0
0
0
0
0
4.631112
4.497967
4.352006
4.193325
4.022163
4.158262
4.157518
4.206659
0
0
0
0
0
4.749284
4.628719
4.495324
4.349114
4.19019
4.180274
4.220552
0
0
0
0
0
4.855847
4.747907
4.627155
4.49357
4.347169
4.234891
0
0
0
0
0
4.950434
4.855151
4.747077
4.62619
4.492466
0
0
0
0
0
5.032739
4.95016
4.854787
4.746624
4.625643
0
0
0
0
5.102505
5.032737
4.950104
4.854679
4.746461
0
0
0
5.159484
5.102713
5.032921
4.950269
4.854825
0
0
5.203375
5.159916
5.103147
5.033366
4.950728
0
5.233789
5.204124
5.16069
5.103958
5.034224
5.25022
5.235006
5.205377
5.162003
5.105348
5.251942
5.236751
5.207187
5.163902
5.253672
5.238505
5.208998
5.255074
5.239915
5.255985
3.855618
3.827617
3.809324
3.811152
3.841401
0
0
0
0
0
4.037188
3.854717
3.660774
3.456532
3.243071
3.932045
3.903223
3.885144
3.888139
3.922869
0
0
0
0
0
4.206454
4.03608
3.853524
3.65953
3.4553
3.999166
3.970893
3.953902
3.958704
3.997556
0
0
0
0
0
4.362317
4.204349
4.033828
3.851158
3.657109
4.067441
4.030007
4.015026
4.021954
4.064498
0
0
0
0
0
4.504845
4.359399
4.201217
4.030503
3.847684
4.091092
4.069281
4.078956
4.125275
0
0
0
0
0
4.634352
4.501446
4.355727
4.197281
4.026328
4.12632
4.130043
4.180412
0
0
0
0
0
4.751479
4.631102
4.4979
4.351885
4.193148
4.169421
4.208415
0
0
0
0
0
4.857091
4.749276
4.628655
4.495205
4.348939
4.232353
0
0
0
0
0
4.951051
4.855841
4.747845
4.62704
4.493399
0
0
0
0
0
5.032977
4.95043
4.855093
4.746966
4.626024
0
0
0
0
5.102505
5.032737
4.950104
4.854679
4.746461
0
0
0
5.159303
5.102505
5.032684
4.949999
4.85452
0
0
5.202991
5.159485
5.102661
5.032818
4.950113
0
5.233103
5.203376
5.159866
5.103046
5.033212
5.249064
5.233791
5.204074
5.16059
5.103806
5.250221
5.234956
5.205278
5.161853
5.251893
5.236655
5.207042
5.253579
5.238365
5.254937
3.85587
3.828454
3.810086
3.811771
3.842128
0
0
0
0
0
4.207503
4.037174
3.854651
3.660661
3.456381
3.930683
3.903438
3.88592
3.888923
3.923595
0
0
0
0
0
4.364303
4.206442
4.036015
3.853411
3.659371
4.007695
3.96974
3.954154
3.959488
3.99837
0
0
0
0
0
4.507583
4.362306
4.204285
4.033714
3.850995
4.037513
4.013992
4.022239
4.065334
0
0
0
0
0
4.637523
4.504835
4.359336
4.201102
4.030338
4.07622
4.078012
4.125601
0
0
0
0
0
4.754488
4.634343
4.501382
4.355611
4.197112
4.136655
4.179529
0
0
0
0
0
4.859107
4.751471
4.631038
4.497781
4.35171
4.220983
0
0
0
0
0
4.952177
4.857085
4.749214
4.628539
4.495032
0
0
0
0
0
5.033525
4.951047
4.855783
4.747733
4.626872
0
0
0
0
5.102713
5.032975
4.950374
4.854984
4.746803
0
0
0
5.159303
5.102505
5.032684
4.949999
4.85452
0
0
5.202833
5.159304
5.102453
5.032581
4.949843
0
5.232758
5.202993
5.159435
5.102561
5.032665
5.248419
5.233105
5.203327
5.159767
5.102895
5.249066
5.233742
5.203976
5.16044
5.250172
5.234858
5.20513
5.251798
5.236512
5.253439
3.85396
3.828682
3.810939
3.81239
3.842752
0
0
0
0
0
4.365298
4.20749
4.03711
3.854538
3.660503
3.94052
3.902078
3.886122
3.889715
3.924418
0
0
0
0
0
4.509457
4.364292
4.206379
4.035902
3.853249
3.978216
3.952985
3.959734
3.999193
0
0
0
0
0
4.640093
4.507573
4.362244
4.204172
4.033551
4.021648
4.021174
4.065633
0
0
0
0
0
4.757447
4.637515
4.504773
4.359224
4.200938
4.085168
4.124607
0
0
0
0
0
4.861893
4.754481
4.634282
4.501268
4.355444
4.186494
0
0
0
0
0
4.954023
4.8591
4.751409
4.630922
4.49761
0
0
0
0
0
5.034541
4.952172
4.857026
4.749101
4.62837
0
0
0
0
5.1032
5.033523
4.950991
4.855674
4.747569
0
0
0
5.159484
5.102713
5.032921
4.950269
4.854825
0
0
5.202833
5.159304
5.102453
5.032581
4.949843
0
5.232618
5.202835
5.159254
5.102353
5.032428
5.2481
5.232761
5.202944
5.159337
5.10241
5.248422
5.233057
5.20323
5.159618
5.249018
5.233645
5.203828
5.250075
5.234712
5.251655
3.865613
3.826763
3.811143
3.812983
3.843354
0
0
0
0
0
4.510397
4.365288
4.207427
4.036997
3.854376
3.911801
3.88472
3.889912
3.925239
0
0
0
0
0
4.641856
4.509448
4.364231
4.206267
4.03574
3.961601
3.958533
3.999449
0
0
0
0
0
4.759854
4.640086
4.507513
4.362133
4.204011
4.029075
4.064508
0
0
0
0
0
4.864649
4.757441
4.637456
4.504663
4.359061
4.13218
0
0
0
0
0
4.956599
4.861887
4.754421
4.63417
4.501104
0
0
0
0
0
5.036229
4.954018
4.85904
4.751296
4.630754
0
0
0
0
5.104115
5.034538
4.952115
4.856916
4.748936
0
0
0
5.159916
5.103199
5.033469
4.950885
4.855513
0
0
5.202991
5.159485
5.102661
5.032818
4.950113
0
5.232618
5.202835
5.159254
5.102353
5.032428
5.247972
5.23262
5.202786
5.159156
5.102203
5.248103
5.232713
5.202848
5.159189
5.248374
5.232961
5.203084
5.248921
5.233499
5.249929
3.838245
3.809213
3.81317
3.844011
0
0
0
0
0
4.642742
4.510389
4.365227
4.207316
4.036835
3.894559
3.888422
3.925443
0
0
0
0
0
4.761509
4.641849
4.509389
4.364121
4.206106
3.967421
3.998178
0
0
0
0
0
4.866899
4.759848
4.640028
4.507405
4.361973
4.072889
0
0
0
0
0
4.959163
4.864644
4.757383
4.637348
4.504503
0
0
0
0
0
5.03861
4.956595
4.86183
4.754312
4.634009
0
0
0
0
5.105658
5.036225
4.95396
4.85893
4.751132
0
0
0
5.160741
5.104113
5.034483
4.952008
4.856754
0
0
5.203375
5.159916
5.103147
5.033366
4.950728
0
5.232758
5.202993
5.159435
5.102561
5.032665
5.247972
5.23262
5.202786
5.159156
5.102203
5.247975
5.232573
5.20269
5.159009
5.248056
5.232617
5.202702
5.248279
5.232816
5.248776
3.820734
3.812073
3.844194
0
0
0
0
0
4.762341
4.642735
4.51033
4.365118
4.207156
3.89858
3.923884
0
0
0
0
0
4.868449
4.761503
4.641792
4.509281
4.363962
4.007618
0
0
0
0
0
4.961264
4.866895
4.759792
4.639922
4.507248
0
0
0
0
0
5.040994
4.959159
4.864589
4.757278
4.637191
0
0
0
0
5.107861
5.038606
4.956539
4.861723
4.754154
0
0
0
5.162156
5.105656
5.03617
4.953853
4.858769
0
0
5.204123
5.160741
5.10406
5.034379
4.95185
0
5.233103
5.203376
5.159866
5.103046
5.033212
5.2481
5.232761
5.202944
5.159337
5.10241
5.247975
5.232573
5.20269
5.159009
5.247928
5.232477
5.202544
5.247961
5.232473
5.248135
3.822993
3.843033
0
0
0
0
0
4.869229
4.762335
4.642678
4.510223
4.36496
3.934637
0
0
0
0
0
4.962715
4.868445
4.761448
4.641687
4.509125
0
0
0
0
0
5.042957
4.961261
4.866841
4.759688
4.639767
0
0
0
0
5.110082
5.040992
4.959106
4.864485
4.757123
0
0
0
5.164199
5.107859
5.038553
4.956435
4.861567
0
0
5.205428
5.162155
5.105603
5.036065
4.953695
0
5.233789
5.204124
5.16069
5.103958
5.034224
5.248419
5.233105
5.203327
5.159767
5.102895
5.248103
5.232713
5.202848
5.159189
5.247928
5.232477
5.202544
5.247834
5.232334
5.247818
3.854601
0
0
0
0
0
4.963447
4.869226
4.762281
4.642574
4.510068
0
0
0
0
0
5.044316
4.962713
4.868392
4.761345
4.641534
0
0
0
0
5.111917
5.042955
4.961209
4.866739
4.759536
0
0
0
5.166273
5.11008
5.04094
4.959004
4.864333
0
0
5.207334
5.164198
5.107807
5.038451
4.956282
0
5.235005
5.205428
5.162103
5.1055
5.03591
5.249064
5.233791
5.204074
5.16059
5.103806
5.248422
5.233057
5.20323
5.159618
5.248056
5.232617
5.202702
5.247834
5.232334
5.247691
0
0
0
0
0
5.045002
4.963445
4.869173
4.762178
4.642421
0
0
0
0
5.113192
5.044315
4.962662
4.868292
4.761195
0
0
0
5.167995
5.111917
5.042905
4.96111
4.86659
0
0
5.209281
5.166273
5.11003
5.040841
4.958855
0
5.2368
5.207333
5.164147
5.107707
5.0383
5.25022
5.235006
5.205377
5.162003
5.105348
5.249066
5.233742
5.203976
5.16044
5.248374
5.232961
5.203084
5.247961
5.232473
5.247691
0
0
0
0
5.113836
5.045002
4.963394
4.869073
4.762028
0
0
0
5.169194
5.113192
5.044265
4.962563
4.868144
0
0
5.210905
5.167996
5.111868
5.042808
4.960963
0
5.238645
5.209282
5.166223
5.109933
5.040694
5.251941
5.2368
5.207283
5.164049
5.107558
5.250221
5.234956
5.205278
5.161853
5.249018
5.233645
5.203828
5.248279
5.232816
5.247818
0
0
0
5.1698
5.113837
5.044952
4.963296
4.868926
0
0
5.212039
5.169195
5.113144
5.044169
4.962418
0
5.24019
5.210907
5.167948
5.111772
5.042663
5.253718
5.238647
5.209234
5.166128
5.109788
5.251942
5.236751
5.207187
5.163902
5.250172
5.234858
5.20513
5.248921
5.233499
5.248135
0
0
5.212613
5.169802
5.113789
5.044857
4.963151
0
5.241269
5.212041
5.169148
5.11305
5.044026
5.255209
5.240192
5.21086
5.167854
5.11163
5.25372
5.238599
5.209139
5.165985
5.251893
5.236655
5.207042
5.250075
5.234712
5.248776
0
5.241817
5.212615
5.169755
5.113695
5.044714
5.256254
5.241272
5.211995
5.169055
5.112908
5.255212
5.240145
5.210767
5.167713
5.253672
5.238505
5.208998
5.251798
5.236512
5.249929
5.256783
5.24182
5.212569
5.169663
5.113555
5.256256
5.241226
5.211903
5.168916
5.255166
5.240053
5.210628
5.253579
5.238365
5.251655
5.256787
5.241775
5.212478
5.169524
5.256211
5.241136
5.211765
5.255074
5.239915
5.253439
5.256742
5.241685
5.212341
5.256121
5.240999
5.254937
5.256653
5.241549
5.255985
5.256517
)
;

boundaryField
{
    cathodeSides
    {
        type            zeroGradient;
    }
    electrolyteSides
    {
        type            zeroGradient;
    }
    anodeSides
    {
        type            zeroGradient;
    }
    phiI_to_phiI0
    {
        type            zeroGradient;
    }
}


// ************************************************************************* //
