/*--------------------------------*- C++ -*----------------------------------*\
| =========                 |                                                 |
| \\      /  F ield         | OpenFOAM: The Open Source CFD Toolbox           |
|  \\    /   O peration     | Version:  2312                                  |
|   \\  /    A nd           | Website:  www.openfoam.com                      |
|    \\/     M anipulation  |                                                 |
\*---------------------------------------------------------------------------*/
FoamFile
{
    version     2.0;
    format      ascii;
    arch        "LSB;label=32;scalar=64";
    class       volScalarField;
    location    "30/phiI";
    object      J;
}
// * * * * * * * * * * * * * * * * * * * * * * * * * * * * * * * * * * * * * //

dimensions      [0 -3 0 0 0 1 0];

internalField   nonuniform List<scalar> 
12000
(
5092301
5094417
5107678
5105651
5093401
5111051
5107803
5127201
5121117
5137831
5088948
5111578
5106854
5131105
5124496
5140151
5144980
5140762
5153316
5189629
5080945
5108884
5102465
5132281
5125050
5139354
5149091
5144660
5156871
5192241
5160810
5158657
5173152
5205067
5263254
5070636
5102672
5094506
5130303
5122403
5135081
5150631
5145854
5157578
5191655
5165035
5162755
5177229
5208974
5266422
5176319
5174590
5191267
5225157
5278398
0
5060189
5094000
5084222
5124903
5116239
5127181
5149092
5143898
5155067
5187513
5166719
5164309
5178584
5209952
5266255
5180622
5178798
5195544
5229613
5282981
0
5192997
5190200
5207412
5243596
5298747
0
0
5048193
5085063
5073731
5117017
5107605
5116901
5144186
5138542
5149012
5179652
5165453
5162789
5176759
5207639
5262402
5182361
5180495
5197264
5231271
5284499
0
5197315
5194482
5211799
5248261
5303929
0
0
5209377
5206979
5223229
5260060
5317589
0
0
0
5039928
5074611
5061713
5107456
5098692
5106346
5136808
5130704
5140448
5169335
5160820
5157926
5171523
5201713
5254709
5181119
5179247
5195882
5229667
5282595
0
5199072
5196233
5213667
5250300
5306183
0
0
5213732
5211272
5227690
5264840
5323003
0
0
0
5224672
5223455
5240214
5276189
5334467
0
0
0
0
5035376
5067726
5053388
5098568
5088188
5094229
5127380
5121147
5131558
5158687
5153708
5150597
5163785
5193218
5244474
5176556
5174657
5191150
5224592
5276966
0
5197861
5195007
5212563
5249159
5305041
0
0
5215524
5213038
5229613
5267040
5325666
0
0
0
5229164
5227780
5244683
5281046
5340009
0
0
0
0
5238520
5238837
5256882
5293479
5351002
0
0
0
0
0
5035376
5063969
5048804
5092236
5081271
5085804
5118776
5112233
5120959
5146403
5144470
5141169
5154236
5184331
5233817
5169552
5167594
5183932
5216966
5268685
0
5193300
5190487
5208110
5244611
5300320
0
0
5214342
5211843
5228534
5266189
5325020
0
0
0
5231082
5229579
5246622
5283307
5342852
0
0
0
0
5242950
5243296
5261381
5298345
5356629
0
0
0
0
0
5251081
5252764
5272440
5310430
5368684
0
0
0
0
0
-1625621
5039928
5063969
5048804
5088890
5077490
5081163
5112684
5105878
5113984
5137847
5136013
5132540
5145277
5173597
5221275
5160260
5158356
5174514
5207413
5259924
0
5186203
5183530
5201167
5237530
5292971
0
0
5209768
5207322
5224154
5261936
5320862
0
0
0
5229924
5228410
5245573
5282488
5342518
0
0
0
0
5244764
5245219
5263351
5300624
5359545
0
0
0
0
0
5255579
5257158
5277071
5315327
5374326
0
0
0
0
0
-1705932
5262608
5265397
5286526
5326245
5385995
0
0
0
0
0
-1940658
-1182376
5048193
5067726
5053388
5088890
5077490
5081163
5109485
5102517
5110165
5133130
5130081
5126428
5138884
5166544
5212523
5151772
5149875
5165848
5198387
5249010
0
5176812
5174237
5191942
5228118
5283487
0
0
5202640
5200272
5217320
5255146
5314094
0
0
0
5225289
5223875
5241193
5278317
5338679
0
0
0
0
5243594
5244072
5262328
5299840
5359256
0
0
0
0
0
5257489
5258972
5279165
5317639
5377267
0
0
0
0
0
-1830731
5267214
5269855
5291087
5331275
5391673
0
0
0
0
0
-2019052
-1246889
5273133
5276990
5299302
5340560
5402137
0
0
0
0
0
-2300286
-1433772
-909691.8
5060189
5074611
5061713
5092236
5081271
5085804
5109485
5102517
5110165
5133130
5127031
5123218
5135496
5162673
5207678
5145854
5143925
5159707
5191940
5241858
0
5168213
5165726
5183428
5219398
5274408
0
0
5193172
5190878
5208044
5245935
5304758
0
0
0
5218144
5216792
5234267
5271646
5332226
0
0
0
0
5238989
5239473
5257934
5295673
5355513
0
0
0
0
0
5256461
5257812
5278162
5316882
5377020
0
0
0
0
0
-2008604
5269287
5271764
5293070
5333711
5394653
0
0
0
0
0
-2140318
-1345167
5277811
5281553
5303926
5345520
5407951
0
0
0
0
0
-2374388
-1493956
-964550.4
5282958
5287575
5311028
5353545
5416742
0
0
0
0
0
-2630935
-1709564
-1121173
-750898.7
5070636
5085063
5073731
5098568
5088188
5094229
5112684
5105878
5113984
5137847
5127031
5123218
5135496
5162673
5207678
5142825
5140865
5156477
5188516
5237913
0
5162216
5159790
5177452
5213214
5267904
0
0
5184515
5182255
5199501
5237374
5296003
0
0
0
5208685
5207321
5224890
5262388
5323100
0
0
0
0
5231938
5232371
5250975
5288915
5349195
0
0
0
0
0
5252058
5253242
5273702
5312703
5373291
0
0
0
0
0
-2247373
5268317
5270744
5292052
5332975
5394439
0
0
0
0
0
-2313438
-1482308
5280007
5283624
5306002
5347845
5411060
0
0
0
0
0
-2489357
-1585919
-1046313
5287688
5292208
5315754
5358567
5422489
0
0
0
0
0
-2703650
-1764950
-1169733
-799539
5291935
5297458
5321734
5365464
5429991
0
0
0
0
0
-2902954
-1958076
-1342772
-936986.6
-673191.6
5080945
5094000
5084222
5107456
5098692
5106346
5118776
5112233
5120959
5146403
5130081
5126428
5138884
5166544
5212523
5142825
5140865
5156477
5188516
5237913
0
5159157
5156752
5174377
5209959
5264436
0
0
5178488
5176240
5193541
5231364
5289783
0
0
0
5200041
5198639
5216237
5253804
5314514
0
0
0
0
5222579
5222908
5241519
5279558
5340030
0
0
0
0
0
5245164
5246232
5266723
5305912
5366894
0
0
0
0
0
-2528664
5264028
5266374
5287620
5328730
5390701
0
0
0
0
0
-2550423
-1662364
5279221
5282659
5305123
5347095
5410870
0
0
0
0
0
-2655695
-1715724
-1157618
5289932
5294400
5317991
5360986
5425490
0
0
0
0
0
-2813326
-1850196
-1242912
-870777.5
5296739
5302140
5326530
5370588
5435802
0
0
0
0
0
-2975238
-2011752
-1386055
-978251.9
-717344.8
5300280
5306490
5331735
5376349
5442153
0
0
0
0
0
-3077306
-2160834
-1537665
-1124941
-842546.7
5088948
5102672
5094506
5117017
5107605
5116901
5127380
5121147
5131558
5158687
5136013
5132540
5145277
5173597
5221275
5145854
5143925
5159707
5191940
5241858
0
5159157
5156752
5174377
5209959
5264436
0
0
5175422
5173172
5190490
5228268
5286500
0
0
0
5194025
5192593
5210198
5247812
5308477
0
0
0
0
5214013
5214238
5232806
5270864
5331425
0
0
0
0
0
5235888
5236867
5257274
5296478
5357633
0
0
0
0
0
-2808970
5257278
5259520
5280732
5321921
5384277
0
0
0
0
0
-2832462
-1870314
5275070
5278402
5300891
5342878
5407070
0
0
0
0
0
-2882764
-1891253
-1299947
5289224
5293618
5317167
5360376
5425287
0
0
0
0
0
-2972557
-1972869
-1344794
-965775.8
5299093
5304378
5328887
5373169
5438901
0
0
0
0
0
-3084231
-2092197
-1452053
-1039735
-781602.6
5305149
5311244
5336577
5381542
5448070
0
0
0
0
0
-3149889
-2213892
-1578965
-1160768
-879512.9
5308084
5314888
5340880
5386522
5453263
0
0
0
0
0
-3127113
-2290819
-1694991
-1286992
-1011844
5093401
5108884
5102465
5124903
5116239
5127181
5136808
5130704
5140448
5169335
5144470
5141169
5154236
5184331
5233817
5151772
5149875
5165848
5198387
5249010
0
5162216
5159790
5177452
5213214
5267904
0
0
5175422
5173172
5190490
5228268
5286500
0
0
0
5190968
5189518
5207118
5244744
5305363
0
0
0
0
5208052
5208203
5226737
5264794
5325413
0
0
0
0
0
5227327
5228276
5248572
5287724
5348920
0
0
0
0
0
-3038311
5248131
5250236
5271381
5312493
5374940
0
0
0
0
0
-3111631
-2074720
5268421
5271690
5294157
5336160
5400630
0
0
0
0
0
-3154116
-2097701
-1460404
5285228
5289497
5313044
5356359
5421519
0
0
0
0
0
-3191022
-2139202
-1480504
-1084567
5298499
5303672
5328244
5372613
5438842
0
0
0
0
0
-3239669
-2208668
-1546380
-1124335
-866639.6
5307597
5313590
5338978
5384244
5451332
0
0
0
0
0
-3260503
-2293484
-1640402
-1214958
-934363.1
5313003
5319705
5345793
5391762
5459252
0
0
0
0
0
-3201872
-2344020
-1735520
-1320729
-1043694
5315294
5322747
5349394
5395836
5463655
0
0
0
0
0
-3109624
-2328913
-1795739
-1416659
-1157085
5094417
5111578
5106854
5130303
5122403
5135081
5144186
5138542
5149012
5179652
5153708
5150597
5163785
5193218
5244474
5160260
5158356
5174514
5207413
5259924
0
5168213
5165726
5183428
5219398
5274408
0
0
5178488
5176240
5193541
5231364
5289783
0
0
0
5190968
5189518
5207118
5244744
5305363
0
0
0
0
5205022
5205137
5223650
5261698
5322331
0
0
0
0
0
5221384
5222296
5242514
5281625
5342832
0
0
0
0
0
-3196173
5239648
5241649
5262758
5303750
5366168
0
0
0
0
0
-3339099
-2240701
5259408
5262533
5284885
5326829
5391300
0
0
0
0
0
-3421259
-2300365
-1615558
5278782
5282884
5306452
5349795
5415172
0
0
0
0
0
-3452908
-2336678
-1637788
-1215705
5294651
5299704
5324257
5368705
5435274
0
0
0
0
0
-3454484
-2367884
-1673176
-1235546
-972072.4
5307133
5312995
5338411
5383870
5451330
0
0
0
0
0
-3419072
-2406797
-1729018
-1291930
-1009511
5315521
5322143
5348302
5394508
5462637
0
0
0
0
0
-3315326
-2424703
-1795948
-1370584
-1091711
5320317
5327613
5354369
5401148
5469693
0
0
0
0
0
-3185840
-2383746
-1836292
-1449562
-1186967
5322167
5330018
5357375
5404523
5473187
0
0
0
0
0
-3059773
-2317237
-1825949
-1499680
-1273145
5092301
5111051
5107803
5132281
5125050
5139354
5149092
5143898
5155067
5187513
5160820
5157926
5171523
5201713
5254709
5169552
5167594
5183932
5216966
5268685
0
5176812
5174237
5191942
5228118
5283487
0
0
5184515
5182255
5199501
5237374
5296003
0
0
0
5194025
5192593
5210198
5247812
5308477
0
0
0
0
5205022
5205137
5223650
5261698
5322331
0
0
0
0
0
5218371
5219256
5239435
5278522
5339724
0
0
0
0
0
-3275356
5233762
5235687
5256753
5297660
5360051
0
0
0
0
0
-3495298
-2354457
5251084
5254025
5276266
5318163
5382537
0
0
0
0
0
-3642496
-2464742
-1740370
5269886
5273859
5297302
5340540
5405939
0
0
0
0
0
-3712970
-2530185
-1790643
-1340811
5288379
5293293
5317762
5362282
5429084
0
0
0
0
0
-3712524
-2557984
-1822458
-1362756
-1087511
5303450
5309174
5334576
5380097
5447871
0
0
0
0
0
-3635960
-2563038
-1849566
-1394584
-1107789
5315220
5321677
5347845
5394210
5462820
0
0
0
0
0
-3476985
-2540220
-1881768
-1442237
-1159745
5322971
5330119
5356969
5404002
5473125
0
0
0
0
0
-3301562
-2466573
-1897440
-1498346
-1230996
5327275
5334988
5362400
5409899
5479298
0
0
0
0
0
-3134430
-2373223
-1867768
-1532544
-1302244
5330593
5336961
5364781
5412691
5482100
0
0
0
0
0
-2999164
-2281422
-1817886
-1525176
-1347699
5107678
5105651
5131105
5124496
5140151
5150631
5145854
5157578
5191655
5165453
5162789
5176759
5207639
5262402
5176556
5174657
5191150
5224592
5276966
0
5186203
5183530
5201167
5237530
5292971
0
0
5193172
5190878
5208044
5245935
5304758
0
0
0
5200041
5198639
5216237
5253804
5314514
0
0
0
0
5208052
5208203
5226737
5264794
5325413
0
0
0
0
0
5218371
5219256
5239435
5278522
5339724
0
0
0
0
0
-3275356
5230782
5232664
5253702
5294565
5356937
0
0
0
0
0
-3573921
-2411410
5245294
5248119
5270278
5312128
5376430
0
0
0
0
0
-3794932
-2577303
-1825449
5261647
5265511
5288764
5331879
5397254
0
0
0
0
0
-3927638
-2689969
-1913915
-1440651
5279642
5284383
5308741
5353144
5419924
0
0
0
0
0
-3966507
-2746236
-1967910
-1485343
-1197336
5297367
5302936
5328283
5373772
5441821
0
0
0
0
0
-3894763
-2750203
-1992747
-1514513
-1219627
5311725
5318020
5344157
5390590
5459499
0
0
0
0
0
-3698165
-2697940
-1999721
-1539257
-1250179
5322819
5329815
5356641
5403816
5473385
0
0
0
0
0
-3466310
-2584457
-1984823
-1567464
-1294177
5330056
5337628
5365067
5412846
5482842
0
0
0
0
0
-3249655
-2457840
-1930589
-1581835
-1345278
5335875
5342015
5369910
5418117
5488278
0
0
0
0
0
-3077759
-2336360
-1860653
-1559081
-1376761
5342170
5345534
5371879
5420305
5490512
0
0
0
0
0
-2932596
-2237347
-1791101
-1519397
-1371194
5127201
5121117
5137831
5149091
5144660
5156871
5192241
5166719
5164309
5178584
5209952
5266255
5181119
5179247
5195882
5229667
5282595
0
5193300
5190487
5208110
5244611
5300320
0
0
5202640
5200272
5217320
5255146
5314094
0
0
0
5208685
5207321
5224890
5262388
5323100
0
0
0
0
5214013
5214238
5232806
5270864
5331425
0
0
0
0
0
5221384
5222296
5242514
5281625
5342832
0
0
0
0
0
-3196173
5230782
5232664
5253702
5294565
5356937
0
0
0
0
0
-3573921
-2411410
5242348
5245130
5267243
5309060
5373324
0
0
0
0
0
-3870806
-2633884
-1867944
5255926
5259701
5282833
5325860
5391200
0
0
0
0
0
-4077114
-2799865
-1998037
-1508383
5271517
5276121
5300365
5344568
5411244
0
0
0
0
0
-4177109
-2901314
-2087582
-1583722
-1284811
5288802
5294183
5319372
5364759
5432776
0
0
0
0
0
-4151190
-2934069
-2134058
-1630818
-1327199
5305841
5311970
5338036
5384465
5453548
0
0
0
0
0
-3963569
-2885722
-2140500
-1653921
-1355486
5319503
5326346
5353117
5400343
5470219
0
0
0
0
0
-3692118
-2745472
-2103827
-1662158
-1379541
5330096
5337474
5364903
5412790
5483217
0
0
0
0
0
-3417467
-2578163
-2019847
-1652139
-1406179
5338937
5344784
5372714
5421134
5491917
0
0
0
0
0
-3198773
-2420762
-1924942
-1609757
-1420243
5347612
5350767
5377097
5425840
5496746
0
0
0
0
0
-3011241
-2295300
-1833151
-1554121
-1401196
5354586
5357391
5380833
5427650
5498409
0
0
0
0
0
-2861707
-2188525
-1757718
-1498197
-1366848
5144980
5140762
5153316
5189629
5165035
5162755
5177229
5208974
5266422
5182361
5180495
5197264
5231271
5284499
0
5197861
5195007
5212563
5249159
5305041
0
0
5209768
5207322
5224154
5261936
5320862
0
0
0
5218144
5216792
5234267
5271646
5332226
0
0
0
0
5222579
5222908
5241519
5279558
5340030
0
0
0
0
0
5227327
5228276
5248572
5287724
5348920
0
0
0
0
0
-3038311
5233762
5235687
5256753
5297660
5360051
0
0
0
0
0
-3495298
-2354457
5242348
5245130
5267243
5309060
5373324
0
0
0
0
0
-3870806
-2633884
-1867944
5253016
5256746
5279831
5322808
5388122
0
0
0
0
0
-4152974
-2854511
-2040250
-1542141
5265873
5270380
5294529
5338604
5405205
0
0
0
0
0
-4323419
-3009176
-2169705
-1650651
-1344068
5280797
5286036
5311085
5356346
5424182
0
0
0
0
0
-4363071
-3086342
-2250183
-1726218
-1413423
5297456
5303389
5329281
5375559
5444623
0
0
0
0
0
-4224759
-3071531
-2278477
-1766784
-1457539
5313815
5320494
5347185
5394391
5464468
0
0
0
0
0
-3962499
-2938290
-2245085
-1774772
-1480199
5327024
5334184
5361569
5409484
5480201
0
0
0
0
0
-3649095
-2742800
-2141466
-1747638
-1489482
5339393
5344824
5372704
5421247
5492428
0
0
0
0
0
-3370196
-2543546
-2016199
-1681635
-1482204
5350880
5353822
5380035
5429000
5500461
0
0
0
0
0
-3132086
-2384124
-1897404
-1606063
-1445932
5360144
5362784
5386239
5433281
5504758
0
0
0
0
0
-2939116
-2246629
-1802178
-1532400
-1397600
5367521
5370062
5393470
5437225
5506101
0
0
0
0
0
-2794059
-2136133
-1720401
-1471415
-1348689
5160810
5158657
5173152
5205067
5263254
5180622
5178798
5195544
5229613
5282981
0
5199072
5196233
5213667
5250300
5306183
0
0
5214342
5211843
5228534
5266189
5325020
0
0
0
5225289
5223875
5241193
5278317
5338679
0
0
0
0
5231938
5232371
5250975
5288915
5349195
0
0
0
0
0
5235888
5236867
5257274
5296478
5357633
0
0
0
0
0
-2808970
5239648
5241649
5262758
5303749
5366168
0
0
0
0
0
-3339099
-2240701
5245294
5248119
5270278
5312128
5376430
0
0
0
0
0
-3794932
-2577303
-1825449
5253016
5256746
5279831
5322808
5388122
0
0
0
0
0
-4152974
-2854511
-2040250
-1542141
5263008
5267459
5291560
5335585
5402142
0
0
0
0
0
-4397156
-3063887
-2210492
-1684184
-1373581
5275236
5280372
5305317
5350476
5418199
0
0
0
0
0
-4509785
-3192041
-2330841
-1791557
-1472028
5289613
5295362
5321109
5367237
5436193
0
0
0
0
0
-4440710
-3224904
-2392578
-1859346
-1541195
5305662
5312094
5338603
5385640
5455649
0
0
0
0
0
-4228136
-3127807
-2384634
-1884949
-1579266
5321700
5328530
5355839
5403724
5474626
0
0
0
0
0
-3923871
-2939526
-2286702
-1860657
-1588371
5336930
5341782
5369556
5418137
5489583
0
0
0
0
0
-3604595
-2712720
-2140760
-1779334
-1566255
5351598
5354287
5380229
5429276
5501147
0
0
0
0
0
-3302595
-2509746
-1990715
-1679664
-1509333
5363586
5366045
5389480
5436586
5508625
0
0
0
0
0
-3057748
-2335490
-1869950
-1584407
-1443499
5373175
5375570
5399037
5443065
5512558
0
0
0
0
0
-2871081
-2193431
-1765078
-1507651
-1379010
5380623
5383247
5406839
5451188
5516552
0
0
0
0
0
-2726892
-2085686
-1680019
-1441201
-1325438
5176319
5174590
5191267
5225157
5278398
0
5197315
5194482
5211799
5248261
5303929
0
0
5215524
5213038
5229613
5267040
5325666
0
0
0
5229924
5228410
5245572
5282488
5342518
0
0
0
0
5238989
5239473
5257934
5295673
5355513
0
0
0
0
0
5245164
5246232
5266723
5305912
5366894
0
0
0
0
0
-2528664
5248131
5250236
5271381
5312493
5374940
0
0
0
0
0
-3111631
-2074720
5251084
5254025
5276266
5318163
5382537
0
0
0
0
0
-3642496
-2464742
-1740370
5255926
5259701
5282833
5325860
5391200
0
0
0
0
0
-4077114
-2799865
-1998037
-1508383
5263008
5267459
5291560
5335585
5402142
0
0
0
0
0
-4397156
-3063887
-2210492
-1684184
-1373581
5272412
5277496
5302383
5347491
5415168
0
0
0
0
0
-4583966
-3245288
-2371726
-1823972
-1501375
5284156
5289780
5315419
5361435
5430303
0
0
0
0
0
-4590356
-3331036
-2471701
-1923561
-1598459
5297997
5304229
5330552
5377435
5447311
0
0
0
0
0
-4446920
-3284353
-2499685
-1975956
-1660491
5313913
5320364
5347441
5395148
5465960
0
0
0
0
0
-4191644
-3132550
-2429236
-1972178
-1685137
5332314
5336498
5364032
5412586
5484206
0
0
0
0
0
-3880323
-2912947
-2289180
-1895683
-1665572
5349479
5351863
5377345
5426365
5498508
0
0
0
0
0
-3534820
-2681193
-2118957
-1779881
-1595399
5364552
5366770
5390123
5437085
5509488
0
0
0
0
0
-3229565
-2460661
-1965587
-1659803
-1508484
5376757
5379004
5402481
5446701
5516588
0
0
0
0
0
-2988407
-2280813
-1833021
-1562616
-1425011
5386342
5388849
5412520
5457189
5523246
0
0
0
0
0
-2804030
-2142815
-1724169
-1477685
-1357590
5393575
5396593
5420708
5465728
5532459
0
0
0
0
0
-2671787
-2035087
-1640732
-1408237
-1299003
5192997
5190200
5207412
5243596
5298747
0
0
5213732
5211272
5227690
5264840
5323003
0
0
0
5231082
5229579
5246622
5283307
5342852
0
0
0
0
5243594
5244072
5262328
5299840
5359256
0
0
0
0
0
5252058
5253242
5273702
5312703
5373291
0
0
0
0
0
-2247373
5257278
5259520
5280732
5321921
5384277
0
0
0
0
0
-2832462
-1870314
5259408
5262533
5284885
5326829
5391300
0
0
0
0
0
-3421259
-2300365
-1615558
5261647
5265511
5288764
5331879
5397254
0
0
0
0
0
-3927638
-2689970
-1913915
-1440651
5265873
5270380
5294529
5338604
5405205
0
0
0
0
0
-4323419
-3009176
-2169705
-1650651
-1344068
5272412
5277496
5302383
5347491
5415168
0
0
0
0
0
-4583966
-3245288
-2371726
-1823972
-1501375
5281377
5286946
5312530
5358484
5427305
0
0
0
0
0
-4666051
-3384679
-2511540
-1956092
-1626858
5292656
5298753
5324945
5371711
5441488
0
0
0
0
0
-4598146
-3392766
-2579238
-2039011
-1716825
5306545
5312679
5339554
5387066
5457741
0
0
0
0
0
-4411404
-3291372
-2546846
-2064036
-1765064
5325191
5328704
5355875
5404200
5475718
0
0
0
0
0
-4147565
-3107786
-2434580
-2009740
-1763600
5345265
5347297
5372208
5421033
5493349
0
0
0
0
0
-3809544
-2882382
-2270275
-1898965
-1697750
5362761
5364688
5387884
5434464
5507066
0
0
0
0
0
-3461976
-2630769
-2095764
-1763164
-1596857
5377901
5379976
5403378
5447686
5517699
0
0
0
0
0
-3157640
-2407165
-1928504
-1640016
-1491647
5390057
5392423
5416137
5461026
5527647
0
0
0
0
0
-2922139
-2229377
-1791116
-1532891
-1406256
5399379
5402260
5426484
5471845
5539317
0
0
0
0
0
-2748358
-2092385
-1684859
-1444359
-1331403
5405992
5409782
5434722
5480740
5548711
0
0
0
0
0
-2629598
-1992730
-1600884
-1375862
-1269987
5209377
5206979
5223229
5260060
5317589
0
0
0
5229164
5227780
5244683
5281046
5340009
0
0
0
0
5244764
5245219
5263351
5300624
5359545
0
0
0
0
0
5256461
5257812
5278162
5316882
5377020
0
0
0
0
0
-2008604
5264028
5266374
5287620
5328730
5390701
0
0
0
0
0
-2550423
-1662364
5268421
5271690
5294157
5336160
5400630
0
0
0
0
0
-3154116
-2097701
-1460404
5269886
5273859
5297302
5340540
5405939
0
0
0
0
0
-3712970
-2530185
-1790643
-1340811
5271517
5276121
5300365
5344568
5411244
0
0
0
0
0
-4177109
-2901314
-2087582
-1583722
-1284811
5275236
5280372
5305317
5350476
5418199
0
0
0
0
0
-4509785
-3192041
-2330841
-1791557
-1472028
5281377
5286946
5312530
5358484
5427305
0
0
0
0
0
-4666051
-3384679
-2511540
-1956093
-1626858
5289939
5295964
5322097
5368804
5438524
0
0
0
0
0
-4674550
-3447587
-2619429
-2070747
-1745358
5301442
5307319
5334053
5381425
5451995
0
0
0
0
0
-4563080
-3401083
-2628235
-2127514
-1820432
5318374
5321321
5348172
5396285
5467623
0
0
0
0
0
-4366382
-3267527
-2554079
-2103774
-1844346
5338517
5340175
5364441
5412898
5485059
0
0
0
0
0
-4076783
-3077064
-2417259
-2015484
-1798103
5358897
5360522
5383493
5429550
5502147
0
0
0
0
0
-3735898
-2831488
-2248034
-1884765
-1701724
5376373
5378221
5401473
5445755
5515605
0
0
0
0
0
-3389018
-2577664
-2057881
-1745093
-1582887
5391397
5393573
5417280
5462257
5529297
0
0
0
0
0
-3091723
-2354009
-1887692
-1610305
-1474723
5403239
5405966
5430241
5475855
5543917
0
0
0
0
0
-2865371
-2179666
-1751301
-1498854
-1380326
5411896
5415533
5440563
5486953
5555688
0
0
0
0
0
-2705751
-2049691
-1645214
-1412039
-1302092
5417762
5422426
5448559
5495866
5565360
0
0
0
0
0
-2604867
-1958931
-1566771
-1342697
-1241336
5224672
5223455
5240214
5276189
5334467
0
0
0
0
5242950
5243296
5261381
5298345
5356629
0
0
0
0
0
5257489
5258972
5279165
5317639
5377267
0
0
0
0
0
-1830731
5268317
5270744
5292052
5332975
5394439
0
0
0
0
0
-2313438
-1482308
5275070
5278402
5300891
5342878
5407070
0
0
0
0
0
-2882764
-1891253
-1299947
5278782
5282884
5306452
5349795
5415172
0
0
0
0
0
-3452908
-2336678
-1637788
-1215705
5279642
5284383
5308741
5353144
5419924
0
0
0
0
0
-3966507
-2746236
-1967910
-1485343
-1197336
5280797
5286036
5311085
5356346
5424182
0
0
0
0
0
-4363071
-3086342
-2250183
-1726218
-1413423
5284156
5289780
5315419
5361435
5430303
0
0
0
0
0
-4590356
-3331036
-2471701
-1923561
-1598459
5289939
5295964
5322097
5368804
5438524
0
0
0
0
0
-4674550
-3447587
-2619429
-2070747
-1745358
5298854
5304592
5331252
5378560
5449076
0
0
0
0
0
-4639663
-3456493
-2669377
-2159571
-1848296
5313618
5316203
5342792
5390753
5461962
0
0
0
0
0
-4517246
-3377703
-2636566
-2168810
-1900138
5331973
5333348
5357055
5405176
5477136
0
0
0
0
0
-4296665
-3236300
-2537620
-2111159
-1880839
5352492
5353772
5376420
5421833
5494124
0
0
0
0
0
-4001736
-3026408
-2395090
-2002715
-1804338
5372824
5374404
5397471
5441631
5511144
0
0
0
0
0
-3662990
-2778061
-2210021
-1867629
-1690075
5390091
5392081
5415699
5460644
5527953
0
0
0
0
0
-3321546
-2523978
-2017587
-1714896
-1567557
5404768
5407311
5431563
5477330
5545801
0
0
0
0
0
-3034200
-2304718
-1846723
-1577289
-1448865
5415862
5419383
5444453
5491105
5560460
0
0
0
0
0
-2822133
-2136226
-1712334
-1466213
-1350425
5423726
5428276
5454484
5502148
5572438
0
0
0
0
0
-2681037
-2015585
-1610914
-1379092
-1273518
5428883
5434411
5461824
5510783
5582082
0
0
0
0
0
-2603263
-1936371
-1538342
-1313765
-1211829
5238520
5238837
5256882
5293479
5351002
0
0
0
0
0
5255579
5257158
5277071
5315327
5374326
0
0
0
0
0
-1705932
5269287
5271764
5293070
5333711
5394653
0
0
0
0
0
-2140318
-1345167
5279221
5282659
5305123
5347095
5410870
0
0
0
0
0
-2655695
-1715724
-1157618
5285228
5289497
5313044
5356359
5421519
0
0
0
0
0
-3191022
-2139202
-1480504
-1084567
5288379
5293293
5317762
5362282
5429084
0
0
0
0
0
-3712524
-2557984
-1822458
-1362756
-1087511
5288802
5294183
5319372
5364759
5432776
0
0
0
0
0
-4151190
-2934069
-2134058
-1630818
-1327199
5289613
5295362
5321109
5367237
5436193
0
0
0
0
0
-4440710
-3224904
-2392578
-1859346
-1541195
5292656
5298753
5324945
5371711
5441488
0
0
0
0
0
-4598146
-3392766
-2579238
-2039011
-1716825
5298854
5304592
5331252
5378560
5449076
0
0
0
0
0
-4639663
-3456493
-2669377
-2159571
-1848296
5311194
5313607
5340053
5387935
5459085
0
0
0
0
0
-4593418
-3433315
-2678210
-2201674
-1928312
5327419
5328581
5351926
5399769
5471587
0
0
0
0
0
-4447759
-3346006
-2620570
-2177163
-1938055
5346245
5347217
5369605
5414450
5486404
0
0
0
0
0
-4220410
-3186600
-2515218
-2099206
-1888592
5366680
5367997
5390761
5434644
5503578
0
0
0
0
0
-3927151
-2972168
-2357458
-1985775
-1794036
5386817
5388579
5412043
5456890
5524338
0
0
0
0
0
-3592655
-2724641
-2169709
-1837494
-1675660
5403706
5406041
5430244
5476036
5544750
0
0
0
0
0
-3262553
-2473714
-1976415
-1682459
-1541344
5417519
5420918
5445970
5492760
5562584
0
0
0
0
0
-2989707
-2260811
-1808217
-1543828
-1419924
5427827
5432232
5458519
5506436
5577357
0
0
0
0
0
-2797600
-2101643
-1677514
-1433907
-1321602
5434924
5440321
5467848
5517150
5589234
0
0
0
0
0
-2678149
-1992955
-1582248
-1350059
-1244225
5438947
5445735
5474401
5525086
5598547
0
0
0
0
0
-2624518
-1928135
-1517037
-1288815
-1185887
5251081
5252764
5272440
5310430
5368684
0
0
0
0
0
-1625621
5267214
5269855
5291087
5331275
5391673
0
0
0
0
0
-2019052
-1246889
5280007
5283624
5306002
5347845
5411060
0
0
0
0
0
-2489357
-1585919
-1046313
5289224
5293618
5317167
5360376
5425287
0
0
0
0
0
-2972557
-1972869
-1344794
-965775.8
5294651
5299704
5324257
5368705
5435274
0
0
0
0
0
-3454484
-2367884
-1673176
-1235546
-972072.4
5297367
5302936
5328283
5373772
5441821
0
0
0
0
0
-3894763
-2750203
-1992747
-1514513
-1219627
5297456
5303389
5329281
5375559
5444623
0
0
0
0
0
-4224759
-3071531
-2278477
-1766784
-1457539
5297997
5304229
5330552
5377435
5447311
0
0
0
0
0
-4446920
-3284353
-2499685
-1975956
-1660491
5301442
5307319
5334053
5381425
5451995
0
0
0
0
0
-4563080
-3401084
-2628235
-2127514
-1820432
5311194
5313607
5340053
5387935
5459085
0
0
0
0
0
-4593418
-3433315
-2678210
-2201674
-1928312
5325104
5326150
5349324
5397017
5468758
0
0
0
0
0
-4523794
-3401378
-2662423
-2210473
-1966967
5341880
5342650
5364835
5409312
5480987
0
0
0
0
0
-4370512
-3296591
-2597910
-2165662
-1946709
5360641
5361738
5384211
5427853
5496229
0
0
0
0
0
-4142522
-3131640
-2478456
-2082187
-1879073
5380946
5382433
5405673
5450246
5517548
0
0
0
0
0
-3855500
-2917719
-2316707
-1956094
-1779867
5400676
5402814
5426904
5472623
5541481
0
0
0
0
0
-3531434
-2672456
-2128937
-1805208
-1649585
5416646
5419891
5444875
5491728
5561844
0
0
0
0
0
-3216106
-2428808
-1937312
-1648979
-1512983
5429654
5433894
5460227
5508288
5579665
0
0
0
0
0
-2963214
-2225248
-1773113
-1511996
-1390421
5439137
5444411
5471991
5521586
5594295
0
0
0
0
0
-2793625
-2078974
-1648465
-1404487
-1292909
5445037
5451720
5480485
5531555
5605791
0
0
0
0
0
-2699441
-1983505
-1560808
-1324913
-1218209
5447795
5455989
5486283
5538651
5614341
0
0
0
0
0
-2576776
-1930650
-1504235
-1268572
-1163212
5262608
5265397
5286526
5326245
5385995
0
0
0
0
0
-1940658
-1182376
5277811
5281553
5303926
5345520
5407951
0
0
0
0
0
-2374388
-1493956
-964550.4
5289932
5294400
5317991
5360986
5425490
0
0
0
0
0
-2813326
-1850196
-1242912
-870777.5
5298499
5303672
5328244
5372613
5438842
0
0
0
0
0
-3239669
-2208668
-1546380
-1124335
-866639.6
5303450
5309174
5334576
5380097
5447871
0
0
0
0
0
-3635960
-2563038
-1849566
-1394584
-1107789
5305841
5311970
5338036
5384465
5453548
0
0
0
0
0
-3963569
-2885722
-2140500
-1653921
-1355486
5305662
5312094
5338603
5385640
5455649
0
0
0
0
0
-4228137
-3127807
-2384634
-1884949
-1579267
5306545
5312679
5339554
5387066
5457741
0
0
0
0
0
-4411404
-3291372
-2546846
-2064036
-1765064
5313618
5316203
5342792
5390753
5461962
0
0
0
0
0
-4517246
-3377703
-2636566
-2168810
-1900138
5325104
5326150
5349324
5397017
5468758
0
0
0
0
0
-4523794
-3401378
-2662424
-2210473
-1966967
5339651
5340329
5362401
5406704
5478227
0
0
0
0
0
-4445931
-3351918
-2639632
-2199183
-1976037
5356417
5357361
5379636
5423085
5491100
0
0
0
0
0
-4290684
-3241008
-2561462
-2148507
-1937633
5375115
5376383
5399416
5443708
5510821
0
0
0
0
0
-4069464
-3074915
-2437298
-2053313
-1864891
5395027
5396941
5420792
5466312
5535005
0
0
0
0
0
-3791694
-2864724
-2275319
-1923584
-1754263
5413847
5416909
5441809
5488630
5558906
0
0
0
0
0
-3482286
-2625991
-2088524
-1772195
-1621436
5428967
5433057
5459374
5507480
5579188
0
0
0
0
0
-3187162
-2391724
-1901508
-1616767
-1483528
5441112
5446243
5473826
5523631
5596803
0
0
0
0
0
-2958455
-2200848
-1743253
-1482394
-1362189
5449283
5455923
5484762
5536100
5611005
0
0
0
0
0
-2816267
-2068266
-1626827
-1379012
-1266565
5453913
5462021
5492443
5545183
5621691
0
0
0
0
0
-2650291
-1985492
-1546823
-1304498
-1195359
5455507
5465010
5497059
5551468
5629329
0
0
0
0
0
-2383083
-1848638
-1494090
-1253487
-1144301
5273133
5276990
5299302
5340560
5402137
0
0
0
0
0
-2300286
-1433772
-909691.8
5287688
5292208
5315754
5358567
5422489
0
0
0
0
0
-2703650
-1764950
-1169733
-799539
5299093
5304378
5328887
5373169
5438901
0
0
0
0
0
-3084231
-2092197
-1452053
-1039735
-781602.6
5307133
5312995
5338411
5383870
5451330
0
0
0
0
0
-3419072
-2406797
-1729018
-1291930
-1009511
5311725
5318020
5344157
5390590
5459499
0
0
0
0
0
-3698165
-2697940
-1999721
-1539257
-1250179
5313815
5320494
5347185
5394391
5464468
0
0
0
0
0
-3962500
-2938290
-2245085
-1774772
-1480199
5313913
5320364
5347441
5395148
5465960
0
0
0
0
0
-4191644
-3132550
-2429236
-1972178
-1685137
5318374
5321321
5348172
5396285
5467623
0
0
0
0
0
-4366382
-3267527
-2554079
-2103774
-1844346
5327419
5328581
5351926
5399769
5471587
0
0
0
0
0
-4447759
-3346006
-2620570
-2177163
-1938055
5339651
5340329
5362401
5406704
5478227
0
0
0
0
0
-4445931
-3351918
-2639632
-2199183
-1976037
5354257
5355124
5377310
5420650
5488495
0
0
0
0
0
-4365451
-3295940
-2603193
-2181957
-1967168
5371023
5372145
5395029
5439128
5506078
0
0
0
0
0
-4216312
-3182966
-2519915
-2119956
-1923367
5389376
5391099
5414743
5460062
5528510
0
0
0
0
0
-4003450
-3021012
-2394297
-2020574
-1840051
5408389
5411258
5435970
5482576
5552752
0
0
0
0
0
-3739452
-2816453
-2234417
-1890193
-1725978
5426391
5430305
5456553
5504656
5576561
0
0
0
0
0
-3450496
-2586834
-2051586
-1739033
-1592460
5440604
5445592
5473163
5523066
5596552
0
0
0
0
0
-3181146
-2365139
-1870392
-1586640
-1455003
5451318
5457903
5486769
5538275
5613709
0
0
0
0
0
-2982131
-2188860
-1720011
-1456211
-1335701
5458211
5466257
5496833
5549865
5627020
0
0
0
0
0
-2766424
-2070246
-1611443
-1358310
-1243417
5461618
5471071
5503266
5558077
5636747
0
0
0
0
0
-2462451
-1902129
-1535753
-1288267
-1176274
5462139
5472880
5506564
5563120
5643492
0
0
0
0
0
-4192120
-1493114
-1387701
-1236644
-1129386
5282958
5287575
5311028
5353545
5416742
0
0
0
0
0
-2630935
-1709564
-1121173
-750898.7
5296739
5302140
5326530
5370588
5435802
0
0
0
0
0
-2975238
-2011752
-1386055
-978251.9
-717344.8
5307597
5313590
5338978
5384244
5451332
0
0
0
0
0
-3260503
-2293484
-1640402
-1214958
-934363.1
5315220
5321677
5347845
5394210
5462820
0
0
0
0
0
-3476985
-2540220
-1881768
-1442237
-1159745
5319503
5326346
5353117
5400343
5470219
0
0
0
0
0
-3692118
-2745472
-2103827
-1662158
-1379541
5321700
5328530
5355839
5403724
5474626
0
0
0
0
0
-3923872
-2939527
-2286702
-1860657
-1588371
5325191
5328704
5355875
5404200
5475718
0
0
0
0
0
-4147565
-3107787
-2434580
-2009740
-1763600
5331973
5333348
5357055
5405176
5477136
0
0
0
0
0
-4296665
-3236300
-2537620
-2111159
-1880839
5341880
5342650
5364835
5409312
5480987
0
0
0
0
0
-4370512
-3296591
-2597910
-2165663
-1946709
5354257
5355124
5377310
5420650
5488495
0
0
0
0
0
-4365451
-3295940
-2603193
-2181957
-1967168
5368922
5369979
5392787
5436797
5503653
0
0
0
0
0
-4290389
-3237466
-2561391
-2153446
-1952858
5385405
5386995
5410496
5455666
5523942
0
0
0
0
0
-4148722
-3128175
-2475998
-2086965
-1898847
5402895
5405595
5430127
5476530
5546535
0
0
0
0
0
-3948846
-2971195
-2352803
-1985963
-1811612
5421147
5424845
5450935
5498872
5570660
0
0
0
0
0
-3704413
-2774989
-2196173
-1856725
-1696723
5438200
5443063
5470573
5520486
5594200
0
0
0
0
0
-3442637
-2557780
-2018791
-1708025
-1563147
5450889
5457431
5486292
5537901
5613704
0
0
0
0
0
-3204302
-2351298
-1845108
-1559364
-1428072
5460284
5468297
5498989
5552213
5629859
0
0
0
0
0
-2931760
-2189995
-1702980
-1433998
-1311911
5465936
5475357
5507690
5562875
5642218
0
0
0
0
0
-2593041
-1986160
-1599412
-1340620
-1224032
5468257
5478933
5512798
5569777
5650991
0
0
0
0
0
-4248312
-1555151
-1428061
-1270290
-1160278
5467691
5479654
5514876
5573437
5656408
0
0
0
0
0
-5389165
-2837034
-910595
-1119046
-1111762
5291935
5297458
5321734
5365464
5429991
0
0
0
0
0
-2902954
-1958076
-1342772
-936986.6
-673191.6
5305149
5311244
5336577
5381542
5448070
0
0
0
0
0
-3149889
-2213892
-1578965
-1160768
-879512.9
5315521
5322143
5348302
5394508
5462637
0
0
0
0
0
-3315326
-2424703
-1795948
-1370584
-1091711
5322819
5329815
5356641
5403816
5473385
0
0
0
0
0
-3466310
-2584457
-1984823
-1567464
-1294177
5327024
5334184
5361569
5409484
5480201
0
0
0
0
0
-3649096
-2742800
-2141466
-1747638
-1489482
5332314
5336498
5364032
5412586
5484206
0
0
0
0
0
-3880323
-2912947
-2289181
-1895683
-1665572
5338517
5340175
5364441
5412898
5485059
0
0
0
0
0
-4076783
-3077065
-2417259
-2015484
-1798103
5346245
5347217
5369605
5414450
5486404
0
0
0
0
0
-4220410
-3186600
-2515218
-2099206
-1888592
5356417
5357360
5379636
5423085
5491100
0
0
0
0
0
-4290684
-3241009
-2561462
-2148507
-1937633
5368922
5369979
5392787
5436797
5503653
0
0
0
0
0
-4290390
-3237466
-2561391
-2153446
-1952858
5383373
5384886
5408323
5453418
5521616
0
0
0
0
0
-4221791
-3182213
-2517184
-2120283
-1928391
5399037
5401612
5426012
5472272
5542146
0
0
0
0
0
-4092386
-3077259
-2433888
-2051673
-1870216
5415808
5419339
5445270
5493031
5564643
0
0
0
0
0
-3910379
-2927997
-2313437
-1952088
-1781317
5433084
5437818
5465146
5514922
5588566
0
0
0
0
0
-3692621
-2743289
-2161569
-1824707
-1667181
5448544
5455075
5483925
5535552
5611597
0
0
0
0
0
-3461927
-2541664
-1991253
-1679316
-1535460
5459885
5467903
5498692
5552027
5630047
0
0
0
0
0
-3152539
-2350232
-1825779
-1535218
-1403292
5468039
5477435
5509906
5565374
5645235
0
0
0
0
0
-2780931
-2105441
-1688762
-1414478
-1291113
5472588
5483240
5517274
5574611
5656584
0
0
0
0
0
-4332708
-1657916
-1491031
-1321148
-1206631
5473828
5485714
5521103
5580122
5663959
0
0
0
0
0
-5437720
-2878533
-962618.6
-1151444
-1141516
5472256
5485331
5522050
5582494
5667899
0
0
0
0
0
-6459916
-3722244
-1957361
-579138.3
-997941.6
5300280
5306490
5331735
5376349
5442153
0
0
0
0
0
-3077306
-2160834
-1537665
-1124941
-842546.7
5313003
5319705
5345793
5391762
5459252
0
0
0
0
0
-3201872
-2344020
-1735520
-1320729
-1043694
5322971
5330119
5356969
5404002
5473125
0
0
0
0
0
-3301562
-2466573
-1897440
-1498346
-1230996
5330096
5337474
5364903
5412790
5483217
0
0
0
0
0
-3417467
-2578163
-2019847
-1652139
-1406179
5336930
5341782
5369556
5418137
5489583
0
0
0
0
0
-3604595
-2712720
-2140760
-1779334
-1566255
5345265
5347297
5372208
5421033
5493349
0
0
0
0
0
-3809544
-2882382
-2270275
-1898965
-1697750
5352492
5353772
5376420
5421833
5494124
0
0
0
0
0
-4001736
-3026408
-2395090
-2002715
-1804338
5360641
5361738
5384211
5427853
5496229
0
0
0
0
0
-4142522
-3131640
-2478457
-2082188
-1879074
5371023
5372145
5395029
5439128
5506078
0
0
0
0
0
-4216312
-3182967
-2519915
-2119956
-1923367
5383373
5384886
5408323
5453418
5521616
0
0
0
0
0
-4221791
-3182213
-2517184
-2120283
-1928391
5397065
5399574
5423898
5470092
5539899
0
0
0
0
0
-4164578
-3130580
-2474758
-2084782
-1899623
5412033
5415470
5441277
5488903
5560389
0
0
0
0
0
-4051584
-3032802
-2393729
-2017343
-1839345
5427829
5432466
5459634
5509254
5582749
0
0
0
0
0
-3895077
-2893648
-2277499
-1919199
-1751447
5443461
5449958
5478712
5530177
5606180
0
0
0
0
0
-3705550
-2723647
-2131754
-1794491
-1638625
5457575
5465607
5496498
5549901
5628171
0
0
0
0
0
-3409437
-2536109
-1969313
-1653066
-1509393
5467661
5477072
5509688
5565369
5645612
0
0
0
0
0
-3029820
-2264316
-1808173
-1513187
-1380690
5474719
5485348
5519529
5577173
5659755
0
0
0
0
0
-4451924
-1804532
-1580050
-1392085
-1271921
5478191
5490034
5525600
5585011
5669594
0
0
0
0
0
-5506896
-2941424
-1049082
-1201679
-1186277
5478409
5491410
5528285
5589174
5675484
0
0
0
0
0
-6506096
-3757480
-1989267
-626132.6
-1026520
5475768
5490004
5528088
5590344
5678036
0
0
0
0
0
-7475940
-4512151
-2639833
-1440843
-469205.3
5308084
5314888
5340880
5386522
5453263
0
0
0
0
0
-3127113
-2290819
-1694991
-1286992
-1011844
5320317
5327613
5354369
5401148
5469693
0
0
0
0
0
-3185841
-2383746
-1836292
-1449562
-1186967
5330056
5337628
5365067
5412846
5482842
0
0
0
0
0
-3249655
-2457840
-1930589
-1581835
-1345278
5339393
5344824
5372704
5421247
5492428
0
0
0
0
0
-3370196
-2543546
-2016199
-1681635
-1482204
5349479
5351863
5377345
5426365
5498508
0
0
0
0
0
-3534820
-2681193
-2118957
-1779881
-1595399
5358896
5360522
5383493
5429550
5502147
0
0
0
0
0
-3735899
-2831488
-2248034
-1884765
-1701724
5366680
5367997
5390761
5434644
5503578
0
0
0
0
0
-3927152
-2972168
-2357458
-1985775
-1794036
5375115
5376383
5399416
5443708
5510821
0
0
0
0
0
-4069464
-3074915
-2437298
-2053313
-1864891
5385405
5386995
5410496
5455666
5523942
0
0
0
0
0
-4148722
-3128175
-2475998
-2086965
-1898847
5397065
5399573
5423898
5470092
5539899
0
0
0
0
0
-4164578
-3130580
-2474758
-2084782
-1899623
5410104
5413492
5439232
5486781
5558210
0
0
0
0
0
-4122783
-3085488
-2434070
-2050221
-1868580
5424109
5428681
5455756
5505250
5578624
0
0
0
0
0
-4033850
-2996670
-2356834
-1983842
-1809093
5438219
5444689
5473353
5524659
5600532
0
0
0
0
0
-3901649
-2871043
-2245528
-1887890
-1722139
5452493
5460523
5491412
5544739
5622941
0
0
0
0
0
-3646904
-2712174
-2106517
-1766204
-1611216
5465370
5474811
5507554
5563416
5643961
0
0
0
0
0
-3312927
-2449266
-1946741
-1628281
-1484842
5474375
5485006
5519343
5577248
5660317
0
0
0
0
0
-4613281
-1995620
-1698188
-1486804
-1359056
5480336
5492170
5527886
5587613
5672832
0
0
0
0
0
-5603802
-3030521
-1170583
-1272413
-1248560
5482798
5495763
5532796
5594086
5681176
0
0
0
0
0
-6569085
-3807865
-2038163
-703840.8
-1070731
5481936
5496101
5534339
5597033
5685620
0
0
0
0
0
-7520353
-4545389
-2666346
-1466913
-513327
5478435
5493609
5533073
5597002
5686869
0
0
0
0
0
-8454272
-5260374
-3246527
-1998946
-1221927
5315294
5322747
5349394
5395836
5463655
0
0
0
0
0
-3109624
-2328913
-1795739
-1416659
-1157085
5327275
5334988
5362400
5409899
5479298
0
0
0
0
0
-3134430
-2373223
-1867769
-1532544
-1302244
5338937
5344784
5372714
5421134
5491917
0
0
0
0
0
-3198773
-2420762
-1924942
-1609757
-1420243
5351597
5354287
5380229
5429276
5501147
0
0
0
0
0
-3302595
-2509746
-1990715
-1679664
-1509333
5362761
5364688
5387884
5434464
5507066
0
0
0
0
0
-3461976
-2630769
-2095764
-1763165
-1596857
5372824
5374404
5397471
5441631
5511144
0
0
0
0
0
-3662990
-2778061
-2210021
-1867629
-1690075
5380946
5382433
5405672
5450246
5517548
0
0
0
0
0
-3855501
-2917719
-2316707
-1956094
-1779867
5389376
5391099
5414743
5460062
5528510
0
0
0
0
0
-4003450
-3021012
-2394297
-2020574
-1840051
5399037
5401612
5426012
5472272
5542146
0
0
0
0
0
-4092386
-3077259
-2433888
-2051673
-1870216
5410104
5413492
5439232
5486781
5558210
0
0
0
0
0
-4122783
-3085488
-2434070
-2050221
-1868580
5422202
5426745
5453771
5503196
5576501
0
0
0
0
0
-4103677
-3048606
-2396695
-2016304
-1838135
5434501
5440959
5469560
5520770
5596528
0
0
0
0
0
-4034690
-2972074
-2323432
-1951757
-1779260
5447238
5455267
5486135
5539370
5617439
0
0
0
0
0
-3835601
-2854118
-2217662
-1857754
-1693763
5460302
5469728
5502501
5558380
5638941
0
0
0
0
0
-3569992
-2620396
-2078265
-1738299
-1584800
5472097
5482764
5517244
5575356
5658840
0
0
0
0
0
-4803819
-2210723
-1835689
-1596759
-1460561
5480012
5491863
5527722
5587721
5673475
0
0
0
0
0
-5735619
-3151039
-1325069
-1365961
-1331746
5484975
5497914
5535111
5596721
5684458
0
0
0
0
0
-6656073
-3878638
-2107644
-810822
-1132891
5486340
5500481
5538885
5601962
5691339
0
0
0
0
0
-7578979
-4590725
-2704438
-1507300
-585766.7
5484594
5499723
5539344
5603695
5694464
0
0
0
0
0
-8496822
-5292239
-3271285
-2020191
-1245099
5480206
5496355
5536948
5602560
5694414
0
0
0
0
0
-9394891
-5980349
-3819826
-2494122
-1715670
5322167
5330018
5357375
5404523
5473187
0
0
0
0
0
-3059773
-2317237
-1825949
-1499680
-1273145
5335875
5342015
5369910
5418117
5488278
0
0
0
0
0
-3077759
-2336360
-1860653
-1559081
-1376761
5350880
5353822
5380035
5429000
5500461
0
0
0
0
0
-3132086
-2384124
-1897404
-1606063
-1445933
5364552
5366769
5390123
5437085
5509488
0
0
0
0
0
-3229565
-2460661
-1965587
-1659803
-1508484
5376373
5378221
5401473
5445755
5515605
0
0
0
0
0
-3389018
-2577665
-2057881
-1745093
-1582887
5386817
5388579
5412043
5456890
5524338
0
0
0
0
0
-3592655
-2724641
-2169709
-1837494
-1675660
5395027
5396941
5420792
5466312
5535005
0
0
0
0
0
-3791694
-2864725
-2275319
-1923584
-1754263
5402895
5405595
5430127
5476530
5546535
0
0
0
0
0
-3948846
-2971195
-2352804
-1985964
-1811612
5412033
5415470
5441277
5488903
5560389
0
0
0
0
0
-4051584
-3032802
-2393729
-2017343
-1839345
5422202
5426745
5453771
5503196
5576501
0
0
0
0
0
-4103677
-3048606
-2396695
-2016304
-1838135
5432595
5439046
5467617
5518776
5594472
0
0
0
0
0
-4101267
-3022911
-2362698
-1983832
-1807940
5443510
5451540
5482398
5535566
5613550
0
0
0
0
0
-3963712
-2950501
-2293849
-1920407
-1750201
5455053
5464459
5497236
5553091
5633585
0
0
0
0
0
-3770036
-2756790
-2184522
-1827446
-1665678
5467036
5477696
5512192
5570351
5653945
0
0
0
0
0
-4987736
-2404698
-1963125
-1701330
-1557606
5477755
5489634
5525643
5585864
5672059
0
0
0
0
0
-5893443
-3293096
-1496330
-1474748
-1428343
5484666
5497626
5534982
5596851
5685136
0
0
0
0
0
-6775137
-3975068
-2201528
-943087.9
-1214997
5488535
5502664
5541215
5604626
5694656
0
0
0
0
0
-7659313
-4653478
-2758096
-1564833
-684119.1
5489032
5504117
5543920
5608660
5700204
0
0
0
0
0
-8552732
-5334226
-3305064
-2050882
-1281230
5486360
5502460
5543240
5609234
5702011
0
0
0
0
0
-9436663
-6010844
-3843474
-2513767
-1734415
5481264
5498191
5539921
5606896
5700753
0
0
0
0
0
-1.029281e+07
-6672771
-4370997
-2961231
-2155286
5330593
5336961
5364781
5412691
5482100
0
0
0
0
0
-2999164
-2281423
-1817886
-1525176
-1347699
5347612
5350766
5377097
5425840
5496746
0
0
0
0
0
-3011241
-2295300
-1833152
-1554121
-1401196
5363586
5366045
5389480
5436586
5508625
0
0
0
0
0
-3057748
-2335490
-1869950
-1584407
-1443499
5377901
5379976
5403378
5447686
5517699
0
0
0
0
0
-3157640
-2407165
-1928504
-1640016
-1491647
5390091
5392081
5415699
5460644
5527953
0
0
0
0
0
-3321547
-2523978
-2017587
-1714897
-1567557
5400676
5402814
5426904
5472623
5541481
0
0
0
0
0
-3531434
-2672457
-2128937
-1805208
-1649585
5408389
5411258
5435970
5482576
5552752
0
0
0
0
0
-3739452
-2816454
-2234417
-1890193
-1725978
5415808
5419339
5445270
5493031
5564643
0
0
0
0
0
-3910380
-2927997
-2313437
-1952089
-1781317
5424109
5428681
5455756
5505250
5578624
0
0
0
0
0
-4033850
-2996670
-2356834
-1983842
-1809093
5432595
5439046
5467617
5518776
5594472
0
0
0
0
0
-4101267
-3022911
-2362698
-1983832
-1807940
5441599
5449627
5480477
5533613
5611552
0
0
0
0
0
-4027944
-2998756
-2332187
-1951982
-1778542
5451310
5460722
5493501
5549342
5629781
0
0
0
0
0
-3903337
-2849564
-2256759
-1888561
-1721025
5461798
5472433
5506912
5565072
5648664
0
0
0
0
0
-5138110
-2554869
-2065086
-1785983
-1636265
5472691
5484573
5520605
5580860
5667195
0
0
0
0
0
-6050631
-3429673
-1649424
-1575783
-1520282
5482428
5495419
5532916
5595015
5683757
0
0
0
0
0
-6917594
-4090625
-2311925
-1087316
-1310380
5488249
5502392
5541106
5604793
5695359
0
0
0
0
0
-7768992
-4739619
-2831321
-1642477
-803963.1
5491247
5506319
5546284
5611342
5703555
0
0
0
0
0
-8628990
-5391876
-3351927
-2094216
-1332751
5490808
5506889
5547830
5614233
5707791
0
0
0
0
0
-9489365
-6050828
-3874572
-2540600
-1761620
5487406
5504288
5546208
5613595
5708334
0
0
0
0
0
-1.033351e+07
-6702715
-4393604
-2979928
-2172531
5481724
5499296
5541946
5610242
5705766
0
0
0
0
0
-1.115367e+07
-7334467
-4901284
-3410014
-2570279
5342170
5345534
5371879
5420305
5490512
0
0
0
0
0
-2932596
-2237347
-1791101
-1519397
-1371194
5360144
5362784
5386239
5433281
5504758
0
0
0
0
0
-2939116
-2246629
-1802178
-1532401
-1397600
5376757
5379004
5402481
5446701
5516588
0
0
0
0
0
-2988407
-2280813
-1833021
-1562616
-1425011
5391397
5393573
5417280
5462257
5529297
0
0
0
0
0
-3091723
-2354009
-1887692
-1610305
-1474723
5403706
5406041
5430244
5476036
5544750
0
0
0
0
0
-3262553
-2473715
-1976415
-1682459
-1541344
5413847
5416908
5441809
5488629
5558905
0
0
0
0
0
-3482286
-2625991
-2088524
-1772195
-1621436
5421147
5424845
5450935
5498872
5570660
0
0
0
0
0
-3704414
-2774989
-2196173
-1856725
-1696723
5427829
5432466
5459634
5509254
5582749
0
0
0
0
0
-3895078
-2893648
-2277499
-1919199
-1751447
5434501
5440959
5469560
5520770
5596528
0
0
0
0
0
-4034690
-2972074
-2323432
-1951757
-1779260
5441599
5449627
5480477
5533613
5611552
0
0
0
0
0
-4027944
-2998756
-2332188
-1951982
-1778542
5449389
5458805
5491581
5547412
5627823
0
0
0
0
0
-3969345
-2896127
-2292948
-1919319
-1748918
5458079
5468681
5503168
5561325
5644915
0
0
0
0
0
-5241929
-2654599
-2134608
-1843603
-1690201
5467443
5479321
5515330
5575564
5661921
0
0
0
0
0
-6181573
-3540987
-1767197
-1656918
-1594780
5477391
5490356
5527886
5590023
5678891
0
0
0
0
0
-7060179
-4205707
-2417566
-1215212
-1399099
5486017
5500204
5539063
5602971
5694002
0
0
0
0
0
-7900895
-4842934
-2919136
-1733554
-933570.6
5490984
5506071
5546191
5611530
5704295
0
0
0
0
0
-8731899
-5470853
-3416454
-2153407
-1402217
5493037
5509111
5550213
5616950
5711162
0
0
0
0
0
-9560760
-6105470
-3917355
-2577896
-1800069
5491849
5508727
5550832
5618610
5714151
0
0
0
0
0
-1.038362e+07
-6740388
-4423173
-3004482
-2196141
5487925
5505382
5548223
5616958
5713377
0
0
0
0
0
-1.119393e+07
-7363644
-4923493
-3427870
-2586653
5482625
5499783
5543191
5612557
5709681
0
0
0
0
0
-1.197644e+07
-7969738
-5408733
-3841961
-2969064
5354586
5357391
5380833
5427650
5498409
0
0
0
0
0
-2861707
-2188525
-1757718
-1498197
-1366848
5373175
5375570
5399037
5443065
5512558
0
0
0
0
0
-2871081
-2193431
-1765078
-1507651
-1379010
5390057
5392423
5416137
5461026
5527647
0
0
0
0
0
-2922140
-2229377
-1791116
-1532891
-1406256
5404768
5407311
5431563
5477330
5545800
0
0
0
0
0
-3034200
-2304718
-1846723
-1577290
-1448866
5416646
5419891
5444875
5491728
5561844
0
0
0
0
0
-3216107
-2428809
-1937312
-1648979
-1512983
5426391
5430305
5456553
5504656
5576561
0
0
0
0
0
-3450496
-2586835
-2051586
-1739033
-1592460
5433084
5437818
5465146
5514922
5588566
0
0
0
0
0
-3692622
-2743290
-2161569
-1824707
-1667181
5438219
5444689
5473353
5524659
5600531
0
0
0
0
0
-3901649
-2871044
-2245528
-1887890
-1722140
5443510
5451540
5482398
5535566
5613550
0
0
0
0
0
-3963712
-2950501
-2293849
-1920407
-1750201
5449389
5458805
5491581
5547412
5627823
0
0
0
0
0
-3969345
-2896127
-2292948
-1919319
-1748918
5456172
5466754
5501243
5559394
5642979
0
0
0
0
0
-5294469
-2703897
-2169547
-1872488
-1717349
5463708
5475594
5511571
5571808
5658173
0
0
0
0
0
-6273083
-3617683
-1845090
-1712369
-1645518
5472144
5485095
5522622
5584731
5673599
0
0
0
0
0
-7180011
-4301538
-2503344
-1313061
-1470455
5481006
5495168
5534031
5597987
5689147
0
0
0
0
0
-8033354
-4946584
-3006600
-1820347
-1048073
5488779
5503890
5544168
5609730
5702952
0
0
0
0
0
-8854918
-5566127
-3494044
-2224401
-1483573
5492773
5508886
5550146
5617155
5711925
0
0
0
0
0
-9657487
-6179458
-3976178
-2629368
-1852566
5494096
5510964
5553237
5621348
5717558
0
0
0
0
0
-1.045091e+07
-6791527
-4463657
-3038314
-2228978
5492396
5509816
5552858
5622007
5719212
0
0
0
0
0
-1.124353e+07
-7399469
-4951347
-3451179
-2608176
5488649
5505932
5549458
5619295
5717318
0
0
0
0
0
-1.201667e+07
-7998615
-5430388
-3859513
-2984690
5500700
5543769
5614041
5712469
0
0
0
0
0
-1.275416e+07
-8577861
-5896787
-4255824
-3353002
5367521
5370062
5393470
5437225
5506101
0
0
0
0
0
-2794059
-2136133
-1720401
-1471415
-1348689
5386342
5388849
5412520
5457189
5523246
0
0
0
0
0
-2804030
-2142815
-1724169
-1477685
-1357590
5403239
5405966
5430241
5475855
5543917
0
0
0
0
0
-2865371
-2179666
-1751302
-1498854
-1380326
5417519
5420918
5445970
5492760
5562584
0
0
0
0
0
-2989707
-2260811
-1808217
-1543828
-1419924
5428967
5433057
5459374
5507480
5579187
0
0
0
0
0
-3187163
-2391724
-1901508
-1616767
-1483528
5438200
5443063
5470573
5520486
5594200
0
0
0
0
0
-3442638
-2557780
-2018792
-1708025
-1563147
5443460
5449957
5478712
5530177
5606180
0
0
0
0
0
-3705550
-2723648
-2131754
-1794491
-1638625
5447238
5455267
5486135
5539370
5617439
0
0
0
0
0
-3835601
-2854118
-2217663
-1857754
-1693763
5451310
5460722
5493501
5549342
5629781
0
0
0
0
0
-3903337
-2849564
-2256759
-1888561
-1721025
5456172
5466754
5501243
5559394
5642979
0
0
0
0
0
-5294469
-2703897
-2169547
-1872488
-1717349
5461786
5473681
5509636
5569872
5656235
0
0
0
0
0
-6319689
-3656458
-1883511
-1740274
-1670963
5468410
5481351
5518887
5580959
5669839
0
0
0
0
0
-7264327
-4368487
-2562306
-1377551
-1519275
5475784
5489909
5528757
5592704
5683856
0
0
0
0
0
-8144959
-5033804
-3079414
-1890586
-1135492
5483802
5498880
5539163
5604744
5698104
0
0
0
0
0
-8979112
-5662136
-3572136
-2295135
-1560974
5490573
5506733
5548130
5615376
5710605
0
0
0
0
0
-9772380
-6268196
-4047379
-2691369
-1915461
5493855
5510739
5553193
5621579
5718341
0
0
0
0
0
-1.054186e+07
-6861058
-4518671
-3084961
-2274301
5494673
5512071
5555278
5624767
5722642
0
0
0
0
0
-1.130906e+07
-7447683
-4989229
-3483136
-2637841
5493018
5510396
5554088
5624354
5723188
0
0
0
0
0
-1.206525e+07
-8034104
-5456885
-3881467
-3005095
5506674
5550096
5620772
5720125
0
0
0
0
0
-1.279519e+07
-8606735
-5918237
-4272951
-3368367
5544765
5614879
5714306
0
0
0
0
0
-1.348104e+07
-9153668
-6364919
-4654516
-3721070
5380623
5383247
5406839
5451188
5516552
0
0
0
0
0
-2726893
-2085686
-1680019
-1441201
-1325438
5399379
5402260
5426484
5471845
5539317
0
0
0
0
0
-2748358
-2092385
-1684859
-1444359
-1331404
5415862
5419383
5444453
5491105
5560460
0
0
0
0
0
-2822133
-2136226
-1712334
-1466213
-1350425
5429654
5433894
5460227
5508288
5579665
0
0
0
0
0
-2963214
-2225248
-1773113
-1511996
-1390421
5440604
5445592
5473163
5523066
5596552
0
0
0
0
0
-3181146
-2365140
-1870392
-1586640
-1455003
5448544
5455074
5483925
5535552
5611597
0
0
0
0
0
-3461927
-2541665
-1991253
-1679316
-1535460
5452493
5460522
5491412
5544739
5622941
0
0
0
0
0
-3646904
-2712174
-2106517
-1766205
-1611216
5455053
5464459
5497236
5553091
5633585
0
0
0
0
0
-3770036
-2756790
-2184522
-1827446
-1665678
5458079
5468681
5503168
5561325
5644915
0
0
0
0
0
-5241930
-2654600
-2134608
-1843603
-1690201
5461786
5473681
5509636
5569872
5656235
0
0
0
0
0
-6319689
-3656458
-1883511
-1740274
-1670963
5466488
5479423
5516966
5579013
5667896
0
0
0
0
0
-7307586
-4402579
-2592079
-1409304
-1543858
5472063
5486167
5525005
5588956
5680080
0
0
0
0
0
-8223622
-5095210
-3130268
-1938765
-1193041
5478604
5493647
5533892
5599451
5692821
0
0
0
0
0
-9083835
-5743192
-3637967
-2354012
-1623525
5485652
5501759
5543151
5610417
5705754
0
0
0
0
0
-9888170
-6358136
-4119462
-2753991
-1978163
5491661
5508592
5551205
5619807
5717041
0
0
0
0
0
-1.065024e+07
-6943919
-4584884
-3141562
-2328869
5494448
5511870
5555235
5625022
5723450
0
0
0
0
0
-1.139697e+07
-7513069
-5040927
-3526682
-2678755
5495223
5512681
5556527
5627130
5726642
0
0
0
0
0
-1.212964e+07
-8081077
-5492616
-3911365
-3033074
5511040
5554760
5625826
5726006
0
0
0
0
0
-1.284357e+07
-8641510
-5944515
-4293848
-3387581
5550923
5621559
5721957
0
0
0
0
0
-1.352245e+07
-9183144
-6386387
-4671499
-3736072
5615925
5715370
0
0
0
0
0
-1.415292e+07
-9692743
-6809120
-5037631
-4075890
5393575
5396593
5420708
5465728
5532459
0
0
0
0
0
-2671787
-2035087
-1640732
-1408237
-1299003
5411896
5415533
5440563
5486953
5555688
0
0
0
0
0
-2705752
-2049691
-1645214
-1412039
-1302092
5427827
5432232
5458519
5506436
5577357
0
0
0
0
0
-2797600
-2101643
-1677514
-1433907
-1321602
5441112
5446243
5473826
5523631
5596803
0
0
0
0
0
-2958456
-2200849
-1743253
-1482394
-1362189
5450888
5457431
5486292
5537901
5613704
0
0
0
0
0
-3204302
-2351298
-1845109
-1559364
-1428072
5457575
5465606
5496497
5549901
5628171
0
0
0
0
0
-3409437
-2536109
-1969314
-1653067
-1509393
5460302
5469728
5502501
5558380
5638941
0
0
0
0
0
-3569993
-2620396
-2078266
-1738299
-1584800
5461798
5472433
5506912
5565071
5648664
0
0
0
0
0
-5138112
-2554870
-2065086
-1785984
-1636266
5463708
5475594
5511571
5571808
5658173
0
0
0
0
0
-6273083
-3617684
-1845090
-1712369
-1645519
5466488
5479423
5516966
5579013
5667896
0
0
0
0
0
-7307586
-4402579
-2592079
-1409304
-1543858
5470141
5484238
5523069
5587022
5678126
0
0
0
0
0
-8263840
-5126724
-3156160
-1963066
-1221360
5474909
5489917
5530141
5595685
5689067
0
0
0
0
0
-9157475
-5800382
-3684353
-2395121
-1666390
5480471
5496551
5537909
5605127
5700460
0
0
0
0
0
-9986369
-6434150
-4180486
-2806881
-2030357
5486812
5503674
5546264
5614875
5712218
0
0
0
0
0
-1.076013e+07
-7027770
-4652347
-3199158
-2384124
5492264
5509729
5553253
5623279
5722160
0
0
0
0
0
-1.150188e+07
-7591255
-5102745
-3579222
-2728383
5494918
5512495
5556508
5627386
5727475
0
0
0
0
0
-1.22158e+07
-8144314
-5541254
-3952281
-3071206
5513256
5557229
5628623
5729477
0
0
0
0
0
-1.290704e+07
-8687691
-5979359
-4322063
-3413749
5555489
5626655
5727835
0
0
0
0
0
-1.357076e+07
-9217783
-6412153
-4692247
-3754366
5622542
5722968
0
0
0
0
0
-1.419445e+07
-9722500
-6831060
-5054647
-4090777
5716675
0
0
0
0
0
-1.476387e+07
-1.019179e+07
-7225857
-5401869
-4417113
5405992
5409782
5434722
5480740
5548711
0
0
0
0
0
-2629598
-1992730
-1600884
-1375862
-1269987
5423726
5428276
5454484
5502148
5572438
0
0
0
0
0
-2681038
-2015585
-1610914
-1379093
-1273519
5439136
5444411
5471991
5521586
5594295
0
0
0
0
0
-2793626
-2078974
-1648465
-1404487
-1292909
5451318
5457903
5486769
5538275
5613709
0
0
0
0
0
-2982131
-2188861
-1720011
-1456212
-1335701
5459885
5467903
5498692
5552027
5630047
0
0
0
0
0
-3152539
-2350232
-1825780
-1535218
-1403292
5465370
5474811
5507554
5563416
5643961
0
0
0
0
0
-3312927
-2449266
-1946741
-1628281
-1484842
5467036
5477696
5512192
5570351
5653945
0
0
0
0
0
-4987738
-2404699
-1963125
-1701330
-1557607
5467443
5479321
5515330
5575564
5661921
0
0
0
0
0
-6181574
-3540988
-1767197
-1656918
-1594780
5468410
5481351
5518887
5580959
5669839
0
0
0
0
0
-7264327
-4368487
-2562307
-1377551
-1519275
5470141
5484238
5523069
5587022
5678126
0
0
0
0
0
-8263841
-5126725
-3156160
-1963066
-1221360
5473006
5487990
5528203
5593736
5687125
0
0
0
0
0
-9195100
-5829637
-3708169
-2416049
-1688000
5476792
5492846
5534169
5601361
5696688
0
0
0
0
0
-1.0056e+07
-6487664
-4223600
-2844180
-2066793
5481706
5498486
5541049
5609616
5706928
0
0
0
0
0
-1.085384e+07
-7099054
-4709541
-3248059
-2430851
5487638
5504886
5548371
5618386
5717365
0
0
0
0
0
-1.160851e+07
-7670858
-5165646
-3633067
-2779075
5492668
5510364
5554534
5625650
5726213
0
0
0
0
0
-1.231802e+07
-8220027
-5599608
-4001317
-3117189
5512994
5557226
5628904
5730314
0
0
0
0
0
-1.299182e+07
-8749698
-6026434
-4360575
-3449563
5557888
5629483
5731328
0
0
0
0
0
-1.363342e+07
-9263320
-6446438
-4719791
-3779069
5627531
5728890
0
0
0
0
0
-1.424225e+07
-9757106
-6856742
-5075007
-4108955
5724200
0
0
0
0
0
-1.480557e+07
-1.022166e+07
-7248024
-5419279
-4432041
0
0
0
0
0
-1.531247e+07
-1.064623e+07
-7612392
-5744239
-4741799
5417762
5422426
5448559
5495866
5565360
0
0
0
0
0
-2604867
-1958931
-1566771
-1342697
-1241336
5434923
5440321
5467848
5517150
5589234
0
0
0
0
0
-2678149
-1992955
-1582248
-1350059
-1244225
5449282
5455923
5484762
5536100
5611005
0
0
0
0
0
-2816267
-2068266
-1626827
-1379012
-1266565
5460284
5468297
5498989
5552213
5629859
0
0
0
0
0
-2931760
-2189995
-1702981
-1433998
-1311911
5467661
5477072
5509688
5565369
5645612
0
0
0
0
0
-3029820
-2264316
-1808173
-1513188
-1380690
5472097
5482764
5517244
5575355
5658839
0
0
0
0
0
-4803820
-2210723
-1835689
-1596759
-1460561
5472691
5484573
5520605
5580860
5667194
0
0
0
0
0
-6050631
-3429674
-1649424
-1575783
-1520282
5472144
5485095
5522622
5584731
5673599
0
0
0
0
0
-7180011
-4301538
-2503344
-1313061
-1470456
5472063
5486167
5525005
5588956
5680080
0
0
0
0
0
-8223622
-5095210
-3130268
-1938766
-1193041
5473006
5487990
5528203
5593736
5687125
0
0
0
0
0
-9195100
-5829637
-3708169
-2416049
-1688000
5474901
5490937
5532232
5599410
5694729
0
0
0
0
0
-1.00916e+07
-6515022
-4245670
-2863339
-2085340
5478065
5494797
5537333
5605859
5703153
0
0
0
0
0
-1.092034e+07
-7149658
-4749868
-3282658
-2463820
5482568
5499774
5543180
5613157
5712106
0
0
0
0
0
-1.169969e+07
-7738906
-5219293
-3678869
-2822203
5488582
5505748
5549728
5620817
5721460
0
0
0
0
0
-1.242238e+07
-8297299
-5659351
-4051518
-3164526
5510800
5555263
5627175
5729059
0
0
0
0
0
-1.30919e+07
-8823491
-6082977
-4406874
-3492443
5557809
5629781
5732190
0
0
0
0
0
-1.371658e+07
-9324354
-6492631
-4757096
-3812780
5630282
5732416
0
0
0
0
0
-1.430446e+07
-9802075
-6890570
-5102136
-4133087
5730003
0
0
0
0
0
-1.485296e+07
-1.02559e+07
-7273697
-5439590
-4449890
0
0
0
0
0
-1.5354e+07
-1.067622e+07
-7634652
-5761846
-4757086
0
0
0
0
-1.578942e+07
-1.105472e+07
-7964981
-6062350
-5047253
5428883
5434411
5461824
5510783
5582082
0
0
0
0
0
-2603263
-1936371
-1538342
-1313765
-1211830
5445036
5451720
5480485
5531555
5605791
0
0
0
0
0
-2699442
-1983506
-1560808
-1324913
-1218209
5458211
5466256
5496833
5549865
5627020
0
0
0
0
0
-2766424
-2070247
-1611443
-1358310
-1243417
5468039
5477435
5509906
5565374
5645235
0
0
0
0
0
-2780932
-2105441
-1688762
-1414479
-1291113
5474375
5485006
5519343
5577247
5660316
0
0
0
0
0
-4613282
-1995620
-1698189
-1486804
-1359057
5477755
5489634
5525643
5585864
5672059
0
0
0
0
0
-5893444
-3293097
-1496330
-1474748
-1428343
5477391
5490356
5527886
5590023
5678891
0
0
0
0
0
-7060180
-4205707
-2417566
-1215212
-1399099
5475784
5489909
5528757
5592704
5683856
0
0
0
0
0
-8144959
-5033804
-3079414
-1890587
-1135492
5474909
5489917
5530141
5595685
5689067
0
0
0
0
0
-9157476
-5800383
-3684353
-2395121
-1666390
5474901
5490937
5532232
5599410
5694729
0
0
0
0
0
-1.00916e+07
-6515022
-4245670
-2863339
-2085340
5476163
5492899
5535415
5603909
5701193
0
0
0
0
0
-1.095448e+07
-7175549
-4770500
-3300380
-2480757
5478847
5496123
5539476
5609421
5708340
0
0
0
0
0
-1.176454e+07
-7787246
-5257438
-3711216
-2852742
5483517
5500675
5544616
5615617
5716235
0
0
0
0
0
-1.251189e+07
-8363529
-5710588
-4094486
-3204891
5506741
5550695
5622423
5724370
0
0
0
0
0
-1.319386e+07
-8899140
-6141003
-4454574
-3536557
5555780
5628064
5730943
0
0
0
0
0
-1.381488e+07
-9396624
-6547767
-4801984
-3853254
5630499
5733297
0
0
0
0
0
-1.438653e+07
-9861956
-6936062
-5138771
-4165756
5733439
0
0
0
0
0
-1.491434e+07
-1.030056e+07
-7307120
-5466378
-4473675
0
0
0
0
0
-1.540123e+07
-1.071018e+07
-7660065
-5782164
-4774904
0
0
0
0
-1.583124e+07
-1.108459e+07
-7987355
-6080047
-5062725
0
0
0
-1.619165e+07
-1.141021e+07
-8282340
-6352986
-5331290
5438947
5445735
5474401
5525086
5598547
0
0
0
0
0
-2624519
-1928135
-1517038
-1288815
-1185887
5453913
5462021
5492443
5545183
5621691
0
0
0
0
0
-2650291
-1985492
-1546824
-1304498
-1195359
5465936
5475357
5507690
5562875
5642218
0
0
0
0
0
-2593041
-1986160
-1599412
-1340620
-1224032
5474719
5485348
5519529
5577173
5659755
0
0
0
0
0
-4451925
-1804533
-1580050
-1392085
-1271922
5480012
5491863
5527722
5587720
5673474
0
0
0
0
0
-5735620
-3151040
-1325069
-1365961
-1331747
5482428
5495419
5532916
5595015
5683757
0
0
0
0
0
-6917595
-4090626
-2311925
-1087316
-1310380
5481006
5495168
5534031
5597987
5689147
0
0
0
0
0
-8033355
-4946584
-3006601
-1820348
-1048073
5478604
5493647
5533892
5599451
5692821
0
0
0
0
0
-9083837
-5743193
-3637967
-2354012
-1623526
5476792
5492846
5534169
5601361
5696688
0
0
0
0
0
-1.0056e+07
-6487665
-4223601
-2844180
-2066794
5476163
5492899
5535415
5603909
5701193
0
0
0
0
0
-1.095448e+07
-7175549
-4770501
-3300381
-2480757
5476836
5494215
5537571
5607490
5706379
0
0
0
0
0
-1.179786e+07
-7812080
-5276969
-3727779
-2868391
5479434
5496943
5540953
5611891
5712487
0
0
0
0
0
-1.257551e+07
-8410681
-5747043
-4125091
-3233429
5501666
5545626
5617305
5719177
0
0
0
0
0
-1.328137e+07
-8964168
-6190893
-4495630
-3574419
5551803
5623565
5726342
0
0
0
0
0
-1.391483e+07
-9470536
-6604596
-4848335
-3895168
5628712
5732065
0
0
0
0
0
-1.448301e+07
-9932942
-6990078
-5182560
-4204996
5734227
0
0
0
0
0
-1.499551e+07
-1.035966e+07
-7351767
-5502479
-4505773
0
0
0
0
0
-1.546215e+07
-1.075425e+07
-7693276
-5808647
-4798404
0
0
0
0
-1.587775e+07
-1.111845e+07
-8012569
-6100169
-5080558
0
0
0
-1.623367e+07
-1.144031e+07
-8304639
-6370787
-5346850
0
0
-1.650826e+07
-1.171019e+07
-8558865
-6614895
-5590985
5447795
5455988
5486283
5538652
5614341
0
0
0
0
0
-2576777
-1930650
-1504235
-1268573
-1163212
5461618
5471071
5503266
5558076
5636747
0
0
0
0
0
-2462451
-1902129
-1535753
-1288267
-1176274
5472588
5483240
5517274
5574611
5656584
0
0
0
0
0
-4332709
-1657916
-1491032
-1321148
-1206631
5480336
5492170
5527886
5587613
5672832
0
0
0
0
0
-5603802
-3030522
-1170583
-1272413
-1248560
5484666
5497626
5534982
5596851
5685136
0
0
0
0
0
-6775137
-3975068
-2201528
-943088.1
-1214997
5486017
5500204
5539063
5602971
5694002
0
0
0
0
0
-7900895
-4842934
-2919137
-1733555
-933570.9
5483802
5498880
5539163
5604744
5698104
0
0
0
0
0
-8979114
-5662136
-3572137
-2295135
-1560975
5480471
5496551
5537909
5605127
5700460
0
0
0
0
0
-9986369
-6434151
-4180487
-2806881
-2030358
5478065
5494797
5537333
5605859
5703153
0
0
0
0
0
-1.092034e+07
-7149658
-4749869
-3282658
-2463820
5476836
5494215
5537571
5607490
5706379
0
0
0
0
0
-1.179786e+07
-7812082
-5276969
-3727779
-2868391
5477064
5494925
5539036
5609972
5710546
0
0
0
0
0
-1.260818e+07
-8434929
-5765786
-4140774
-3248048
5497574
5541880
5613622
5715439
0
0
0
0
0
-1.334401e+07
-9010432
-6226467
-4524892
-3601417
5546718
5618497
5721239
0
0
0
0
0
-1.400038e+07
-9534114
-6653597
-4888331
-3931347
5624845
5727745
0
0
0
0
0
-1.458151e+07
-1.00054e+07
-7045614
-5227972
-4245728
5732915
0
0
0
0
0
-1.509043e+07
-1.042933e+07
-7404832
-5545390
-4544055
0
0
0
0
0
-1.554234e+07
-1.081272e+07
-7737352
-5844092
-4830047
0
0
0
0
-1.59382e+07
-1.116221e+07
-8045353
-6126500
-5103803
0
0
0
-1.628009e+07
-1.147366e+07
-8329789
-6390762
-5364519
0
0
-1.655067e+07
-1.174046e+07
-8581352
-6632649
-5606646
0
-1.672643e+07
-1.194649e+07
-8792393
-6843364
-5825144
5455507
5465010
5497059
5551468
5629329
0
0
0
0
0
-2383084
-1848638
-1494090
-1253487
-1144301
5468257
5478933
5512798
5569776
5650991
0
0
0
0
0
-4248313
-1555152
-1428062
-1270290
-1160279
5478191
5490034
5525600
5585011
5669593
0
0
0
0
0
-5506897
-2941425
-1049082
-1201679
-1186277
5484975
5497914
5535111
5596720
5684458
0
0
0
0
0
-6656073
-3878638
-2107644
-810822.2
-1132891
5488249
5502392
5541106
5604793
5695359
0
0
0
0
0
-7768993
-4739619
-2831321
-1642477
-803963.4
5488779
5503890
5544168
5609730
5702952
0
0
0
0
0
-8854920
-5566128
-3494045
-2224401
-1483574
5485652
5501759
5543151
5610417
5705754
0
0
0
0
0
-9888170
-6358137
-4119463
-2753991
-1978163
5481706
5498486
5541049
5609616
5706928
0
0
0
0
0
-1.085385e+07
-7099054
-4709542
-3248060
-2430851
5478847
5496123
5539476
5609421
5708340
0
0
0
0
0
-1.176454e+07
-7787250
-5257438
-3711217
-2852742
5477064
5494925
5539036
5609972
5710546
0
0
0
0
0
-1.260818e+07
-8434930
-5765787
-4140774
-3248048
5495185
5539849
5611692
5713511
0
0
0
0
0
-1.337624e+07
-9034207
-6244774
-4539949
-3615260
5542612
5614729
5717548
0
0
0
0
0
-1.406119e+07
-9579670
-6688509
-4916896
-3957164
5619742
5722705
0
0
0
0
0
-1.466587e+07
-1.006755e+07
-7093529
-5267267
-4280977
5729294
0
0
0
0
0
-1.518708e+07
-1.050073e+07
-7459279
-5589777
-4583964
0
0
0
0
0
-1.563617e+07
-1.088126e+07
-7789441
-5886254
-4867561
0
0
0
0
-1.601753e+07
-1.121998e+07
-8088973
-6161505
-5134881
0
0
0
-1.634027e+07
-1.15171e+07
-8362359
-6416767
-5387641
0
0
-1.659752e+07
-1.177376e+07
-8606134
-6652586
-5624194
0
-1.676901e+07
-1.197704e+07
-8815017
-6861283
-5840772
-1.685719e+07
-1.210949e+07
-8976490
-7036448
-6029520
5462139
5472880
5506564
5563120
5643492
0
0
0
0
0
-4192120
-1493114
-1387702
-1236644
-1129386
5473828
5485714
5521103
5580122
5663959
0
0
0
0
0
-5437720
-2878533
-962618.8
-1151444
-1141516
5482798
5495763
5532796
5594086
5681176
0
0
0
0
0
-6569085
-3807865
-2038164
-703841
-1070731
5488535
5502664
5541215
5604626
5694656
0
0
0
0
0
-7659313
-4653478
-2758096
-1564833
-684119.2
5490984
5506071
5546191
5611530
5704295
0
0
0
0
0
-8731900
-5470853
-3416454
-2153407
-1402218
5490573
5506733
5548130
5615376
5710605
0
0
0
0
0
-9772379
-6268197
-4047379
-2691369
-1915461
5486812
5503674
5546264
5614875
5712218
0
0
0
0
0
-1.076014e+07
-7027769
-4652348
-3199158
-2384124
5482568
5499774
5543180
5613157
5712106
0
0
0
0
0
-1.16997e+07
-7738912
-5219292
-3678869
-2822203
5479434
5496943
5540953
5611891
5712487
0
0
0
0
0
-1.257551e+07
-8410684
-5747046
-4125091
-3233430
5495185
5539849
5611692
5713511
0
0
0
0
0
-1.337624e+07
-9034207
-6244775
-4539949
-3615260
5540185
5612678
5715608
0
0
0
0
0
-1.409241e+07
-9603117
-6706463
-4931608
-3970455
5615600
5718923
0
0
0
0
0
-1.472605e+07
-1.011177e+07
-7127911
-5295309
-4306184
5724200
0
0
0
0
0
-1.527023e+07
-1.056202e+07
-7506122
-5628208
-4618598
0
0
0
0
0
-1.573142e+07
-1.095132e+07
-7843095
-5929775
-4906569
0
0
0
0
-1.610995e+07
-1.128774e+07
-8140223
-6202894
-5171737
0
0
0
-1.641944e+07
-1.157427e+07
-8405474
-6451424
-5418343
0
0
-1.665744e+07
-1.181702e+07
-8638484
-6678438
-5647040
0
-1.681585e+07
-1.201068e+07
-8839785
-6880939
-5858295
-1.689942e+07
-1.214018e+07
-8999349
-7054490
-6045302
-1.220684e+07
-9103653
-7188776
-6202307
5467691
5479654
5514876
5573437
5656408
0
0
0
0
0
-5389165
-2837034
-910595.2
-1119046
-1111762
5478409
5491410
5528285
5589174
5675484
0
0
0
0
0
-6506096
-3757480
-1989267
-626132.8
-1026521
5486340
5500481
5538885
5601962
5691339
0
0
0
0
0
-7578980
-4590726
-2704438
-1507301
-585766.8
5491247
5506319
5546284
5611342
5703555
0
0
0
0
0
-8628991
-5391877
-3351927
-2094216
-1332751
5492773
5508886
5550146
5617155
5711925
0
0
0
0
0
-9657486
-6179459
-3976179
-2629368
-1852566
5491661
5508592
5551205
5619807
5717041
0
0
0
0
0
-1.065025e+07
-6943918
-4584884
-3141563
-2328869
5487638
5504886
5548371
5618386
5717365
0
0
0
0
0
-1.160852e+07
-7670865
-5165645
-3633067
-2779075
5483517
5500675
5544616
5615617
5716235
0
0
0
0
0
-1.25119e+07
-8363533
-5710592
-4094486
-3204892
5497574
5541880
5613622
5715439
0
0
0
0
0
-1.334401e+07
-9010433
-6226469
-4524894
-3601417
5540185
5612678
5715608
0
0
0
0
0
-1.409241e+07
-9603117
-6706463
-4931609
-3970456
5613132
5716851
0
0
0
0
0
-1.475708e+07
-1.013448e+07
-7145619
-5309740
-4319173
5720009
0
0
0
0
0
-1.53295e+07
-1.060577e+07
-7539496
-5655827
-4643346
0
0
0
0
0
-1.581309e+07
-1.101172e+07
-7889283
-5967347
-4940444
0
0
0
0
-1.620409e+07
-1.135679e+07
-8192867
-6245782
-5209982
0
0
0
-1.651121e+07
-1.164103e+07
-8456150
-6492150
-5454520
0
0
-1.673606e+07
-1.18741e+07
-8681172
-6712708
-5677445
0
-1.68756e+07
-1.205378e+07
-8872029
-6906634
-5881017
-1.694549e+07
-1.217383e+07
-9024386
-7074150
-6062585
-1.22373e+07
-9126627
-7207020
-6218205
-9179300
-7294123
-6338679
5472256
5485331
5522050
5582494
5667899
0
0
0
0
0
-6459916
-3722244
-1957361
-579138.5
-997941.7
5481936
5496101
5534339
5597033
5685620
0
0
0
0
0
-7520353
-4545389
-2666346
-1466913
-513327.1
5489032
5504117
5543920
5608660
5700204
0
0
0
0
0
-8552733
-5334226
-3305064
-2050882
-1281231
5493037
5509111
5550213
5616950
5711162
0
0
0
0
0
-9560759
-6105470
-3917356
-2577896
-1800069
5493855
5510739
5553193
5621579
5718341
0
0
0
0
0
-1.054187e+07
-6861058
-4518672
-3084961
-2274302
5492264
5509729
5553253
5623279
5722160
0
0
0
0
0
-1.150188e+07
-7591262
-5102744
-3579222
-2728384
5488582
5505748
5549728
5620817
5721460
0
0
0
0
0
-1.242239e+07
-8297305
-5659356
-4051518
-3164527
5501666
5545626
5617305
5719177
0
0
0
0
0
-1.328137e+07
-8964170
-6190897
-4495634
-3574419
5542612
5614729
5717548
0
0
0
0
0
-1.406119e+07
-9579670
-6688510
-4916898
-3957166
5613132
5716851
0
0
0
0
0
-1.475708e+07
-1.013448e+07
-7145619
-5309741
-4319173
5717484
0
0
0
0
0
-1.536003e+07
-1.062834e+07
-7556650
-5670063
-4656089
0
0
0
0
0
-1.58714e+07
-1.105481e+07
-7922302
-5994159
-4964819
0
0
0
0
-1.628465e+07
-1.14161e+07
-8238383
-6282828
-5243099
0
0
0
-1.660437e+07
-1.170926e+07
-8508035
-6534229
-5492205
0
0
-1.682742e+07
-1.194041e+07
-8731110
-6752984
-5713039
0
-1.695425e+07
-1.211049e+07
-8914679
-6940583
-5911091
-1.700453e+07
-1.221684e+07
-9056538
-7099782
-6085179
-1.227041e+07
-9151693
-7226912
-6235500
-9202107
-7312469
-6354762
-7356574
-6433051
5475768
5490004
5528088
5590344
5678036
0
0
0
0
0
-7475940
-4512151
-2639833
-1440843
-469205.5
5484594
5499723
5539344
5603695
5694464
0
0
0
0
0
-8496822
-5292239
-3271285
-2020191
-1245099
5490808
5506889
5547830
5614233
5707791
0
0
0
0
0
-9489364
-6050828
-3874572
-2540600
-1761621
5494096
5510964
5553237
5621348
5717558
0
0
0
0
0
-1.045092e+07
-6791527
-4463657
-3038314
-2228978
5494448
5511870
5555235
5625022
5723450
0
0
0
0
0
-1.139698e+07
-7513076
-5040926
-3526683
-2678756
5492668
5510364
5554534
5625650
5726213
0
0
0
0
0
-1.231802e+07
-8220032
-5599613
-4001316
-3117189
5506741
5550695
5622423
5724370
0
0
0
0
0
-1.319386e+07
-8899142
-6141007
-4454578
-3536557
5546718
5618497
5721239
0
0
0
0
0
-1.400038e+07
-9534115
-6653598
-4888333
-3931350
5615600
5718923
0
0
0
0
0
-1.472605e+07
-1.011177e+07
-7127911
-5295309
-4306185
5717484
0
0
0
0
0
-1.536003e+07
-1.062834e+07
-7556650
-5670063
-4656089
0
0
0
0
0
-1.590148e+07
-1.107701e+07
-7939350
-6007951
-4977389
0
0
0
0
-1.634194e+07
-1.145849e+07
-8270900
-6309354
-5266763
0
0
0
-1.668433e+07
-1.176777e+07
-8552732
-6570736
-5524857
0
0
-1.692002e+07
-1.200795e+07
-8782390
-6794458
-5750010
0
-1.704553e+07
-1.217652e+07
-8964297
-6980281
-5946291
-1.708324e+07
-1.22736e+07
-9098938
-7133724
-6114981
-1.231292e+07
-9183801
-7252493
-6258051
-9226787
-7332400
-6372271
-7374796
-6449231
-6488913
5478435
5493609
5533073
5597002
5686869
0
0
0
0
0
-8454272
-5260374
-3246527
-1998946
-1221927
5486360
5502460
5543240
5609234
5702011
0
0
0
0
0
-9436662
-6010844
-3843474
-2513767
-1734415
5491849
5508727
5550832
5618610
5714151
0
0
0
0
0
-1.038362e+07
-6740387
-4423173
-3004482
-2196141
5494673
5512071
5555278
5624767
5722642
0
0
0
0
0
-1.130907e+07
-7447688
-4989228
-3483136
-2637841
5494918
5512495
5556508
5627386
5727475
0
0
0
0
0
-1.22158e+07
-8144320
-5541258
-3952281
-3071207
5510800
5555263
5627175
5729059
0
0
0
0
0
-1.30919e+07
-8823493
-6082981
-4406878
-3492442
5551803
5623565
5726342
0
0
0
0
0
-1.391483e+07
-9470537
-6604598
-4848338
-3895171
5619742
5722705
0
0
0
0
0
-1.466587e+07
-1.006755e+07
-7093530
-5267268
-4280979
5720009
0
0
0
0
0
-1.53295e+07
-1.060577e+07
-7539496
-5655827
-4643346
0
0
0
0
0
-1.590148e+07
-1.107701e+07
-7939350
-6007951
-4977389
0
0
0
0
-1.637125e+07
-1.148036e+07
-8287669
-6323059
-5278941
0
0
0
-1.674116e+07
-1.180941e+07
-8584717
-6596857
-5548268
0
0
-1.699945e+07
-1.206602e+07
-8826486
-6830307
-5782185
0
-1.71391e+07
-1.224367e+07
-9015067
-7021276
-5982728
-1.71748e+07
-1.233961e+07
-9148384
-7173185
-6149677
-1.236976e+07
-9226276
-7286262
-6287859
-9258546
-7357969
-6394789
-7394432
-6466781
-6504987
5480206
5496355
5536948
5602560
5694414
0
0
0
0
0
-9394890
-5980349
-3819826
-2494122
-1715670
5487406
5504288
5546208
5613595
5708334
0
0
0
0
0
-1.033351e+07
-6702714
-4393605
-2979928
-2172531
5492396
5509816
5552858
5622007
5719212
0
0
0
0
0
-1.124354e+07
-7399474
-4951346
-3451179
-2608176
5495223
5512681
5556527
5627130
5726642
0
0
0
0
0
-1.212965e+07
-8081082
-5492620
-3911364
-3033074
5512994
5557226
5628904
5730314
0
0
0
0
0
-1.299182e+07
-8749701
-6026438
-4360578
-3449562
5555780
5628064
5730943
0
0
0
0
0
-1.381488e+07
-9396625
-6547769
-4801987
-3853258
5624845
5727745
0
0
0
0
0
-1.458151e+07
-1.00054e+07
-7045614
-5227974
-4245731
5724200
0
0
0
0
0
-1.527023e+07
-1.056202e+07
-7506122
-5628208
-4618599
0
0
0
0
0
-1.58714e+07
-1.105481e+07
-7922302
-5994159
-4964819
0
0
0
0
-1.637125e+07
-1.148036e+07
-8287669
-6323058
-5278941
0
0
0
-1.677022e+07
-1.183073e+07
-8601234
-6610337
-5560369
0
0
-1.705614e+07
-1.210732e+07
-8857908
-6856000
-5805236
0
-1.722036e+07
-1.230136e+07
-9058837
-7056645
-6014321
-1.726844e+07
-1.240747e+07
-9198875
-7213780
-6185692
-1.2436e+07
-9275732
-7325607
-6322352
-9301110
-7391824
-6424455
-7419740
-6489298
-6522283
5481264
5498191
5539921
5606896
5700753
0
0
0
0
0
-1.029282e+07
-6672770
-4370997
-2961232
-2155286
5487925
5505382
5548223
5616958
5713377
0
0
0
0
0
-1.119393e+07
-7363647
-4923493
-3427870
-2586653
5493018
5510396
5554088
5624354
5723188
0
0
0
0
0
-1.206526e+07
-8034108
-5456889
-3881466
-3005095
5513256
5557229
5628623
5729477
0
0
0
0
0
-1.290704e+07
-8687694
-5979362
-4322066
-3413748
5557809
5629781
5732190
0
0
0
0
0
-1.371658e+07
-9324354
-6492633
-4757100
-3812783
5628712
5732065
0
0
0
0
0
-1.448301e+07
-9932942
-6990079
-5182562
-4204999
5729294
0
0
0
0
0
-1.518708e+07
-1.050073e+07
-7459279
-5589778
-4583965
0
0
0
0
0
-1.581309e+07
-1.101172e+07
-7889283
-5967347
-4940444
0
0
0
0
-1.634194e+07
-1.145849e+07
-8270900
-6309354
-5266763
0
0
0
-1.677022e+07
-1.183073e+07
-8601234
-6610337
-5560369
0
0
-1.708518e+07
-1.212846e+07
-8874003
-6869277
-5817139
0
-1.727757e+07
-1.234257e+07
-9090006
-7081886
-6036995
-1.734849e+07
-1.24665e+07
-9242367
-7248892
-6216862
-1.250392e+07
-9326778
-7365991
-6358017
-9350764
-7431201
-6458855
-7453688
-6519054
-6544579
5481724
5499296
5541946
5610242
5705766
0
0
0
0
0
-1.115368e+07
-7334470
-4901283
-3410014
-2570279
5488649
5505932
5549458
5619295
5717318
0
0
0
0
0
-1.201667e+07
-7998620
-5430390
-3859513
-2984691
5511040
5554760
5625826
5726006
0
0
0
0
0
-1.284357e+07
-8641511
-5944518
-4293850
-3387580
5557888
5629483
5731328
0
0
0
0
0
-1.363342e+07
-9263321
-6446440
-4719794
-3779072
5630499
5733297
0
0
0
0
0
-1.438653e+07
-9861957
-6936063
-5138773
-4165759
5732915
0
0
0
0
0
-1.509043e+07
-1.042933e+07
-7404832
-5545391
-4544056
0
0
0
0
0
-1.573142e+07
-1.095132e+07
-7843095
-5929775
-4906570
0
0
0
0
-1.628465e+07
-1.14161e+07
-8238383
-6282828
-5243099
0
0
0
-1.674116e+07
-1.180941e+07
-8584717
-6596857
-5548268
0
0
-1.708518e+07
-1.212846e+07
-8874003
-6869277
-5817139
0
-1.730659e+07
-1.236369e+07
-9105964
-7094825
-6048718
-1.740521e+07
-1.250809e+07
-9273466
-7273931
-6239135
-1.256209e+07
-9371289
-7400887
-6388960
-9401867
-7472044
-6494338
-7493246
-6553491
-6574426
5482625
5499783
5543191
5612557
5709681
0
0
0
0
0
-1.197644e+07
-7969742
-5408735
-3841960
-2969064
5506674
5550096
5620772
5720125
0
0
0
0
0
-1.279519e+07
-8606737
-5918240
-4272953
-3368367
5555489
5626655
5727835
0
0
0
0
0
-1.357076e+07
-9217784
-6412154
-4692250
-3754369
5630282
5732416
0
0
0
0
0
-1.430446e+07
-9802076
-6890571
-5102137
-4133089
5734227
0
0
0
0
0
-1.499551e+07
-1.035966e+07
-7351767
-5502480
-4505774
0
0
0
0
0
-1.563617e+07
-1.088126e+07
-7789441
-5886254
-4867561
0
0
0
0
-1.620409e+07
-1.135679e+07
-8192867
-6245781
-5209982
0
0
0
-1.668433e+07
-1.176777e+07
-8552731
-6570736
-5524857
0
0
-1.705614e+07
-1.210732e+07
-8857908
-6856000
-5805236
0
-1.730659e+07
-1.236369e+07
-9105964
-7094825
-6048718
-1.743404e+07
-1.25292e+07
-9289417
-7286760
-6250559
-1.260333e+07
-9402683
-7425874
-6411056
-9445737
-7507764
-6525092
-7534144
-6589383
-6609031
5500700
5543769
5614041
5712469
0
0
0
0
0
-1.275416e+07
-8577863
-5896790
-4255826
-3353001
5550923
5621559
5721957
0
0
0
0
0
-1.352245e+07
-9183145
-6386389
-4671502
-3736074
5627531
5728890
0
0
0
0
0
-1.424225e+07
-9757107
-6856743
-5075008
-4108957
5733439
0
0
0
0
0
-1.491434e+07
-1.030056e+07
-7307120
-5466378
-4473676
0
0
0
0
0
-1.554234e+07
-1.081272e+07
-7737352
-5844093
-4830047
0
0
0
0
-1.610995e+07
-1.128774e+07
-8140223
-6202894
-5171737
0
0
0
-1.660437e+07
-1.170926e+07
-8508035
-6534229
-5492205
0
0
-1.699945e+07
-1.206602e+07
-8826486
-6830307
-5782185
0
-1.727757e+07
-1.234257e+07
-9090006
-7081886
-6036995
-1.743404e+07
-1.25292e+07
-9289417
-7286760
-6250559
-1.262431e+07
-9418625
-7438697
-6422383
-9476885
-7532992
-6547143
-7569358
-6620867
-6644976
5544765
5614879
5714306
0
0
0
0
0
-1.348104e+07
-9153669
-6364920
-4654518
-3721072
5622542
5722968
0
0
0
0
0
-1.419445e+07
-9722500
-6831060
-5054648
-4090779
5730003
0
0
0
0
0
-1.485296e+07
-1.02559e+07
-7273698
-5439591
-4449891
0
0
0
0
0
-1.546215e+07
-1.075425e+07
-7693276
-5808647
-4798404
0
0
0
0
-1.601753e+07
-1.121998e+07
-8088973
-6161505
-5134881
0
0
0
-1.651121e+07
-1.164103e+07
-8456150
-6492150
-5454520
0
0
-1.692002e+07
-1.200795e+07
-8782390
-6794458
-5750010
0
-1.722036e+07
-1.230136e+07
-9058837
-7056645
-6014321
-1.740521e+07
-1.250809e+07
-9273466
-7273931
-6239135
-1.262431e+07
-9418625
-7438697
-6422383
-9492740
-7545812
-6558466
-7594397
-6643132
-6676017
5615925
5715370
0
0
0
0
0
-1.415292e+07
-9692743
-6809121
-5037632
-4075892
5724200
0
0
0
0
0
-1.480557e+07
-1.022166e+07
-7248024
-5419279
-4432042
0
0
0
0
0
-1.540123e+07
-1.071018e+07
-7660065
-5782164
-4774904
0
0
0
0
-1.59382e+07
-1.116221e+07
-8045352
-6126499
-5103803
0
0
0
-1.641944e+07
-1.157427e+07
-8405474
-6451424
-5418343
0
0
-1.682742e+07
-1.194041e+07
-8731110
-6752984
-5713039
0
-1.71391e+07
-1.224367e+07
-9015067
-7021276
-5982728
-1.734849e+07
-1.24665e+07
-9242367
-7248892
-6216862
-1.260333e+07
-9402683
-7425874
-6411056
-9492740
-7545812
-6558466
-7607154
-6654453
-6698118
5716675
0
0
0
0
0
-1.476387e+07
-1.019179e+07
-7225857
-5401869
-4417114
0
0
0
0
0
-1.535399e+07
-1.067622e+07
-7634652
-5761846
-4757086
0
0
0
0
-1.587775e+07
-1.111845e+07
-8012569
-6100169
-5080559
0
0
0
-1.634027e+07
-1.15171e+07
-8362359
-6416767
-5387641
0
0
-1.673606e+07
-1.18741e+07
-8681172
-6712708
-5677444
0
-1.704553e+07
-1.217652e+07
-8964297
-6980281
-5946291
-1.726844e+07
-1.240747e+07
-9198875
-7213780
-6185692
-1.256209e+07
-9371289
-7400887
-6388960
-9476885
-7532992
-6547143
-7607154
-6654453
-6709385
0
0
0
0
0
-1.531247e+07
-1.064623e+07
-7612392
-5744239
-4741800
0
0
0
0
-1.583124e+07
-1.108459e+07
-7987355
-6080047
-5062725
0
0
0
-1.628009e+07
-1.147366e+07
-8329789
-6390762
-5364519
0
0
-1.665744e+07
-1.181702e+07
-8638484
-6678438
-5647040
0
-1.695425e+07
-1.211049e+07
-8914679
-6940583
-5911090
-1.71748e+07
-1.233961e+07
-9148384
-7173185
-6149677
-1.250392e+07
-9326778
-7365991
-6358017
-9445737
-7507764
-6525092
-7594397
-6643132
-6709385
0
0
0
0
-1.578942e+07
-1.105472e+07
-7964981
-6062350
-5047253
0
0
0
-1.623367e+07
-1.144031e+07
-8304639
-6370787
-5346849
0
0
-1.659752e+07
-1.177376e+07
-8606134
-6652586
-5624194
0
-1.68756e+07
-1.205378e+07
-8872029
-6906634
-5881017
-1.708324e+07
-1.22736e+07
-9098938
-7133724
-6114981
-1.2436e+07
-9275732
-7325607
-6322352
-9401867
-7472044
-6494338
-7569358
-6620867
-6698118
0
0
0
-1.619165e+07
-1.141021e+07
-8282340
-6352986
-5331290
0
0
-1.655067e+07
-1.174046e+07
-8581352
-6632649
-5606646
0
-1.681585e+07
-1.201068e+07
-8839785
-6880939
-5858295
-1.700453e+07
-1.221684e+07
-9056538
-7099782
-6085179
-1.236976e+07
-9226276
-7286262
-6287859
-9350764
-7431201
-6458855
-7534144
-6589383
-6676017
0
0
-1.650826e+07
-1.171019e+07
-8558865
-6614895
-5590985
0
-1.676901e+07
-1.197704e+07
-8815017
-6861283
-5840772
-1.694549e+07
-1.217383e+07
-9024386
-7074150
-6062585
-1.231292e+07
-9183801
-7252493
-6258051
-9301110
-7391824
-6424455
-7493246
-6553491
-6644976
0
-1.672643e+07
-1.194649e+07
-8792393
-6843364
-5825144
-1.689942e+07
-1.214018e+07
-8999349
-7054490
-6045302
-1.227041e+07
-9151693
-7226912
-6235500
-9258546
-7357969
-6394789
-7453688
-6519054
-6609031
-1.685719e+07
-1.210949e+07
-8976490
-7036448
-6029520
-1.22373e+07
-9126627
-7207020
-6218205
-9226787
-7332400
-6372271
-7419740
-6489298
-6574426
-1.220684e+07
-9103653
-7188776
-6202307
-9202107
-7312469
-6354762
-7394432
-6466781
-6544579
-9179300
-7294123
-6338679
-7374796
-6449231
-6522283
-7356574
-6433051
-6504987
-6488912
)
;

boundaryField
{
    cathodeSides
    {
        type            zeroGradient;
    }
    electrolyteSides
    {
        type            zeroGradient;
    }
    anodeSides
    {
        type            zeroGradient;
    }
    phiI_to_phiI0
    {
        type            zeroGradient;
    }
}


// ************************************************************************* //
