/*--------------------------------*- C++ -*----------------------------------*\
| =========                 |                                                 |
| \\      /  F ield         | OpenFOAM: The Open Source CFD Toolbox           |
|  \\    /   O peration     | Version:  2312                                  |
|   \\  /    A nd           | Website:  www.openfoam.com                      |
|    \\/     M anipulation  |                                                 |
\*---------------------------------------------------------------------------*/
FoamFile
{
    version     2.0;
    format      ascii;
    arch        "LSB;label=32;scalar=64";
    class       volScalarField;
    location    "20/phiI";
    object      act;
}
// * * * * * * * * * * * * * * * * * * * * * * * * * * * * * * * * * * * * * //

dimensions      [0 0 0 0 0 0 0];

internalField   nonuniform List<scalar> 
12000
(
3.739445
3.739572
3.738685
3.737902
3.73931
3.738911
3.738051
3.738185
3.738919
3.736494
3.738888
3.73903
3.737967
3.738532
3.739011
3.736591
3.737978
3.740391
3.737746
3.735025
3.738205
3.738655
3.737348
3.73875
3.739018
3.736634
3.738379
3.740403
3.737801
3.734981
3.738139
3.74174
3.739159
3.735619
3.734098
3.737294
3.738018
3.736541
3.738571
3.738853
3.736356
3.738678
3.740488
3.73776
3.734874
3.738582
3.741764
3.739406
3.736312
3.734595
3.7396
3.742955
3.740426
3.736795
3.734544
0
3.736393
3.737256
3.735558
3.738021
3.738085
3.735478
3.738591
3.740341
3.737565
3.734631
3.738936
3.741844
3.739254
3.736148
3.734264
3.740043
3.742991
3.74077
3.737622
3.73528
0
3.741439
3.744181
3.741604
3.738023
3.736043
0
0
3.735301
3.736352
3.734418
3.737297
3.737133
3.734468
3.738114
3.739726
3.737132
3.734041
3.738887
3.741739
3.739115
3.735841
3.73386
3.740391
3.743065
3.740637
3.737704
3.735691
0
3.741848
3.744225
3.741987
3.738881
3.736438
0
0
3.743123
3.745534
3.742788
3.739159
3.737445
0
0
0
3.73469
3.735475
3.733468
3.736426
3.736228
3.733397
3.737442
3.738812
3.736162
3.733022
3.738437
3.741173
3.738697
3.735415
3.733334
3.740333
3.742982
3.740495
3.737338
3.735259
0
3.742178
3.744289
3.741866
3.739058
3.737062
0
0
3.743508
3.745581
3.743194
3.740038
3.737651
0
0
0
3.744562
3.746888
3.744107
3.740333
3.738688
0
0
0
0
3.734382
3.734869
3.732759
3.73562
3.735289
3.732511
3.736596
3.737856
3.735269
3.732077
3.7378
3.740288
3.737873
3.734738
3.73245
3.739874
3.742439
3.740121
3.736943
3.73461
0
3.742119
3.744204
3.741726
3.738709
3.736804
0
0
3.743826
3.745633
3.743078
3.740255
3.738316
0
0
0
3.74494
3.746939
3.744526
3.741202
3.738789
0
0
0
0
3.745751
3.748171
3.745434
3.741647
3.739878
0
0
0
0
0
3.734382
3.734555
3.732386
3.735043
3.73466
3.731794
3.735797
3.736992
3.734327
3.731045
3.736946
3.739321
3.736886
3.733815
3.731403
3.739216
3.741566
3.739343
3.736334
3.733972
0
3.74163
3.743664
3.741371
3.738317
3.73611
0
0
3.743748
3.745546
3.742925
3.739922
3.738151
0
0
0
3.745255
3.746984
3.744408
3.741437
3.739456
0
0
0
0
3.746122
3.748232
3.745864
3.742497
3.739945
0
0
0
0
0
3.746682
3.749337
3.746695
3.742973
3.741199
0
0
0
0
0
1.340894
3.73469
3.734555
3.732386
3.734735
3.734324
3.73142
3.735234
3.736393
3.733703
3.730351
3.736146
3.738477
3.736044
3.732922
3.730464
3.738338
3.740607
3.738374
3.735441
3.733207
0
3.740942
3.742788
3.740613
3.737752
3.735487
0
0
3.743258
3.744998
3.742571
3.739531
3.737474
0
0
0
3.745191
3.746892
3.744248
3.741104
3.739336
0
0
0
0
3.746433
3.74828
3.745749
3.742742
3.7406
0
0
0
0
0
3.74706
3.749397
3.747141
3.743807
3.741237
0
0
0
0
0
1.3358
3.747451
3.750416
3.747846
3.744234
3.742528
0
0
0
0
0
1.516869
1.340601
3.735301
3.734869
3.732759
3.734735
3.734324
3.73142
3.734938
3.736081
3.733373
3.729998
3.735583
3.737886
3.735446
3.732305
3.729796
3.737522
3.739765
3.737529
3.734607
3.732308
0
3.740051
3.741816
3.739653
3.736873
3.734695
0
0
3.74255
3.744103
3.741817
3.738983
3.736847
0
0
0
3.744676
3.746339
3.743885
3.740701
3.738672
0
0
0
0
3.746344
3.748185
3.745579
3.74241
3.740494
0
0
0
0
0
3.747382
3.749433
3.747037
3.744061
3.741874
0
0
0
0
0
1.325662
3.747841
3.750483
3.748294
3.745061
3.742546
0
0
0
0
0
1.513918
1.335506
3.748152
3.751425
3.748913
3.745385
3.74379
0
0
0
0
0
1.698312
1.516617
1.340072
3.736393
3.735475
3.733468
3.735043
3.73466
3.731794
3.734938
3.736081
3.733373
3.729998
3.735289
3.737579
3.735137
3.732026
3.729404
3.736954
3.739178
3.736937
3.734017
3.7317
0
3.73922
3.740964
3.73881
3.736054
3.733905
0
0
3.741632
3.743112
3.740845
3.738117
3.736055
0
0
0
3.743954
3.74543
3.743116
3.740154
3.738041
0
0
0
0
3.745829
3.747624
3.745205
3.741989
3.739827
0
0
0
0
0
3.747305
3.749332
3.746858
3.743728
3.741778
0
0
0
0
0
1.310764
3.748166
3.750521
3.748184
3.745328
3.743166
0
0
0
0
0
1.508062
1.325366
3.748552
3.751503
3.74937
3.746192
3.7438
0
0
0
0
0
1.696041
1.513665
1.334975
3.748834
3.752363
3.749912
3.746452
3.744941
0
0
0
0
0
1.856467
1.698102
1.516158
1.339348
3.737294
3.736352
3.734418
3.73562
3.735289
3.732511
3.735234
3.736393
3.733703
3.730351
3.735289
3.737579
3.735137
3.732026
3.729404
3.736662
3.738879
3.736631
3.733735
3.731324
0
3.738637
3.740371
3.738222
3.735473
3.733333
0
0
3.740785
3.742244
3.739991
3.737304
3.735283
0
0
0
3.743028
3.744421
3.742128
3.739282
3.737252
0
0
0
0
3.745106
3.746706
3.744431
3.741426
3.739186
0
0
0
0
0
3.746802
3.748774
3.746474
3.743292
3.741101
0
0
0
0
0
1.292127
3.748117
3.750427
3.747996
3.744998
3.743076
0
0
0
0
0
1.499509
1.310462
3.748889
3.751546
3.749269
3.746458
3.744411
0
0
0
0
0
1.691525
1.507808
1.324829
3.749244
3.752449
3.750381
3.74725
3.744933
0
0
0
0
0
1.854554
1.69583
1.513204
1.334248
3.749591
3.753258
3.750841
3.747449
3.746007
0
0
0
0
0
1.98976
1.856294
1.697715
1.515526
1.338444
3.738205
3.737256
3.735558
3.736426
3.736228
3.733397
3.735797
3.736992
3.734327
3.731045
3.735583
3.737886
3.735446
3.732305
3.729796
3.736662
3.738879
3.736631
3.733735
3.731324
0
3.73834
3.740069
3.737922
3.735171
3.733004
0
0
3.740195
3.741639
3.739397
3.736727
3.734725
0
0
0
3.742176
3.74354
3.741256
3.738459
3.736483
0
0
0
0
3.744182
3.745689
3.743426
3.740541
3.738384
0
0
0
0
0
3.746091
3.747856
3.745696
3.742717
3.740437
0
0
0
0
0
1.272715
3.747652
3.749884
3.747611
3.744544
3.742391
0
0
0
0
0
1.488882
1.291816
3.74885
3.751455
3.749084
3.746127
3.744328
0
0
0
0
0
1.684912
1.499252
1.309917
3.749591
3.752497
3.750292
3.747527
3.745521
0
0
0
0
0
1.85075
1.691313
1.507345
1.324095
3.750008
3.753349
3.751318
3.748244
3.745991
0
0
0
0
0
1.98814
1.85438
1.695442
1.51257
1.33334
3.750376
3.754091
3.751725
3.748377
3.747002
0
0
0
0
0
2.100643
1.989619
1.855972
1.697179
1.514732
3.738888
3.738018
3.736541
3.737297
3.737133
3.734468
3.736596
3.737856
3.735269
3.732077
3.736146
3.738477
3.736044
3.732922
3.730464
3.736954
3.739178
3.736937
3.734017
3.7317
0
3.73834
3.740069
3.737922
3.735171
3.733004
0
0
3.739895
3.741331
3.739094
3.736432
3.734431
0
0
0
3.741583
3.742929
3.740649
3.737877
3.735934
0
0
0
0
3.743333
3.744802
3.742543
3.739703
3.737605
0
0
0
0
0
3.745172
3.74684
3.744686
3.741817
3.739617
0
0
0
0
0
1.258075
3.746949
3.748973
3.746838
3.743962
3.74171
0
0
0
0
0
1.477865
1.27239
3.748372
3.750919
3.748709
3.745667
3.743634
0
0
0
0
0
1.676677
1.488619
1.291253
3.749572
3.752418
3.750105
3.747205
3.745441
0
0
0
0
0
1.845177
1.684697
1.498783
1.30917
3.750364
3.753398
3.75124
3.748534
3.746572
0
0
0
0
0
1.98492
1.850575
1.690923
1.506707
1.32318
3.750796
3.754189
3.752209
3.749166
3.746984
0
0
0
0
0
2.099309
1.987999
1.854057
1.694904
1.511774
3.751123
3.754877
3.752548
3.749257
3.747927
0
0
0
0
0
2.193525
2.100533
1.989354
1.85552
1.6965
3.73931
3.738655
3.737348
3.738021
3.738085
3.735478
3.737442
3.738812
3.736162
3.733022
3.736946
3.739321
3.736886
3.733815
3.731403
3.737522
3.739765
3.737529
3.734607
3.732308
0
3.738637
3.740371
3.738222
3.735473
3.733333
0
0
3.739895
3.741331
3.739094
3.736432
3.734431
0
0
0
3.741281
3.742617
3.74034
3.73758
3.735648
0
0
0
0
3.742741
3.744187
3.741927
3.73911
3.737052
0
0
0
0
0
3.744325
3.745954
3.743796
3.74097
3.738821
0
0
0
0
0
1.248597
3.746038
3.747957
3.74583
3.743056
3.740872
0
0
0
0
0
1.469521
1.257746
3.747686
3.750015
3.747948
3.745085
3.742938
0
0
0
0
0
1.668129
1.477594
1.271801
3.749109
3.751895
3.749734
3.746751
3.744747
0
0
0
0
0
1.838238
1.676458
1.488141
1.290482
3.750362
3.753323
3.751062
3.748216
3.746506
0
0
0
0
0
1.980209
1.845
1.684303
1.498138
1.308239
3.751157
3.754243
3.752135
3.749468
3.747562
0
0
0
0
0
2.096649
1.984777
1.850249
1.690381
1.505907
3.751547
3.754982
3.753041
3.750041
3.747905
0
0
0
0
0
2.192442
2.099198
1.987733
1.853604
1.694223
3.751845
3.755627
3.753327
3.750079
3.748803
0
0
0
0
0
2.271818
2.193441
2.100322
1.988979
1.854945
3.739572
3.73903
3.737967
3.738571
3.738853
3.736356
3.738114
3.739726
3.737132
3.734041
3.7378
3.740288
3.737873
3.734738
3.73245
3.738338
3.740607
3.738374
3.735441
3.733207
0
3.73922
3.740964
3.73881
3.736054
3.733905
0
0
3.740195
3.741639
3.739397
3.736727
3.734725
0
0
0
3.741281
3.742617
3.74034
3.73758
3.735648
0
0
0
0
3.742439
3.743874
3.741615
3.738806
3.736765
0
0
0
0
0
3.743732
3.745339
3.743177
3.740371
3.738257
0
0
0
0
0
1.243094
3.745177
3.747068
3.744941
3.742204
3.740065
0
0
0
0
0
1.46408
1.248267
3.746785
3.749004
3.74694
3.744182
3.742094
0
0
0
0
0
1.661678
1.469249
1.25715
3.74843
3.750995
3.748983
3.746176
3.744048
0
0
0
0
0
1.831041
1.667904
1.477103
1.270993
3.749911
3.752813
3.7507
3.747764
3.745823
0
0
0
0
0
1.974344
1.838056
1.676056
1.487483
1.28952
3.751167
3.754176
3.751959
3.749163
3.747505
0
0
0
0
0
2.092757
1.980063
1.84467
1.683756
1.497329
3.751925
3.75504
3.752976
3.75035
3.748481
0
0
0
0
0
2.190291
2.096537
1.984509
1.849794
1.689697
3.752266
3.755736
3.753827
3.75086
3.748777
0
0
0
0
0
2.270966
2.192358
2.098986
1.987356
1.853026
3.752518
3.756339
3.754071
3.750858
3.749623
0
0
0
0
0
2.338415
2.271757
2.193277
2.100021
1.988497
3.739445
3.738911
3.738051
3.73875
3.739018
3.736634
3.738591
3.740341
3.737565
3.734631
3.738437
3.741173
3.738697
3.735415
3.733334
3.739216
3.741566
3.739343
3.736334
3.733972
0
3.740051
3.741816
3.739653
3.736873
3.734695
0
0
3.740785
3.742244
3.739991
3.737304
3.735283
0
0
0
3.741583
3.742929
3.740649
3.737877
3.735934
0
0
0
0
3.742439
3.743874
3.741615
3.738806
3.736765
0
0
0
0
0
3.743431
3.745027
3.742863
3.740064
3.737965
0
0
0
0
0
1.240582
3.744579
3.746451
3.744322
3.741602
3.739493
0
0
0
0
0
1.460897
1.242765
3.745947
3.748118
3.746048
3.743332
3.74128
0
0
0
0
0
1.657489
1.463807
1.247671
3.747559
3.749991
3.747981
3.745276
3.743204
0
0
0
0
0
1.825625
1.661451
1.468753
1.256331
3.749247
3.751926
3.749957
3.747195
3.745125
0
0
0
0
0
1.96827
1.830854
1.667491
1.476424
1.269983
3.750729
3.753678
3.751606
3.748716
3.746826
0
0
0
0
0
2.087924
1.974195
1.83772
1.675498
1.486657
3.751937
3.754982
3.752805
3.75005
3.74844
0
0
0
0
0
2.187151
2.092642
1.979791
1.844209
1.683064
3.752647
3.755798
3.753771
3.751179
3.749347
0
0
0
0
0
2.269273
2.190204
2.096322
1.98413
1.849213
3.752942
3.756456
3.754576
3.751637
3.749594
0
0
0
0
0
2.337788
2.270904
2.192193
2.098683
1.986872
3.753158
3.757024
3.754778
3.751601
3.750401
0
0
0
0
0
2.396418
2.338375
2.271635
2.19304
2.09963
3.738685
3.737902
3.738532
3.739011
3.736591
3.738678
3.740488
3.73776
3.734874
3.738887
3.741739
3.739115
3.735841
3.73386
3.739874
3.742439
3.740121
3.736943
3.73461
0
3.740942
3.742788
3.740613
3.737752
3.735487
0
0
3.741632
3.743112
3.740845
3.738117
3.736055
0
0
0
3.742176
3.74354
3.741256
3.738459
3.736483
0
0
0
0
3.742741
3.744187
3.741927
3.73911
3.737052
0
0
0
0
0
3.743431
3.745027
3.742863
3.740064
3.737965
0
0
0
0
0
1.240582
3.744278
3.746139
3.744008
3.741295
3.739198
0
0
0
0
0
1.459435
1.240253
3.745362
3.747505
3.745428
3.742731
3.740705
0
0
0
0
0
1.655049
1.460624
1.24217
3.746717
3.749114
3.747093
3.744422
3.742391
0
0
0
0
0
1.822124
1.657261
1.463311
1.246853
3.748394
3.750918
3.748961
3.746301
3.744282
0
0
0
0
0
1.963723
1.825436
1.661035
1.46807
1.255309
3.750077
3.752804
3.750878
3.748152
3.746131
0
0
0
0
0
2.082932
1.968117
1.830508
1.666917
1.475573
3.751511
3.754497
3.752462
3.749611
3.747768
0
0
0
0
0
2.183243
2.087805
1.973917
1.837249
1.674793
3.75267
3.755751
3.753605
3.750888
3.749314
0
0
0
0
0
2.266803
2.187062
2.092424
1.979407
1.843621
3.753331
3.756526
3.754526
3.751965
3.750165
0
0
0
0
0
2.336542
2.269209
2.190037
2.096016
1.983643
3.753583
3.757147
3.755292
3.752379
3.75037
0
0
0
0
0
2.395998
2.337747
2.270781
2.191954
2.09829
3.753753
3.75765
3.755462
3.752309
3.751146
0
0
0
0
0
2.448271
2.396398
2.338293
2.271454
2.192729
3.738185
3.738919
3.736494
3.738379
3.740403
3.737801
3.734981
3.738936
3.741844
3.739254
3.736148
3.734264
3.740333
3.742982
3.740495
3.737338
3.735259
0
3.74163
3.743664
3.741371
3.738317
3.73611
0
0
3.74255
3.744103
3.741817
3.738983
3.736847
0
0
0
3.743028
3.744421
3.742128
3.739282
3.737252
0
0
0
0
3.743333
3.744802
3.742543
3.739703
3.737605
0
0
0
0
0
3.743732
3.745339
3.743177
3.740371
3.738257
0
0
0
0
0
1.243094
3.744278
3.746139
3.744008
3.741295
3.739198
0
0
0
0
0
1.459435
1.240253
3.745064
3.747193
3.745113
3.742423
3.740409
0
0
0
0
0
1.653933
1.459163
1.239658
3.746137
3.748505
3.746475
3.74382
3.741816
0
0
0
0
0
1.820091
1.654821
1.460129
1.241354
3.747556
3.750057
3.748082
3.745451
3.743465
0
0
0
0
0
1.960798
1.821934
1.656845
1.462628
1.245832
3.74923
3.751798
3.749891
3.747265
3.745292
0
0
0
0
0
2.079207
1.963567
1.825087
1.660456
1.467212
3.750873
3.753636
3.751747
3.749059
3.747073
0
0
0
0
0
2.179215
2.082809
1.967829
1.830023
1.666191
3.752257
3.755281
3.753274
3.750456
3.748653
0
0
0
0
0
2.263753
2.18315
2.087581
1.973523
1.836649
3.753367
3.756489
3.75437
3.751684
3.750142
0
0
0
0
0
2.334736
2.266737
2.18689
2.092113
1.978913
3.753979
3.757222
3.755253
3.752714
3.750941
0
0
0
0
0
2.395162
2.3365
2.269084
2.189795
2.09562
3.754166
3.757791
3.755981
3.753089
3.751112
0
0
0
0
0
2.448098
2.395978
2.337663
2.270599
2.19164
3.754288
3.758246
3.756097
3.75299
3.751855
0
0
0
0
0
2.497225
2.448275
2.396352
2.338166
2.271214
3.737978
3.740391
3.737746
3.735025
3.738582
3.741764
3.739406
3.736312
3.734595
3.740391
3.743065
3.740637
3.737704
3.735691
0
3.742119
3.744204
3.741726
3.738709
3.736804
0
0
3.743258
3.744998
3.742571
3.739531
3.737474
0
0
0
3.743954
3.74543
3.743116
3.740154
3.738041
0
0
0
0
3.744182
3.745689
3.743426
3.740541
3.738384
0
0
0
0
0
3.744325
3.745954
3.743796
3.74097
3.738821
0
0
0
0
0
1.248597
3.744579
3.746451
3.744322
3.741602
3.739493
0
0
0
0
0
1.460897
1.242765
3.745064
3.747193
3.745113
3.742423
3.740409
0
0
0
0
0
1.653933
1.459163
1.239658
3.745874
3.748194
3.746162
3.743512
3.74152
0
0
0
0
0
1.819162
1.653705
1.458667
1.238843
3.746981
3.749452
3.747468
3.744851
3.742889
0
0
0
0
0
1.959109
1.819902
1.654405
1.459447
1.240335
3.748409
3.750953
3.749016
3.746424
3.744478
0
0
0
0
0
2.076831
1.960642
1.821585
1.656266
1.461771
3.750032
3.752649
3.750771
3.748179
3.746241
0
0
0
0
0
2.176241
2.079083
1.963277
1.824598
1.659725
3.751642
3.754434
3.752573
3.749915
3.747965
0
0
0
0
0
2.260609
2.179118
2.082576
1.967423
1.829404
3.752976
3.756033
3.754052
3.751261
3.74949
0
0
0
0
0
2.332472
2.263684
2.182973
2.087261
1.973018
3.754027
3.757194
3.755106
3.752444
3.750931
0
0
0
0
0
2.393948
2.334691
2.266608
2.186643
2.091709
3.754568
3.75787
3.755949
3.753436
3.751684
0
0
0
0
0
2.447753
2.39514
2.336413
2.268898
2.189478
3.754714
3.758387
3.75662
3.753775
3.751823
0
0
0
0
0
2.497379
2.4481
2.39593
2.337535
2.270356
3.754771
3.758789
3.756686
3.753631
3.752541
0
0
0
0
0
2.547734
2.497258
2.448271
2.396276
2.337993
3.738139
3.74174
3.739159
3.735619
3.734098
3.740043
3.742991
3.74077
3.737622
3.73528
0
3.742178
3.744289
3.741866
3.739058
3.737062
0
0
3.743748
3.745546
3.742925
3.739922
3.738151
0
0
0
3.744676
3.746339
3.743885
3.740701
3.738672
0
0
0
0
3.745106
3.746706
3.744431
3.741426
3.739186
0
0
0
0
0
3.745172
3.74684
3.744686
3.741817
3.739617
0
0
0
0
0
1.258075
3.745177
3.747068
3.744941
3.742204
3.740065
0
0
0
0
0
1.46408
1.248267
3.745362
3.747505
3.745428
3.742731
3.740705
0
0
0
0
0
1.655049
1.460624
1.24217
3.745874
3.748194
3.746162
3.743512
3.74152
0
0
0
0
0
1.819162
1.653705
1.458667
1.238843
3.74674
3.74911
3.747156
3.744545
3.742593
0
0
0
0
0
1.958342
1.818973
1.653289
1.457986
1.237826
3.747841
3.750353
3.748407
3.745828
3.743904
0
0
0
0
0
2.075469
1.958953
1.819552
1.653827
1.458591
3.74923
3.751805
3.749905
3.747342
3.745436
0
0
0
0
0
2.174357
2.076705
1.96035
1.821095
1.655536
3.750808
3.753471
3.751611
3.749046
3.747141
0
0
0
0
0
2.258305
2.176143
2.078847
1.962866
1.823975
3.752379
3.755199
3.753366
3.750733
3.74881
0
0
0
0
0
2.330158
2.260536
2.178934
2.082244
1.966901
3.753639
3.756751
3.7548
3.752033
3.75029
0
0
0
0
0
2.392455
2.332424
2.263548
2.182717
2.086846
3.754636
3.757849
3.755809
3.753177
3.751686
0
0
0
0
0
2.447258
2.393924
2.334599
2.266417
2.186318
3.755118
3.758475
3.756598
3.754129
3.7524
0
0
0
0
0
2.497689
2.447754
2.39509
2.336281
2.268652
3.755195
3.758927
3.757224
3.754414
3.752509
0
0
0
0
0
2.548346
2.497411
2.448095
2.395852
2.337359
3.755209
3.759276
3.757231
3.754227
3.753185
0
0
0
0
0
2.605384
2.547806
2.497308
2.448253
2.396166
3.7396
3.742955
3.740426
3.736795
3.734544
0
3.741848
3.744225
3.741987
3.738881
3.736438
0
0
3.743826
3.745633
3.743078
3.740255
3.738316
0
0
0
3.745191
3.746892
3.744248
3.741104
3.739336
0
0
0
0
3.745829
3.747624
3.745205
3.741989
3.739827
0
0
0
0
0
3.746091
3.747856
3.745696
3.742717
3.740437
0
0
0
0
0
1.272715
3.746038
3.747957
3.74583
3.743056
3.740872
0
0
0
0
0
1.469521
1.257746
3.745947
3.748118
3.746048
3.743332
3.74128
0
0
0
0
0
1.657489
1.463807
1.247671
3.746137
3.748505
3.746475
3.74382
3.741816
0
0
0
0
0
1.820091
1.654821
1.460129
1.241354
3.74674
3.74911
3.747156
3.744545
3.742593
0
0
0
0
0
1.958342
1.818973
1.653289
1.457986
1.237826
3.747602
3.749995
3.748096
3.745524
3.743609
0
0
0
0
0
2.074851
1.958185
1.818623
1.652711
1.45713
3.748669
3.751212
3.749301
3.746751
3.744866
0
0
0
0
0
2.173285
2.075343
1.958661
1.819062
1.653097
3.750017
3.752627
3.750752
3.748217
3.746339
0
0
0
0
0
2.256866
2.174258
2.076468
1.959939
1.820472
3.751548
3.754251
3.752418
3.749876
3.747996
0
0
0
0
0
2.328493
2.25823
2.175955
2.078511
1.962339
3.753067
3.755923
3.754128
3.751519
3.749619
0
0
0
0
0
2.390957
2.330106
2.260393
2.178667
2.081814
3.754262
3.757425
3.755515
3.752776
3.751058
0
0
0
0
0
2.446663
2.392428
2.332326
2.263348
2.182382
3.755181
3.758457
3.756468
3.753879
3.752415
0
0
0
0
0
2.498162
2.447257
2.39387
2.33446
2.266163
3.755608
3.759022
3.757207
3.754778
3.753089
0
0
0
0
0
2.549567
2.497719
2.447746
2.395009
2.3361
3.755646
3.759424
3.75777
3.755021
3.753153
0
0
0
0
0
2.606742
2.548418
2.49746
2.448075
2.39574
3.755582
3.759729
3.757732
3.754777
3.753791
0
0
0
0
0
2.694755
2.605527
2.547932
2.497367
2.448217
3.741439
3.744181
3.741604
3.738023
3.736043
0
0
3.743508
3.745581
3.743194
3.740038
3.737651
0
0
0
3.745255
3.746984
3.744408
3.741437
3.739456
0
0
0
0
3.746344
3.748185
3.745579
3.74241
3.740494
0
0
0
0
0
3.746802
3.748774
3.746474
3.743292
3.741101
0
0
0
0
0
1.292127
3.746949
3.748973
3.746838
3.743962
3.74171
0
0
0
0
0
1.477865
1.27239
3.746785
3.749004
3.74694
3.744182
3.742094
0
0
0
0
0
1.661678
1.469249
1.25715
3.746717
3.749114
3.747093
3.744422
3.742391
0
0
0
0
0
1.822124
1.657261
1.463311
1.246853
3.746981
3.749452
3.747468
3.744851
3.742889
0
0
0
0
0
1.959109
1.819902
1.654405
1.459447
1.240335
3.747602
3.749995
3.748096
3.745524
3.743609
0
0
0
0
0
2.074851
1.958185
1.818623
1.652711
1.45713
3.748426
3.750857
3.748992
3.746449
3.744572
0
0
0
0
0
2.172802
2.074725
1.957893
1.818134
1.651981
3.749463
3.752041
3.750154
3.747631
3.745773
0
0
0
0
0
2.25606
2.173186
2.075105
1.958249
1.81844
3.750777
3.753419
3.75157
3.749056
3.747201
0
0
0
0
0
2.327481
2.25679
2.174069
2.076131
1.959411
3.752253
3.755001
3.753195
3.750674
3.748816
0
0
0
0
0
2.389923
2.32844
2.258084
2.175683
2.078075
3.753694
3.756613
3.75486
3.752275
3.750398
0
0
0
0
0
2.446101
2.390927
2.330003
2.260184
2.178318
3.754821
3.758053
3.756189
3.753489
3.751798
0
0
0
0
0
2.498852
2.446659
2.392369
2.332179
2.263084
3.755692
3.759025
3.757086
3.754539
3.753114
0
0
0
0
0
2.551366
2.49819
2.447245
2.393783
2.334271
3.756063
3.759525
3.757759
3.755389
3.753737
0
0
0
0
0
2.609456
2.549637
2.497766
2.447723
2.394892
3.756034
3.759878
3.758276
3.755574
3.753759
0
0
0
0
0
2.696886
2.606886
2.548542
2.497517
2.448037
3.755897
3.760137
3.758197
3.755292
3.754353
0
0
0
0
0
3.007649
2.695049
2.605791
2.548097
2.497429
3.743123
3.745534
3.742788
3.739159
3.737445
0
0
0
3.74494
3.746939
3.744526
3.741202
3.738789
0
0
0
0
3.746433
3.74828
3.745749
3.742742
3.7406
0
0
0
0
0
3.747305
3.749332
3.746858
3.743728
3.741778
0
0
0
0
0
1.310764
3.747652
3.749884
3.747611
3.744544
3.742391
0
0
0
0
0
1.488882
1.291816
3.747686
3.750015
3.747948
3.745085
3.742938
0
0
0
0
0
1.668129
1.477594
1.271801
3.747559
3.749991
3.747981
3.745276
3.743204
0
0
0
0
0
1.825625
1.661451
1.468753
1.256331
3.747556
3.750057
3.748082
3.745451
3.743465
0
0
0
0
0
1.960798
1.821934
1.656845
1.462628
1.245832
3.747841
3.750353
3.748407
3.745828
3.743904
0
0
0
0
0
2.075469
1.958953
1.819552
1.653827
1.458591
3.748426
3.750857
3.748992
3.746449
3.744572
0
0
0
0
0
2.172802
2.074725
1.957893
1.818134
1.651981
3.749223
3.751699
3.749849
3.747332
3.745481
0
0
0
0
0
2.255701
2.172703
2.074487
1.957481
1.817511
3.750232
3.75284
3.750979
3.748475
3.74664
0
0
0
0
0
2.326928
2.255984
2.172996
2.074767
1.957721
3.751486
3.754177
3.752359
3.749866
3.748031
0
0
0
0
0
2.38933
2.327427
2.256643
2.173796
2.075694
3.752908
3.755706
3.753943
3.751446
3.749607
0
0
0
0
0
2.445782
2.389891
2.328333
2.257871
2.175329
3.75427
3.75726
3.75555
3.753005
3.75115
0
0
0
0
0
2.499525
2.446094
2.390862
2.329847
2.259907
3.755344
3.758625
3.75682
3.754164
3.752511
0
0
0
0
0
2.553638
2.498875
2.446642
2.392274
2.331981
3.756142
3.759535
3.75765
3.755161
3.753776
0
0
0
0
0
2.613469
2.551435
2.498233
2.447216
2.393659
3.75646
3.759984
3.758272
3.755952
3.754353
0
0
0
0
0
2.701177
2.609601
2.549761
2.497819
2.44768
3.756336
3.760281
3.758744
3.75609
3.754324
0
0
0
0
0
3.007549
2.697182
2.60715
2.548707
2.497577
3.756139
3.760464
3.758616
3.755777
3.754887
0
0
0
0
0
3.255147
3.007639
2.695615
2.606156
2.548296
3.744562
3.746888
3.744107
3.740333
3.738688
0
0
0
0
3.746122
3.748232
3.745864
3.742497
3.739945
0
0
0
0
0
3.747382
3.749433
3.747037
3.744061
3.741874
0
0
0
0
0
1.325662
3.748117
3.750427
3.747996
3.744998
3.743076
0
0
0
0
0
1.499509
1.310462
3.748372
3.750919
3.748709
3.745667
3.743634
0
0
0
0
0
1.676677
1.488619
1.291253
3.74843
3.750995
3.748983
3.746176
3.744048
0
0
0
0
0
1.831041
1.667904
1.477103
1.270993
3.748394
3.750918
3.748961
3.746301
3.744282
0
0
0
0
0
1.963723
1.825436
1.661035
1.46807
1.255309
3.748409
3.750953
3.749016
3.746424
3.744478
0
0
0
0
0
2.076831
1.960642
1.821585
1.656266
1.461771
3.748669
3.751212
3.749301
3.746751
3.744866
0
0
0
0
0
2.173285
2.075343
1.958661
1.819062
1.653097
3.749223
3.751699
3.749849
3.747332
3.745481
0
0
0
0
0
2.255701
2.172703
2.074487
1.957481
1.817511
3.749993
3.7525
3.750677
3.748178
3.746351
0
0
0
0
0
2.326688
2.255624
2.172512
2.074148
1.956953
3.750948
3.753605
3.751775
3.749293
3.747475
0
0
0
0
0
2.389027
2.326873
2.255835
2.172722
2.074329
3.752152
3.754897
3.753116
3.750649
3.748833
0
0
0
0
0
2.44566
2.389296
2.327318
2.256428
2.173439
3.753505
3.75636
3.754649
3.752191
3.750372
0
0
0
0
0
2.500112
2.445773
2.389823
2.328173
2.257588
3.754795
3.757855
3.7562
3.753695
3.751877
0
0
0
0
0
2.556066
2.499546
2.446071
2.390759
2.329636
3.755817
3.759147
3.757398
3.754799
3.753188
0
0
0
0
0
2.618539
2.553706
2.498909
2.446606
2.392141
3.756546
3.760003
3.758169
3.755735
3.754404
0
0
0
0
0
2.707593
2.613614
2.551556
2.498281
2.447166
3.756763
3.760393
3.758745
3.756478
3.754924
0
0
0
0
0
3.007341
2.701476
2.609866
2.549922
2.497874
3.756582
3.760611
3.759166
3.756578
3.754864
0
0
0
0
0
3.254356
3.007539
2.697751
2.607516
2.548904
3.756314
3.760715
3.758967
3.756221
3.755396
0
0
0
0
0
3.487324
3.255134
3.007613
2.696428
2.606617
3.745751
3.748171
3.745434
3.741647
3.739878
0
0
0
0
0
3.74706
3.749397
3.747141
3.743807
3.741237
0
0
0
0
0
1.3358
3.748166
3.750521
3.748184
3.745328
3.743166
0
0
0
0
0
1.508062
1.325366
3.74885
3.751455
3.749084
3.746127
3.744328
0
0
0
0
0
1.684912
1.499252
1.309917
3.749109
3.751895
3.749734
3.746751
3.744747
0
0
0
0
0
1.838238
1.676458
1.488141
1.290482
3.749247
3.751926
3.749957
3.747195
3.745125
0
0
0
0
0
1.96827
1.830854
1.667491
1.476424
1.269983
3.74923
3.751798
3.749891
3.747265
3.745292
0
0
0
0
0
2.079207
1.963567
1.825087
1.660456
1.467212
3.74923
3.751805
3.749905
3.747342
3.745436
0
0
0
0
0
2.174357
2.076705
1.96035
1.821095
1.655536
3.749463
3.752041
3.750154
3.747631
3.745773
0
0
0
0
0
2.25606
2.173186
2.075105
1.958249
1.81844
3.749993
3.7525
3.750677
3.748178
3.746351
0
0
0
0
0
2.326688
2.255624
2.172512
2.074148
1.956953
3.750711
3.753272
3.751477
3.748999
3.747188
0
0
0
0
0
2.388902
2.326632
2.255476
2.172238
2.07371
3.751623
3.754334
3.752539
3.750083
3.748284
0
0
0
0
0
2.445637
2.388992
2.326764
2.255619
2.172364
3.752756
3.755567
3.753837
3.751403
3.749611
0
0
0
0
0
2.500508
2.44565
2.389226
2.327156
2.256142
3.754048
3.756959
3.755308
3.752897
3.751114
0
0
0
0
0
2.558026
2.500131
2.445747
2.389715
2.327957
3.755281
3.758393
3.756793
3.754349
3.752569
0
0
0
0
0
2.62391
2.556134
2.499576
2.446028
2.390616
3.756218
3.759625
3.757931
3.755388
3.75383
0
0
0
0
0
2.715799
2.618687
2.553825
2.498945
2.446546
3.756869
3.760421
3.758652
3.75627
3.754989
0
0
0
0
0
3.007036
2.707897
2.613883
2.551715
2.498328
3.757003
3.760727
3.759173
3.756973
3.755468
0
0
0
0
0
3.252789
3.00733
2.702052
2.610235
2.550117
3.756757
3.760863
3.75952
3.757028
3.755377
0
0
0
0
0
3.486364
3.254343
3.007512
2.69857
2.607979
3.75638
3.760899
3.759245
3.756607
3.75588
0
0
0
0
0
3.707968
3.487309
3.255095
3.007568
2.697492
3.746682
3.749337
3.746695
3.742973
3.741199
0
0
0
0
0
1.340894
3.747841
3.750483
3.748294
3.745061
3.742546
0
0
0
0
0
1.513918
1.335506
3.748889
3.751546
3.749269
3.746458
3.744411
0
0
0
0
0
1.691525
1.507808
1.324829
3.749572
3.752418
3.750105
3.747205
3.745441
0
0
0
0
0
1.845177
1.684697
1.498783
1.30917
3.749911
3.752813
3.7507
3.747764
3.745823
0
0
0
0
0
1.974344
1.838056
1.676056
1.487483
1.28952
3.750077
3.752804
3.750878
3.748152
3.746131
0
0
0
0
0
2.082932
1.968117
1.830508
1.666917
1.475573
3.750032
3.752649
3.750771
3.748179
3.746241
0
0
0
0
0
2.176241
2.079083
1.963277
1.824598
1.659725
3.750017
3.752627
3.750752
3.748217
3.746339
0
0
0
0
0
2.256866
2.174258
2.076468
1.959939
1.820472
3.750232
3.75284
3.750979
3.748475
3.74664
0
0
0
0
0
2.326928
2.255984
2.172996
2.074767
1.957721
3.750711
3.753272
3.751477
3.748999
3.747188
0
0
0
0
0
2.388902
2.326632
2.255476
2.172238
2.07371
3.751379
3.754008
3.752245
3.749793
3.748001
0
0
0
0
0
2.445642
2.388867
2.326522
2.255259
2.17188
3.752234
3.755012
3.75327
3.750844
3.749069
0
0
0
0
0
2.500774
2.445626
2.388921
2.3266
2.255332
3.753316
3.756182
3.754512
3.752125
3.750362
0
0
0
0
0
2.5594
2.500527
2.445622
2.389116
2.326937
3.754532
3.757517
3.755923
3.753567
3.751822
0
0
0
0
0
2.628087
2.558092
2.500159
2.445699
2.389565
3.755704
3.758883
3.757343
3.754953
3.753229
0
0
0
0
0
2.724544
2.624062
2.556253
2.499605
2.445959
3.756546
3.760054
3.758425
3.755937
3.754431
0
0
0
0
0
3.006683
2.716112
2.61896
2.553981
2.498976
3.757097
3.760758
3.75909
3.756776
3.755543
0
0
0
0
0
3.250526
3.007025
2.708485
2.614255
2.551905
3.757176
3.760982
3.75953
3.757431
3.755988
0
0
0
0
0
3.48446
3.252774
3.007302
2.702881
2.6107
3.756819
3.761046
3.759799
3.757419
3.755863
0
0
0
0
0
3.706984
3.486349
3.254304
3.007467
2.69964
3.756407
3.760994
3.759454
3.756925
3.756314
0
0
0
0
0
3.915974
3.707952
3.487266
3.255032
3.007505
3.747451
3.750416
3.747846
3.744234
3.742528
0
0
0
0
0
1.516869
1.340601
3.748552
3.751503
3.74937
3.746192
3.7438
0
0
0
0
0
1.696041
1.513665
1.334975
3.749591
3.752497
3.750292
3.747527
3.745521
0
0
0
0
0
1.85075
1.691313
1.507345
1.324095
3.750362
3.753323
3.751062
3.748216
3.746506
0
0
0
0
0
1.980209
1.845
1.684303
1.498138
1.308239
3.750729
3.753678
3.751606
3.748716
3.746826
0
0
0
0
0
2.087924
1.974195
1.83772
1.675498
1.486657
3.750873
3.753636
3.751747
3.749059
3.747073
0
0
0
0
0
2.179215
2.082809
1.967829
1.830023
1.666191
3.750808
3.753471
3.751611
3.749046
3.747141
0
0
0
0
0
2.258305
2.176143
2.078847
1.962866
1.823975
3.750777
3.753419
3.75157
3.749056
3.747201
0
0
0
0
0
2.327481
2.25679
2.174069
2.076131
1.959411
3.750948
3.753605
3.751775
3.749293
3.747475
0
0
0
0
0
2.389027
2.326873
2.255835
2.172722
2.074329
3.751379
3.754008
3.752245
3.749793
3.748001
0
0
0
0
0
2.445642
2.388867
2.326522
2.255259
2.17188
3.751989
3.7547
3.75298
3.750558
3.748789
0
0
0
0
0
2.500925
2.44563
2.388795
2.326358
2.254972
3.752802
3.755635
3.753952
3.751576
3.749828
0
0
0
0
0
2.560256
2.500793
2.445596
2.388809
2.326379
3.753808
3.756741
3.755136
3.752806
3.751085
0
0
0
0
0
2.630895
2.559465
2.500555
2.44557
2.388963
3.754965
3.75802
3.756485
3.754189
3.752499
0
0
0
0
0
2.73122
2.62824
2.558209
2.500184
2.445623
3.756028
3.759322
3.75785
3.755521
3.753847
0
0
0
0
0
3.006391
2.724869
2.624343
2.556407
2.499628
3.756795
3.760396
3.758875
3.756455
3.755001
0
0
0
0
0
3.247778
3.00667
2.716717
2.619339
2.554167
3.757271
3.761019
3.759452
3.757244
3.756077
0
0
0
0
0
3.481712
3.25051
3.006995
2.709331
2.614725
3.757267
3.761168
3.759812
3.757827
3.756483
0
0
0
0
0
3.705032
3.484444
3.252735
3.007256
2.703965
3.756845
3.761138
3.760008
3.757741
3.756301
0
0
0
0
0
3.915022
3.706967
3.486305
3.25424
3.007404
3.756382
3.761023
3.759575
3.757174
3.75669
0
0
0
0
0
4.110321
3.915958
3.707907
3.487194
3.254943
3.748152
3.751425
3.748913
3.745385
3.74379
0
0
0
0
0
1.698312
1.516617
1.340072
3.749244
3.752449
3.750381
3.74725
3.744933
0
0
0
0
0
1.854554
1.69583
1.513204
1.334248
3.750364
3.753398
3.75124
3.748534
3.746572
0
0
0
0
0
1.98492
1.850575
1.690923
1.506707
1.32318
3.751167
3.754176
3.751959
3.749163
3.747505
0
0
0
0
0
2.092757
1.980063
1.84467
1.683756
1.497329
3.751511
3.754497
3.752462
3.749611
3.747768
0
0
0
0
0
2.183243
2.087805
1.973917
1.837249
1.674793
3.751642
3.754434
3.752573
3.749915
3.747965
0
0
0
0
0
2.260609
2.179118
2.082576
1.967423
1.829404
3.751548
3.754251
3.752418
3.749876
3.747996
0
0
0
0
0
2.328493
2.25823
2.175955
2.078511
1.962339
3.751486
3.754177
3.752359
3.749866
3.748031
0
0
0
0
0
2.38933
2.327427
2.256643
2.173796
2.075694
3.751623
3.754334
3.752539
3.750083
3.748284
0
0
0
0
0
2.445637
2.388992
2.326764
2.255619
2.172364
3.751989
3.7547
3.75298
3.750558
3.748789
0
0
0
0
0
2.500925
2.44563
2.388795
2.326358
2.254972
3.752536
3.755335
3.753667
3.751294
3.749552
0
0
0
0
0
2.560666
2.500944
2.4456
2.388683
2.326136
3.7533
3.756201
3.754585
3.752265
3.750562
0
0
0
0
0
2.632584
2.560321
2.500821
2.445543
2.388654
3.754248
3.757254
3.755708
3.753443
3.751774
0
0
0
0
0
2.735597
2.631048
2.55958
2.500581
2.445491
3.755307
3.758467
3.757007
3.754772
3.753135
0
0
0
0
0
3.006322
2.731551
2.628524
2.558361
2.500201
3.756283
3.759671
3.758311
3.756055
3.754437
0
0
0
0
0
3.245042
3.006377
2.725497
2.624733
2.556592
3.756964
3.760661
3.759243
3.756938
3.75555
0
0
0
0
0
3.478373
3.24776
3.006639
2.717589
2.619818
3.757363
3.76121
3.75974
3.757646
3.756585
0
0
0
0
0
3.702219
3.481694
3.250469
3.006948
2.710438
3.757276
3.761262
3.760023
3.758153
3.756928
0
0
0
0
0
3.91314
3.705015
3.484399
3.25267
3.007192
3.75683
3.761166
3.760127
3.757994
3.75668
0
0
0
0
0
4.109432
3.915005
3.706922
3.486232
3.254151
3.756309
3.761015
3.759627
3.757332
3.756999
0
0
0
0
0
4.29047
4.110306
3.915913
3.707833
3.487094
3.748834
3.752363
3.749912
3.746452
3.744941
0
0
0
0
0
1.856467
1.698102
1.516158
1.339348
3.750008
3.753349
3.751318
3.748244
3.745991
0
0
0
0
0
1.98814
1.85438
1.695442
1.51257
1.33334
3.751157
3.754243
3.752135
3.749468
3.747562
0
0
0
0
0
2.096649
1.984777
1.850249
1.690381
1.505907
3.751937
3.754982
3.752805
3.75005
3.74844
0
0
0
0
0
2.187151
2.092642
1.979791
1.844209
1.683064
3.752257
3.755281
3.753274
3.750456
3.748653
0
0
0
0
0
2.263753
2.18315
2.087581
1.973523
1.836649
3.752379
3.755199
3.753366
3.750733
3.74881
0
0
0
0
0
2.330158
2.260536
2.178934
2.082244
1.966901
3.752253
3.755001
3.753195
3.750674
3.748816
0
0
0
0
0
2.389923
2.32844
2.258084
2.175683
2.078075
3.752152
3.754897
3.753116
3.750649
3.748833
0
0
0
0
0
2.44566
2.389296
2.327318
2.256428
2.173439
3.752234
3.755012
3.75327
3.750844
3.749069
0
0
0
0
0
2.500774
2.445626
2.388921
2.3266
2.255332
3.752536
3.755335
3.753667
3.751294
3.749552
0
0
0
0
0
2.560666
2.500944
2.4456
2.388683
2.326136
3.75304
3.755925
3.754304
3.751988
3.750291
0
0
0
0
0
2.633374
2.56073
2.500971
2.445546
2.388526
3.753743
3.756719
3.755165
3.752912
3.75126
0
0
0
0
0
2.738169
2.632737
2.560435
2.500848
2.445461
3.754595
3.757707
3.756241
3.754037
3.752427
0
0
0
0
0
3.006403
2.735931
2.631333
2.55973
2.500599
3.755555
3.758821
3.757478
3.755323
3.753743
0
0
0
0
0
3.243126
3.006308
2.73219
2.628917
2.558543
3.756469
3.759942
3.758688
3.756552
3.755005
0
0
0
0
0
3.47504
3.245023
3.006345
2.726402
2.625227
3.757055
3.760857
3.759536
3.757348
3.756075
0
0
0
0
0
3.698805
3.478352
3.247716
3.006589
2.71873
3.757379
3.761305
3.759956
3.757978
3.757038
0
0
0
0
0
3.910434
3.702199
3.481647
3.250402
3.006882
3.757262
3.761294
3.76014
3.758408
3.757313
0
0
0
0
0
4.107674
3.913122
3.704968
3.484325
3.252579
3.756761
3.761156
3.760179
3.758154
3.756989
0
0
0
0
0
4.289654
4.109416
3.91496
3.706847
3.486132
3.756231
3.760984
3.759642
3.757418
3.757212
0
0
0
0
0
4.456335
4.290455
4.110262
3.91584
3.707729
3.749591
3.753258
3.750841
3.747449
3.746007
0
0
0
0
0
1.98976
1.856294
1.697715
1.515526
1.338444
3.750796
3.754189
3.752209
3.749166
3.746984
0
0
0
0
0
2.099309
1.987999
1.854057
1.694904
1.511774
3.751925
3.75504
3.752976
3.75035
3.748481
0
0
0
0
0
2.190291
2.096537
1.984509
1.849794
1.689697
3.75267
3.755751
3.753605
3.750888
3.749314
0
0
0
0
0
2.266803
2.187062
2.092424
1.979407
1.843621
3.752976
3.756033
3.754052
3.751261
3.74949
0
0
0
0
0
2.332472
2.263684
2.182973
2.087261
1.973018
3.753067
3.755923
3.754128
3.751519
3.749619
0
0
0
0
0
2.390957
2.330106
2.260393
2.178667
2.081814
3.752908
3.755706
3.753943
3.751446
3.749607
0
0
0
0
0
2.445782
2.389891
2.328333
2.257871
2.175329
3.752756
3.755567
3.753837
3.751403
3.749611
0
0
0
0
0
2.500508
2.44565
2.389226
2.327156
2.256142
3.752802
3.755635
3.753952
3.751576
3.749828
0
0
0
0
0
2.560256
2.500793
2.445596
2.388809
2.326379
3.75304
3.755925
3.754304
3.751988
3.750291
0
0
0
0
0
2.633374
2.56073
2.500971
2.445546
2.388526
3.753482
3.756444
3.754887
3.75264
3.750994
0
0
0
0
0
2.739353
2.633527
2.560843
2.500997
2.445463
3.754092
3.757176
3.755703
3.753515
3.751924
0
0
0
0
0
3.00652
2.738503
2.633021
2.560582
2.500867
3.754849
3.758064
3.756718
3.754601
3.753049
0
0
0
0
0
3.242003
3.006388
2.736576
2.631727
2.559908
3.755748
3.759099
3.757859
3.755831
3.75433
0
0
0
0
0
3.472694
3.243106
3.006275
2.733113
2.629416
3.756569
3.760144
3.758987
3.756972
3.755548
0
0
0
0
0
3.695414
3.475018
3.244975
3.006294
2.727588
3.757086
3.760955
3.759758
3.757686
3.75654
0
0
0
0
0
3.907163
3.698783
3.478302
3.247646
3.006522
3.757361
3.761338
3.760076
3.758236
3.757431
0
0
0
0
0
4.10515
3.910414
3.70215
3.481571
3.250309
3.757217
3.761286
3.760194
3.758568
3.757627
0
0
0
0
0
4.288042
4.107656
3.913075
3.704891
3.484223
3.756682
3.761123
3.760191
3.758244
3.757204
0
0
0
0
0
4.455594
4.289638
4.109372
3.914885
3.706742
3.756124
3.760922
3.759632
3.757468
3.757351
0
0
0
0
0
4.60804
4.456319
4.290413
4.110191
3.915736
3.750376
3.754091
3.751725
3.748377
3.747002
0
0
0
0
0
2.100643
1.989619
1.855972
1.697179
1.514732
3.751547
3.754982
3.753041
3.750041
3.747905
0
0
0
0
0
2.192442
2.099198
1.987733
1.853604
1.694223
3.752647
3.755798
3.753771
3.751179
3.749347
0
0
0
0
0
2.269273
2.190204
2.096322
1.98413
1.849213
3.753367
3.756489
3.75437
3.751684
3.750142
0
0
0
0
0
2.334736
2.266737
2.18689
2.092113
1.978913
3.753639
3.756751
3.7548
3.752033
3.75029
0
0
0
0
0
2.392455
2.332424
2.263548
2.182717
2.086846
3.753694
3.756613
3.75486
3.752275
3.750398
0
0
0
0
0
2.446101
2.390927
2.330003
2.260184
2.178318
3.753505
3.75636
3.754649
3.752191
3.750372
0
0
0
0
0
2.500112
2.445773
2.389823
2.328173
2.257588
3.753316
3.756182
3.754512
3.752125
3.750362
0
0
0
0
0
2.5594
2.500527
2.445622
2.389116
2.326937
3.7533
3.756201
3.754585
3.752265
3.750562
0
0
0
0
0
2.632584
2.560321
2.500821
2.445543
2.388654
3.753482
3.756444
3.754887
3.75264
3.750994
0
0
0
0
0
2.739353
2.633527
2.560843
2.500997
2.445463
3.753835
3.756904
3.755428
3.753246
3.751663
0
0
0
0
0
3.006597
2.739688
2.633811
2.56099
2.501016
3.754361
3.757536
3.756186
3.754086
3.752555
0
0
0
0
0
3.241414
3.006505
2.739151
2.633416
2.560758
3.755046
3.758346
3.757103
3.755119
3.753652
0
0
0
0
0
3.471303
3.241982
3.006355
2.737506
2.632226
3.755855
3.759306
3.758164
3.756258
3.754888
0
0
0
0
0
3.693043
3.472671
3.243059
3.006224
2.734322
3.756591
3.760246
3.759214
3.757316
3.756026
0
0
0
0
0
3.90393
3.69539
3.474964
3.244901
3.006225
3.757078
3.760991
3.759882
3.75795
3.75694
0
0
0
0
0
4.102115
3.90714
3.698731
3.478221
3.247549
3.757317
3.761333
3.760132
3.758397
3.757749
0
0
0
0
0
4.285739
4.10513
3.910364
3.70207
3.481465
3.75712
3.761254
3.760205
3.75866
3.757844
0
0
0
0
0
4.454134
4.288025
4.10761
3.912999
3.704785
3.756578
3.761061
3.760178
3.758292
3.757343
0
0
0
0
0
4.607375
4.455578
4.289595
4.109299
3.914781
3.755969
3.760836
3.759588
3.757489
3.757436
0
0
0
0
0
4.745935
4.608025
4.456279
4.290345
4.110091
3.751123
3.754877
3.752548
3.749257
3.747927
0
0
0
0
0
2.193525
2.100533
1.989354
1.85552
1.6965
3.752266
3.755736
3.753827
3.75086
3.748777
0
0
0
0
0
2.270966
2.192358
2.098986
1.987356
1.853026
3.753331
3.756526
3.754526
3.751965
3.750165
0
0
0
0
0
2.336542
2.269209
2.190037
2.096016
1.983643
3.754027
3.757194
3.755106
3.752444
3.750931
0
0
0
0
0
2.393948
2.334691
2.266608
2.186643
2.091709
3.754262
3.757425
3.755515
3.752776
3.751058
0
0
0
0
0
2.446663
2.392428
2.332326
2.263348
2.182382
3.75427
3.75726
3.75555
3.753005
3.75115
0
0
0
0
0
2.499525
2.446094
2.390862
2.329847
2.259907
3.754048
3.756959
3.755308
3.752897
3.751114
0
0
0
0
0
2.558026
2.500131
2.445747
2.389715
2.327957
3.753808
3.756741
3.755136
3.752806
3.751085
0
0
0
0
0
2.630895
2.559465
2.500555
2.44557
2.388963
3.753743
3.756718
3.755165
3.752912
3.75126
0
0
0
0
0
2.738169
2.632737
2.560435
2.500848
2.445461
3.753835
3.756904
3.755428
3.753246
3.751663
0
0
0
0
0
3.006597
2.739688
2.633811
2.56099
2.501016
3.754105
3.757267
3.755913
3.75382
3.752299
0
0
0
0
0
3.241165
3.006581
2.740337
2.634205
2.561164
3.754551
3.75782
3.756573
3.754611
3.753168
0
0
0
0
0
3.470564
3.241393
3.006471
2.740086
2.633915
3.755158
3.758559
3.757412
3.75555
3.754223
0
0
0
0
0
3.69165
3.471279
3.241935
3.006303
2.738725
3.755887
3.759413
3.758395
3.756609
3.755377
0
0
0
0
0
3.901702
3.693019
3.472617
3.242984
3.006154
3.756587
3.760288
3.759341
3.757585
3.756433
0
0
0
0
0
4.099146
3.903905
3.695333
3.474878
3.244799
3.757021
3.760987
3.759941
3.758115
3.757263
0
0
0
0
0
4.282989
4.102092
3.907087
3.698646
3.478111
3.757241
3.761304
3.760147
3.75849
3.757967
0
0
0
0
0
4.452057
4.285719
4.105081
3.910284
3.70196
3.757015
3.761194
3.760191
3.758707
3.757989
0
0
0
0
0
4.60607
4.454116
4.28798
4.107535
3.912893
3.756421
3.760973
3.760134
3.758311
3.757434
0
0
0
0
0
4.745343
4.607359
4.455537
4.289526
4.109198
3.755821
3.760718
3.759519
3.757469
3.757486
0
0
0
0
0
4.870479
4.74592
4.607987
4.456214
4.290249
3.751845
3.755627
3.753327
3.750079
3.748803
0
0
0
0
0
2.271818
2.193441
2.100322
1.988979
1.854945
3.752942
3.756456
3.754576
3.751637
3.749594
0
0
0
0
0
2.337788
2.270904
2.192193
2.098683
1.986872
3.753979
3.757222
3.755253
3.752714
3.750941
0
0
0
0
0
2.395162
2.3365
2.269084
2.189795
2.09562
3.754636
3.757849
3.755809
3.753177
3.751686
0
0
0
0
0
2.447258
2.393924
2.334599
2.266417
2.186318
3.754821
3.758053
3.756189
3.753489
3.751798
0
0
0
0
0
2.498852
2.446659
2.392369
2.332179
2.263084
3.754795
3.757855
3.7562
3.753695
3.751877
0
0
0
0
0
2.556066
2.499546
2.446071
2.390759
2.329636
3.754532
3.757517
3.755923
3.753567
3.751822
0
0
0
0
0
2.628087
2.558092
2.500159
2.445699
2.389565
3.754248
3.757254
3.755708
3.753443
3.751774
0
0
0
0
0
2.735597
2.631048
2.55958
2.500581
2.445491
3.754092
3.757176
3.755703
3.753515
3.751924
0
0
0
0
0
3.00652
2.738503
2.633021
2.560582
2.500867
3.754105
3.757267
3.755913
3.75382
3.752299
0
0
0
0
0
3.241165
3.006581
2.740337
2.634205
2.561164
3.754297
3.757551
3.756303
3.754349
3.752916
0
0
0
0
0
3.47025
3.241145
3.006548
2.741273
2.634704
3.754666
3.758037
3.756884
3.755045
3.753747
0
0
0
0
0
3.69092
3.470541
3.241346
3.006419
2.74131
3.755205
3.75867
3.757648
3.755905
3.754718
0
0
0
0
0
3.900422
3.691625
3.471225
3.24186
3.006233
3.755877
3.75946
3.758526
3.756883
3.755791
0
0
0
0
0
4.097137
3.901677
3.692961
3.47253
3.242881
3.756552
3.760289
3.759405
3.757754
3.756762
0
0
0
0
0
4.280328
4.099121
3.903848
3.695243
3.474761
3.756947
3.76096
3.75996
3.758212
3.757484
0
0
0
0
0
4.449604
4.282967
4.102039
3.907002
3.69853
3.757118
3.761245
3.760136
3.758539
3.758113
0
0
0
0
0
4.604227
4.452037
4.285672
4.105003
3.910175
3.75688
3.761109
3.760147
3.758724
3.758083
0
0
0
0
0
4.744186
4.606052
4.454074
4.287909
4.107432
3.756276
3.760854
3.760063
3.758295
3.757492
0
0
0
0
0
4.86996
4.745327
4.60732
4.45547
4.289429
3.755659
3.760584
3.759417
3.75742
3.757502
0
0
0
0
0
4.982221
4.870464
4.745883
4.607925
4.456123
3.752518
3.756339
3.754071
3.750858
3.749623
0
0
0
0
0
2.338415
2.271757
2.193277
2.100021
1.988497
3.753583
3.757147
3.755292
3.752379
3.75037
0
0
0
0
0
2.395998
2.337747
2.270781
2.191954
2.09829
3.754568
3.75787
3.755949
3.753436
3.751684
0
0
0
0
0
2.447753
2.39514
2.336413
2.268898
2.189478
3.755181
3.758457
3.756468
3.753879
3.752415
0
0
0
0
0
2.498162
2.447257
2.39387
2.33446
2.266163
3.755344
3.758625
3.75682
3.754164
3.752511
0
0
0
0
0
2.553638
2.498875
2.446642
2.392274
2.331981
3.755281
3.758393
3.756793
3.754349
3.752569
0
0
0
0
0
2.62391
2.556134
2.499576
2.446028
2.390616
3.754965
3.75802
3.756485
3.754189
3.752499
0
0
0
0
0
2.73122
2.62824
2.558209
2.500184
2.445623
3.754595
3.757707
3.756241
3.754037
3.752427
0
0
0
0
0
3.006403
2.735931
2.631333
2.55973
2.500599
3.754361
3.757536
3.756186
3.754086
3.752555
0
0
0
0
0
3.241414
3.006505
2.739151
2.633416
2.560758
3.754297
3.757551
3.756303
3.754349
3.752916
0
0
0
0
0
3.47025
3.241145
3.006548
2.741273
2.634704
3.754414
3.757771
3.756614
3.754785
3.7535
0
0
0
0
0
3.690613
3.470226
3.241097
3.006495
2.7425
3.754717
3.758151
3.757124
3.755401
3.754247
0
0
0
0
0
3.899768
3.690895
3.470486
3.241271
3.006349
3.755188
3.758719
3.757783
3.756183
3.755136
0
0
0
0
0
4.096014
3.900396
3.691567
3.471139
3.241759
3.755842
3.759461
3.758594
3.757055
3.756124
0
0
0
0
0
4.278575
4.097112
3.901618
3.69287
3.472413
3.756468
3.760266
3.759427
3.757856
3.756987
0
0
0
0
0
4.447269
4.280304
4.099064
3.903757
3.69512
3.756848
3.760903
3.759953
3.758264
3.757632
0
0
0
0
0
4.60207
4.449581
4.282915
4.101956
3.906886
3.756984
3.761162
3.760094
3.758558
3.758209
0
0
0
0
0
4.742569
4.604207
4.451992
4.285597
4.104896
3.756712
3.760992
3.760076
3.758709
3.758144
0
0
0
0
0
4.868949
4.744169
4.606011
4.454005
4.287809
3.756116
3.760719
3.759959
3.75825
3.75751
0
0
0
0
0
4.981771
4.869945
4.745289
4.607256
4.455378
3.755464
3.760429
3.759299
3.757337
3.757484
0
0
0
0
0
5.081776
4.982206
4.870428
4.745824
4.607838
3.753158
3.757024
3.754778
3.751601
3.750401
0
0
0
0
0
2.396418
2.338375
2.271635
2.19304
2.09963
3.754166
3.757791
3.755981
3.753089
3.751112
0
0
0
0
0
2.448098
2.395978
2.337663
2.270599
2.19164
3.755118
3.758475
3.756598
3.754129
3.7524
0
0
0
0
0
2.497689
2.447754
2.39509
2.336281
2.268652
3.755692
3.759025
3.757086
3.754539
3.753114
0
0
0
0
0
2.551366
2.49819
2.447245
2.393783
2.334271
3.755817
3.759147
3.757398
3.754799
3.753188
0
0
0
0
0
2.618539
2.553706
2.498909
2.446606
2.392141
3.755704
3.758883
3.757343
3.754953
3.753229
0
0
0
0
0
2.724544
2.624062
2.556253
2.499605
2.445959
3.755307
3.758467
3.757007
3.754772
3.753135
0
0
0
0
0
3.006322
2.731551
2.628524
2.558361
2.500201
3.754849
3.758064
3.756718
3.754601
3.753049
0
0
0
0
0
3.242003
3.006388
2.736576
2.631727
2.559908
3.754551
3.75782
3.756573
3.754611
3.753168
0
0
0
0
0
3.470564
3.241393
3.006471
2.740086
2.633915
3.754414
3.757771
3.756614
3.754785
3.7535
0
0
0
0
0
3.690613
3.470226
3.241097
3.006495
2.7425
3.754466
3.757886
3.756857
3.755142
3.754002
0
0
0
0
0
3.899498
3.690587
3.470171
3.241023
3.006424
3.75471
3.758202
3.757261
3.755683
3.754665
0
0
0
0
0
4.095462
3.899742
3.690837
3.470401
3.24117
3.755152
3.758726
3.757853
3.756358
3.755473
0
0
0
0
0
4.277639
4.095988
3.900338
3.691477
3.471022
3.755778
3.759437
3.758615
3.75716
3.756353
0
0
0
0
0
4.44578
4.27855
4.097054
3.901527
3.692746
3.756374
3.760212
3.759423
3.757912
3.757141
0
0
0
0
0
4.600062
4.447244
4.280248
4.098976
3.903634
3.756698
3.760821
3.759914
3.758288
3.757731
0
0
0
0
0
4.740706
4.602047
4.449531
4.282835
4.101843
3.756837
3.761046
3.760028
3.758543
3.75827
0
0
0
0
0
4.867546
4.742549
4.604162
4.451919
4.285493
3.756551
3.76086
3.759971
3.758664
3.758166
0
0
0
0
0
4.9809
4.868932
4.744129
4.605945
4.45391
3.755919
3.760562
3.759838
3.758171
3.757495
0
0
0
0
0
5.08139
4.981755
4.869908
4.745228
4.607169
3.755288
3.760251
3.759158
3.757233
3.757427
0
0
0
0
0
5.169852
5.081761
4.982171
4.870371
4.745741
3.753753
3.75765
3.755462
3.752309
3.751146
0
0
0
0
0
2.448271
2.396398
2.338293
2.271454
2.192729
3.754714
3.758387
3.75662
3.753775
3.751823
0
0
0
0
0
2.497379
2.4481
2.39593
2.337535
2.270356
3.755608
3.759022
3.757207
3.754778
3.753089
0
0
0
0
0
2.549567
2.497719
2.447746
2.395009
2.3361
3.756142
3.759535
3.75765
3.755161
3.753776
0
0
0
0
0
2.613469
2.551435
2.498233
2.447216
2.393659
3.756218
3.759625
3.757931
3.755387
3.75383
0
0
0
0
0
2.715799
2.618687
2.553825
2.498945
2.446546
3.756028
3.759322
3.75785
3.755521
3.753847
0
0
0
0
0
3.006391
2.724869
2.624343
2.556407
2.499628
3.755555
3.758821
3.757478
3.755323
3.753743
0
0
0
0
0
3.243126
3.006308
2.73219
2.628917
2.558543
3.755046
3.758346
3.757103
3.755119
3.753651
0
0
0
0
0
3.471303
3.241982
3.006355
2.737506
2.632226
3.754666
3.758037
3.756884
3.755045
3.753747
0
0
0
0
0
3.69092
3.470541
3.241346
3.006419
2.74131
3.754466
3.757886
3.756857
3.755142
3.754002
0
0
0
0
0
3.899498
3.690587
3.470171
3.241023
3.006424
3.754466
3.757939
3.756994
3.755426
3.754421
0
0
0
0
0
4.095243
3.899472
3.69053
3.470086
3.240922
3.754667
3.75821
3.757333
3.75586
3.755006
0
0
0
0
0
4.277205
4.095436
3.899683
3.690747
3.470284
3.755088
3.758701
3.757878
3.756466
3.755704
0
0
0
0
0
4.445032
4.277613
4.09593
3.900246
3.691353
3.755675
3.759387
3.758607
3.757216
3.756511
0
0
0
0
0
4.598844
4.445754
4.278494
4.096964
3.901402
3.756248
3.760134
3.759387
3.757939
3.757245
0
0
0
0
0
4.739016
4.600037
4.44719
4.280162
4.098854
3.756555
3.760706
3.759849
3.758276
3.757796
0
0
0
0
0
4.865965
4.740683
4.601999
4.449453
4.282725
3.756655
3.760917
3.759926
3.7585
3.758293
0
0
0
0
0
4.979708
4.867526
4.742506
4.604093
4.45182
3.756369
3.760706
3.759851
3.758583
3.758156
0
0
0
0
0
5.080648
4.980882
4.868893
4.744066
4.605855
3.755737
3.760386
3.759693
3.758073
3.757442
0
0
0
0
0
5.169524
5.081374
4.981719
4.869849
4.745145
3.75482
3.760064
3.758996
3.757105
3.757345
0
0
0
0
0
5.247227
5.169836
5.081727
4.982116
4.870292
3.754288
3.758246
3.756097
3.75299
3.751855
0
0
0
0
0
2.497225
2.448275
2.396352
2.338166
2.271214
3.755195
3.758927
3.757224
3.754414
3.752509
0
0
0
0
0
2.548346
2.497411
2.448095
2.395852
2.337359
3.756063
3.759525
3.757759
3.755389
3.753737
0
0
0
0
0
2.609456
2.549637
2.497766
2.447723
2.394892
3.756546
3.760003
3.758169
3.755735
3.754404
0
0
0
0
0
2.707593
2.613614
2.551556
2.498281
2.447166
3.756546
3.760054
3.758425
3.755937
3.754431
0
0
0
0
0
3.006683
2.716112
2.61896
2.553981
2.498976
3.756283
3.759671
3.758311
3.756055
3.754437
0
0
0
0
0
3.245042
3.006377
2.725497
2.624733
2.556592
3.755748
3.759099
3.757859
3.755831
3.75433
0
0
0
0
0
3.472694
3.243106
3.006275
2.733113
2.629416
3.755158
3.758559
3.757412
3.75555
3.754223
0
0
0
0
0
3.69165
3.471279
3.241935
3.006303
2.738725
3.754717
3.758151
3.757124
3.755401
3.754247
0
0
0
0
0
3.899768
3.690895
3.470486
3.241271
3.006349
3.754466
3.757939
3.756994
3.755426
3.754421
0
0
0
0
0
4.095243
3.899472
3.69053
3.470086
3.240922
3.754412
3.757947
3.757068
3.755604
3.754763
0
0
0
0
0
4.277042
4.095216
3.899413
3.690439
3.469969
3.754601
3.758191
3.75736
3.75597
3.755238
0
0
0
0
0
4.444718
4.277178
4.095378
3.899591
3.690623
3.755005
3.758647
3.757871
3.756524
3.755863
0
0
0
0
0
4.59829
4.445006
4.277556
4.09584
3.900121
3.755554
3.759315
3.758573
3.75724
3.756613
0
0
0
0
0
4.73806
4.598819
4.4457
4.278406
4.096841
3.756093
3.760023
3.759325
3.757931
3.757314
0
0
0
0
0
4.864585
4.738991
4.599985
4.447107
4.280045
3.756396
3.760579
3.75975
3.758236
3.757821
0
0
0
0
0
4.978394
4.865941
4.740636
4.601924
4.449348
3.756485
3.760765
3.759809
3.75842
3.758283
0
0
0
0
0
5.079649
4.979687
4.867484
4.742439
4.603998
3.756177
3.760529
3.759705
3.758484
3.758107
0
0
0
0
0
5.168897
5.080629
4.980844
4.868832
4.743979
3.755333
3.760193
3.759533
3.757949
3.757366
0
0
0
0
0
5.246957
5.169508
5.081338
4.981662
4.869769
3.759694
3.758798
3.756966
3.757234
0
0
0
0
0
5.314761
5.247212
5.169802
5.081673
4.98204
3.754771
3.758789
3.756686
3.753631
3.752541
0
0
0
0
0
2.547734
2.497258
2.448271
2.396276
2.337993
3.755646
3.759424
3.75777
3.755021
3.753153
0
0
0
0
0
2.606742
2.548418
2.49746
2.448075
2.39574
3.75646
3.759984
3.758272
3.755952
3.754353
0
0
0
0
0
2.701177
2.609601
2.549761
2.497819
2.44768
3.756869
3.760421
3.758652
3.75627
3.754989
0
0
0
0
0
3.007036
2.707897
2.613883
2.551715
2.498328
3.756795
3.760396
3.758875
3.756455
3.755001
0
0
0
0
0
3.247778
3.00667
2.716717
2.619339
2.554167
3.756469
3.759942
3.758688
3.756552
3.755005
0
0
0
0
0
3.47504
3.245023
3.006345
2.726402
2.625227
3.755855
3.759306
3.758164
3.756258
3.754888
0
0
0
0
0
3.693043
3.472671
3.243059
3.006224
2.734322
3.755205
3.75867
3.757648
3.755905
3.754718
0
0
0
0
0
3.900422
3.691625
3.471225
3.24186
3.006233
3.75471
3.758202
3.757261
3.755683
3.754665
0
0
0
0
0
4.095462
3.899742
3.690837
3.470401
3.24117
3.754412
3.757947
3.757068
3.755604
3.754763
0
0
0
0
0
4.277042
4.095216
3.899413
3.690439
3.469969
3.754353
3.757929
3.757095
3.755714
3.754997
0
0
0
0
0
4.444614
4.277016
4.095158
3.899321
3.690316
3.754516
3.758133
3.757357
3.75603
3.755399
0
0
0
0
0
4.598097
4.444692
4.277121
4.095287
3.899467
3.754873
3.75858
3.757832
3.756547
3.75597
0
0
0
0
0
4.737692
4.598263
4.444951
4.277468
4.095718
3.755425
3.759209
3.758517
3.757234
3.756679
0
0
0
0
0
4.863882
4.738034
4.598766
4.445616
4.278288
3.755938
3.7599
3.759227
3.757894
3.757343
0
0
0
0
0
4.977309
4.86456
4.73894
4.599906
4.446995
3.75621
3.760427
3.759636
3.75816
3.757813
0
0
0
0
0
5.078586
4.97837
4.865895
4.740564
4.601823
3.756294
3.760595
3.759668
3.758321
3.758234
0
0
0
0
0
5.168078
5.079628
4.979645
4.867419
4.742348
3.755784
3.760359
3.759546
3.758357
3.758036
0
0
0
0
0
5.246447
5.168879
5.080591
4.980784
4.868748
3.759795
3.759351
3.757802
3.757261
0
0
0
0
0
5.314542
5.246941
5.169472
5.081283
4.981585
3.75856
3.756785
3.757095
0
0
0
0
0
5.373296
5.314747
5.247179
5.169749
5.081598
3.755209
3.759276
3.757231
3.754227
3.753185
0
0
0
0
0
2.605384
2.547806
2.497308
2.448253
2.396166
3.756034
3.759878
3.758276
3.755574
3.753759
0
0
0
0
0
2.696886
2.606886
2.548542
2.497517
2.448037
3.756763
3.760393
3.758745
3.756478
3.754924
0
0
0
0
0
3.007341
2.701476
2.609866
2.549922
2.497874
3.757097
3.760758
3.75909
3.756776
3.755543
0
0
0
0
0
3.250526
3.007025
2.708485
2.614255
2.551905
3.756964
3.760661
3.759243
3.756938
3.75555
0
0
0
0
0
3.478373
3.24776
3.006639
2.717589
2.619818
3.756569
3.760144
3.758987
3.756972
3.755547
0
0
0
0
0
3.695414
3.475018
3.244975
3.006294
2.727588
3.755887
3.759413
3.758395
3.756609
3.755377
0
0
0
0
0
3.901702
3.693019
3.472617
3.242984
3.006154
3.755188
3.758719
3.757783
3.756183
3.755136
0
0
0
0
0
4.096014
3.900396
3.691567
3.471139
3.241759
3.754667
3.75821
3.757333
3.75586
3.755006
0
0
0
0
0
4.277205
4.095436
3.899683
3.690747
3.470284
3.754353
3.757929
3.757095
3.755714
3.754997
0
0
0
0
0
4.444614
4.277016
4.095158
3.899321
3.690316
3.754265
3.757872
3.757094
3.755774
3.755158
0
0
0
0
0
4.59805
4.444587
4.276958
4.095068
3.899197
3.754385
3.758062
3.757315
3.756056
3.755505
0
0
0
0
0
4.737618
4.59807
4.444636
4.277033
4.095165
3.75475
3.75848
3.757779
3.756537
3.756034
0
0
0
0
0
4.863697
4.737666
4.59821
4.444867
4.27735
3.755261
3.759093
3.758424
3.757203
3.756711
0
0
0
0
0
4.97685
4.863857
4.737983
4.598685
4.445502
3.755771
3.759751
3.759116
3.75782
3.75734
0
0
0
0
0
5.077774
4.977283
4.864511
4.738864
4.599798
3.75604
3.760265
3.759496
3.758066
3.757766
0
0
0
0
0
5.16725
5.078562
4.978324
4.865825
4.740466
3.75593
3.760409
3.75951
3.758195
3.758162
0
0
0
0
0
5.245798
5.168057
5.079587
4.979582
4.867331
3.759976
3.759351
3.758212
3.757936
0
0
0
0
0
5.314137
5.246429
5.168841
5.080533
4.980703
3.759003
3.757605
3.75713
0
0
0
0
0
5.373121
5.314527
5.246907
5.169418
5.081207
3.756517
3.756896
0
0
0
0
0
5.423549
5.373282
5.314715
5.247128
5.169677
3.755582
3.759729
3.757732
3.754777
3.753791
0
0
0
0
0
2.694755
2.605527
2.547932
2.497367
2.448217
3.756336
3.760281
3.758744
3.75609
3.754324
0
0
0
0
0
3.007549
2.697182
2.60715
2.548707
2.497577
3.757003
3.760727
3.759173
3.756973
3.755468
0
0
0
0
0
3.252789
3.00733
2.702052
2.610235
2.550117
3.757271
3.761019
3.759452
3.757244
3.756077
0
0
0
0
0
3.481712
3.25051
3.006995
2.709331
2.614725
3.757055
3.760857
3.759536
3.757348
3.756075
0
0
0
0
0
3.698805
3.478352
3.247716
3.006589
2.71873
3.756591
3.760246
3.759214
3.757316
3.756026
0
0
0
0
0
3.90393
3.69539
3.474964
3.244901
3.006225
3.755877
3.75946
3.758526
3.756883
3.755791
0
0
0
0
0
4.097137
3.901677
3.692961
3.47253
3.242881
3.755152
3.758726
3.757853
3.756358
3.755473
0
0
0
0
0
4.277639
4.095988
3.900338
3.691477
3.471022
3.754601
3.758191
3.75736
3.75597
3.755238
0
0
0
0
0
4.444718
4.277178
4.095378
3.899591
3.690623
3.754265
3.757872
3.757094
3.755774
3.755158
0
0
0
0
0
4.59805
4.444587
4.276958
4.095068
3.899197
3.754129
3.757798
3.757052
3.755803
3.755265
0
0
0
0
0
4.737631
4.598023
4.444531
4.27687
4.094945
3.754265
3.757965
3.757256
3.756041
3.755574
0
0
0
0
0
4.86374
4.737592
4.598015
4.444551
4.276914
3.754604
3.758369
3.757691
3.756509
3.75606
0
0
0
0
0
4.976833
4.86367
4.737614
4.598128
4.444752
3.755104
3.758952
3.758318
3.757134
3.756713
0
0
0
0
0
5.077537
4.976824
4.863806
4.737904
4.598575
3.755573
3.759593
3.758977
3.75773
3.757297
0
0
0
0
0
5.166693
5.077748
4.977234
4.864436
4.73876
3.755715
3.760091
3.759341
3.757944
3.757696
0
0
0
0
0
5.245189
5.167226
5.078516
4.978255
4.86573
3.760069
3.759332
3.758051
3.75806
0
0
0
0
0
5.313647
5.245778
5.168016
5.079524
4.979496
3.758993
3.758036
3.757808
0
0
0
0
0
5.372805
5.31412
5.246393
5.168784
5.080454
3.757421
3.756948
0
0
0
0
0
5.423417
5.373106
5.314494
5.246854
5.169344
3.756695
0
0
0
0
0
5.466223
5.423536
5.373251
5.314666
5.247058
3.755897
3.760137
3.758197
3.755292
3.754353
0
0
0
0
0
3.007649
2.695049
2.605791
2.548097
2.497429
3.756582
3.760611
3.759166
3.756578
3.754864
0
0
0
0
0
3.254356
3.007539
2.697751
2.607516
2.548904
3.757176
3.760982
3.75953
3.757431
3.755988
0
0
0
0
0
3.48446
3.252774
3.007302
2.702881
2.6107
3.757363
3.76121
3.75974
3.757646
3.756585
0
0
0
0
0
3.702219
3.481694
3.250469
3.006948
2.710438
3.757086
3.760955
3.759758
3.757686
3.75654
0
0
0
0
0
3.907163
3.698783
3.478302
3.247646
3.006522
3.756587
3.760288
3.759341
3.757585
3.756433
0
0
0
0
0
4.099146
3.903905
3.695333
3.474878
3.244799
3.755842
3.759461
3.758594
3.757055
3.756124
0
0
0
0
0
4.278575
4.097112
3.901618
3.69287
3.472413
3.755088
3.758701
3.757878
3.756466
3.755704
0
0
0
0
0
4.445032
4.277613
4.09593
3.900246
3.691353
3.754516
3.758133
3.757357
3.75603
3.755399
0
0
0
0
0
4.598097
4.444692
4.277121
4.095287
3.899467
3.754129
3.757798
3.757052
3.755803
3.755265
0
0
0
0
0
4.737631
4.598023
4.444531
4.27687
4.094945
3.75401
3.757696
3.75699
3.755788
3.755336
0
0
0
0
0
4.863808
4.737603
4.597968
4.444446
4.276751
3.754131
3.757858
3.757172
3.75601
3.755598
0
0
0
0
0
4.976978
4.863712
4.737538
4.597933
4.444436
3.75444
3.758231
3.75759
3.756446
3.756064
0
0
0
0
0
5.077679
4.976806
4.863619
4.737534
4.598017
3.754941
3.758802
3.758186
3.75705
3.756675
0
0
0
0
0
5.166662
5.077511
4.976773
4.86373
4.737799
3.755273
3.759428
3.758827
3.75761
3.757233
0
0
0
0
0
5.244874
5.166668
5.0777
4.977161
4.864336
3.759736
3.759157
3.757804
3.757595
0
0
0
0
0
5.31324
5.245166
5.167181
5.078448
4.978163
3.758999
3.757872
3.757935
0
0
0
0
0
5.372455
5.313627
5.245738
5.167955
5.07944
3.757754
3.757634
0
0
0
0
0
5.423188
5.372788
5.314084
5.246337
5.168707
3.756782
0
0
0
0
0
5.466127
5.423403
5.373074
5.314443
5.246782
0
0
0
0
0
5.501931
5.46621
5.423506
5.373203
5.314598
3.756139
3.760464
3.758616
3.755777
3.754887
0
0
0
0
0
3.255147
3.007639
2.695615
2.606156
2.548296
3.756757
3.760863
3.75952
3.757028
3.755377
0
0
0
0
0
3.486364
3.254343
3.007512
2.69857
2.607979
3.757267
3.761168
3.759812
3.757827
3.756483
0
0
0
0
0
3.705032
3.484444
3.252735
3.007256
2.703965
3.757379
3.761305
3.759956
3.757978
3.757038
0
0
0
0
0
3.910434
3.702199
3.481647
3.250402
3.006882
3.757078
3.760991
3.759882
3.75795
3.75694
0
0
0
0
0
4.102115
3.90714
3.698731
3.478221
3.247549
3.756552
3.760289
3.759405
3.757754
3.756762
0
0
0
0
0
4.280328
4.099121
3.903848
3.695243
3.474761
3.755778
3.759437
3.758615
3.75716
3.756353
0
0
0
0
0
4.44578
4.27855
4.097054
3.901527
3.692746
3.755005
3.758647
3.757871
3.756524
3.755863
0
0
0
0
0
4.59829
4.445006
4.277556
4.09584
3.900121
3.754385
3.758062
3.757315
3.756056
3.755505
0
0
0
0
0
4.737618
4.59807
4.444636
4.277033
4.095165
3.75401
3.757696
3.75699
3.755788
3.755336
0
0
0
0
0
4.863808
4.737603
4.597968
4.444446
4.276751
3.753875
3.757591
3.756901
3.755751
3.755359
0
0
0
0
0
4.977096
4.86378
4.737549
4.597885
4.444331
3.753968
3.757724
3.757076
3.755949
3.755595
0
0
0
0
0
5.077925
4.97695
4.86366
4.737458
4.597822
3.754295
3.758094
3.757461
3.756366
3.756032
0
0
0
0
0
5.166948
5.077652
4.976755
4.863541
4.737428
3.754729
3.758646
3.758043
3.756937
3.756618
0
0
0
0
0
5.245037
5.166637
5.077462
4.976699
4.863627
3.759097
3.758659
3.757474
3.757137
0
0
0
0
0
5.313147
5.24485
5.166621
5.077629
4.977063
3.758881
3.757633
3.757473
0
0
0
0
0
5.372232
5.313217
5.245122
5.167115
5.078358
3.757611
3.757776
0
0
0
0
0
5.42296
5.372435
5.313588
5.245678
5.167873
3.757478
0
0
0
0
0
5.465973
5.423172
5.372754
5.31403
5.246262
0
0
0
0
0
5.501865
5.466114
5.423372
5.373024
5.314373
0
0
0
0
5.531129
5.501919
5.466181
5.423459
5.373137
3.756314
3.760715
3.758967
3.756221
3.755396
0
0
0
0
0
3.487324
3.255134
3.007613
2.696428
2.606617
3.756819
3.761045
3.759799
3.757419
3.755863
0
0
0
0
0
3.706984
3.486349
3.254304
3.007467
2.69964
3.757276
3.761262
3.760023
3.758153
3.756928
0
0
0
0
0
3.91314
3.705015
3.484399
3.25267
3.007192
3.757361
3.761338
3.760076
3.758236
3.757431
0
0
0
0
0
4.10515
3.910414
3.70215
3.481571
3.250309
3.757021
3.760987
3.759941
3.758115
3.757263
0
0
0
0
0
4.282989
4.102092
3.907087
3.698646
3.478111
3.756468
3.760266
3.759427
3.757856
3.756987
0
0
0
0
0
4.447269
4.280304
4.099064
3.903757
3.69512
3.755675
3.759387
3.758607
3.757216
3.756511
0
0
0
0
0
4.598844
4.445754
4.278494
4.096964
3.901402
3.754873
3.75858
3.757832
3.756547
3.75597
0
0
0
0
0
4.737692
4.598263
4.444951
4.277468
4.095718
3.754265
3.757965
3.757256
3.756041
3.755574
0
0
0
0
0
4.86374
4.737592
4.598015
4.444551
4.276914
3.753875
3.757591
3.756901
3.755751
3.755359
0
0
0
0
0
4.977096
4.86378
4.737549
4.597885
4.444331
3.75372
3.757459
3.756806
3.755686
3.755356
0
0
0
0
0
5.07809
4.977068
4.863727
4.737469
4.597774
3.753819
3.757584
3.756949
3.755874
3.755564
0
0
0
0
0
5.167283
5.077897
4.976898
4.863581
4.737351
3.75411
3.757935
3.757316
3.756257
3.75598
0
0
0
0
0
5.245454
5.166922
5.077602
4.976679
4.863438
3.75838
3.757889
3.75681
3.75653
0
0
0
0
0
5.31349
5.245013
5.16659
5.077389
4.976598
3.758382
3.757306
3.757018
0
0
0
0
0
5.372333
5.313124
5.244805
5.166552
5.077533
3.757407
3.75732
0
0
0
0
0
5.422899
5.37221
5.313175
5.245058
5.167027
3.757523
0
0
0
0
0
5.465858
5.422941
5.372397
5.31353
5.245598
0
0
0
0
0
5.501769
5.465957
5.423138
5.372702
5.313958
0
0
0
0
5.53109
5.501852
5.466083
5.423323
5.372957
0
0
0
5.554211
5.531117
5.501891
5.466136
5.423395
3.75638
3.760899
3.759245
3.756607
3.75588
0
0
0
0
0
3.707968
3.487309
3.255095
3.007568
2.697492
3.756845
3.761138
3.760008
3.757741
3.756301
0
0
0
0
0
3.915022
3.706967
3.486305
3.25424
3.007404
3.757262
3.761294
3.76014
3.758408
3.757313
0
0
0
0
0
4.107674
3.913122
3.704968
3.484325
3.252579
3.757317
3.761333
3.760132
3.758397
3.757749
0
0
0
0
0
4.285739
4.10513
3.910364
3.70207
3.481465
3.756947
3.76096
3.75996
3.758212
3.757484
0
0
0
0
0
4.449604
4.282967
4.102039
3.907002
3.69853
3.756374
3.760212
3.759423
3.757912
3.757141
0
0
0
0
0
4.600062
4.447244
4.280248
4.098976
3.903634
3.755554
3.759315
3.758573
3.75724
3.756613
0
0
0
0
0
4.73806
4.598819
4.4457
4.278406
4.096841
3.75475
3.75848
3.757779
3.756537
3.756034
0
0
0
0
0
4.863697
4.737666
4.59821
4.444867
4.27735
3.754131
3.757858
3.757172
3.75601
3.755598
0
0
0
0
0
4.976978
4.863712
4.737538
4.597933
4.444436
3.75372
3.757459
3.756806
3.755686
3.755356
0
0
0
0
0
5.07809
4.977068
4.863727
4.737469
4.597774
3.753562
3.757319
3.756682
3.755613
3.755316
0
0
0
0
0
5.167491
5.078063
4.977015
4.863648
4.737361
3.753641
3.757428
3.756814
3.755767
3.755516
0
0
0
0
0
5.245871
5.167257
5.077846
4.976821
4.863476
3.757662
3.75717
3.756135
3.755896
0
0
0
0
0
5.314033
5.24543
5.166874
5.077528
4.976577
3.757631
3.756667
3.756421
0
0
0
0
0
5.372834
5.313467
5.244967
5.166519
5.077292
3.7571
3.756864
0
0
0
0
0
5.423178
5.372311
5.31308
5.244738
5.16646
3.757069
0
0
0
0
0
5.465935
5.422878
5.372168
5.313113
5.244972
0
0
0
0
0
5.501747
5.46584
5.422905
5.372341
5.313452
0
0
0
0
5.531049
5.501754
5.465925
5.423087
5.372631
0
0
0
5.554193
5.531077
5.501822
5.466036
5.423257
0
0
5.571477
5.554199
5.531089
5.501846
5.466073
3.756407
3.760994
3.759454
3.756925
3.756314
0
0
0
0
0
3.915974
3.707952
3.487266
3.255032
3.007505
3.75683
3.761166
3.760127
3.757994
3.75668
0
0
0
0
0
4.109432
3.915005
3.706922
3.486232
3.254151
3.757217
3.761286
3.760194
3.758568
3.757627
0
0
0
0
0
4.288042
4.107656
3.913075
3.704891
3.484223
3.757241
3.761303
3.760147
3.75849
3.757967
0
0
0
0
0
4.452057
4.285719
4.105081
3.910284
3.70196
3.756848
3.760903
3.759953
3.758264
3.757632
0
0
0
0
0
4.60207
4.449581
4.282915
4.101956
3.906886
3.756248
3.760134
3.759387
3.757939
3.757245
0
0
0
0
0
4.739016
4.600037
4.44719
4.280162
4.098854
3.755425
3.759209
3.758517
3.757234
3.756679
0
0
0
0
0
4.863882
4.738034
4.598766
4.445616
4.278288
3.754604
3.758369
3.757691
3.756509
3.75606
0
0
0
0
0
4.976833
4.86367
4.737614
4.598128
4.444752
3.753968
3.757724
3.757076
3.755949
3.755595
0
0
0
0
0
5.077925
4.97695
4.86366
4.737458
4.597822
3.753562
3.757319
3.756682
3.755613
3.755316
0
0
0
0
0
5.167491
5.078063
4.977015
4.863648
4.737361
3.753294
3.757157
3.756548
3.755508
3.755269
0
0
0
0
0
5.246119
5.167465
5.078011
4.976937
4.863543
3.757129
3.756659
3.755648
3.755436
0
0
0
0
0
5.314525
5.245846
5.167208
5.077771
4.976719
3.756941
3.755996
3.755796
0
0
0
0
0
5.373487
5.31401
5.245383
5.166803
5.077429
3.756523
3.756293
0
0
0
0
0
5.423816
5.372811
5.313422
5.244899
5.166425
3.756673
0
0
0
0
0
5.466368
5.423157
5.372269
5.313016
5.244649
0
0
0
0
0
5.501947
5.465915
5.422837
5.372108
5.313029
0
0
0
0
5.531102
5.501729
5.465804
5.42285
5.372265
0
0
0
5.554196
5.531034
5.501722
5.465875
5.423018
0
0
5.571474
5.554181
5.531047
5.501776
5.465972
0
5.58299
5.571465
5.554172
5.531045
5.501784
3.756382
3.761023
3.759575
3.757174
3.75669
0
0
0
0
0
4.110321
3.915958
3.707907
3.487194
3.254943
3.756761
3.761156
3.760179
3.758154
3.756989
0
0
0
0
0
4.289654
4.109416
3.91496
3.706847
3.486132
3.75712
3.761254
3.760205
3.75866
3.757844
0
0
0
0
0
4.454134
4.288025
4.10761
3.912999
3.704785
3.757118
3.761245
3.760136
3.758539
3.758113
0
0
0
0
0
4.604227
4.452037
4.285672
4.105003
3.910175
3.756698
3.760821
3.759914
3.758288
3.757731
0
0
0
0
0
4.740706
4.602047
4.449531
4.282835
4.101843
3.756093
3.760023
3.759325
3.757931
3.757314
0
0
0
0
0
4.864585
4.738991
4.599985
4.447107
4.280045
3.755261
3.759093
3.758424
3.757203
3.756711
0
0
0
0
0
4.97685
4.863857
4.737983
4.598685
4.445502
3.75444
3.758231
3.75759
3.756446
3.756064
0
0
0
0
0
5.077679
4.976806
4.863619
4.737534
4.598017
3.753819
3.757584
3.756949
3.755874
3.755564
0
0
0
0
0
5.167283
5.077897
4.976898
4.863581
4.737351
3.753294
3.757157
3.756548
3.755508
3.755269
0
0
0
0
0
5.246119
5.167465
5.078011
4.976937
4.863543
3.756882
3.756388
3.75539
3.75519
0
0
0
0
0
5.314806
5.246093
5.167415
5.077935
4.976834
3.756429
3.755503
3.75534
0
0
0
0
0
5.37405
5.3145
5.245799
5.167135
5.077671
3.755852
3.755674
0
0
0
0
0
5.424565
5.373465
5.313965
5.245314
5.166707
3.7562
0
0
0
0
0
5.467129
5.423794
5.372769
5.313357
5.244808
0
0
0
0
0
5.502506
5.466347
5.423116
5.372206
5.312929
0
0
0
0
5.531403
5.501926
5.465875
5.422778
5.372027
0
0
0
5.554317
5.531085
5.501694
5.46575
5.422776
0
0
5.571505
5.554182
5.531002
5.501673
5.465807
0
5.582998
5.571461
5.554152
5.531002
5.501712
5.588819
5.582978
5.571438
5.554128
5.530984
3.756309
3.761015
3.759627
3.757332
3.756998
0
0
0
0
0
4.29047
4.110306
3.915913
3.707833
3.487094
3.756682
3.761123
3.760191
3.758244
3.757204
0
0
0
0
0
4.455594
4.289638
4.109372
3.914885
3.706742
3.757015
3.761194
3.760191
3.758707
3.757989
0
0
0
0
0
4.60607
4.454116
4.28798
4.107535
3.912893
3.756984
3.761162
3.760094
3.758558
3.758209
0
0
0
0
0
4.742569
4.604207
4.451992
4.285597
4.104896
3.756555
3.760706
3.759849
3.758276
3.757796
0
0
0
0
0
4.865965
4.740683
4.601999
4.449453
4.282725
3.755938
3.7599
3.759227
3.757894
3.757343
0
0
0
0
0
4.977309
4.86456
4.73894
4.599906
4.446995
3.755104
3.758952
3.758318
3.757134
3.756713
0
0
0
0
0
5.077537
4.976824
4.863806
4.737904
4.598575
3.754295
3.758094
3.757461
3.756366
3.756032
0
0
0
0
0
5.166948
5.077652
4.976755
4.863541
4.737428
3.753641
3.757428
3.756814
3.755767
3.755516
0
0
0
0
0
5.245871
5.167257
5.077846
4.976821
4.863476
3.756882
3.756388
3.75539
3.75519
0
0
0
0
0
5.314806
5.246093
5.167415
5.077935
4.976834
3.756166
3.75524
3.755095
0
0
0
0
0
5.374367
5.314782
5.246045
5.167342
5.077835
3.755348
3.755211
0
0
0
0
0
5.425185
5.374027
5.314455
5.245729
5.167039
3.755613
0
0
0
0
0
5.467959
5.424543
5.373421
5.313898
5.245223
0
0
0
0
0
5.503372
5.467108
5.423753
5.372705
5.313269
0
0
0
0
5.532073
5.502486
5.466307
5.423055
5.372123
0
0
0
5.554695
5.531382
5.501888
5.465817
5.422699
0
0
5.571667
5.554299
5.53105
5.501641
5.465677
0
5.583053
5.57149
5.55415
5.530954
5.501606
5.588832
5.582986
5.571432
5.554107
5.530939
5.588807
5.582951
5.571394
5.554068
3.756231
3.760984
3.759642
3.757418
3.757212
0
0
0
0
0
4.456335
4.290455
4.110262
3.91584
3.707729
3.756578
3.761061
3.760178
3.758292
3.757343
0
0
0
0
0
4.607375
4.455578
4.289595
4.109299
3.914781
3.75688
3.761109
3.760147
3.758724
3.758083
0
0
0
0
0
4.744186
4.606052
4.454074
4.287909
4.107432
3.756837
3.761046
3.760028
3.758543
3.75827
0
0
0
0
0
4.867546
4.742549
4.604162
4.451919
4.285493
3.756396
3.760579
3.75975
3.758236
3.757821
0
0
0
0
0
4.978394
4.865941
4.740636
4.601924
4.449348
3.755771
3.759751
3.759116
3.75782
3.75734
0
0
0
0
0
5.077774
4.977283
4.864511
4.738864
4.599798
3.754941
3.758802
3.758186
3.75705
3.756675
0
0
0
0
0
5.166662
5.077511
4.976773
4.86373
4.737799
3.75411
3.757935
3.757316
3.756257
3.75598
0
0
0
0
0
5.245454
5.166922
5.077602
4.976679
4.863438
3.757129
3.756659
3.755648
3.755436
0
0
0
0
0
5.314525
5.245846
5.167208
5.077771
4.976719
3.756166
3.75524
3.755095
0
0
0
0
0
5.374367
5.314782
5.246045
5.167342
5.077835
3.755074
3.754958
0
0
0
0
0
5.425529
5.374343
5.314736
5.245975
5.167245
3.755127
0
0
0
0
0
5.468629
5.425163
5.373982
5.314387
5.245636
0
0
0
0
0
5.504278
5.467938
5.424501
5.373357
5.313809
0
0
0
0
5.533022
5.503352
5.467068
5.423692
5.372621
0
0
0
5.555453
5.532053
5.502447
5.466247
5.422974
0
0
5.572106
5.554675
5.531344
5.50183
5.46574
0
5.583253
5.571649
5.554264
5.530997
5.501569
5.588896
5.583039
5.571459
5.554103
5.530888
5.588819
5.582957
5.571387
5.554045
5.588779
5.582908
5.571334
3.756124
3.760922
3.759632
3.757468
3.757351
0
0
0
0
0
4.60804
4.456319
4.290413
4.110191
3.915736
3.756421
3.760973
3.760134
3.758311
3.757434
0
0
0
0
0
4.745343
4.607359
4.455537
4.289526
4.109198
3.756712
3.760992
3.760076
3.758709
3.758144
0
0
0
0
0
4.868949
4.744169
4.606011
4.454005
4.287809
3.756655
3.760917
3.759926
3.7585
3.758293
0
0
0
0
0
4.979708
4.867526
4.742506
4.604093
4.45182
3.75621
3.760427
3.759636
3.75816
3.757813
0
0
0
0
0
5.078586
4.97837
4.865895
4.740564
4.601823
3.755573
3.759593
3.758977
3.75773
3.757297
0
0
0
0
0
5.166693
5.077748
4.977234
4.864436
4.73876
3.754729
3.758646
3.758043
3.756937
3.756618
0
0
0
0
0
5.245037
5.166637
5.077462
4.976699
4.863627
3.757662
3.75717
3.756135
3.755896
0
0
0
0
0
5.314033
5.24543
5.166874
5.077528
4.976577
3.756429
3.755503
3.75534
0
0
0
0
0
5.37405
5.3145
5.245799
5.167135
5.077671
3.755074
3.754958
0
0
0
0
0
5.425529
5.374343
5.314736
5.245975
5.167245
3.754865
0
0
0
0
0
5.468997
5.425506
5.374298
5.314668
5.245881
0
0
0
0
0
5.504994
5.468608
5.42512
5.373917
5.314298
0
0
0
0
5.533986
5.504258
5.467897
5.424439
5.373271
0
0
0
5.556475
5.533003
5.503313
5.467009
5.42361
0
0
5.572925
5.555434
5.532015
5.502389
5.466168
0
5.583733
5.572086
5.554637
5.531288
5.501754
5.58911
5.583236
5.571615
5.554212
5.530927
5.588882
5.583007
5.571411
5.554037
5.58879
5.582912
5.571325
5.588736
5.582848
3.755969
3.760836
3.759588
3.757489
3.757436
0
0
0
0
0
4.745935
4.608025
4.456279
4.290345
4.110091
3.756276
3.760854
3.760063
3.758295
3.757492
0
0
0
0
0
4.86996
4.745327
4.60732
4.45547
4.289429
3.756551
3.76086
3.759971
3.758664
3.758166
0
0
0
0
0
4.9809
4.868932
4.744129
4.605945
4.45391
3.756485
3.760765
3.759809
3.75842
3.758283
0
0
0
0
0
5.079649
4.979687
4.867484
4.742439
4.603998
3.75604
3.760265
3.759496
3.758066
3.757766
0
0
0
0
0
5.16725
5.078562
4.978324
4.865825
4.740466
3.755273
3.759428
3.758827
3.75761
3.757233
0
0
0
0
0
5.244874
5.166668
5.0777
4.977161
4.864336
3.75838
3.757889
3.75681
3.75653
0
0
0
0
0
5.31349
5.245013
5.16659
5.077389
4.976598
3.756941
3.755996
3.755796
0
0
0
0
0
5.373487
5.31401
5.245383
5.166803
5.077429
3.755348
3.755211
0
0
0
0
0
5.425185
5.374027
5.314455
5.245729
5.167039
3.754865
0
0
0
0
0
5.468997
5.425506
5.374298
5.314668
5.245881
0
0
0
0
0
5.505383
5.468975
5.425463
5.374232
5.314577
0
0
0
0
5.534738
5.504973
5.468566
5.425057
5.37383
0
0
0
5.557483
5.533966
5.504218
5.467837
5.424356
0
0
5.573999
5.556456
5.532964
5.503255
5.466929
0
5.584602
5.572906
5.555396
5.531958
5.502312
5.589611
5.583713
5.572048
5.554581
5.531213
5.589093
5.583201
5.571563
5.554142
5.58885
5.58296
5.571346
5.588745
5.58285
5.588675
3.755821
3.760718
3.759519
3.757469
3.757486
0
0
0
0
0
4.870479
4.74592
4.607987
4.456214
4.290249
3.756116
3.760719
3.759959
3.75825
3.75751
0
0
0
0
0
4.981771
4.869945
4.745289
4.607256
4.455378
3.756369
3.760706
3.759851
3.758583
3.758156
0
0
0
0
0
5.080648
4.980882
4.868893
4.744066
4.605855
3.756294
3.760595
3.759668
3.758321
3.758234
0
0
0
0
0
5.168078
5.079628
4.979645
4.867419
4.742348
3.755715
3.760091
3.759341
3.757944
3.757696
0
0
0
0
0
5.245189
5.167226
5.078516
4.978255
4.86573
3.759097
3.758659
3.757474
3.757137
0
0
0
0
0
5.313147
5.24485
5.166621
5.077629
4.977063
3.757631
3.756667
3.756421
0
0
0
0
0
5.372834
5.313467
5.244967
5.166519
5.077292
3.755852
3.755674
0
0
0
0
0
5.424565
5.373465
5.313965
5.245314
5.166707
3.755127
0
0
0
0
0
5.468629
5.425163
5.373982
5.314387
5.245636
0
0
0
0
0
5.505383
5.468975
5.425463
5.374232
5.314577
0
0
0
0
5.535144
5.505362
5.468933
5.425399
5.374144
0
0
0
5.558262
5.534717
5.504932
5.468505
5.424973
0
0
5.575048
5.557464
5.533927
5.504158
5.467756
0
5.58571
5.57398
5.556418
5.532907
5.503177
5.590504
5.584582
5.572868
5.555339
5.531881
5.589591
5.583675
5.571993
5.554507
5.589058
5.583149
5.571493
5.588802
5.582895
5.588683
3.755659
3.760584
3.759417
3.75742
3.757502
0
0
0
0
0
4.982221
4.870464
4.745883
4.607925
4.456123
3.755919
3.760562
3.759838
3.758171
3.757495
0
0
0
0
0
5.08139
4.981755
4.869908
4.745228
4.607169
3.756177
3.760529
3.759705
3.758484
3.758107
0
0
0
0
0
5.168897
5.080629
4.980844
4.868832
4.743979
3.75593
3.760409
3.75951
3.758195
3.758162
0
0
0
0
0
5.245798
5.168057
5.079587
4.979582
4.867331
3.759736
3.759157
3.757804
3.757595
0
0
0
0
0
5.31324
5.245166
5.167181
5.078448
4.978163
3.758382
3.757306
3.757018
0
0
0
0
0
5.372333
5.313124
5.244805
5.166552
5.077533
3.756523
3.756293
0
0
0
0
0
5.423816
5.372811
5.313422
5.244899
5.166425
3.755613
0
0
0
0
0
5.467959
5.424543
5.373421
5.313898
5.245223
0
0
0
0
0
5.504994
5.468608
5.42512
5.373917
5.314298
0
0
0
0
5.535144
5.505362
5.468933
5.425399
5.374144
0
0
0
5.558681
5.535123
5.50532
5.468871
5.425314
0
0
5.57585
5.558242
5.534678
5.504872
5.468423
0
5.58678
5.575028
5.557426
5.533869
5.504079
5.591635
5.585692
5.573943
5.556361
5.53283
5.590485
5.584545
5.572813
5.555264
5.589554
5.58362
5.571918
5.589006
5.583079
5.588737
3.755464
3.760429
3.759299
3.757337
3.757484
0
0
0
0
0
5.081776
4.982206
4.870428
4.745824
4.607838
3.755737
3.760386
3.759693
3.758073
3.757442
0
0
0
0
0
5.169524
5.081374
4.981719
4.869849
4.745145
3.755784
3.760359
3.759546
3.758357
3.758036
0
0
0
0
0
5.246447
5.168879
5.080591
4.980784
4.868748
3.760069
3.759332
3.758051
3.75806
0
0
0
0
0
5.313647
5.245778
5.168016
5.079524
4.979496
3.758881
3.757633
3.757473
0
0
0
0
0
5.372232
5.313217
5.245122
5.167115
5.078358
3.7571
3.756864
0
0
0
0
0
5.423178
5.372311
5.31308
5.244738
5.16646
3.7562
0
0
0
0
0
5.467129
5.423794
5.372769
5.313357
5.244808
0
0
0
0
0
5.504278
5.467938
5.424501
5.373357
5.313809
0
0
0
0
5.534738
5.504973
5.468566
5.425057
5.37383
0
0
0
5.558681
5.535123
5.50532
5.468871
5.425314
0
0
5.57628
5.558661
5.535083
5.50526
5.468788
0
5.587597
5.57583
5.558203
5.534619
5.504792
5.592717
5.586761
5.57499
5.557368
5.533791
5.591616
5.585654
5.573887
5.556286
5.590447
5.584489
5.572738
5.589498
5.583546
5.588936
3.755288
3.760251
3.759158
3.757233
3.757427
0
0
0
0
0
5.169852
5.081761
4.982171
4.870371
4.745741
3.755333
3.760193
3.759533
3.757949
3.757366
0
0
0
0
0
5.246957
5.169508
5.081338
4.981662
4.869769
3.759976
3.759351
3.758212
3.757936
0
0
0
0
0
5.314137
5.246429
5.168841
5.080533
4.980703
3.758999
3.757872
3.757935
0
0
0
0
0
5.372455
5.313627
5.245738
5.167955
5.07944
3.757407
3.75732
0
0
0
0
0
5.422899
5.37221
5.313175
5.245058
5.167027
3.756673
0
0
0
0
0
5.466368
5.423157
5.372269
5.313016
5.244649
0
0
0
0
0
5.503372
5.467108
5.423753
5.372705
5.313269
0
0
0
0
5.533986
5.504258
5.467897
5.424439
5.373271
0
0
0
5.558262
5.534717
5.504932
5.468505
5.424973
0
0
5.57628
5.558661
5.535083
5.50526
5.468788
0
5.588034
5.57626
5.558621
5.535023
5.505178
5.593538
5.587578
5.575792
5.558145
5.53454
5.592698
5.586723
5.574933
5.557292
5.591578
5.585598
5.573812
5.590392
5.584414
5.589424
3.75482
3.760064
3.758996
3.757105
3.757345
0
0
0
0
0
5.247227
5.169836
5.081727
4.982116
4.870292
3.759795
3.759351
3.757802
3.757261
0
0
0
0
0
5.314542
5.246941
5.169472
5.081283
4.981585
3.758993
3.758036
3.757808
0
0
0
0
0
5.372805
5.31412
5.246393
5.168784
5.080454
3.757611
3.757776
0
0
0
0
0
5.42296
5.372435
5.313588
5.245678
5.167873
3.757069
0
0
0
0
0
5.465935
5.422878
5.372168
5.313113
5.244972
0
0
0
0
0
5.502506
5.466347
5.423116
5.372206
5.312929
0
0
0
0
5.533022
5.503352
5.467068
5.423692
5.372621
0
0
0
5.557483
5.533966
5.504218
5.467837
5.424356
0
0
5.57585
5.558242
5.534678
5.504872
5.468423
0
5.588034
5.57626
5.558621
5.535023
5.505178
5.593977
5.588014
5.57622
5.558563
5.534943
5.593519
5.587539
5.575734
5.558067
5.59266
5.586667
5.574857
5.591522
5.585523
5.590317
3.759694
3.758798
3.756966
3.757234
0
0
0
0
0
5.314761
5.247212
5.169802
5.081673
4.98204
3.759003
3.757605
3.75713
0
0
0
0
0
5.373121
5.314527
5.246907
5.169418
5.081207
3.757754
3.757634
0
0
0
0
0
5.423188
5.372788
5.314084
5.246337
5.168707
3.757523
0
0
0
0
0
5.465858
5.422941
5.372397
5.31353
5.245598
0
0
0
0
0
5.501947
5.465915
5.422837
5.372108
5.313029
0
0
0
0
5.532073
5.502486
5.466307
5.423055
5.372123
0
0
0
5.556475
5.533003
5.503313
5.467009
5.42361
0
0
5.575048
5.557464
5.533927
5.504158
5.467756
0
5.587597
5.57583
5.558203
5.534619
5.504792
5.593977
5.588014
5.57622
5.558563
5.534943
5.593957
5.587975
5.576162
5.558484
5.59348
5.587482
5.575656
5.592604
5.586591
5.591447
3.75856
3.756785
3.757095
0
0
0
0
0
5.373296
5.314747
5.247179
5.169749
5.081598
3.757421
3.756948
0
0
0
0
0
5.423417
5.373106
5.314494
5.246854
5.169344
3.757478
0
0
0
0
0
5.465973
5.423172
5.372754
5.31403
5.246262
0
0
0
0
0
5.501747
5.46584
5.422905
5.372341
5.313452
0
0
0
0
5.531403
5.501926
5.465875
5.422778
5.372027
0
0
0
5.555453
5.532053
5.502447
5.466247
5.422974
0
0
5.573999
5.556456
5.532964
5.503255
5.466929
0
5.58678
5.575028
5.557426
5.533869
5.504079
5.593538
5.587578
5.575792
5.558145
5.53454
5.593957
5.587975
5.576162
5.558484
5.593918
5.587917
5.576084
5.593423
5.587405
5.592528
3.756517
3.756896
0
0
0
0
0
5.423549
5.373282
5.314715
5.247128
5.169677
3.756782
0
0
0
0
0
5.466127
5.423403
5.373074
5.314443
5.246782
0
0
0
0
0
5.501769
5.465957
5.423138
5.372702
5.313958
0
0
0
0
5.531102
5.501729
5.465804
5.42285
5.372265
0
0
0
5.554695
5.531382
5.501888
5.465817
5.422699
0
0
5.572925
5.555434
5.532015
5.502389
5.466168
0
5.58571
5.57398
5.556418
5.532907
5.503177
5.592717
5.586761
5.57499
5.557368
5.533791
5.593519
5.587539
5.575734
5.558067
5.593918
5.587917
5.576084
5.59386
5.587839
5.593346
3.756695
0
0
0
0
0
5.466223
5.423536
5.373251
5.314666
5.247058
0
0
0
0
0
5.501865
5.466114
5.423372
5.373024
5.314373
0
0
0
0
5.531049
5.501754
5.465925
5.423087
5.372631
0
0
0
5.554317
5.531085
5.501694
5.46575
5.422776
0
0
5.572106
5.554675
5.531344
5.50183
5.46574
0
5.584602
5.572906
5.555396
5.531958
5.502312
5.591635
5.585692
5.573943
5.556361
5.53283
5.592698
5.586723
5.574933
5.557292
5.59348
5.587482
5.575656
5.59386
5.587839
5.593783
0
0
0
0
0
5.501931
5.46621
5.423506
5.373203
5.314598
0
0
0
0
5.53109
5.501852
5.466083
5.423323
5.372957
0
0
0
5.554196
5.531034
5.501722
5.465875
5.423018
0
0
5.571667
5.554299
5.53105
5.501641
5.465677
0
5.583733
5.572086
5.554637
5.531288
5.501754
5.590504
5.584582
5.572868
5.555339
5.531881
5.591616
5.585654
5.573887
5.556286
5.59266
5.586667
5.574857
5.593423
5.587405
5.593783
0
0
0
0
5.531129
5.501919
5.466181
5.423459
5.373137
0
0
0
5.554193
5.531077
5.501822
5.466036
5.423257
0
0
5.571505
5.554182
5.531002
5.501673
5.465807
0
5.583253
5.571649
5.554264
5.530997
5.501569
5.589611
5.583713
5.572048
5.554581
5.531213
5.590485
5.584545
5.572813
5.555264
5.591578
5.585598
5.573812
5.592604
5.586591
5.593346
0
0
0
5.554211
5.531117
5.501891
5.466136
5.423395
0
0
5.571474
5.554181
5.531047
5.501776
5.465972
0
5.583053
5.57149
5.55415
5.530954
5.501606
5.58911
5.583236
5.571615
5.554212
5.530927
5.589591
5.583675
5.571993
5.554507
5.590447
5.584489
5.572738
5.591522
5.585523
5.592528
0
0
5.571477
5.554199
5.531089
5.501846
5.466073
0
5.582998
5.571461
5.554152
5.531002
5.501712
5.588896
5.583039
5.571459
5.554103
5.530888
5.589093
5.583201
5.571563
5.554142
5.589554
5.58362
5.571918
5.590392
5.584414
5.591447
0
5.58299
5.571465
5.554172
5.531045
5.501784
5.588832
5.582986
5.571432
5.554107
5.530939
5.588882
5.583007
5.571411
5.554037
5.589058
5.583149
5.571493
5.589498
5.583546
5.590317
5.588819
5.582978
5.571438
5.554128
5.530984
5.588819
5.582957
5.571387
5.554045
5.58885
5.58296
5.571346
5.589006
5.583079
5.589424
5.588807
5.582951
5.571394
5.554068
5.58879
5.582912
5.571325
5.588802
5.582895
5.588936
5.588779
5.582908
5.571334
5.588745
5.58285
5.588737
5.588736
5.582848
5.588683
5.588675
)
;

boundaryField
{
    cathodeSides
    {
        type            zeroGradient;
    }
    electrolyteSides
    {
        type            zeroGradient;
    }
    anodeSides
    {
        type            zeroGradient;
    }
    phiI_to_phiI0
    {
        type            zeroGradient;
    }
}


// ************************************************************************* //
