/*--------------------------------*- C++ -*----------------------------------*\
| =========                 |                                                 |
| \\      /  F ield         | OpenFOAM: The Open Source CFD Toolbox           |
|  \\    /   O peration     | Version:  2312                                  |
|   \\  /    A nd           | Website:  www.openfoam.com                      |
|    \\/     M anipulation  |                                                 |
\*---------------------------------------------------------------------------*/
FoamFile
{
    version     2.0;
    format      ascii;
    arch        "LSB;label=32;scalar=64";
    class       volScalarField;
    location    "20/phiI";
    object      dmdt;
}
// * * * * * * * * * * * * * * * * * * * * * * * * * * * * * * * * * * * * * //

dimensions      [0 -3 -1 0 1 0 0];

internalField   nonuniform List<scalar> 
12000
(
382.8626
385.4859
294.9316
412.3071
390.9025
296.4115
415.1227
204.6075
317.8136
474.0289
398.8075
299.5992
420.9362
205.6662
319.4025
477.2312
126.8009
220.7431
366.1121
573.1123
408.6168
304.1795
429.4211
208.0563
322.8231
483.8452
127.6564
221.8812
367.9201
576.9248
63.83202
137.112
255.2069
443.8755
717.9038
418.8125
309.9351
439.9523
211.5953
327.7393
493.5006
129.4862
224.4477
371.8105
584.8041
64.48454
138.032
256.5059
446.0289
722.5984
17.70728
69.38097
159.592
310.9945
557.7802
0
426.6293
315.9465
450.8988
215.9669
333.9164
505.4903
132.291
228.2465
377.4063
596.3097
65.93409
140.0007
259.4309
450.661
732.3056
17.90173
70.08362
160.6426
312.5477
560.4328
0
-19.25596
19.63098
81.98862
196.3345
393.0928
0
0
431.7027
320.5769
459.2894
220.5525
340.367
517.9519
135.7312
232.9405
384.4339
610.6064
67.86738
143.0151
263.7565
457.3306
746.4852
18.8339
71.64506
162.8994
316.0402
566.1342
0
-19.04485
19.84791
82.79369
197.5913
395.0139
0
0
-47.66642
-20.28138
24.55006
103.0041
250.8835
0
0
0
434.631
323.5704
464.735
223.9842
345.3347
527.5006
139.2992
237.8632
391.7691
625.4638
70.36356
146.714
269.1057
465.7014
764.1189
20.17342
73.73208
166.3437
321.1982
574.3531
0
-18.60226
20.85759
84.58922
200.3074
399.3247
0
0
-47.62075
-20.05073
24.82147
103.9715
252.439
0
0
0
-66.59065
-51.04484
-21.67122
33.21422
134.7837
0
0
0
0
435.9601
325.2341
467.8784
226.225
348.5467
533.698
142.0579
241.5481
397.4159
636.8439
73.06415
150.5504
274.7115
474.4326
782.4431
21.54542
76.42469
170.576
327.584
584.6625
0
-18.41417
22.3089
87.0037
204.4336
405.6823
0
0
-47.514
-19.56309
25.9998
106.1413
255.8195
0
0
0
-66.79406
-50.99193
-21.3977
33.57742
135.987
0
0
0
0
-78.90621
-71.7146
-57.56771
-23.17046
47.02288
0
0
0
0
0
435.9601
326.0064
469.3053
227.481
350.3335
537.2763
143.7163
243.9538
401.0688
644.2307
74.87938
153.5149
278.9123
481.151
796.473
22.92765
79.33462
174.9652
334.2692
595.4087
0
-17.66426
23.80513
90.11247
209.5138
413.5642
0
0
-47.56167
-19.33353
27.69481
109.0828
260.9303
0
0
0
-67.27102
-50.86474
-20.80344
35.02973
138.6994
0
0
0
0
-79.07646
-71.92767
-57.49672
-22.82675
47.52541
0
0
0
0
0
-79.22148
-85.35522
-82.23843
-67.39065
-24.16747
0
0
0
0
0
-850.1602
434.631
326.0064
469.3053
227.9811
351.1628
538.9009
144.6909
245.3031
403.1064
648.4971
75.95824
155.2997
281.6533
485.5004
805.5807
24.16348
81.29587
178.3526
339.287
603.674
0
-16.74008
25.31376
93.46148
214.7817
421.8074
0
0
-48.22082
-18.50473
29.47381
112.86
267.237
0
0
0
-68.86125
-50.89326
-20.4539
37.12072
142.4084
0
0
0
0
-79.47378
-72.42202
-57.31238
-22.05369
49.37899
0
0
0
0
0
-79.43782
-85.53806
-82.46566
-67.28828
-23.71822
0
0
0
0
0
-853.2782
-66.9882
-86.29466
-99.09863
-98.65939
-80.55462
0
0
0
0
0
-740.2947
-687.8911
431.7027
325.2341
467.8784
227.9811
351.1628
538.9009
145.1344
245.842
404.0511
650.4347
76.55117
156.3479
283.1933
487.9356
810.8429
24.71237
82.46363
180.4007
342.5587
609.0292
0
-16.43806
26.65417
95.73699
218.8405
428.006
0
0
-48.08455
-17.49178
31.27178
116.9116
273.7773
0
0
0
-69.3595
-51.56013
-19.43467
39.36612
147.1586
0
0
0
0
-80.23164
-74.08647
-57.27468
-21.49108
52.05064
0
0
0
0
0
-80.01075
-85.95765
-82.97503
-67.00248
-22.67761
0
0
0
0
0
-859.0239
-67.21068
-86.53135
-99.30717
-98.90449
-80.40181
0
0
0
0
0
-742.2066
-690.1467
-45.33379
-73.90092
-102.0481
-120.929
-121.5613
0
0
0
0
0
-624.4102
-607.39
-576.4295
426.6293
323.5704
464.735
227.481
350.3335
537.2763
145.1344
245.842
404.0511
650.4347
76.73863
156.8248
283.8135
489.0629
813.2334
24.9228
83.10601
181.6013
344.4013
612.0397
0
-16.23858
27.25678
97.09859
221.3091
432.0446
0
0
-47.94095
-17.1445
32.84272
119.6949
278.8078
0
0
0
-69.71056
-51.38945
-18.21464
41.64222
152.2323
0
0
0
0
-81.00134
-74.59784
-57.9038
-20.15074
54.98706
0
0
0
0
0
-81.05391
-86.75765
-84.73451
-66.84101
-21.78533
0
0
0
0
0
-867.5681
-67.93915
-87.1464
-99.76315
-99.42241
-79.95832
0
0
0
0
0
-745.4329
-694.2407
-45.46136
-74.14938
-102.3306
-121.1767
-121.8248
0
0
0
0
0
-626.0459
-608.7931
-578.1045
-12.26112
-51.33095
-90.24398
-127.5298
-151.8998
0
0
0
0
0
-519.6756
-521.5757
-515.8093
-506.9888
418.8124
320.5769
459.2894
226.225
348.5467
533.698
144.6909
245.3031
403.1064
648.4971
76.73863
156.8248
283.8135
489.0629
813.2334
25.04729
83.31159
182.1474
345.1518
613.4311
0
-16.09488
27.49223
97.84915
222.7527
434.325
0
0
-47.92817
-16.91661
33.57269
121.3713
281.8873
0
0
0
-70.04474
-51.21932
-17.7442
43.5894
155.7586
0
0
0
0
-81.85354
-74.95488
-57.63232
-18.58547
57.97351
0
0
0
0
0
-82.2525
-87.57094
-85.24387
-67.37454
-19.96167
0
0
0
0
0
-878.405
-69.06943
-88.2623
-100.631
-101.2932
-79.59849
0
0
0
0
0
-750.2668
-700.3497
-46.0433
-74.93958
-103.0307
-121.6815
-122.3382
0
0
0
0
0
-628.6488
-611.0772
-581.0892
-12.25042
-51.48187
-90.55491
-127.8855
-152.1989
0
0
0
0
0
-521.1655
-522.8081
-516.8691
-508.3187
12.06161
-15.85999
-66.6844
-117.2994
-164.204
0
0
0
0
0
-425.11
-442.9367
-450.398
-458.3014
-474.1515
408.6168
315.9465
450.8988
223.9842
345.3347
527.5006
143.7163
243.9538
401.0688
644.2307
76.55117
156.3479
283.1933
487.9356
810.8429
25.04729
83.31159
182.1474
345.1518
613.4311
0
-16.03775
27.62941
98.09735
223.409
435.2653
0
0
-47.97642
-16.75575
33.87157
122.298
283.6832
0
0
0
-70.34951
-51.195
-17.44037
44.53254
157.8974
0
0
0
0
-82.57775
-75.29888
-57.38671
-17.89966
60.47587
0
0
0
0
0
-83.46003
-88.47211
-85.58651
-66.92201
-17.8788
0
0
0
0
0
-889.7896
-73.43617
-89.54657
-101.5152
-101.7774
-79.95704
0
0
0
0
0
-756.2078
-708.1443
-46.81981
-76.16579
-104.2884
-122.6408
-124.328
0
0
0
0
0
-632.4234
-614.5247
-585.566
-12.44383
-52.12498
-91.47994
-128.7156
-152.7617
0
0
0
0
0
-523.6647
-524.6795
-518.5202
-510.647
12.10429
-15.86015
-66.89707
-117.7139
-164.6618
0
0
0
0
0
-426.549
-444.0814
-451.3571
-459.1572
-475.3434
15.85391
11.57685
-26.50302
-92.91467
-156.9199
0
0
0
0
0
-334.7776
-370.4781
-389.5085
-405.1724
-430.3906
398.8075
309.9351
439.9523
220.5525
340.367
517.9519
142.0579
241.5481
397.4159
636.8439
75.95824
155.2997
281.6533
485.5004
805.5807
24.9228
83.10601
181.6013
344.4013
612.0397
0
-16.03775
27.62941
98.09735
223.409
435.2653
0
0
-48.01667
-16.69148
34.03902
122.6173
284.4993
0
0
0
-70.58034
-51.2403
-17.23596
44.94003
159.0829
0
0
0
0
-83.12582
-75.61624
-57.32439
-17.46345
61.7385
0
0
0
0
0
-84.39598
-89.23947
-85.93007
-66.5416
-16.86057
0
0
0
0
0
-898.0734
-74.87292
-90.84233
-102.4962
-102.0768
-79.2183
0
0
0
0
0
-762.3526
-716.3679
-47.68083
-80.84251
-105.7416
-123.6205
-124.7493
0
0
0
0
0
-637.1936
-618.7645
-591.3312
-12.64239
-52.98838
-92.92125
-130.1875
-153.8319
0
0
0
0
0
-527.1731
-527.3866
-521.0374
-514.163
12.08108
-16.08793
-67.68698
-118.8538
-165.6691
0
0
0
0
0
-428.9
-445.9461
-452.7353
-460.4343
-477.4136
15.89721
11.61962
-26.53739
-93.2348
-157.484
0
0
0
0
0
-336.5576
-371.6165
-390.419
-405.9682
-431.1649
16.4353
16.31792
8.856978
-45.86587
-132.2918
0
0
0
0
0
-255.7021
-299.1039
-332.1406
-355.0115
-382.368
390.9025
304.1795
429.4211
215.9669
333.9164
505.4903
139.2992
237.8632
391.7691
625.4638
74.87938
153.5149
278.9123
481.151
796.473
24.71237
82.46363
180.4007
342.5587
609.0292
0
-16.09488
27.49223
97.84915
222.7527
434.325
0
0
-48.01667
-16.69148
34.03902
122.6173
284.4993
0
0
0
-70.70304
-51.28045
-17.15331
45.15837
159.5084
0
0
0
0
-83.49158
-75.85818
-57.35496
-17.18407
62.31096
0
0
0
0
0
-84.98015
-89.82146
-86.25953
-66.40864
-16.22012
0
0
0
0
0
-903.3763
-75.65403
-91.84834
-103.3364
-102.4038
-78.62514
0
0
0
0
0
-766.8462
-722.2794
-48.43099
-82.4033
-107.2127
-124.7093
-124.9599
0
0
0
0
0
-642.1318
-623.162
-597.4619
-12.88427
-53.95306
-98.20002
-131.8971
-154.9245
0
0
0
0
0
-531.6349
-530.8372
-524.1419
-518.7481
12.23874
-16.33368
-68.76403
-120.6406
-167.4316
0
0
0
0
0
-432.6162
-448.5376
-454.7249
-462.404
-480.5602
15.89827
11.59083
-26.86174
-94.27001
-158.9295
0
0
0
0
0
-339.0337
-373.422
-391.8527
-407.0538
-432.2972
16.5188
16.36093
8.89677
-45.96645
-132.7747
0
0
0
0
0
-257.2027
-300.5966
-333.0741
-355.7815
-383.0976
17.28426
16.91696
16.59432
2.793439
-76.57852
0
0
0
0
0
-185.1612
-235.9953
-273.7967
-306.8287
-336.7221
385.4859
299.5992
420.9362
211.5953
327.7393
493.5006
135.7312
232.9405
384.4339
610.6064
73.06415
150.5504
274.7115
474.4326
782.4431
24.16348
81.29587
178.3526
339.287
603.674
0
-16.23858
27.25678
97.09859
221.3091
432.0446
0
0
-47.97642
-16.75575
33.87157
122.298
283.6832
0
0
0
-70.70304
-51.28045
-17.15331
45.15837
159.5084
0
0
0
0
-83.67385
-75.98718
-57.39079
-17.06957
62.60584
0
0
0
0
0
-85.39001
-90.21049
-86.51609
-66.40941
-15.82581
0
0
0
0
0
-906.4745
-74.0008
-92.47883
-103.978
-102.7416
-78.37772
0
0
0
0
0
-769.809
-726.0433
-49.0487
-83.26279
-108.3599
-125.6508
-125.242
0
0
0
0
0
-645.8756
-626.3429
-601.7805
-13.05979
-54.80505
-100.0369
-133.635
-156.1412
0
0
0
0
0
-536.3144
-534.4208
-527.3819
-523.6852
12.40891
-16.63485
-69.98836
-126.8323
-169.4883
0
0
0
0
0
-437.1384
-451.8653
-457.2919
-464.8495
-484.7161
16.09848
11.74958
-27.24712
-95.70672
-161.2082
0
0
0
0
0
-342.7074
-376.3167
-393.8246
-408.6208
-434.0582
16.65756
16.36138
8.850398
-46.46658
-134.174
0
0
0
0
0
-259.8406
-302.5965
-334.5075
-356.9564
-384.0689
17.30612
17.00203
16.63255
2.824367
-76.79015
0
0
0
0
0
-186.6771
-237.2689
-275.0893
-307.6382
-337.4347
17.99192
17.79548
17.19973
16.72289
-8.559444
0
0
0
0
0
-118.2711
-179.1802
-221.688
-256.5235
-292.4957
382.8626
296.4115
415.1227
208.0563
322.8231
483.8452
132.291
228.2465
377.4063
596.3097
70.36356
146.714
269.1057
465.7014
764.1189
22.92765
79.33462
174.9652
334.2692
595.4087
0
-16.43806
26.65417
95.73699
218.8405
428.006
0
0
-47.92817
-16.91661
33.57269
121.3713
281.8873
0
0
0
-70.58034
-51.2403
-17.23596
44.94003
159.0829
0
0
0
0
-83.67385
-75.98718
-57.39079
-17.06957
62.60584
0
0
0
0
0
-85.59809
-90.40455
-86.65423
-66.43535
-15.66226
0
0
0
0
0
-907.9012
-73.18322
-92.92038
-104.4092
-103.0147
-78.32782
0
0
0
0
0
-771.6703
-728.2432
-49.48019
-81.52807
-109.0872
-126.3775
-125.5777
0
0
0
0
0
-648.3033
-628.4438
-604.5026
-13.04726
-55.50406
-101.0757
-134.9985
-157.207
0
0
0
0
0
-539.7363
-537.1415
-529.6811
-527.0615
12.66316
-16.86938
-71.10349
-129.1119
-171.5871
0
0
0
0
0
-441.7184
-455.3789
-459.9754
-467.4308
-489.2583
16.31601
11.92002
-27.7233
-97.3706
-168.6465
0
0
0
0
0
-347.7034
-379.8404
-396.3882
-410.6731
-436.2675
16.7614
16.57052
8.995213
-47.10963
-136.1459
0
0
0
0
0
-264.3596
-305.5689
-336.8408
-358.5601
-385.4756
17.3527
17.14703
16.63132
2.740166
-77.57434
0
0
0
0
0
-189.3463
-239.4909
-276.7608
-308.846
-338.5044
18.018
17.81569
17.28266
16.75095
-8.547631
0
0
0
0
0
-119.9683
-180.5044
-222.8043
-257.69
-293.2528
18.88482
18.52427
18.09925
17.32352
16.94744
0
0
0
0
0
-55.65356
-124.5764
-174.3625
-211.2305
-245.8097
294.9316
412.3071
205.6662
319.4025
477.2312
129.4862
224.4477
371.8105
584.8041
67.86738
143.0151
263.7565
457.3306
746.4852
21.54542
76.42469
170.576
327.584
584.6625
0
-16.74008
25.31376
93.46148
214.7817
421.8074
0
0
-47.94095
-17.1445
32.84272
119.6949
278.8078
0
0
0
-70.34951
-51.195
-17.44037
44.53254
157.8974
0
0
0
0
-83.49158
-75.85818
-57.35496
-17.18407
62.31096
0
0
0
0
0
-85.59809
-90.40455
-86.65423
-66.43535
-15.66226
0
0
0
0
0
-907.9012
-73.31446
-93.1444
-104.6248
-103.1643
-78.33584
0
0
0
0
0
-772.5188
-729.258
-49.75588
-80.66758
-109.5941
-126.8698
-125.8663
0
0
0
0
0
-649.8013
-629.7884
-606.0926
-13.09271
-55.99142
-99.22921
-135.876
-158.0421
0
0
0
0
0
-542.1469
-538.9047
-531.1978
-529.154
13.00009
-16.895
-72.01056
-130.4411
-173.2446
0
0
0
0
0
-445.458
-457.9348
-462.0051
-469.2091
-492.2631
16.62002
12.17831
-28.13743
-98.93528
-171.5531
0
0
0
0
0
-352.9697
-383.4096
-399.1215
-412.8427
-438.6341
16.97788
16.79802
9.148273
-47.90889
-138.4648
0
0
0
0
0
-269.2597
-309.6736
-339.6854
-360.674
-387.3424
17.46008
17.25466
16.85104
2.843489
-78.636
0
0
0
0
0
-193.5515
-243.3497
-279.2504
-310.8381
-339.9642
18.09807
17.86368
17.43538
16.7471
-8.707528
0
0
0
0
0
-123.1379
-182.8266
-224.7359
-259.1576
-294.3659
19.07452
18.54874
18.11241
17.39975
16.96053
0
0
0
0
0
-57.1955
-126.107
-175.5527
-212.2478
-246.9155
20.03238
19.44608
18.83427
18.23554
17.54154
0
0
0
0
0
15.80632
-73.21734
-128.3113
-169.8148
-203.6267
204.6075
317.8136
474.0289
127.6564
221.8812
367.9201
576.9248
65.93409
140.0007
259.4309
450.661
732.3056
20.17342
73.73208
166.3437
321.1982
574.3531
0
-17.66426
23.80513
90.11247
209.5138
413.5642
0
0
-48.08455
-17.49178
31.27178
116.9116
273.7773
0
0
0
-70.04474
-51.21932
-17.7442
43.5894
155.7586
0
0
0
0
-83.12582
-75.61624
-57.32439
-17.46345
61.7385
0
0
0
0
0
-85.39001
-90.21049
-86.51609
-66.40941
-15.82581
0
0
0
0
0
-906.4745
-73.31446
-93.1444
-104.6248
-103.1643
-78.33584
0
0
0
0
0
-772.5188
-729.258
-49.88293
-80.81282
-109.8509
-127.1172
-126.0284
0
0
0
0
0
-650.5959
-630.3998
-606.8276
-13.14626
-56.30174
-98.30272
-136.4842
-158.614
0
0
0
0
0
-543.5543
-540.0084
-532.1905
-530.3726
13.2122
-16.96887
-72.64048
-128.4562
-174.3288
0
0
0
0
0
-448.0312
-459.7706
-463.316
-470.3729
-494.0851
16.98914
12.52531
-28.29117
-100.1969
-173.2968
0
0
0
0
0
-356.6599
-386.3721
-401.0896
-414.4612
-440.2091
17.32648
17.11643
9.394124
-48.65747
-140.7015
0
0
0
0
0
-274.1638
-314.0256
-342.5726
-362.9557
-389.3436
17.73641
17.48073
17.09219
2.94566
-79.9595
0
0
0
0
0
-199.659
-247.5003
-282.7395
-313.2755
-341.9098
18.28667
17.97479
17.54606
16.97921
-8.699054
0
0
0
0
0
-129.1508
-186.4986
-228.1293
-261.3486
-296.214
19.19636
18.63169
18.16085
17.56198
16.95295
0
0
0
0
0
-60.02465
-128.9652
-177.6295
-213.9937
-248.29
20.09923
19.64223
18.85156
18.23535
17.60739
0
0
0
0
0
14.30031
-74.64959
-129.7232
-170.9185
-204.5958
21.46414
20.63396
19.77131
18.96145
18.46844
0
0
0
0
0
107.0005
-13.22353
-84.835
-129.1412
-164.9436
126.8009
220.7431
366.1121
573.1123
64.48454
138.032
256.5059
446.0289
722.5984
18.8339
71.64506
162.8994
316.0402
566.1342
0
-18.41417
22.3089
87.0037
204.4336
405.6823
0
0
-48.22082
-18.50473
29.47381
112.86
267.237
0
0
0
-69.71056
-51.38945
-18.21464
41.64222
152.2323
0
0
0
0
-82.57775
-75.29888
-57.38671
-17.89966
60.47587
0
0
0
0
0
-84.98015
-89.82146
-86.25953
-66.40864
-16.22012
0
0
0
0
0
-903.3763
-73.18322
-92.92038
-104.4092
-103.0147
-78.32783
0
0
0
0
0
-771.6703
-728.2432
-49.88293
-80.81282
-109.8509
-127.1172
-126.0284
0
0
0
0
0
-650.5959
-630.3998
-606.8276
-13.16957
-56.44497
-98.47946
-136.7919
-158.9032
0
0
0
0
0
-544.2072
-540.6129
-532.6405
-530.9369
13.30259
-17.0409
-73.03859
-127.4426
-175.0766
0
0
0
0
0
-449.5911
-460.8441
-464.1501
-471.1502
-495.1394
17.26623
12.74306
-28.45509
-101.0696
-171.1527
0
0
0
0
0
-359.4095
-388.4343
-402.5303
-415.4971
-441.222
17.78771
17.50317
9.741455
-49.05547
-142.4924
0
0
0
0
0
-278.4025
-317.061
-345.0002
-364.571
-390.7982
18.25517
17.8455
17.43127
3.145726
-81.25224
0
0
0
0
0
-204.8293
-251.6597
-286.4628
-315.7617
-344.0353
18.71418
18.26328
17.78448
17.23814
-8.713045
0
0
0
0
0
-134.4165
-191.895
-231.7576
-264.4565
-298.4878
19.36539
18.82781
18.27444
17.67499
17.19977
0
0
0
0
0
-64.41682
-134.4284
-180.9236
-217.0856
-250.3466
20.22267
19.76882
18.93681
18.28342
17.78115
0
0
0
0
0
11.3906
-77.28149
-132.356
-172.8335
-206.2489
21.55903
20.70085
19.97148
18.96508
18.44943
0
0
0
0
0
105.7183
-14.68142
-86.18865
-130.4727
-166.0014
22.81563
22.11922
20.98807
19.89946
19.18175
0
0
0
0
0
231.2896
65.41021
-32.99348
-90.64698
-126.8146
63.83202
137.112
255.2069
443.8755
717.9038
17.90173
70.08362
160.6426
312.5477
560.4328
0
-18.60226
20.85759
84.58922
200.3074
399.3247
0
0
-47.56167
-19.33353
27.69481
109.0828
260.9303
0
0
0
-69.3595
-51.56013
-19.43467
39.36612
147.1586
0
0
0
0
-81.85354
-74.95488
-57.63232
-18.58547
57.97351
0
0
0
0
0
-84.39598
-89.23947
-85.93007
-66.5416
-16.86057
0
0
0
0
0
-898.0734
-74.0008
-92.47883
-103.978
-102.7416
-78.37772
0
0
0
0
0
-769.8089
-726.0433
-49.75588
-80.66758
-109.5941
-126.8698
-125.8663
0
0
0
0
0
-649.8013
-629.7884
-606.0926
-13.16957
-56.44497
-98.47946
-136.7919
-158.9032
0
0
0
0
0
-544.2072
-540.6129
-532.6405
-530.9369
13.3335
-17.07276
-73.22306
-127.6704
-175.4547
0
0
0
0
0
-450.4246
-461.3443
-464.6237
-471.5016
-495.6277
17.38994
12.83471
-28.58352
-101.6169
-170.0344
0
0
0
0
0
-361.1704
-389.6945
-403.3742
-416.1654
-441.9033
18.03722
17.79305
9.957233
-49.38854
-143.7276
0
0
0
0
0
-281.1456
-319.3659
-346.7069
-365.7676
-391.7147
18.64032
18.32851
17.84314
3.47106
-82.05232
0
0
0
0
0
-208.6481
-255.3112
-289.0437
-317.8594
-345.5061
19.15181
18.8063
18.17174
17.60484
-8.624586
0
0
0
0
0
-139.6352
-196.435
-235.4018
-267.7945
-300.8253
19.72859
19.2747
18.57844
17.92891
17.48277
0
0
0
0
0
-69.65554
-139.186
-185.8099
-220.3831
-253.2829
20.48383
19.94404
19.14053
18.39819
17.89621
0
0
0
0
0
6.832765
-81.36586
-137.4127
-175.878
-209.1851
21.70555
20.82893
20.10283
19.05217
18.49647
0
0
0
0
0
102.9595
-17.50212
-88.67531
-132.9486
-167.8277
22.94265
22.21542
21.04965
20.10049
19.16624
0
0
0
0
0
230.8553
64.08407
-34.41571
-91.94422
-128.0974
24.52239
23.52021
22.51975
21.13285
20.12029
0
0
0
0
0
458.5338
175.3104
36.53724
-44.06955
-90.69202
17.70728
69.38097
159.592
310.9945
557.7802
0
-19.04485
19.84791
82.79369
197.5913
395.0139
0
0
-47.514
-19.56309
25.9998
106.1413
255.8195
0
0
0
-68.86125
-50.89326
-20.4539
37.12072
142.4084
0
0
0
0
-81.00134
-74.59784
-57.9038
-20.15074
54.98706
0
0
0
0
0
-83.46003
-88.47211
-85.58651
-66.92201
-17.8788
0
0
0
0
0
-889.7896
-75.65403
-91.84834
-103.3364
-102.4038
-78.62514
0
0
0
0
0
-766.8461
-722.2794
-49.48019
-81.52807
-109.0872
-126.3775
-125.5777
0
0
0
0
0
-648.3033
-628.4438
-604.5026
-13.14626
-56.30174
-98.30272
-136.4842
-158.614
0
0
0
0
0
-543.5543
-540.0084
-532.1905
-530.3726
13.3335
-17.07276
-73.22306
-127.6704
-175.4547
0
0
0
0
0
-450.4246
-461.3443
-464.6237
-471.5016
-495.6277
17.4347
12.86555
-28.64174
-101.8716
-170.3355
0
0
0
0
0
-361.9416
-390.382
-403.7693
-416.5576
-442.2106
18.17195
17.92194
10.04403
-49.6218
-144.4977
0
0
0
0
0
-282.709
-320.8586
-347.7581
-366.4687
-392.3081
18.89736
18.58897
18.15038
3.668935
-82.66168
0
0
0
0
0
-211.2346
-257.6833
-291.035
-319.3415
-346.5915
19.59013
19.2088
18.68492
18.05014
-8.36757
0
0
0
0
0
-143.6465
-199.8044
-238.6369
-270.0896
-302.7754
20.37241
19.73181
19.15444
18.34564
17.88795
0
0
0
0
0
-75.16335
-143.9174
-189.9061
-223.7059
-256.454
21.02588
20.3228
19.61233
18.72149
18.17118
0
0
0
0
0
1.275915
-86.25788
-141.8047
-180.4223
-212.3218
21.95728
21.10059
20.28308
19.26362
18.61182
0
0
0
0
0
98.62576
-21.90684
-92.53218
-137.7155
-170.735
23.16301
22.36756
21.18186
20.23677
19.25514
0
0
0
0
0
229.5398
61.25306
-37.16567
-94.32209
-130.475
24.75664
23.65006
22.6122
21.1828
20.32058
0
0
0
0
0
460.4299
174.6936
35.18082
-45.45974
-91.94892
26.30801
25.29657
23.96056
22.70256
21.37424
0
0
0
0
0
948.4935
385.9327
135.7959
19.40818
-46.74798
-19.25596
19.63098
81.98862
196.3345
393.0928
0
0
-47.62075
-20.05073
24.82147
103.9715
252.439
0
0
0
-67.27102
-50.86474
-20.80345
35.02973
138.6994
0
0
0
0
-80.23164
-74.08648
-57.27468
-21.49108
52.05064
0
0
0
0
0
-82.2525
-87.57094
-85.24387
-67.37454
-19.96167
0
0
0
0
0
-878.405
-74.87292
-90.84233
-102.4962
-102.0768
-79.2183
0
0
0
0
0
-762.3526
-716.3679
-49.0487
-83.26279
-108.3599
-125.6508
-125.242
0
0
0
0
0
-645.8756
-626.3429
-601.7805
-13.09271
-55.99142
-99.22921
-135.876
-158.0421
0
0
0
0
0
-542.1469
-538.9047
-531.1978
-529.154
13.30259
-17.0409
-73.03859
-127.4426
-175.0766
0
0
0
0
0
-449.5911
-460.8441
-464.1501
-471.1502
-495.1394
17.4347
12.86555
-28.64174
-101.8716
-170.3355
0
0
0
0
0
-361.9416
-390.382
-403.7693
-416.5576
-442.2106
18.241
17.96838
10.07145
-49.72908
-144.8574
0
0
0
0
0
-283.4389
-321.5111
-348.3429
-366.7984
-392.6621
19.05265
18.72916
18.28543
3.739755
-83.0651
0
0
0
0
0
-212.8199
-259.0388
-292.3373
-320.2593
-347.2261
20.0546
19.47674
18.95947
18.37987
-8.219369
0
0
0
0
0
-146.364
-202.1032
-240.7443
-271.8769
-304.1481
20.87752
20.18951
19.58001
18.89822
18.37896
0
0
0
0
0
-79.41008
-147.5766
-192.9548
-226.6676
-258.6124
21.59878
20.9959
20.09476
19.33997
18.62875
0
0
0
0
0
-4.441988
-91.42212
-146.1862
-184.2299
-215.4952
22.44917
21.66677
20.68059
19.76644
18.96106
0
0
0
0
0
86.56494
-27.30186
-97.16776
-141.8553
-175.0852
23.67026
22.62905
21.46432
20.42081
19.47559
0
0
0
0
0
227.6467
56.82834
-41.44891
-98.0088
-135.0525
24.99862
23.87962
22.76955
21.31873
20.46271
0
0
0
0
0
463.5944
173.0454
32.3064
-48.14159
-94.24522
26.65674
25.53924
24.08881
22.78521
21.40777
0
0
0
0
0
954.0376
387.4637
135.047
18.04411
-48.10358
28.4465
27.16228
25.80931
24.17071
22.99241
0
0
0
0
0
6.071756
867.5883
333.6498
111.3436
13.48688
-47.66642
-20.28138
24.55006
103.0041
250.8835
0
0
0
-66.79406
-50.99193
-21.3977
33.57742
135.987
0
0
0
0
-79.47378
-72.42202
-57.31238
-22.05369
49.37899
0
0
0
0
0
-81.05391
-86.75765
-84.73451
-66.84101
-21.78533
0
0
0
0
0
-867.5681
-73.43617
-89.54657
-101.5152
-101.7774
-79.95704
0
0
0
0
0
-756.2078
-708.1443
-48.43099
-82.4033
-107.2127
-124.7093
-124.9599
0
0
0
0
0
-642.1318
-623.162
-597.4619
-13.04726
-55.50406
-101.0757
-134.9985
-157.207
0
0
0
0
0
-539.7363
-537.1415
-529.6811
-527.0615
13.2122
-16.96887
-72.64048
-128.4562
-174.3288
0
0
0
0
0
-448.0312
-459.7706
-463.316
-470.3729
-494.0851
17.38994
12.83471
-28.58352
-101.6169
-170.0344
0
0
0
0
0
-361.1704
-389.6945
-403.3742
-416.1654
-441.9033
18.241
17.96838
10.07145
-49.72908
-144.8574
0
0
0
0
0
-283.4389
-321.5111
-348.3429
-366.7984
-392.6621
19.12127
18.80096
18.3334
3.758036
-83.25203
0
0
0
0
0
-213.572
-259.674
-292.906
-320.7776
-347.5249
20.27744
19.63824
19.10567
18.52223
-8.185172
0
0
0
0
0
-148.0187
-203.5209
-241.9516
-273.0538
-304.999
21.23858
20.67484
19.86105
19.19046
18.73896
0
0
0
0
0
-82.26098
-150.0711
-195.0461
-228.5985
-260.292
22.17954
21.5231
20.57738
19.79502
19.23446
0
0
0
0
0
-8.761807
-95.42677
-149.5882
-187.0629
-218.3093
23.27475
22.2647
21.3917
20.28056
19.63669
0
0
0
0
0
80.98186
-32.8789
-102.0765
-145.9965
-178.74
24.25272
23.14207
22.06055
20.84064
20.01908
0
0
0
0
0
225.3691
44.92668
-46.71281
-102.4515
-139.0362
25.40306
24.40947
23.04018
21.61224
20.65069
0
0
0
0
0
468.3031
170.6549
27.82842
-52.31178
-97.80528
27.00755
25.79173
24.32878
22.94736
21.54798
0
0
0
0
0
964.5254
389.923
133.1644
15.17159
-50.71043
28.66492
27.52594
26.05859
24.29184
23.06106
0
0
0
0
0
6.001997
872.7363
334.9134
110.5203
12.14432
30.69702
29.41356
27.77223
26.09015
24.49603
0
0
0
0
0
5.798029
5.273547
808.7343
299.5095
101.1785
-66.59065
-51.04484
-21.67122
33.21422
134.7837
0
0
0
0
-79.07646
-71.92767
-57.49672
-22.82675
47.52541
0
0
0
0
0
-80.01075
-85.95765
-82.97503
-67.00248
-22.67761
0
0
0
0
0
-859.0239
-69.06943
-88.2623
-100.631
-101.2932
-79.59849
0
0
0
0
0
-750.2668
-700.3497
-47.68083
-80.84251
-105.7416
-123.6205
-124.7493
0
0
0
0
0
-637.1936
-618.7645
-591.3312
-13.05979
-54.80506
-100.0369
-133.635
-156.1412
0
0
0
0
0
-536.3144
-534.4208
-527.3819
-523.6852
13.00009
-16.895
-72.01056
-130.4411
-173.2446
0
0
0
0
0
-445.458
-457.9348
-462.0051
-469.209
-492.2631
17.26623
12.74306
-28.45509
-101.0696
-171.1527
0
0
0
0
0
-359.4095
-388.4343
-402.5303
-415.4971
-441.222
18.17195
17.92194
10.04403
-49.6218
-144.4977
0
0
0
0
0
-282.709
-320.8586
-347.7581
-366.4687
-392.3081
19.12127
18.80096
18.3334
3.758036
-83.25203
0
0
0
0
0
-213.572
-259.674
-292.906
-320.7776
-347.5249
20.36622
19.70942
19.1803
18.57165
-8.186203
0
0
0
0
0
-148.7995
-204.1962
-242.5194
-273.5673
-305.4826
21.46939
20.90686
20.02908
19.3434
18.89121
0
0
0
0
0
-83.9791
-151.5974
-196.3424
-229.7062
-261.3999
22.77885
21.89923
21.08915
20.09174
19.55093
0
0
0
0
0
-11.51016
-98.1298
-151.9179
-189.0111
-220.1397
23.95697
22.87075
21.94655
20.79428
20.13236
0
0
0
0
0
77.43183
-37.1197
-105.8972
-149.215
-181.4473
25.03558
24.00503
22.68955
21.59912
20.57673
0
0
0
0
0
223.1823
39.18248
-52.17202
-107.1661
-143.0289
26.23894
25.01756
23.57842
22.24483
21.10028
0
0
0
0
0
474.1659
167.7219
16.103
-57.44785
-102.1018
27.44416
26.2139
24.88598
23.22625
21.85481
0
0
0
0
0
980.4301
393.5788
130.4231
10.703
-54.76155
29.00071
27.89368
26.32359
24.54336
23.22891
0
0
0
0
0
5.945696
882.4035
336.8596
108.5151
9.329486
30.98693
29.642
28.15308
26.34302
24.60668
0
0
0
0
0
5.767487
5.212247
813.603
300.5981
100.3442
32.79863
31.80619
30.1915
28.15935
26.50723
0
0
0
0
0
5.674644
4.942766
4.623248
766.0457
282.3179
-78.90621
-71.7146
-57.56771
-23.17046
47.02288
0
0
0
0
0
-79.43782
-85.53806
-82.46566
-67.28828
-23.71822
0
0
0
0
0
-853.2782
-67.93915
-87.1464
-99.76315
-99.42241
-79.95832
0
0
0
0
0
-745.4329
-694.2407
-46.81981
-76.16579
-104.2884
-122.6408
-124.328
0
0
0
0
0
-632.4234
-614.5247
-585.566
-12.88427
-53.95306
-98.20002
-131.8971
-154.9245
0
0
0
0
0
-531.6349
-530.8372
-524.1419
-518.7481
12.66316
-16.86938
-71.10349
-129.1119
-171.5871
0
0
0
0
0
-441.7184
-455.3789
-459.9754
-467.4308
-489.2583
16.98914
12.52531
-28.29117
-100.1969
-173.2968
0
0
0
0
0
-356.6599
-386.3721
-401.0896
-414.4612
-440.209
18.03722
17.79305
9.957232
-49.38854
-143.7276
0
0
0
0
0
-281.1456
-319.3659
-346.7069
-365.7676
-391.7147
19.05265
18.72916
18.28543
3.739754
-83.0651
0
0
0
0
0
-212.8199
-259.0388
-292.3373
-320.2593
-347.2261
20.36622
19.70942
19.1803
18.57165
-8.186203
0
0
0
0
0
-148.7995
-204.1962
-242.5194
-273.5673
-305.4826
21.57673
20.99903
20.10256
19.42097
18.94258
0
0
0
0
0
-84.78416
-152.3201
-196.9618
-230.2286
-261.8834
23.07524
22.13931
21.33152
20.26675
19.71296
0
0
0
0
0
-13.19016
-99.76565
-153.3489
-190.2226
-221.1898
24.46638
23.49671
22.33995
21.33861
20.45063
0
0
0
0
0
79.70706
-39.83952
-108.4861
-151.4239
-183.3067
25.9825
24.71727
23.32683
22.18772
21.13308
0
0
0
0
0
221.5677
35.43848
-56.34153
-110.8409
-146.1238
27.13644
25.83565
24.48905
22.91126
21.92207
0
0
0
0
0
480.4049
164.8113
10.26372
-62.78517
-106.6667
28.20059
27.08911
25.52561
23.79385
22.53492
0
0
0
0
0
1000.691
398.0936
127.0301
-0.7861536
-59.75553
29.70393
28.35122
26.76699
25.13244
23.51759
0
0
0
0
0
6.118341
897.0602
339.7495
105.5899
4.949373
31.23676
29.99583
28.54402
26.62219
24.87273
0
0
0
0
0
5.880656
5.155826
822.6784
302.2144
98.33825
33.09207
32.11192
30.43288
28.55815
26.76332
0
0
0
0
0
5.541564
4.91523
4.567116
770.7044
283.3235
34.43628
34.06079
32.83595
30.78909
28.71442
0
0
0
0
0
5.158928
4.727151
4.248681
4.21507
736.1284
-79.22148
-85.35522
-82.23843
-67.39065
-24.16747
0
0
0
0
0
-850.1602
-67.21068
-86.53135
-99.30717
-98.90449
-80.40181
0
0
0
0
0
-742.2066
-690.1467
-46.0433
-74.93958
-103.0307
-121.6815
-122.3382
0
0
0
0
0
-628.6488
-611.0772
-581.0892
-12.64239
-52.98838
-92.92125
-130.1875
-153.8319
0
0
0
0
0
-527.1731
-527.3866
-521.0374
-514.163
12.40891
-16.63485
-69.98836
-126.8323
-169.4883
0
0
0
0
0
-437.1384
-451.8653
-457.2919
-464.8495
-484.7161
16.62002
12.17831
-28.13743
-98.93528
-171.5531
0
0
0
0
0
-352.9697
-383.4096
-399.1215
-412.8427
-438.6341
17.78771
17.50317
9.741454
-49.05547
-142.4924
0
0
0
0
0
-278.4025
-317.061
-345.0002
-364.571
-390.7982
18.89735
18.58897
18.15038
3.668935
-82.66168
0
0
0
0
0
-211.2346
-257.6833
-291.035
-319.3415
-346.5915
20.27744
19.63824
19.10567
18.52223
-8.185173
0
0
0
0
0
-148.0187
-203.521
-241.9516
-273.0538
-304.999
21.57673
20.99903
20.10256
19.42097
18.94258
0
0
0
0
0
-84.78416
-152.3201
-196.9618
-230.2286
-261.8834
23.19326
22.25081
21.42686
20.34231
19.79439
0
0
0
0
0
-13.98292
-100.5343
-154.0283
-190.8028
-221.6854
24.79154
23.80532
22.5897
21.59267
20.63506
0
0
0
0
0
81.19558
-41.50566
-110.058
-152.784
-184.4639
26.60786
25.24854
23.98577
22.60081
21.72035
0
0
0
0
0
220.5787
37.34512
-59.03132
-113.336
-148.2466
28.0092
26.82641
25.23858
23.58605
22.55669
0
0
0
0
0
485.4876
162.6208
6.395573
-66.8708
-110.2202
29.37843
28.02909
26.38864
24.7627
23.25221
0
0
0
0
0
1022.32
402.8873
123.6134
-6.624641
-64.94876
30.53775
29.14561
27.69433
25.80921
24.1241
0
0
0
0
0
6.282946
915.7155
343.2884
101.9562
-6.216381
31.76185
30.73679
29.0297
27.08949
25.50167
0
0
0
0
0
5.900778
5.308093
836.4348
304.6129
95.41097
33.3441
32.37795
30.81483
28.97787
27.0604
0
0
0
0
0
5.509644
5.012378
4.510341
779.3328
284.792
34.7143
34.3713
33.16678
31.04434
29.1349
0
0
0
0
0
5.010191
4.604288
4.222093
4.162092
740.6233
36.21277
35.83157
35.39439
33.78483
31.61811
0
0
0
0
0
4.656745
4.13544
3.95959
3.822933
4.017825
-66.9882
-86.29466
-99.09863
-98.65939
-80.55462
0
0
0
0
0
-740.2947
-687.8911
-45.46136
-74.14938
-102.3306
-121.1767
-121.8248
0
0
0
0
0
-626.0459
-608.7931
-578.1045
-12.44383
-52.12498
-91.47994
-128.7156
-152.7617
0
0
0
0
0
-523.6647
-524.6795
-518.5202
-510.647
12.23874
-16.33368
-68.76403
-120.6406
-167.4316
0
0
0
0
0
-432.6162
-448.5376
-454.7249
-462.404
-480.5602
16.31601
11.92002
-27.7233
-97.3706
-168.6465
0
0
0
0
0
-347.7034
-379.8404
-396.3882
-410.6731
-436.2675
17.32648
17.11643
9.394124
-48.65747
-140.7015
0
0
0
0
0
-274.1638
-314.0256
-342.5726
-362.9557
-389.3436
18.64032
18.32851
17.84314
3.471059
-82.05232
0
0
0
0
0
-208.6481
-255.3112
-289.0437
-317.8594
-345.5061
20.0546
19.47674
18.95947
18.37987
-8.21937
0
0
0
0
0
-146.364
-202.1032
-240.7443
-271.8769
-304.1481
21.46939
20.90686
20.02908
19.3434
18.89121
0
0
0
0
0
-83.9791
-151.5974
-196.3424
-229.7062
-261.3999
23.19326
22.25081
21.42686
20.3423
19.79439
0
0
0
0
0
-13.98292
-100.5343
-154.0283
-190.8028
-221.6854
24.95116
23.92785
22.70515
21.69099
20.71336
0
0
0
0
0
80.67301
-42.29276
-110.7981
-153.4309
-185.0187
27.00874
25.58732
24.3079
22.86067
21.98991
0
0
0
0
0
220.0272
38.62873
-60.68154
-114.8539
-149.5547
28.69806
27.47994
25.79556
24.28457
22.99645
0
0
0
0
0
488.8739
161.238
8.018529
-69.51577
-112.633
30.39073
28.94392
27.43665
25.55673
23.97788
0
0
0
0
0
1038.986
406.8292
121.0179
-10.52674
-68.92428
31.62591
30.38446
28.69171
26.72633
25.17018
0
0
0
0
0
6.52847
935.6187
347.0412
98.27528
-11.93728
32.81144
31.61767
29.87884
28.0809
26.22742
0
0
0
0
0
6.026034
5.439378
853.9378
307.5321
91.77474
33.84735
32.93541
31.6134
29.49724
27.55784
0
0
0
0
0
5.504334
5.023244
4.645796
792.4112
286.9728
35.28718
34.64069
33.46281
31.4633
29.59123
0
0
0
0
0
4.999034
4.567533
4.306211
4.106058
748.9084
36.44657
36.12602
35.73396
34.14902
31.89074
0
0
0
0
0
4.697915
3.996056
3.843351
3.796665
3.966955
37.63362
37.74509
37.44819
36.80546
35.09091
0
0
0
0
0
4.197141
3.53203
3.306563
3.495145
3.634731
-45.33379
-73.90092
-102.0481
-120.929
-121.5613
0
0
0
0
0
-624.4102
-607.39
-576.4295
-12.25042
-51.48187
-90.55491
-127.8855
-152.1989
0
0
0
0
0
-521.1655
-522.8081
-516.8691
-508.3187
12.08108
-16.08793
-67.68698
-118.8538
-165.6691
0
0
0
0
0
-428.9
-445.9461
-452.7353
-460.4343
-477.4136
16.09848
11.74958
-27.24712
-95.70672
-161.2082
0
0
0
0
0
-342.7074
-376.3167
-393.8246
-408.6208
-434.0582
16.97788
16.79802
9.148273
-47.90889
-138.4648
0
0
0
0
0
-269.2597
-309.6736
-339.6854
-360.674
-387.3424
18.25517
17.84549
17.43127
3.145726
-81.25224
0
0
0
0
0
-204.8293
-251.6597
-286.4628
-315.7617
-344.0353
19.59013
19.2088
18.68492
18.05014
-8.36757
0
0
0
0
0
-143.6465
-199.8044
-238.6369
-270.0896
-302.7754
21.23858
20.67484
19.86105
19.19046
18.73896
0
0
0
0
0
-82.26098
-150.0711
-195.0461
-228.5985
-260.292
23.07524
22.13931
21.33152
20.26675
19.71296
0
0
0
0
0
-13.19017
-99.76564
-153.3489
-190.2226
-221.1898
24.95116
23.92785
22.70515
21.69099
20.71336
0
0
0
0
0
80.67301
-42.29276
-110.7981
-153.4309
-185.0187
27.19177
25.75356
24.43467
22.97986
22.09215
0
0
0
0
0
219.7914
38.05899
-61.4618
-115.5697
-150.1773
29.18078
27.89873
26.14951
24.62149
23.26975
0
0
0
0
0
490.8961
160.4479
9.143818
-71.13994
-114.1019
31.16121
29.66642
28.12586
26.14299
24.72836
0
0
0
0
0
1049.868
409.4602
119.3565
-9.097978
-71.50078
32.88832
31.45095
29.66439
27.84453
26.02414
0
0
0
0
0
6.851265
950.9436
350.1546
95.463
-15.7688
33.92374
32.76936
31.20818
29.149
27.21697
0
0
0
0
0
6.281435
5.633963
872.6115
310.6316
88.09128
34.77818
34.04833
32.57094
30.41562
28.63248
0
0
0
0
0
5.662282
5.116075
4.75215
809.0557
289.6285
35.84304
35.17658
34.07745
32.33753
30.15344
0
0
0
0
0
5.067178
4.552749
4.309147
4.22959
761.4707
36.78345
36.7329
36.03717
34.48889
32.35795
0
0
0
0
0
4.71408
3.975921
3.802373
3.872011
3.91266
37.94525
37.99319
37.77164
37.18641
35.50136
0
0
0
0
0
4.039433
3.562827
3.173099
3.383839
3.609059
38.49067
39.28049
39.64581
39.30812
38.7908
0
0
0
0
0
3.775737
2.936777
2.621125
2.815691
3.303592
-12.26112
-51.33095
-90.24398
-127.5298
-151.8998
0
0
0
0
0
-519.6756
-521.5757
-515.8093
-506.9888
12.10429
-15.86015
-66.89707
-117.7139
-164.6618
0
0
0
0
0
-426.549
-444.0814
-451.3571
-459.1572
-475.3434
15.89827
11.59083
-26.86174
-94.27001
-158.9295
0
0
0
0
0
-339.0337
-373.422
-391.8527
-407.0538
-432.2972
16.7614
16.57052
8.995213
-47.10963
-136.1459
0
0
0
0
0
-264.3596
-305.5689
-336.8408
-358.5601
-385.4756
17.73641
17.48072
17.09219
2.94566
-79.9595
0
0
0
0
0
-199.659
-247.5003
-282.7395
-313.2755
-341.9098
19.15181
18.8063
18.17173
17.60484
-8.624586
0
0
0
0
0
-139.6352
-196.435
-235.4018
-267.7945
-300.8253
20.87752
20.18951
19.58001
18.89822
18.37896
0
0
0
0
0
-79.41007
-147.5766
-192.9548
-226.6676
-258.6124
22.77885
21.89923
21.08915
20.09174
19.55093
0
0
0
0
0
-11.51017
-98.1298
-151.9179
-189.0111
-220.1397
24.79153
23.80532
22.5897
21.59267
20.63506
0
0
0
0
0
81.19558
-41.50566
-110.058
-152.784
-184.4639
27.19177
25.75356
24.43467
22.97986
22.09215
0
0
0
0
0
219.7914
38.05899
-61.4618
-115.5697
-150.1773
29.47157
28.08984
26.32288
24.7521
23.39386
0
0
0
0
0
491.8508
160.0992
8.542885
-71.90835
-114.795
31.68086
30.17306
28.56665
26.51327
25.08486
0
0
0
0
0
1056.195
411.0362
118.3972
-8.083004
-73.08352
33.75528
32.26411
30.43361
28.57606
26.64951
0
0
0
0
0
7.06646
960.9461
352.2349
93.64956
-14.44031
34.99095
34.10644
32.35839
30.19324
28.4278
0
0
0
0
0
6.673288
5.898103
886.9686
313.2138
85.2647
36.01468
35.23084
33.82966
31.86196
29.79444
0
0
0
0
0
6.081988
5.315357
4.909501
826.8255
292.4636
36.70879
36.16617
35.30031
33.39887
31.16248
0
0
0
0
0
5.369419
4.670683
4.377625
4.320128
777.4748
37.41045
37.32426
36.63329
35.18594
33.33029
0
0
0
0
0
4.70603
4.02426
3.779398
3.870257
4.029057
38.28669
38.35197
38.43684
37.5413
35.90361
0
0
0
0
0
4.019037
3.564478
3.145421
3.341044
3.679648
38.84852
39.61045
39.91962
39.67393
39.23294
0
0
0
0
0
3.611701
2.782404
2.642101
2.687006
3.196537
39.51132
40.21922
41.42447
41.9544
41.98272
0
0
0
0
0
2.83096
2.336853
1.915135
2.09221
2.633768
12.06161
-15.85999
-66.6844
-117.2994
-164.204
0
0
0
0
0
-425.11
-442.9367
-450.398
-458.3014
-474.1515
15.89721
11.61962
-26.53739
-93.2348
-157.484
0
0
0
0
0
-336.5576
-371.6165
-390.419
-405.9682
-431.1649
16.65756
16.36138
8.850398
-46.46658
-134.174
0
0
0
0
0
-259.8406
-302.5965
-334.5075
-356.9564
-384.0689
17.46008
17.25466
16.85104
2.843489
-78.636
0
0
0
0
0
-193.5515
-243.3497
-279.2504
-310.8381
-339.9642
18.71418
18.26328
17.78448
17.23814
-8.713045
0
0
0
0
0
-134.4165
-191.895
-231.7576
-264.4565
-298.4878
20.37241
19.73181
19.15443
18.34564
17.88795
0
0
0
0
0
-75.16335
-143.9174
-189.9061
-223.7059
-256.454
22.17954
21.5231
20.57738
19.79502
19.23446
0
0
0
0
0
-8.761811
-95.42677
-149.5882
-187.0629
-218.3093
24.46638
23.49671
22.33995
21.33861
20.45063
0
0
0
0
0
79.70706
-39.83952
-108.4861
-151.4238
-183.3067
27.00874
25.58732
24.3079
22.86067
21.98991
0
0
0
0
0
220.0272
38.62873
-60.68154
-114.8539
-149.5547
29.47157
28.08984
26.32288
24.7521
23.39386
0
0
0
0
0
491.8508
160.0992
8.542885
-71.90835
-114.795
31.92409
30.47846
28.76746
26.69407
25.22054
0
0
0
0
0
1059.087
411.7836
117.9683
-8.69587
-73.83264
34.29725
32.81327
30.97386
29.0421
27.0414
0
0
0
0
0
7.114751
966.7624
353.4848
92.59687
-13.48588
35.89268
35.02726
33.23943
31.02012
29.21542
0
0
0
0
0
6.803834
6.071931
896.3332
314.9374
83.43443
37.09302
36.36679
35.29368
33.122
30.93346
0
0
0
0
0
6.306528
5.638163
5.130157
840.458
294.8109
38.01634
37.4806
36.61032
34.80579
32.76243
0
0
0
0
0
5.603233
5.014646
4.535522
4.453913
794.5882
38.41013
38.24556
37.72958
36.56736
34.53035
0
0
0
0
0
4.846986
4.268824
3.866947
3.923803
4.112505
38.83863
39.01812
39.09341
38.2275
36.71718
0
0
0
0
0
4.075576
3.538991
3.177389
3.313572
3.67649
39.47176
39.97404
40.31932
40.42407
39.66524
0
0
0
0
0
3.575702
2.747123
2.631805
2.655385
3.154265
39.8211
40.5977
41.78605
42.26608
42.41253
0
0
0
0
0
2.657042
2.171687
1.761757
2.106481
2.509754
40.33734
41.32567
42.55017
44.12067
45.31604
0
0
0
0
0
1.915321
1.210331
1.168658
1.331515
1.917589
15.85391
11.57685
-26.50302
-92.91467
-156.9199
0
0
0
0
0
-334.7776
-370.4781
-389.5085
-405.1724
-430.3906
16.5188
16.36094
8.89677
-45.96645
-132.7747
0
0
0
0
0
-257.2027
-300.5966
-333.0741
-355.7815
-383.0976
17.3527
17.14703
16.63132
2.740166
-77.57434
0
0
0
0
0
-189.3463
-239.4909
-276.7608
-308.846
-338.5044
18.28667
17.97479
17.54606
16.97921
-8.699054
0
0
0
0
0
-129.1508
-186.4986
-228.1293
-261.3486
-296.214
19.72859
19.27469
18.57844
17.9289
17.48277
0
0
0
0
0
-69.65554
-139.186
-185.8099
-220.3831
-253.2829
21.59878
20.9959
20.09476
19.33997
18.62874
0
0
0
0
0
-4.441991
-91.42211
-146.1862
-184.2299
-215.4952
23.95697
22.87075
21.94655
20.79428
20.13236
0
0
0
0
0
77.43183
-37.1197
-105.8972
-149.215
-181.4473
26.60786
25.24854
23.98577
22.60081
21.72035
0
0
0
0
0
220.5787
37.34512
-59.03132
-113.336
-148.2466
29.18078
27.89873
26.14951
24.62149
23.26975
0
0
0
0
0
490.8961
160.4479
9.143819
-71.13994
-114.1019
31.92409
30.47846
28.76746
26.69407
25.22054
0
0
0
0
0
1059.087
411.7836
117.9683
-8.69587
-73.83264
34.56296
33.07065
31.29996
29.25369
27.23192
0
0
0
0
0
7.113028
969.4217
354.0805
92.12336
-14.08921
36.62442
35.60401
33.83639
31.60193
29.71456
0
0
0
0
0
6.833463
6.102362
901.7782
315.9752
82.36921
37.91562
37.32657
36.31059
34.09304
31.8362
0
0
0
0
0
6.390083
5.73062
5.272891
849.34
296.3698
39.10462
38.62905
37.87311
36.44845
34.168
0
0
0
0
0
5.815748
5.178827
4.806451
4.646461
807.6763
39.51399
39.63473
39.18532
38.06547
36.139
0
0
0
0
0
5.253301
4.436125
4.153707
4.055756
4.235831
39.91761
40.08017
40.11735
39.48254
38.32283
0
0
0
0
0
4.363494
3.62903
3.377311
3.382429
3.724223
40.02909
40.56119
41.05576
41.1785
40.48437
0
0
0
0
0
3.543172
2.773994
2.591618
2.677315
3.126092
40.20883
41.25748
42.19087
42.7277
43.28398
0
0
0
0
0
2.659903
2.117241
1.714038
2.08944
2.477715
40.64139
41.65375
42.96388
44.528
45.68595
0
0
0
0
0
1.8191
1.02968
1.000769
1.180319
1.929119
40.73511
42.22367
43.84246
45.55196
48.07992
0
0
0
0
0
0.6029043
0.04666127
-0.1100009
0.5099336
1.15989
16.4353
16.31792
8.856978
-45.86587
-132.2918
0
0
0
0
0
-255.7021
-299.1039
-332.1406
-355.0115
-382.368
17.30612
17.00203
16.63255
2.824367
-76.79015
0
0
0
0
0
-186.6771
-237.2689
-275.0893
-307.6382
-337.4347
18.09807
17.86368
17.43538
16.7471
-8.707528
0
0
0
0
0
-123.1379
-182.8266
-224.7359
-259.1576
-294.3659
19.36539
18.82781
18.27444
17.67499
17.19977
0
0
0
0
0
-64.41682
-134.4283
-180.9236
-217.0856
-250.3466
21.02588
20.3228
19.61233
18.72149
18.17118
0
0
0
0
0
1.275912
-86.25788
-141.8047
-180.4223
-212.3218
23.27475
22.2647
21.3917
20.28056
19.63669
0
0
0
0
0
80.98186
-32.8789
-102.0765
-145.9965
-178.74
25.9825
24.71727
23.32683
22.18772
21.13307
0
0
0
0
0
221.5677
35.43848
-56.34153
-110.8409
-146.1238
28.69806
27.47994
25.79556
24.28457
22.99645
0
0
0
0
0
488.8739
161.238
8.018529
-69.51578
-112.633
31.68086
30.17306
28.56665
26.51327
25.08486
0
0
0
0
0
1056.195
411.0362
118.3972
-8.083004
-73.08352
34.56296
33.07065
31.29996
29.25369
27.23192
0
0
0
0
0
7.113028
969.4217
354.0805
92.12336
-14.08921
36.92487
35.887
34.11718
31.95393
29.94026
0
0
0
0
0
6.84614
6.09462
904.2678
316.4719
81.88892
38.44711
38.10405
36.95086
34.75396
32.47229
0
0
0
0
0
6.40698
5.741307
5.289818
854.5028
297.3077
39.92312
39.50606
38.93999
37.60425
35.25862
0
0
0
0
0
6.105177
5.22384
4.87035
4.769284
816.1882
40.67066
40.7935
40.46446
39.5174
38.02732
0
0
0
0
0
5.447369
4.581804
4.272793
4.292932
4.41494
41.01545
41.25501
41.65319
41.14865
40.09383
0
0
0
0
0
4.553469
3.943974
3.494544
3.632033
3.845124
40.88734
41.70656
42.22993
42.35679
41.9719
0
0
0
0
0
3.646815
2.988977
2.642201
2.848496
3.18762
41.00484
41.85023
42.84265
43.5686
44.18339
0
0
0
0
0
2.873848
2.055011
1.716356
2.041204
2.49597
40.98109
42.06586
43.68564
44.99519
46.23969
0
0
0
0
0
1.779005
1.002956
0.9308306
1.126067
1.910447
41.05387
42.54576
44.20212
46.01646
48.55567
0
0
0
0
0
0.591317
-0.07179538
-0.298106
0.3422529
1.013138
41.31009
42.66832
44.89899
47.1424
49.99277
0
0
0
0
0
-0.8245797
-1.558841
-1.48239
-0.8396749
0.3367164
17.28426
16.91696
16.59432
2.793439
-76.57852
0
0
0
0
0
-185.1612
-235.9953
-273.7967
-306.8287
-336.7221
18.018
17.81569
17.28266
16.75095
-8.547631
0
0
0
0
0
-119.9683
-180.5044
-222.8043
-257.69
-293.2528
19.19636
18.63169
18.16085
17.56198
16.95295
0
0
0
0
0
-60.02465
-128.9652
-177.6295
-213.9937
-248.29
20.48383
19.94404
19.14053
18.39819
17.89621
0
0
0
0
0
6.832763
-81.36586
-137.4127
-175.878
-209.1851
22.44917
21.66677
20.68059
19.76644
18.96106
0
0
0
0
0
86.56494
-27.30187
-97.16776
-141.8553
-175.0852
25.03558
24.00503
22.68955
21.59912
20.57673
0
0
0
0
0
223.1823
39.18248
-52.17202
-107.1661
-143.0289
28.0092
26.82641
25.23857
23.58605
22.55669
0
0
0
0
0
485.4876
162.6208
6.395572
-66.87081
-110.2202
31.16121
29.66642
28.12586
26.14299
24.72836
0
0
0
0
0
1049.868
409.4602
119.3565
-9.097978
-71.50079
34.29725
32.81327
30.97386
29.0421
27.04139
0
0
0
0
0
7.114751
966.7624
353.4848
92.59687
-13.48588
36.92487
35.887
34.11719
31.95393
29.94026
0
0
0
0
0
6.84614
6.09462
904.2678
316.4719
81.88892
38.70839
38.42404
37.26562
35.06635
32.85782
0
0
0
0
0
6.398379
5.745041
5.277467
856.8633
297.7573
40.45019
40.07321
39.79948
38.33771
36.00475
0
0
0
0
0
6.160348
5.219253
4.866586
4.778233
821.1328
41.65849
41.66608
41.44396
40.74439
39.37955
0
0
0
0
0
5.504989
4.8077
4.288656
4.339602
4.528572
42.04583
42.48556
42.9431
42.62493
41.82303
0
0
0
0
0
4.718753
4.062317
3.589724
3.723604
4.065931
42.20629
42.87499
43.53611
44.11052
43.94665
0
0
0
0
0
4.015233
3.093914
2.886888
2.935273
3.419463
41.86722
42.7634
44.1057
44.90942
45.59059
0
0
0
0
0
2.950858
2.088829
1.873921
2.068301
2.653898
41.53396
42.90958
44.34328
45.74388
47.23387
0
0
0
0
0
1.747182
1.153891
0.8435976
1.113975
1.860981
41.64348
42.90746
44.65892
46.82809
49.11557
0
0
0
0
0
0.6211347
-0.1468276
-0.3494157
0.2642806
0.9582603
41.58658
43.00578
45.25226
47.54786
50.5323
0
0
0
0
0
-1.082297
-1.610827
-1.621051
-1.03005
0.1732903
41.80163
43.29531
45.45896
48.45472
52.04496
0
0
0
0
0
-2.681493
-3.377
-3.33719
-2.314731
-0.9994142
17.99192
17.79548
17.19973
16.72289
-8.559444
0
0
0
0
0
-118.2711
-179.1802
-221.688
-256.5235
-292.4957
19.07452
18.54874
18.11241
17.39975
16.96053
0
0
0
0
0
-57.1955
-126.1069
-175.5527
-212.2478
-246.9155
20.22267
19.76882
18.93681
18.28342
17.78115
0
0
0
0
0
11.3906
-77.28149
-132.356
-172.8335
-206.249
21.95728
21.10059
20.28308
19.26362
18.61182
0
0
0
0
0
98.62576
-21.90684
-92.53218
-137.7155
-170.735
24.25272
23.14207
22.06055
20.84064
20.01908
0
0
0
0
0
225.3691
44.92667
-46.71281
-102.4515
-139.0362
27.13644
25.83565
24.48905
22.91126
21.92207
0
0
0
0
0
480.4049
164.8113
10.26372
-62.78517
-106.6667
30.39072
28.94392
27.43665
25.55673
23.97788
0
0
0
0
0
1038.986
406.8292
121.0179
-10.52674
-68.92428
33.75528
32.26411
30.43361
28.57606
26.64951
0
0
0
0
0
7.066459
960.9461
352.2349
93.64956
-14.44031
36.62441
35.60401
33.83639
31.60193
29.71457
0
0
0
0
0
6.833463
6.102362
901.7782
315.9752
82.36921
38.70846
38.42404
37.26562
35.06635
32.85782
0
0
0
0
0
6.398378
5.745041
5.277467
856.8633
297.7573
40.70921
40.35213
40.15593
38.69935
36.3595
0
0
0
0
0
6.152365
5.201665
4.863373
4.76341
823.3931
42.21332
42.2285
42.07881
41.72524
40.24709
0
0
0
0
0
5.50385
4.832524
4.267502
4.327599
4.534929
42.86445
43.53599
43.91747
43.75977
43.28533
0
0
0
0
0
4.981272
4.067722
3.766423
3.722532
4.106351
43.27466
43.97271
44.90237
45.59819
45.71593
0
0
0
0
0
4.144867
3.172474
2.947257
3.000114
3.500564
42.96167
44.16422
45.40462
46.41313
47.66364
0
0
0
0
0
3.068985
2.339203
1.913128
2.268764
2.729421
42.63913
43.82703
45.35772
47.18076
48.81893
0
0
0
0
0
1.993183
1.14562
0.8219641
1.235893
1.880369
42.19111
43.49547
45.58489
47.58296
50.00791
0
0
0
0
0
0.5026201
-0.234897
-0.2505366
0.1636189
0.9420443
41.88442
43.63015
45.65489
48.07174
51.47153
0
0
0
0
0
-1.17
-1.633813
-1.725481
-1.094931
0.0948236
42.07235
43.58846
45.8288
48.85324
52.51891
0
0
0
0
0
-2.94124
-3.665869
-3.424258
-2.463863
-1.185699
41.65439
43.83107
46.20229
49.2073
53.75514
0
0
0
0
0
-5.587279
-5.693118
-5.483544
-4.288302
-2.46736
18.88482
18.52427
18.09925
17.32352
16.94744
0
0
0
0
0
-55.65356
-124.5764
-174.3625
-211.2305
-245.8097
20.09923
19.64223
18.85156
18.23535
17.60739
0
0
0
0
0
14.3003
-74.64959
-129.7232
-170.9185
-204.5958
21.70555
20.82893
20.10283
19.05217
18.49647
0
0
0
0
0
102.9595
-17.50212
-88.67531
-132.9486
-167.8277
23.67026
22.62905
21.46432
20.42081
19.47559
0
0
0
0
0
227.6467
56.82834
-41.44891
-98.0088
-135.0525
26.23894
25.01756
23.57842
22.24483
21.10028
0
0
0
0
0
474.1659
167.7219
16.103
-57.44786
-102.1018
29.37842
28.02909
26.38864
24.7627
23.25221
0
0
0
0
0
1022.32
402.8873
123.6134
-6.624641
-64.94876
32.88832
31.45093
29.66439
27.84453
26.02414
0
0
0
0
0
6.851265
950.9436
350.1546
95.463
-15.7688
35.89266
35.02726
33.23942
31.02011
29.21542
0
0
0
0
0
6.803833
6.071931
896.3332
314.9374
83.43443
38.44731
38.10403
36.95086
34.75397
32.47229
0
0
0
0
0
6.406978
5.741306
5.289818
854.5028
297.3077
40.70924
40.3522
40.15593
38.69935
36.35951
0
0
0
0
0
6.152365
5.201664
4.863372
4.76341
823.3931
42.47325
42.50501
42.39131
42.13657
40.6767
0
0
0
0
0
5.486831
4.812998
4.242883
4.320415
4.519759
43.55494
44.12744
44.54697
44.49761
44.4427
0
0
0
0
0
4.98709
4.034966
3.767584
3.692136
4.092231
44.05671
44.84517
46.06671
46.72681
47.08297
0
0
0
0
0
4.137783
3.352493
2.912078
3.145773
3.494536
44.26345
45.3017
46.62817
47.98294
49.44529
0
0
0
0
0
3.35006
2.365896
1.924351
2.294893
2.783633
43.73386
44.99166
46.90484
48.67587
50.61593
0
0
0
0
0
2.03791
1.143637
0.9794384
1.236557
2.062166
43.0452
44.66818
46.60372
48.74957
51.69793
0
0
0
0
0
0.4418892
-0.1115721
-0.3274943
0.110132
1.049859
42.68419
44.21262
46.30719
49.1177
52.37038
0
0
0
0
0
-1.075954
-1.820111
-1.860905
-1.028064
-0.007358583
42.3142
43.90601
46.51241
49.3177
53.14162
0
0
0
0
0
-3.25172
-3.811986
-3.491311
-2.583934
-1.253047
41.94087
44.1182
46.52455
49.62415
54.2214
0
0
0
0
0
-5.946384
-5.994661
-5.799725
-4.395146
-2.616088
41.86143
43.69173
46.83669
50.13917
54.81666
0
0
0
0
0
-9.300987
-8.85201
-8.150209
-6.590258
-4.425501
20.03239
19.44608
18.83427
18.23554
17.54154
0
0
0
0
0
15.80632
-73.21734
-128.3113
-169.8148
-203.6267
21.55903
20.70085
19.97148
18.96508
18.44943
0
0
0
0
0
105.7183
-14.68143
-86.18865
-130.4727
-166.0014
23.16301
22.36756
21.18186
20.23677
19.25514
0
0
0
0
0
229.5398
61.25305
-37.16567
-94.32208
-130.475
25.40306
24.40947
23.04018
21.61224
20.65069
0
0
0
0
0
468.3032
170.6549
27.82841
-52.31178
-97.80528
28.20058
27.08911
25.52561
23.79385
22.53492
0
0
0
0
0
1000.691
398.0936
127.0301
-0.7861543
-59.75553
31.62591
30.38444
28.69171
26.72633
25.17018
0
0
0
0
0
6.52847
935.6187
347.0412
98.27528
-11.93729
34.99093
34.10644
32.35838
30.19324
28.4278
0
0
0
0
0
6.673286
5.898102
886.9686
313.2138
85.2647
37.91592
37.32655
36.31059
34.09304
31.8362
0
0
0
0
0
6.390081
5.730619
5.272891
849.34
296.3698
40.45026
40.07342
39.79947
38.33771
36.00475
0
0
0
0
0
6.160348
5.219251
4.866585
4.778233
821.1328
42.47325
42.50504
42.39139
42.13657
40.6767
0
0
0
0
0
5.486831
4.812998
4.242882
4.320414
4.519759
43.9238
44.40485
44.85673
44.86123
44.93527
0
0
0
0
0
4.941818
4.003715
3.738919
3.66381
4.084034
44.54042
45.57921
46.72711
47.45832
47.97539
0
0
0
0
0
4.074258
3.316859
2.854292
3.133268
3.46218
45.09654
46.13567
47.60177
49.31752
50.80452
0
0
0
0
0
3.328551
2.282916
2.039167
2.236794
2.916018
44.80113
46.37449
48.17069
50.0895
52.48673
0
0
0
0
0
1.978256
1.283225
0.924918
1.208741
2.077469
44.38579
45.83302
47.89793
50.51347
53.48434
0
0
0
0
0
0.6012366
-0.2118305
-0.4252633
0.2113152
1.039038
43.53238
45.12124
47.59884
50.28876
53.76258
0
0
0
0
0
-1.247229
-2.007912
-1.837382
-1.143832
-0.06901494
42.84032
44.7536
47.1587
50.06633
54.36019
0
0
0
0
0
-3.583028
-3.828608
-3.734934
-2.745086
-1.197962
42.29634
44.37698
46.87983
50.39382
54.7778
0
0
0
0
0
-6.368169
-6.35293
-5.993678
-4.486754
-2.737847
42.14258
43.99541
47.15253
50.50388
55.30349
0
0
0
0
0
-9.674088
-9.232083
-8.481183
-6.917394
-4.535927
41.7133
43.91961
46.73514
50.93323
56.04317
0
0
0
0
0
-12.16412
-12.72925
-11.42217
-9.39201
-6.713712
21.46414
20.63396
19.77131
18.96145
18.46844
0
0
0
0
0
107.0005
-13.22353
-84.835
-129.1412
-164.9436
22.94265
22.21542
21.04965
20.10049
19.16624
0
0
0
0
0
230.8553
64.08407
-34.41571
-91.94421
-128.0974
24.99862
23.87962
22.76955
21.31873
20.46271
0
0
0
0
0
463.5944
173.0454
32.3064
-48.1416
-94.24522
27.44416
26.2139
24.88598
23.22625
21.85481
0
0
0
0
0
980.4301
393.5788
130.4231
10.703
-54.76155
30.53775
29.1456
27.69432
25.80921
24.1241
0
0
0
0
0
6.282946
915.7155
343.2884
101.9562
-6.216382
33.92372
32.76937
31.20817
29.149
27.21697
0
0
0
0
0
6.281434
5.633963
872.6115
310.6316
88.09128
37.09337
36.36677
35.29369
33.12199
30.93346
0
0
0
0
0
6.306526
5.638162
5.130157
840.458
294.8109
39.92323
39.50638
38.93997
37.60426
35.25862
0
0
0
0
0
6.105177
5.223838
4.870348
4.769284
816.1882
42.21333
42.22858
42.07904
41.72522
40.24709
0
0
0
0
0
5.50385
4.832524
4.2675
4.327598
4.534929
43.9238
44.40486
44.85676
44.86132
44.93526
0
0
0
0
0
4.941817
4.003715
3.738919
3.66381
4.084034
44.73006
45.97105
47.03771
47.81871
48.41589
0
0
0
0
0
4.029288
3.255278
2.811639
3.099724
3.433487
45.61088
46.65231
48.41455
50.08242
51.68917
0
0
0
0
0
3.243591
2.171774
1.970381
2.165325
2.899786
45.87152
47.26195
49.10262
51.21627
54.07197
0
0
0
0
0
1.829121
1.164284
0.7810664
1.283982
2.014063
45.44558
46.96912
49.42592
51.97279
55.18139
0
0
0
0
0
0.4671648
-0.4171937
-0.3991274
0.1105375
1.000345
44.60922
46.54457
48.89297
51.77767
55.84353
0
0
0
0
0
-1.491158
-2.04444
-2.054884
-1.295802
0.01237638
43.96167
45.65597
48.16772
51.53315
55.75683
0
0
0
0
0
-3.784834
-4.152459
-4.026927
-2.780061
-1.322383
43.05992
44.9368
47.8095
51.13576
55.66907
0
0
0
0
0
-6.883423
-6.767668
-6.100221
-4.759999
-2.902624
42.44049
44.37356
47.44473
50.91684
56.19573
0
0
0
0
0
-9.676554
-9.678412
-8.870199
-7.135009
-4.632706
42.00824
44.21772
47.06884
51.29093
56.47193
0
0
0
0
0
-12.58965
-13.13213
-11.80997
-9.731113
-7.03565
43.77109
47.01157
50.90361
57.08678
0
0
0
0
0
-14.88158
-15.8061
-15.30364
-12.62357
-9.477237
22.81563
22.11922
20.98807
19.89946
19.18175
0
0
0
0
0
231.2896
65.41021
-32.99348
-90.64698
-126.8146
24.75664
23.65006
22.6122
21.1828
20.32059
0
0
0
0
0
460.4299
174.6936
35.18082
-45.45974
-91.94892
27.00755
25.79172
24.32878
22.94736
21.54798
0
0
0
0
0
964.5254
389.923
133.1644
15.17158
-50.71043
29.70392
28.35121
26.76699
25.13244
23.51759
0
0
0
0
0
6.118341
897.0602
339.7495
105.5899
4.949372
32.81141
31.61767
29.87883
28.08089
26.22742
0
0
0
0
0
6.026033
5.439378
853.9378
307.5321
91.77474
36.01503
35.23082
33.82966
31.86195
29.79444
0
0
0
0
0
6.081986
5.315356
4.909501
826.8255
292.4636
39.10475
38.62941
37.87309
36.44845
34.16799
0
0
0
0
0
5.815747
5.178825
4.80645
4.646461
807.6763
41.65851
41.6662
41.4443
40.74437
39.37955
0
0
0
0
0
5.504988
4.807699
4.288654
4.339601
4.528571
43.55494
44.12746
44.54705
44.49786
44.44268
0
0
0
0
0
4.987088
4.034965
3.767583
3.692135
4.09223
44.73006
45.97105
47.03771
47.81874
48.41599
0
0
0
0
0
4.029286
3.255277
2.811639
3.099723
3.433487
45.86413
46.85579
48.84758
50.44351
52.12569
0
0
0
0
0
3.163162
2.10377
1.895518
2.116655
2.865664
46.43201
47.81072
49.68227
52.14641
54.99311
0
0
0
0
0
1.700786
1.017243
0.6311097
1.196955
1.940344
46.22192
48.10603
50.41504
53.05332
56.53692
0
0
0
0
0
0.2069943
-0.6832772
-0.5972435
-0.06660737
1.061511
45.92541
47.67275
50.15674
53.52105
57.59043
0
0
0
0
0
-1.606448
-2.361185
-2.378725
-1.336062
-0.09959341
45.03851
46.80184
49.73809
53.02146
57.53471
0
0
0
0
0
-4.425837
-4.601278
-4.221959
-3.062387
-1.486625
43.93899
46.12642
48.81161
52.29551
57.39026
0
0
0
0
0
-7.40018
-7.113087
-6.544312
-5.107558
-2.954631
42.89111
45.18302
48.0665
51.966
57.07941
0
0
0
0
0
-10.11016
-10.24575
-9.337596
-7.289966
-4.907765
42.35987
44.53547
47.48895
51.63484
56.97144
0
0
0
0
0
-12.90072
-13.20756
-12.26235
-10.12619
-7.254523
44.08368
47.33928
51.28102
57.50778
0
0
0
0
0
-15.21516
-16.2524
-15.72646
-13.00321
-9.809411
46.87447
51.25964
57.18505
0
0
0
0
0
-17.82174
-18.67834
-18.5595
-16.31931
-12.6014
24.52239
23.52021
22.51975
21.13285
20.12029
0
0
0
0
0
458.5338
175.3104
36.53724
-44.06955
-90.69202
26.65674
25.53924
24.08881
22.78521
21.40777
0
0
0
0
0
954.0376
387.4637
135.047
18.04411
-48.10358
29.0007
27.89367
26.32359
24.54336
23.22891
0
0
0
0
0
5.945696
882.4035
336.8596
108.5151
9.329486
31.76182
30.73679
29.02969
27.08949
25.50167
0
0
0
0
0
5.900777
5.308093
836.4348
304.6129
95.41097
34.77848
34.0483
32.57094
30.41561
28.63248
0
0
0
0
0
5.662281
5.116074
4.75215
809.0557
289.6285
38.01649
37.48096
36.61029
34.80579
32.76241
0
0
0
0
0
5.603232
5.014645
4.53552
4.453913
794.5882
40.67069
40.79364
40.46486
39.51737
38.02733
0
0
0
0
0
5.447368
4.581803
4.272791
4.29293
4.41494
42.86446
43.53602
43.9176
43.76015
43.28531
0
0
0
0
0
4.981269
4.067721
3.766423
3.72253
4.10635
44.54042
45.57922
46.72713
47.45842
47.97567
0
0
0
0
0
4.074252
3.316857
2.854292
3.133267
3.462179
45.86413
46.85579
48.84759
50.44352
52.12572
0
0
0
0
0
3.163162
2.103768
1.895517
2.116655
2.865663
46.68858
48.08104
49.91351
52.64062
55.43007
0
0
0
0
0
1.686382
0.9078671
0.5441384
1.115437
1.89113
46.72561
48.70317
51.02906
53.72914
57.63945
0
0
0
0
0
-0.02417441
-0.8933404
-0.7955116
-0.2370233
0.9713122
46.74187
48.50049
51.41242
54.66382
58.89353
0
0
0
0
0
-2.030486
-2.765506
-2.741
-1.577316
-0.2821179
46.07761
48.19955
50.99309
54.47749
59.59317
0
0
0
0
0
-5.189836
-4.941093
-4.686182
-3.450067
-1.546056
45.29188
47.27225
50.0849
54.08325
59.16667
0
0
0
0
0
-7.963621
-7.879021
-7.148307
-5.390341
-3.249023
44.01485
46.11767
49.3758
53.11789
58.46259
0
0
0
0
0
-10.67817
-10.87706
-9.773824
-7.792113
-5.262828
42.95085
45.01583
48.37772
52.34959
58.19221
0
0
0
0
0
-13.22993
-13.71264
-12.84604
-10.60731
-7.4199
44.45771
47.69453
51.76441
57.93043
0
0
0
0
0
-15.52297
-16.60492
-15.85613
-13.44249
-10.19493
47.21767
51.63049
57.62823
0
0
0
0
0
-18.09043
-19.04195
-19.02477
-16.73412
-12.96808
51.14745
57.66717
0
0
0
0
0
-20.04085
-21.70611
-21.57843
-19.54178
-16.12748
26.30801
25.29657
23.96056
22.70256
21.37424
0
0
0
0
0
948.4935
385.9327
135.7959
19.40818
-46.74799
28.66492
27.52594
26.05859
24.29184
23.06106
0
0
0
0
0
6.001997
872.7363
334.9134
110.5203
12.14432
31.23673
29.99583
28.54401
26.62219
24.87273
0
0
0
0
0
5.880656
5.155826
822.6784
302.2144
98.33825
33.84758
32.93539
31.61339
29.49722
27.55784
0
0
0
0
0
5.504333
5.023243
4.645795
792.4112
286.9728
36.70893
36.16648
35.30028
33.39886
31.16247
0
0
0
0
0
5.369419
4.670682
4.377624
4.320128
777.4748
39.51403
39.63488
39.18571
38.06544
36.13901
0
0
0
0
0
5.253301
4.436124
4.153705
4.055755
4.235831
42.04583
42.48559
42.94326
42.62537
41.82301
0
0
0
0
0
4.71875
4.062316
3.589723
3.723602
4.06593
44.05671
44.84518
46.06674
46.72695
47.08339
0
0
0
0
0
4.137774
3.35249
2.912077
3.145772
3.494534
45.61088
46.65231
48.41456
50.08244
51.68927
0
0
0
0
0
3.24359
2.171768
1.970379
2.165324
2.899786
46.68858
48.08104
49.91351
52.64062
55.43007
0
0
0
0
0
1.68638
0.9078669
0.5441359
1.115436
1.89113
46.9755
48.97692
51.3318
54.0035
58.22311
0
0
0
0
0
-0.1790927
-0.9546382
-0.929027
-0.3338225
0.8899348
47.21423
49.03798
52.07816
55.37703
59.71438
0
0
0
0
0
-2.454119
-3.094871
-3.01877
-1.802572
-0.4542609
47.10249
49.06931
51.91763
55.90919
60.96497
0
0
0
0
0
-5.831296
-5.51808
-5.206733
-3.862623
-1.793943
46.3189
48.37853
51.62795
55.52924
60.90834
0
0
0
0
0
-8.725921
-8.761759
-7.649917
-5.930779
-3.645713
45.09839
47.55375
50.64889
54.58262
60.56749
0
0
0
0
0
-11.09287
-11.60777
-10.61413
-8.46705
-5.564572
44.12882
46.20789
49.41424
53.83485
59.56615
0
0
0
0
0
-13.60684
-14.39781
-13.53234
-11.07632
-7.925293
45.0854
48.2311
52.769
58.78332
0
0
0
0
0
-15.95058
-17.00859
-16.41633
-14.00974
-10.66589
47.63285
52.04281
58.20534
0
0
0
0
0
-18.01566
-19.39187
-19.4123
-16.87765
-13.39105
51.53515
58.10302
0
0
0
0
0
-20.37392
-22.01111
-21.96839
-20.00587
-16.52616
57.60405
0
0
0
0
0
-22.07389
-24.03481
-24.69745
-22.55475
-19.24006
28.44649
27.16227
25.80931
24.17071
22.99241
0
0
0
0
0
6.071756
867.5883
333.6498
111.3436
13.48688
30.9869
29.64199
28.15308
26.34302
24.60668
0
0
0
0
0
5.767487
5.212247
813.603
300.5981
100.3442
33.34427
32.37793
30.81483
28.97786
27.0604
0
0
0
0
0
5.509643
5.012377
4.510341
779.3328
284.792
35.84317
35.17683
34.07743
32.33753
30.15343
0
0
0
0
0
5.067178
4.552749
4.309146
4.22959
761.4707
38.41017
38.2457
37.72991
36.56734
34.53035
0
0
0
0
0
4.846985
4.268823
3.866946
3.923802
4.112505
41.01546
41.25505
41.65335
41.14908
40.0938
0
0
0
0
0
4.553467
3.943974
3.494543
3.632032
3.845123
43.27466
43.97272
44.9024
45.59836
45.71642
0
0
0
0
0
4.144858
3.172471
2.947256
3.000113
3.500563
45.09654
46.13567
47.60178
49.31755
50.80468
0
0
0
0
0
3.328549
2.282908
2.039164
2.236793
2.916017
46.43201
47.81072
49.68227
52.14641
54.99313
0
0
0
0
0
1.700782
1.017243
0.6311029
1.196953
1.940344
46.9755
48.97692
51.3318
54.0035
58.22311
0
0
0
0
0
-0.1790937
-0.9546398
-0.9290273
-0.333825
0.8899341
47.44092
49.30473
52.38449
55.72909
60.05501
0
0
0
0
0
-2.697686
-3.297244
-3.11883
-1.948228
-0.5515163
47.70909
49.57379
52.51921
56.67869
61.8271
0
0
0
0
0
-6.140346
-6.027669
-5.614846
-4.175358
-2.021479
47.05994
49.4674
52.59736
56.60053
62.59712
0
0
0
0
0
-9.44192
-9.508573
-8.327064
-6.507942
-4.062547
46.24515
48.6473
51.87997
56.34086
62.2973
0
0
0
0
0
-11.7971
-12.52763
-11.55758
-9.040047
-6.113207
45.20469
47.36063
50.99768
55.29909
61.31513
0
0
0
0
0
-14.27888
-14.9854
-14.3585
-11.93217
-8.601771
46.33443
49.54271
53.95818
60.52358
0
0
0
0
0
-16.21482
-17.5139
-17.19752
-14.68859
-11.13042
48.32657
52.66471
59.3767
0
0
0
0
0
-18.43198
-19.88534
-19.87857
-17.4406
-13.93807
52.01219
58.60092
0
0
0
0
0
-20.61653
-22.01173
-22.35384
-20.40116
-16.66708
58.05849
0
0
0
0
0
-22.41301
-24.39795
-25.03365
-22.94883
-19.69166
0
0
0
0
0
-24.36667
-26.15602
-27.13244
-25.63958
-22.17374
30.69699
29.41355
27.77223
26.09015
24.49603
0
0
0
0
0
5.798029
5.273547
808.7343
299.5095
101.1785
33.09212
32.11189
30.43287
28.55815
26.76332
0
0
0
0
0
5.541563
4.91523
4.567116
770.7044
283.3235
35.28729
34.64087
33.46279
31.4633
29.59123
0
0
0
0
0
4.999034
4.567533
4.306211
4.106058
748.9084
37.41048
37.32439
36.63356
35.18591
33.33029
0
0
0
0
0
4.706029
4.02426
3.779397
3.870257
4.029057
39.91762
40.08021
40.11751
39.48291
38.3228
0
0
0
0
0
4.363492
3.629029
3.37731
3.382428
3.724222
42.20629
42.875
43.53615
44.1107
43.94713
0
0
0
0
0
4.015226
3.093912
2.886887
2.935273
3.419462
44.26345
45.3017
46.62817
47.98298
49.44548
0
0
0
0
0
3.350057
2.365887
1.924348
2.294892
2.783632
45.87152
47.26195
49.10262
51.21627
54.07201
0
0
0
0
0
1.829115
1.164282
0.7810576
1.283979
2.014062
46.7256
48.70317
51.02906
53.72914
57.63946
0
0
0
0
0
-0.02418125
-0.8933442
-0.7955125
-0.2370301
0.9713105
47.44092
49.30473
52.38449
55.72909
60.05502
0
0
0
0
0
-2.697693
-3.297246
-3.118832
-1.948228
-0.5515187
47.92646
49.81608
52.81794
57.03453
62.25333
0
0
0
0
0
-6.391401
-6.307552
-5.85494
-4.29629
-2.166989
47.58408
50.11287
53.16339
57.29955
63.52139
0
0
0
0
0
-9.98373
-9.90508
-8.887612
-6.952789
-4.377585
47.23202
49.43779
53.08366
57.46089
63.58831
0
0
0
0
0
-12.49035
-13.36083
-12.34915
-9.749886
-6.691612
46.18103
48.58017
52.21499
56.71822
63.38749
0
0
0
0
0
-14.87604
-15.83657
-15.3817
-12.87339
-9.178615
47.47922
50.82298
55.75915
62.27159
0
0
0
0
0
-16.88395
-18.33475
-17.92658
-15.51225
-11.96507
49.69924
54.15187
60.79157
0
0
0
0
0
-18.98498
-20.28717
-20.48929
-18.24212
-14.59477
52.80409
59.35102
0
0
0
0
0
-20.70886
-22.4947
-22.90298
-20.88642
-17.21139
58.62699
0
0
0
0
0
-22.71996
-24.68892
-25.09632
-23.34234
-20.07891
0
0
0
0
0
-24.66839
-26.52455
-27.52195
-25.9834
-22.55883
0
0
0
0
-26.00819
-28.48703
-29.34067
-28.06388
-25.1687
32.79866
31.80615
30.19149
28.15935
26.50723
0
0
0
0
0
5.674644
4.942766
4.623248
766.0457
282.3179
34.7144
34.37135
33.16675
31.04434
29.1349
0
0
0
0
0
5.010191
4.604288
4.222093
4.162092
740.6233
36.78349
36.73303
36.03736
34.48886
32.35795
0
0
0
0
0
4.71408
3.975921
3.802373
3.872011
3.91266
38.83864
39.01816
39.09355
38.2278
36.71715
0
0
0
0
0
4.075575
3.538991
3.177389
3.313572
3.676489
40.88734
41.70657
42.22997
42.35697
41.97232
0
0
0
0
0
3.646809
2.988975
2.642201
2.848495
3.187619
42.96166
44.16422
45.40463
46.41318
47.66385
0
0
0
0
0
3.068983
2.339196
1.913126
2.268763
2.72942
44.80113
46.37449
48.1707
50.08951
52.48678
0
0
0
0
0
1.978252
1.283222
0.9249091
1.208738
2.077468
46.22191
48.10603
50.41504
53.05332
56.53692
0
0
0
0
0
0.2069794
-0.6832822
-0.5972456
-0.06661608
1.061508
47.21423
49.03798
52.07816
55.37703
59.71438
0
0
0
0
0
-2.454137
-3.094878
-3.018774
-1.802573
-0.4542674
47.92646
49.81608
52.81794
57.03453
62.25333
0
0
0
0
0
-6.391403
-6.307559
-5.854942
-4.296291
-2.166989
47.83692
50.3453
53.4357
57.64693
63.9516
0
0
0
0
0
-10.26878
-10.19318
-9.187969
-7.209398
-4.501685
47.77421
49.99667
53.80049
58.12089
64.43374
0
0
0
0
0
-13.02311
-13.97479
-12.78815
-10.32068
-7.135285
47.16494
49.62928
53.09922
58.09244
64.73214
0
0
0
0
0
-15.32784
-16.63809
-16.30176
-13.65253
-9.876935
48.51953
52.17541
57.16308
63.97046
0
0
0
0
0
-17.63745
-19.08689
-18.89783
-16.52864
-12.87718
50.97114
55.62361
62.90942
0
0
0
0
0
-19.34433
-21.10448
-21.43147
-19.02088
-15.38909
54.35787
61.09236
0
0
0
0
0
-21.25233
-23.16005
-23.41754
-21.53365
-17.99271
59.56305
0
0
0
0
0
-23.13803
-24.87531
-25.63554
-23.90522
-20.55709
0
0
0
0
0
-24.6305
-26.8735
-27.85324
-26.07435
-22.94445
0
0
0
0
-26.37726
-28.82061
-29.73503
-28.45748
-25.50581
0
0
0
-27.43405
-30.19088
-31.71706
-30.25806
-27.52756
34.43634
34.06081
32.83591
30.78908
28.71442
0
0
0
0
0
5.158928
4.727151
4.248681
4.21507
736.1284
36.44661
36.12612
35.73402
34.14898
31.89073
0
0
0
0
0
4.697915
3.996056
3.843351
3.796665
3.966955
38.2867
38.35201
38.43697
37.54152
35.90358
0
0
0
0
0
4.019036
3.564478
3.145421
3.341044
3.679648
40.02909
40.5612
41.0558
41.17866
40.48471
0
0
0
0
0
3.543168
2.773993
2.591618
2.677315
3.126091
41.86722
42.76341
44.10571
44.90947
45.59079
0
0
0
0
0
2.950856
2.088823
1.873919
2.068301
2.653897
43.73386
44.99166
46.90484
48.67588
50.61599
0
0
0
0
0
2.037906
1.143634
0.9794308
1.236554
2.062166
45.44557
46.96912
49.42592
51.97279
55.1814
0
0
0
0
0
0.4671412
-0.4171981
-0.3991303
0.1105287
1.000342
46.74186
48.50048
51.41242
54.66382
58.89354
0
0
0
0
0
-2.030507
-2.765521
-2.741005
-1.577318
-0.2821264
47.70909
49.57379
52.51921
56.67869
61.8271
0
0
0
0
0
-6.140352
-6.027688
-5.614854
-4.175362
-2.02148
47.83692
50.3453
53.4357
57.64693
63.9516
0
0
0
0
0
-10.26872
-10.19319
-9.187976
-7.2094
-4.501687
48.01971
50.26642
54.06229
58.43911
64.85433
0
0
0
0
0
-13.30436
-14.29414
-13.09307
-10.62352
-7.389761
47.97828
50.20711
53.72328
58.91635
65.53396
0
0
0
0
0
-15.81287
-17.23895
-16.975
-14.08867
-10.43395
49.56528
53.33724
58.18978
65.59431
0
0
0
0
0
-18.30385
-19.66731
-19.78886
-17.45102
-13.63063
52.13155
57.17489
64.59113
0
0
0
0
0
-20.03239
-21.99771
-22.31004
-20.02747
-16.36541
55.82069
62.84813
0
0
0
0
0
-21.90675
-23.69311
-24.35561
-22.51246
-18.76446
61.37821
0
0
0
0
0
-23.34662
-25.53172
-26.39329
-24.46208
-21.19824
0
0
0
0
0
-25.05376
-27.35772
-28.11789
-26.6278
-23.49649
0
0
0
0
-26.72219
-28.854
-30.11938
-28.80037
-25.60323
0
0
0
-27.81071
-30.58605
-32.0783
-30.65614
-27.91214
0
0
-29.34321
-31.67111
-33.48302
-32.5974
-29.66112
36.21279
35.83163
35.39442
33.78479
31.6181
0
0
0
0
0
4.656745
4.13544
3.95959
3.822932
4.017825
37.94526
37.99322
37.77176
37.18647
35.50132
0
0
0
0
0
4.039432
3.562827
3.173098
3.383838
3.609059
39.47177
39.97405
40.31936
40.42422
39.66548
0
0
0
0
0
3.575699
2.747122
2.631805
2.655385
3.154264
41.00483
41.85023
42.84266
43.56865
44.18357
0
0
0
0
0
2.873847
2.055007
1.716355
2.041204
2.49597
42.63912
43.82703
45.35772
47.18078
48.81899
0
0
0
0
0
1.99318
1.145618
0.8219583
1.235891
1.880369
44.38578
45.83302
47.89793
50.51348
53.48435
0
0
0
0
0
0.6012131
-0.2118342
-0.4252659
0.2113077
1.039035
45.9254
47.67274
50.15674
53.52105
57.59044
0
0
0
0
0
-1.606468
-2.361207
-2.378729
-1.336065
-0.09960197
47.10249
49.0693
51.91762
55.90919
60.96496
0
0
0
0
0
-5.831305
-5.518102
-5.206748
-3.862628
-1.793945
47.58407
50.11286
53.16338
57.29954
63.52139
0
0
0
0
0
-9.983553
-9.905085
-8.887631
-6.952797
-4.377588
48.01971
50.26642
54.06229
58.43911
64.85433
0
0
0
0
0
-13.30435
-14.29409
-13.09307
-10.62352
-7.389763
48.29466
50.46912
54.02495
59.22329
65.92165
0
0
0
0
0
-16.08767
-17.55311
-17.32366
-14.38745
-10.72872
50.4281
53.98198
58.91253
66.57669
0
0
0
0
0
-18.60101
-20.22426
-20.44665
-18.13051
-14.05336
53.28922
58.5048
65.83179
0
0
0
0
0
-20.73488
-22.77301
-22.99605
-20.94085
-17.2567
57.1629
64.6929
0
0
0
0
0
-22.27119
-24.52615
-25.36311
-23.43159
-19.75486
63.12448
0
0
0
0
0
-23.9913
-26.33423
-27.06753
-25.43664
-22.16189
0
0
0
0
0
-25.59855
-27.70711
-28.86712
-27.41241
-24.05152
0
0
0
0
-26.79411
-29.34284
-30.65942
-29.09624
-26.14622
0
0
0
-28.23313
-30.96865
-32.17046
-31.04856
-28.24944
0
0
-29.69998
-32.07313
-33.90142
-32.96391
-30.04998
0
-30.21301
-33.55861
-35.01688
-34.34902
-31.92884
37.63364
37.74511
37.44826
36.80549
35.09086
0
0
0
0
0
4.197141
3.53203
3.306563
3.495145
3.634731
38.84852
39.61046
39.91966
39.67406
39.23302
0
0
0
0
0
3.6117
2.782403
2.642101
2.687006
3.196536
40.20882
41.25749
42.19089
42.72775
43.28415
0
0
0
0
0
2.659902
2.117239
1.714037
2.089439
2.477715
41.53395
42.90957
44.34328
45.74389
47.23393
0
0
0
0
0
1.74718
1.15389
0.8435936
1.113974
1.86098
43.04519
44.66817
46.60372
48.74957
51.69795
0
0
0
0
0
0.4418695
-0.1115751
-0.3274963
0.1101263
1.049858
44.60922
46.54456
48.89297
51.77766
55.84353
0
0
0
0
0
-1.491175
-2.044462
-2.054888
-1.295805
0.01236906
46.07761
48.19955
50.99308
54.47748
59.59317
0
0
0
0
0
-5.189846
-4.941114
-4.686204
-3.450072
-1.546058
47.05993
49.4674
52.59735
56.60052
62.59712
0
0
0
0
0
-9.441657
-9.50858
-8.327086
-6.507957
-4.062551
47.77421
49.99667
53.80049
58.12089
64.43373
0
0
0
0
0
-13.02309
-13.97464
-12.78815
-10.3207
-7.135293
48.29466
50.46912
54.02495
59.22329
65.92165
0
0
0
0
0
-16.08768
-17.5531
-17.32362
-14.38745
-10.72873
50.76453
54.27531
59.26266
66.95219
0
0
0
0
0
-18.7239
-20.53216
-20.78849
-18.48308
-14.34137
54.23882
59.25081
66.70227
0
0
0
0
0
-21.29515
-23.15801
-23.61283
-21.61065
-17.91622
58.4874
66.27007
0
0
0
0
0
-22.8979
-25.33286
-26.2282
-24.15243
-20.65073
64.73842
0
0
0
0
0
-24.6618
-26.87059
-28.01882
-26.47592
-23.06877
0
0
0
0
0
-25.90177
-28.5
-29.79014
-28.13912
-25.011
0
0
0
0
-27.33905
-29.99971
-31.12399
-29.87276
-26.91795
0
0
0
-28.67865
-31.13477
-32.71463
-31.60264
-28.54717
0
0
-29.97562
-32.52585
-34.31581
-33.08212
-30.43452
0
-30.57603
-33.94298
-35.44154
-34.76931
-32.28731
-31.31415
-34.45164
-36.89548
-35.87055
-33.63102
38.49067
39.2805
39.64584
39.3082
38.79084
0
0
0
0
0
3.775736
2.936776
2.621125
2.815691
3.303591
39.8211
40.5977
41.78606
42.26613
42.41268
0
0
0
0
0
2.657042
2.171685
1.761756
2.106481
2.509753
40.98108
42.06585
43.68565
44.9952
46.23974
0
0
0
0
0
1.779003
1.002955
0.9308279
1.126066
1.910446
42.1911
43.49546
45.58488
47.58297
50.00792
0
0
0
0
0
0.5026048
-0.2348992
-0.2505381
0.1636149
0.9420429
43.53237
45.12123
47.59884
50.28875
53.76259
0
0
0
0
0
-1.247243
-2.007931
-1.837385
-1.143834
-0.06902048
45.03851
46.80183
49.73808
53.02146
57.5347
0
0
0
0
0
-4.425848
-4.601296
-4.22198
-3.062391
-1.486628
46.3189
48.37853
51.62794
55.52923
60.90834
0
0
0
0
0
-8.725615
-8.761767
-7.649939
-5.9308
-3.645717
47.23202
49.43779
53.08366
57.46089
63.5883
0
0
0
0
0
-12.49031
-13.36061
-12.34915
-9.749908
-6.691626
47.97828
50.20711
53.72328
58.91635
65.53396
0
0
0
0
0
-15.81289
-17.23893
-16.97487
-14.08868
-10.43397
50.76453
54.27531
59.26266
66.95219
0
0
0
0
0
-18.7239
-20.53217
-20.78849
-18.48304
-14.34138
54.61206
59.59179
67.12513
0
0
0
0
0
-21.65318
-23.3273
-23.94854
-21.9578
-18.25904
59.56459
67.16742
0
0
0
0
0
-23.41788
-25.95609
-26.6857
-24.78352
-21.30639
66.30805
0
0
0
0
0
-24.95768
-27.60839
-28.91159
-27.3641
-23.78107
0
0
0
0
0
-26.57384
-29.31561
-30.46631
-29.1254
-26.03215
0
0
0
0
-27.98996
-30.47932
-32.03743
-30.83253
-27.64129
0
0
0
-28.849
-31.79113
-33.46358
-32.11189
-29.31114
0
0
-30.0791
-33.03416
-34.56031
-33.64002
-30.97807
0
-30.93023
-34.26302
-35.92034
-35.18928
-32.41058
-31.65645
-34.84155
-37.30422
-36.2967
-34.04094
-35.53444
-37.8124
-37.69985
-35.10955
39.51131
40.21922
41.42448
41.95444
41.98281
0
0
0
0
0
2.830959
2.336851
1.915135
2.09221
2.633768
40.64138
41.65374
42.96388
44.52801
45.686
0
0
0
0
0
1.819098
1.029679
1.000767
1.180319
1.929119
41.64347
42.90745
44.65891
46.8281
49.11559
0
0
0
0
0
0.6211236
-0.1468297
-0.3494168
0.264278
0.9582594
42.68418
44.21261
46.30719
49.11769
52.37038
0
0
0
0
0
-1.075967
-1.820126
-1.860908
-1.028065
-0.007362422
43.96166
45.65596
48.1677
51.53315
55.75682
0
0
0
0
0
-3.784845
-4.152473
-4.026944
-2.780063
-1.322386
45.29188
47.27225
50.0849
54.08324
59.16667
0
0
0
0
0
-7.963325
-7.87903
-7.148326
-5.390362
-3.249026
46.24515
48.6473
51.87997
56.34085
62.29728
0
0
0
0
0
-11.79705
-12.52737
-11.55759
-9.040068
-6.113227
47.16494
49.62927
53.09922
58.09244
64.73213
0
0
0
0
0
-15.32786
-16.63806
-16.30156
-13.65253
-9.876956
50.4281
53.98198
58.91253
66.57669
0
0
0
0
0
-18.60102
-20.22428
-20.44664
-18.13039
-14.05336
54.61206
59.59179
67.12513
0
0
0
0
0
-21.65318
-23.3273
-23.94854
-21.9578
-18.259
59.99304
67.58008
0
0
0
0
0
-23.69371
-26.33888
-26.8933
-25.12474
-21.64595
67.56992
0
0
0
0
0
-25.40735
-28.19536
-29.58754
-27.84573
-24.39968
0
0
0
0
0
-27.26155
-29.74995
-31.29545
-30.03888
-26.90362
0
0
0
0
-28.30142
-31.29562
-32.97124
-31.56046
-28.61172
0
0
0
-29.49588
-32.58823
-34.08636
-33.06233
-30.25623
0
0
-30.57086
-33.34724
-35.30818
-34.41592
-31.48748
0
-31.46054
-34.45659
-36.48178
-35.46557
-32.95775
-31.92359
-35.23251
-37.66144
-36.77691
-34.45139
-35.90543
-38.22614
-38.11125
-35.52507
-38.88414
-38.60585
-36.87631
40.33733
41.32566
42.55017
44.12068
45.31607
0
0
0
0
0
1.915319
1.21033
1.168657
1.331514
1.917589
41.05387
42.54575
44.20211
46.01647
48.55569
0
0
0
0
0
0.5913102
-0.07179738
-0.2981069
0.342251
1.013138
41.88442
43.63014
45.65488
48.07173
51.47154
0
0
0
0
0
-1.170011
-1.633823
-1.725483
-1.094932
0.09482104
42.84031
44.7536
47.15869
50.06632
54.36018
0
0
0
0
0
-3.583039
-3.82862
-3.734948
-2.745089
-1.197963
43.93899
46.12642
48.81161
52.2955
57.39026
0
0
0
0
0
-7.399931
-7.113095
-6.544327
-5.107575
-2.954634
45.09839
47.55375
50.64889
54.58262
60.56747
0
0
0
0
0
-11.09281
-11.60751
-10.61413
-8.467068
-5.564592
46.18103
48.58017
52.21499
56.71822
63.38748
0
0
0
0
0
-14.87605
-15.83653
-15.38147
-12.8734
-9.178635
49.56528
53.33724
58.18978
65.59431
0
0
0
0
0
-18.30385
-19.66733
-19.78884
-17.45084
-13.63064
54.23882
59.25081
66.70226
0
0
0
0
0
-21.29515
-23.15801
-23.61284
-21.61065
-17.91611
59.99304
67.58008
0
0
0
0
0
-23.69371
-26.33888
-26.89331
-25.12475
-21.64595
68.07995
0
0
0
0
0
-25.67479
-28.50364
-29.99148
-28.06683
-24.7335
0
0
0
0
0
-27.78432
-30.27279
-31.93825
-30.72444
-27.37985
0
0
0
0
-28.92352
-32.08715
-33.51883
-32.41427
-29.50714
0
0
0
-30.17925
-33.07338
-35.0201
-34.03151
-30.98057
0
0
-30.83209
-34.14034
-36.2241
-35.09336
-32.42355
0
-31.61324
-35.06397
-36.91154
-36.24016
-33.721
-32.24633
-35.81679
-37.93008
-37.35065
-34.73028
-36.21577
-38.64834
-38.47798
-35.99302
-39.28036
-39.02189
-37.2778
-39.64721
-37.75553
40.73511
42.22366
43.84244
45.55196
48.07993
0
0
0
0
0
0.6028987
0.04665932
-0.1100019
0.5099321
1.15989
41.58657
43.00577
45.25226
47.54784
50.53231
0
0
0
0
0
-1.082307
-1.610834
-1.621053
-1.030051
0.1732884
42.31419
43.906
46.5124
49.31769
53.1416
0
0
0
0
0
-3.251733
-3.811997
-3.491321
-2.583936
-1.253048
43.05991
44.9368
47.80949
51.13575
55.66906
0
0
0
0
0
-6.883231
-6.767676
-6.100233
-4.760012
-2.902626
44.01484
46.11767
49.3758
53.11788
58.46257
0
0
0
0
0
-10.67811
-10.87685
-9.77383
-7.792128
-5.262845
45.20469
47.36063
50.99768
55.29908
61.31512
0
0
0
0
0
-14.27889
-14.98536
-14.35828
-11.93218
-8.601789
48.51953
52.17541
57.16307
63.97046
0
0
0
0
0
-17.63746
-19.08691
-18.89781
-16.52843
-12.87719
53.28922
58.5048
65.83178
0
0
0
0
0
-20.73489
-22.77302
-22.99608
-20.94085
-17.25654
59.56458
67.16742
0
0
0
0
0
-23.41788
-25.95609
-26.68571
-24.78354
-21.30638
68.07995
0
0
0
0
0
-25.67479
-28.50364
-29.99148
-28.06683
-24.7335
0
0
0
0
0
-28.05859
-30.57318
-32.27374
-31.12911
-27.59918
0
0
0
0
-29.47782
-32.67565
-34.10225
-33.06894
-30.17742
0
0
0
-30.51051
-33.80476
-35.89721
-34.62086
-31.81899
0
0
-31.52461
-34.9655
-36.85034
-36.06214
-33.37741
0
-32.2412
-35.50307
-37.82345
-37.19223
-34.39703
-32.32672
-36.112
-38.63216
-37.82663
-35.49218
-36.60892
-39.27869
-38.77621
-36.55518
-39.62701
-39.44933
-37.63767
-40.0468
-38.16145
-38.76041
41.31009
42.66831
44.89898
47.14238
49.99277
0
0
0
0
0
-0.8245909
-1.558846
-1.482392
-0.839676
0.336715
42.07234
43.58846
45.82879
48.85323
52.5189
0
0
0
0
0
-2.941264
-3.665879
-3.424264
-2.463865
-1.1857
42.29634
44.37698
46.87982
50.39381
54.77779
0
0
0
0
0
-6.368047
-6.352941
-5.993689
-4.486763
-2.737849
42.89111
45.18302
48.06649
51.96599
57.07939
0
0
0
0
0
-10.11011
-10.24559
-9.337602
-7.289977
-4.907777
44.12882
46.20789
49.41424
53.83484
59.56615
0
0
0
0
0
-13.60685
-14.39777
-13.53215
-11.07632
-7.925307
47.47921
50.82298
55.75915
62.27158
0
0
0
0
0
-16.88396
-18.33477
-17.92655
-15.51204
-11.96508
52.13155
57.17489
64.59112
0
0
0
0
0
-20.03239
-21.99772
-22.31006
-20.02746
-16.36521
58.48739
66.27007
0
0
0
0
0
-22.8979
-25.33286
-26.22821
-24.15245
-20.65072
67.56992
0
0
0
0
0
-25.40735
-28.19536
-29.58755
-27.84574
-24.39969
0
0
0
0
0
-28.05859
-30.57318
-32.27374
-31.12911
-27.59918
0
0
0
0
-29.77163
-32.98201
-34.43021
-33.40968
-30.57154
0
0
0
-30.87598
-34.42108
-36.54048
-35.21976
-32.45983
0
0
-32.2434
-35.43006
-37.67147
-36.96012
-33.96388
0
-32.77926
-36.33598
-38.76404
-37.87201
-35.3504
-32.9729
-36.88704
-39.2155
-38.77479
-36.42956
-36.83867
-39.69047
-39.50755
-37.0327
-40.07928
-40.08697
-37.93718
-40.40282
-38.57926
-39.15062
41.80163
43.29531
45.45895
48.45471
52.04495
0
0
0
0
0
-2.68152
-3.37701
-3.337196
-2.314733
-0.9994153
41.94087
44.1182
46.52455
49.62414
54.22139
0
0
0
0
0
-5.9464
-5.994682
-5.799734
-4.395152
-2.61609
42.44049
44.37356
47.44472
50.91684
56.19572
0
0
0
0
0
-9.676509
-9.678309
-8.870207
-7.135018
-4.632715
42.95085
45.01583
48.37771
52.34959
58.1922
0
0
0
0
0
-13.22993
-13.71261
-12.8459
-10.60731
-7.419911
46.33443
49.54271
53.95818
60.52357
0
0
0
0
0
-16.21482
-17.51391
-17.1975
-14.68842
-11.13042
50.97113
55.62361
62.90942
0
0
0
0
0
-19.34433
-21.10449
-21.43149
-19.02086
-15.38889
57.1629
64.6929
0
0
0
0
0
-22.27119
-24.52616
-25.36312
-23.43161
-19.75485
66.30805
0
0
0
0
0
-24.95768
-27.60839
-28.9116
-27.36411
-23.78109
0
0
0
0
0
-27.78432
-30.27279
-31.93825
-30.72444
-27.37985
0
0
0
0
-29.77163
-32.98201
-34.43021
-33.40968
-30.57154
0
0
0
-31.17993
-34.74404
-36.87374
-35.55331
-32.79312
0
0
-32.72743
-35.87388
-38.33957
-37.61477
-34.55143
0
-33.20079
-37.15459
-39.33762
-38.71726
-36.23074
-33.73951
-37.57969
-40.1627
-39.7493
-37.10756
-37.63115
-40.58497
-40.14699
-37.9663
-40.43096
-40.54532
-38.65762
-40.87274
-39.20203
-39.50013
41.65439
43.83107
46.20228
49.20729
53.75513
0
0
0
0
0
-5.587322
-5.693141
-5.483554
-4.288307
-2.467362
42.14257
43.99541
47.15253
50.50387
55.30348
0
0
0
0
0
-9.674058
-9.232104
-8.4812
-6.917403
-4.535933
42.35987
44.53546
47.48895
51.63484
56.97144
0
0
0
0
0
-12.90072
-13.20753
-12.26226
-10.1262
-7.254532
45.0854
48.2311
52.769
58.78332
0
0
0
0
0
-15.95058
-17.00859
-16.41631
-14.00961
-10.6659
49.69923
54.15187
60.79156
0
0
0
0
0
-18.98499
-20.28717
-20.4893
-18.2421
-14.59461
55.82069
62.84813
0
0
0
0
0
-21.90675
-23.69311
-24.35562
-22.51248
-18.76445
64.73842
0
0
0
0
0
-24.6618
-26.87059
-28.01883
-26.47593
-23.06879
0
0
0
0
0
-27.26156
-29.74995
-31.29545
-30.03888
-26.90363
0
0
0
0
-29.47782
-32.67565
-34.10225
-33.06894
-30.17743
0
0
0
-31.17994
-34.74404
-36.87374
-35.55331
-32.79312
0
0
-32.98639
-36.20624
-38.68709
-37.9532
-34.87779
0
-33.66584
-37.70676
-39.8461
-39.39472
-36.87142
-34.13469
-38.13073
-41.06361
-40.362
-37.93746
-38.5322
-41.40328
-41.12742
-38.9249
-41.34227
-41.47674
-39.2971
-41.27495
-39.66253
-39.96284
41.86143
43.69173
46.83669
50.13917
54.81665
0
0
0
0
0
-9.301005
-8.852055
-8.150229
-6.590267
-4.425506
42.00824
44.21772
47.06884
51.29093
56.47193
0
0
0
0
0
-12.58965
-13.13211
-11.80999
-9.731128
-7.035659
44.45771
47.69453
51.76441
57.93043
0
0
0
0
0
-15.52297
-16.60492
-15.85611
-13.44241
-10.19493
48.32656
52.66471
59.3767
0
0
0
0
0
-18.43199
-19.88535
-19.87858
-17.44058
-13.93794
54.35787
61.09236
0
0
0
0
0
-21.25233
-23.16005
-23.41755
-21.53366
-17.9927
63.12448
0
0
0
0
0
-23.9913
-26.33423
-27.06753
-25.43665
-22.16191
0
0
0
0
0
-26.57385
-29.31561
-30.46631
-29.1254
-26.03216
0
0
0
0
-28.92353
-32.08716
-33.51883
-32.41427
-29.50715
0
0
0
-30.87598
-34.42109
-36.54048
-35.21976
-32.45983
0
0
-32.98639
-36.20624
-38.68709
-37.9532
-34.87779
0
-33.93575
-37.99817
-40.20235
-39.74594
-37.20243
-34.2261
-38.66688
-41.67239
-40.88969
-38.59969
-39.05643
-42.06022
-42.04708
-39.53322
-42.35287
-42.33672
-40.26123
-42.22255
-40.57998
-40.36986
41.7133
43.9196
46.73514
50.93323
56.04316
0
0
0
0
0
-12.16413
-12.72928
-11.42221
-9.392028
-6.71372
44.08368
47.33928
51.28102
57.50778
0
0
0
0
0
-15.21516
-16.2524
-15.72645
-13.00323
-9.809425
47.63285
52.04281
58.20534
0
0
0
0
0
-18.01567
-19.39187
-19.4123
-16.87764
-13.39097
52.80409
59.35102
0
0
0
0
0
-20.70886
-22.4947
-22.90299
-20.88643
-17.21137
61.3782
0
0
0
0
0
-23.34662
-25.53172
-26.39329
-24.46209
-21.19825
0
0
0
0
0
-25.90178
-28.5
-29.79013
-28.13913
-25.011
0
0
0
0
-28.30143
-31.29563
-32.97124
-31.56046
-28.61173
0
0
0
-30.51052
-33.80477
-35.89722
-34.62086
-31.81899
0
0
-32.72743
-35.87388
-38.33957
-37.61477
-34.55143
0
-33.93575
-37.99817
-40.20235
-39.74594
-37.20243
-34.40266
-38.96814
-41.99095
-41.24909
-38.94271
-39.2508
-42.65522
-42.66896
-40.05265
-42.98259
-43.02942
-41.162
-43.26265
-41.42955
-41.30292
43.77109
47.01157
50.90361
57.08677
0
0
0
0
0
-14.88158
-15.80611
-15.30367
-12.62362
-9.477253
47.21767
51.63049
57.62823
0
0
0
0
0
-18.09043
-19.04195
-19.02477
-16.73412
-12.9681
52.01219
58.60092
0
0
0
0
0
-20.61653
-22.01173
-22.35384
-20.40117
-16.66707
59.56305
0
0
0
0
0
-23.13804
-24.87531
-25.63554
-23.90522
-20.5571
0
0
0
0
0
-25.59856
-27.70711
-28.86712
-27.41242
-24.05153
0
0
0
0
-27.98996
-30.47933
-32.03743
-30.83253
-27.64129
0
0
0
-30.17925
-33.07339
-35.02011
-34.03151
-30.98056
0
0
-32.2434
-35.43006
-37.67147
-36.96013
-33.96389
0
-33.66584
-37.70676
-39.8461
-39.39473
-36.87143
-34.40266
-38.96814
-41.99095
-41.24909
-38.94271
-39.46808
-42.98279
-42.99313
-40.40336
-43.26123
-43.63885
-41.77132
-43.9285
-42.11463
-42.32398
46.87447
51.25964
57.18505
0
0
0
0
0
-17.82174
-18.67834
-18.55952
-16.31934
-12.60144
51.53515
58.10302
0
0
0
0
0
-20.37392
-22.01111
-21.9684
-20.00588
-16.52615
58.62699
0
0
0
0
0
-22.71996
-24.68892
-25.09632
-23.34235
-20.07891
0
0
0
0
0
-25.05377
-27.35772
-28.11789
-26.6278
-23.49649
0
0
0
0
-27.33905
-29.99972
-31.12399
-29.87276
-26.91796
0
0
0
-29.49589
-32.58823
-34.08637
-33.06233
-30.25623
0
0
-31.52462
-34.9655
-36.85035
-36.06214
-33.37741
0
-33.2008
-37.1546
-39.33762
-38.71727
-36.23075
-34.2261
-38.66688
-41.6724
-40.8897
-38.59969
-39.46808
-42.98279
-42.99313
-40.40337
-43.51208
-43.97141
-42.08857
-44.24107
-42.71213
-42.983
51.14745
57.66717
0
0
0
0
0
-20.04086
-21.70611
-21.57844
-19.5418
-16.12751
58.05848
0
0
0
0
0
-22.41302
-24.39796
-25.03366
-22.94883
-19.69167
0
0
0
0
0
-24.63051
-26.8735
-27.85324
-26.07435
-22.94445
0
0
0
0
-26.79411
-29.34284
-30.65942
-29.09624
-26.14622
0
0
0
-28.84901
-31.79114
-33.46358
-32.11189
-29.31114
0
0
-30.8321
-34.14034
-36.22411
-35.09337
-32.42355
0
-32.77926
-36.33598
-38.76404
-37.87202
-35.3504
-34.13468
-38.13073
-41.06361
-40.36201
-37.93746
-39.2508
-42.65522
-42.66896
-40.05265
-43.51208
-43.97141
-42.08857
-44.50214
-43.03734
-43.29762
57.60405
0
0
0
0
0
-22.0739
-24.03481
-24.69745
-22.55475
-19.24008
0
0
0
0
0
-24.6684
-26.52455
-27.52195
-25.9834
-22.55884
0
0
0
0
-26.72219
-28.85401
-30.11939
-28.80037
-25.60324
0
0
0
-28.67865
-31.13477
-32.71464
-31.60264
-28.54717
0
0
-30.57086
-33.34724
-35.30818
-34.41593
-31.48748
0
-32.2412
-35.50307
-37.82346
-37.19224
-34.39703
-33.73951
-37.57969
-40.16271
-39.7493
-37.10757
-39.05642
-42.06022
-42.04709
-39.53322
-43.26123
-43.63885
-41.77132
-44.50214
-43.03734
-43.55473
0
0
0
0
0
-24.36667
-26.15602
-27.13244
-25.63958
-22.17374
0
0
0
0
-26.37726
-28.82062
-29.73504
-28.45748
-25.50582
0
0
0
-28.23313
-30.96865
-32.17047
-31.04856
-28.24944
0
0
-30.0791
-33.03416
-34.56031
-33.64003
-30.97807
0
-31.61325
-35.06398
-36.91154
-36.24016
-33.721
-32.9729
-36.88704
-39.2155
-38.77479
-36.42956
-38.5322
-41.40328
-41.12742
-38.9249
-42.98259
-43.02942
-41.162
-44.24107
-42.71213
-43.55472
0
0
0
0
-26.00819
-28.48703
-29.34067
-28.06388
-25.1687
0
0
0
-27.81071
-30.58606
-32.0783
-30.65615
-27.91214
0
0
-29.97562
-32.52585
-34.31581
-33.08212
-30.43452
0
-31.46054
-34.45659
-36.48178
-35.46557
-32.95775
-32.32672
-36.112
-38.63216
-37.82663
-35.49219
-37.63115
-40.58497
-40.147
-37.96631
-42.35287
-42.33672
-40.26123
-43.9285
-42.11463
-43.29762
0
0
0
-27.43405
-30.19088
-31.71706
-30.25806
-27.52756
0
0
-29.69998
-32.07313
-33.90142
-32.96391
-30.04998
0
-30.93023
-34.26303
-35.92035
-35.18928
-32.41058
-32.24633
-35.81679
-37.93008
-37.35065
-34.73028
-36.83867
-39.69047
-39.50755
-37.0327
-41.34227
-41.47674
-39.2971
-43.26265
-41.42955
-42.983
0
0
-29.34321
-31.67111
-33.48302
-32.5974
-29.66112
0
-30.57603
-33.94298
-35.44154
-34.76931
-32.28731
-31.92359
-35.23251
-37.66144
-36.77691
-34.4514
-36.60892
-39.27869
-38.77621
-36.55518
-40.43096
-40.54532
-38.65763
-42.22255
-40.57998
-42.32398
0
-30.21301
-33.55861
-35.01688
-34.34902
-31.92884
-31.65645
-34.84155
-37.30423
-36.2967
-34.04094
-36.21577
-38.64834
-38.47799
-35.99302
-40.07928
-40.08697
-37.93718
-41.27495
-39.66253
-41.30292
-31.31415
-34.45164
-36.89548
-35.87055
-33.63102
-35.90543
-38.22614
-38.11125
-35.52507
-39.62701
-39.44933
-37.63767
-40.87274
-39.20203
-40.36986
-35.53444
-37.8124
-37.69985
-35.10955
-39.28036
-39.02189
-37.2778
-40.40282
-38.57926
-39.96284
-38.88414
-38.60585
-36.87631
-40.0468
-38.16145
-39.50013
-39.64721
-37.75553
-39.15062
-38.76041
)
;

boundaryField
{
    cathodeSides
    {
        type            zeroGradient;
    }
    electrolyteSides
    {
        type            zeroGradient;
    }
    anodeSides
    {
        type            zeroGradient;
    }
    phiI_to_phiI0
    {
        type            zeroGradient;
    }
}


// ************************************************************************* //
