/*--------------------------------*- C++ -*----------------------------------*\
| =========                 |                                                 |
| \\      /  F ield         | OpenFOAM: The Open Source CFD Toolbox           |
|  \\    /   O peration     | Version:  2312                                  |
|   \\  /    A nd           | Website:  www.openfoam.com                      |
|    \\/     M anipulation  |                                                 |
\*---------------------------------------------------------------------------*/
FoamFile
{
    version     2.0;
    format      ascii;
    arch        "LSB;label=32;scalar=64";
    class       volScalarField;
    location    "30/electrolyte";
    object      T;
}
// * * * * * * * * * * * * * * * * * * * * * * * * * * * * * * * * * * * * * //

dimensions      [0 0 0 1 0 0 0];

internalField   nonuniform List<scalar> 
4000
(
313.158
313.1581
313.1579
313.1579
313.1584
313.158
313.158
313.1577
313.1578
313.1578
313.159
313.1583
313.1583
313.1578
313.1579
313.1579
313.1575
313.1576
313.1576
313.1577
313.1599
313.1588
313.1588
313.1581
313.1582
313.1582
313.1576
313.1577
313.1578
313.1578
313.1574
313.1574
313.1575
313.1575
313.1576
313.1612
313.1598
313.1598
313.1587
313.1587
313.1587
313.1579
313.158
313.1581
313.1581
313.1575
313.1575
313.1576
313.1577
313.1577
313.1573
313.1572
313.1573
313.1574
313.1574
313.1624
313.161
313.161
313.1596
313.1596
313.1596
313.1585
313.1585
313.1586
313.1586
313.1578
313.1578
313.1579
313.1579
313.158
313.1574
313.1574
313.1574
313.1575
313.1575
313.1572
313.1571
313.1571
313.1572
313.1572
313.1635
313.1623
313.1623
313.1608
313.1609
313.1609
313.1594
313.1595
313.1595
313.1595
313.1583
313.1584
313.1584
313.1585
313.1585
313.1576
313.1576
313.1577
313.1578
313.1578
313.1573
313.1573
313.1572
313.1573
313.1574
313.1573
313.1571
313.157
313.157
313.1571
313.1642
313.1633
313.1634
313.1621
313.1622
313.1622
313.1606
313.1607
313.1608
313.1608
313.1592
313.1593
313.1593
313.1594
313.1594
313.1582
313.1582
313.1582
313.1583
313.1584
313.1576
313.1575
313.1575
313.1576
313.1577
313.1574
313.1572
313.1571
313.1571
313.1572
313.1573
313.1571
313.157
313.1569
313.1569
313.1645
313.164
313.1641
313.1631
313.1632
313.1632
313.1619
313.162
313.1621
313.1621
313.1604
313.1605
313.1606
313.1607
313.1607
313.159
313.1591
313.1591
313.1592
313.1593
313.1581
313.158
313.1581
313.1581
313.1582
313.1576
313.1575
313.1574
313.1574
313.1575
313.1574
313.1572
313.1571
313.157
313.157
313.1573
313.1572
313.157
313.1569
313.1568
313.1645
313.1644
313.1644
313.1638
313.1639
313.1639
313.1629
313.163
313.1631
313.1631
313.1616
313.1617
313.1618
313.1619
313.1619
313.1602
313.1603
313.1604
313.1605
313.1605
313.159
313.1589
313.1589
313.159
313.1591
313.1581
313.158
313.1579
313.1579
313.158
313.1577
313.1575
313.1574
313.1573
313.1573
313.1574
313.1573
313.1571
313.157
313.1569
313.1574
313.1572
313.1571
313.1569
313.1568
313.1642
313.1644
313.1644
313.1642
313.1643
313.1643
313.1635
313.1637
313.1638
313.1638
313.1626
313.1627
313.1629
313.163
313.163
313.1614
313.1615
313.1616
313.1617
313.1618
313.1602
313.1601
313.1602
313.1602
313.1603
313.159
313.1589
313.1588
313.1588
313.1589
313.1582
313.158
313.1579
313.1578
313.1578
313.1577
313.1575
313.1574
313.1573
313.1572
313.1575
313.1573
313.1572
313.157
313.1569
313.1574
313.1573
313.1571
313.1569
313.1568
313.1635
313.164
313.1641
313.1642
313.1643
313.1643
313.1639
313.164
313.1641
313.1641
313.1633
313.1634
313.1635
313.1636
313.1637
313.1624
313.1625
313.1626
313.1627
313.1628
313.1614
313.1613
313.1614
313.1615
313.1616
313.1602
313.1601
313.16
313.16
313.1601
313.159
313.1589
313.1587
313.1587
313.1587
313.1582
313.158
313.1579
313.1578
313.1577
313.1577
313.1576
313.1574
313.1573
313.1571
313.1575
313.1574
313.1572
313.157
313.1569
313.1575
313.1573
313.1571
313.157
313.1568
313.1624
313.1633
313.1634
313.1638
313.1639
313.1639
313.1639
313.164
313.1641
313.1641
313.1636
313.1637
313.1639
313.164
313.164
313.1631
313.1631
313.1633
313.1634
313.1635
313.1623
313.1623
313.1623
313.1625
313.1626
313.1613
313.1612
313.1612
313.1612
313.1613
313.1602
313.16
313.1599
313.1599
313.1599
313.159
313.1589
313.1587
313.1586
313.1585
313.1582
313.1581
313.1579
313.1578
313.1576
313.1578
313.1576
313.1575
313.1573
313.1571
313.1576
313.1574
313.1573
313.1571
313.1569
313.1575
313.1574
313.1572
313.157
313.1569
313.1612
313.1623
313.1623
313.1631
313.1632
313.1632
313.1635
313.1637
313.1638
313.1638
313.1636
313.1637
313.1639
313.164
313.164
313.1634
313.1635
313.1636
313.1638
313.1639
313.163
313.1629
313.163
313.1631
313.1633
313.1623
313.1622
313.1621
313.1622
313.1623
313.1614
313.1612
313.1611
313.161
313.1611
313.1602
313.1601
313.1599
313.1598
313.1597
313.1591
313.1589
313.1588
313.1586
313.1585
313.1583
313.1581
313.158
313.1578
313.1576
313.1578
313.1577
313.1575
313.1573
313.1572
313.1576
313.1575
313.1573
313.1571
313.157
313.1575
313.1574
313.1572
313.1571
313.1569
313.1599
313.161
313.161
313.1621
313.1622
313.1622
313.1629
313.163
313.1631
313.1631
313.1633
313.1634
313.1635
313.1636
313.1637
313.1634
313.1635
313.1636
313.1638
313.1639
313.1633
313.1633
313.1633
313.1635
313.1636
313.1629
313.1628
313.1628
313.1629
313.163
313.1623
313.1622
313.162
313.162
313.1621
313.1614
313.1612
313.1611
313.161
313.1609
313.1602
313.1601
313.1599
313.1598
313.1597
313.1591
313.159
313.1588
313.1586
313.1585
313.1583
313.1582
313.158
313.1578
313.1577
313.1579
313.1577
313.1576
313.1574
313.1572
313.1576
313.1575
313.1573
313.1572
313.157
313.1575
313.1574
313.1573
313.1571
313.157
313.159
313.1598
313.1598
313.1608
313.1609
313.1609
313.1619
313.162
313.1621
313.1621
313.1626
313.1627
313.1629
313.163
313.163
313.1631
313.1631
313.1633
313.1634
313.1635
313.1633
313.1633
313.1633
313.1635
313.1636
313.1632
313.1631
313.1631
313.1632
313.1633
313.1629
313.1628
313.1627
313.1626
313.1627
313.1623
313.1622
313.162
313.1619
313.1619
313.1614
313.1612
313.1611
313.1609
313.1608
313.1603
313.1601
313.16
313.1598
313.1596
313.1591
313.159
313.1588
313.1587
313.1585
313.1583
313.1582
313.158
313.1579
313.1577
313.1579
313.1577
313.1576
313.1574
313.1573
313.1576
313.1575
313.1574
313.1572
313.1571
313.1575
313.1574
313.1573
313.1572
313.157
313.1584
313.1588
313.1588
313.1596
313.1596
313.1596
313.1606
313.1607
313.1608
313.1608
313.1616
313.1617
313.1618
313.1619
313.1619
313.1624
313.1625
313.1626
313.1627
313.1628
313.163
313.1629
313.163
313.1631
313.1633
313.1632
313.1631
313.1631
313.1632
313.1633
313.1632
313.1631
313.163
313.163
313.1631
313.1629
313.1628
313.1626
313.1625
313.1625
313.1623
313.1622
313.162
313.1619
313.1618
313.1614
313.1613
313.1611
313.161
313.1608
313.1603
313.1602
313.16
313.1598
313.1597
313.1592
313.159
313.1589
313.1587
313.1585
313.1583
313.1582
313.1581
313.1579
313.1577
313.1579
313.1578
313.1576
313.1575
313.1573
313.1576
313.1575
313.1574
313.1573
313.1571
313.1575
313.1574
313.1573
313.1572
313.157
313.1581
313.1583
313.1583
313.1587
313.1587
313.1587
313.1594
313.1595
313.1595
313.1595
313.1604
313.1605
313.1606
313.1607
313.1607
313.1614
313.1615
313.1616
313.1617
313.1618
313.1623
313.1623
313.1623
313.1625
313.1626
313.1629
313.1628
313.1628
313.1629
313.163
313.1632
313.1631
313.163
313.163
313.1631
313.1632
313.1631
313.163
313.1629
313.1628
313.163
313.1628
313.1627
313.1625
313.1624
313.1624
313.1622
313.162
313.1619
313.1617
313.1614
313.1613
313.1611
313.161
313.1608
313.1603
313.1602
313.16
313.1599
313.1597
313.1592
313.159
313.1589
313.1587
313.1586
313.1583
313.1582
313.1581
313.158
313.1578
313.1578
313.1578
313.1576
313.1575
313.1573
313.1575
313.1575
313.1574
313.1573
313.1571
313.1573
313.1573
313.1573
313.1572
313.1571
313.158
313.158
313.158
313.1581
313.1582
313.1582
313.1585
313.1585
313.1586
313.1586
313.1592
313.1593
313.1593
313.1594
313.1594
313.1602
313.1603
313.1604
313.1605
313.1605
313.1614
313.1613
313.1614
313.1615
313.1616
313.1623
313.1622
313.1621
313.1622
313.1623
313.1629
313.1628
313.1627
313.1626
313.1627
313.1632
313.1631
313.163
313.1629
313.1628
313.1633
313.1631
313.163
313.1628
313.1627
313.163
313.1628
313.1627
313.1625
313.1624
313.1624
313.1622
313.1621
313.1619
313.1617
313.1615
313.1613
313.1612
313.161
313.1608
313.1603
313.1602
313.16
313.1599
313.1597
313.1591
313.159
313.1589
313.1588
313.1586
313.1583
313.1582
313.1581
313.158
313.1578
313.1578
313.1577
313.1576
313.1575
313.1574
313.1574
313.1574
313.1574
313.1573
313.1572
313.157
313.1572
313.1572
313.1572
313.1571
313.1579
313.1579
313.1578
313.1579
313.1579
313.1579
313.158
313.1581
313.1581
313.1583
313.1584
313.1584
313.1585
313.1585
313.159
313.1591
313.1591
313.1592
313.1593
313.1602
313.1601
313.1602
313.1602
313.1603
313.1613
313.1612
313.1612
313.1612
313.1613
313.1623
313.1622
313.162
313.162
313.1621
313.1629
313.1628
313.1626
313.1625
313.1625
313.1633
313.1631
313.163
313.1628
313.1627
313.1633
313.1631
313.163
313.1628
313.1627
313.163
313.1628
313.1627
313.1625
313.1624
313.1624
313.1622
313.1621
313.1619
313.1618
313.1614
313.1613
313.1612
313.161
313.1609
313.1603
313.1602
313.1601
313.1599
313.1598
313.1591
313.159
313.1589
313.1588
313.1586
313.1582
313.1582
313.1581
313.158
313.1579
313.1576
313.1577
313.1576
313.1575
313.1574
313.1571
313.1573
313.1573
313.1573
313.1572
313.1564
313.1569
313.1571
313.1571
313.157
313.1577
313.1578
313.1578
313.1576
313.1577
313.1578
313.1578
313.1578
313.1578
313.1579
313.1579
313.158
313.1582
313.1582
313.1582
313.1583
313.1584
313.159
313.1589
313.1589
313.159
313.1591
313.1602
313.1601
313.16
313.16
313.1601
313.1614
313.1612
313.1611
313.161
313.1611
313.1623
313.1622
313.162
313.1619
313.1619
313.163
313.1628
313.1627
313.1625
313.1624
313.1633
313.1631
313.163
313.1628
313.1627
313.1633
313.1631
313.163
313.1628
313.1627
313.163
313.1628
313.1627
313.1625
313.1624
313.1623
313.1622
313.1621
313.1619
313.1618
313.1614
313.1613
313.1612
313.161
313.1609
313.1602
313.1601
313.16
313.1599
313.1598
313.159
313.159
313.1589
313.1588
313.1587
313.158
313.1581
313.1581
313.158
313.1579
313.1573
313.1575
313.1575
313.1575
313.1574
313.1564
313.157
313.1572
313.1572
313.1571
313.1551
313.1563
313.1568
313.157
313.157
313.1575
313.1576
313.1576
313.1577
313.1575
313.1575
313.1576
313.1577
313.1577
313.1576
313.1576
313.1577
313.1578
313.1578
313.1581
313.158
313.1581
313.1581
313.1582
313.159
313.1589
313.1588
313.1588
313.1589
313.1602
313.16
313.1599
313.1599
313.1599
313.1614
313.1612
313.1611
313.161
313.1609
313.1623
313.1622
313.162
313.1619
313.1618
313.163
313.1628
313.1627
313.1625
313.1624
313.1633
313.1631
313.163
313.1628
313.1627
313.1633
313.1631
313.163
313.1629
313.1627
313.1629
313.1628
313.1627
313.1626
313.1624
313.1623
313.1622
313.1621
313.162
313.1618
313.1613
313.1613
313.1612
313.161
313.1609
313.1601
313.1601
313.16
313.1599
313.1598
313.1588
313.1589
313.1588
313.1588
313.1587
313.1577
313.1579
313.158
313.1579
313.1579
313.1566
313.1572
313.1574
313.1574
313.1574
313.1551
313.1563
313.1569
313.1571
313.1571
313.1541
313.1549
313.1562
313.1567
313.1569
313.1574
313.1574
313.1575
313.1575
313.1576
313.1574
313.1574
313.1574
313.1575
313.1575
313.1576
313.1575
313.1575
313.1576
313.1577
313.1581
313.158
313.1579
313.1579
313.158
313.159
313.1589
313.1587
313.1587
313.1587
313.1602
313.1601
313.1599
313.1598
313.1597
313.1614
313.1612
313.1611
313.1609
313.1608
313.1624
313.1622
313.162
313.1619
313.1617
313.163
313.1628
313.1627
313.1625
313.1624
313.1633
313.1631
313.163
313.1629
313.1627
313.1632
313.1631
313.163
313.1629
313.1627
313.1629
313.1628
313.1627
313.1626
313.1624
313.1622
313.1621
313.1621
313.162
313.1618
313.1611
313.1612
313.1611
313.161
313.1609
313.1598
313.1599
313.1599
313.1599
313.1598
313.1583
313.1587
313.1587
313.1587
313.1586
313.1568
313.1575
313.1578
313.1579
313.1578
313.1552
313.1564
313.1571
313.1573
313.1573
313.1541
313.155
313.1562
313.1568
313.1569
313.1531
313.1539
313.1548
313.156
313.1566
313.1573
313.1572
313.1573
313.1574
313.1574
313.1573
313.1573
313.1572
313.1573
313.1574
313.1576
313.1575
313.1574
313.1574
313.1575
313.1582
313.158
313.1579
313.1578
313.1578
313.159
313.1589
313.1587
313.1586
313.1585
313.1602
313.1601
313.1599
313.1598
313.1597
313.1614
313.1613
313.1611
313.161
313.1608
313.1624
313.1622
313.1621
313.1619
313.1617
313.163
313.1628
313.1627
313.1625
313.1624
313.1632
313.1631
313.163
313.1629
313.1627
313.1632
313.1631
313.163
313.1629
313.1627
313.1628
313.1627
313.1627
313.1626
313.1624
313.162
313.162
313.162
313.1619
313.1618
313.1608
313.161
313.161
313.161
313.1609
313.1592
313.1597
313.1598
313.1598
313.1598
313.1573
313.1582
313.1585
313.1586
313.1586
313.1554
313.1567
313.1574
313.1577
313.1577
313.1541
313.1551
313.1563
313.1569
313.1571
313.1531
313.1539
313.1549
313.1561
313.1566
313.1522
313.153
313.1538
313.1547
313.1559
313.1572
313.1571
313.1571
313.1572
313.1572
313.1574
313.1572
313.1571
313.1571
313.1572
313.1577
313.1575
313.1574
313.1573
313.1573
313.1582
313.158
313.1579
313.1578
313.1577
313.1591
313.1589
313.1588
313.1586
313.1585
313.1603
313.1601
313.16
313.1598
313.1596
313.1614
313.1613
313.1611
313.161
313.1608
313.1624
313.1622
313.1621
313.1619
313.1618
313.1629
313.1628
313.1627
313.1626
313.1624
313.1632
313.1631
313.163
313.1629
313.1627
313.163
313.163
313.163
313.1629
313.1627
313.1626
313.1626
313.1626
313.1625
313.1624
313.1616
313.1619
313.1619
313.1619
313.1618
313.1601
313.1607
313.1609
313.1609
313.1609
313.158
313.1591
313.1596
313.1597
313.1597
313.1558
313.1572
313.158
313.1584
313.1585
313.1542
313.1553
313.1566
313.1573
313.1576
313.1531
313.154
313.1549
313.1562
313.1568
313.1522
313.153
313.1538
313.1547
313.156
313.1513
313.152
313.1528
313.1537
313.1546
313.1573
313.1571
313.157
313.157
313.1571
313.1574
313.1572
313.1571
313.157
313.157
313.1577
313.1575
313.1574
313.1573
313.1572
313.1582
313.1581
313.1579
313.1578
313.1576
313.1591
313.159
313.1588
313.1586
313.1585
313.1603
313.1602
313.16
313.1598
313.1597
313.1615
313.1613
313.1612
313.161
313.1608
313.1623
313.1622
313.1621
313.1619
313.1618
313.1629
313.1628
313.1627
313.1626
313.1624
313.163
313.163
313.163
313.1629
313.1627
313.1628
313.1629
313.1629
313.1628
313.1627
313.1622
313.1624
313.1625
313.1625
313.1624
313.1608
313.1615
313.1617
313.1618
313.1617
313.1587
313.16
313.1606
313.1607
313.1608
313.1563
313.1579
313.159
313.1594
313.1596
313.1544
313.1556
313.1571
313.1579
313.1583
313.1531
313.1541
313.1551
313.1565
313.1572
313.1521
313.1529
313.1538
313.1548
313.1561
313.1512
313.152
313.1528
313.1537
313.1546
313.1504
313.1512
313.1519
313.1527
313.1535
313.1573
313.1571
313.157
313.1569
313.1569
313.1574
313.1573
313.1571
313.157
313.1569
313.1577
313.1576
313.1574
313.1573
313.1571
313.1583
313.1581
313.158
313.1578
313.1576
313.1591
313.159
313.1588
313.1587
313.1585
313.1603
313.1602
313.16
313.1599
313.1597
313.1614
313.1613
313.1612
313.161
313.1609
313.1623
313.1622
313.1621
313.162
313.1618
313.1628
313.1627
313.1627
313.1626
313.1624
313.1628
313.1629
313.1629
313.1628
313.1627
313.1624
313.1627
313.1628
313.1627
313.1627
313.1613
313.162
313.1623
313.1623
313.1623
313.1593
313.1607
313.1614
313.1616
313.1616
313.1568
313.1586
313.1599
313.1604
313.1606
313.1547
313.1562
313.1578
313.1588
313.1593
313.1531
313.1543
313.1555
313.157
313.1578
313.152
313.1529
313.1539
313.155
313.1564
313.1511
313.1519
313.1528
313.1537
313.1547
313.1504
313.1511
313.1519
313.1527
313.1535
313.1496
313.1503
313.151
313.1518
313.1526
313.1573
313.1572
313.157
313.1569
313.1568
313.1575
313.1573
313.1572
313.157
313.1569
313.1578
313.1576
313.1575
313.1573
313.1571
313.1583
313.1582
313.158
313.1578
313.1577
313.1592
313.159
313.1589
313.1587
313.1585
313.1603
313.1602
313.16
313.1599
313.1597
313.1614
313.1613
313.1612
313.161
313.1609
313.1622
313.1621
313.1621
313.162
313.1618
313.1626
313.1626
313.1626
313.1625
313.1624
313.1624
313.1627
313.1628
313.1627
313.1627
313.1615
313.1623
313.1626
313.1626
313.1626
313.1596
313.1612
313.1619
313.1622
313.1622
313.1572
313.1592
313.1606
313.1612
313.1615
313.155
313.1567
313.1585
313.1597
313.1603
313.1532
313.1546
313.156
313.1577
313.1587
313.1519
313.153
313.1541
313.1554
313.1569
313.1509
313.1518
313.1528
313.1538
313.1549
313.1502
313.151
313.1518
313.1527
313.1536
313.1495
313.1502
313.1509
313.1517
313.1525
313.1489
313.1495
313.1501
313.1509
313.1516
313.1574
313.1572
313.1571
313.1569
313.1568
313.1575
313.1574
313.1572
313.157
313.1569
313.1578
313.1577
313.1575
313.1573
313.1572
313.1583
313.1582
313.158
313.1579
313.1577
313.1592
313.159
313.1589
313.1587
313.1586
313.1603
313.1602
313.1601
313.1599
313.1598
313.1613
313.1613
313.1612
313.161
313.1609
313.162
313.162
313.162
313.1619
313.1618
313.1622
313.1624
313.1625
313.1625
313.1624
313.1615
313.1623
313.1626
313.1626
313.1626
313.1598
313.1614
313.1622
313.1624
313.1625
313.1574
313.1595
313.161
313.1618
313.162
313.1552
313.157
313.159
313.1604
313.1611
313.1533
313.1549
313.1565
313.1584
313.1596
313.1518
313.1531
313.1545
313.1559
313.1576
313.1507
313.1517
313.1528
313.154
313.1552
313.1499
313.1508
313.1517
313.1527
313.1537
313.1493
313.15
313.1508
313.1516
313.1525
313.1487
313.1494
313.15
313.1508
313.1516
313.1481
313.1487
313.1493
313.15
313.1507
313.1574
313.1573
313.1571
313.1569
313.1568
313.1576
313.1574
313.1573
313.1571
313.1569
313.1579
313.1577
313.1576
313.1574
313.1572
313.1583
313.1582
313.1581
313.1579
313.1577
313.1591
313.159
313.1589
313.1588
313.1586
313.1602
313.1601
313.16
313.1599
313.1598
313.1611
313.1612
313.1611
313.161
313.1609
313.1616
313.1619
313.1619
313.1619
313.1618
313.1613
313.162
313.1623
313.1623
313.1623
313.1598
313.1614
313.1622
313.1624
313.1625
313.1575
313.1597
313.1612
313.162
313.1623
313.1554
313.1573
313.1594
313.1609
313.1616
313.1533
313.1551
313.1569
313.1589
313.1603
313.1516
313.1532
313.1548
313.1564
313.1583
313.1503
313.1516
313.1529
313.1543
313.1558
313.1495
313.1505
313.1516
313.1527
313.1539
313.1489
313.1497
313.1506
313.1516
313.1525
313.1484
313.1491
313.1499
313.1507
313.1515
313.148
313.1486
313.1492
313.1499
313.1506
313.1474
313.1479
313.1485
313.1491
313.1498
313.1575
313.1573
313.1571
313.157
313.1568
313.1576
313.1575
313.1573
313.1571
313.157
313.1579
313.1577
313.1576
313.1574
313.1573
313.1583
313.1582
313.1581
313.158
313.1578
313.1591
313.159
313.1589
313.1588
313.1586
313.1601
313.1601
313.16
313.1599
313.1598
313.1608
313.161
313.161
313.161
313.1609
313.1608
313.1615
313.1617
313.1618
313.1617
313.1596
313.1612
313.1619
313.1622
313.1622
313.1575
313.1597
313.1612
313.162
313.1623
313.1554
313.1574
313.1596
313.1611
313.1619
313.1533
313.1552
313.1571
313.1593
313.1608
313.1515
313.1532
313.155
313.1568
313.1588
313.15
313.1515
313.153
313.1546
313.1563
313.1489
313.1502
313.1515
313.1528
313.1542
313.1484
313.1493
313.1504
313.1514
313.1526
313.148
313.1488
313.1496
313.1505
313.1514
313.1476
313.1483
313.149
313.1497
313.1505
313.1473
313.1478
313.1484
313.149
313.1497
313.1468
313.1472
313.1478
313.1484
313.149
313.1575
313.1574
313.1572
313.157
313.1569
313.1576
313.1575
313.1573
313.1572
313.157
313.1579
313.1578
313.1576
313.1575
313.1573
313.1583
313.1582
313.1581
313.158
313.1578
313.159
313.159
313.1589
313.1588
313.1587
313.1598
313.1599
313.1599
313.1599
313.1598
313.1601
313.1607
313.1609
313.1609
313.1609
313.1593
313.1607
313.1614
313.1616
313.1616
313.1574
313.1595
313.161
313.1618
313.162
313.1554
313.1574
313.1596
313.1611
313.1619
313.1533
313.1553
313.1573
313.1594
313.161
313.1514
313.1532
313.1551
313.157
313.1591
313.1497
313.1513
313.1531
313.1548
313.1566
313.1484
313.1498
313.1513
313.1529
313.1545
313.1476
313.1488
313.15
313.1513
313.1527
313.1473
313.1482
313.1492
313.1502
313.1513
313.1471
313.1478
313.1486
313.1494
313.1503
313.1469
313.1475
313.1481
313.1488
313.1496
313.1466
313.1471
313.1476
313.1482
313.1489
313.1462
313.1466
313.1471
313.1476
313.1482
313.1575
313.1574
313.1572
313.1571
313.1569
313.1576
313.1575
313.1574
313.1572
313.1571
313.1578
313.1578
313.1576
313.1575
313.1573
313.1582
313.1582
313.1581
313.158
313.1579
313.1588
313.1589
313.1588
313.1588
313.1587
313.1592
313.1597
313.1598
313.1598
313.1598
313.1587
313.16
313.1606
313.1607
313.1608
313.1572
313.1592
313.1606
313.1612
313.1615
313.1554
313.1573
313.1594
313.1609
313.1616
313.1533
313.1553
313.1573
313.1594
313.161
313.1513
313.1532
313.1551
313.1571
313.1593
313.1494
313.1512
313.1531
313.1549
313.1569
313.1479
313.1495
313.1512
313.1529
313.1547
313.1469
313.1482
313.1497
313.1512
313.1527
313.1463
313.1475
313.1486
313.1499
313.1512
313.1462
313.1471
313.148
313.149
313.1501
313.1463
313.1469
313.1476
313.1484
313.1493
313.1462
313.1467
313.1473
313.1479
313.1486
313.146
313.1464
313.1469
313.1474
313.1481
313.1457
313.146
313.1464
313.1469
313.1474
313.1575
313.1574
313.1573
313.1571
313.157
313.1576
313.1575
313.1574
313.1573
313.1571
313.1578
313.1577
313.1576
313.1575
313.1574
313.158
313.1581
313.1581
313.158
313.1579
313.1583
313.1587
313.1587
313.1587
313.1586
313.158
313.1591
313.1596
313.1597
313.1597
313.1568
313.1586
313.1599
313.1604
313.1606
313.1552
313.157
313.159
313.1604
313.1611
313.1533
313.1552
313.1571
313.1593
313.1608
313.1513
313.1532
313.1551
313.1571
313.1593
313.1493
313.1511
313.153
313.155
313.157
313.1475
313.1493
313.1511
313.1529
313.1548
313.1462
313.1477
313.1494
313.151
313.1528
313.1454
313.1467
313.1481
313.1495
313.151
313.1451
313.1462
313.1473
313.1485
313.1497
313.1453
313.1461
313.1469
313.1479
313.1489
313.1455
313.1461
313.1467
313.1475
313.1483
313.1456
313.146
313.1465
313.1471
313.1478
313.1455
313.1458
313.1462
313.1467
313.1473
313.1452
313.1455
313.1458
313.1462
313.1467
313.1575
313.1574
313.1573
313.1572
313.157
313.1575
313.1575
313.1574
313.1573
313.1571
313.1576
313.1577
313.1576
313.1575
313.1574
313.1577
313.1579
313.158
313.1579
313.1579
313.1573
313.1582
313.1585
313.1586
313.1586
313.1563
313.1579
313.159
313.1594
313.1596
313.155
313.1567
313.1585
313.1597
313.1603
313.1533
313.1551
313.1569
313.1589
313.1603
313.1514
313.1532
313.1551
313.157
313.1591
313.1493
313.1511
313.153
313.155
313.157
313.1474
313.1491
313.151
313.1529
313.1549
313.1457
313.1474
313.1491
313.1509
313.1528
313.1446
313.146
313.1476
313.1492
313.1509
313.144
313.1452
313.1465
313.1479
313.1494
313.144
313.145
313.146
313.1471
313.1483
313.1444
313.1451
313.1459
313.1468
313.1477
313.1448
313.1453
313.1459
313.1466
313.1473
313.145
313.1454
313.1458
313.1464
313.147
313.145
313.1453
313.1456
313.1461
313.1465
313.1448
313.145
313.1453
313.1456
313.1461
313.1575
313.1574
313.1573
313.1572
313.157
313.1574
313.1574
313.1574
313.1573
313.1572
313.1573
313.1575
313.1575
313.1575
313.1574
313.1568
313.1575
313.1578
313.1579
313.1578
313.1558
313.1572
313.158
313.1584
313.1585
313.1547
313.1562
313.1578
313.1588
313.1593
313.1533
313.1549
313.1565
313.1584
313.1596
313.1515
313.1532
313.155
313.1568
313.1588
313.1494
313.1512
313.1531
313.1549
313.1569
313.1474
313.1491
313.151
313.1529
313.1549
313.1455
313.1472
313.149
313.1508
313.1528
313.144
313.1456
313.1472
313.149
313.1508
313.143
313.1444
313.1459
313.1474
313.149
313.1427
313.1438
313.1451
313.1464
313.1478
313.143
313.1438
313.1448
313.1458
313.147
313.1436
313.1442
313.1449
313.1457
313.1466
313.1442
313.1446
313.1451
313.1457
313.1464
313.1445
313.1448
313.1452
313.1456
313.1462
313.1446
313.1448
313.1451
313.1454
313.1459
313.1445
313.1446
313.1448
313.1451
313.1455
313.1573
313.1573
313.1573
313.1572
313.1571
313.1571
313.1573
313.1573
313.1573
313.1572
313.1566
313.1572
313.1574
313.1574
313.1574
313.1554
313.1567
313.1574
313.1577
313.1577
313.1544
313.1556
313.1571
313.1579
313.1583
313.1532
313.1546
313.156
313.1577
313.1587
313.1516
313.1532
313.1548
313.1564
313.1583
313.1497
313.1513
313.1531
313.1548
313.1566
313.1475
313.1493
313.1511
313.1529
313.1548
313.1455
313.1472
313.149
313.1508
313.1528
313.1437
313.1453
313.147
313.1488
313.1507
313.1424
313.1438
313.1454
313.1471
313.1488
313.1416
313.1429
313.1442
313.1457
313.1473
313.1415
313.1425
313.1437
313.1449
313.1462
313.142
313.1428
313.1437
313.1446
313.1457
313.1429
313.1434
313.144
313.1448
313.1456
313.1436
313.144
313.1444
313.1449
313.1455
313.144
313.1443
313.1446
313.145
313.1455
313.1442
313.1444
313.1446
313.1449
313.1453
313.1442
313.1443
313.1444
313.1446
313.1449
313.157
313.1572
313.1572
313.1572
313.1571
313.1564
313.157
313.1572
313.1572
313.1571
313.1552
313.1564
313.1571
313.1573
313.1573
313.1542
313.1553
313.1566
313.1573
313.1576
313.1531
313.1543
313.1555
313.157
313.1578
313.1518
313.1531
313.1545
313.1559
313.1576
313.15
313.1515
313.153
313.1546
313.1563
313.1479
313.1495
313.1512
313.1529
313.1547
313.1457
313.1474
313.1491
313.1509
313.1528
313.1437
313.1453
313.147
313.1488
313.1507
313.142
313.1435
313.1452
313.1469
313.1487
313.1408
313.1422
313.1437
313.1452
313.1469
313.1403
313.1414
313.1427
313.1441
313.1456
313.1405
313.1413
313.1424
313.1435
313.1447
313.1412
313.1419
313.1426
313.1435
313.1444
313.1422
313.1427
313.1432
313.1439
313.1446
313.1431
313.1434
313.1438
313.1442
313.1448
313.1437
313.1438
313.1441
313.1444
313.1448
313.1439
313.144
313.1442
313.1444
313.1447
313.144
313.144
313.1441
313.1442
313.1444
313.1564
313.1569
313.1571
313.1571
313.157
313.1551
313.1563
313.1569
313.1571
313.1571
313.1541
313.1551
313.1563
313.1569
313.1571
313.1531
313.1541
313.1551
313.1565
313.1572
313.1519
313.153
313.1541
313.1554
313.1569
313.1503
313.1516
313.1529
313.1543
313.1558
313.1484
313.1498
313.1513
313.1529
313.1545
313.1462
313.1477
313.1494
313.151
313.1528
313.144
313.1456
313.1472
313.149
313.1508
313.142
313.1435
313.1452
313.1469
313.1487
313.1404
313.1418
313.1434
313.145
313.1467
313.1394
313.1407
313.142
313.1435
313.1451
313.1391
313.1401
313.1413
313.1425
313.1439
313.1395
313.1403
313.1412
313.1422
313.1433
313.1404
313.141
313.1417
313.1424
313.1433
313.1417
313.1421
313.1425
313.143
313.1437
313.1427
313.1429
313.1432
313.1436
313.144
313.1434
313.1435
313.1436
313.1439
313.1442
313.1438
313.1437
313.1438
313.144
313.1442
313.1439
313.1438
313.1438
313.1439
313.144
313.1551
313.1563
313.1568
313.157
313.157
313.1541
313.155
313.1562
313.1568
313.1569
313.1531
313.154
313.1549
313.1562
313.1568
313.152
313.1529
313.1539
313.155
313.1564
313.1507
313.1517
313.1528
313.154
313.1552
313.1489
313.1502
313.1515
313.1528
313.1542
313.1469
313.1482
313.1497
313.1512
313.1527
313.1446
313.146
313.1476
313.1492
313.1509
313.1424
313.1438
313.1454
313.1471
313.1488
313.1404
313.1418
313.1434
313.145
313.1467
313.139
313.1403
313.1417
313.1432
313.1448
313.1382
313.1393
313.1405
313.1418
313.1433
313.138
313.1389
313.1399
313.1411
313.1423
313.1386
313.1393
313.1401
313.141
313.142
313.1398
313.1403
313.1408
313.1415
313.1423
313.1412
313.1415
313.1419
313.1423
313.1429
313.1424
313.1425
313.1427
313.143
313.1434
313.1432
313.1432
313.1433
313.1435
313.1437
313.1437
313.1436
313.1435
313.1436
313.1438
313.1437
313.1436
313.1436
313.1437
313.1541
313.1549
313.1562
313.1567
313.1569
313.1531
313.1539
313.1549
313.1561
313.1566
313.1521
313.1529
313.1538
313.1548
313.1561
313.1509
313.1518
313.1528
313.1538
313.1549
313.1495
313.1505
313.1516
313.1527
313.1539
313.1476
313.1488
313.15
313.1513
313.1527
313.1454
313.1467
313.1481
313.1495
313.151
313.143
313.1444
313.1459
313.1474
313.149
313.1408
313.1422
313.1437
313.1452
313.1469
313.139
313.1403
313.1417
313.1432
313.1448
313.1377
313.1388
313.1401
313.1415
313.143
313.137
313.138
313.1391
313.1403
313.1417
313.1371
313.1378
313.1387
313.1398
313.1409
313.1379
313.1384
313.1391
313.1399
313.1408
313.1393
313.1396
313.1401
313.1406
313.1413
313.1409
313.141
313.1413
313.1417
313.1421
313.1422
313.1422
313.1423
313.1425
313.1428
313.1431
313.143
313.143
313.1431
313.1433
313.1434
313.1434
313.1433
313.1434
313.1435
313.1434
313.1434
313.1531
313.1539
313.1548
313.156
313.1566
313.1522
313.153
313.1538
313.1547
313.156
313.1511
313.1519
313.1528
313.1537
313.1547
313.1499
313.1508
313.1517
313.1527
313.1537
313.1484
313.1493
313.1504
313.1514
313.1526
313.1463
313.1475
313.1486
313.1499
313.1512
313.144
313.1452
313.1465
313.1479
313.1494
313.1416
313.1429
313.1442
313.1457
313.1473
313.1394
313.1407
313.142
313.1435
313.1451
313.1377
313.1388
313.1401
313.1415
313.143
313.1365
313.1375
313.1386
313.1399
313.1413
313.136
313.1368
313.1378
313.1389
313.1401
313.1363
313.1369
313.1377
313.1385
313.1396
313.1373
313.1377
313.1382
313.1389
313.1397
313.1388
313.1391
313.1394
313.1399
313.1404
313.1406
313.1407
313.1408
313.1411
313.1415
313.142
313.142
313.142
313.1421
313.1423
313.1429
313.1428
313.1428
313.1429
313.1432
313.1432
313.1431
313.1433
313.1432
313.1522
313.153
313.1538
313.1547
313.1559
313.1512
313.152
313.1528
313.1537
313.1546
313.1502
313.151
313.1518
313.1527
313.1536
313.1489
313.1497
313.1506
313.1516
313.1525
313.1473
313.1482
313.1492
313.1502
313.1513
313.1451
313.1462
313.1473
313.1485
313.1497
313.1427
313.1438
313.1451
313.1464
313.1478
313.1403
313.1414
313.1427
313.1441
313.1456
313.1382
313.1393
313.1405
313.1418
313.1433
313.1365
313.1375
313.1386
313.1399
313.1413
313.1355
313.1363
313.1373
313.1384
313.1397
313.1351
313.1358
313.1366
313.1376
313.1387
313.1356
313.1361
313.1367
313.1375
313.1384
313.1368
313.1371
313.1375
313.138
313.1387
313.1385
313.1386
313.1389
313.1392
313.1397
313.1405
313.1404
313.1405
313.1406
313.1409
313.1418
313.1418
313.1418
313.1419
313.1427
313.1426
313.1426
313.143
313.1429
313.1431
313.1513
313.152
313.1528
313.1537
313.1546
313.1504
313.1511
313.1519
313.1527
313.1535
313.1493
313.15
313.1508
313.1516
313.1525
313.148
313.1488
313.1496
313.1505
313.1514
313.1462
313.1471
313.148
313.149
313.1501
313.144
313.145
313.146
313.1471
313.1483
313.1415
313.1425
313.1437
313.1449
313.1462
313.1391
313.1401
313.1413
313.1425
313.1439
313.137
313.138
313.1391
313.1403
313.1417
313.1355
313.1363
313.1373
313.1384
313.1397
313.1346
313.1353
313.1361
313.1371
313.1382
313.1344
313.1349
313.1356
313.1364
313.1374
313.135
313.1354
313.1359
313.1365
313.1373
313.1364
313.1366
313.1369
313.1373
313.1378
313.1384
313.1383
313.1384
313.1387
313.139
313.1403
313.1402
313.1403
313.1404
313.1416
313.1416
313.1416
313.1425
313.1424
313.1428
313.1504
313.1512
313.1519
313.1527
313.1535
313.1495
313.1502
313.1509
313.1517
313.1525
313.1484
313.1491
313.1499
313.1507
313.1515
313.1471
313.1478
313.1486
313.1494
313.1503
313.1453
313.1461
313.1469
313.1479
313.1489
313.143
313.1438
313.1448
313.1458
313.147
313.1405
313.1413
313.1424
313.1435
313.1447
313.138
313.1389
313.1399
313.1411
313.1423
313.136
313.1368
313.1378
313.1389
313.1401
313.1346
313.1353
313.1361
313.1371
313.1382
313.1338
313.1344
313.1351
313.1359
313.1369
313.1338
313.1342
313.1347
313.1354
313.1363
313.1347
313.1348
313.1352
313.1357
313.1363
313.1362
313.1362
313.1364
313.1367
313.1371
313.1382
313.1381
313.1382
313.1385
313.1401
313.14
313.1401
313.1414
313.1414
313.1423
313.1496
313.1503
313.151
313.1518
313.1526
313.1487
313.1494
313.15
313.1508
313.1516
313.1476
313.1483
313.149
313.1497
313.1505
313.1463
313.1469
313.1476
313.1484
313.1493
313.1444
313.1451
313.1459
313.1468
313.1477
313.142
313.1428
313.1437
313.1446
313.1457
313.1395
313.1403
313.1412
313.1422
313.1433
313.1371
313.1378
313.1387
313.1398
313.1409
313.1351
313.1358
313.1366
313.1376
313.1387
313.1338
313.1344
313.1351
313.1359
313.1369
313.1332
313.1336
313.1342
313.1349
313.1357
313.1334
313.1336
313.134
313.1345
313.1352
313.1345
313.1345
313.1346
313.135
313.1355
313.136
313.136
313.1362
313.1365
313.138
313.1379
313.138
313.1399
313.1398
313.1412
313.1489
313.1495
313.1501
313.1509
313.1516
313.148
313.1486
313.1492
313.1499
313.1506
313.1469
313.1475
313.1481
313.1488
313.1496
313.1455
313.1461
313.1467
313.1475
313.1483
313.1436
313.1442
313.1449
313.1457
313.1466
313.1412
313.1419
313.1426
313.1435
313.1444
313.1386
313.1393
313.1401
313.141
313.142
313.1363
313.1369
313.1377
313.1385
313.1396
313.1344
313.1349
313.1356
313.1364
313.1374
313.1332
313.1336
313.1342
313.1349
313.1357
313.1328
313.133
313.1334
313.134
313.1347
313.1332
313.1332
313.1334
313.1338
313.1343
313.1343
313.1343
313.1344
313.1348
313.1358
313.1358
313.136
313.1378
313.1377
313.1397
313.1481
313.1487
313.1493
313.15
313.1507
313.1473
313.1478
313.1484
313.149
313.1497
313.1462
313.1467
313.1473
313.1479
313.1486
313.1448
313.1453
313.1459
313.1466
313.1473
313.1429
313.1434
313.144
313.1448
313.1456
313.1404
313.141
313.1417
313.1424
313.1433
313.1379
313.1384
313.1391
313.1399
313.1408
313.1356
313.1361
313.1367
313.1375
313.1384
313.1338
313.1342
313.1347
313.1354
313.1363
313.1328
313.133
313.1334
313.134
313.1347
313.1326
313.1326
313.1328
313.1332
313.1338
313.133
313.133
313.1332
313.1336
313.134
313.1341
313.1342
313.1356
313.1356
313.1375
313.1474
313.1479
313.1485
313.1491
313.1498
313.1466
313.1471
313.1476
313.1482
313.1489
313.1456
313.146
313.1465
313.1471
313.1478
313.1442
313.1446
313.1451
313.1457
313.1464
313.1422
313.1427
313.1432
313.1439
313.1446
313.1398
313.1403
313.1408
313.1415
313.1423
313.1373
313.1377
313.1382
313.1389
313.1397
313.135
313.1354
313.1359
313.1365
313.1373
313.1334
313.1336
313.134
313.1345
313.1352
313.1326
313.1326
313.1328
313.1332
313.1338
313.1324
313.1324
313.1326
313.133
313.1328
313.1328
313.133
313.1338
313.1339
313.1354
313.1468
313.1472
313.1478
313.1484
313.149
313.146
313.1464
313.1469
313.1474
313.1481
313.145
313.1454
313.1458
313.1464
313.147
313.1436
313.144
313.1444
313.1449
313.1455
313.1417
313.1421
313.1425
313.143
313.1437
313.1393
313.1396
313.1401
313.1406
313.1413
313.1368
313.1371
313.1375
313.138
313.1387
313.1347
313.1348
313.1352
313.1357
313.1363
313.1332
313.1332
313.1334
313.1338
313.1343
313.1324
313.1324
313.1326
313.133
313.1322
313.1322
313.1324
313.1326
313.1326
313.1336
313.1462
313.1466
313.1471
313.1476
313.1482
313.1455
313.1458
313.1462
313.1467
313.1473
313.1445
313.1448
313.1452
313.1456
313.1462
313.1431
313.1434
313.1438
313.1442
313.1448
313.1412
313.1415
313.1419
313.1423
313.1429
313.1388
313.1391
313.1394
313.1399
313.1404
313.1364
313.1366
313.1369
313.1373
313.1378
313.1345
313.1345
313.1346
313.135
313.1355
313.133
313.133
313.1332
313.1336
313.1322
313.1322
313.1324
313.1319
313.132
313.1324
313.1457
313.146
313.1464
313.1469
313.1474
313.145
313.1453
313.1456
313.1461
313.1465
313.144
313.1443
313.1446
313.145
313.1455
313.1427
313.1429
313.1432
313.1436
313.144
313.1409
313.141
313.1413
313.1417
313.1421
313.1385
313.1386
313.1389
313.1392
313.1397
313.1362
313.1362
313.1364
313.1367
313.1371
313.1343
313.1343
313.1344
313.1348
313.1328
313.1328
313.133
313.1319
313.132
313.1317
313.1452
313.1455
313.1458
313.1462
313.1467
313.1446
313.1448
313.1451
313.1454
313.1459
313.1437
313.1438
313.1441
313.1444
313.1448
313.1424
313.1425
313.1427
313.143
313.1434
313.1406
313.1407
313.1408
313.1411
313.1415
313.1384
313.1383
313.1384
313.1387
313.139
313.136
313.136
313.1362
313.1365
313.134
313.1341
313.1342
313.1326
313.1326
313.1317
313.1448
313.145
313.1453
313.1456
313.1461
313.1442
313.1444
313.1446
313.1449
313.1453
313.1434
313.1435
313.1436
313.1439
313.1442
313.1422
313.1422
313.1423
313.1425
313.1428
313.1405
313.1404
313.1405
313.1406
313.1409
313.1382
313.1381
313.1382
313.1385
313.1358
313.1358
313.136
313.1338
313.1339
313.1324
313.1445
313.1446
313.1448
313.1451
313.1455
313.1439
313.144
313.1442
313.1444
313.1447
313.1432
313.1432
313.1433
313.1435
313.1437
313.142
313.142
313.142
313.1421
313.1423
313.1403
313.1402
313.1403
313.1404
313.138
313.1379
313.138
313.1356
313.1356
313.1336
313.1442
313.1443
313.1444
313.1446
313.1449
313.1438
313.1437
313.1438
313.144
313.1442
313.1431
313.143
313.143
313.1431
313.1433
313.1418
313.1418
313.1418
313.1419
313.1401
313.14
313.1401
313.1378
313.1377
313.1354
313.144
313.144
313.1441
313.1442
313.1444
313.1437
313.1436
313.1435
313.1436
313.1438
313.1429
313.1428
313.1428
313.1429
313.1416
313.1416
313.1416
313.1399
313.1398
313.1375
313.1439
313.1438
313.1438
313.1439
313.144
313.1434
313.1434
313.1433
313.1434
313.1427
313.1426
313.1426
313.1414
313.1414
313.1397
313.1437
313.1436
313.1436
313.1437
313.1432
313.1432
313.1431
313.1425
313.1424
313.1412
313.1435
313.1434
313.1434
313.143
313.1429
313.1423
313.1433
313.1432
313.1428
313.1431
)
;

boundaryField
{
    electrolyteSides
    {
        type            zeroGradient;
    }
    electrolyte_to_fuel
    {
        type            zeroGradient;
    }
    electrolyte_to_air
    {
        type            zeroGradient;
    }
}


// ************************************************************************* //
