/*--------------------------------*- C++ -*----------------------------------*\
| =========                 |                                                 |
| \\      /  F ield         | OpenFOAM: The Open Source CFD Toolbox           |
|  \\    /   O peration     | Version:  2312                                  |
|   \\  /    A nd           | Website:  www.openfoam.com                      |
|    \\/     M anipulation  |                                                 |
\*---------------------------------------------------------------------------*/
FoamFile
{
    version     2.0;
    format      ascii;
    arch        "LSB;label=32;scalar=64";
    class       volScalarField;
    location    "50/electrolyte";
    object      T;
}
// * * * * * * * * * * * * * * * * * * * * * * * * * * * * * * * * * * * * * //

dimensions      [0 0 0 1 0 0 0];

internalField   nonuniform List<scalar> 
4000
(
313.6036
313.6136
313.61
313.595
313.6365
313.6206
313.6051
313.6165
313.6014
313.5864
313.6776
313.6446
313.6279
313.6275
313.612
313.5964
313.6213
313.6079
313.5927
313.5776
313.7436
313.6877
313.669
313.6524
313.6359
313.6192
313.6325
313.6189
313.6032
313.5876
313.6251
313.6126
313.5991
313.5838
313.5687
313.8332
313.7568
313.7348
313.6972
313.6791
313.6603
313.6582
313.6438
313.6271
313.6104
313.6366
313.6239
313.6101
313.5943
313.5787
313.6283
313.6164
313.6038
313.5902
313.5748
313.9225
313.8505
313.8242
313.7689
313.748
313.726
313.7042
313.6885
313.6702
313.6514
313.6627
313.6495
313.635
313.6182
313.6014
313.64
313.6279
313.6151
313.6012
313.5853
313.6305
313.6195
313.6075
313.5949
313.5812
313.9957
313.9439
313.9133
313.866
313.8414
313.815
313.7778
313.76
313.739
313.7169
313.7097
313.6955
313.6797
313.6612
313.6423
313.6665
313.654
313.6407
313.626
313.6091
313.6423
313.6312
313.619
313.6061
313.5921
313.6325
313.6218
313.6107
313.5986
313.5858
314.0462
314.0204
313.9864
313.9626
313.9346
313.904
313.8776
313.8569
313.8322
313.8059
313.7848
313.769
313.751
313.7299
313.7077
313.7142
313.701
313.6866
313.6706
313.652
313.6692
313.6577
313.6451
313.6317
313.6169
313.6445
313.6336
313.6223
313.6101
313.597
313.6343
313.6237
313.6129
313.6017
313.5895
314.0717
314.073
314.0368
314.0418
314.011
313.977
313.9768
313.9533
313.9253
313.8947
313.8866
313.8685
313.8477
313.823
313.7966
313.7905
313.7759
313.76
313.7419
313.7206
313.7176
313.7055
313.692
313.6776
313.6614
313.6716
313.6605
313.6488
313.6361
313.6225
313.6464
313.6357
313.6247
313.6133
313.6009
313.6359
313.6255
313.6148
313.6038
313.5925
314.0717
314.0996
314.0623
314.0962
314.0636
314.0274
314.0581
314.0323
314.0016
313.9677
313.9877
313.9675
313.944
313.916
313.8855
313.8938
313.8774
313.8593
313.8384
313.8137
313.7948
313.7816
313.7669
313.7508
313.7326
313.7204
313.7088
313.6965
313.6829
313.6683
313.6738
313.6628
313.6515
313.6398
313.6269
313.6481
313.6375
313.6267
313.6156
313.6042
313.6374
313.627
313.6165
313.6057
313.5947
314.0462
314.0996
314.0623
314.1237
314.0902
314.0529
314.1139
314.0868
314.0542
314.0181
314.0705
314.0487
314.023
313.9923
313.9584
313.9965
313.9784
313.9582
313.9347
313.9067
313.8994
313.8847
313.8682
313.85
313.8291
313.7984
313.7859
313.7725
313.7577
313.7415
313.723
313.7116
313.6998
313.6874
313.6737
313.6756
313.6649
313.6539
313.6424
313.6306
313.6496
313.6392
313.6286
313.6177
313.6064
313.6386
313.6285
313.6181
313.6074
313.5966
313.9958
314.073
314.0368
314.1237
314.0902
314.0529
314.1422
314.1143
314.0808
314.0436
314.1274
314.1045
314.0774
314.0449
314.0088
314.0805
314.0611
314.0393
314.0136
313.983
314.0033
313.9872
313.9691
313.9489
313.9254
313.904
313.8902
313.8754
313.8589
313.8407
313.8016
313.7895
313.7768
313.7633
313.7483
313.7252
313.7142
313.7026
313.6906
313.678
313.6773
313.6668
313.656
313.6447
313.6332
313.6509
313.6407
313.6302
313.6195
313.6085
313.6398
313.6298
313.6195
313.609
313.5982
313.9226
314.0204
313.9864
314.0962
314.0636
314.0275
314.1422
314.1143
314.0808
314.0436
314.1562
314.1328
314.1049
314.0715
314.0343
314.1383
314.118
314.0952
314.068
314.0356
314.0883
314.0711
314.0517
314.03
314.0043
314.0089
313.9939
313.9778
313.9598
313.9396
313.908
313.8948
313.8809
313.8661
313.8496
313.8044
313.7926
313.7804
313.7675
313.7539
313.7272
313.7163
313.7051
313.6934
313.6813
313.6788
313.6685
313.6578
313.6468
313.6355
313.6522
313.6421
313.6317
313.6211
313.6103
313.6409
313.6309
313.6207
313.6104
313.5997
313.8333
313.9439
313.9133
314.0418
314.011
313.9771
314.114
314.0868
314.0542
314.0181
314.1562
314.1328
314.1049
314.0715
314.0343
314.1675
314.1468
314.1234
314.0955
314.0622
314.1467
314.1289
314.1086
314.0858
314.0588
314.0947
314.0788
314.0617
314.0424
314.0207
314.0138
313.9995
313.9846
313.9685
313.9505
313.9115
313.8988
313.8855
313.8716
313.8568
313.8068
313.7954
313.7835
313.7711
313.7581
313.729
313.7183
313.7073
313.6959
313.6841
313.6802
313.67
313.6595
313.6486
313.6375
313.6533
313.6433
313.633
313.6226
313.6119
313.642
313.632
313.6219
313.6116
313.6011
313.7436
313.8506
313.8242
313.9627
313.9346
313.904
314.0581
314.0324
314.0016
313.9678
314.1274
314.1046
314.0774
314.0449
314.0088
314.1675
314.1468
314.1234
314.0955
314.0622
314.1763
314.1581
314.1374
314.1141
314.0862
314.1537
314.1373
314.1195
314.0993
314.0766
314.1002
314.0853
314.0695
314.0524
314.0331
314.0179
314.0044
313.9902
313.9752
313.9592
313.9146
313.9023
313.8895
313.8762
313.8622
313.809
313.7978
313.7862
313.7742
313.7617
313.7306
313.7201
313.7093
313.6981
313.6865
313.6815
313.6713
313.6609
313.6503
313.6393
313.6544
313.6444
313.6342
313.6239
313.6133
313.6429
313.633
313.623
313.6127
313.6023
313.6776
313.7568
313.7349
313.866
313.8414
313.8151
313.9769
313.9533
313.9253
313.8948
314.0705
314.0487
314.023
313.9923
313.9585
314.1383
314.118
314.0952
314.068
314.0356
314.1763
314.1581
314.1374
314.1141
314.0862
314.1836
314.1668
314.1487
314.1281
314.1048
314.1597
314.1443
314.1279
314.1102
314.0901
314.105
314.0908
314.0759
314.0601
314.0431
314.0216
314.0085
313.995
313.9808
313.9659
313.9173
313.9053
313.893
313.8802
313.8668
313.811
313.8
313.7887
313.7769
313.7647
313.732
313.7217
313.711
313.7
313.6886
313.6826
313.6725
313.6623
313.6517
313.6409
313.6554
313.6455
313.6353
313.6251
313.6146
313.6438
313.6339
313.624
313.6138
313.6034
313.6365
313.6877
313.6691
313.7689
313.748
313.726
313.8776
313.8569
313.8323
313.8059
313.9877
313.9676
313.944
313.916
313.8855
314.0805
314.0611
314.0393
314.0137
313.983
314.1467
314.1289
314.1086
314.0859
314.0588
314.1835
314.1668
314.1487
314.1281
314.1048
314.1897
314.1741
314.1574
314.1394
314.1189
314.1648
314.1502
314.1349
314.1186
314.1009
314.1092
314.0955
314.0814
314.0665
314.0509
314.0249
314.0122
313.9992
313.9857
313.9715
313.9198
313.908
313.896
313.8836
313.8708
313.8128
313.802
313.7908
313.7793
313.7674
313.7334
313.7231
313.7126
313.7017
313.6906
313.6837
313.6737
313.6635
313.653
313.6423
313.6563
313.6464
313.6364
313.6261
313.6157
313.6446
313.6348
313.6248
313.6148
313.6045
313.6136
313.6445
313.6279
313.6972
313.679
313.6603
313.7778
313.7601
313.739
313.7169
313.8865
313.8685
313.8477
313.823
313.7966
313.9965
313.9784
313.9582
313.9347
313.9067
314.0882
314.0711
314.0517
314.03
314.0044
314.1538
314.1373
314.1195
314.0993
314.0766
314.1897
314.1741
314.1574
314.1394
314.1189
314.1951
314.1802
314.1647
314.1481
314.1301
314.1694
314.1554
314.1408
314.1256
314.1093
314.1129
314.0997
314.0861
314.072
314.0573
314.0279
314.0155
314.0028
313.9898
313.9763
313.922
313.9105
313.8987
313.8866
313.8742
313.8145
313.8037
313.7928
313.7814
313.7698
313.7347
313.7245
313.714
313.7032
313.6922
313.6847
313.6748
313.6646
313.6542
313.6436
313.6572
313.6473
313.6373
313.6272
313.6168
313.6454
313.6356
313.6257
313.6156
313.6054
313.6036
313.6206
313.6051
313.6524
313.6359
313.6192
313.7042
313.6885
313.6702
313.6514
313.7848
313.769
313.7511
313.7299
313.7077
313.8938
313.8774
313.8593
313.8384
313.8137
314.0032
313.9872
313.9691
313.9489
313.9254
314.0947
314.0788
314.0617
314.0424
314.0207
314.1597
314.1443
314.1279
314.1102
314.0901
314.1951
314.1803
314.1647
314.1481
314.1301
314.1998
314.1856
314.1709
314.1554
314.1389
314.1734
314.1599
314.1459
314.1315
314.1163
314.1162
314.1034
314.0903
314.0767
314.0627
314.0305
314.0184
314.0061
313.9935
313.9804
313.9241
313.9127
313.9012
313.8893
313.8772
313.816
313.8054
313.7945
313.7834
313.7719
313.7359
313.7257
313.7153
313.7047
313.6938
313.6857
313.6758
313.6657
313.6553
313.6448
313.658
313.6482
313.6382
313.6281
313.6178
313.6462
313.6364
313.6265
313.6165
313.6063
313.61
313.5951
313.6275
313.6119
313.5964
313.6582
313.6438
313.6271
313.6104
313.7097
313.6955
313.6797
313.6612
313.6423
313.7905
313.7759
313.76
313.7419
313.7206
313.8993
313.8846
313.8682
313.85
313.8291
314.0089
313.9939
313.9778
313.9598
313.9396
314.1002
314.0853
314.0694
314.0524
314.0331
314.1648
314.1502
314.1349
314.1186
314.1009
314.1998
314.1856
314.1709
314.1554
314.1389
314.2039
314.1903
314.1762
314.1615
314.1462
314.177
314.1639
314.1504
314.1366
314.1222
314.1192
314.1067
314.0939
314.0809
314.0674
314.033
314.0211
314.009
313.9967
313.9841
313.926
313.9148
313.9034
313.8918
313.8799
313.8174
313.8069
313.7962
313.7851
313.7738
313.737
313.7269
313.7166
313.706
313.6951
313.6866
313.6767
313.6666
313.6564
313.6459
313.6588
313.649
313.6391
313.6289
313.6187
313.647
313.6372
313.6273
313.6173
313.6071
313.6166
313.6014
313.5864
313.6326
313.6189
313.6032
313.5876
313.6627
313.6495
313.635
313.6182
313.6014
313.7142
313.701
313.6866
313.6706
313.652
313.7947
313.7816
313.7669
313.7508
313.7326
313.904
313.8901
313.8754
313.8589
313.8407
314.0138
313.9995
313.9845
313.9685
313.9505
314.105
314.0908
314.0759
314.0601
314.0431
314.1694
314.1554
314.1408
314.1256
314.1093
314.2039
314.1903
314.1762
314.1615
314.1461
314.2077
314.1944
314.1808
314.1668
314.1523
314.1803
314.1675
314.1544
314.1411
314.1273
314.122
314.1097
314.0973
314.0846
314.0716
314.0353
314.0235
314.0117
313.9996
313.9873
313.9278
313.9167
313.9054
313.894
313.8823
313.8188
313.8083
313.7976
313.7867
313.7756
313.738
313.728
313.7177
313.7072
313.6965
313.6876
313.6776
313.6676
313.6574
313.6469
313.6597
313.6498
313.6399
313.6298
313.6196
313.6479
313.638
313.6281
313.618
313.6079
313.6213
313.6079
313.5926
313.5776
313.6366
313.6239
313.6101
313.5943
313.5787
313.6665
313.654
313.6407
313.626
313.6091
313.7175
313.7054
313.692
313.6776
313.6614
313.7984
313.7858
313.7725
313.7577
313.7415
313.908
313.8948
313.8809
313.8661
313.8496
314.0179
314.0044
313.9902
313.9752
313.9592
314.1092
314.0955
314.0814
314.0666
314.0508
314.1734
314.1599
314.146
314.1315
314.1163
314.2077
314.1944
314.1808
314.1668
314.1523
314.211
314.1982
314.185
314.1715
314.1576
314.1832
314.1707
314.158
314.1451
314.1318
314.1246
314.1125
314.1003
314.0879
314.0752
314.0374
314.0258
314.0141
314.0022
313.9902
313.9295
313.9185
313.9073
313.896
313.8845
313.82
313.8097
313.7991
313.7882
313.7772
313.7391
313.729
313.7188
313.7083
313.6977
313.6885
313.6786
313.6685
313.6583
313.6479
313.6607
313.6507
313.6407
313.6306
313.6204
313.6488
313.6389
313.6289
313.6188
313.6086
313.6251
313.6126
313.5992
313.5838
313.5687
313.6399
313.6279
313.6151
313.6012
313.5853
313.6692
313.6577
313.6452
313.6317
313.6169
313.7204
313.7087
313.6965
313.6829
313.6683
313.8016
313.7895
313.7767
313.7633
313.7483
313.9115
313.8988
313.8855
313.8716
313.8568
314.0217
314.0085
313.995
313.9808
313.9659
314.1129
314.0997
314.0861
314.072
314.0573
314.177
314.1639
314.1505
314.1366
314.1222
314.211
314.1982
314.185
314.1715
314.1576
314.2141
314.2015
314.1887
314.1756
314.1622
314.186
314.1737
314.1613
314.1486
314.1358
314.1269
314.115
314.103
314.0909
314.0786
314.0394
314.0279
314.0163
314.0046
313.9928
313.931
313.9201
313.9091
313.8979
313.8865
313.8214
313.8109
313.8004
313.7896
313.7786
313.7402
313.7301
313.7198
313.7094
313.6988
313.6895
313.6795
313.6694
313.6591
313.6488
313.6616
313.6516
313.6415
313.6314
313.6212
313.6497
313.6398
313.6298
313.6196
313.6094
313.6283
313.6164
313.6038
313.5903
313.5748
313.6423
313.6312
313.619
313.6061
313.5921
313.6716
313.6604
313.6488
313.6361
313.6225
313.723
313.7116
313.6998
313.6873
313.6737
313.8044
313.7926
313.7803
313.7675
313.7539
313.9146
313.9023
313.8895
313.8762
313.8622
314.0249
314.0122
313.9992
313.9857
313.9715
314.1162
314.1034
314.0903
314.0767
314.0627
314.1802
314.1675
314.1544
314.1411
314.1273
314.2141
314.2015
314.1887
314.1756
314.1622
314.217
314.2046
314.192
314.1793
314.1663
314.1885
314.1764
314.1642
314.1519
314.1393
314.1292
314.1174
314.1055
314.0936
314.0815
314.0412
314.0299
314.0184
314.0069
313.9952
313.9327
313.9217
313.9107
313.8996
313.8883
313.8227
313.8123
313.8016
313.7909
313.78
313.7414
313.7312
313.7209
313.7104
313.6998
313.6906
313.6805
313.6703
313.6601
313.6496
313.6626
313.6526
313.6425
313.6322
313.6219
313.6505
313.6407
313.6306
313.6204
313.6102
313.6305
313.6195
313.6076
313.5949
313.5813
313.6444
313.6335
313.6223
313.6101
313.5971
313.6738
313.6628
313.6515
313.6398
313.627
313.7252
313.7141
313.7026
313.6906
313.678
313.8068
313.7954
313.7835
313.7711
313.758
313.9173
313.9054
313.893
313.8802
313.8668
314.0279
314.0155
314.0029
313.9898
313.9763
314.1193
314.1067
314.094
314.0809
314.0674
314.1832
314.1707
314.158
314.1451
314.1318
314.217
314.2046
314.192
314.1793
314.1663
314.2196
314.2074
314.1951
314.1827
314.17
314.1909
314.179
314.1669
314.1548
314.1425
314.1313
314.1196
314.1079
314.0961
314.0842
314.0432
314.0317
314.0204
314.009
313.9975
313.9344
313.9233
313.9123
313.9012
313.8901
313.8242
313.8136
313.803
313.7922
313.7813
313.7426
313.7324
313.722
313.7115
313.7008
313.6916
313.6815
313.6713
313.661
313.6505
313.6633
313.6535
313.6434
313.6331
313.6228
313.6514
313.6414
313.6315
313.6213
313.611
313.6325
313.6217
313.6107
313.5986
313.5859
313.6463
313.6357
313.6246
313.6133
313.601
313.6757
313.6649
313.6539
313.6424
313.6306
313.7272
313.7164
313.7051
313.6934
313.6812
313.809
313.7978
313.7862
313.7742
313.7616
313.9198
313.9081
313.896
313.8836
313.8708
314.0306
314.0185
314.0061
313.9935
313.9804
314.122
314.1098
314.0973
314.0846
314.0716
314.186
314.1737
314.1613
314.1487
314.1358
314.2196
314.2074
314.1951
314.1827
314.17
314.2221
314.2101
314.1979
314.1857
314.1733
314.1932
314.1813
314.1695
314.1575
314.1455
314.1335
314.1217
314.1101
314.0984
314.0867
314.0452
314.0336
314.0222
314.0109
313.9995
313.9361
313.925
313.9139
313.9028
313.8917
313.8256
313.815
313.8043
313.7935
313.7825
313.7438
313.7335
313.7231
313.7125
313.7019
313.6925
313.6825
313.6723
313.662
313.6515
313.6643
313.6543
313.6443
313.634
313.6237
313.6523
313.6424
313.6322
313.6222
313.6119
313.6343
313.6237
313.6128
313.6017
313.5895
313.6481
313.6375
313.6267
313.6156
313.6042
313.6774
313.6668
313.656
313.6447
313.6332
313.729
313.7183
313.7073
313.6959
313.6841
313.811
313.8
313.7887
313.7769
313.7647
313.9221
313.9105
313.8987
313.8867
313.8742
314.033
314.0212
314.009
313.9967
313.9841
314.1246
314.1125
314.1003
314.0879
314.0753
314.1885
314.1764
314.1642
314.1519
314.1393
314.2221
314.21
314.1979
314.1857
314.1734
314.2244
314.2125
314.2006
314.1885
314.1764
314.1955
314.1836
314.1718
314.16
314.1482
314.1357
314.1239
314.1122
314.1006
314.0891
314.0472
314.0357
314.0241
314.0127
314.0014
313.9379
313.9267
313.9155
313.9044
313.8932
313.827
313.8164
313.8057
313.7948
313.7838
313.7448
313.7347
313.7243
313.7137
313.7029
313.6935
313.6834
313.6733
313.6629
313.6524
313.6653
313.6552
313.6451
313.635
313.6246
313.6532
313.6433
313.6332
313.6229
313.6127
313.6359
313.6255
313.6148
313.6038
313.5925
313.6496
313.6392
313.6286
313.6177
313.6064
313.6788
313.6685
313.6578
313.6468
313.6355
313.7306
313.7201
313.7093
313.6981
313.6865
313.8128
313.802
313.7908
313.7793
313.7674
313.9241
313.9128
313.9012
313.8893
313.8772
314.0353
314.0236
314.0117
313.9996
313.9873
314.127
314.115
314.103
314.0909
314.0786
314.1909
314.179
314.1669
314.1548
314.1425
314.2244
314.2125
314.2006
314.1885
314.1764
314.2269
314.2148
314.203
314.1911
314.1792
314.198
314.1859
314.1741
314.1624
314.1507
314.1381
314.1262
314.1143
314.1027
314.0912
314.0494
314.0377
314.0261
314.0146
314.0033
313.9396
313.9285
313.9173
313.906
313.8948
313.8283
313.8178
313.8071
313.7962
313.7851
313.746
313.7357
313.7254
313.7148
313.704
313.6946
313.6845
313.6742
313.6639
313.6534
313.6662
313.6562
313.646
313.6357
313.6255
313.654
313.6441
313.634
313.6238
313.6134
313.6373
313.6271
313.6165
313.6057
313.5946
313.6509
313.6407
313.6302
313.6195
313.6085
313.6802
313.67
313.6595
313.6486
313.6375
313.7321
313.7217
313.711
313.7
313.6887
313.8145
313.8038
313.7928
313.7814
313.7698
313.926
313.9148
313.9034
313.8918
313.8799
314.0374
314.0258
314.0141
314.0023
313.9902
314.1292
314.1174
314.1056
314.0936
314.0816
314.1932
314.1813
314.1695
314.1575
314.1455
314.2269
314.2148
314.203
314.1911
314.1792
314.2294
314.2173
314.2053
314.1936
314.1818
314.2005
314.1884
314.1764
314.1646
314.153
314.1404
314.1284
314.1166
314.1049
314.0933
314.0514
314.0398
314.0282
314.0166
314.0052
313.9412
313.9302
313.919
313.9077
313.8965
313.8297
313.8191
313.8085
313.7976
313.7865
313.7472
313.7369
313.7265
313.716
313.7052
313.6955
313.6855
313.6752
313.6648
313.6544
313.667
313.6571
313.647
313.6367
313.6262
313.6548
313.6449
313.6349
313.6247
313.6143
313.6387
313.6285
313.6181
313.6075
313.5965
313.6522
313.6421
313.6317
313.6211
313.6103
313.6815
313.6713
313.6609
313.6503
313.6393
313.7334
313.7232
313.7126
313.7017
313.6906
313.816
313.8054
313.7946
313.7834
313.7719
313.9278
313.9167
313.9054
313.894
313.8823
314.0394
314.0279
314.0163
314.0047
313.9929
314.1313
314.1196
314.1079
314.0961
314.0842
314.1955
314.1836
314.1718
314.16
314.1482
314.2294
314.2173
314.2053
314.1936
314.1818
314.232
314.2198
314.2078
314.1959
314.1842
314.2031
314.1909
314.1788
314.167
314.1552
314.1427
314.1308
314.1189
314.1071
314.0954
314.0532
314.0418
314.0303
314.0186
314.0072
313.9429
313.9317
313.9207
313.9095
313.8981
313.8311
313.8205
313.8097
313.799
313.7879
313.7483
313.7381
313.7276
313.717
313.7063
313.6965
313.6865
313.6762
313.6658
313.6552
313.6678
313.6579
313.6478
313.6376
313.6271
313.6555
313.6457
313.6357
313.6255
313.6152
313.6399
313.6298
313.6195
313.609
313.5983
313.6533
313.6433
313.633
313.6226
313.6119
313.6826
313.6726
313.6623
313.6517
313.6409
313.7347
313.7245
313.714
313.7033
313.6922
313.8174
313.8069
313.7962
313.7852
313.7739
313.9295
313.9185
313.9073
313.896
313.8845
314.0412
314.0299
314.0184
314.0069
313.9953
314.1335
314.1217
314.1101
314.0985
314.0867
314.198
314.1859
314.1741
314.1624
314.1507
314.232
314.2198
314.2077
314.1959
314.1842
314.2347
314.2224
314.2103
314.1983
314.1865
314.2055
314.1934
314.1813
314.1694
314.1576
314.1448
314.1331
314.1213
314.1094
314.0977
314.0553
314.0436
314.0323
314.0207
314.0092
313.9447
313.9335
313.9222
313.9112
313.8999
313.8325
313.8219
313.8111
313.8002
313.7892
313.7494
313.7392
313.7288
313.7182
313.7073
313.6974
313.6874
313.6772
313.6668
313.6562
313.6686
313.6587
313.6487
313.6385
313.628
313.6562
313.6464
313.6365
313.6263
313.616
313.6409
313.631
313.6208
313.6104
313.5998
313.6544
313.6444
313.6343
313.6239
313.6133
313.6837
313.6737
313.6635
313.653
313.6423
313.7359
313.7257
313.7153
313.7047
313.6938
313.8188
313.8083
313.7977
313.7868
313.7756
313.931
313.9201
313.9091
313.8979
313.8865
314.0432
314.0317
314.0204
314.009
313.9975
314.1358
314.1239
314.1122
314.1006
314.0891
314.2005
314.1884
314.1764
314.1646
314.153
314.2347
314.2224
314.2103
314.1983
314.1865
314.2372
314.2251
314.2128
314.2008
314.1889
314.2077
314.1959
314.1839
314.1718
314.16
314.1471
314.1352
314.1235
314.1117
314.1
314.0574
314.0457
314.0341
314.0227
314.0112
313.9464
313.9352
313.924
313.9127
313.9016
313.8338
313.8233
313.8126
313.8016
313.7904
313.7504
313.7403
313.7299
313.7193
313.7085
313.6982
313.6883
313.6781
313.6678
313.6572
313.6693
313.6595
313.6495
313.6393
313.6289
313.6569
313.6471
313.6372
313.6271
313.6168
313.642
313.632
313.6219
313.6116
313.6011
313.6554
313.6455
313.6354
313.6251
313.6146
313.6847
313.6748
313.6646
313.6543
313.6437
313.737
313.7269
313.7166
313.706
313.6952
313.82
313.8097
313.7991
313.7882
313.7772
313.9327
313.9217
313.9107
313.8996
313.8883
314.0452
314.0337
314.0222
314.0109
313.9995
314.1381
314.1262
314.1144
314.1027
314.0912
314.2031
314.1909
314.1789
314.167
314.1552
314.2372
314.2251
314.2128
314.2008
314.1889
314.2395
314.2276
314.2155
314.2034
314.1914
314.2103
314.1981
314.1863
314.1744
314.1624
314.1495
314.1375
314.1256
314.114
314.1023
314.0594
314.0478
314.0362
314.0245
314.0132
313.9479
313.9369
313.9257
313.9144
313.9031
313.835
313.8245
313.8139
313.803
313.7919
313.7513
313.7413
313.731
313.7204
313.7096
313.699
313.6891
313.679
313.6687
313.6582
313.6699
313.6602
313.6502
313.6401
313.6297
313.6574
313.6477
313.6379
313.6278
313.6175
313.6429
313.633
313.623
313.6128
313.6024
313.6563
313.6464
313.6364
313.6262
313.6157
313.6857
313.6758
313.6657
313.6553
313.6448
313.738
313.728
313.7177
313.7072
313.6965
313.8214
313.8109
313.8004
313.7896
313.7786
313.9344
313.9233
313.9122
313.9012
313.8901
314.0473
314.0357
314.0241
314.0127
314.0014
314.1405
314.1285
314.1166
314.1049
314.0933
314.2055
314.1934
314.1813
314.1694
314.1576
314.2395
314.2276
314.2155
314.2034
314.1914
314.2422
314.2299
314.218
314.206
314.194
314.2128
314.2006
314.1885
314.1768
314.165
314.1517
314.1398
314.1279
314.116
314.1045
314.0611
314.0498
314.0382
314.0266
314.015
313.9493
313.9384
313.9274
313.9161
313.9048
313.8361
313.8257
313.8151
313.8043
313.7932
313.7522
313.7422
313.7319
313.7214
313.7107
313.6997
313.6898
313.6798
313.6695
313.6591
313.6706
313.6608
313.6509
313.6408
313.6305
313.658
313.6483
313.6385
313.6285
313.6182
313.6438
313.6339
313.624
313.6138
313.6035
313.6572
313.6473
313.6373
313.6272
313.6168
313.6866
313.6767
313.6667
313.6564
313.6459
313.7391
313.729
313.7188
313.7084
313.6977
313.8228
313.8123
313.8016
313.7909
313.78
313.9361
313.925
313.9139
313.9028
313.8917
314.0494
314.0377
314.0262
314.0147
314.0033
314.1427
314.1308
314.1189
314.1071
314.0955
314.2078
314.1959
314.1839
314.1719
314.16
314.2422
314.2299
314.218
314.206
314.194
314.2448
314.2325
314.2203
314.2085
314.1966
314.2152
314.2031
314.191
314.179
314.1674
314.1537
314.142
314.1302
314.1184
314.1066
314.0629
314.0515
314.0402
314.0286
314.0171
313.9507
313.9399
313.9289
313.9178
313.9065
313.8371
313.8268
313.8163
313.8056
313.7946
313.753
313.7431
313.7329
313.7224
313.7117
313.7003
313.6905
313.6805
313.6703
313.6599
313.6711
313.6614
313.6515
313.6415
313.6312
313.6585
313.6488
313.639
313.629
313.6189
313.6446
313.6348
313.6248
313.6148
313.6045
313.658
313.6482
313.6382
313.6281
313.6178
313.6876
313.6776
313.6676
313.6574
313.647
313.7403
313.7301
313.7198
313.7094
313.6988
313.8242
313.8137
313.803
313.7922
313.7813
313.9379
313.9267
313.9156
313.9044
313.8932
314.0514
314.0398
314.0282
314.0167
314.0052
314.1448
314.1331
314.1213
314.1094
314.0977
314.2103
314.1981
314.1863
314.1744
314.1624
314.2447
314.2325
314.2203
314.2085
314.1966
314.2472
314.2351
314.2229
314.2108
314.1991
314.2174
314.2055
314.1935
314.1815
314.1696
314.1557
314.144
314.1324
314.1207
314.1089
314.0645
314.0533
314.0419
314.0306
314.0191
313.952
313.9412
313.9303
313.9193
313.9081
313.8381
313.8279
313.8174
313.8067
313.7958
313.7537
313.7439
313.7337
313.7233
313.7127
313.7009
313.6912
313.6812
313.6711
313.6607
313.6716
313.662
313.6521
313.6421
313.6319
313.6589
313.6493
313.6396
313.6296
313.6195
313.6454
313.6356
313.6257
313.6156
313.6054
313.6589
313.649
313.6391
313.629
313.6187
313.6886
313.6786
313.6685
313.6583
313.6479
313.7415
313.7312
313.7209
313.7104
313.6998
313.8257
313.815
313.8043
313.7935
313.7825
313.9396
313.9285
313.9173
313.9061
313.8948
314.0532
314.0418
314.0303
314.0187
314.0072
314.1472
314.1352
314.1235
314.1118
314.1
314.2128
314.2007
314.1885
314.1768
314.165
314.2472
314.2351
314.2229
314.2108
314.1991
314.2495
314.2375
314.2255
314.2134
314.2014
314.2195
314.2077
314.1959
314.184
314.1721
314.1575
314.146
314.1344
314.1228
314.1112
314.066
314.0548
314.0436
314.0323
314.021
313.9532
313.9425
313.9317
313.9207
313.9096
313.839
313.8288
313.8185
313.8078
313.797
313.7544
313.7446
313.7345
313.7242
313.7136
313.7015
313.6918
313.6819
313.6717
313.6614
313.6721
313.6625
313.6527
313.6427
313.6325
313.6593
313.6498
313.64
313.6301
313.62
313.6463
313.6364
313.6265
313.6165
313.6063
313.6598
313.6499
313.6399
313.6298
313.6196
313.6896
313.6795
313.6694
313.6592
313.6488
313.7427
313.7324
313.722
313.7115
313.7008
313.8271
313.8165
313.8057
313.7948
313.7838
313.9412
313.9302
313.9191
313.9078
313.8965
314.0553
314.0437
314.0323
314.0208
314.0092
314.1495
314.1375
314.1256
314.114
314.1023
314.2152
314.2031
314.1911
314.179
314.1674
314.2495
314.2375
314.2255
314.2134
314.2014
314.2516
314.2398
314.2279
314.216
314.204
314.2214
314.2098
314.1981
314.1863
314.1745
314.1591
314.1478
314.1363
314.1249
314.1133
314.0673
314.0563
314.0452
314.0341
314.0228
313.9542
313.9437
313.9329
313.922
313.9111
313.8398
313.8297
313.8194
313.8089
313.798
313.7551
313.7453
313.7352
313.725
313.7144
313.7019
313.6923
313.6825
313.6724
313.6621
313.6725
313.6629
313.6532
313.6432
313.6331
313.6596
313.6501
313.6405
313.6306
313.6206
313.6471
313.6373
313.6273
313.6173
313.6071
313.6607
313.6508
313.6407
313.6306
313.6204
313.6907
313.6806
313.6704
313.6601
313.6497
313.7438
313.7336
313.7232
313.7126
313.7019
313.8283
313.8179
313.8072
313.7962
313.7852
313.943
313.9318
313.9207
313.9095
313.8982
314.0574
314.0457
314.0341
314.0227
314.0113
314.1517
314.1398
314.1279
314.1161
314.1046
314.2174
314.2055
314.1935
314.1815
314.1696
314.2516
314.2398
314.2279
314.216
314.204
314.2537
314.2419
314.2302
314.2184
314.2065
314.2232
314.2117
314.2001
314.1885
314.1769
314.1607
314.1494
314.1381
314.1268
314.1153
314.0686
314.0577
314.0467
314.0356
314.0245
313.9552
313.9447
313.9341
313.9233
313.9124
313.8405
313.8305
313.8203
313.8098
313.7991
313.7556
313.7459
313.7359
313.7257
313.7152
313.7024
313.6928
313.683
313.673
313.6627
313.6728
313.6633
313.6536
313.6437
313.6336
313.6598
313.6504
313.6408
313.631
313.621
313.648
313.6381
313.6281
313.618
313.6079
313.6617
313.6517
313.6416
313.6314
313.6212
313.6916
313.6816
313.6714
313.661
313.6506
313.7449
313.7347
313.7243
313.7137
313.703
313.8297
313.8191
313.8085
313.7976
313.7865
313.9447
313.9335
313.9223
313.9112
313.8999
314.0594
314.0478
314.0362
314.0246
314.0132
314.1537
314.142
314.1302
314.1184
314.1066
314.2194
314.2077
314.1959
314.184
314.1721
314.2537
314.2419
314.2302
314.2184
314.2065
314.2555
314.244
314.2323
314.2207
314.209
314.2248
314.2135
314.2021
314.1906
314.179
314.1621
314.151
314.1398
314.1285
314.1173
314.0698
314.059
314.0481
314.0371
314.026
313.9561
313.9457
313.9352
313.9245
313.9136
313.8412
313.8312
313.8211
313.8107
313.8
313.7561
313.7464
313.7365
313.7264
313.7159
313.7027
313.6932
313.6835
313.6735
313.6633
313.673
313.6636
313.654
313.6442
313.6341
313.6506
313.6411
313.6314
313.6214
313.6489
313.639
313.6289
313.6188
313.6086
313.6626
313.6526
313.6425
313.6323
313.622
313.6925
313.6826
313.6724
313.662
313.6515
313.746
313.7358
313.7255
313.7149
313.7041
313.8312
313.8205
313.8098
313.799
313.7879
313.9464
313.9353
313.924
313.9127
313.9016
314.0612
314.0497
314.0382
314.0266
314.015
314.1557
314.144
314.1324
314.1207
314.1089
314.2214
314.2097
314.1981
314.1864
314.1745
314.2555
314.244
314.2323
314.2207
314.209
314.2572
314.2458
314.2343
314.2228
314.2112
314.2264
314.2151
314.2038
314.1925
314.1811
314.1634
314.1524
314.1413
314.1302
314.119
314.0708
314.0601
314.0493
314.0385
314.0275
313.9569
313.9466
313.9361
313.9255
313.9148
313.8417
313.8319
313.8218
313.8114
313.8008
313.7565
313.7469
313.737
313.727
313.7166
313.703
313.6936
313.6839
313.6739
313.6638
313.6639
313.6543
313.6445
313.6345
313.6413
313.6317
313.6218
313.6498
313.6399
313.6298
313.6196
313.6094
313.6634
313.6535
313.6434
313.6332
313.6229
313.6936
313.6835
313.6733
313.663
313.6525
313.7472
313.7369
313.7265
313.716
313.7053
313.8325
313.822
313.8112
313.8002
313.7893
313.9479
313.9369
313.9257
313.9144
313.9031
314.0629
314.0515
314.0402
314.0286
314.0171
314.1575
314.146
314.1344
314.1229
314.1112
314.2232
314.2117
314.2001
314.1885
314.1769
314.2572
314.2458
314.2343
314.2228
314.2112
314.2588
314.2475
314.2362
314.2248
314.2133
314.2278
314.2167
314.2055
314.1942
314.183
314.1645
314.1537
314.1427
314.1317
314.1207
314.0717
314.0611
314.0505
314.0397
314.0289
313.9575
313.9473
313.937
313.9265
313.9158
313.8422
313.8325
313.8224
313.8121
313.8016
313.7568
313.7473
313.7375
313.7275
313.7172
313.6938
313.6842
313.6744
313.6643
313.6545
313.6448
313.6349
313.6319
313.6221
313.6506
313.6407
313.6307
313.6205
313.6102
313.6644
313.6543
313.6443
313.6341
313.6237
313.6946
313.6845
313.6742
313.664
313.6535
313.7484
313.7381
313.7277
313.717
313.7063
313.8338
313.8233
313.8126
313.8016
313.7905
313.9494
313.9384
313.9274
313.9162
313.9048
314.0645
314.0533
314.0419
314.0306
314.0191
314.1591
314.1478
314.1363
314.1249
314.1134
314.2249
314.2135
314.2021
314.1906
314.179
314.2588
314.2475
314.2361
314.2248
314.2133
314.2603
314.2491
314.2379
314.2266
314.2153
314.229
314.218
314.207
314.1959
314.1847
314.1656
314.1548
314.144
314.1331
314.1222
314.0725
314.062
314.0515
314.0408
314.0301
313.9581
313.948
313.9378
313.9273
313.9168
313.8426
313.8329
313.823
313.8128
313.8023
313.7476
313.7379
313.7279
313.7177
313.6845
313.6747
313.6647
313.6451
313.6352
313.6223
313.6515
313.6415
313.6315
313.6214
313.6111
313.6653
313.6553
313.6451
313.635
313.6246
313.6956
313.6855
313.6753
313.6648
313.6544
313.7494
313.7393
313.7288
313.7182
313.7074
313.835
313.8246
313.8139
313.803
313.7919
313.9507
313.9399
313.9289
313.9178
313.9065
314.066
314.0549
314.0436
314.0324
314.021
314.1607
314.1495
314.1381
314.1268
314.1154
314.2264
314.2151
314.2038
314.1925
314.1811
314.2603
314.2491
314.2379
314.2266
314.2153
314.2615
314.2505
314.2394
314.2283
314.2171
314.2301
314.2193
314.2084
314.1974
314.1864
314.1665
314.1558
314.1451
314.1344
314.1236
314.0732
314.0628
314.0524
314.0418
314.0312
313.9586
313.9486
313.9384
313.9281
313.9176
313.8333
313.8234
313.8134
313.803
313.7382
313.7283
313.7182
313.675
313.665
313.6354
313.6524
313.6424
313.6323
313.6222
313.6119
313.6662
313.6562
313.6461
313.6358
313.6255
313.6965
313.6865
313.6763
313.6659
313.6553
313.7504
313.7403
313.73
313.7193
313.7085
313.8361
313.8258
313.8152
313.8044
313.7933
313.952
313.9413
313.9304
313.9193
313.9081
314.0674
314.0563
314.0453
314.0341
314.0228
314.1621
314.151
314.1398
314.1286
314.1173
314.2278
314.2167
314.2055
314.1942
314.183
314.2615
314.2505
314.2395
314.2283
314.2171
314.2627
314.2518
314.2409
314.2299
314.2188
314.2311
314.2204
314.2096
314.1988
314.1879
314.1672
314.1567
314.1462
314.1355
314.1249
314.0737
314.0635
314.0532
314.0427
314.0322
313.949
313.939
313.9288
313.9184
313.8238
313.8138
313.8035
313.7286
313.7185
313.6653
313.6532
313.6433
313.6332
313.623
313.6127
313.667
313.6571
313.647
313.6367
313.6263
313.6974
313.6874
313.6773
313.6668
313.6563
313.7514
313.7413
313.731
313.7205
313.7096
313.8372
313.8269
313.8164
313.8056
313.7946
313.9532
313.9425
313.9317
313.9207
313.9096
314.0686
314.0577
314.0467
314.0357
314.0245
314.1634
314.1524
314.1413
314.1302
314.119
314.229
314.218
314.207
314.1959
314.1847
314.2627
314.2518
314.2409
314.2299
314.2188
314.2637
314.2529
314.2421
314.2313
314.2204
314.2318
314.2213
314.2107
314.2
314.1893
314.1678
314.1575
314.147
314.1365
314.126
314.064
314.0538
314.0435
314.0331
313.9394
313.9293
313.919
313.8142
313.8039
313.7188
313.6541
313.6442
313.6341
313.6239
313.6135
313.6679
313.6579
313.6479
313.6376
313.6272
313.6982
313.6883
313.6781
313.6678
313.6572
313.7523
313.7422
313.732
313.7215
313.7108
313.8381
313.8279
313.8175
313.8068
313.7958
313.9543
313.9437
313.933
313.9221
313.9111
314.0698
314.059
314.0481
314.0371
314.0261
314.1646
314.1537
314.1427
314.1317
314.1207
314.2301
314.2193
314.2084
314.1974
314.1864
314.2637
314.253
314.2421
314.2313
314.2204
314.2645
314.2539
314.2433
314.2326
314.2218
314.2325
314.2221
314.2116
314.2011
314.1905
314.158
314.1478
314.1374
314.127
314.0544
314.0442
314.0339
313.9298
313.9196
313.8043
313.6549
313.645
313.6349
313.6247
313.6144
313.6686
313.6588
313.6487
313.6385
313.6281
313.699
313.6891
313.679
313.6687
313.6582
313.7531
313.7431
313.7329
313.7225
313.7117
313.839
313.8289
313.8185
313.8079
313.797
313.9552
313.9448
313.9341
313.9233
313.9124
314.0708
314.0601
314.0493
314.0385
314.0275
314.1656
314.1548
314.144
314.1331
314.1222
314.2311
314.2204
314.2096
314.1988
314.1879
314.2645
314.2539
314.2433
314.2326
314.2218
314.2651
314.2547
314.2443
314.2337
314.223
314.2228
314.2124
314.202
314.1916
314.1484
314.1382
314.1279
314.0447
314.0346
313.92
313.6556
313.6458
313.6357
313.6256
313.6152
313.6693
313.6595
313.6495
313.6393
313.6289
313.6997
313.6899
313.6798
313.6696
313.6591
313.7538
313.7439
313.7338
313.7234
313.7127
313.8398
313.8298
313.8195
313.8089
313.7981
313.9561
313.9457
313.9352
313.9245
313.9136
314.0718
314.0612
314.0505
314.0397
314.0289
314.1665
314.1559
314.1452
314.1344
314.1236
314.2319
314.2213
314.2107
314.2
314.1893
314.2652
314.2547
314.2443
314.2337
314.223
314.2554
314.2451
314.2347
314.2242
314.2131
314.2028
314.1925
314.1387
314.1286
314.0351
313.6563
313.6465
313.6365
313.6263
313.616
313.67
313.6602
313.6502
313.6401
313.6297
313.7004
313.6906
313.6806
313.6704
313.6599
313.7545
313.7447
313.7346
313.7242
313.7136
313.8406
313.8306
313.8203
313.8098
313.7991
313.9569
313.9466
313.9361
313.9256
313.9148
314.0726
314.0621
314.0515
314.0408
314.0301
314.1672
314.1568
314.1462
314.1356
314.1249
314.2325
314.2221
314.2116
314.2011
314.1905
314.2554
314.2451
314.2347
314.2242
314.2457
314.2355
314.2252
314.2035
314.1933
314.1292
313.6569
313.6472
313.6372
313.6271
313.6168
313.6706
313.6609
313.6509
313.6408
313.6305
313.701
313.6913
313.6813
313.6711
313.6607
313.7551
313.7453
313.7353
313.725
313.7145
313.8412
313.8313
313.8211
313.8107
313.8
313.9576
313.9474
313.937
313.9265
313.9159
314.0732
314.0629
314.0524
314.0419
314.0312
314.1678
314.1575
314.1471
314.1366
314.126
314.2228
314.2124
314.202
314.1916
314.2457
314.2355
314.2251
314.2361
314.2259
314.1939
313.6575
313.6478
313.6379
313.6278
313.6176
313.6712
313.6615
313.6516
313.6415
313.6313
313.7015
313.6918
313.682
313.6718
313.6615
313.7557
313.7459
313.736
313.7258
313.7153
313.8418
313.832
313.8218
313.8115
313.8009
313.9582
313.9481
313.9378
313.9274
313.9168
314.0737
314.0635
314.0532
314.0428
314.0323
314.1581
314.1478
314.1375
314.127
314.2131
314.2028
314.1925
314.2361
314.2259
314.2266
313.658
313.6484
313.6385
313.6285
313.6183
313.6717
313.662
313.6522
313.6422
313.6319
313.702
313.6924
313.6825
313.6725
313.6622
313.7562
313.7465
313.7366
313.7264
313.716
313.8423
313.8325
313.8225
313.8122
313.8017
313.9586
313.9487
313.9385
313.9282
313.9177
314.0641
314.0539
314.0436
314.0332
314.1484
314.1382
314.1279
314.2035
314.1933
314.2266
313.6585
313.6489
313.6391
313.6291
313.6189
313.6722
313.6625
313.6527
313.6428
313.6326
313.7024
313.6929
313.6831
313.673
313.6628
313.7566
313.747
313.7371
313.727
313.7166
313.8426
313.833
313.8231
313.8129
313.8024
313.9491
313.9391
313.9288
313.9185
314.0544
314.0442
314.0339
314.1388
314.1286
314.1939
313.659
313.6494
313.6396
313.6297
313.6196
313.6725
313.663
313.6532
313.6433
313.6332
313.7028
313.6933
313.6835
313.6735
313.6634
313.7569
313.7474
313.7376
313.7276
313.7172
313.8333
313.8235
313.8134
313.803
313.9395
313.9294
313.9191
314.0447
314.0346
314.1292
313.6594
313.6498
313.6401
313.6302
313.6201
313.6729
313.6634
313.6537
313.6438
313.6337
313.7031
313.6937
313.684
313.674
313.6639
313.7477
313.738
313.728
313.7178
313.8239
313.8139
313.8036
313.9298
313.9197
314.0351
313.6597
313.6502
313.6405
313.6306
313.6206
313.6731
313.6637
313.6541
313.6442
313.6342
313.6939
313.6843
313.6744
313.6644
313.7383
313.7284
313.7182
313.8142
313.804
313.9201
313.6599
313.6505
313.6409
313.6311
313.6211
313.6639
313.6544
313.6446
313.6346
313.6846
313.6748
313.6648
313.7287
313.7186
313.8043
313.6507
313.6412
313.6315
313.6215
313.6546
313.6449
313.635
313.675
313.6651
313.7189
313.6414
313.6318
313.6219
313.6451
313.6353
313.6653
313.632
313.6222
313.6355
313.6224
)
;

boundaryField
{
    electrolyteSides
    {
        type            zeroGradient;
    }
    electrolyte_to_fuel
    {
        type            zeroGradient;
    }
    electrolyte_to_air
    {
        type            zeroGradient;
    }
}


// ************************************************************************* //
