/*--------------------------------*- C++ -*----------------------------------*\
| =========                 |                                                 |
| \\      /  F ield         | OpenFOAM: The Open Source CFD Toolbox           |
|  \\    /   O peration     | Version:  2312                                  |
|   \\  /    A nd           | Website:  www.openfoam.com                      |
|    \\/     M anipulation  |                                                 |
\*---------------------------------------------------------------------------*/
FoamFile
{
    version     2.0;
    format      ascii;
    arch        "LSB;label=32;scalar=64";
    class       volScalarField;
    location    "60/phiI";
    object      act;
}
// * * * * * * * * * * * * * * * * * * * * * * * * * * * * * * * * * * * * * //

dimensions      [0 0 0 0 0 0 0];

internalField   nonuniform List<scalar> 
12000
(
2.679682
2.688901
2.681616
2.680609
2.698525
2.691068
2.689737
2.680898
2.689914
2.68934
2.709352
2.700425
2.699852
2.685481
2.686995
2.698565
2.683485
2.687439
2.696623
2.698019
2.712703
2.71116
2.710875
2.694143
2.701146
2.70571
2.683569
2.694311
2.691925
2.70722
2.684787
2.686165
2.696564
2.702024
2.697775
2.748024
2.709051
2.722148
2.70805
2.710398
2.713278
2.683866
2.700293
2.707786
2.711487
2.690209
2.688859
2.69792
2.699674
2.706302
2.681405
2.688877
2.694423
2.702259
2.700017
0
2.774273
2.745247
2.756614
2.710209
2.715882
2.72879
2.690869
2.706893
2.715596
2.718287
2.695241
2.689301
2.706359
2.713053
2.710243
2.688214
2.694066
2.693023
2.699733
2.699413
0
2.688479
2.682815
2.694341
2.701415
2.700542
0
0
2.787646
2.775033
2.779523
2.740046
2.755264
2.764697
2.713357
2.714076
2.721683
2.732181
2.700977
2.700515
2.705466
2.722464
2.716481
2.692127
2.695178
2.696506
2.71179
2.711172
0
2.69137
2.684864
2.697594
2.698237
2.696267
0
0
2.685002
2.68894
2.685825
2.698736
2.700199
0
0
0
2.78734
2.789135
2.797329
2.77018
2.784137
2.786316
2.751114
2.753795
2.76542
2.77564
2.716026
2.71662
2.719435
2.729559
2.729512
2.689462
2.702267
2.703583
2.704862
2.721923
0
2.682929
2.692078
2.698878
2.704194
2.709834
0
0
2.688813
2.694178
2.688292
2.703683
2.696402
0
0
0
2.683944
2.685085
2.693476
2.69153
2.696523
0
0
0
0
2.790471
2.793482
2.796391
2.785568
2.797109
2.80814
2.775658
2.780275
2.793354
2.796562
2.746611
2.761035
2.764954
2.776649
2.777474
2.71438
2.720645
2.722355
2.72671
2.728729
0
2.711785
2.694934
2.704869
2.707629
2.701322
0
0
2.70488
2.689045
2.696127
2.70544
2.703561
0
0
0
2.692066
2.688949
2.698761
2.693931
2.702748
0
0
0
0
2.673524
2.684332
2.69109
2.698737
2.689656
0
0
0
0
0
2.780394
2.786233
2.798947
2.788036
2.800549
2.807162
2.787389
2.794879
2.807111
2.820242
2.762862
2.782253
2.790386
2.804292
2.798296
2.747701
2.752885
2.770391
2.775005
2.778195
0
2.707272
2.72181
2.727075
2.731104
2.72727
0
0
2.714458
2.715555
2.704825
2.707644
2.704928
0
0
0
2.696263
2.700001
2.700186
2.703547
2.704551
0
0
0
0
2.686848
2.688946
2.694174
2.704437
2.69244
0
0
0
0
0
2.685977
2.677322
2.689943
2.69707
2.696883
0
0
0
0
0
2.928899
2.78424
2.791332
2.790633
2.78793
2.795325
2.810664
2.786066
2.796365
2.810518
2.819166
2.77652
2.796446
2.805006
2.818937
2.823057
2.773093
2.773085
2.791012
2.80175
2.806279
0
2.745496
2.755373
2.76232
2.780304
2.775956
0
0
2.7182
2.717787
2.727464
2.735344
2.731611
0
0
0
2.694412
2.71667
2.721325
2.713867
2.704789
0
0
0
0
2.691594
2.696399
2.701456
2.709748
2.703369
0
0
0
0
0
2.677069
2.686353
2.693008
2.702113
2.70284
0
0
0
0
0
2.890837
2.680084
2.688184
2.685168
2.695979
2.695485
0
0
0
0
0
3.610783
2.929959
2.788216
2.782705
2.793818
2.784925
2.802544
2.802471
2.783626
2.79797
2.805691
2.82352
2.781549
2.796723
2.806426
2.822095
2.821922
2.781992
2.786992
2.805135
2.817103
2.821656
0
2.775182
2.779704
2.784458
2.801522
2.803934
0
0
2.749365
2.754542
2.763734
2.772371
2.781426
0
0
0
2.720149
2.725258
2.728481
2.733107
2.735623
0
0
0
0
2.703918
2.704362
2.722637
2.727913
2.713376
0
0
0
0
0
2.689457
2.693954
2.700836
2.706166
2.709714
0
0
0
0
0
2.813484
2.680338
2.678263
2.690672
2.698618
2.70116
0
0
0
0
0
3.578093
2.891857
2.689522
2.683171
2.693758
2.691228
2.694661
0
0
0
0
0
4.232322
3.612473
2.92897
2.778396
2.781246
2.795384
2.794951
2.79415
2.804927
2.788743
2.793594
2.815187
2.814003
2.788044
2.791103
2.809956
2.817894
2.826818
2.790618
2.790178
2.808304
2.818899
2.82489
0
2.782035
2.788191
2.799815
2.815347
2.819938
0
0
2.776702
2.781468
2.789254
2.796023
2.803246
0
0
0
2.746856
2.755844
2.763791
2.773147
2.773486
0
0
0
0
2.712265
2.714903
2.733875
2.738558
2.7314
0
0
0
0
0
2.703158
2.709135
2.714296
2.728819
2.727166
0
0
0
0
0
2.69665
2.696426
2.696237
2.700675
2.708704
2.704149
0
0
0
0
0
3.511194
2.814424
2.694318
2.68024
2.683617
2.692931
2.697032
0
0
0
0
0
4.20184
3.579767
2.890819
2.681105
2.687237
2.692218
2.697577
2.689283
0
0
0
0
0
4.756387
4.234891
3.612013
2.926004
2.757222
2.773808
2.786269
2.785022
2.792379
2.805769
2.778708
2.801246
2.804797
2.817269
2.789271
2.798181
2.80336
2.828378
2.816855
2.783041
2.79978
2.802009
2.823118
2.820964
0
2.789129
2.800321
2.800727
2.820988
2.822118
0
0
2.783091
2.792536
2.796884
2.813758
2.817321
0
0
0
2.77283
2.783538
2.791158
2.800045
2.798342
0
0
0
0
2.742572
2.751828
2.765802
2.773949
2.773942
0
0
0
0
0
2.714427
2.715489
2.717882
2.742031
2.73908
0
0
0
0
0
2.545267
2.695438
2.703435
2.719824
2.724444
2.72707
0
0
0
0
0
3.408502
2.697459
2.690722
2.698371
2.702814
2.709897
2.708229
0
0
0
0
0
4.138971
3.512834
2.813291
2.693147
2.694148
2.686895
2.690454
2.689054
0
0
0
0
0
4.726756
4.204398
3.579292
2.887798
2.679461
2.688304
2.690488
2.699029
2.694705
0
0
0
0
0
5.192657
4.759684
4.23547
3.609504
2.920991
2.711142
2.754443
2.759087
2.773427
2.782319
2.794959
2.782276
2.796327
2.804342
2.817199
2.788066
2.788022
2.811876
2.817377
2.820381
2.784084
2.797787
2.809538
2.815024
2.832056
0
2.791038
2.792932
2.812271
2.814541
2.826579
0
0
2.783912
2.799859
2.812581
2.812741
2.824212
0
0
0
2.774585
2.793073
2.804845
2.807296
2.817378
0
0
0
0
2.771069
2.778281
2.792337
2.80228
2.801886
0
0
0
0
0
2.748739
2.749334
2.758024
2.775755
2.775056
0
0
0
0
0
2.381214
2.720798
2.721698
2.726527
2.722635
2.74181
0
0
0
0
0
3.272422
2.545861
2.711257
2.705813
2.710689
2.727201
2.723626
0
0
0
0
0
4.041329
3.41008
2.696165
2.692803
2.692807
2.701824
2.70783
2.709114
0
0
0
0
0
4.665282
4.141509
3.512328
2.810162
2.678638
2.694664
2.698724
2.692358
2.689751
0
0
0
0
0
5.163669
4.730047
4.20497
3.576769
2.882725
2.667587
2.686538
2.694654
2.695129
2.697647
0
0
0
0
0
5.55849
5.196568
4.761099
4.234154
3.604867
2.704163
2.723306
2.712156
2.749938
2.759794
2.759885
2.774528
2.779339
2.791128
2.805667
2.775204
2.791923
2.806282
2.816678
2.819875
2.790529
2.797626
2.799326
2.823605
2.820848
0
2.789094
2.7946
2.80889
2.822664
2.817963
0
0
2.787741
2.801251
2.80473
2.824606
2.817841
0
0
0
2.785798
2.79136
2.811527
2.825467
2.815583
0
0
0
0
2.784686
2.787658
2.805109
2.817211
2.809246
0
0
0
0
0
2.768804
2.779739
2.786863
2.803001
2.804306
0
0
0
0
0
2.250909
2.747715
2.75534
2.757477
2.76683
2.776787
0
0
0
0
0
3.119962
2.381477
2.712837
2.718423
2.729552
2.735762
2.720163
0
0
0
0
0
3.909696
3.273863
2.544297
2.712043
2.70806
2.714632
2.717053
2.725825
0
0
0
0
0
4.568819
4.04382
3.409518
2.692852
2.698486
2.69278
2.697247
2.70718
2.705196
0
0
0
0
0
5.103234
4.668562
4.142066
3.509779
2.804973
2.689981
2.686184
2.696217
2.7021
2.690112
0
0
0
0
0
5.530084
5.167578
4.731461
4.203649
3.572123
2.67562
2.678207
2.694335
2.69943
2.692907
0
0
0
0
0
5.868423
5.562923
5.198685
4.76072
4.230852
2.696038
2.71748
2.709297
2.719494
2.722806
2.721119
2.74851
2.757143
2.767193
2.764383
2.763443
2.78553
2.787974
2.80167
2.807548
2.782027
2.782013
2.803194
2.817601
2.819596
0
2.781483
2.796053
2.808511
2.812663
2.826636
0
0
2.781352
2.795449
2.806565
2.821795
2.82612
0
0
0
2.78895
2.795917
2.8124
2.81797
2.827849
0
0
0
0
2.781513
2.796344
2.801928
2.824206
2.828858
0
0
0
0
0
2.78157
2.793997
2.801965
2.817932
2.82029
0
0
0
0
0
2.162184
2.768316
2.778647
2.788526
2.797265
2.804926
0
0
0
0
0
2.984804
2.250965
2.748343
2.754643
2.764443
2.767608
2.767383
0
0
0
0
0
3.759876
3.121118
2.379483
2.714717
2.715911
2.718806
2.734163
2.736082
0
0
0
0
0
4.437054
3.912056
3.273153
2.540664
2.700147
2.71151
2.713917
2.720055
2.714833
0
0
0
0
0
5.007557
4.572063
4.044335
3.406915
2.68746
2.702637
2.700857
2.696727
2.70294
2.705804
0
0
0
0
0
5.470588
5.107138
4.66997
4.140736
3.50511
2.690644
2.693286
2.69447
2.699981
2.699022
0
0
0
0
0
5.840557
5.534517
5.169698
4.731083
4.200346
2.681851
2.684728
2.689064
2.700618
2.697403
0
0
0
0
0
6.134168
5.873302
5.565636
5.199091
4.758446
2.69092
2.692983
2.703796
2.69972
2.71907
2.719593
2.714359
2.716739
2.725257
2.72893
2.733788
2.756799
2.764996
2.775815
2.762826
2.77298
2.766694
2.797064
2.797828
2.803456
0
2.782318
2.790221
2.790283
2.815781
2.82006
0
0
2.788225
2.791097
2.804966
2.821016
2.816495
0
0
0
2.787479
2.790223
2.804062
2.820419
2.825265
0
0
0
0
2.790008
2.796338
2.80691
2.825289
2.821676
0
0
0
0
0
2.779862
2.792885
2.808286
2.815148
2.827507
0
0
0
0
0
2.108504
2.783661
2.792008
2.804455
2.815352
2.821125
0
0
0
0
0
2.895699
2.162131
2.769709
2.775592
2.787422
2.799074
2.798982
0
0
0
0
0
3.633494
2.986006
2.248742
2.743187
2.754548
2.761803
2.774218
2.768683
0
0
0
0
0
4.284628
3.761921
3.12007
2.375328
2.710715
2.716518
2.721332
2.722676
2.732155
0
0
0
0
0
4.875391
4.440163
3.912428
3.270391
2.534907
2.69317
2.706388
2.714084
2.720744
2.717359
0
0
0
0
0
5.37567
5.011432
4.573441
4.042966
3.402199
2.700129
2.700207
2.70543
2.701437
2.701249
0
0
0
0
0
5.781952
5.475023
5.10926
4.669595
4.137429
2.685799
2.696394
2.697615
2.702005
2.697469
0
0
0
0
0
6.106814
5.84544
5.537237
5.17011
4.728814
2.680405
2.685893
2.690538
2.694226
2.699235
0
0
0
0
0
6.364175
6.139434
5.876527
5.566709
5.197676
2.682648
2.691961
2.698667
2.691373
2.696318
2.715284
2.704731
2.706018
2.722528
2.729315
2.708838
2.719788
2.721238
2.732421
2.728803
2.747371
2.731548
2.765816
2.774377
2.776257
0
2.772373
2.781247
2.772991
2.808567
2.799164
0
0
2.789571
2.792759
2.800703
2.8008
2.818835
0
0
0
2.782615
2.799541
2.803404
2.81577
2.824159
0
0
0
0
2.787655
2.796667
2.803108
2.814769
2.824463
0
0
0
0
0
2.790304
2.799276
2.806624
2.82005
2.828838
0
0
0
0
0
2.08331
2.784407
2.79086
2.806649
2.821554
2.818891
0
0
0
0
0
2.840654
2.108393
2.78203
2.791428
2.802953
2.816336
2.818847
0
0
0
0
0
3.542387
2.896777
2.159808
2.769556
2.7783
2.783612
2.79855
2.800772
0
0
0
0
0
4.153826
3.635322
2.985197
2.244339
2.750547
2.750288
2.763552
2.771447
2.775089
0
0
0
0
0
4.720643
4.287393
3.761927
3.116916
2.368964
2.704499
2.712006
2.724961
2.728809
2.720468
0
0
0
0
0
5.243311
4.87913
4.441398
3.910905
3.265505
2.723521
2.698536
2.716606
2.716549
2.719456
0
0
0
0
0
5.687804
5.380082
5.013533
4.573041
4.039627
2.691882
2.704707
2.704026
2.711517
2.698484
0
0
0
0
0
6.048996
5.786843
5.477752
5.109683
4.667336
2.686514
2.684127
2.696854
2.703562
2.701335
0
0
0
0
0
6.337243
6.112087
5.848675
5.53832
5.168706
2.680357
2.681907
2.691384
2.693821
2.690892
0
0
0
0
0
6.564885
6.369779
6.143102
5.878172
5.566024
2.682029
2.68594
2.683798
2.694135
2.705012
2.672098
2.693582
2.701473
2.723042
2.692801
2.713827
2.717652
2.725759
2.730121
2.712194
2.719358
2.727853
2.730918
2.732217
0
2.763764
2.753954
2.739968
2.7759
2.775147
0
0
2.768355
2.780706
2.790424
2.78214
2.810753
0
0
0
2.783732
2.796841
2.803644
2.812151
2.802884
0
0
0
0
2.79047
2.79231
2.810672
2.81713
2.818246
0
0
0
0
0
2.783549
2.79729
2.807246
2.817137
2.817199
0
0
0
0
0
2.083333
2.789342
2.798845
2.810318
2.819018
2.823696
0
0
0
0
0
2.81447
2.083175
2.785348
2.795445
2.805536
2.821509
2.825041
0
0
0
0
0
3.484646
2.841663
2.106027
2.78029
2.792525
2.803525
2.815596
2.819039
0
0
0
0
0
4.058153
3.54409
2.895854
2.155319
2.769638
2.777157
2.786746
2.793806
2.80067
0
0
0
0
0
4.586179
4.156349
3.635106
2.982441
2.237715
2.745665
2.761892
2.759991
2.772775
2.772277
0
0
0
0
0
5.08667
4.72401
4.288233
3.759984
3.111584
2.712116
2.711545
2.722294
2.733271
2.728142
0
0
0
0
0
5.555385
5.247586
4.881088
4.440846
3.907404
2.714443
2.71969
2.714875
2.727415
2.713333
0
0
0
0
0
5.955575
5.692677
5.382799
5.013943
4.570767
2.689451
2.695346
2.705065
2.71079
2.709706
0
0
0
0
0
6.280166
6.05428
5.790093
5.478854
5.108299
2.686964
2.69107
2.684638
2.697666
2.702171
0
0
0
0
0
6.538344
6.342856
6.115766
5.850334
5.537651
2.681058
2.67918
2.687964
2.695378
2.69068
0
0
0
0
0
6.7414
6.570786
6.373833
6.145241
5.878114
2.688958
2.682715
2.691105
2.684205
2.685554
2.700528
2.709219
2.6889
2.690453
2.700879
2.708158
2.722083
2.691767
2.701951
2.72102
2.726546
2.723085
0
2.716946
2.725037
2.721633
2.735025
2.731865
0
0
2.74781
2.769712
2.762969
2.754251
2.777055
0
0
0
2.77221
2.775478
2.790687
2.801275
2.783153
0
0
0
0
2.781126
2.79368
2.807404
2.816402
2.814555
0
0
0
0
0
2.787225
2.800356
2.806074
2.823852
2.820817
0
0
0
0
0
2.108544
2.787922
2.792222
2.809444
2.820064
2.821157
0
0
0
0
0
2.814476
2.083197
2.785781
2.799752
2.80994
2.823269
2.822214
0
0
0
0
0
3.456783
2.815448
2.080792
2.786093
2.793944
2.80683
2.820738
2.825815
0
0
0
0
0
3.997022
3.486283
2.840682
2.10151
2.780817
2.789037
2.803477
2.816606
2.818701
0
0
0
0
0
4.486825
4.060538
3.543767
2.892995
2.148626
2.770123
2.777644
2.786917
2.797185
2.795475
0
0
0
0
0
4.949184
4.589278
4.156946
3.632937
2.977661
2.745997
2.753209
2.774301
2.770272
2.773378
0
0
0
0
0
5.397223
5.090547
4.725542
4.287233
3.75601
2.709717
2.709809
2.720777
2.730848
2.732592
0
0
0
0
0
5.823152
5.560119
5.250157
4.881346
4.438411
2.70122
2.713062
2.719163
2.724558
2.727449
0
0
0
0
0
6.187349
5.960847
5.695921
5.383897
5.012554
2.664065
2.695011
2.699151
2.709756
2.710017
0
0
0
0
0
6.481842
6.285794
6.057981
5.791777
5.478213
2.675078
2.682185
2.697239
2.688299
2.693859
0
0
0
0
0
6.715175
6.544256
6.346923
6.117921
5.850296
2.68398
2.681962
2.682036
2.695997
2.692971
0
0
0
0
0
6.897547
6.747565
6.575179
6.376403
6.145725
2.681861
2.691994
2.686556
2.694939
2.688774
2.685294
2.689896
2.706341
2.706765
2.685882
2.689154
2.695171
2.708692
2.708141
0
2.709744
2.700205
2.711661
2.728546
2.726368
0
0
2.717263
2.720423
2.735445
2.726972
2.734154
0
0
0
2.747996
2.754916
2.775679
2.77273
2.757535
0
0
0
0
2.772306
2.779835
2.784994
2.802014
2.803176
0
0
0
0
0
2.773735
2.791634
2.803466
2.819423
2.819588
0
0
0
0
0
2.162243
2.778783
2.79587
2.811019
2.820327
2.827411
0
0
0
0
0
2.840705
2.108433
2.781871
2.797462
2.802305
2.823404
2.823475
0
0
0
0
0
3.456777
2.815454
2.080814
2.784963
2.796953
2.812007
2.822729
2.826809
0
0
0
0
0
3.967396
3.458391
2.814442
2.076268
2.789471
2.796338
2.804335
2.819561
2.825064
0
0
0
0
0
4.422925
3.99933
3.485913
2.837778
2.094805
2.78367
2.789716
2.799813
2.8156
2.819818
0
0
0
0
0
4.84675
4.48977
4.061017
3.541506
2.888125
2.760053
2.778715
2.787405
2.798135
2.798891
0
0
0
0
0
5.257251
4.952771
4.590539
4.155701
3.628734
2.735072
2.753348
2.762938
2.786468
2.771396
0
0
0
0
0
5.663732
5.401538
5.092666
4.725319
4.284299
2.70673
2.711647
2.715581
2.729389
2.730531
0
0
0
0
0
6.054957
5.828283
5.563217
5.251102
4.8798
2.683389
2.699409
2.71432
2.720801
2.724579
0
0
0
0
0
6.389628
6.19297
5.964546
5.69761
5.383264
2.679986
2.674777
2.699874
2.705702
2.708208
0
0
0
0
0
6.659279
6.487773
6.289886
6.060168
5.791775
2.682606
2.677163
2.683265
2.701694
2.685872
0
0
0
0
0
6.871672
6.721352
6.548664
6.349512
6.118426
2.681812
2.681558
2.687209
2.689057
2.694207
0
0
0
0
0
7.036561
6.903946
6.752258
6.578127
6.377358
2.684537
2.688253
2.696728
2.691711
2.692281
2.688269
2.688147
2.689029
2.693699
2.704916
0
2.679246
2.688614
2.693898
2.700912
2.707946
0
0
2.708545
2.710683
2.711472
2.721391
2.728041
0
0
0
2.707719
2.721645
2.726698
2.742793
2.726262
0
0
0
0
2.755226
2.754951
2.764699
2.783244
2.773595
0
0
0
0
0
2.766871
2.780156
2.790042
2.795614
2.804123
0
0
0
0
0
2.25098
2.771493
2.783694
2.802676
2.815266
2.822224
0
0
0
0
0
2.895746
2.162189
2.785391
2.789007
2.807466
2.823566
2.824239
0
0
0
0
0
3.484642
2.841713
2.106066
2.781721
2.793502
2.809898
2.81409
2.827399
0
0
0
0
0
3.967404
3.458386
2.814448
2.076288
2.777315
2.797138
2.809904
2.825832
2.826062
0
0
0
0
0
4.391822
3.96967
3.458002
2.81152
2.069565
2.780767
2.798956
2.807587
2.816698
2.822811
0
0
0
0
0
4.780476
4.425783
3.999752
3.483623
2.832879
2.773695
2.790874
2.799526
2.812174
2.818313
0
0
0
0
0
5.152235
4.850167
4.490893
4.059672
3.537228
2.763693
2.768693
2.788439
2.798653
2.800122
0
0
0
0
0
5.52156
5.261257
4.954594
4.590041
4.152522
2.740204
2.742799
2.762459
2.773441
2.788488
0
0
0
0
0
5.89445
5.668425
5.404162
5.093103
4.72324
2.709438
2.713546
2.720023
2.72067
2.728939
0
0
0
0
0
6.257284
6.060434
5.831835
5.564752
5.25031
2.69676
2.70284
2.704549
2.719373
2.717881
0
0
0
0
0
6.567576
6.395556
6.197068
5.966743
5.697624
2.680843
2.685757
2.689795
2.705131
2.704547
0
0
0
0
0
6.816295
6.665479
6.492214
6.292511
6.060717
2.683785
2.683745
2.68602
2.687529
2.699588
0
0
0
0
0
7.010965
6.878085
6.726064
6.551633
6.350493
2.678671
2.682205
2.683772
2.695085
2.688027
0
0
0
0
0
7.161035
7.043171
6.908907
6.75554
6.579496
2.686384
2.688261
2.694441
2.70224
2.690018
0
2.685633
2.690082
2.690155
2.696128
2.691124
0
0
2.692369
2.691293
2.697773
2.699972
2.699929
0
0
0
2.704534
2.70724
2.71748
2.719954
2.722138
0
0
0
0
2.706186
2.718054
2.728259
2.732696
2.742402
0
0
0
0
0
2.74691
2.761706
2.763734
2.774716
2.783194
0
0
0
0
0
2.381265
2.763053
2.778558
2.790034
2.801535
2.797319
0
0
0
0
0
2.984886
2.251036
2.770119
2.780622
2.795059
2.81561
2.817954
0
0
0
0
0
3.542412
2.896824
2.159865
2.785166
2.795462
2.80166
2.820502
2.826926
0
0
0
0
0
3.997042
3.486279
2.840732
2.101548
2.788246
2.789291
2.806659
2.824332
2.816928
0
0
0
0
0
4.391837
3.969678
3.457997
2.811526
2.069584
2.78582
2.788891
2.809976
2.82447
2.829714
0
0
0
0
0
4.748116
4.394641
3.970068
3.455704
2.80661
2.782449
2.789105
2.809481
2.82076
2.819751
0
0
0
0
0
5.083961
4.783799
4.426837
3.998368
3.479334
2.774322
2.783832
2.799065
2.811091
2.815052
0
0
0
0
0
5.414319
5.156058
4.851835
4.490273
4.056414
2.76749
2.769457
2.780297
2.799524
2.800694
0
0
0
0
0
5.750419
5.525928
5.263563
4.954726
4.587682
2.742436
2.747324
2.753753
2.772317
2.774732
0
0
0
0
0
6.095855
5.899474
5.671484
5.405167
5.091748
2.720492
2.717449
2.727173
2.729378
2.718781
0
0
0
0
0
6.43527
6.263067
6.064383
5.833879
5.564608
2.697636
2.703119
2.713789
2.713602
2.717717
0
0
0
0
0
6.725052
6.573776
6.400005
6.19971
5.967314
2.67536
2.68414
2.697964
2.700405
2.703821
0
0
0
0
0
6.956052
6.822734
6.670224
6.495227
6.293538
2.684141
2.682549
2.692372
2.697056
2.685705
0
0
0
0
0
7.135684
7.01759
6.883065
6.729371
6.553029
2.681027
2.676571
2.682902
2.688305
2.694371
0
0
0
0
0
7.273075
7.167834
7.048372
6.912489
6.757274
2.678998
2.689781
2.693368
2.698815
2.700747
0
0
2.68399
2.687992
2.694455
2.694737
2.695819
0
0
0
2.694031
2.692204
2.701303
2.707773
2.698836
0
0
0
0
2.702573
2.708652
2.71134
2.724067
2.719391
0
0
0
0
0
2.710851
2.712062
2.723156
2.736535
2.731311
0
0
0
0
0
2.545357
2.73355
2.75239
2.767781
2.773404
2.775759
0
0
0
0
0
3.120078
2.381528
2.761603
2.77012
2.790734
2.801388
2.803721
0
0
0
0
0
3.633569
2.986087
2.248812
2.780506
2.779861
2.793547
2.808588
2.81889
0
0
0
0
0
4.058184
3.544115
2.895901
2.155375
2.787784
2.795991
2.807834
2.815786
2.823908
0
0
0
0
0
4.422952
3.99935
3.48591
2.837826
2.094842
2.785923
2.798242
2.798141
2.820558
2.828636
0
0
0
0
0
4.748116
4.394656
3.970076
3.455699
2.806617
2.7834
2.797145
2.803838
2.823195
2.828721
0
0
0
0
0
5.050563
4.751396
4.395667
3.96867
3.451417
2.786773
2.789625
2.797765
2.821062
2.824248
0
0
0
0
0
5.344361
5.087683
4.785388
4.426164
3.99509
2.781184
2.783177
2.79503
2.809112
2.813535
0
0
0
0
0
5.641247
5.418493
5.158194
4.851827
4.487813
2.766442
2.774845
2.778032
2.792719
2.801486
0
0
0
0
0
5.950195
5.755103
5.52865
5.264237
4.953061
2.745223
2.748246
2.752867
2.764937
2.773244
0
0
0
0
0
6.273016
6.10117
5.902912
5.672976
5.404438
2.696984
2.717794
2.726796
2.737647
2.729809
0
0
0
0
0
6.592766
6.441324
6.267366
6.066872
5.834294
2.698741
2.695447
2.710179
2.721807
2.714364
0
0
0
0
0
6.865241
6.731495
6.578534
6.403039
6.200769
2.685588
2.686787
2.6985
2.707148
2.700777
0
0
0
0
0
7.081216
6.962705
6.827751
6.673577
6.49668
2.684078
2.685293
2.690461
2.702401
2.697486
0
0
0
0
0
7.247943
7.1425
7.022812
6.886672
6.731138
2.680747
2.680525
2.682494
2.686374
2.68605
0
0
0
0
0
7.374311
7.280046
7.173251
7.05222
6.914551
2.683036
2.686842
2.693084
2.698057
2.696456
0
0
0
2.690083
2.687192
2.693701
2.701819
2.693232
0
0
0
0
2.682945
2.700437
2.694455
2.710864
2.708373
0
0
0
0
0
2.696809
2.70219
2.718251
2.7184
2.722792
0
0
0
0
0
2.696777
2.707907
2.712248
2.720176
2.730213
2.736161
0
0
0
0
0
3.272489
2.545952
2.740718
2.743183
2.760953
2.77601
2.774281
0
0
0
0
0
3.759955
3.121233
2.379535
2.7611
2.76787
2.780065
2.801779
2.80352
0
0
0
0
0
4.153849
3.635396
2.985277
2.244408
2.777619
2.789615
2.791597
2.807561
2.812015
0
0
0
0
0
4.486879
4.060569
3.543793
2.893041
2.14868
2.785529
2.798421
2.808584
2.821438
2.819702
0
0
0
0
0
4.780508
4.42581
3.999771
3.483621
2.832924
2.787604
2.797178
2.809959
2.80896
2.824426
0
0
0
0
0
5.050581
4.751397
4.395681
3.968677
3.451414
2.781379
2.793856
2.809376
2.817917
2.826789
0
0
0
0
0
5.310058
5.054238
4.752951
4.394973
3.965388
2.789395
2.796562
2.799956
2.808453
2.823865
0
0
0
0
0
5.569782
5.348427
5.089733
4.785316
4.423667
2.779981
2.789844
2.793782
2.808371
2.81093
0
0
0
0
0
5.839327
5.645727
5.421034
5.158712
4.850037
2.769667
2.774586
2.782776
2.787791
2.795282
0
0
0
0
0
6.125861
5.955156
5.758188
5.529793
5.263169
2.743516
2.750709
2.756768
2.761097
2.766378
0
0
0
0
0
6.429785
6.278589
6.104943
5.90483
5.672782
2.713523
2.699267
2.716622
2.738261
2.738489
0
0
0
0
0
6.733028
6.599062
6.445933
6.270246
6.067773
2.70067
2.701328
2.699224
2.716785
2.720334
0
0
0
0
0
6.990803
6.8719
6.736529
6.581914
6.404528
2.687074
2.695989
2.697582
2.709329
2.705457
0
0
0
0
0
7.193841
7.088062
6.967967
6.831408
6.675403
2.670118
2.683434
2.688902
2.699977
2.701912
0
0
0
0
0
7.349405
7.254933
7.14794
7.026688
6.888766
2.678225
2.681627
2.687329
2.690449
2.683756
0
0
0
0
0
7.466171
7.381438
7.285657
7.17734
7.054575
2.687295
2.68814
2.694501
2.697093
2.696039
0
0
0
0
2.681896
2.693245
2.694252
2.700206
2.701324
0
0
0
0
0
2.683594
2.691248
2.701602
2.702114
2.709867
0
0
0
0
0
2.813625
2.695816
2.69914
2.70793
2.725798
2.717782
0
0
0
0
0
3.40858
2.697586
2.690148
2.715555
2.720356
2.728426
2.729234
0
0
0
0
0
3.909762
3.273931
2.544387
2.746475
2.752
2.753682
2.770361
2.776305
0
0
0
0
0
4.284697
3.762
3.120183
2.375381
2.759899
2.770865
2.778583
2.79164
2.803544
0
0
0
0
0
4.586233
4.156372
3.635179
2.982519
2.237781
2.781886
2.784714
2.799287
2.804536
2.811285
0
0
0
0
0
4.846771
4.489822
4.061047
3.541532
2.88817
2.77723
2.79515
2.809452
2.822519
2.825164
0
0
0
0
0
5.08398
4.78383
4.426864
3.998387
3.479334
2.785885
2.79705
2.81018
2.823449
2.811319
0
0
0
0
0
5.310059
5.054256
4.752952
4.394987
3.965395
2.790704
2.790578
2.804864
2.822952
2.821928
0
0
0
0
0
5.534695
5.314074
5.056249
4.752854
4.392466
2.783269
2.799102
2.807439
2.812331
2.810714
0
0
0
0
0
5.766547
5.574148
5.350872
5.090178
4.783478
2.775884
2.78787
2.800236
2.805463
2.811768
0
0
0
0
0
6.013477
5.844076
5.648618
5.422005
5.1575
2.775653
2.775984
2.783316
2.792583
2.788995
0
0
0
0
0
6.281368
6.131068
5.95856
5.759738
5.529241
2.722906
2.749627
2.756438
2.76555
2.761954
0
0
0
0
0
6.569399
6.435586
6.282656
6.107235
5.905105
2.710106
2.716751
2.707117
2.716412
2.739913
0
0
0
0
0
6.858613
6.739539
6.603946
6.449158
6.271577
2.71311
2.703261
2.703027
2.707103
2.715418
0
0
0
0
0
7.103763
6.997658
6.877183
6.740217
6.58378
2.694477
2.695537
2.698675
2.705762
2.709225
0
0
0
0
0
7.295657
7.200862
7.093544
6.971897
6.833565
2.678233
2.67187
2.688563
2.691407
2.699617
0
0
0
0
0
7.441458
7.356551
7.260569
7.152059
7.029076
2.67653
2.682039
2.687134
2.695279
2.689156
0
0
0
0
0
7.549831
7.47344
7.387227
7.289963
7.179959
2.686958
2.686494
2.695094
2.70148
2.694605
0
0
0
0
0
2.680777
2.6877
2.696082
2.70138
2.69875
0
0
0
0
0
2.890981
2.690635
2.700879
2.700008
2.706025
2.701607
0
0
0
0
0
3.511283
2.814565
2.694527
2.703475
2.706572
2.713982
2.724814
0
0
0
0
0
4.041387
3.410159
2.696291
2.721331
2.697544
2.722529
2.727962
2.727528
0
0
0
0
0
4.437163
3.912121
3.273221
2.540754
2.744369
2.750633
2.759756
2.764184
2.77114
0
0
0
0
0
4.720686
4.287462
3.762004
3.117026
2.369017
2.764586
2.766194
2.78197
2.791645
2.793804
0
0
0
0
0
4.949185
4.589331
4.15697
3.633007
2.977738
2.779729
2.792051
2.793958
2.810935
2.807398
0
0
0
0
0
5.152215
4.850188
4.490944
4.059701
3.537254
2.783672
2.78578
2.806658
2.82111
2.826319
0
0
0
0
0
5.344374
5.087701
4.785419
4.42619
3.995108
2.787752
2.795841
2.808389
2.824606
2.827157
0
0
0
0
0
5.534687
5.314075
5.056266
4.752855
4.392479
2.781209
2.800987
2.802814
2.817422
2.826654
0
0
0
0
0
5.730742
5.539008
5.316477
5.056664
4.751
2.788725
2.795069
2.809523
2.819369
2.815342
0
0
0
0
0
5.939545
5.771177
5.576938
5.351761
5.08891
2.77541
2.783186
2.798978
2.81234
2.807842
0
0
0
0
0
6.167623
6.018465
5.847276
5.649983
5.421293
2.762874
2.783277
2.785795
2.793898
2.793851
0
0
0
0
0
6.419837
6.286795
6.134755
5.960468
5.759632
2.743783
2.73686
2.757884
2.764098
2.765881
0
0
0
0
0
6.6944
6.575406
6.439918
6.285279
6.107921
2.718983
2.714037
2.724858
2.714536
2.711747
0
0
0
0
0
6.971635
6.86532
6.744671
6.60748
6.450867
2.694204
2.711036
2.705574
2.707072
2.706829
0
0
0
0
0
7.205892
7.110796
7.003164
6.881147
6.74242
2.691
2.694563
2.69915
2.69671
2.704449
0
0
0
0
0
7.388029
7.302838
7.206544
7.097718
6.974352
2.682493
2.683298
2.680664
2.693673
2.687246
0
0
0
0
0
7.525299
7.448748
7.362366
7.264906
7.154713
2.679856
2.681357
2.688139
2.692905
2.694205
0
0
0
0
0
7.626314
7.557231
7.479391
7.391732
7.292818
2.685057
2.687208
2.684969
2.699211
2.698981
0
0
0
0
0
2.929115
2.684753
2.686729
2.692807
2.699256
2.700055
0
0
0
0
0
3.578215
2.892002
2.679421
2.696458
2.703721
2.709743
2.704113
0
0
0
0
0
4.139082
3.512923
2.813431
2.698014
2.700217
2.712152
2.714297
2.71241
0
0
0
0
0
4.568944
4.043879
3.409597
2.692978
2.713671
2.722466
2.707553
2.729204
2.727238
0
0
0
0
0
4.875428
4.440272
3.912493
3.270459
2.534996
2.739596
2.753084
2.757075
2.768489
2.765501
0
0
0
0
0
5.086697
4.724051
4.288301
3.76006
3.11169
2.770397
2.775162
2.776549
2.793573
2.794705
0
0
0
0
0
5.25725
4.952773
4.590591
4.155726
3.628802
2.780467
2.788484
2.803307
2.805285
2.813538
0
0
0
0
0
5.41434
5.156039
4.851855
4.490322
4.056441
2.782852
2.793086
2.797423
2.820685
2.823908
0
0
0
0
0
5.569795
5.34844
5.08975
4.785345
4.423692
2.786248
2.797904
2.806793
2.821445
2.828776
0
0
0
0
0
5.730745
5.539001
5.316478
5.05668
4.751001
2.786566
2.790958
2.812863
2.815871
2.820604
0
0
0
0
0
5.903145
5.735318
5.541753
5.317332
5.055374
2.788375
2.797721
2.807502
2.821624
2.822149
0
0
0
0
0
6.092683
5.944409
5.77427
5.578214
5.350981
2.782063
2.785092
2.792159
2.81143
2.815071
0
0
0
0
0
6.304905
6.172824
6.021939
5.848987
5.649703
2.768732
2.773536
2.793531
2.796606
2.795587
0
0
0
0
0
6.54379
6.425459
6.290732
6.13698
5.960754
2.743826
2.750514
2.754605
2.766463
2.763918
0
0
0
0
0
6.806889
6.700594
6.579974
6.442837
6.286327
2.707847
2.723295
2.720851
2.733596
2.713631
0
0
0
0
0
7.073816
6.978519
6.870675
6.748481
6.609529
2.701338
2.69835
2.712097
2.70776
2.704345
0
0
0
0
0
7.298603
7.213087
7.116505
7.007376
6.883654
2.693694
2.694865
2.699486
2.702243
2.691164
0
0
0
0
0
7.47218
7.395355
7.3087
7.210941
7.100441
2.675929
2.684376
2.691938
2.690259
2.691465
0
0
0
0
0
7.601954
7.53272
7.454725
7.366902
7.2678
2.681241
2.68529
2.690814
2.693503
2.691028
0
0
0
0
0
7.696467
7.633833
7.56333
7.484076
7.394803
2.675764
2.685761
2.68872
2.68633
2.696271
0
0
0
0
0
3.610916
2.930175
2.677594
2.69019
2.694624
2.699378
2.696017
0
0
0
0
0
4.201967
3.579889
2.890965
2.692601
2.689263
2.701379
2.706347
2.709335
0
0
0
0
0
4.665423
4.14162
3.512418
2.810302
2.695455
2.704933
2.706927
2.717889
2.713342
0
0
0
0
0
5.007549
4.572188
4.044395
3.406995
2.687585
2.717564
2.721776
2.721519
2.71689
2.728346
0
0
0
0
0
5.243355
4.879167
4.441506
3.910971
3.265575
2.747275
2.748922
2.761823
2.765889
2.768998
0
0
0
0
0
5.397261
5.090574
4.725582
4.287301
3.756085
2.768055
2.775012
2.786159
2.789131
2.79577
0
0
0
0
0
5.521567
5.261256
4.954596
4.59009
4.152548
2.780087
2.792022
2.798584
2.816223
2.807652
0
0
0
0
0
5.641244
5.418514
5.158175
4.851846
4.487859
2.786065
2.794965
2.805734
2.81094
2.824799
0
0
0
0
0
5.766548
5.574161
5.350885
5.090194
4.783505
2.783052
2.797557
2.80982
2.819445
2.824961
0
0
0
0
0
5.903144
5.735321
5.541746
5.317333
5.055388
2.778834
2.796267
2.803493
2.826083
2.819237
0
0
0
0
0
6.055731
5.907952
5.738364
5.542991
5.316525
2.784513
2.797034
2.808313
2.820116
2.824635
0
0
0
0
0
6.229026
6.097755
5.947771
5.775886
5.577859
2.778665
2.790178
2.797708
2.802848
2.814302
0
0
0
0
0
6.427784
6.310295
6.176542
6.023957
5.849087
2.769834
2.777765
2.785097
2.803948
2.798343
0
0
0
0
0
6.655342
6.54959
6.429623
6.293238
6.137616
2.729042
2.751758
2.760231
2.766938
2.766722
0
0
0
0
0
6.908611
6.813251
6.705374
6.583158
6.44421
2.71671
2.713252
2.725546
2.72815
2.733615
0
0
0
0
0
7.166562
7.08086
6.984075
6.874733
6.750832
2.700563
2.702545
2.71035
2.713743
2.703998
0
0
0
0
0
7.383013
7.305944
7.218979
7.120944
7.010154
2.684601
2.692539
2.698283
2.70438
2.698165
0
0
0
0
0
7.549099
7.479638
7.401383
7.313299
7.213907
2.673918
2.687023
2.693647
2.698332
2.690471
0
0
0
0
0
7.672249
7.609494
7.538846
7.459443
7.370013
2.679469
2.6839
2.691773
2.69682
2.691429
0
0
0
0
0
7.760937
7.704096
7.640068
7.568179
7.487344
2.686032
2.682304
2.68693
2.691585
2.682744
0
0
0
0
0
4.23245
3.612606
2.929184
2.679348
2.691074
2.696471
2.703125
2.698275
0
0
0
0
0
4.726905
4.204525
3.579413
2.887944
2.683608
2.697159
2.700261
2.708119
2.703352
0
0
0
0
0
5.103235
4.668703
4.142176
3.509869
2.805113
2.700311
2.704136
2.710571
2.711933
2.716258
0
0
0
0
0
5.375702
5.011426
4.573566
4.043028
3.402279
2.707369
2.722059
2.727925
2.724801
2.717201
0
0
0
0
0
5.555393
5.247629
4.881125
4.440952
3.90747
2.744418
2.75361
2.758639
2.771778
2.766514
0
0
0
0
0
5.663726
5.401576
5.092693
4.725358
4.284366
2.769116
2.775581
2.781106
2.798422
2.791728
0
0
0
0
0
5.750421
5.525934
5.263561
4.954728
4.58773
2.777972
2.789012
2.803203
2.81057
2.819444
0
0
0
0
0
5.839318
5.645724
5.421053
5.158694
4.850055
2.783541
2.795505
2.808496
2.82001
2.814615
0
0
0
0
0
5.939559
5.771178
5.576951
5.351773
5.088924
2.786746
2.794075
2.809274
2.822933
2.822671
0
0
0
0
0
6.055718
5.907951
5.738367
5.542984
5.316526
2.784398
2.789033
2.808175
2.81774
2.829694
0
0
0
0
0
6.191562
6.060744
5.911263
5.739939
5.542605
2.784946
2.795572
2.808576
2.820938
2.823243
0
0
0
0
0
6.351077
6.234284
6.101355
5.949687
5.775903
2.779762
2.787488
2.801085
2.809119
2.804835
0
0
0
0
0
6.538364
6.433345
6.31423
6.178833
6.024394
2.759749
2.778447
2.787783
2.797182
2.805634
0
0
0
0
0
6.756185
6.661302
6.553956
6.432381
6.294183
2.73399
2.73719
2.760455
2.769931
2.768343
0
0
0
0
0
7.000887
6.915125
6.818225
6.708796
6.584822
2.708875
2.716539
2.720808
2.727738
2.727064
0
0
0
0
0
7.250989
7.173751
7.0866
6.988359
6.877356
2.709736
2.698653
2.705309
2.719654
2.710231
0
0
0
0
0
7.460191
7.390487
7.312002
7.223623
7.123969
2.680034
2.696619
2.699492
2.702427
2.702409
0
0
0
0
0
7.619635
7.556679
7.485816
7.406165
7.316485
2.684042
2.677073
2.695274
2.701892
2.696882
0
0
0
0
0
7.736853
7.6799
7.615758
7.54373
7.462752
2.673449
2.678605
2.690649
2.696906
2.694806
0
0
0
0
0
7.820393
7.768669
7.710457
7.645069
7.571627
2.682234
2.687644
2.686236
2.689192
2.688586
0
0
0
0
0
4.756546
4.235019
3.612145
2.926215
2.685674
2.679862
2.699707
2.700858
2.701995
0
0
0
0
0
5.163695
4.730197
4.205097
3.57689
2.882872
2.690529
2.686627
2.7054
2.707888
2.707549
0
0
0
0
0
5.470611
5.10714
4.670111
4.140845
3.505201
2.697767
2.708041
2.711227
2.714896
2.710147
0
0
0
0
0
5.687785
5.380115
5.013529
4.573165
4.039691
2.710763
2.713971
2.729175
2.735472
2.722916
0
0
0
0
0
5.823118
5.560126
5.2502
4.881382
4.438516
2.745888
2.751209
2.756473
2.768251
2.7728
0
0
0
0
0
5.894461
5.668419
5.404199
5.093129
4.723277
2.772302
2.779088
2.785484
2.789181
2.800939
0
0
0
0
0
5.950192
5.755104
5.528656
5.264236
4.953064
2.776646
2.787071
2.799404
2.815846
2.813258
0
0
0
0
0
6.013469
5.844067
5.648616
5.422024
5.157485
2.776811
2.794414
2.806374
2.822514
2.824004
0
0
0
0
0
6.092681
5.944422
5.774272
5.578227
5.350991
2.783124
2.796517
2.806508
2.82247
2.82642
0
0
0
0
0
6.191547
6.060732
5.911262
5.739943
5.542599
2.789449
2.795227
2.801882
2.821309
2.821867
0
0
0
0
0
6.313172
6.196761
6.064292
5.913135
5.739923
2.784422
2.792716
2.808173
2.821984
2.824242
0
0
0
0
0
6.460899
6.356504
6.238098
6.103539
5.950035
2.775075
2.789814
2.797111
2.813663
2.811674
0
0
0
0
0
6.638291
6.54408
6.437478
6.316766
6.179571
2.763785
2.77043
2.789541
2.799241
2.799491
0
0
0
0
0
6.847669
6.76229
6.665852
6.556943
6.433603
2.740377
2.741163
2.747349
2.770409
2.770676
0
0
0
0
0
7.084925
7.007539
6.920271
6.821862
6.710721
2.710932
2.714171
2.719658
2.726025
2.72476
0
0
0
0
0
7.328194
7.258313
7.179656
7.091087
6.991228
2.699308
2.712029
2.70358
2.71125
2.71933
0
0
0
0
0
7.530944
7.46779
7.396699
7.316831
7.226872
2.684582
2.68911
2.706757
2.709672
2.699976
0
0
0
0
0
7.684496
7.627328
7.562996
7.490766
7.409553
2.683666
2.684289
2.688235
2.703015
2.701119
0
0
0
0
0
7.796435
7.744608
7.68629
7.620794
7.54722
2.66546
2.67642
2.684158
2.695861
2.694869
0
0
0
0
0
7.875311
7.828218
7.775145
7.715596
7.648683
2.681206
2.681773
2.692227
2.691302
2.686257
0
0
0
0
0
5.192677
4.759842
4.235598
3.609635
2.921198
2.681302
2.687431
2.686791
2.706214
2.698501
0
0
0
0
0
5.530097
5.167604
4.731609
4.203774
3.572242
2.695393
2.694254
2.696819
2.712018
2.706793
0
0
0
0
0
5.78192
5.475047
5.109263
4.669735
4.137537
2.710909
2.705055
2.716835
2.717793
2.712658
0
0
0
0
0
5.955529
5.692659
5.382832
5.01394
4.570889
2.715016
2.724009
2.722724
2.73693
2.735116
0
0
0
0
0
6.054946
5.828248
5.563224
5.251144
4.879835
2.744912
2.752479
2.758617
2.763804
2.768868
0
0
0
0
0
6.095895
5.899485
5.671478
5.405202
5.091773
2.764648
2.780032
2.788836
2.796498
2.789645
0
0
0
0
0
6.125862
5.955154
5.75819
5.529799
5.263168
2.775947
2.783923
2.797532
2.811313
2.818911
0
0
0
0
0
6.167626
6.018457
5.847268
5.649982
5.42131
2.778149
2.785249
2.806609
2.819106
2.826282
0
0
0
0
0
6.229003
6.097753
5.947783
5.775888
5.577871
2.784177
2.793923
2.807673
2.819848
2.826009
0
0
0
0
0
6.313176
6.196745
6.06428
5.913134
5.739927
2.775331
2.79891
2.807551
2.815023
2.824779
0
0
0
0
0
6.422603
6.318537
6.200521
6.066429
5.913445
2.787525
2.7939
2.802605
2.821481
2.825624
0
0
0
0
0
6.56014
6.466477
6.36051
6.24052
6.104179
2.782101
2.784847
2.801229
2.80838
2.816626
0
0
0
0
0
6.728968
6.644147
6.54839
6.440233
6.317771
2.767919
2.771939
2.783605
2.801883
2.801355
0
0
0
0
0
6.931036
6.853908
6.767007
6.669044
6.558415
2.74111
2.745022
2.751287
2.759324
2.771338
0
0
0
0
0
7.161788
7.091705
7.012846
6.924102
6.824024
2.706557
2.716144
2.726288
2.721876
2.724223
0
0
0
0
0
7.398982
7.335642
7.264372
7.184328
7.094179
2.703607
2.702901
2.714923
2.708698
2.709762
0
0
0
0
0
7.596025
7.538657
7.474142
7.401698
7.320282
2.687599
2.687836
2.700491
2.711451
2.709879
0
0
0
0
0
7.744286
7.692292
7.633773
7.568101
7.494337
2.678013
2.682925
2.691423
2.696932
2.702158
0
0
0
0
0
7.851487
7.804285
7.751115
7.691466
7.624451
2.671232
2.664839
2.684799
2.690432
2.69355
0
0
0
0
0
7.926199
7.883225
7.834801
7.780414
7.719362
2.678556
2.679755
2.684533
2.698427
2.689368
0
0
0
0
0
5.558509
5.196588
4.761257
4.234281
3.604997
2.684117
2.686707
2.695431
2.692844
2.704244
0
0
0
0
0
5.840539
5.534532
5.169724
4.731231
4.200469
2.689294
2.698887
2.702349
2.704206
2.710798
0
0
0
0
0
6.048961
5.786811
5.477777
5.109688
4.667475
2.702905
2.70564
2.713566
2.724866
2.716919
0
0
0
0
0
6.187336
5.960801
5.695904
5.38393
5.012554
2.705127
2.721577
2.725516
2.733088
2.736428
0
0
0
0
0
6.257334
6.060423
5.831801
5.564759
5.250351
2.746193
2.751512
2.760691
2.767673
2.764128
0
0
0
0
0
6.273012
6.101209
5.902923
5.67297
5.40447
2.768039
2.771802
2.790848
2.800186
2.798358
0
0
0
0
0
6.281348
6.13107
5.958559
5.75974
5.529245
2.779218
2.784601
2.793172
2.809636
2.813942
0
0
0
0
0
6.304881
6.172825
6.021931
5.84898
5.649703
2.782185
2.788989
2.795878
2.820317
2.822326
0
0
0
0
0
6.351049
6.234262
6.101353
5.949699
5.775905
2.78479
2.794056
2.805693
2.820163
2.823381
0
0
0
0
0
6.422613
6.318541
6.200506
6.066417
5.913445
2.789222
2.784981
2.809809
2.821248
2.818447
0
0
0
0
0
6.521476
6.428119
6.322489
6.202896
6.067029
2.780738
2.791064
2.804536
2.814203
2.824948
0
0
0
0
0
6.650211
6.565857
6.470658
6.363149
6.241423
2.780581
2.790577
2.795778
2.813514
2.810711
0
0
0
0
0
6.811598
6.734953
6.648618
6.551343
6.441479
2.769718
2.775613
2.781319
2.79792
2.804509
0
0
0
0
0
7.007217
6.937395
6.858776
6.770385
6.670741
2.751424
2.749412
2.749795
2.762237
2.761225
0
0
0
0
0
7.232249
7.168685
7.097157
7.016855
6.926476
2.713167
2.711836
2.723238
2.734929
2.719382
0
0
0
0
0
7.4641
7.406543
7.341842
7.269216
7.187623
2.706917
2.706613
2.710044
2.716487
2.706431
0
0
0
0
0
7.656013
7.603842
7.545139
7.479297
7.405337
2.685667
2.692709
2.699033
2.70659
2.708816
0
0
0
0
0
7.799539
7.752179
7.698855
7.63902
7.571841
2.687985
2.682256
2.687638
2.69817
2.695969
0
0
0
0
0
7.902489
7.859424
7.8109
7.756421
7.695275
2.680778
2.682587
2.675513
2.691569
2.688914
0
0
0
0
0
7.973364
7.934193
7.889907
7.840189
7.78432
2.672672
2.684566
2.68645
2.690904
2.697214
0
0
0
0
0
5.868381
5.562942
5.198705
4.760877
4.230978
2.677512
2.689997
2.69079
2.702012
2.69127
0
0
0
0
0
6.106778
5.845422
5.537252
5.170136
4.72896
2.679714
2.695195
2.701501
2.706432
2.703019
0
0
0
0
0
6.280139
6.054244
5.790062
5.478879
5.108305
2.704413
2.703832
2.707123
2.721882
2.724383
0
0
0
0
0
6.389701
6.192957
5.964501
5.697593
5.383296
2.71364
2.712059
2.72597
2.729259
2.73388
0
0
0
0
0
6.435266
6.263118
6.064373
5.833846
5.564615
2.749022
2.753521
2.760965
2.769729
2.768225
0
0
0
0
0
6.42978
6.278584
6.104982
5.904841
5.672775
2.764183
2.774329
2.782128
2.802389
2.8023
0
0
0
0
0
6.419828
6.286775
6.134757
5.960468
5.759635
2.77486
2.788883
2.795802
2.804363
2.812328
0
0
0
0
0
6.427768
6.31027
6.176543
6.02395
5.849081
2.777499
2.792005
2.802424
2.809094
2.824073
0
0
0
0
0
6.460905
6.356476
6.238076
6.103536
5.950045
2.781355
2.794888
2.805614
2.819689
2.823403
0
0
0
0
0
6.52148
6.428128
6.322491
6.202882
6.067018
2.780417
2.794777
2.800435
2.822152
2.825034
0
0
0
0
0
6.611227
6.527128
6.432243
6.325077
6.203758
2.778659
2.790458
2.799373
2.817363
2.816797
0
0
0
0
0
6.732237
6.656052
6.570195
6.473492
6.364288
2.779807
2.788206
2.801145
2.808589
2.816292
0
0
0
0
0
6.887082
6.817701
6.739571
6.651753
6.552808
2.766471
2.780221
2.78426
2.792485
2.801419
0
0
0
0
0
7.077069
7.013687
6.942402
6.862325
6.772286
2.74092
2.758249
2.759549
2.756586
2.763575
0
0
0
0
0
7.297024
7.239253
7.174272
7.101331
7.019426
2.703939
2.717976
2.718831
2.730702
2.734101
0
0
0
0
0
7.524095
7.471764
7.412872
7.346843
7.2727
2.705132
2.710141
2.711186
2.714715
2.712475
0
0
0
0
0
7.711448
7.663927
7.610443
7.55044
7.483107
2.685989
2.691665
2.702641
2.707306
2.703947
0
0
0
0
0
7.85071
7.80752
7.758851
7.704233
7.642915
2.674202
2.688937
2.691131
2.692006
2.696462
0
0
0
0
0
7.949773
7.910507
7.866139
7.816326
7.760373
2.680732
2.684756
2.68989
2.685976
2.689215
0
0
0
0
0
8.017285
7.981434
7.940968
7.895406
7.844225
2.679336
2.681283
2.690016
2.693817
2.690306
0
0
0
0
0
6.134143
5.873261
5.565655
5.199111
4.758601
2.685913
2.679434
2.695703
2.693069
2.70036
0
0
0
0
0
6.337247
6.11205
5.848657
5.538335
5.168732
2.696072
2.688915
2.702012
2.704108
2.703483
0
0
0
0
0
6.481916
6.285767
6.057945
5.791747
5.478238
2.703493
2.704762
2.712622
2.713133
2.722004
0
0
0
0
0
6.567577
6.395629
6.197055
5.966699
5.697607
2.717042
2.719568
2.725366
2.729227
2.726807
0
0
0
0
0
6.592763
6.44132
6.267417
6.066862
5.834262
2.744836
2.758989
2.761131
2.770561
2.770239
0
0
0
0
0
6.569394
6.435582
6.282652
6.107274
5.905115
2.765959
2.773205
2.78395
2.793329
2.80453
0
0
0
0
0
6.543784
6.42545
6.290713
6.136982
5.960756
2.778993
2.782758
2.800367
2.808124
2.806551
0
0
0
0
0
6.538362
6.433329
6.314206
6.178834
6.024388
2.778008
2.7856
2.803661
2.816224
2.812599
0
0
0
0
0
6.560139
6.466483
6.360483
6.2405
6.104176
2.786663
2.790667
2.806134
2.81899
2.823711
0
0
0
0
0
6.611216
6.527133
6.432252
6.325079
6.203745
2.779116
2.788846
2.805366
2.814968
2.825408
0
0
0
0
0
6.692951
6.617004
6.531408
6.435025
6.326174
2.783992
2.788311
2.802078
2.809771
2.820649
0
0
0
0
0
6.80722
6.738195
6.660535
6.573205
6.474845
2.779118
2.788312
2.798492
2.812794
2.811596
0
0
0
0
0
6.956302
6.893293
6.822453
6.742871
6.653415
2.759239
2.775049
2.791966
2.794317
2.794422
0
0
0
0
0
7.14126
7.083643
7.018823
6.946106
6.864414
2.728449
2.750586
2.767245
2.770637
2.755917
0
0
0
0
0
7.356714
7.304127
7.244963
7.178594
7.104082
2.716319
2.707086
2.724877
2.727279
2.729918
0
0
0
0
0
7.579521
7.531857
7.478211
7.418018
7.350499
2.696302
2.70773
2.713489
2.717997
2.712033
0
0
0
0
0
7.762755
7.719452
7.670639
7.615877
7.554408
2.67969
2.691174
2.703723
2.709315
2.706423
0
0
0
0
0
7.898185
7.858774
7.814294
7.76435
7.708271
2.687875
2.674137
2.691044
2.699639
2.68959
0
0
0
0
0
7.993757
7.957867
7.917313
7.871676
7.820409
2.673662
2.684859
2.691535
2.694824
2.686259
0
0
0
0
0
8.058207
8.025425
7.988295
7.946568
7.899563
2.68288
2.684531
2.690992
2.695582
2.692936
0
0
0
0
0
6.364185
6.13941
5.876487
5.566728
5.197697
2.689208
2.689889
2.687213
2.700898
2.689374
0
0
0
0
0
6.538395
6.34286
6.115729
5.850315
5.537666
2.696142
2.698457
2.701514
2.708158
2.701195
0
0
0
0
0
6.659267
6.487847
6.28986
6.060133
5.791746
2.681771
2.712018
2.712103
2.719611
2.711254
0
0
0
0
0
6.725008
6.573776
6.400077
6.199698
5.967272
2.712897
2.719764
2.728502
2.736775
2.726711
0
0
0
0
0
6.733003
6.599059
6.445929
6.270297
6.067765
2.74424
2.751578
2.769591
2.770271
2.771369
0
0
0
0
0
6.694414
6.575402
6.439913
6.285275
6.10796
2.761682
2.774712
2.785359
2.794797
2.795315
0
0
0
0
0
6.655354
6.549584
6.429613
6.29322
6.137617
2.77098
2.789902
2.792595
2.813133
2.810918
0
0
0
0
0
6.638296
6.544078
6.437462
6.316742
6.17957
2.781594
2.788399
2.795736
2.816896
2.819953
0
0
0
0
0
6.65021
6.565856
6.470664
6.363122
6.241403
2.789071
2.794755
2.802231
2.819408
2.822606
0
0
0
0
0
6.692952
6.616993
6.531413
6.435033
6.326175
2.777585
2.790412
2.799399
2.818512
2.81918
0
0
0
0
0
6.767648
6.698842
6.621426
6.534365
6.436332
2.781309
2.79263
2.800485
2.815232
2.81202
0
0
0
0
0
6.875921
6.813284
6.74281
6.663706
6.574752
2.77394
2.788144
2.798378
2.810277
2.815286
0
0
0
0
0
7.0199
6.962612
6.898169
6.825902
6.744714
2.763609
2.767275
2.784295
2.804361
2.795739
0
0
0
0
0
7.200414
7.147928
7.088895
7.02267
6.948364
2.745336
2.749104
2.760773
2.775613
2.772081
0
0
0
0
0
7.411848
7.36391
7.30995
7.249423
7.181508
2.702052
2.719493
2.712383
2.732072
2.726938
0
0
0
0
0
7.630875
7.587374
7.538415
7.483488
7.421832
2.693565
2.704919
2.715609
2.720147
2.717102
0
0
0
0
0
7.810398
7.770845
7.726266
7.676195
7.61999
2.694231
2.683879
2.698761
2.710713
2.707581
0
0
0
0
0
7.942316
7.906327
7.865641
7.819905
7.768521
2.681288
2.688238
2.683098
2.694653
2.699181
0
0
0
0
0
8.03476
8.001924
7.96476
7.922953
7.87588
2.674361
2.673155
2.68986
2.697202
2.691719
0
0
0
0
0
8.096351
8.066412
8.032367
7.993993
7.950836
2.6817
2.686883
2.690768
2.697162
2.692945
0
0
0
0
0
6.564952
6.369789
6.143077
5.878132
5.566043
2.686093
2.688023
2.697299
2.69614
2.69913
0
0
0
0
0
6.715135
6.544307
6.346927
6.117885
5.850277
2.679403
2.69958
2.700842
2.710136
2.706759
0
0
0
0
0
6.816254
6.665466
6.492286
6.292486
6.060682
2.705153
2.683578
2.72099
2.720599
2.718274
0
0
0
0
0
6.865227
6.73145
6.578535
6.40311
6.200757
2.700444
2.713139
2.723131
2.737138
2.737661
0
0
0
0
0
6.858605
6.739515
6.603943
6.449154
6.271627
2.749033
2.750809
2.760197
2.778797
2.770839
0
0
0
0
0
6.806908
6.700606
6.579969
6.442832
6.286324
2.765624
2.772365
2.784488
2.79763
2.796591
0
0
0
0
0
6.756182
6.661314
6.55395
6.432371
6.294164
2.779423
2.779921
2.801212
2.803933
2.816193
0
0
0
0
0
6.728987
6.644153
6.548387
6.440217
6.317747
2.776753
2.790932
2.799849
2.808381
2.820371
0
0
0
0
0
6.73223
6.656053
6.570195
6.473498
6.364262
2.783143
2.79396
2.806112
2.814968
2.823004
0
0
0
0
0
6.767647
6.698844
6.621416
6.53437
6.436339
2.786033
2.787221
2.804375
2.811805
2.822367
0
0
0
0
0
6.836098
6.773644
6.703396
6.624541
6.535865
2.780737
2.789848
2.804525
2.812833
2.818597
0
0
0
0
0
6.939072
6.882082
6.818021
6.74613
6.665429
2.775387
2.784274
2.79868
2.810064
2.812834
0
0
0
0
0
7.078511
7.026302
6.967602
6.901758
6.827909
2.766825
2.773526
2.779261
2.795674
2.8069
0
0
0
0
0
7.255069
7.207171
7.15329
7.092874
7.025087
2.742672
2.751303
2.756569
2.77139
2.775622
0
0
0
0
0
7.462973
7.419131
7.369839
7.314537
7.252488
2.709006
2.704544
2.723894
2.720645
2.731418
0
0
0
0
0
7.678546
7.638812
7.594035
7.543815
7.487446
2.683284
2.699053
2.709908
2.72271
2.719736
0
0
0
0
0
7.854686
7.818566
7.777756
7.731937
7.680443
2.684287
2.693575
2.696189
2.706397
2.709029
0
0
0
0
0
7.98347
7.95053
7.913282
7.871358
7.8242
2.675861
2.680124
2.694655
2.691391
2.691989
0
0
0
0
0
8.07301
8.042994
8.008899
7.970497
7.92727
2.678485
2.677665
2.680786
2.695755
2.695704
0
0
0
0
0
8.132003
8.10462
8.073428
8.038153
7.998368
2.682564
2.683815
2.692196
2.69691
2.695211
0
0
0
0
0
6.741324
6.570853
6.373841
6.145217
5.878076
2.687153
2.692239
2.695041
2.704823
2.695925
0
0
0
0
0
6.871607
6.721312
6.548715
6.349516
6.118391
2.697228
2.686067
2.704664
2.704984
2.709118
0
0
0
0
0
6.956027
6.822692
6.670212
6.495298
6.293515
2.702984
2.702754
2.68991
2.728333
2.71992
0
0
0
0
0
6.990768
6.871886
6.736486
6.581914
6.404596
2.716941
2.70785
2.718756
2.729239
2.737097
0
0
0
0
0
6.971659
6.865312
6.744647
6.607476
6.450863
2.734609
2.755873
2.76029
2.769632
2.779119
0
0
0
0
0
6.908598
6.81327
6.705385
6.583152
6.444204
2.762667
2.772613
2.785167
2.795725
2.800106
0
0
0
0
0
6.847703
6.762287
6.665863
6.556936
6.433592
2.779994
2.790016
2.791522
2.813718
2.806211
0
0
0
0
0
6.811585
6.734972
6.648624
6.551342
6.441463
2.785836
2.786844
2.803189
2.813015
2.811643
0
0
0
0
0
6.807216
6.738188
6.660536
6.573205
6.474851
2.786158
2.794199
2.804665
2.819633
2.818257
0
0
0
0
0
6.836093
6.773644
6.703397
6.624532
6.535869
2.785547
2.795854
2.799271
2.818979
2.814852
0
0
0
0
0
6.898989
6.842191
6.778318
6.706658
6.626215
2.781675
2.789378
2.800836
2.817754
2.815855
0
0
0
0
0
6.997264
6.945323
6.886931
6.821475
6.748016
2.779395
2.783038
2.796082
2.810649
2.81256
0
0
0
0
0
7.132658
7.084998
7.031397
6.971317
6.903919
2.771433
2.775655
2.784037
2.791526
2.797676
0
0
0
0
0
7.30574
7.261908
7.212634
7.15739
7.095434
2.741412
2.749699
2.760238
2.764361
2.772607
0
0
0
0
0
7.510417
7.470335
7.425159
7.374544
7.317741
2.711429
2.711379
2.709669
2.728586
2.720838
0
0
0
0
0
7.722842
7.686561
7.645569
7.599551
7.547908
2.700626
2.693659
2.706916
2.71822
2.721738
0
0
0
0
0
7.895976
7.862928
7.825566
7.783534
7.73631
2.680521
2.688055
2.699933
2.705365
2.705279
0
0
0
0
0
8.02187
7.991751
7.957569
7.919095
7.875766
2.677788
2.676367
2.69071
2.700391
2.690497
0
0
0
0
0
8.108744
8.081306
8.050045
8.014727
7.97492
2.667857
2.67872
2.683663
2.689981
2.694094
0
0
0
0
0
8.165346
8.14033
8.111706
8.079297
8.042624
2.680368
2.681553
2.693119
2.698939
2.69568
0
0
0
0
0
6.897486
6.747489
6.575245
6.37641
6.145701
2.685603
2.693342
2.700003
2.703832
2.703932
0
0
0
0
0
7.010937
6.878021
6.726024
6.551684
6.350496
2.69485
2.694046
2.695644
2.708945
2.70215
0
0
0
0
0
7.08119
6.96268
6.82771
6.673564
6.496749
2.702397
2.700296
2.706722
2.698382
2.727274
0
0
0
0
0
7.1038
6.997623
6.877169
6.740174
6.58378
2.711932
2.721571
2.719216
2.722788
2.727754
0
0
0
0
0
7.073822
6.978543
6.870667
6.748457
6.609523
2.723415
2.740582
2.761164
2.770036
2.770351
0
0
0
0
0
7.000916
6.915112
6.818242
6.708805
6.584815
2.767108
2.768217
2.780612
2.797521
2.797648
0
0
0
0
0
6.931048
6.85394
6.767004
6.669055
6.558407
2.775616
2.789247
2.801379
2.804731
2.816677
0
0
0
0
0
6.8871
6.817689
6.73959
6.651759
6.552807
2.780932
2.795062
2.798179
2.816623
2.816485
0
0
0
0
0
6.875935
6.81328
6.742804
6.663707
6.574752
2.782827
2.795488
2.806735
2.817489
2.823507
0
0
0
0
0
6.898986
6.842186
6.778318
6.706659
6.626206
2.79024
2.794538
2.807883
2.811681
2.823142
0
0
0
0
0
6.956969
6.905171
6.846975
6.781715
6.708492
2.783659
2.791978
2.80085
2.813316
2.821174
0
0
0
0
0
7.051037
7.003599
6.950274
6.890511
6.82351
2.77862
2.788011
2.793901
2.809635
2.813272
0
0
0
0
0
7.182838
7.139224
7.090191
7.035229
6.973616
2.762676
2.77784
2.787714
2.795058
2.793888
0
0
0
0
0
7.352752
7.312654
7.267465
7.216847
7.160083
2.743189
2.7479
2.757231
2.769626
2.76406
0
0
0
0
0
7.554484
7.517853
7.476453
7.429975
7.377878
2.68978
2.715119
2.717713
2.71964
2.726594
0
0
0
0
0
7.764147
7.73093
7.693407
7.651192
7.603771
2.684876
2.705503
2.699339
2.712734
2.717987
0
0
0
0
0
7.934504
7.904285
7.870012
7.831444
7.788025
2.684106
2.680382
2.699139
2.707971
2.70489
0
0
0
0
0
8.057714
8.030215
7.998866
7.963475
7.923611
2.681866
2.679712
2.684196
2.700489
2.69868
0
0
0
0
0
8.142157
8.117098
8.088427
8.055957
8.019248
2.673699
2.686875
2.688836
2.689625
0
0
0
0
0
8.196543
8.173727
8.147483
8.117654
8.08386
2.675855
2.685871
2.688728
2.701807
2.697844
0
0
0
0
0
7.036537
6.903886
6.752182
6.578192
6.377365
2.682727
2.687367
2.702627
2.710616
2.703348
0
0
0
0
0
7.135665
7.017563
6.883002
6.729332
6.553081
2.686423
2.695502
2.696511
2.70423
2.706613
0
0
0
0
0
7.193868
7.088036
6.967943
6.831367
6.675389
2.683664
2.704028
2.709469
2.712173
2.698276
0
0
0
0
0
7.205937
7.110833
7.003129
6.881133
6.742379
2.713177
2.72132
2.729008
2.730859
2.720431
0
0
0
0
0
7.166557
7.080867
6.984099
6.874725
6.750808
2.74455
2.751093
2.749405
2.769578
2.770842
0
0
0
0
0
7.084982
7.007569
6.920259
6.821879
6.710729
2.769817
2.774443
2.776675
2.790658
2.800021
0
0
0
0
0
7.007248
6.937407
6.858809
6.770383
6.670751
2.768491
2.784722
2.799904
2.814103
2.808141
0
0
0
0
0
6.95629
6.893311
6.822442
6.742889
6.653421
2.786118
2.789233
2.806292
2.810897
2.820161
0
0
0
0
0
6.939064
6.882096
6.818017
6.746124
6.66543
2.778718
2.793596
2.80713
2.820867
2.82098
0
0
0
0
0
6.956963
6.905169
6.84697
6.781714
6.708493
2.783572
2.798015
2.806186
2.821826
2.814738
0
0
0
0
0
7.010532
6.963233
6.910058
6.850495
6.783697
2.785207
2.794906
2.803702
2.814114
2.816324
0
0
0
0
0
7.100835
7.057449
7.008645
6.953968
6.892682
2.773698
2.788101
2.799181
2.806198
2.813083
0
0
0
0
0
7.229412
7.189477
7.144508
7.094133
7.037657
2.76771
2.772886
2.785429
2.800194
2.79697
0
0
0
0
0
7.396415
7.359737
7.318297
7.271783
7.219665
2.74466
2.74717
2.758074
2.765996
2.770259
0
0
0
0
0
7.595559
7.561989
7.524055
7.481371
7.433431
2.711222
2.696283
2.719264
2.725216
2.720455
0
0
0
0
0
7.802675
7.772303
7.737859
7.699128
7.655528
2.70343
2.684839
2.711374
2.702667
2.710275
0
0
0
0
0
7.97048
7.942878
7.911447
7.875982
7.836043
2.681875
2.693266
2.687959
2.706633
2.707657
0
0
0
0
0
8.091268
8.066119
8.037401
8.004857
7.968092
2.680514
2.685415
2.691127
2.699823
0
0
0
0
0
8.173444
8.150567
8.124287
8.094418
8.06057
2.679981
2.69212
2.685513
0
0
0
0
0
8.2258
8.204975
8.180942
8.153504
8.122303
2.684707
2.677366
2.691446
2.698652
2.701167
0
0
0
0
0
7.161017
7.043147
6.908848
6.755466
6.57956
2.686319
2.681998
2.691575
2.708817
2.710896
0
0
0
0
0
7.247973
7.142481
7.022785
6.88661
6.731098
2.692516
2.691578
2.699048
2.703298
2.703826
0
0
0
0
0
7.29569
7.200889
7.093519
6.971872
6.833524
2.709476
2.697448
2.707529
2.720712
2.710228
0
0
0
0
0
7.298621
7.213131
7.116541
7.007342
6.883639
2.708109
2.720278
2.733082
2.737088
2.732008
0
0
0
0
0
7.251037
7.173748
7.086606
6.988382
6.877347
2.746365
2.750562
2.75425
2.759384
2.769906
0
0
0
0
0
7.161826
7.091762
7.012874
6.924091
6.82404
2.769804
2.778078
2.785628
2.787111
2.792159
0
0
0
0
0
7.077073
7.013719
6.942415
6.862357
6.772284
2.776499
2.780092
2.794558
2.812609
2.817105
0
0
0
0
0
7.019891
6.9626
6.898188
6.825892
6.744732
2.782415
2.791886
2.798819
2.81918
2.813971
0
0
0
0
0
6.997263
6.945315
6.886943
6.821471
6.74801
2.784764
2.787358
2.806567
2.820237
2.824834
0
0
0
0
0
7.010529
6.963228
6.910056
6.85049
6.783696
2.78445
2.795058
2.809094
2.819417
2.825775
0
0
0
0
0
7.060137
7.016874
6.968214
6.913692
6.852611
2.787278
2.791352
2.807643
2.817216
2.817484
0
0
0
0
0
7.147073
7.107319
7.062584
7.012447
6.956265
2.778722
2.782607
2.798548
2.811784
2.808968
0
0
0
0
0
7.272657
7.23612
7.194845
7.148551
7.096681
2.769618
2.777506
2.782827
2.795088
2.80271
0
0
0
0
0
7.437109
7.403466
7.365461
7.322711
7.274717
2.740694
2.749938
2.754839
2.768653
2.76627
0
0
0
0
0
7.633901
7.603129
7.568271
7.529067
7.484938
2.70998
2.720278
2.708564
2.725277
2.72457
0
0
0
0
0
7.838647
7.810895
7.779309
7.743674
7.703573
2.697102
2.709095
2.695784
2.713876
2.6992
0
0
0
0
0
8.004133
7.978914
7.950112
7.917504
7.880683
2.687241
2.703238
2.696443
2.705342
0
0
0
0
0
8.122679
8.099728
8.073374
8.043473
8.009567
2.685484
2.686974
2.689479
0
0
0
0
0
8.202769
8.181904
8.157817
8.130351
8.099118
2.684871
2.689649
0
0
0
0
0
8.253262
8.23428
8.212248
8.187031
8.158233
2.681438
2.687144
2.680749
2.697895
2.699141
0
0
0
0
0
7.273099
7.167816
7.048347
6.91243
6.757203
2.687608
2.690643
2.68852
2.697745
2.706811
0
0
0
0
0
7.349421
7.254962
7.14792
7.026661
6.888706
2.686893
2.696568
2.702015
2.704276
2.702281
0
0
0
0
0
7.388079
7.30287
7.206571
7.097693
6.974328
2.682659
2.708326
2.708703
2.714615
2.721488
0
0
0
0
0
7.383083
7.305962
7.219022
7.120979
7.010121
2.716873
2.715371
2.728922
2.741
2.736647
0
0
0
0
0
7.328241
7.258362
7.179654
7.091094
6.991251
2.746655
2.7541
2.758099
2.761681
2.76038
0
0
0
0
0
7.232257
7.168723
7.097214
7.016883
6.926467
2.754303
2.777295
2.787983
2.797407
2.788655
0
0
0
0
0
7.141245
7.083647
7.018855
6.946119
6.864444
2.781792
2.785174
2.79394
2.806046
2.815755
0
0
0
0
0
7.0785
7.026292
6.967591
6.901776
6.827901
2.778914
2.793263
2.801689
2.809783
2.822546
0
0
0
0
0
7.051014
7.003597
6.950266
6.890522
6.823506
2.781826
2.793933
2.798041
2.819843
2.823689
0
0
0
0
0
7.060139
7.016871
6.968209
6.91369
6.852607
2.786038
2.792513
2.808586
2.821228
2.822952
0
0
0
0
0
7.106173
7.06655
7.021942
6.971954
6.915934
2.787102
2.797216
2.801173
2.820409
2.820797
0
0
0
0
0
7.190019
7.153624
7.112536
7.066484
7.014861
2.771255
2.786398
2.792841
2.810764
2.814711
0
0
0
0
0
7.312949
7.279429
7.241566
7.198982
7.151211
2.760726
2.776886
2.78791
2.794079
2.796323
0
0
0
0
0
7.475091
7.444221
7.409266
7.369966
7.32575
2.7378
2.747615
2.758651
2.764367
2.769941
0
0
0
0
0
7.669691
7.641532
7.609486
7.573372
7.532738
2.702256
2.713168
2.728918
2.723289
2.724346
0
0
0
0
0
7.872343
7.846928
7.817975
7.785211
7.748221
2.698718
2.716502
2.707318
2.710021
0
0
0
0
0
8.035671
8.012624
7.986218
7.956251
7.922299
2.695177
2.709933
2.696123
0
0
0
0
0
8.152114
8.131191
8.107045
8.079521
8.048269
2.687697
2.682529
0
0
0
0
0
8.23029
8.211277
8.189213
8.163951
8.135131
2.682191
0
0
0
0
0
8.279055
8.261788
8.241607
8.218403
8.191835
2.670586
2.682205
2.690839
2.685943
2.69668
0
0
0
0
0
7.374319
7.28007
7.173232
7.052196
6.914494
2.671704
2.686527
2.698736
2.694614
2.696219
0
0
0
0
0
7.441507
7.356567
7.260598
7.152039
7.02905
2.691302
2.689857
2.702543
2.710064
2.702856
0
0
0
0
0
7.47226
7.395404
7.308732
7.210968
7.100417
2.711332
2.697135
2.710421
2.718924
2.714098
0
0
0
0
0
7.460238
7.390557
7.312021
7.223664
7.124003
2.70887
2.720961
2.721614
2.738637
2.740211
0
0
0
0
0
7.399009
7.335688
7.264421
7.184328
7.094188
2.743325
2.758084
2.764419
2.767973
2.761658
0
0
0
0
0
7.297007
7.239262
7.174309
7.101386
7.019452
2.759683
2.762297
2.788029
2.79855
2.799583
0
0
0
0
0
7.200428
7.147914
7.0889
7.022701
6.948378
2.778492
2.788812
2.795847
2.806425
2.808326
0
0
0
0
0
7.132654
7.084987
7.031388
6.971306
6.903935
2.784614
2.78929
2.805343
2.812814
2.812035
0
0
0
0
0
7.100835
7.057426
7.008643
6.953961
6.892692
2.780281
2.792661
2.805548
2.810599
2.823339
0
0
0
0
0
7.106179
7.066551
7.021939
6.971949
6.915932
2.779247
2.794838
2.801811
2.822946
2.824336
0
0
0
0
0
7.148956
7.112652
7.0717
7.02578
6.974311
2.777654
2.796726
2.808529
2.812687
2.823601
0
0
0
0
0
7.229979
7.196632
7.158918
7.116528
7.069006
2.778535
2.779501
2.796786
2.804515
2.813526
0
0
0
0
0
7.350549
7.319781
7.284948
7.245791
7.201744
2.766093
2.766445
2.787186
2.799522
2.796125
0
0
0
0
0
7.510535
7.482261
7.450092
7.413856
7.373105
2.741745
2.745273
2.756679
2.768033
2.765239
0
0
0
0
0
7.703192
7.677379
7.647956
7.61467
7.57714
2.708722
2.718589
2.733584
2.725966
0
0
0
0
0
7.903896
7.880679
7.854077
7.823958
7.789852
2.70668
2.723129
2.707975
0
0
0
0
0
8.065212
8.044215
8.019991
7.992432
7.961135
2.701436
2.708327
0
0
0
0
0
8.179757
8.160675
8.138567
8.113261
8.084401
2.683982
0
0
0
0
0
8.256155
8.238845
8.218641
8.195412
8.168807
0
0
0
0
0
8.30327
8.287623
8.269167
8.247823
8.223278
2.679909
2.672733
2.687181
2.694743
2.684285
0
0
0
0
0
7.466209
7.381446
7.285681
7.177322
7.054552
2.687887
2.679947
2.690723
2.702685
2.693037
0
0
0
0
0
7.52539
7.448796
7.362382
7.264936
7.154693
2.690666
2.692857
2.699669
2.708142
2.709439
0
0
0
0
0
7.549155
7.479718
7.401432
7.313329
7.213934
2.697674
2.70991
2.706077
2.716368
2.718533
0
0
0
0
0
7.530986
7.467836
7.396768
7.31685
7.226912
2.707739
2.718077
2.726905
2.728469
2.739321
0
0
0
0
0
7.46408
7.40657
7.341887
7.269265
7.187624
2.743292
2.754254
2.770345
2.774102
2.768798
0
0
0
0
0
7.356717
7.304112
7.244971
7.178631
7.104135
2.767693
2.766431
2.773495
2.799149
2.800083
0
0
0
0
0
7.255074
7.207185
7.153276
7.092878
7.025117
2.778506
2.788541
2.798787
2.80799
2.809135
0
0
0
0
0
7.18284
7.139221
7.090181
7.03522
6.973605
2.783882
2.796134
2.801948
2.81853
2.815222
0
0
0
0
0
7.147059
7.107319
7.062562
7.012444
6.956257
2.78585
2.789157
2.806095
2.818639
2.813805
0
0
0
0
0
7.14895
7.112658
7.071701
7.025777
6.974307
2.786978
2.789211
2.806071
2.812666
2.827087
0
0
0
0
0
7.18878
7.155497
7.117879
7.07563
7.028245
2.787658
2.787001
2.808268
2.821372
2.815265
0
0
0
0
0
7.267288
7.236651
7.201997
7.162996
7.119153
2.780317
2.788075
2.788249
2.808543
2.806921
0
0
0
0
0
7.385663
7.357436
7.325368
7.289255
7.248649
2.762275
2.776133
2.776302
2.798054
2.801654
0
0
0
0
0
7.543751
7.51776
7.488197
7.454761
7.417087
2.746363
2.752914
2.766586
2.768658
0
0
0
0
0
7.734582
7.710934
7.68387
7.653218
7.618529
2.720034
2.724981
2.730832
0
0
0
0
0
7.933457
7.912284
7.887891
7.860136
7.828689
2.714784
2.721872
0
0
0
0
0
8.092963
8.073806
8.051642
8.026278
7.9974
2.699613
0
0
0
0
0
8.205727
8.188365
8.168108
8.14485
8.118217
0
0
0
0
0
8.280429
8.264752
8.246261
8.224901
8.200339
0
0
0
0
8.326061
8.311877
8.29505
8.27544
8.252765
2.676955
2.679066
2.684112
2.691824
2.691572
0
0
0
0
0
7.54994
7.473478
7.387235
7.289988
7.17994
2.689152
2.686588
2.688571
2.698461
2.699666
0
0
0
0
0
7.602018
7.53281
7.454774
7.366919
7.267829
2.687116
2.691668
2.694861
2.705094
2.706825
0
0
0
0
0
7.619699
7.556736
7.485896
7.406213
7.316514
2.704051
2.702377
2.709973
2.713087
2.715496
0
0
0
0
0
7.596035
7.538698
7.474188
7.401767
7.320302
2.71514
2.710723
2.728464
2.733629
2.728182
0
0
0
0
0
7.524084
7.471746
7.412899
7.346888
7.272749
2.742808
2.750827
2.768734
2.782907
2.774797
0
0
0
0
0
7.411871
7.363914
7.309936
7.249432
7.181545
2.764102
2.77561
2.775083
2.786026
2.80104
0
0
0
0
0
7.30573
7.261913
7.212647
7.157377
7.095438
2.775244
2.786755
2.799029
2.81009
2.810667
0
0
0
0
0
7.229398
7.18948
7.144504
7.094123
7.037648
2.776347
2.794009
2.80827
2.815673
2.821881
0
0
0
0
0
7.189996
7.15361
7.112537
7.066463
7.014858
2.780136
2.796506
2.799915
2.820503
2.822035
0
0
0
0
0
7.188775
7.155491
7.117885
7.075631
7.028242
2.786444
2.798236
2.802805
2.818898
2.815022
0
0
0
0
0
7.225923
7.195379
7.160794
7.121894
7.078195
2.786119
2.79569
2.798461
2.820965
2.824702
0
0
0
0
0
7.302142
7.274015
7.242085
7.206154
7.165714
2.779244
2.789184
2.798713
2.799257
2.810998
0
0
0
0
0
7.418541
7.392603
7.363088
7.329751
7.292202
2.773538
2.789583
2.787924
2.799858
0
0
0
0
0
7.574839
7.551026
7.523759
7.49294
7.458079
2.75511
2.76237
2.767449
0
0
0
0
0
7.763999
7.742373
7.717486
7.689204
7.657161
2.731554
2.723845
0
0
0
0
0
7.961244
7.941895
7.919556
7.894022
7.864952
2.714022
0
0
0
0
0
8.119022
8.101603
8.08129
8.057995
8.031324
0
0
0
0
0
8.230088
8.214377
8.19585
8.174453
8.149878
0
0
0
0
8.30327
8.289065
8.272216
8.252579
8.229895
0
0
0
8.347286
8.334706
8.31935
8.301377
8.280444
2.673223
2.687031
2.685851
2.691211
2.688149
0
0
0
0
0
7.6264
7.55734
7.479429
7.39174
7.292843
2.683724
2.686869
2.685665
2.696943
2.697941
0
0
0
0
0
7.672301
7.60956
7.538937
7.459491
7.370029
2.688369
2.689491
2.701044
2.700283
2.702318
0
0
0
0
0
7.684522
7.627392
7.563054
7.490846
7.4096
2.691353
2.70928
2.713505
2.712888
2.711944
0
0
0
0
0
7.656004
7.603853
7.545181
7.479344
7.405405
2.717423
2.712312
2.72132
2.738466
2.732709
0
0
0
0
0
7.579532
7.531847
7.478195
7.418044
7.350543
2.74048
2.748783
2.761944
2.781278
2.785175
0
0
0
0
0
7.462971
7.419153
7.369843
7.314524
7.252497
2.76317
2.773001
2.785824
2.784671
2.78864
0
0
0
0
0
7.352738
7.312644
7.26747
7.216859
7.160071
2.777045
2.785886
2.796452
2.810858
2.81241
0
0
0
0
0
7.27266
7.236107
7.194847
7.148548
7.09667
2.787824
2.785739
2.80557
2.821746
2.819188
0
0
0
0
0
7.229986
7.19661
7.158904
7.116529
7.068987
2.789975
2.790655
2.808179
2.812898
2.824509
0
0
0
0
0
7.225936
7.195374
7.160788
7.121899
7.078196
2.779284
2.795582
2.811013
2.817939
2.822208
0
0
0
0
0
7.260643
7.232577
7.200743
7.164887
7.124554
2.775815
2.796055
2.806124
2.811827
2.824172
0
0
0
0
0
7.334784
7.308921
7.279511
7.246318
7.208959
2.787558
2.800707
2.810886
2.80154
0
0
0
0
0
7.449335
7.425531
7.398314
7.367543
7.332783
2.78387
2.803033
2.790053
0
0
0
0
0
7.603992
7.582163
7.557083
7.528572
7.496339
2.763998
2.763007
0
0
0
0
0
7.791652
7.771837
7.748983
7.72289
7.693228
2.732504
0
0
0
0
0
7.987294
7.969728
7.949223
7.925754
7.898915
0
0
0
0
0
8.143481
8.127707
8.10914
8.087706
8.063115
0
0
0
0
8.253035
8.238779
8.221912
8.202254
8.17955
0
0
0
8.32454
8.311946
8.296574
8.278588
8.257637
0
0
8.367779
8.355967
8.342222
8.325727
8.306441
2.681214
2.685146
2.690271
2.693451
2.689567
0
0
0
0
0
7.696513
7.63392
7.563439
7.484114
7.394812
2.684782
2.687314
2.683314
2.688964
2.696037
0
0
0
0
0
7.736897
7.679953
7.615824
7.543821
7.462799
2.700876
2.696581
2.694615
2.707645
2.698812
0
0
0
0
0
7.744303
7.692319
7.633836
7.568158
7.494416
2.697143
2.696672
2.715609
2.721741
2.710477
0
0
0
0
0
7.711449
7.66392
7.610455
7.550481
7.483153
2.712282
2.716593
2.717216
2.732944
2.738484
0
0
0
0
0
7.630876
7.587385
7.538406
7.483474
7.421858
2.741077
2.749138
2.758082
2.775841
2.783291
0
0
0
0
0
7.510413
7.470333
7.42518
7.374549
7.317728
2.768705
2.773497
2.784213
2.796733
2.785701
0
0
0
0
0
7.396432
7.359723
7.318288
7.271788
7.219676
2.778889
2.785709
2.797743
2.807727
2.813372
0
0
0
0
0
7.312955
7.279432
7.241553
7.198984
7.151206
2.785837
2.795287
2.796857
2.818825
2.825304
0
0
0
0
0
7.267287
7.236658
7.201976
7.162982
7.119153
2.784624
2.798692
2.805211
2.821337
2.816423
0
0
0
0
0
7.260652
7.232589
7.200737
7.164881
7.124558
2.778026
2.789135
2.806179
2.825073
2.822559
0
0
0
0
0
7.293143
7.267348
7.238003
7.20491
7.167633
2.786919
2.806719
2.817984
2.815224
0
0
0
0
0
7.365322
7.341611
7.314476
7.283815
7.249206
2.798449
2.813851
2.813623
0
0
0
0
0
7.478216
7.45637
7.431299
7.402836
7.370653
2.795418
2.806206
0
0
0
0
0
7.631391
7.61136
7.588274
7.561961
7.532049
2.764295
0
0
0
0
0
7.817588
7.799535
7.778501
7.75445
7.72699
0
0
0
0
0
8.011791
7.995824
7.97711
7.955484
7.93072
0
0
0
0
8.166547
8.152206
8.135295
8.115616
8.092895
0
0
0
8.274411
8.261766
8.246359
8.22837
8.207414
0
0
8.345132
8.333252
8.319499
8.302997
8.283705
0
8.385452
8.376495
8.363523
8.348647
8.330846
2.669361
2.681226
2.68694
2.695366
2.692521
0
0
0
0
0
7.760986
7.704143
7.640155
7.568287
7.487383
2.693833
2.68473
2.694561
2.68506
2.686824
0
0
0
0
0
7.796473
7.744652
7.686343
7.62086
7.54731
2.693848
2.70174
2.707233
2.702922
2.7058
0
0
0
0
0
7.799559
7.752195
7.698882
7.639082
7.571898
2.705141
2.703433
2.707746
2.723227
2.721263
0
0
0
0
0
7.762805
7.719455
7.670632
7.615889
7.55445
2.703874
2.71759
2.716432
2.726511
2.733958
0
0
0
0
0
7.67855
7.638814
7.594046
7.543807
7.487433
2.741316
2.747603
2.758574
2.767861
2.777361
0
0
0
0
0
7.554507
7.517849
7.476451
7.429996
7.377883
2.769191
2.775907
2.783918
2.795002
2.798467
0
0
0
0
0
7.437131
7.403482
7.365448
7.322703
7.274721
2.776755
2.78735
2.796286
2.810258
2.809969
0
0
0
0
0
7.350538
7.319787
7.284951
7.245778
7.201745
2.778608
2.794789
2.805745
2.809445
2.822249
0
0
0
0
0
7.302163
7.274014
7.242091
7.206134
7.1657
2.780172
2.792151
2.810143
2.81966
2.824949
0
0
0
0
0
7.293138
7.267356
7.238014
7.204905
7.167627
2.786691
2.800733
2.818299
2.829004
0
0
0
0
0
7.323581
7.299896
7.272832
7.242241
7.207736
2.800982
2.819063
2.820822
0
0
0
0
0
7.393986
7.372194
7.34722
7.318845
7.286781
2.80981
2.817182
0
0
0
0
0
7.505329
7.485295
7.462191
7.435884
7.406021
2.797595
0
0
0
0
0
7.657101
7.638802
7.617524
7.593214
7.565508
0
0
0
0
0
7.841973
7.825513
7.806249
7.784029
7.758621
0
0
0
0
8.034899
8.020362
8.003257
7.983429
7.960519
0
0
0
8.188006
8.175311
8.159841
8.141827
8.12087
0
0
8.295118
8.283177
8.269391
8.252869
8.23359
0
8.362809
8.353877
8.340846
8.325971
8.308169
8.404745
8.394196
8.38409
8.369993
8.353818
2.667723
2.671804
2.685754
2.68894
2.69373
0
0
0
0
0
7.820439
7.768717
7.710504
7.645155
7.571734
2.679515
2.69745
2.692737
2.699821
2.681655
0
0
0
0
0
7.851528
7.804323
7.751159
7.691519
7.624517
2.694491
2.696236
2.70521
2.71463
2.702452
0
0
0
0
0
7.850752
7.80754
7.758868
7.70426
7.642976
2.700376
2.706684
2.712409
2.716848
2.722457
0
0
0
0
0
7.810423
7.770894
7.72627
7.67619
7.620002
2.701022
2.714267
2.724469
2.722585
2.726883
0
0
0
0
0
7.722867
7.686565
7.645572
7.599563
7.547902
2.743163
2.750139
2.755175
2.768355
2.768659
0
0
0
0
0
7.595578
7.562012
7.524052
7.481369
7.433451
2.758875
2.77684
2.785826
2.79499
2.79665
0
0
0
0
0
7.475076
7.444243
7.409282
7.369954
7.325742
2.779272
2.786238
2.797265
2.808438
2.81305
0
0
0
0
0
7.385679
7.357426
7.325374
7.289258
7.248636
2.784159
2.786939
2.805666
2.817851
2.81253
0
0
0
0
0
7.334777
7.308941
7.27951
7.246325
7.20894
2.788965
2.80228
2.82268
2.823872
0
0
0
0
0
7.323579
7.29989
7.272841
7.242251
7.207732
2.798479
2.813781
2.821348
0
0
0
0
0
7.352114
7.330379
7.305435
7.277135
7.245145
2.815256
2.822176
0
0
0
0
0
7.420893
7.400901
7.377857
7.351651
7.321883
2.812105
0
0
0
0
0
7.53081
7.512449
7.491165
7.466835
7.439138
0
0
0
0
0
7.681275
7.664551
7.645013
7.622521
7.596828
0
0
0
0
7.865005
7.849937
7.832276
7.811834
7.788266
0
0
0
8.05635
8.043509
8.027841
8.009634
7.98853
0
0
8.208863
8.196807
8.182991
8.166426
8.147142
0
8.3128
8.303918
8.290843
8.27595
8.258146
8.382338
8.371583
8.36151
8.347364
8.331196
8.413521
8.401825
8.390604
8.375213
2.678509
2.675901
2.67916
2.690741
2.685668
0
0
0
0
0
7.875363
7.828264
7.775193
7.715644
7.648768
2.680357
2.696409
2.702658
2.702206
2.697726
0
0
0
0
0
7.902526
7.859466
7.810937
7.756466
7.695328
2.683815
2.697218
2.700651
2.708055
2.713161
0
0
0
0
0
7.898201
7.858817
7.814314
7.764367
7.708298
2.701142
2.703349
2.712143
2.720474
2.716527
0
0
0
0
0
7.854726
7.818591
7.777805
7.731942
7.680439
2.711354
2.713201
2.725275
2.732011
2.722338
0
0
0
0
0
7.764168
7.730956
7.693411
7.651196
7.603782
2.743544
2.75049
2.759982
2.763884
2.769149
0
0
0
0
0
7.633896
7.603148
7.568294
7.529065
7.484936
2.768837
2.766958
2.787696
2.796834
2.796882
0
0
0
0
0
7.510554
7.482246
7.450113
7.413872
7.373093
2.770597
2.789201
2.798022
2.808854
2.811122
0
0
0
0
0
7.418537
7.392618
7.363078
7.329758
7.292206
2.794066
2.797339
2.818378
2.820889
0
0
0
0
0
7.365339
7.341604
7.314496
7.283814
7.249213
2.800116
2.814221
2.826008
0
0
0
0
0
7.352107
7.330377
7.305429
7.277144
7.245154
2.811146
2.817163
0
0
0
0
0
7.37891
7.358954
7.335969
7.309799
7.28011
2.819415
0
0
0
0
0
7.446208
7.427848
7.406612
7.382347
7.354757
0
0
0
0
0
7.554754
7.537969
7.518367
7.495864
7.470154
0
0
0
0
7.704111
7.688763
7.670809
7.650065
7.626199
0
0
0
7.886344
7.873007
7.856745
7.837915
7.816133
0
0
8.077344
8.064997
8.051034
8.03427
8.014797
0
8.226484
8.2177
8.204528
8.189625
8.171798
8.332824
8.32163
8.311624
8.297448
8.281282
8.391146
8.37925
8.36807
8.35264
8.421186
8.408376
8.395873
2.681967
2.688491
2.688285
2.687588
2.689108
0
0
0
0
0
7.926237
7.883276
7.834847
7.780462
7.719409
2.680258
2.685121
2.704107
2.705485
2.70182
0
0
0
0
0
7.949817
7.910545
7.86618
7.816364
7.760417
2.676623
2.691577
2.701785
2.70506
2.70472
0
0
0
0
0
7.942382
7.906343
7.865684
7.819926
7.768539
2.693633
2.713433
2.709162
2.719656
2.719724
0
0
0
0
0
7.896016
7.862968
7.825591
7.783582
7.736315
2.712948
2.719197
2.723641
2.733517
2.731663
0
0
0
0
0
7.802673
7.772324
7.737886
7.699134
7.655534
2.743034
2.750195
2.757908
2.769841
2.764174
0
0
0
0
0
7.669702
7.641526
7.609504
7.573395
7.532736
2.761279
2.775436
2.778077
2.799441
2.798684
0
0
0
0
0
7.543743
7.517778
7.488183
7.454781
7.417103
2.781344
2.798845
2.810741
2.811263
0
0
0
0
0
7.449336
7.425527
7.398329
7.367533
7.33279
2.804861
2.809803
2.821555
0
0
0
0
0
7.39399
7.372211
7.347214
7.318865
7.286779
2.813454
2.817031
0
0
0
0
0
7.378915
7.358947
7.335967
7.309793
7.280119
2.814299
0
0
0
0
0
7.404123
7.38579
7.364593
7.34039
7.312841
0
0
0
0
0
7.46994
7.453201
7.433606
7.411156
7.385517
0
0
0
0
7.577383
7.561949
7.543931
7.52312
7.499244
0
0
0
7.725248
7.711634
7.695063
7.675912
7.653804
0
0
7.907338
7.89438
7.879857
7.862434
7.842274
0
8.094823
8.086027
8.072563
8.057513
8.039491
8.247204
8.235351
8.225462
8.211209
8.195053
8.341688
8.32937
8.318274
8.30283
8.39885
8.385848
8.373393
8.427777
8.413686
2.673935
2.681833
2.694749
2.69408
2.687566
0
0
0
0
0
7.973434
7.934231
7.889959
7.840235
7.784368
2.686657
2.694285
2.692541
2.706844
2.701921
0
0
0
0
0
7.993846
7.957912
7.917351
7.871717
7.820446
2.694332
2.684848
2.703977
2.706794
2.702363
0
0
0
0
0
7.983506
7.950596
7.9133
7.8714
7.824221
2.694228
2.70267
2.718306
2.717089
2.719271
0
0
0
0
0
7.934508
7.904325
7.870052
7.831469
7.788072
2.696747
2.713358
2.727806
2.732679
2.733139
0
0
0
0
0
7.838694
7.810894
7.779332
7.743701
7.70358
2.746886
2.750259
2.758434
2.766518
2.770434
0
0
0
0
0
7.703209
7.67739
7.647952
7.614689
7.577163
2.770482
2.784236
2.790174
2.801674
0
0
0
0
0
7.574835
7.551019
7.523777
7.492926
7.458099
2.795588
2.810509
2.813684
0
0
0
0
0
7.478226
7.456371
7.431295
7.402852
7.370643
2.816817
2.812904
0
0
0
0
0
7.420885
7.400906
7.377873
7.351645
7.321903
2.817123
0
0
0
0
0
7.404107
7.385795
7.364586
7.340389
7.312836
0
0
0
0
0
7.427761
7.41104
7.391475
7.369068
7.343495
0
0
0
0
7.492423
7.476968
7.459001
7.438202
7.414386
0
0
0
7.598301
7.584612
7.567951
7.548733
7.526559
0
0
7.746137
7.732804
7.717976
7.700214
7.679707
0
7.924545
7.915409
7.90127
7.885594
7.866849
8.116325
8.103535
8.093634
8.07909
8.062789
8.256107
8.243148
8.232188
8.216688
8.349467
8.336058
8.323704
8.40549
8.391212
8.433131
2.670714
2.678613
2.686673
2.695764
2.691456
0
0
0
0
0
8.017367
7.981504
7.941005
7.895457
7.844271
2.687226
2.689345
2.699241
2.700376
2.703774
0
0
0
0
0
8.034803
8.002012
7.964806
7.922992
7.875921
2.683407
2.699663
2.698771
2.711462
2.705368
0
0
0
0
0
8.02188
7.991788
7.957634
7.919115
7.875808
2.700467
2.701763
2.711816
2.722895
2.716999
0
0
0
0
0
7.970509
7.942882
7.911487
7.876023
7.836068
2.712094
2.710719
2.719648
2.736533
2.73263
0
0
0
0
0
7.872373
7.846973
7.817974
7.785233
7.748249
2.752694
2.758975
2.768233
2.766807
0
0
0
0
0
7.734569
7.710951
7.683881
7.653213
7.618548
2.780384
2.794578
2.792522
0
0
0
0
0
7.604003
7.582159
7.557076
7.528591
7.496325
2.810212
2.813039
0
0
0
0
0
7.505327
7.485305
7.462192
7.435881
7.406036
2.819771
0
0
0
0
0
7.446203
7.427841
7.406616
7.382362
7.35475
0
0
0
0
0
7.427751
7.411024
7.391479
7.369062
7.343494
0
0
0
0
7.450132
7.434713
7.416767
7.396002
7.372233
0
0
0
7.513164
7.499485
7.48281
7.463645
7.441489
0
0
7.61906
7.605561
7.590655
7.5728
7.552226
0
7.763029
7.753726
7.739184
7.723173
7.704062
7.946799
7.932643
7.922338
7.907052
7.890061
8.125074
8.111176
8.100206
8.084417
8.263944
8.249913
8.237717
8.356198
8.341529
8.4109
2.668888
2.674626
2.687512
2.693734
2.690546
0
0
0
0
0
8.058235
8.025507
7.988365
7.946606
7.899613
2.679114
2.691458
2.697083
2.70382
2.699588
0
0
0
0
0
8.073029
8.043037
8.008986
7.970543
7.927308
2.676382
2.69133
2.703227
2.7089
2.710107
0
0
0
0
0
8.057745
8.030224
7.998903
7.96354
7.923631
2.687358
2.712094
2.708639
2.720763
2.720707
0
0
0
0
0
8.004165
7.978943
7.950116
7.917544
7.880725
2.718254
2.721674
2.727256
2.736552
0
0
0
0
0
7.903896
7.880709
7.854121
7.823957
7.789875
2.759838
2.768753
2.769106
0
0
0
0
0
7.764019
7.742362
7.717504
7.689216
7.657157
2.791681
2.79611
0
0
0
0
0
7.631379
7.611371
7.588271
7.561955
7.532067
2.813874
0
0
0
0
0
7.530825
7.512447
7.491176
7.466837
7.439135
0
0
0
0
0
7.469924
7.453196
7.433598
7.41116
7.385532
0
0
0
0
7.450133
7.434703
7.416752
7.396006
7.372227
0
0
0
7.470808
7.457119
7.440481
7.421342
7.399224
0
0
7.533827
7.520258
7.505365
7.4875
7.466984
0
7.635676
7.626353
7.611641
7.595549
7.576343
7.78575
7.770645
7.760143
7.744423
7.727072
7.954934
7.939605
7.928164
7.911568
8.132759
8.117785
8.105584
8.270754
8.255484
8.361717
2.681652
2.681337
2.683622
2.695713
2.693266
0
0
0
0
0
8.096365
8.066442
8.032448
7.994061
7.950876
2.687161
2.682108
2.697793
2.703837
2.701584
0
0
0
0
0
8.108758
8.081324
8.050088
8.014813
7.974965
2.675826
2.687216
2.698672
2.709212
2.708778
0
0
0
0
0
8.091299
8.066149
8.037411
8.004895
7.968156
2.701284
2.713766
2.717748
2.720298
0
0
0
0
0
8.035694
8.012656
7.986245
7.956255
7.922339
2.72592
2.735259
2.726474
0
0
0
0
0
7.933501
7.912285
7.887921
7.860179
7.828688
2.769364
2.76963
0
0
0
0
0
7.791637
7.771858
7.748972
7.722907
7.693241
2.79365
0
0
0
0
0
7.657112
7.63879
7.617535
7.59321
7.565504
0
0
0
0
0
7.554726
7.537983
7.518365
7.495875
7.470156
0
0
0
0
7.492416
7.476953
7.458997
7.438195
7.414389
0
0
0
7.470807
7.45712
7.440472
7.421328
7.399227
0
0
7.491417
7.477825
7.462926
7.445101
7.424616
0
7.550237
7.540952
7.526174
7.510099
7.49089
7.658613
7.642994
7.632469
7.616575
7.599142
7.7934
7.777093
7.765425
7.748368
7.961937
7.945466
7.932729
8.139417
8.123204
8.276375
2.678221
2.686554
2.690551
2.692655
2.69528
0
0
0
0
0
8.132016
8.104634
8.073458
8.038234
7.998435
2.676375
2.68769
2.690701
2.702186
2.702457
0
0
0
0
0
8.142197
8.117112
8.088445
8.055999
8.019333
2.684742
2.694546
2.704921
2.708123
0
0
0
0
0
8.122718
8.099758
8.073402
8.043482
8.009604
2.714065
2.718429
2.717116
0
0
0
0
0
8.065282
8.044238
8.020023
7.992458
7.961139
2.736028
2.736917
0
0
0
0
0
7.961256
7.941939
7.919558
7.894051
7.864993
2.770039
0
0
0
0
0
7.817609
7.79952
7.778522
7.754441
7.727007
0
0
0
0
0
7.681269
7.664563
7.645002
7.622532
7.596826
0
0
0
0
7.577366
7.561922
7.543945
7.523117
7.499254
0
0
0
7.513173
7.499478
7.482794
7.463641
7.441482
0
0
7.491404
7.477824
7.462927
7.445092
7.424603
0
7.507705
7.498464
7.483668
7.46759
7.448425
7.573286
7.557386
7.546904
7.530948
7.513536
7.665967
7.64914
7.637445
7.620213
7.799889
7.782409
7.769417
7.967847
7.950071
8.14489
2.679333
2.677504
2.690373
2.694424
2.692436
0
0
0
0
0
8.165375
8.140342
8.111721
8.079328
8.042704
2.682956
2.69096
2.697853
2.699146
0
0
0
0
0
8.173487
8.150606
8.1243
8.094436
8.060612
2.696138
2.702104
2.70364
0
0
0
0
0
8.152192
8.131231
8.107075
8.079548
8.048278
2.721658
2.716151
0
0
0
0
0
8.093004
8.073874
8.051666
8.026309
7.997425
2.7364
0
0
0
0
0
7.987335
7.969741
7.949268
7.925756
7.898943
0
0
0
0
0
7.841988
7.825534
7.806235
7.784051
7.758612
0
0
0
0
7.704105
7.688757
7.670821
7.650054
7.626211
0
0
0
7.598299
7.584596
7.567926
7.548747
7.526555
0
0
7.533818
7.520267
7.505357
7.487485
7.46698
0
7.507702
7.498452
7.483667
7.46759
7.448416
7.53081
7.514777
7.504341
7.488371
7.470962
7.580471
7.563366
7.551718
7.53443
7.672153
7.654148
7.641127
7.805252
7.786438
7.972505
2.680766
2.680834
2.692611
2.691198
0
0
0
0
0
8.19659
8.173756
8.147495
8.117669
8.083891
2.691786
2.696895
2.696892
0
0
0
0
0
8.202841
8.181948
8.157856
8.130364
8.099135
2.705398
2.700178
0
0
0
0
0
8.179819
8.160753
8.138607
8.113292
8.084427
2.720268
0
0
0
0
0
8.119086
8.101644
8.081358
8.058019
8.031356
0
0
0
0
0
8.011827
7.995864
7.977123
7.955528
7.930723
0
0
0
0
7.865025
7.849952
7.832297
7.811821
7.788288
0
0
0
7.725248
7.711629
7.695058
7.675925
7.653792
0
0
7.619053
7.60556
7.590639
7.572776
7.552239
0
7.550217
7.540943
7.526183
7.51009
7.490876
7.530805
7.514773
7.504329
7.48837
7.470962
7.537916
7.520682
7.509084
7.491786
7.586492
7.568212
7.555244
7.677208
7.657867
7.809333
2.684924
2.685897
2.689234
0
0
0
0
0
8.225859
8.205022
8.180971
8.153516
8.122318
2.697966
2.695518
0
0
0
0
0
8.23036
8.211349
8.189256
8.163989
8.135144
2.705503
0
0
0
0
0
8.205792
8.188426
8.168185
8.14489
8.118247
0
0
0
0
0
8.143526
8.12777
8.109182
8.087773
8.063138
0
0
0
0
8.034946
8.020397
8.003298
7.983443
7.960563
0
0
0
7.886382
7.873027
7.856759
7.837936
7.816121
0
0
7.74616
7.732805
7.717971
7.700209
7.679719
0
7.635653
7.626347
7.61164
7.595533
7.57632
7.573278
7.557366
7.546894
7.530957
7.513527
7.537911
7.520678
7.509073
7.491786
7.543862
7.525457
7.512543
7.591383
7.571773
7.680979
2.689962
2.684142
0
0
0
0
0
8.253333
8.234339
8.212295
8.18706
8.158245
2.696348
0
0
0
0
0
8.256225
8.238915
8.218713
8.195455
8.168844
0
0
0
0
0
8.230137
8.214442
8.195911
8.174529
8.149917
0
0
0
0
8.16662
8.152251
8.135357
8.115657
8.092961
0
0
0
8.056425
8.043557
8.027877
8.009675
7.988543
0
0
7.90738
7.894418
7.879878
7.862449
7.842295
0
7.763029
7.753749
7.739185
7.723168
7.704057
7.658597
7.642972
7.632463
7.616574
7.599125
7.580463
7.563346
7.551708
7.534439
7.543857
7.525452
7.512532
7.548682
7.52895
7.594996
2.68797
0
0
0
0
0
8.279131
8.261859
8.241667
8.21845
8.191864
0
0
0
0
0
8.280471
8.264822
8.246331
8.224972
8.200381
0
0
0
0
8.253126
8.238829
8.221976
8.202314
8.179624
0
0
0
8.188076
8.175385
8.159886
8.141888
8.120911
0
0
8.077417
8.065072
8.051082
8.034306
8.014838
0
7.924563
7.91545
7.901308
7.885615
7.866863
7.785738
7.770644
7.760166
7.744425
7.727067
7.665951
7.649118
7.637439
7.620211
7.586484
7.568192
7.555235
7.548677
7.528945
7.552227
0
0
0
0
0
8.303309
8.287699
8.269237
8.247882
8.223325
0
0
0
0
8.303358
8.289108
8.272286
8.252649
8.229966
0
0
0
8.274511
8.261857
8.24641
8.228434
8.207473
0
0
8.208959
8.196877
8.183065
8.166471
8.147203
0
8.094862
8.086099
8.072638
8.057562
8.039526
7.946827
7.932662
7.922379
7.907089
7.890082
7.793389
7.777092
7.765447
7.74837
7.672137
7.654126
7.641122
7.591376
7.571752
7.552222
0
0
0
0
8.326147
8.311917
8.295126
8.27551
8.252824
0
0
0
8.324668
8.312033
8.296619
8.278658
8.257706
0
0
8.295226
8.283277
8.269482
8.25292
8.233653
0
8.226561
8.217796
8.204599
8.189699
8.171844
8.116404
8.103575
8.093706
8.079163
8.062837
7.954962
7.939623
7.928205
7.911604
7.799878
7.782407
7.769439
7.677192
7.657845
7.594988
0
0
0
8.347392
8.334792
8.31939
8.301452
8.280515
0
0
8.345228
8.333379
8.319587
8.303042
8.283773
0
8.312873
8.304026
8.290943
8.276041
8.258196
8.247288
8.235429
8.225557
8.211279
8.195127
8.125153
8.111217
8.100277
8.084489
7.961965
7.945485
7.93277
7.805241
7.786436
7.680962
0
0
8.367893
8.356074
8.342308
8.325767
8.306515
0
8.362905
8.353974
8.340973
8.326058
8.308214
8.332913
8.321704
8.311732
8.297547
8.281372
8.256192
8.243225
8.232283
8.216758
8.132836
8.117827
8.105653
7.967874
7.950088
7.809322
0
8.385566
8.376609
8.36363
8.348733
8.330886
8.38244
8.371681
8.361608
8.347489
8.331284
8.341779
8.329444
8.318381
8.302928
8.264029
8.249989
8.23781
8.139493
8.123246
7.972531
8.40485
8.39431
8.384204
8.370101
8.353903
8.391249
8.379347
8.368168
8.352763
8.349558
8.336132
8.32381
8.270839
8.25556
8.144963
8.413626
8.401938
8.390717
8.375321
8.398953
8.385945
8.373491
8.356289
8.341604
8.276459
8.421291
8.408488
8.395984
8.405593
8.391309
8.361808
8.427883
8.413796
8.411003
8.433236
)
;

boundaryField
{
    cathodeSides
    {
        type            zeroGradient;
    }
    electrolyteSides
    {
        type            zeroGradient;
    }
    anodeSides
    {
        type            zeroGradient;
    }
    phiI_to_phiI0
    {
        type            zeroGradient;
    }
}


// ************************************************************************* //
