/*--------------------------------*- C++ -*----------------------------------*\
| =========                 |                                                 |
| \\      /  F ield         | OpenFOAM: The Open Source CFD Toolbox           |
|  \\    /   O peration     | Version:  2312                                  |
|   \\  /    A nd           | Website:  www.openfoam.com                      |
|    \\/     M anipulation  |                                                 |
\*---------------------------------------------------------------------------*/
FoamFile
{
    version     2.0;
    format      ascii;
    arch        "LSB;label=32;scalar=64";
    class       volScalarField;
    location    "80/phiI";
    object      act;
}
// * * * * * * * * * * * * * * * * * * * * * * * * * * * * * * * * * * * * * //

dimensions      [0 0 0 0 0 0 0];

internalField   nonuniform List<scalar> 
12000
(
2.528797
2.533775
2.52295
2.531762
2.53778
2.531379
2.535517
2.523409
2.52603
2.535577
2.544849
2.534987
2.540377
2.530722
2.533351
2.539474
2.526084
2.527368
2.531411
2.534152
2.554428
2.541141
2.548489
2.534293
2.53774
2.545183
2.530096
2.532801
2.537412
2.538951
2.528088
2.527308
2.532766
2.531653
2.52632
2.573383
2.549856
2.559789
2.540308
2.545035
2.554472
2.533479
2.537065
2.542668
2.545447
2.529397
2.532165
2.536951
2.537035
2.531656
2.526579
2.52992
2.530244
2.532593
2.524588
0
2.599132
2.563159
2.581234
2.54887
2.55551
2.567642
2.53941
2.54427
2.551195
2.555709
2.533052
2.536326
2.542024
2.542996
2.538559
2.528962
2.531626
2.536365
2.536617
2.529816
0
2.521839
2.528698
2.533699
2.52879
2.525282
0
0
2.633128
2.590293
2.610122
2.56182
2.571211
2.591908
2.547782
2.554628
2.563563
2.570518
2.538813
2.543413
2.550475
2.552579
2.549379
2.532343
2.535956
2.541284
2.542357
2.536161
0
2.528256
2.531043
2.535947
2.536014
2.529416
0
0
2.523803
2.523194
2.532839
2.532946
2.521075
0
0
0
2.641838
2.624294
2.647208
2.588907
2.601501
2.624301
2.56046
2.570062
2.581875
2.597313
2.546994
2.553616
2.562762
2.566578
2.565186
2.53794
2.542907
2.549648
2.551875
2.546359
0
2.531554
2.535247
2.540982
2.541607
2.535528
0
0
2.527944
2.530408
2.535298
2.535711
2.528808
0
0
0
2.520211
2.52574
2.527665
2.532384
2.52553
0
0
0
0
2.646922
2.634295
2.657811
2.622541
2.638687
2.664944
2.587361
2.6004
2.615712
2.632857
2.559367
2.568803
2.58089
2.587136
2.593551
2.545995
2.552918
2.561801
2.565819
2.561357
0
2.537195
2.542068
2.549205
2.551055
2.545667
0
0
2.531229
2.534502
2.540285
2.541338
2.534776
0
0
0
2.52736
2.530163
2.534611
2.535002
2.528558
0
0
0
0
2.525345
2.522152
2.530213
2.528056
2.525102
0
0
0
0
0
2.646901
2.639412
2.663777
2.632109
2.650688
2.677484
2.621186
2.63726
2.656536
2.676829
2.585995
2.598972
2.614862
2.624122
2.630977
2.558142
2.567808
2.579694
2.586294
2.583354
0
2.545166
2.55196
2.561169
2.564873
2.560624
0
0
2.536714
2.541347
2.548379
2.550645
2.544855
0
0
0
2.530701
2.534138
2.539546
2.540634
2.534524
0
0
0
0
2.527244
2.529454
2.53442
2.534281
2.527829
0
0
0
0
0
2.525186
2.527481
2.527613
2.529799
2.521271
0
0
0
0
0
3.200276
2.641791
2.639448
2.663756
2.636913
2.65671
2.684372
2.630898
2.648803
2.67059
2.691088
2.619657
2.636083
2.655382
2.668281
2.67692
2.58458
2.597727
2.613504
2.62347
2.622205
0
2.557165
2.566637
2.578771
2.585117
2.582603
0
0
2.544533
2.551174
2.56023
2.564277
2.559694
0
0
0
2.536182
2.540855
2.547671
2.549813
2.544464
0
0
0
0
2.530462
2.533708
2.539142
2.53989
2.533819
0
0
0
0
0
2.526638
2.529504
2.533627
2.534127
2.527094
0
0
0
0
0
3.137363
2.524145
2.526729
2.531379
2.528423
2.522486
0
0
0
0
0
3.703518
3.208465
2.633198
2.634285
2.657761
2.636962
2.656748
2.684357
2.635715
2.654525
2.677552
2.698812
2.62941
2.647811
2.668948
2.684142
2.692268
2.618328
2.634683
2.654333
2.667303
2.668323
0
2.58345
2.596377
2.612343
2.622128
2.62167
0
0
2.556357
2.565714
2.577626
2.584226
2.581443
0
0
0
2.543962
2.550556
2.559471
2.563336
2.55912
0
0
0
0
2.535795
2.540364
2.547161
2.549105
2.543634
0
0
0
0
0
2.530022
2.533402
2.538771
2.539447
2.533076
0
0
0
0
0
3.007214
2.526247
2.528947
2.533742
2.533201
2.526951
0
0
0
0
0
3.646071
3.145416
2.520885
2.526168
2.530303
2.530641
2.521715
0
0
0
0
0
4.158115
3.713749
3.213854
2.599088
2.62429
2.647275
2.632042
2.650677
2.677433
2.635729
2.654574
2.677591
2.698804
2.63415
2.653548
2.675613
2.691943
2.700527
2.627976
2.646454
2.668122
2.682621
2.685318
0
2.617175
2.633441
2.653017
2.66633
2.667452
0
0
2.582498
2.595306
2.611025
2.621002
2.620346
0
0
0
2.555662
2.564935
2.576735
2.583083
2.580578
0
0
0
0
2.543463
2.550013
2.558855
2.562584
2.558185
0
0
0
0
0
2.535317
2.539967
2.546698
2.54857
2.542931
0
0
0
0
0
2.802611
2.529689
2.532932
2.538422
2.539108
2.532617
0
0
0
0
0
3.525544
3.014978
2.525861
2.528785
2.533061
2.533294
2.525969
0
0
0
0
0
4.100478
3.656204
3.150678
2.521367
2.524006
2.529472
2.529261
2.523216
0
0
0
0
0
4.519772
4.170212
3.721415
3.216461
2.573349
2.590277
2.610069
2.622536
2.638685
2.665009
2.630908
2.648732
2.670579
2.691034
2.634192
2.653562
2.675664
2.691984
2.700524
2.632778
2.652119
2.674802
2.69012
2.693655
0
2.626822
2.645113
2.666845
2.681906
2.68388
0
0
2.616183
2.632358
2.651828
2.665039
2.666526
0
0
0
2.581641
2.594395
2.609988
2.619682
2.619248
0
0
0
0
2.555035
2.564265
2.575969
2.582201
2.579444
0
0
0
0
0
2.542932
2.549524
2.558325
2.561958
2.557443
0
0
0
0
0
2.53829
2.534961
2.539488
2.546281
2.548119
2.542386
0
0
0
0
0
3.33433
2.809994
2.529392
2.532644
2.537925
2.538722
2.532292
0
0
0
0
0
3.978444
3.535461
3.019967
2.526317
2.528159
2.533127
2.532566
2.526039
0
0
0
0
0
4.461337
4.112489
3.663792
3.153166
2.524646
2.521388
2.52898
2.52802
2.521746
0
0
0
0
0
4.808574
4.53337
4.179948
3.726518
3.216089
2.554384
2.56316
2.581192
2.588795
2.601483
2.624237
2.62118
2.637262
2.656537
2.676893
2.629332
2.647816
2.668872
2.68413
2.692214
2.632742
2.652169
2.674815
2.690172
2.693697
0
2.631595
2.650851
2.673455
2.689406
2.691914
0
0
2.625864
2.644033
2.665558
2.68065
2.683224
0
0
0
2.615362
2.631413
2.650784
2.663856
2.665256
0
0
0
0
2.580889
2.59356
2.609096
2.618649
2.617934
0
0
0
0
0
2.554399
2.563654
2.575306
2.58143
2.578573
0
0
0
0
0
2.247043
2.542507
2.548999
2.557836
2.561428
2.556816
0
0
0
0
0
3.073051
2.544762
2.534571
2.539141
2.545796
2.547679
2.541942
0
0
0
0
0
3.782001
3.34384
2.814695
2.529247
2.532344
2.537635
2.5382
2.531892
0
0
0
0
0
4.336899
3.990259
3.542874
3.022198
2.526206
2.528542
2.532345
2.532712
2.525295
0
0
0
0
0
4.74947
4.474859
4.122161
3.668836
3.152687
2.522494
2.52561
2.52411
2.528619
2.520299
0
0
0
0
0
5.038858
4.823385
4.544772
4.187312
3.728848
2.544833
2.549892
2.55974
2.561684
2.571209
2.591856
2.587302
2.600285
2.615694
2.632784
2.619629
2.63608
2.65539
2.668285
2.676983
2.628029
2.646376
2.668122
2.682542
2.685307
0
2.631566
2.650814
2.673513
2.689419
2.691966
0
0
2.630581
2.649741
2.672248
2.688083
2.691251
0
0
0
2.625021
2.643137
2.664518
2.679365
2.68199
0
0
0
0
2.614591
2.630627
2.649861
2.662814
2.664083
0
0
0
0
0
2.580144
2.592826
2.608262
2.617752
2.616911
0
0
0
0
0
2.012521
2.553857
2.563028
2.574701
2.58076
2.577805
0
0
0
0
0
2.7734
2.252183
2.5421
2.548586
2.557307
2.560931
2.556288
0
0
0
0
0
3.508492
3.081757
2.548527
2.53449
2.53876
2.545452
2.547184
2.541496
0
0
0
0
0
4.134693
3.793414
3.350903
2.816713
2.529207
2.532231
2.537376
2.537907
2.531361
0
0
0
0
0
4.622987
4.350237
3.999781
3.547785
3.021478
2.525859
2.528348
2.532763
2.531898
2.525465
0
0
0
0
0
4.979145
4.764211
4.486207
4.129482
3.671127
2.524473
2.524843
2.528599
2.523047
2.521272
0
0
0
0
0
5.226041
5.054642
4.836129
4.553954
4.192077
2.537882
2.541197
2.548451
2.548743
2.555532
2.567585
2.560351
2.56992
2.581871
2.597252
2.585846
2.598914
2.614742
2.624103
2.630899
2.618308
2.634661
2.654331
2.667317
2.668329
0
2.626836
2.645177
2.666767
2.681901
2.6838
0
0
2.630586
2.64971
2.672211
2.688148
2.691263
0
0
0
2.629712
2.648791
2.671176
2.686883
2.68995
0
0
0
0
2.624299
2.642339
2.663656
2.678323
2.680712
0
0
0
0
0
2.613919
2.629876
2.649089
2.661882
2.663047
0
0
0
0
0
1.851313
2.579499
2.592092
2.60753
2.616902
2.616017
0
0
0
0
0
2.527398
2.016723
2.553348
2.562497
2.574071
2.580147
2.577135
0
0
0
0
0
3.189703
2.780821
2.254558
2.541925
2.548186
2.556899
2.560391
2.55579
0
0
0
0
0
3.850151
3.519041
3.088054
2.549595
2.534361
2.5387
2.545068
2.546837
2.540998
0
0
0
0
0
4.415927
4.147631
3.802598
3.355522
2.815856
2.528941
2.532175
2.537256
2.537674
2.531068
0
0
0
0
0
4.850903
4.637554
4.36145
4.006997
3.549986
2.525465
2.52793
2.532495
2.532402
2.524653
0
0
0
0
0
5.165889
4.994865
4.776909
4.495358
4.134228
2.522857
2.526299
2.529224
2.52721
2.515646
0
0
0
0
0
5.381135
5.242623
5.068463
4.846774
4.560677
2.533088
2.535072
2.540381
2.540194
2.545071
2.55443
2.547664
2.554491
2.563577
2.570453
2.55917
2.56869
2.580738
2.587131
2.593485
2.584608
2.597576
2.613445
2.623345
2.622187
0
2.617155
2.63343
2.653002
2.66633
2.667469
0
0
2.625873
2.644049
2.665633
2.680573
2.683218
0
0
0
2.629721
2.648793
2.671143
2.686845
2.69002
0
0
0
0
2.628994
2.647966
2.670262
2.685804
2.688758
0
0
0
0
0
2.623587
2.641642
2.662882
2.677461
2.679674
0
0
0
0
0
1.753099
2.613292
2.629227
2.648338
2.661099
2.662114
0
0
0
0
0
2.352497
1.854959
2.578912
2.591457
2.60679
2.616156
2.615162
0
0
0
0
0
2.909434
2.533732
2.018209
2.553048
2.561991
2.573539
2.579505
2.576522
0
0
0
0
0
3.515545
3.198697
2.785844
2.254183
2.54172
2.548031
2.556496
2.559979
2.555248
0
0
0
0
0
4.122057
3.86217
3.527406
3.091944
2.547782
2.534071
2.538584
2.545031
2.546444
2.540651
0
0
0
0
0
4.639741
4.430092
4.158508
3.809539
3.357496
2.528546
2.531951
2.537201
2.537552
2.53085
0
0
0
0
0
5.036242
4.866456
4.650129
4.370513
4.011687
2.525268
2.527736
2.532115
2.532076
2.525197
0
0
0
0
0
5.320577
5.18241
5.008646
4.787532
4.502075
2.520431
2.524113
2.52979
2.528479
2.519546
0
0
0
0
0
5.511465
5.39838
5.257327
5.080282
4.855073
2.530264
2.53157
2.534952
2.534131
2.537767
2.545187
2.539266
2.54414
2.551207
2.555662
2.546796
2.553502
2.562611
2.566586
2.565117
2.558144
2.567604
2.579576
2.586134
2.583348
0
2.58338
2.596417
2.612189
2.622069
2.621543
0
0
2.616196
2.632332
2.651825
2.665028
2.666527
0
0
0
2.624975
2.643142
2.664537
2.679449
2.681913
0
0
0
0
2.629016
2.647972
2.67026
2.685768
2.68872
0
0
0
0
0
2.628318
2.647278
2.669455
2.684888
2.68768
0
0
0
0
0
1.706887
2.622986
2.640957
2.662188
2.676678
2.678815
0
0
0
0
0
2.242766
1.756438
2.612742
2.628613
2.647695
2.660328
2.661329
0
0
0
0
0
2.720204
2.358162
1.855973
2.578477
2.590872
2.606151
2.615397
2.614413
0
0
0
0
0
3.226061
2.917435
2.537668
2.017002
2.552761
2.561709
2.573025
2.578962
2.575877
0
0
0
0
0
3.773638
3.525848
3.205481
2.788454
2.25089
2.541404
2.547842
2.556354
2.559567
2.554836
0
0
0
0
0
4.338069
4.13526
3.872172
3.533574
3.093233
2.533653
2.538311
2.544924
2.546419
2.540255
0
0
0
0
0
4.821752
4.654892
4.442334
4.167303
3.814024
2.528152
2.531552
2.536992
2.537491
2.530725
0
0
0
0
0
5.189755
5.052603
4.880124
4.66068
4.377195
2.524837
2.527526
2.531933
2.531713
2.524854
0
0
0
0
0
5.45059
5.337766
5.197079
5.020451
4.795835
2.522893
2.523224
2.526751
2.528724
2.521069
0
0
0
0
0
5.622444
5.529272
5.413818
5.270108
5.089846
2.523218
2.532693
2.530154
2.533489
2.538894
2.53332
2.536954
2.542667
2.545458
2.538593
2.543275
2.550332
2.552577
2.549328
2.545969
2.552699
2.561683
2.565654
2.561362
0
2.55709
2.566651
2.578558
2.584993
2.58244
0
0
2.582448
2.595228
2.611079
2.620846
2.620287
0
0
0
2.615317
2.631417
2.650753
2.66386
2.665248
0
0
0
0
2.62427
2.642284
2.663657
2.678345
2.680802
0
0
0
0
0
2.628328
2.647304
2.669457
2.684883
2.687644
0
0
0
0
0
1.706883
2.627742
2.646633
2.668775
2.684069
2.686767
0
0
0
0
0
2.190276
1.710089
2.622454
2.64037
2.661511
2.675966
2.678031
0
0
0
0
0
2.600884
2.248054
1.757215
2.612221
2.628068
2.647079
2.659672
2.660549
0
0
0
0
0
3.013429
2.727396
2.361475
1.854379
2.578056
2.590451
2.605555
2.614742
2.613648
0
0
0
0
0
3.470318
3.235062
2.923463
2.539197
2.012946
2.552376
2.561438
2.572754
2.578434
2.575332
0
0
0
0
0
3.978043
3.784997
3.534085
3.210039
2.788461
2.540953
2.547535
2.556176
2.559429
2.554421
0
0
0
0
0
4.513691
4.352219
4.146579
3.880135
3.537339
2.533221
2.537873
2.544659
2.546316
2.540235
0
0
0
0
0
4.972496
4.83771
4.668227
4.452621
4.17379
2.52782
2.531095
2.536568
2.537285
2.530662
0
0
0
0
0
5.318783
5.20679
5.067166
4.891868
4.668965
2.524427
2.527081
2.531655
2.531512
2.524499
0
0
0
0
0
5.561285
5.468343
5.353174
5.209851
5.030028
2.521461
2.524365
2.527579
2.524806
2.521164
0
0
0
0
0
5.717978
5.640732
5.545331
5.427399
5.280708
2.528087
2.526062
2.536301
2.529551
2.532432
2.537665
2.538479
2.53279
2.536164
2.541894
2.542968
2.538577
2.537878
2.542644
2.549511
2.551718
2.546349
0
2.545087
2.551939
2.560929
2.564753
2.560453
0
0
2.556292
2.565629
2.577653
2.584007
2.581317
0
0
0
2.581516
2.59433
2.6099
2.619747
2.619091
0
0
0
0
2.61461
2.630578
2.649856
2.662777
2.664092
0
0
0
0
0
2.623582
2.641616
2.662817
2.677458
2.679696
0
0
0
0
0
1.753102
2.627694
2.646643
2.668806
2.684067
2.68676
0
0
0
0
0
2.190278
1.710085
2.627206
2.646076
2.668142
2.683372
2.685945
0
0
0
0
0
2.542868
2.195391
1.710765
2.621949
2.639847
2.660923
2.675275
2.67731
0
0
0
0
0
2.871043
2.607617
2.251048
1.755455
2.611767
2.62756
2.646525
2.659038
2.659889
0
0
0
0
0
3.247612
3.021622
2.732553
2.362433
1.850034
2.577581
2.590041
2.605138
2.614127
2.612988
0
0
0
0
0
3.662754
3.480272
3.242034
2.927492
2.538136
2.551849
2.561057
2.572491
2.578164
2.574799
0
0
0
0
0
4.144155
3.990245
3.794414
3.540233
3.212174
2.540494
2.547073
2.555873
2.559256
2.554285
0
0
0
0
0
4.659105
4.528617
4.364594
4.155987
3.885841
2.532875
2.537407
2.544197
2.546053
2.540135
0
0
0
0
0
5.099185
4.989126
4.851941
4.679711
4.460719
2.527503
2.530775
2.53605
2.53684
2.530458
0
0
0
0
0
5.428642
5.336387
5.222098
5.079887
4.901441
2.524466
2.526608
2.531299
2.531146
2.524287
0
0
0
0
0
5.656591
5.579521
5.484376
5.366752
5.22047
2.522656
2.521397
2.527816
2.526503
2.516867
0
0
0
0
0
5.801053
5.736681
5.657321
5.559588
5.438859
2.526463
2.530098
2.530603
2.535284
2.529385
2.531781
2.536711
2.537341
2.531231
2.532175
2.535649
2.541145
2.54222
2.536122
0
2.537105
2.542
2.548905
2.550913
2.545502
0
0
2.544463
2.551084
2.560216
2.56402
2.559571
0
0
0
2.555483
2.564857
2.576639
2.58312
2.580357
0
0
0
0
2.580869
2.593424
2.609014
2.618553
2.618006
0
0
0
0
0
2.613873
2.629904
2.649036
2.661869
2.663007
0
0
0
0
0
1.851319
2.622974
2.640947
2.662164
2.676605
2.678809
0
0
0
0
0
2.242768
1.756441
2.627194
2.646029
2.668151
2.683407
2.68594
0
0
0
0
0
2.542868
2.195394
1.710761
2.626721
2.645549
2.667586
2.682728
2.685239
0
0
0
0
0
2.807011
2.549397
2.198247
1.708943
2.621489
2.639357
2.660392
2.674667
2.676614
0
0
0
0
0
3.105614
2.878909
2.612311
2.251748
1.751021
2.61133
2.627119
2.646017
2.658462
2.659248
0
0
0
0
0
3.430238
3.256685
3.027862
2.735649
2.360859
2.577024
2.589565
2.604728
2.613704
2.612364
0
0
0
0
0
3.819018
3.673463
3.488309
3.246954
2.929349
2.551356
2.560516
2.572106
2.577901
2.574531
0
0
0
0
0
4.281619
4.157045
4.000602
3.801857
3.544084
2.540114
2.546597
2.55539
2.55895
2.554116
0
0
0
0
0
4.781289
4.674677
4.541855
4.375158
4.163257
2.532528
2.537062
2.543693
2.545567
2.539874
0
0
0
0
0
5.207039
5.116384
5.004103
4.864403
4.689101
2.527164
2.530428
2.535729
2.536272
2.530004
0
0
0
0
0
5.52322
5.446733
5.352325
5.235633
5.090512
2.524312
2.526563
2.530702
2.530839
2.523871
0
0
0
0
0
5.739443
5.675246
5.596088
5.498634
5.378238
2.519816
2.524383
2.523475
2.526801
2.518868
0
0
0
0
0
5.873848
5.820117
5.753729
5.672157
5.571777
2.526934
2.528972
2.534027
2.530163
2.527741
2.528692
2.531617
2.536062
2.536507
2.53014
0
2.531403
2.53507
2.540612
2.541483
2.535384
0
0
2.536621
2.541243
2.548309
2.550316
2.544711
0
0
0
2.543768
2.55048
2.559368
2.563328
2.558856
0
0
0
0
2.554986
2.564068
2.575876
2.582095
2.579486
0
0
0
0
0
2.580084
2.59281
2.608114
2.617657
2.616811
0
0
0
0
0
2.01252
2.613234
2.629178
2.648376
2.661041
2.662097
0
0
0
0
0
2.352497
1.854965
2.62243
2.640362
2.661496
2.675943
2.677953
0
0
0
0
0
2.600882
2.248055
1.757217
2.626701
2.645543
2.667539
2.682735
2.685276
0
0
0
0
0
2.807012
2.549398
2.198249
1.708939
2.626258
2.645083
2.667052
2.682154
2.684592
0
0
0
0
0
3.037039
2.814638
2.553909
2.198842
1.704485
2.621109
2.638914
2.659904
2.674115
2.675998
0
0
0
0
0
3.281589
3.114178
2.885029
2.614944
2.249981
2.6109
2.626683
2.645579
2.657942
2.658662
0
0
0
0
0
3.578422
3.440011
3.263904
3.032124
2.736503
2.576506
2.588996
2.604242
2.613286
2.611941
0
0
0
0
0
3.948256
3.830344
3.682346
3.494397
3.249624
2.550902
2.560007
2.571541
2.577506
2.57427
0
0
0
0
0
4.397067
4.295082
4.168171
4.009079
3.80711
2.539779
2.546215
2.554892
2.558446
2.553809
0
0
0
0
0
4.885273
4.797407
4.688635
4.553364
4.383678
2.53224
2.536719
2.54334
2.545031
2.539378
0
0
0
0
0
5.299871
5.224724
5.131991
5.017381
4.874851
2.527311
2.530111
2.535394
2.535948
2.529416
0
0
0
0
0
5.605425
5.541731
5.463211
5.366548
5.247136
2.524426
2.526505
2.530656
2.530177
2.523589
0
0
0
0
0
5.812074
5.758462
5.692274
5.610929
5.510853
2.520509
2.521161
2.528064
2.52173
2.519293
0
0
0
0
0
5.938211
5.893232
5.837566
5.769064
5.684967
2.526497
2.52797
2.532998
2.533465
2.52284
0
2.528142
2.530851
2.535852
2.535797
2.529359
0
0
2.531117
2.534365
2.540101
2.540924
2.534658
0
0
0
2.535968
2.540771
2.54756
2.549743
2.544124
0
0
0
0
2.543409
2.549796
2.558771
2.562471
2.558181
0
0
0
0
0
2.554298
2.563606
2.57509
2.581323
2.578462
0
0
0
0
0
2.247039
2.579425
2.592031
2.607517
2.616744
2.615914
0
0
0
0
0
2.527395
2.016722
2.612685
2.628556
2.647643
2.660374
2.661269
0
0
0
0
0
2.720205
2.358161
1.855978
2.621925
2.639831
2.660918
2.675256
2.677289
0
0
0
0
0
2.871043
2.607615
2.251049
1.755458
2.626239
2.645059
2.667055
2.682106
2.684598
0
0
0
0
0
3.037038
2.81464
2.55391
2.198844
1.704482
2.62586
2.644637
2.666593
2.681598
2.684009
0
0
0
0
0
3.20969
3.045369
2.820517
2.556383
2.197008
2.620699
2.63854
2.659466
2.673615
2.675435
0
0
0
0
0
3.424283
3.290819
3.120944
2.889368
2.615333
2.610519
2.626249
2.645133
2.657494
2.658136
0
0
0
0
0
3.700908
3.588766
3.448014
3.269238
3.034219
2.576058
2.588461
2.603651
2.612782
2.611521
0
0
0
0
0
4.056735
3.960095
3.839917
3.689364
3.498333
2.5505
2.559549
2.57101
2.576916
2.573872
0
0
0
0
0
4.495269
4.411014
4.306848
4.177491
4.015452
2.539495
2.545873
2.554499
2.557926
2.553297
0
0
0
0
0
4.974751
4.901859
4.811972
4.700932
4.562909
2.532257
2.536421
2.542993
2.544665
2.53883
0
0
0
0
0
5.380553
5.317976
5.240871
5.145959
5.028709
2.527154
2.530267
2.535066
2.535611
2.52909
0
0
0
0
0
5.677493
5.624304
5.558675
5.478021
5.378791
2.524534
2.526662
2.530563
2.530128
2.522905
0
0
0
0
0
5.87625
5.831413
5.775893
5.707617
5.623775
2.522326
2.522201
2.524342
2.527261
2.513999
0
0
0
0
0
5.995441
5.957877
5.911035
5.853336
5.782414
2.52151
2.52822
2.531092
2.532388
2.526144
0
0
2.527905
2.530298
2.535078
2.53552
2.528627
0
0
0
2.530437
2.534031
2.539397
2.540449
2.534093
0
0
0
0
2.53571
2.540112
2.547079
2.548987
2.543565
0
0
0
0
0
2.542839
2.54947
2.558083
2.561868
2.557324
0
0
0
0
0
2.538277
2.553761
2.562923
2.574652
2.580528
2.577691
0
0
0
0
0
2.773393
2.252179
2.578843
2.591382
2.606727
2.616146
2.614999
0
0
0
0
0
2.909433
2.53373
2.018208
2.612172
2.628014
2.647022
2.659617
2.6606
0
0
0
0
0
3.013431
2.727397
2.361475
1.854385
2.621497
2.639332
2.660385
2.674666
2.676593
0
0
0
0
0
3.105616
2.878909
2.612308
2.251749
1.751024
2.625837
2.644613
2.666565
2.681607
2.683962
0
0
0
0
0
3.209691
3.045368
2.820519
2.556384
2.19701
2.625418
2.644245
2.666151
2.681128
2.683441
0
0
0
0
0
3.349644
3.21867
3.051929
2.824613
2.556639
2.6203
2.638134
2.659088
2.673169
2.67493
0
0
0
0
0
3.542184
3.434056
3.298331
3.125879
2.891757
2.610136
2.625862
2.644686
2.65703
2.657685
0
0
0
0
0
3.803672
3.711726
3.597407
3.45421
3.272489
2.575576
2.588006
2.603089
2.612164
2.61101
0
0
0
0
0
4.148954
4.069007
3.970241
3.847695
3.694309
2.550177
2.559135
2.570539
2.576361
2.573271
0
0
0
0
0
4.579737
4.50963
4.42332
4.31687
4.184778
2.53944
2.545581
2.554144
2.557519
2.55277
0
0
0
0
0
5.052489
4.991741
4.916943
4.824934
4.711329
2.532142
2.536459
2.542686
2.54431
2.538459
0
0
0
0
0
5.451277
5.399026
5.33459
5.255428
5.15803
2.527014
2.530125
2.535241
2.535286
2.528754
0
0
0
0
0
5.741168
5.696695
5.641655
5.573993
5.490898
2.523842
2.526429
2.530848
2.529979
2.522857
0
0
0
0
0
5.933335
5.895873
5.849199
5.791675
5.721005
2.515583
2.524115
2.525717
2.523121
2.51985
0
0
0
0
0
6.046636
6.01536
5.975991
5.927189
5.867155
2.523087
2.522759
2.532248
2.52984
2.525006
0
0
0
2.52719
2.530242
2.534499
2.534732
2.528316
0
0
0
0
2.530271
2.533366
2.539051
2.539738
2.533637
0
0
0
0
0
2.535184
2.539889
2.546411
2.548488
2.542809
0
0
0
0
0
2.802594
2.542395
2.548899
2.557782
2.561166
2.556721
0
0
0
0
0
3.073053
2.54475
2.553255
2.562398
2.573958
2.580097
2.576895
0
0
0
0
0
3.189702
2.780813
2.254554
2.578255
2.590806
2.606074
2.615333
2.614404
0
0
0
0
0
3.22606
2.917434
2.537666
2.017
2.611712
2.627508
2.646475
2.658981
2.659833
0
0
0
0
0
3.247614
3.021624
2.732553
2.362433
1.850039
2.621082
2.63892
2.659878
2.674115
2.675998
0
0
0
0
0
3.281591
3.11418
2.885029
2.614941
2.249983
2.625514
2.644219
2.666121
2.681097
2.683454
0
0
0
0
0
3.349644
3.218671
3.051928
2.824615
2.556639
2.625123
2.643805
2.665753
2.680677
2.682968
0
0
0
0
0
3.465257
3.359153
3.22596
3.056689
2.826753
2.620007
2.63773
2.658674
2.672775
2.67448
0
0
0
0
0
3.641065
3.552407
3.442175
3.304088
3.128793
2.609771
2.625476
2.644284
2.656561
2.657212
0
0
0
0
0
3.890985
3.814889
3.720897
3.604305
3.458397
2.575183
2.587505
2.602619
2.611573
2.61038
0
0
0
0
0
4.22824
4.161595
4.079636
3.978649
3.853461
2.550029
2.558797
2.570105
2.575874
2.572707
0
0
0
0
0
4.653093
4.594455
4.522397
4.433934
4.324917
2.539276
2.545539
2.553837
2.557149
2.552357
0
0
0
0
0
5.120622
5.06983
5.007273
4.930474
4.83605
2.531953
2.536331
2.542732
2.543993
2.538101
0
0
0
0
0
5.513748
5.470072
5.416046
5.349656
5.268136
2.526971
2.52999
2.535087
2.535456
2.528431
0
0
0
0
0
5.797792
5.760657
5.714404
5.657416
5.587418
2.523756
2.526178
2.530307
2.530346
2.522673
0
0
0
0
0
5.984406
5.953212
5.913974
5.865367
5.805536
2.521016
2.51803
2.527853
2.524901
2.515553
0
0
0
0
0
6.092743
6.066782
6.033752
5.992485
5.941421
2.522861
2.524624
2.527425
2.531719
2.522215
0
0
0
0
2.526977
2.529258
2.534578
2.534145
2.527533
0
0
0
0
0
2.529794
2.533215
2.538366
2.539363
2.532924
0
0
0
0
0
3.007214
2.534795
2.539361
2.546211
2.547803
2.542304
0
0
0
0
0
3.334328
2.809978
2.542011
2.548468
2.557198
2.560878
2.556017
0
0
0
0
0
3.508494
3.081759
2.548515
2.552728
2.561898
2.573435
2.579384
2.576471
0
0
0
0
0
3.51554
3.198696
2.785836
2.254179
2.577775
2.590218
2.605492
2.614664
2.613583
0
0
0
0
0
3.470319
3.235061
2.923462
2.539195
2.012945
2.611323
2.627055
2.645962
2.658415
2.659191
0
0
0
0
0
3.430237
3.256687
3.027864
2.735649
2.360859
2.62065
2.638513
2.659471
2.673588
2.675439
0
0
0
0
0
3.424283
3.290822
3.120945
2.889369
2.615331
2.625156
2.64391
2.665725
2.680642
2.682934
0
0
0
0
0
3.465259
3.359153
3.22596
3.056689
2.826754
2.624808
2.643515
2.665305
2.680262
2.682513
0
0
0
0
0
3.562201
3.475206
3.367036
3.231523
3.059462
2.619603
2.637444
2.658256
2.672344
2.674078
0
0
0
0
0
3.72505
3.651667
3.561031
3.448602
3.307895
2.609454
2.6251
2.643886
2.656138
2.656733
0
0
0
0
0
3.966023
3.902543
3.824507
3.728379
3.609254
2.574926
2.587094
2.60209
2.611085
2.609776
0
0
0
0
0
4.297062
4.2412
4.172638
4.088575
3.985097
2.54978
2.55866
2.569745
2.575419
2.572214
0
0
0
0
0
4.717355
4.668123
4.607621
4.533516
4.442622
2.539047
2.545372
2.553806
2.556825
2.551981
0
0
0
0
0
5.180785
5.138274
5.085755
5.021296
4.942205
2.531854
2.536143
2.542594
2.544044
2.53778
0
0
0
0
0
5.569294
5.53283
5.487451
5.431556
5.362913
2.526697
2.529928
2.534943
2.535298
2.528597
0
0
0
0
0
5.848463
5.817537
5.778683
5.730555
5.671319
2.523502
2.526007
2.530391
2.529604
2.523078
0
0
0
0
0
6.030384
6.004512
5.971594
5.930485
5.879643
2.518706
2.522309
2.523885
2.526975
2.517523
0
0
0
0
0
6.134421
6.113092
6.085426
6.050549
6.007081
2.520125
2.52319
2.529211
2.527768
2.52442
0
0
0
0
0
2.526482
2.529237
2.533468
2.534286
2.526944
0
0
0
0
0
3.137384
2.529476
2.532746
2.538246
2.538662
2.532538
0
0
0
0
0
3.525544
3.014978
2.534477
2.53898
2.545666
2.547616
2.541614
0
0
0
0
0
3.781994
3.343837
2.814679
2.541561
2.5481
2.556771
2.560271
2.555737
0
0
0
0
0
3.85014
3.519043
3.088056
2.549583
2.552367
2.561371
2.57293
2.578853
2.575753
0
0
0
0
0
3.77364
3.525843
3.205479
2.788447
2.250886
2.577375
2.589737
2.604891
2.614066
2.612909
0
0
0
0
0
3.662752
3.480273
3.242034
2.927491
2.538134
2.610899
2.626673
2.645506
2.657884
2.658617
0
0
0
0
0
3.578423
3.440011
3.263906
3.032126
2.736504
2.620289
2.638084
2.659061
2.673171
2.674901
0
0
0
0
0
3.542186
3.434055
3.298333
3.12588
2.891757
2.624874
2.64355
2.66542
2.680231
2.682475
0
0
0
0
0
3.562204
3.475207
3.367036
3.231524
3.059461
2.624466
2.643205
2.665009
2.679794
2.682089
0
0
0
0
0
3.644529
3.57252
3.483581
3.373254
3.235168
2.619272
2.637025
2.657969
2.671903
2.673639
0
0
0
0
0
3.797203
3.735976
3.660716
3.568012
3.453134
2.609154
2.624776
2.64349
2.655722
2.656299
0
0
0
0
0
4.031132
3.977875
3.912543
3.832479
3.73396
2.574604
2.58684
2.601654
2.610525
2.60928
0
0
0
0
0
4.357328
4.310301
4.252599
4.182029
4.095599
2.549493
2.558409
2.569614
2.575036
2.57175
0
0
0
0
0
4.774074
4.732658
4.681635
4.619177
4.542752
2.538926
2.545143
2.553631
2.5568
2.55165
0
0
0
0
0
5.234265
5.198711
5.154543
5.100206
5.033559
2.531632
2.536059
2.542409
2.543893
2.537833
0
0
0
0
0
5.619004
5.588632
5.550526
5.503351
5.445293
2.526412
2.52969
2.534891
2.535144
2.528437
0
0
0
0
0
5.894074
5.868438
5.835846
5.79518
5.744879
2.523046
2.525764
2.530183
2.529954
2.522263
0
0
0
0
0
6.071953
6.050695
6.023145
5.988409
5.94513
2.517842
2.520235
2.526048
2.5246
2.519517
0
0
0
0
0
6.172312
6.154955
6.131961
6.102496
6.065473
2.524077
2.521678
2.526627
2.528987
2.520894
0
0
0
0
0
3.200305
2.526049
2.528789
2.533447
2.533103
2.527105
0
0
0
0
0
3.646071
3.145436
2.529133
2.532403
2.537753
2.538555
2.53183
0
0
0
0
0
3.978438
3.535461
3.019967
2.534066
2.538681
2.545289
2.547047
2.541435
0
0
0
0
0
4.134682
3.793407
3.350901
2.816697
2.541303
2.547647
2.556409
2.559841
2.555122
0
0
0
0
0
4.122057
3.862159
3.527408
3.091946
2.547771
2.552057
2.561011
2.572392
2.578335
2.57522
0
0
0
0
0
3.978042
3.784999
3.53408
3.210038
2.788455
2.57694
2.589337
2.604399
2.613444
2.612305
0
0
0
0
0
3.819019
3.673461
3.488309
3.246954
2.929348
2.610488
2.626249
2.645121
2.657414
2.658078
0
0
0
0
0
3.700911
3.588766
3.448013
3.26924
3.034221
2.619981
2.637717
2.658623
2.672747
2.674482
0
0
0
0
0
3.641069
3.552409
3.442175
3.30409
3.128795
2.624534
2.643283
2.665046
2.679918
2.682057
0
0
0
0
0
3.644529
3.572523
3.483583
3.373253
3.235169
2.624135
2.642855
2.664696
2.679483
2.681612
0
0
0
0
0
3.715244
3.655163
3.58131
3.49034
3.377608
2.619005
2.636687
2.657525
2.671606
2.673186
0
0
0
0
0
3.859794
3.808409
3.745388
3.668165
3.573147
2.60884
2.624477
2.643153
2.655301
2.655875
0
0
0
0
0
4.088122
4.04324
3.988203
3.920934
3.838592
2.574237
2.586513
2.601397
2.610063
2.608707
0
0
0
0
0
4.410494
4.370811
4.32201
4.262381
4.189544
2.5493
2.558116
2.569358
2.574907
2.571356
0
0
0
0
0
4.824482
4.78962
4.746476
4.693573
4.628886
2.538697
2.545024
2.5534
2.556615
2.551627
0
0
0
0
0
5.282121
5.252437
5.215286
5.169371
5.112933
2.531292
2.535845
2.542324
2.543709
2.537677
0
0
0
0
0
5.663739
5.638571
5.606611
5.566773
5.517511
2.526258
2.529351
2.53468
2.53509
2.52828
0
0
0
0
0
5.935309
5.914256
5.887001
5.852651
5.809876
2.523332
2.525323
2.529934
2.529716
2.522716
0
0
0
0
0
6.109737
6.09245
6.069555
6.040235
6.003383
2.520379
2.518647
2.524682
2.525259
2.517791
0
0
0
0
0
6.206808
6.193014
6.174027
6.149275
6.117712
2.52315
2.526038
2.526386
2.526292
2.521778
0
0
0
0
0
3.703519
3.208495
2.525991
2.528246
2.533126
2.533066
2.525902
0
0
0
0
0
4.100475
3.656204
3.150698
2.528825
2.532141
2.537412
2.538033
2.531731
0
0
0
0
0
4.336887
3.990253
3.542874
3.022197
2.533895
2.538265
2.545005
2.546668
2.540856
0
0
0
0
0
4.415922
4.147619
3.802591
3.35552
2.815842
2.54106
2.547385
2.555945
2.559478
2.554693
0
0
0
0
0
4.338063
4.13526
3.872161
3.533576
3.093234
2.551674
2.560711
2.572028
2.577782
2.574699
0
0
0
0
0
4.144156
3.990243
3.794416
3.540228
3.212173
2.576517
2.588906
2.603991
2.612934
2.611676
0
0
0
0
0
3.948256
3.830345
3.682344
3.494398
3.249623
2.610201
2.625831
2.644687
2.657015
2.657602
0
0
0
0
0
3.803677
3.711728
3.597407
3.454209
3.272491
2.619639
2.637424
2.658242
2.672291
2.674051
0
0
0
0
0
3.72505
3.651671
3.561033
3.448601
3.307897
2.624241
2.64293
2.664786
2.679523
2.681741
0
0
0
0
0
3.715247
3.655163
3.581313
3.490342
3.377608
2.623853
2.642519
2.664329
2.679158
2.681293
0
0
0
0
0
3.776583
3.726152
3.664307
3.588526
3.495283
2.61871
2.636421
2.657172
2.671132
2.672885
0
0
0
0
0
3.914564
3.871243
3.818133
3.753234
3.673806
2.608537
2.624155
2.642847
2.654946
2.655441
0
0
0
0
0
4.138382
4.100455
4.053854
3.996955
3.9275
2.573945
2.586137
2.601059
2.609799
2.608231
0
0
0
0
0
4.457727
4.424194
4.382792
4.332133
4.270319
2.549029
2.557917
2.569053
2.574642
2.57123
0
0
0
0
0
4.86957
4.840245
4.803709
4.758748
4.703693
2.538334
2.544797
2.553277
2.55638
2.551439
0
0
0
0
0
5.325174
5.300512
5.269284
5.230447
5.182505
2.531128
2.535474
2.542113
2.543619
2.537494
0
0
0
0
0
5.704182
5.683512
5.656805
5.623167
5.581306
2.526164
2.529205
2.534282
2.534893
2.528225
0
0
0
0
0
5.972776
5.955678
5.933048
5.904083
5.867679
2.523093
2.525484
2.529499
2.529481
2.522467
0
0
0
0
0
6.144163
6.130403
6.111515
6.086891
6.055503
2.515339
2.5222
2.522578
2.5247
2.51787
0
0
0
0
0
6.238466
6.227665
6.212272
6.191564
6.164756
2.522644
2.525042
2.530112
2.526436
2.519223
0
0
0
0
0
4.158128
3.713749
3.213884
2.525494
2.528223
2.532403
2.532806
2.525847
0
0
0
0
0
4.461328
4.112486
3.663792
3.153185
2.528683
2.531774
2.537184
2.537692
2.531197
0
0
0
0
0
4.622977
4.350225
3.999775
3.547785
3.021478
2.533696
2.538066
2.54457
2.54639
2.540478
0
0
0
0
0
4.639743
4.430087
4.158496
3.809532
3.357494
2.540735
2.547161
2.555677
2.558998
2.554329
0
0
0
0
0
4.513695
4.352213
4.14658
3.880124
3.53734
2.551348
2.560331
2.571729
2.577407
2.57414
0
0
0
0
0
4.281617
4.157045
4.000601
3.801858
3.544078
2.576132
2.588473
2.603554
2.612511
2.611159
0
0
0
0
0
4.056742
3.960095
3.839918
3.689363
3.498334
2.609829
2.62555
2.644253
2.656564
2.657197
0
0
0
0
0
3.890987
3.814894
3.720899
3.604306
3.458396
2.619292
2.63707
2.657955
2.671887
2.673585
0
0
0
0
0
3.797204
3.735977
3.66072
3.568014
3.453134
2.623899
2.642636
2.664412
2.679259
2.681333
0
0
0
0
0
3.776582
3.726154
3.664307
3.588528
3.495284
2.62358
2.642232
2.663979
2.678767
2.680961
0
0
0
0
0
3.830246
3.787727
3.7356
3.671911
3.593963
2.618446
2.636122
2.6569
2.670759
2.672395
0
0
0
0
0
3.962856
3.926227
3.881239
3.826323
3.759308
2.60827
2.623848
2.642512
2.654627
2.655076
0
0
0
0
0
4.183019
4.150915
4.111321
4.062921
4.003913
2.573628
2.585837
2.600667
2.609446
2.607965
0
0
0
0
0
4.499961
4.471619
4.436417
4.393214
4.34044
2.548641
2.557644
2.568842
2.574325
2.570961
0
0
0
0
0
4.91013
4.885527
4.854575
4.816276
4.769231
2.538173
2.544414
2.553047
2.55625
2.551203
0
0
0
0
0
5.364092
5.343764
5.317604
5.284743
5.243943
2.531081
2.53532
2.541707
2.543407
2.537401
0
0
0
0
0
5.740921
5.724142
5.701975
5.673637
5.638034
2.526088
2.529147
2.534157
2.534449
2.528034
0
0
0
0
0
6.006937
5.993315
5.974677
5.950378
5.91941
2.523117
2.525521
2.529669
2.529034
2.522248
0
0
0
0
0
6.175719
6.164984
6.149655
6.129075
6.102426
2.521219
2.516535
2.526342
2.522441
2.517691
0
0
0
0
0
6.267506
6.259463
6.247095
6.230011
6.207283
2.522953
2.522506
2.529113
2.529752
2.519407
0
0
0
0
0
4.519757
4.170223
3.721415
3.216489
2.525812
2.527899
2.53252
2.531967
2.525618
0
0
0
0
0
4.74946
4.47485
4.122158
3.668836
3.152706
2.528537
2.531629
2.536781
2.537487
2.530857
0
0
0
0
0
4.850891
4.637543
4.361438
4.006991
3.549986
2.533375
2.537902
2.544355
2.545933
2.540203
0
0
0
0
0
4.821754
4.654893
4.442328
4.167291
3.814017
2.54051
2.546843
2.555462
2.558721
2.553844
0
0
0
0
0
4.659098
4.528621
4.364588
4.155987
3.88583
2.551032
2.56
2.571344
2.577104
2.573762
0
0
0
0
0
4.397073
4.29508
4.168172
4.009077
3.807112
2.575695
2.588082
2.603103
2.612062
2.61073
0
0
0
0
0
4.148956
4.069013
3.970242
3.847695
3.694307
2.609539
2.625168
2.643969
2.656106
2.656736
0
0
0
0
0
3.966025
3.902545
3.824512
3.728381
3.609255
2.618991
2.636715
2.657579
2.671597
2.67317
0
0
0
0
0
3.859796
3.80841
3.745388
3.668168
3.573149
2.623538
2.642284
2.664108
2.678857
2.681068
0
0
0
0
0
3.830247
3.787727
3.735602
3.671911
3.593965
2.623303
2.641961
2.663681
2.678397
2.680558
0
0
0
0
0
3.877557
3.841599
3.797441
3.743539
3.677769
2.618153
2.635857
2.65659
2.670474
2.672011
0
0
0
0
0
4.005733
3.974708
3.936462
3.889727
3.832768
2.608004
2.623576
2.642193
2.654274
2.654752
0
0
0
0
0
4.222919
4.195729
4.162004
4.120663
4.07022
2.573203
2.585514
2.600353
2.609036
2.607606
0
0
0
0
0
4.537947
4.514026
4.484057
4.447103
4.401845
2.548451
2.557241
2.568563
2.574101
2.570639
0
0
0
0
0
4.946784
4.926262
4.900072
4.867406
4.82708
2.538076
2.544258
2.55264
2.556014
2.551069
0
0
0
0
0
5.399443
5.382861
5.361075
5.33333
5.298561
2.530909
2.535275
2.541558
2.542971
2.537188
0
0
0
0
0
5.774426
5.761052
5.742813
5.719057
5.688804
2.525921
2.529042
2.534095
2.534337
2.527572
0
0
0
0
0
6.038228
6.027633
6.012504
5.992234
5.965974
2.523209
2.52538
2.529775
2.529224
2.521789
0
0
0
0
0
6.204691
6.196682
6.184408
6.167418
6.14485
2.521467
2.523262
2.521536
2.526094
2.515438
0
0
0
0
0
6.29432
6.288635
6.279048
6.265019
6.245948
2.523423
2.524809
2.526009
2.528859
2.522542
0
0
0
0
0
4.808573
4.533355
4.179959
3.726519
3.216117
2.525411
2.528009
2.532328
2.532173
2.52473
0
0
0
0
0
4.979118
4.7642
4.486198
4.129479
3.671126
2.528255
2.531495
2.536592
2.537046
2.530661
0
0
0
0
0
5.036237
4.866444
4.650118
4.370501
4.01168
2.533215
2.537587
2.544208
2.545704
2.539739
0
0
0
0
0
4.972491
4.837711
4.668228
4.452615
4.173778
2.540261
2.546616
2.555146
2.558509
2.553565
0
0
0
0
0
4.781293
4.67467
4.541859
4.375151
4.163256
2.550679
2.55968
2.571001
2.576708
2.573458
0
0
0
0
0
4.495268
4.41102
4.306846
4.177492
4.01545
2.575263
2.587633
2.602699
2.611588
2.610275
0
0
0
0
0
4.228244
4.161597
4.079643
3.978649
3.853461
2.609186
2.62487
2.64357
2.655814
2.656267
0
0
0
0
0
4.031135
3.977877
3.912544
3.832484
3.733962
2.618684
2.636408
2.657209
2.671195
2.672879
0
0
0
0
0
3.914567
3.871245
3.818134
3.753235
3.67381
2.62327
2.641918
2.663739
2.678536
2.680651
0
0
0
0
0
3.877561
3.841599
3.797441
3.743541
3.677769
2.623036
2.64168
2.663403
2.678081
2.680177
0
0
0
0
0
3.919561
3.889095
3.851546
3.805672
3.749761
2.617897
2.635559
2.656317
2.670147
2.67172
0
0
0
0
0
4.044053
4.017754
3.985154
3.945213
3.896497
2.607709
2.623307
2.641911
2.653939
2.654389
0
0
0
0
0
4.258797
4.235788
4.207016
4.17159
4.128261
2.572944
2.58507
2.600018
2.608705
2.607188
0
0
0
0
0
4.572259
4.552168
4.526658
4.494979
4.456021
2.548289
2.557047
2.568137
2.573811
2.570409
0
0
0
0
0
4.980066
4.963074
4.941002
4.913141
4.878496
2.537862
2.544166
2.552483
2.555584
2.550831
0
0
0
0
0
5.431681
5.418375
5.400372
5.377042
5.347437
2.53075
2.535096
2.54152
2.542822
2.536741
0
0
0
0
0
5.805103
5.794713
5.779911
5.760122
5.734494
2.526112
2.528886
2.533983
2.53428
2.527464
0
0
0
0
0
6.066961
6.059066
6.046994
6.030266
6.008073
2.522873
2.525425
2.529662
2.529327
2.521995
0
0
0
0
0
6.231414
6.225785
6.216262
6.202357
6.183413
2.521419
2.522663
2.527292
2.522348
2.518978
0
0
0
0
0
6.31907
6.315567
6.308364
6.297141
6.281156
2.521402
2.523799
2.528803
2.526092
2.521738
0
0
0
0
0
5.038811
4.823383
4.544757
4.187322
3.728848
2.524911
2.527716
2.532219
2.532068
2.524976
0
0
0
0
0
5.165878
4.994838
4.776898
4.495349
4.134225
2.528157
2.531202
2.536495
2.536834
2.530206
0
0
0
0
0
5.189752
5.052598
4.880112
4.660669
4.377183
2.533
2.537425
2.543893
2.545566
2.539505
0
0
0
0
0
5.099192
4.989121
4.851942
4.679712
4.460713
2.53998
2.546366
2.554912
2.558188
2.553355
0
0
0
0
0
4.885267
4.797411
4.688627
4.553368
4.383672
2.550277
2.559321
2.570672
2.576352
2.57306
0
0
0
0
0
4.57974
4.509628
4.423326
4.316868
4.184779
2.574943
2.587181
2.602228
2.611166
2.609792
0
0
0
0
0
4.297066
4.241205
4.17264
4.088581
3.985098
2.60882
2.624511
2.643257
2.655392
2.655971
0
0
0
0
0
4.088126
4.043243
3.988205
3.920935
3.838598
2.618412
2.636099
2.656888
2.670803
2.672463
0
0
0
0
0
3.962864
3.92623
3.881241
3.826324
3.759308
2.623029
2.641645
2.663359
2.678145
2.680322
0
0
0
0
0
3.919565
3.889099
3.851546
3.805671
3.749763
2.622814
2.64141
2.663112
2.67779
2.679852
0
0
0
0
0
3.957092
3.931262
3.899248
3.860032
3.81221
2.617639
2.635299
2.656008
2.669861
2.671384
0
0
0
0
0
4.078501
4.056225
4.028388
3.994137
3.952266
2.607464
2.623
2.641631
2.653642
2.654047
0
0
0
0
0
4.291195
4.271809
4.247253
4.21682
4.179453
2.5727
2.584802
2.599548
2.608356
2.606849
0
0
0
0
0
4.603409
4.586621
4.564973
4.537791
4.504153
2.548007
2.556885
2.567934
2.573364
2.570116
0
0
0
0
0
5.01041
4.9965
4.977991
4.954284
4.924487
2.537696
2.543944
2.552394
2.555425
2.550392
0
0
0
0
0
5.461187
5.450763
5.436068
5.416558
5.39141
2.530866
2.534943
2.541324
2.542788
2.536592
0
0
0
0
0
5.833269
5.825533
5.813745
5.797427
5.775802
2.525949
2.529085
2.533837
2.53415
2.52741
0
0
0
0
0
6.093452
6.087932
6.078586
6.064944
6.046328
2.522952
2.525212
2.529625
2.529249
2.522076
0
0
0
0
0
6.256102
6.252628
6.24551
6.234383
6.218553
2.520866
2.521404
2.52632
2.526765
2.51575
0
0
0
0
0
6.342015
6.34043
6.335427
6.326614
6.313461
2.523415
2.523777
2.526497
2.528312
2.519297
0
0
0
0
0
5.226052
5.054596
4.836126
4.553939
4.192087
2.525075
2.527259
2.532029
2.531774
2.524907
0
0
0
0
0
5.320579
5.182399
5.008619
4.787521
4.502066
2.527924
2.531099
2.536206
2.53675
2.529983
0
0
0
0
0
5.318784
5.206786
5.067161
4.891856
4.668954
2.532738
2.5372
2.543727
2.545247
2.53937
0
0
0
0
0
5.207033
5.11639
5.004098
4.864405
4.689101
2.539625
2.546083
2.554656
2.557945
2.553034
0
0
0
0
0
4.974756
4.901852
4.811976
4.700925
4.562913
2.550019
2.558902
2.570299
2.576009
2.572697
0
0
0
0
0
4.653097
4.594458
4.522395
4.43394
4.324915
2.574628
2.586861
2.601748
2.610672
2.609363
0
0
0
0
0
4.357333
4.310305
4.252603
4.182031
4.095605
2.608502
2.62414
2.642885
2.655059
2.655537
0
0
0
0
0
4.138395
4.100459
4.053858
3.996957
3.927502
2.618146
2.635823
2.65657
2.670462
2.672059
0
0
0
0
0
4.005745
3.974716
3.936465
3.88973
3.83277
2.622775
2.641397
2.663075
2.677744
2.679918
0
0
0
0
0
3.957094
3.931267
3.899252
3.860033
3.812209
2.622563
2.641188
2.662833
2.677483
2.679554
0
0
0
0
0
3.990826
3.968941
3.941599
3.90796
3.866848
2.617416
2.635032
2.655739
2.669535
2.671092
0
0
0
0
0
4.109603
4.090808
4.067028
4.037578
4.001443
2.60725
2.622745
2.641306
2.653349
2.653743
0
0
0
0
0
4.3206
4.304338
4.283434
4.257251
4.224918
2.572386
2.58455
2.599265
2.607859
2.606494
0
0
0
0
0
4.631803
4.617899
4.599583
4.576296
4.547193
2.547787
2.556594
2.56777
2.573151
2.56966
0
0
0
0
0
5.038176
5.026976
5.011578
4.991465
4.965861
2.537738
2.543779
2.552159
2.555335
2.550232
0
0
0
0
0
5.488267
5.480406
5.468622
5.452452
5.431162
2.53069
2.535064
2.54117
2.542575
2.53656
0
0
0
0
0
5.859235
5.853831
5.844723
5.831448
5.81333
2.525814
2.528921
2.534019
2.534004
2.527272
0
0
0
0
0
6.117939
6.114545
6.107598
6.096709
6.081209
2.522558
2.525056
2.529472
2.52919
2.522025
0
0
0
0
0
6.278982
6.277429
6.272487
6.263788
6.250762
2.51522
2.521871
2.523759
2.525678
2.519472
0
0
0
0
0
6.363342
6.363478
6.360414
6.353821
6.343102
2.518178
2.525304
2.528385
2.524901
2.521047
0
0
0
0
0
5.381154
5.242633
5.068418
4.84677
4.560663
2.524784
2.527175
2.53152
2.531662
2.52453
0
0
0
0
0
5.450581
5.337767
5.197068
5.020425
4.795824
2.5277
2.530889
2.536082
2.536462
2.529906
0
0
0
0
0
5.428639
5.336388
5.222094
5.079882
4.901429
2.532395
2.536942
2.543493
2.545074
2.539051
0
0
0
0
0
5.299877
5.224717
5.131998
5.017376
4.874852
2.539435
2.545717
2.554367
2.55768
2.552787
0
0
0
0
0
5.052493
4.991745
4.916936
4.824938
4.711322
2.549792
2.558651
2.569856
2.57562
2.572349
0
0
0
0
0
4.71736
4.668127
4.607623
4.533515
4.442628
2.574224
2.586546
2.601422
2.610164
2.608858
0
0
0
0
0
4.410509
4.370816
4.322014
4.262385
4.189546
2.60826
2.623814
2.642502
2.654669
2.655194
0
0
0
0
0
4.183036
4.150927
4.111325
4.062924
4.003915
2.617898
2.635543
2.656283
2.670129
2.671709
0
0
0
0
0
4.044062
4.017766
3.985162
3.945215
3.896499
2.62258
2.641145
2.662814
2.677445
2.679508
0
0
0
0
0
3.990828
3.968942
3.941604
3.907964
3.866848
2.622353
2.64093
2.662605
2.677189
2.67924
0
0
0
0
0
4.021285
4.002807
3.979442
3.950513
3.915022
2.617209
2.634805
2.655456
2.669252
2.670758
0
0
0
0
0
4.137826
4.122034
4.101764
4.076402
4.045107
2.607002
2.622525
2.641036
2.653003
2.653443
0
0
0
0
0
4.347401
4.33386
4.316108
4.293608
4.265561
2.572112
2.58423
2.599
2.60756
2.605985
0
0
0
0
0
4.657778
4.64641
4.631004
4.611079
4.585905
2.547764
2.556373
2.567465
2.572981
2.569442
0
0
0
0
0
5.063653
5.054863
5.0422
5.025228
5.003252
2.537572
2.543835
2.551992
2.555088
2.550142
0
0
0
0
0
5.513233
5.507612
5.498417
5.485187
5.467271
2.530534
2.534907
2.541303
2.542419
2.53634
0
0
0
0
0
5.883239
5.879919
5.873167
5.8626
5.847556
2.525568
2.528741
2.533891
2.534185
2.527126
0
0
0
0
0
6.140632
6.139145
6.134346
6.12588
6.113159
2.522811
2.524856
2.529143
2.529073
2.521967
0
0
0
0
0
6.300257
6.300412
6.297411
6.29091
6.280337
2.520598
2.516243
2.525371
2.522276
2.518385
0
0
0
0
0
6.38322
6.384901
6.383576
6.378942
6.370464
2.523096
2.519508
2.529199
2.5281
2.517161
0
0
0
0
0
5.511459
5.398398
5.257337
5.080237
4.855069
2.524747
2.527014
2.53141
2.531153
2.524453
0
0
0
0
0
5.561275
5.468335
5.353175
5.209841
5.030002
2.527367
2.530625
2.53586
2.536318
2.52962
0
0
0
0
0
5.523219
5.446729
5.352326
5.235629
5.090508
2.532256
2.536586
2.54323
2.54483
2.538876
0
0
0
0
0
5.38055
5.317982
5.240865
5.145965
5.028704
2.539262
2.545537
2.553981
2.557382
2.552519
0
0
0
0
0
5.120624
5.069834
5.007278
4.930468
4.836055
2.549467
2.558432
2.569606
2.575153
2.571954
0
0
0
0
0
4.774089
4.732663
4.681639
4.61918
4.542751
2.573925
2.586128
2.6011
2.609827
2.608336
0
0
0
0
0
4.457748
4.424209
4.382797
4.332137
4.270323
2.607981
2.623559
2.642159
2.654267
2.654795
0
0
0
0
0
4.222934
4.195746
4.162016
4.120667
4.070223
2.617659
2.635298
2.655984
2.669827
2.671368
0
0
0
0
0
4.078505
4.056233
4.0284
3.994145
3.952269
2.622356
2.640946
2.662557
2.677165
2.679201
0
0
0
0
0
4.021286
4.002809
3.979444
3.950518
3.915025
2.622119
2.640716
2.662334
2.67695
2.678938
0
0
0
0
0
4.048919
4.033386
4.013457
3.988537
3.957793
2.616974
2.634594
2.655219
2.668951
2.670468
0
0
0
0
0
4.163548
4.150369
4.133127
4.111305
4.084132
2.606764
2.622274
2.640805
2.652715
2.653086
0
0
0
0
0
4.371913
4.360769
4.345762
4.32644
4.302108
2.571974
2.583955
2.598667
2.607279
2.605678
0
0
0
0
0
4.681602
4.672493
4.659647
4.642657
4.620875
2.547566
2.556364
2.567239
2.572663
2.56927
0
0
0
0
0
5.087132
5.080452
5.070222
5.056011
5.037205
2.537413
2.543675
2.552061
2.554917
2.549891
0
0
0
0
0
5.536311
5.532695
5.525764
5.515148
5.500202
2.530336
2.534728
2.541162
2.542561
2.536183
0
0
0
0
0
5.90548
5.904035
5.89939
5.891203
5.878893
2.525424
2.528557
2.533679
2.534084
2.527305
0
0
0
0
0
6.161725
6.161942
6.15907
6.152775
6.142501
2.522672
2.524929
2.529088
2.528627
2.521856
0
0
0
0
0
6.320071
6.321784
6.32051
6.315969
6.307615
2.516062
2.522842
2.521047
2.524657
2.51466
0
0
0
0
0
6.40174
6.404868
6.405106
6.402228
6.395728
2.520447
2.524474
2.52319
2.528492
2.520849
0
0
0
0
0
5.62243
5.529267
5.413835
5.270117
5.089801
2.52425
2.527046
2.531203
2.531069
2.523945
0
0
0
0
0
5.65659
5.579512
5.484367
5.366753
5.22046
2.527244
2.530324
2.535603
2.536091
2.529468
0
0
0
0
0
5.605414
5.541731
5.463207
5.366548
5.247132
2.53212
2.536462
2.542856
2.544562
2.538628
0
0
0
0
0
5.45128
5.399022
5.334596
5.255421
5.158036
2.538966
2.545376
2.553804
2.556975
2.552218
0
0
0
0
0
5.180792
5.138275
5.085759
5.0213
4.942199
2.549268
2.558097
2.569391
2.574899
2.571477
0
0
0
0
0
4.824504
4.789635
4.746481
4.693576
4.628888
2.57353
2.585815
2.60066
2.609493
2.607995
0
0
0
0
0
4.499978
4.47164
4.436432
4.393219
4.340444
2.607733
2.623274
2.641886
2.653906
2.654385
0
0
0
0
0
4.258803
4.235803
4.207033
4.171602
4.128265
2.617399
2.635051
2.655734
2.669505
2.671058
0
0
0
0
0
4.109604
4.090812
4.067037
4.03759
4.00145
2.622157
2.640717
2.662349
2.676899
2.678911
0
0
0
0
0
4.048917
4.033387
4.013459
3.988538
3.957797
2.621915
2.640477
2.662109
2.676662
2.678693
0
0
0
0
0
4.074103
4.06113
4.04417
4.022714
3.996012
2.616714
2.634357
2.654999
2.668699
2.670156
0
0
0
0
0
4.18707
4.176193
4.161587
4.142819
4.119216
2.606553
2.622034
2.640546
2.652471
2.652789
0
0
0
0
0
4.394389
4.385381
4.372791
4.356239
4.335113
2.571686
2.583822
2.598386
2.606934
2.605391
0
0
0
0
0
4.703554
4.696416
4.685849
4.671443
4.652623
2.547372
2.556161
2.56724
2.57243
2.568948
0
0
0
0
0
5.108839
5.104032
5.095935
5.08418
5.068162
2.537209
2.543504
2.551903
2.554995
2.549718
0
0
0
0
0
5.557694
5.555881
5.550976
5.542649
5.530344
2.530174
2.534534
2.540963
2.542431
2.536328
0
0
0
0
0
5.926154
5.92638
5.923631
5.917573
5.907669
2.525454
2.528381
2.533499
2.53385
2.527218
0
0
0
0
0
6.181372
6.183132
6.181983
6.177635
6.169554
2.522242
2.524888
2.52899
2.528672
2.521374
0
0
0
0
0
6.338556
6.341688
6.341989
6.339192
6.332819
2.519108
2.519962
2.52715
2.521558
2.517354
0
0
0
0
0
6.419113
6.423473
6.425171
6.423873
6.419147
2.522309
2.521625
2.527919
2.52239
2.521117
0
0
0
0
0
5.717981
5.640718
5.545325
5.427415
5.280716
2.523949
2.5264
2.531244
2.530779
2.523892
0
0
0
0
0
5.739414
5.675244
5.596079
5.498626
5.378239
2.527145
2.530238
2.535289
2.535834
2.529238
0
0
0
0
0
5.677496
5.624293
5.558674
5.478017
5.378792
2.531837
2.536335
2.542739
2.544166
2.538358
0
0
0
0
0
5.51375
5.470076
5.416043
5.349661
5.268129
2.538846
2.545076
2.553653
2.556797
2.551801
0
0
0
0
0
5.234284
5.198718
5.154544
5.100209
5.033563
2.548916
2.557896
2.569039
2.574683
2.571223
0
0
0
0
0
4.869588
4.840267
4.803723
4.758752
4.703697
2.573213
2.585405
2.600328
2.609031
2.607657
0
0
0
0
0
4.537955
4.514043
4.484078
4.447117
4.40185
2.607488
2.62302
2.64159
2.653611
2.654014
0
0
0
0
0
4.291195
4.271815
4.247268
4.216837
4.179465
2.617142
2.634787
2.655475
2.669246
2.670723
0
0
0
0
0
4.137823
4.122035
4.101767
4.076411
4.045119
2.621909
2.64052
2.662108
2.676677
2.67864
0
0
0
0
0
4.074103
4.061128
4.044171
4.022716
3.996014
2.621752
2.640275
2.66186
2.676423
2.678396
0
0
0
0
0
4.097132
4.086413
4.072036
4.053574
4.030366
2.616538
2.634092
2.654755
2.668466
2.669897
0
0
0
0
0
4.208635
4.199809
4.187525
4.171416
4.150893
2.606355
2.621823
2.640299
2.652199
2.652537
0
0
0
0
0
4.415094
4.407947
4.397513
4.3834
4.365068
2.57143
2.583524
2.598254
2.606643
2.60504
0
0
0
0
0
4.723848
4.718459
4.709883
4.697777
4.681563
2.54714
2.55596
2.567029
2.572438
2.568711
0
0
0
0
0
5.128945
5.125835
5.11963
5.110029
5.096491
2.537032
2.543295
2.551719
2.554836
2.5498
0
0
0
0
0
5.577564
5.577364
5.574282
5.568002
5.558011
2.530159
2.534363
2.540766
2.542218
2.536205
0
0
0
0
0
5.945409
5.947152
5.946092
5.94195
5.934197
2.525158
2.528433
2.533317
2.533668
2.526977
0
0
0
0
0
6.199708
6.20287
6.203281
6.200674
6.194561
2.522308
2.524447
2.52908
2.528463
2.521453
0
0
0
0
0
6.355862
6.360258
6.361992
6.360787
6.356177
2.519141
2.520274
2.525125
2.526774
2.514796
0
0
0
0
0
6.435367
6.440923
6.443869
6.444045
6.440917
2.522578
2.524304
2.524739
2.52686
2.515014
0
0
0
0
0
5.800995
5.736683
5.657307
5.559582
5.438875
2.524273
2.526295
2.530516
2.530814
2.523549
0
0
0
0
0
5.812076
5.758433
5.692273
5.610919
5.510845
2.526899
2.530107
2.535211
2.535504
2.528984
0
0
0
0
0
5.741169
5.696698
5.641644
5.573992
5.490894
2.531792
2.536053
2.542623
2.54405
2.537953
0
0
0
0
0
5.569308
5.532831
5.487454
5.431552
5.362918
2.538551
2.54496
2.553343
2.556653
2.551624
0
0
0
0
0
5.282135
5.252455
5.215292
5.169372
5.112936
2.548602
2.557526
2.568831
2.574314
2.571007
0
0
0
0
0
4.910142
4.885545
4.854596
4.81629
4.769235
2.57297
2.585081
2.599897
2.608677
2.607184
0
0
0
0
0
4.57226
4.552176
4.526674
4.495
4.456035
2.607243
2.62277
2.641324
2.6533
2.653708
0
0
0
0
0
4.320595
4.304338
4.28344
4.257266
4.224935
2.616912
2.634526
2.655199
2.668969
2.67046
0
0
0
0
0
4.163544
4.150366
4.133127
4.111308
4.084141
2.621688
2.640269
2.661908
2.676421
2.678411
0
0
0
0
0
4.097131
4.086413
4.072034
4.053575
4.030368
2.62156
2.640113
2.661655
2.676159
2.678149
0
0
0
0
0
4.118244
4.109533
4.09743
4.081573
4.061385
2.616341
2.633914
2.65448
2.668212
2.669656
0
0
0
0
0
4.228496
4.22146
4.211246
4.19748
4.179639
2.606168
2.621622
2.640082
2.651942
2.65226
0
0
0
0
0
4.434234
4.428736
4.420181
4.408243
4.392372
2.571184
2.583259
2.597941
2.606509
2.604745
0
0
0
0
0
4.742641
4.738838
4.732027
4.721931
4.70804
2.546937
2.555711
2.566818
2.572217
2.568723
0
0
0
0
0
5.147625
5.146029
5.141538
5.133849
5.122487
2.536977
2.543115
2.551499
2.554641
2.549641
0
0
0
0
0
5.596072
5.597327
5.595877
5.59144
5.583517
2.529875
2.534349
2.540583
2.542012
2.535986
0
0
0
0
0
5.963379
5.966497
5.966972
5.964538
5.958722
2.525023
2.528112
2.533361
2.533475
2.526792
0
0
0
0
0
6.21686
6.221291
6.223119
6.22209
6.217736
2.522567
2.524468
2.528545
2.528624
2.521201
0
0
0
0
0
6.37208
6.377642
6.380654
6.380899
6.377897
2.52125
2.523366
2.524971
2.519545
0
0
0
0
0
6.450655
6.457251
6.461405
6.462845
6.461205
2.521228
2.524637
2.528231
2.523091
2.519348
0
0
0
0
0
5.873862
5.82006
5.753732
5.672143
5.57177
2.523746
2.526353
2.530627
2.530046
2.523574
0
0
0
0
0
5.876259
5.831416
5.775864
5.707616
5.623766
2.526915
2.529855
2.535097
2.535429
2.528645
0
0
0
0
0
5.797796
5.760657
5.714407
5.657405
5.587417
2.531495
2.536014
2.542331
2.543945
2.537838
0
0
0
0
0
5.619017
5.588644
5.550527
5.503354
5.445289
2.538273
2.544645
2.553227
2.55633
2.551484
0
0
0
0
0
5.325186
5.300525
5.269302
5.230453
5.182507
2.548469
2.557201
2.568438
2.574097
2.57063
0
0
0
0
0
4.946784
4.926273
4.90009
4.867427
4.827094
2.572724
2.584829
2.599559
2.608224
2.60682
0
0
0
0
0
4.603402
4.586622
4.564981
4.537807
4.504173
2.606977
2.622527
2.641063
2.653018
2.65339
0
0
0
0
0
4.347393
4.333855
4.316108
4.293614
4.265575
2.616703
2.634293
2.654928
2.668679
2.670175
0
0
0
0
0
4.187067
4.176189
4.161584
4.142819
4.119219
2.621547
2.640045
2.661648
2.676212
2.678147
0
0
0
0
0
4.118243
4.109533
4.09743
4.081572
4.061386
2.62138
2.639914
2.661489
2.675947
2.677878
0
0
0
0
0
4.137685
4.130729
4.120653
4.107091
4.08953
2.616177
2.63371
2.654295
2.667922
2.669397
0
0
0
0
0
4.246855
4.241401
4.232993
4.221315
4.205839
2.60601
2.621429
2.639875
2.651716
2.651998
0
0
0
0
0
4.451954
4.447953
4.441064
4.431023
4.417347
2.570965
2.582996
2.597662
2.60618
2.60461
0
0
0
0
0
4.760096
4.757709
4.752501
4.744187
4.732325
2.546841
2.555506
2.566548
2.571996
2.568498
0
0
0
0
0
5.165022
5.164791
5.16183
5.155873
5.146443
2.536759
2.543059
2.551314
2.554407
2.549441
0
0
0
0
0
5.613336
5.615922
5.615943
5.613156
5.607096
2.529714
2.534046
2.540564
2.54182
2.535777
0
0
0
0
0
5.980179
5.984552
5.986418
5.985535
5.981446
2.525595
2.527914
2.533011
2.533507
2.526596
0
0
0
0
0
6.232941
6.238523
6.241634
6.242037
6.239278
2.524801
2.528603
2.528006
2.521393
0
0
0
0
0
6.38731
6.393934
6.398126
6.399663
6.398125
2.524964
2.521946
2.517756
0
0
0
0
0
6.464996
6.472607
6.477816
6.480475
6.480113
2.521646
2.521591
2.528606
2.527515
2.515307
0
0
0
0
0
5.938214
5.893246
5.83751
5.769067
5.684954
2.523937
2.526052
2.530545
2.530315
2.522804
0
0
0
0
0
5.933333
5.895883
5.849202
5.791647
5.721004
2.526615
2.529884
2.534836
2.53533
2.528572
0
0
0
0
0
5.848477
5.817541
5.778683
5.730558
5.671308
2.531204
2.535683
2.542294
2.543639
2.537739
0
0
0
0
0
5.663748
5.638583
5.606624
5.566774
5.517514
2.538229
2.544362
2.552891
2.556211
2.551157
0
0
0
0
0
5.364098
5.343775
5.317617
5.284761
5.243949
2.548325
2.557065
2.568097
2.573682
2.57041
0
0
0
0
0
4.980057
4.963075
4.941014
4.913158
4.878517
2.572429
2.584586
2.599293
2.60787
2.606357
0
0
0
0
0
4.631792
4.617892
4.599584
4.576304
4.54721
2.606771
2.622254
2.640817
2.652744
2.6531
0
0
0
0
0
4.371907
4.360761
4.345757
4.32644
4.302114
2.616537
2.634078
2.654688
2.668394
2.669877
0
0
0
0
0
4.208633
4.199806
4.187521
4.171413
4.150894
2.621364
2.639895
2.661416
2.67594
2.677934
0
0
0
0
0
4.137684
4.130729
4.120652
4.10709
4.089529
2.621228
2.63973
2.661276
2.675772
2.677662
0
0
0
0
0
4.155656
4.150248
4.141943
4.130425
4.11518
2.616021
2.633543
2.654079
2.667727
2.669101
0
0
0
0
0
4.263849
4.259833
4.253023
4.243168
4.229799
2.605842
2.621259
2.639672
2.651499
2.651768
0
0
0
0
0
4.468409
4.465745
4.460368
4.452008
4.440247
2.570893
2.582767
2.597377
2.605886
2.604274
0
0
0
0
0
4.776349
4.775237
4.771459
4.764763
4.754702
2.546642
2.555408
2.566338
2.571705
2.568272
0
0
0
0
0
5.181246
5.182264
5.180683
5.176273
5.168592
2.536588
2.542827
2.551256
2.554219
2.549202
0
0
0
0
0
5.629474
5.633267
5.634635
5.633336
5.628944
2.530634
2.533862
2.540244
2.541795
2.535581
0
0
0
0
0
5.995937
6.001432
6.004567
6.00509
6.00257
2.528524
2.53278
2.533144
2.526621
0
0
0
0
0
6.248031
6.254679
6.258955
6.260655
6.259344
2.528938
2.528065
2.520735
0
0
0
0
0
6.401619
6.409234
6.4145
6.417229
6.416998
2.524067
2.514292
0
0
0
0
0
6.478513
6.487015
6.493247
6.496974
6.497844
2.52231
2.523552
2.524275
2.528048
2.520116
0
0
0
0
0
5.99544
5.95788
5.911048
5.853282
5.782416
2.523892
2.526248
2.530269
2.530131
2.523141
0
0
0
0
0
5.984426
5.95321
5.913983
5.86537
5.805508
2.526299
2.529537
2.534867
2.535051
2.528481
0
0
0
0
0
5.894078
5.868451
5.83585
5.795179
5.744881
2.531207
2.535394
2.541937
2.543601
2.537428
0
0
0
0
0
5.704184
5.683521
5.656817
5.623179
5.581307
2.538144
2.544318
2.552595
2.555855
2.551038
0
0
0
0
0
5.399438
5.382867
5.361087
5.333342
5.298579
2.548115
2.556929
2.567954
2.573324
2.569985
0
0
0
0
0
5.010399
4.996491
4.977992
4.954295
4.924504
2.572178
2.584281
2.599048
2.607588
2.605995
0
0
0
0
0
4.657771
4.6464
4.630997
4.61108
4.585913
2.606588
2.622045
2.64053
2.652491
2.652819
0
0
0
0
0
4.394387
4.385375
4.372784
4.356234
4.335113
2.616358
2.633906
2.654462
2.668143
2.669585
0
0
0
0
0
4.228494
4.221458
4.211243
4.197476
4.179637
2.621244
2.639712
2.661253
2.675695
2.677655
0
0
0
0
0
4.155655
4.150247
4.141942
4.130424
4.115179
2.62112
2.639573
2.661084
2.675544
2.677482
0
0
0
0
0
4.17229
4.168291
4.161548
4.151818
4.138636
2.615879
2.633379
2.653904
2.667496
2.6689
0
0
0
0
0
4.279629
4.276896
4.271538
4.263296
4.251767
2.605855
2.621083
2.639485
2.651282
2.651545
0
0
0
0
0
4.483728
4.482268
4.478241
4.471407
4.461343
2.570831
2.58269
2.597135
2.605579
2.603973
0
0
0
0
0
4.791501
4.791557
4.789068
4.783818
4.775391
2.546282
2.555192
2.566237
2.571489
2.567972
0
0
0
0
0
5.196406
5.19856
5.198242
5.195227
5.189109
2.537884
2.542644
2.551009
2.554156
2.549013
0
0
0
0
0
5.644615
5.649482
5.65207
5.652133
5.649246
2.534796
2.540036
2.541461
2.535553
0
0
0
0
0
6.010712
6.017264
6.021534
6.023342
6.022243
2.533415
2.532883
2.526253
0
0
0
0
0
6.262225
6.269839
6.275193
6.278071
6.278071
2.528441
2.520791
0
0
0
0
0
6.415093
6.423609
6.429876
6.433693
6.434667
2.516611
0
0
0
0
0
6.491309
6.500594
6.507728
6.512488
6.514439
2.522479
2.524006
2.527438
2.523071
2.520735
0
0
0
0
0
6.04667
6.015358
5.975993
5.927203
5.867101
2.52326
2.525966
2.530479
2.529839
2.522915
0
0
0
0
0
6.030388
6.004531
5.971591
5.930493
5.879646
2.526322
2.52927
2.534483
2.535081
2.528196
0
0
0
0
0
5.935317
5.914259
5.887014
5.852654
5.809875
2.531163
2.535401
2.54164
2.543224
2.53739
0
0
0
0
0
5.740913
5.724144
5.701984
5.673649
5.638046
2.537985
2.544243
2.552549
2.555546
2.550672
0
0
0
0
0
5.431671
5.41837
5.400378
5.377053
5.34745
2.547959
2.556712
2.567822
2.573172
2.56962
0
0
0
0
0
5.038169
5.026965
5.011569
4.991466
4.965872
2.57199
2.584026
2.598727
2.607339
2.605707
0
0
0
0
0
4.681601
4.672486
4.659636
4.64265
4.620876
2.606343
2.621855
2.640315
2.652188
2.652562
0
0
0
0
0
4.415091
4.407945
4.397507
4.383393
4.365063
2.616219
2.633726
2.654279
2.667902
2.669329
0
0
0
0
0
4.246855
4.241398
4.232992
4.221312
4.205835
2.621083
2.639586
2.661065
2.675516
2.677403
0
0
0
0
0
4.172291
4.16829
4.161547
4.151817
4.138635
2.620992
2.639467
2.660918
2.675339
2.677245
0
0
0
0
0
4.187734
4.184991
4.179671
4.171519
4.16014
2.615851
2.633234
2.653728
2.66731
2.668662
0
0
0
0
0
4.294316
4.292739
4.288677
4.281901
4.272
2.606045
2.6211
2.639298
2.651078
2.651322
0
0
0
0
0
4.498007
4.497649
4.494838
4.489368
4.480846
2.570595
2.582602
2.597052
2.605325
2.603655
0
0
0
0
0
4.805658
4.806773
4.805465
4.801516
4.794549
2.548649
2.554822
2.566001
2.571384
2.567754
0
0
0
0
0
5.21063
5.213787
5.214617
5.212879
5.20817
2.543956
2.550811
2.553896
2.548949
0
0
0
0
0
5.658802
5.664694
5.668369
5.669667
5.668157
2.541002
2.541235
2.535215
0
0
0
0
0
6.024621
6.03211
6.03745
6.040406
6.040605
2.533543
2.525982
0
0
0
0
0
6.275571
6.2841
6.29043
6.294399
6.29559
2.52119
0
0
0
0
0
6.427872
6.437145
6.444325
6.449152
6.451226
0
0
0
0
0
6.503298
6.513448
6.521375
6.527048
6.530042
2.521258
2.522715
2.527711
2.526865
2.515584
0
0
0
0
0
6.092737
6.066814
6.03375
5.992487
5.941434
2.523463
2.525398
2.530059
2.530057
2.522605
0
0
0
0
0
6.071972
6.050699
6.023163
5.988406
5.945137
2.526336
2.529278
2.53421
2.53468
2.528225
0
0
0
0
0
5.972768
5.955686
5.933051
5.904095
5.867683
2.531062
2.535376
2.541646
2.542915
2.537005
0
0
0
0
0
5.774424
5.761044
5.742815
5.719066
5.688815
2.537868
2.544075
2.55248
2.555495
2.550357
0
0
0
0
0
5.461181
5.450753
5.436063
5.416563
5.391421
2.547794
2.556561
2.567595
2.573041
2.569464
0
0
0
0
0
5.063651
5.054855
5.042189
5.02522
5.003253
2.571642
2.583835
2.598463
2.607
2.605457
0
0
0
0
0
4.703551
4.696415
4.685843
4.671432
4.652616
2.606197
2.621601
2.640112
2.651962
2.652252
0
0
0
0
0
4.434233
4.428733
4.42018
4.408238
4.392365
2.61602
2.633579
2.654093
2.667705
2.669079
0
0
0
0
0
4.26385
4.259833
4.253021
4.243167
4.229796
2.62095
2.639423
2.660928
2.675319
2.677215
0
0
0
0
0
4.187734
4.184992
4.179671
4.171518
4.16014
2.620898
2.639331
2.66081
2.675162
2.677034
0
0
0
0
0
4.202105
4.200497
4.196446
4.189729
4.179944
2.615932
2.633209
2.653575
2.66712
2.66847
0
0
0
0
0
4.308003
4.307485
4.304591
4.299123
4.290703
2.606043
2.62128
2.639319
2.65088
2.651109
0
0
0
0
0
4.511344
4.511986
4.510289
4.506047
4.498902
2.574286
2.582337
2.596941
2.605237
2.603396
0
0
0
0
0
4.81894
4.82099
4.820752
4.817996
4.812344
2.557231
2.565612
2.571132
2.567649
0
0
0
0
0
5.223951
5.228074
5.229919
5.229341
5.225923
2.552167
2.553687
2.548684
0
0
0
0
0
5.672162
5.678948
5.683661
5.686059
5.685798
2.542229
2.534981
0
0
0
0
0
6.037689
6.046085
6.052373
6.056411
6.057773
2.526649
0
0
0
0
0
6.28825
6.297509
6.304765
6.309721
6.312016
0
0
0
0
0
6.439798
6.449982
6.457929
6.463681
6.466775
0
0
0
0
6.514897
6.525491
6.534294
6.540768
6.544687
2.517184
2.523228
2.524768
2.526889
2.519576
0
0
0
0
0
6.134458
6.113086
6.085457
6.050547
6.007084
2.523238
2.525679
2.529598
2.529568
2.522832
0
0
0
0
0
6.109719
6.092468
6.069558
6.040252
6.00338
2.526271
2.529313
2.534234
2.534392
2.527816
0
0
0
0
0
6.006941
5.993308
5.974686
5.950381
5.919422
2.530926
2.535249
2.541634
2.542917
2.53669
0
0
0
0
0
5.805101
5.794711
5.779904
5.760124
5.734502
2.537757
2.543968
2.552301
2.55543
2.550304
0
0
0
0
0
5.48827
5.4804
5.468612
5.452447
5.431167
2.547515
2.556394
2.567444
2.572803
2.569334
0
0
0
0
0
5.087129
5.08045
5.070214
5.056001
5.037197
2.571441
2.583469
2.598264
2.606725
2.60511
0
0
0
0
0
4.723848
4.718457
4.709882
4.69777
4.681553
2.606053
2.621449
2.639845
2.651744
2.65202
0
0
0
0
0
4.451954
4.447953
4.441061
4.431021
4.417341
2.615928
2.633377
2.653935
2.667509
2.668875
0
0
0
0
0
4.279632
4.276896
4.271538
4.263293
4.251765
2.620908
2.639287
2.66076
2.67517
2.677014
0
0
0
0
0
4.202106
4.200497
4.196447
4.189729
4.179943
2.620981
2.639236
2.660663
2.675048
2.67685
0
0
0
0
0
4.215499
4.214926
4.212021
4.206586
4.19825
2.615941
2.633292
2.653554
2.666958
2.668272
0
0
0
0
0
4.320787
4.321228
4.319404
4.315115
4.308016
2.608618
2.621264
2.639494
2.650904
2.650905
0
0
0
0
0
4.523856
4.525379
4.524691
4.521575
4.51567
2.586186
2.596647
2.605105
2.603307
0
0
0
0
0
4.831372
4.834327
4.835034
4.83336
4.828913
2.568114
2.570724
2.567389
0
0
0
0
0
5.236499
5.241454
5.244276
5.244725
5.24248
2.555085
2.54847
0
0
0
0
0
5.684703
5.692372
5.697989
5.701437
5.70229
2.535985
0
0
0
0
0
6.050118
6.059216
6.066421
6.071419
6.073876
0
0
0
0
0
6.300061
6.310247
6.318243
6.324135
6.327429
0
0
0
0
6.451383
6.461963
6.470831
6.477358
6.481389
0
0
0
6.525349
6.537142
6.546396
6.553758
6.558486
2.521324
2.518339
2.527009
2.522774
2.519472
0
0
0
0
0
6.172288
6.154991
6.131955
6.102526
6.06547
2.523532
2.525523
2.529859
2.529169
2.522323
0
0
0
0
0
6.14418
6.130385
6.111534
6.086894
6.055521
2.5261
2.529238
2.534286
2.534424
2.527521
0
0
0
0
0
6.038226
6.027637
6.012496
5.992242
5.965977
2.530864
2.535134
2.541486
2.542913
2.53669
0
0
0
0
0
5.833269
5.825531
5.813743
5.797419
5.775805
2.537533
2.54386
2.552201
2.555239
2.550241
0
0
0
0
0
5.513229
5.507616
5.498412
5.485178
5.467266
2.547369
2.556097
2.56727
2.572649
2.569092
0
0
0
0
0
5.108839
5.10403
5.095933
5.084173
5.068152
2.57125
2.583262
2.597874
2.606517
2.604829
0
0
0
0
0
4.742641
4.738837
4.732025
4.72193
4.708033
2.605937
2.621304
2.639682
2.651461
2.651794
0
0
0
0
0
4.468413
4.465745
4.460367
4.452005
4.440245
2.615863
2.633287
2.653725
2.667337
2.668674
0
0
0
0
0
4.294317
4.292742
4.288678
4.2819
4.271997
2.620996
2.639242
2.660618
2.674993
2.676857
0
0
0
0
0
4.215499
4.214927
4.212021
4.206587
4.19825
2.621007
2.639321
2.660565
2.674888
2.676734
0
0
0
0
0
4.228007
4.228374
4.226514
4.222237
4.215196
2.618095
2.633314
2.653639
2.666936
2.668105
0
0
0
0
0
4.332779
4.334064
4.333208
4.33
4.324092
2.623999
2.639467
2.651074
2.650932
0
0
0
0
0
4.535563
4.537942
4.538145
4.536049
4.531281
2.600712
2.604787
2.603166
0
0
0
0
0
4.843084
4.846812
4.848434
4.847716
4.844362
2.573318
2.566974
0
0
0
0
0
5.248265
5.254058
5.257722
5.259158
5.257952
2.549884
0
0
0
0
0
5.696654
5.704973
5.711484
5.715847
5.717762
0
0
0
0
0
6.061672
6.071703
6.079621
6.085547
6.088975
0
0
0
0
6.311565
6.322113
6.331046
6.337688
6.34193
0
0
0
6.461783
6.473601
6.482872
6.490331
6.495147
0
0
6.536172
6.547643
6.558106
6.565925
6.571552
2.521512
2.523545
2.522117
2.526235
2.514879
0
0
0
0
0
6.20684
6.192991
6.174063
6.14927
6.117742
2.523327
2.525806
2.529825
2.529417
2.521948
0
0
0
0
0
6.175712
6.165001
6.149638
6.129093
6.102429
2.526107
2.529061
2.534168
2.534484
2.527556
0
0
0
0
0
6.06696
6.059065
6.046999
6.030259
6.008082
2.53067
2.535078
2.541386
2.542748
2.536691
0
0
0
0
0
5.859229
5.853831
5.844722
5.831446
5.813323
2.537417
2.543617
2.552092
2.555142
2.550046
0
0
0
0
0
5.536311
5.532691
5.525767
5.515143
5.500193
2.547228
2.555955
2.566954
2.572467
2.568936
0
0
0
0
0
5.128946
5.125834
5.119627
5.110027
5.096484
2.571067
2.583066
2.597657
2.606103
2.604616
0
0
0
0
0
4.760101
4.757709
4.7525
4.744185
4.732324
2.605894
2.621182
2.639532
2.651285
2.651503
0
0
0
0
0
4.48373
4.482272
4.478241
4.471407
4.46134
2.615952
2.633215
2.653634
2.667116
2.668494
0
0
0
0
0
4.308003
4.307486
4.304594
4.299124
4.290702
2.620995
2.639336
2.660568
2.674842
2.676677
0
0
0
0
0
4.228007
4.228374
4.226515
4.222237
4.215196
2.62268
2.639364
2.660652
2.674784
2.676567
0
0
0
0
0
4.23974
4.240932
4.240023
4.236801
4.230929
2.635574
2.653673
2.667022
2.668084
0
0
0
0
0
4.343995
4.346104
4.346102
4.343873
4.339056
2.642395
2.651039
2.6511
0
0
0
0
0
4.546595
4.549697
4.550765
4.549569
4.545832
2.609053
2.602837
0
0
0
0
0
4.854059
4.858574
4.860978
4.861184
4.858796
2.569608
0
0
0
0
0
5.259496
5.265875
5.270388
5.272676
5.272468
0
0
0
0
0
5.707724
5.71698
5.724151
5.729419
5.73226
0
0
0
0
6.072965
6.083312
6.092174
6.098822
6.10319
0
0
0
6.321842
6.33367
6.342973
6.350564
6.355563
0
0
6.472621
6.48405
6.494569
6.502438
6.508196
0
6.544797
6.558516
6.56866
6.577699
6.583788
2.518571
2.52254
2.527652
2.521904
2.51884
0
0
0
0
0
6.238451
6.227696
6.21225
6.191599
6.164751
2.523083
2.525374
2.529975
2.529442
2.522177
0
0
0
0
0
6.204692
6.196675
6.184425
6.167402
6.144869
2.525939
2.529084
2.534033
2.53434
2.527621
0
0
0
0
0
6.093446
6.087931
6.078585
6.064949
6.046321
2.530564
2.534848
2.54133
2.542658
2.536519
0
0
0
0
0
5.883234
5.879913
5.873167
5.862598
5.847553
2.537302
2.543515
2.55183
2.55503
2.54995
0
0
0
0
0
5.557696
5.555881
5.550972
5.542652
5.530339
2.547084
2.555813
2.566811
2.572133
2.568751
0
0
0
0
0
5.147631
5.14603
5.141538
5.133847
5.122485
2.57087
2.582871
2.597454
2.605875
2.604192
0
0
0
0
0
4.776352
4.775242
4.771459
4.764763
4.7547
2.606053
2.621128
2.639403
2.651129
2.65132
0
0
0
0
0
4.498006
4.497651
4.494842
4.489368
4.480845
2.615994
2.633309
2.653553
2.667023
2.668268
0
0
0
0
0
4.320787
4.321228
4.319405
4.315118
4.308017
2.622698
2.639349
2.660668
2.674784
2.67652
0
0
0
0
0
4.239739
4.240932
4.240023
4.236802
4.230929
2.641116
2.660712
2.674872
2.67646
0
0
0
0
0
4.250713
4.252713
4.252637
4.250376
4.245569
2.656072
2.667066
2.668171
0
0
0
0
0
4.354568
4.357365
4.358197
4.35683
4.353002
2.654147
2.651062
0
0
0
0
0
4.556927
4.560774
4.562574
4.562253
4.559425
2.607199
0
0
0
0
0
4.864546
4.869595
4.872794
4.873791
4.872338
0
0
0
0
0
5.269869
5.277157
5.282264
5.28541
5.286064
0
0
0
0
5.718604
5.728103
5.736221
5.742158
5.745916
0
0
0
6.082981
6.094659
6.103844
6.111448
6.116546
0
0
6.332641
6.343995
6.35459
6.362557
6.368516
0
6.481157
6.494937
6.505071
6.514199
6.520373
6.555109
6.567179
6.579588
6.58831
6.595632
2.521338
2.518737
2.525702
2.527177
2.514927
0
0
0
0
0
6.267518
6.259449
6.247125
6.229989
6.207318
2.523158
2.525366
2.529519
2.529504
2.522236
0
0
0
0
0
6.231398
6.225786
6.216256
6.202375
6.183397
2.525858
2.528854
2.534052
2.534229
2.527464
0
0
0
0
0
6.117928
6.11454
6.107597
6.096708
6.081214
2.53048
2.534773
2.541071
2.542599
2.536432
0
0
0
0
0
5.90548
5.90403
5.899384
5.891203
5.878892
2.537202
2.543398
2.551736
2.554752
2.549836
0
0
0
0
0
5.57757
5.577366
5.574282
5.567999
5.558014
2.546889
2.555661
2.566665
2.571986
2.568409
0
0
0
0
0
5.165024
5.164797
5.161832
5.155873
5.14644
2.57097
2.582653
2.597243
2.605662
2.603958
0
0
0
0
0
4.7915
4.791561
4.789074
4.783818
4.77539
2.606055
2.621284
2.639336
2.65099
2.651161
0
0
0
0
0
4.511342
4.511985
4.510291
4.506052
4.498902
2.618124
2.633369
2.653652
2.666931
2.668173
0
0
0
0
0
4.332776
4.334063
4.333208
4.330001
4.324096
2.641133
2.660692
2.674889
2.676459
0
0
0
0
0
4.25071
4.252711
4.252637
4.250376
4.24557
2.662573
2.674943
2.676549
0
0
0
0
0
4.261058
4.26373
4.264471
4.263052
4.259216
2.669603
2.668219
0
0
0
0
0
4.364466
4.367982
4.369509
4.368985
4.366028
2.654265
0
0
0
0
0
4.566806
4.571149
4.573702
4.57412
4.572176
0
0
0
0
0
4.87421
4.880126
4.883868
4.885669
4.885015
0
0
0
0
5.280118
5.287576
5.293601
5.29735
5.298872
0
0
0
5.728158
5.739034
5.747402
5.754297
5.758733
0
0
6.09364
6.104723
6.11525
6.123183
6.129249
0
6.341008
6.354845
6.364969
6.374239
6.38058
6.491528
6.503513
6.516013
6.524759
6.532203
6.577537
6.588293
6.599298
6.606304
2.520892
2.523283
2.522366
2.524578
2.519912
0
0
0
0
0
6.294289
6.288647
6.279035
6.265048
6.245926
2.522836
2.52535
2.529688
2.529065
2.522259
0
0
0
0
0
6.256083
6.252613
6.245511
6.234377
6.21857
2.525785
2.528811
2.533775
2.534243
2.527365
0
0
0
0
0
6.140633
6.139134
6.13434
6.125879
6.113159
2.530372
2.534685
2.541016
2.54232
2.536372
0
0
0
0
0
5.926156
5.926381
5.923626
5.917567
5.907669
2.537034
2.543294
2.551614
2.554662
2.549552
0
0
0
0
0
5.596073
5.597333
5.595878
5.591439
5.583513
2.546888
2.55545
2.566503
2.571835
2.568262
0
0
0
0
0
5.181242
5.182267
5.18069
5.176275
5.168592
2.570802
2.582747
2.597001
2.605437
2.603742
0
0
0
0
0
4.805655
4.806773
4.805468
4.801522
4.794548
2.608657
2.621273
2.639493
2.650912
2.651018
0
0
0
0
0
4.523851
4.525376
4.52469
4.521577
4.515674
2.635594
2.653731
2.667033
2.668075
0
0
0
0
0
4.343991
4.346101
4.346101
4.343872
4.339057
2.662583
2.674921
2.676566
0
0
0
0
0
4.261058
4.263727
4.26447
4.263052
4.259216
2.676915
2.676627
0
0
0
0
0
4.270739
4.274117
4.275538
4.274944
4.271959
2.670834
0
0
0
0
0
4.373933
4.37792
4.380173
4.380353
4.378247
0
0
0
0
0
4.575891
4.581068
4.584125
4.585304
4.584107
0
0
0
0
4.8838
4.889831
4.894448
4.896799
4.896958
0
0
0
5.289021
5.297871
5.304071
5.308748
5.310881
0
0
5.738494
5.748634
5.75839
5.765542
5.770946
0
6.101702
6.115432
6.125367
6.134655
6.141056
6.351467
6.363251
6.375874
6.384675
6.392332
6.513931
6.524632
6.535761
6.542825
6.598703
6.608049
6.617356
2.521008
2.521747
2.52724
2.522254
2.517072
0
0
0
0
0
6.319037
6.315537
6.308376
6.297128
6.281186
2.522849
2.52506
2.529503
2.52933
2.521838
0
0
0
0
0
6.278987
6.277409
6.272472
6.263789
6.250757
2.525651
2.528739
2.533767
2.533935
2.527375
0
0
0
0
0
6.161725
6.161943
6.159059
6.152769
6.142501
2.530222
2.534564
2.540917
2.542276
2.536085
0
0
0
0
0
5.945409
5.947154
5.946093
5.941945
5.934192
2.537071
2.543114
2.551507
2.554532
2.549465
0
0
0
0
0
5.613334
5.615923
5.615949
5.613158
5.607096
2.546574
2.555463
2.566273
2.571663
2.568109
0
0
0
0
0
5.196402
5.198556
5.198245
5.195233
5.18911
2.574379
2.582561
2.597094
2.605173
2.60351
0
0
0
0
0
4.818933
4.820987
4.820751
4.817999
4.812349
2.624031
2.639474
2.65107
2.650934
0
0
0
0
0
4.535555
4.537937
4.538142
4.536048
4.531283
2.656084
2.667125
2.66818
0
0
0
0
0
4.354568
4.357362
4.358193
4.356829
4.353002
2.676918
2.676603
0
0
0
0
0
4.27074
4.274117
4.275535
4.274942
4.271959
2.678663
0
0
0
0
0
4.280002
4.283837
4.285972
4.286065
4.283914
0
0
0
0
0
4.382628
4.387426
4.390156
4.39107
4.389676
0
0
0
0
4.584939
4.590191
4.594089
4.595779
4.595352
0
0
0
4.892051
4.899462
4.904198
4.907433
4.908149
0
0
5.298825
5.306813
5.314417
5.319274
5.322345
0
5.746058
5.759019
5.768042
5.776593
5.782261
6.112187
6.123533
6.136133
6.14483
6.152598
6.37376
6.384324
6.395642
6.402831
6.535104
6.544427
6.553891
6.618517
6.626158
2.520175
2.522773
2.524281
2.526552
2.515313
0
0
0
0
0
6.342018
6.340397
6.335399
6.326625
6.313448
2.522903
2.525136
2.529269
2.528991
2.522135
0
0
0
0
0
6.300252
6.300418
6.297392
6.290896
6.280338
2.52553
2.52862
2.533686
2.533945
2.527058
0
0
0
0
0
6.181371
6.183133
6.181984
6.177624
6.169549
2.530215
2.53441
2.540799
2.542165
2.536046
0
0
0
0
0
5.963377
5.966497
5.966974
5.964538
5.958716
2.536963
2.543176
2.551308
2.554424
2.549333
0
0
0
0
0
5.629469
5.633265
5.634635
5.633341
5.628945
2.548866
2.555132
2.566298
2.571415
2.567932
0
0
0
0
0
5.210623
5.213783
5.214614
5.212881
5.208176
2.586279
2.596889
2.605266
2.603237
0
0
0
0
0
4.831359
4.83432
4.835031
4.83336
4.828916
2.642421
2.651045
2.651094
0
0
0
0
0
4.546594
4.549688
4.55076
4.549567
4.545831
2.669606
2.66828
0
0
0
0
0
4.364469
4.367982
4.369505
4.368981
4.366027
2.678661
0
0
0
0
0
4.280002
4.283838
4.285972
4.286063
4.283913
0
0
0
0
0
4.2885
4.293138
4.295736
4.29655
4.295095
0
0
0
0
4.391308
4.396156
4.399706
4.401102
4.400451
0
0
0
4.592667
4.599276
4.603254
4.605793
4.605883
0
0
4.901272
4.907747
4.913875
4.917234
4.918843
0
5.305732
5.316661
5.323404
5.329676
5.332932
5.756402
5.766618
5.778481
5.7863
5.79338
6.13407
6.144277
6.155657
6.162836
6.394888
6.404139
6.413863
6.554957
6.562609
6.636687
2.520726
2.522315
2.526558
2.522327
2.519175
0
0
0
0
0
6.363329
6.363481
6.360382
6.353794
6.343113
2.522699
2.525062
2.529359
2.52881
2.521727
0
0
0
0
0
6.320064
6.321779
6.320515
6.31595
6.307601
2.52558
2.528501
2.533557
2.533851
2.527074
0
0
0
0
0
6.19971
6.20287
6.203281
6.200675
6.19455
2.530113
2.53443
2.540629
2.542052
2.53593
0
0
0
0
0
5.98017
5.98455
5.986418
5.985537
5.981446
2.538164
2.543047
2.551394
2.554206
2.549223
0
0
0
0
0
5.644606
5.649477
5.652068
5.652134
5.649252
2.557459
2.565946
2.571449
2.567676
0
0
0
0
0
5.223937
5.228067
5.229915
5.229337
5.225926
2.600806
2.605045
2.60333
0
0
0
0
0
4.843083
4.846799
4.848427
4.847713
4.844361
2.654169
2.651067
0
0
0
0
0
4.556931
4.560774
4.562566
4.562247
4.559422
2.670833
0
0
0
0
0
4.373934
4.377923
4.380173
4.380349
4.378244
0
0
0
0
0
4.288499
4.293138
4.295737
4.29655
4.295092
0
0
0
0
4.296997
4.301671
4.305079
4.306363
4.305636
0
0
0
4.398686
4.404871
4.408476
4.410699
4.410536
0
0
4.601398
4.607036
4.612381
4.615004
4.615952
0
4.907556
4.917008
4.922199
4.92696
4.928697
5.315689
5.323598
5.3333
5.338712
5.343394
5.777015
5.78612
5.796799
5.803147
6.154871
6.163847
6.173729
6.414763
6.422412
6.573201
2.520916
2.520933
2.526172
2.525853
2.514392
0
0
0
0
0
6.383199
6.384888
6.383579
6.37891
6.370437
2.522438
2.524985
2.529235
2.528953
2.521571
0
0
0
0
0
6.338565
6.341681
6.341983
6.339198
6.3328
2.525495
2.528597
2.533433
2.533732
2.526975
0
0
0
0
0
6.216851
6.221294
6.223119
6.22209
6.217737
2.530976
2.53431
2.54067
2.541863
2.535821
0
0
0
0
0
5.995925
6.001423
6.004564
6.00509
6.002572
2.544249
2.551246
2.55431
2.548997
0
0
0
0
0
5.658788
5.664685
5.668364
5.669665
5.668158
2.568355
2.571079
2.567715
0
0
0
0
0
5.236498
5.24144
5.244269
5.24472
5.242476
2.609149
2.603102
0
0
0
0
0
4.854064
4.858572
4.860965
4.861177
4.858793
2.654284
0
0
0
0
0
4.566807
4.571153
4.573701
4.574112
4.572171
0
0
0
0
0
4.382623
4.387427
4.390159
4.39107
4.389672
0
0
0
0
4.296995
4.301669
4.305079
4.306364
4.305636
0
0
0
4.304201
4.310203
4.313651
4.315752
4.315501
0
0
4.40708
4.41228
4.41723
4.419512
4.420185
0
4.607194
4.615804
4.620177
4.624177
4.625212
4.917009
4.923318
4.931504
4.935327
4.938477
5.333605
5.340272
5.348661
5.352482
5.796575
5.804482
5.81371
6.174505
6.18197
6.4331
2.52066
2.52265
2.523034
2.525573
2.518496
0
0
0
0
0
6.401755
6.404848
6.405093
6.402231
6.395697
2.522736
2.524949
2.529162
2.528754
2.521741
0
0
0
0
0
6.355853
6.360267
6.361985
6.360781
6.356182
2.526029
2.528437
2.533607
2.533593
2.526863
0
0
0
0
0
6.232931
6.238514
6.241637
6.242037
6.239278
2.535155
2.540536
2.54192
2.535622
0
0
0
0
0
6.010698
6.017253
6.021526
6.023339
6.022243
2.552476
2.554148
2.549108
0
0
0
0
0
5.672163
5.678934
5.683652
5.686054
5.685796
2.57357
2.567338
0
0
0
0
0
5.248269
5.254057
5.257708
5.259151
5.257948
2.607296
0
0
0
0
0
4.864548
4.869599
4.872793
4.873778
4.872331
0
0
0
0
0
4.575885
4.58107
4.584128
4.585303
4.584099
0
0
0
0
4.391303
4.396151
4.399706
4.401105
4.40045
0
0
0
4.304201
4.3102
4.313649
4.315752
4.315502
0
0
4.312428
4.317436
4.322221
4.324366
4.324939
0
4.412552
4.420708
4.424674
4.428311
4.429045
4.616209
4.621623
4.628985
4.632012
4.634435
4.932817
4.937843
4.94468
4.946891
5.350333
5.35567
5.36249
5.815001
5.821441
6.192696
2.51747
2.522376
2.52637
2.521265
2.518288
0
0
0
0
0
6.419096
6.423486
6.425151
6.42386
6.419151
2.523136
2.524726
2.529442
2.528687
2.521509
0
0
0
0
0
6.372075
6.377634
6.380663
6.380892
6.377891
2.528979
2.53338
2.533827
2.526713
0
0
0
0
0
6.24801
6.254669
6.258946
6.260657
6.259343
2.541384
2.541776
2.535686
0
0
0
0
0
6.024624
6.032096
6.037438
6.040397
6.040603
2.555409
2.548941
0
0
0
0
0
5.684706
5.692373
5.697976
5.701429
5.702285
2.569865
0
0
0
0
0
5.259496
5.265879
5.270387
5.272663
5.272462
0
0
0
0
0
4.874201
4.880128
4.883872
4.885667
4.885002
0
0
0
0
4.584931
4.590185
4.594091
4.595782
4.595351
0
0
0
4.398683
4.404866
4.408471
4.4107
4.410539
0
0
4.312425
4.317436
4.322218
4.324365
4.32494
0
4.317741
4.325696
4.329487
4.332979
4.3336
4.42127
4.426203
4.43314
4.435791
4.437891
4.630681
4.634831
4.640865
4.642312
4.947393
4.951051
4.956295
5.365792
5.369539
5.832029
2.52094
2.518035
2.526146
2.525548
2.513522
0
0
0
0
0
6.435379
6.440907
6.443882
6.444026
6.440904
2.525368
2.528701
2.529297
2.521442
0
0
0
0
0
6.387276
6.393929
6.398118
6.399671
6.398118
2.533908
2.533542
2.526973
0
0
0
0
0
6.262233
6.269819
6.275184
6.278062
6.278073
2.542631
2.535538
0
0
0
0
0
6.037688
6.046087
6.052359
6.0564
6.057765
2.550214
0
0
0
0
0
5.696654
5.704975
5.711485
5.715834
5.717754
0
0
0
0
0
5.26986
5.277157
5.282268
5.285409
5.286051
0
0
0
0
4.883789
4.889822
4.894449
4.896803
4.896956
0
0
0
4.592665
4.599269
4.603247
4.605795
4.605886
0
0
4.407072
4.412277
4.417225
4.419508
4.420185
0
4.317738
4.325693
4.329487
4.332977
4.333598
4.32631
4.331031
4.337785
4.340282
4.342259
4.434962
4.438659
4.4443
4.445411
4.643937
4.64674
4.651213
4.960658
4.962702
5.379726
2.522156
2.521637
2.525466
2.518128
0
0
0
0
0
6.450601
6.457263
6.46139
6.462858
6.461187
2.529564
2.528113
2.522207
0
0
0
0
0
6.401639
6.4092
6.414495
6.417221
6.417006
2.534065
2.526665
0
0
0
0
0
6.275567
6.284107
6.29041
6.29439
6.295582
2.536395
0
0
0
0
0
6.050122
6.059214
6.066424
6.071405
6.073865
0
0
0
0
0
5.707715
5.71698
5.724153
5.72942
5.732247
0
0
0
0
5.280106
5.287567
5.293601
5.297354
5.298871
0
0
0
4.892048
4.899451
4.90419
4.907435
4.908153
0
0
4.601386
4.607035
4.612373
4.614997
4.615953
0
4.412543
4.420701
4.42467
4.428306
4.42904
4.326308
4.331028
4.337782
4.340282
4.342256
4.33964
4.343144
4.348621
4.349601
4.447464
4.449847
4.453966
4.655898
4.65712
4.972369
2.525337
2.521374
2.51813
0
0
0
0
0
6.46502
6.472556
6.477826
6.48046
6.480126
2.529062
2.520825
0
0
0
0
0
6.415083
6.423629
6.429843
6.433688
6.434659
2.527183
0
0
0
0
0
6.288256
6.297505
6.304772
6.309701
6.312007
0
0
0
0
0
6.06166
6.071708
6.07962
6.08555
6.088961
0
0
0
0
5.71859
5.728094
5.736221
5.74216
5.745916
0
0
0
5.289019
5.297858
5.304063
5.308748
5.310885
0
0
4.901256
4.907745
4.913864
4.917225
4.918844
0
4.607178
4.615792
4.620175
4.624169
4.625205
4.421262
4.426194
4.433133
4.435788
4.437886
4.339638
4.343141
4.348618
4.349601
4.351797
4.354007
4.357985
4.458701
4.459542
4.666335
2.524133
2.51436
0
0
0
0
0
6.478496
6.487039
6.493197
6.496984
6.49783
2.521796
0
0
0
0
0
6.427876
6.437135
6.444344
6.44912
6.451221
0
0
0
0
0
6.300049
6.310252
6.318239
6.324143
6.327409
0
0
0
0
6.07295
6.083301
6.092179
6.098821
6.103193
0
0
0
5.72816
5.739021
5.747393
5.754297
5.758735
0
0
5.298807
5.306811
5.314405
5.319266
5.322345
0
4.907535
4.916992
4.922197
4.926949
4.928688
4.616197
4.621608
4.628973
4.63201
4.634427
4.434954
4.438651
4.444293
4.445409
4.351795
4.354004
4.357982
4.362708
4.363399
4.468451
2.516568
0
0
0
0
0
6.491319
6.500576
6.507751
6.512439
6.514448
0
0
0
0
0
6.439786
6.449987
6.457919
6.4637
6.466744
0
0
0
0
6.311549
6.322101
6.331052
6.337684
6.341937
0
0
0
6.082985
6.094645
6.103833
6.111452
6.116545
0
0
5.738479
5.748636
5.758377
5.765533
5.770947
0
5.305707
5.316643
5.323402
5.329664
5.332924
4.916993
4.923297
4.931488
4.935325
4.938466
4.630669
4.634815
4.640852
4.642311
4.447456
4.449838
4.453959
4.362706
4.363396
4.372154
0
0
0
0
0
6.503278
6.513458
6.521357
6.527071
6.529994
0
0
0
0
6.451365
6.461952
6.470836
6.477349
6.481408
0
0
0
6.321848
6.333655
6.342961
6.350569
6.355559
0
0
6.09363
6.104727
6.115236
6.123172
6.129253
0
5.746034
5.759005
5.768043
5.776581
5.782252
5.31567
5.323573
5.333283
5.338709
5.343382
4.932801
4.937823
4.944664
4.946889
4.643925
4.646724
4.651201
4.458693
4.459534
4.372152
0
0
0
0
6.514867
6.525471
6.534304
6.540751
6.54471
0
0
0
6.461798
6.473583
6.482861
6.490336
6.495137
0
0
6.332636
6.344001
6.354575
6.362545
6.368521
0
6.101679
6.115423
6.125372
6.134641
6.141045
5.756384
5.766595
5.778467
5.786302
5.793367
5.333586
5.340247
5.348644
5.35248
4.947378
4.951031
4.95628
4.655886
4.657104
4.468443
0
0
0
6.52537
6.537114
6.546377
6.553768
6.558469
0
0
6.472628
6.484065
6.494552
6.502427
6.5082
0
6.340994
6.35484
6.364975
6.374224
6.380569
6.112173
6.123511
6.136124
6.144835
6.152584
5.776998
5.786097
5.796785
5.803149
5.350315
5.355645
5.362472
4.960642
4.962681
4.666323
0
0
6.536177
6.547664
6.558078
6.565906
6.571562
0
6.481144
6.494944
6.505086
6.514182
6.520363
6.351456
6.363237
6.37587
6.384682
6.392317
6.134056
6.144255
6.155648
6.16284
5.796559
5.804459
5.813696
5.365774
5.369514
4.972354
0
6.544778
6.558521
6.56868
6.577672
6.58377
6.491527
6.5035
6.51602
6.524774
6.532186
6.373749
6.38431
6.395637
6.402838
6.154858
6.163826
6.17372
5.814985
5.821418
5.379708
6.555121
6.567161
6.579593
6.58833
6.595604
6.51393
6.52462
6.535768
6.54284
6.394877
6.404125
6.413859
6.174492
6.181949
5.832013
6.57755
6.588276
6.599303
6.606324
6.535104
6.544415
6.553898
6.414753
6.422398
6.192682
6.598715
6.608033
6.617361
6.554957
6.562597
6.43309
6.618528
6.626142
6.573201
6.636698
)
;

boundaryField
{
    cathodeSides
    {
        type            zeroGradient;
    }
    electrolyteSides
    {
        type            zeroGradient;
    }
    anodeSides
    {
        type            zeroGradient;
    }
    phiI_to_phiI0
    {
        type            zeroGradient;
    }
}


// ************************************************************************* //
