/*--------------------------------*- C++ -*----------------------------------*\
| =========                 |                                                 |
| \\      /  F ield         | OpenFOAM: The Open Source CFD Toolbox           |
|  \\    /   O peration     | Version:  2312                                  |
|   \\  /    A nd           | Website:  www.openfoam.com                      |
|    \\/     M anipulation  |                                                 |
\*---------------------------------------------------------------------------*/
FoamFile
{
    version     2.0;
    format      ascii;
    arch        "LSB;label=32;scalar=64";
    class       volScalarField;
    location    "60/phiEC";
    object      J;
}
// * * * * * * * * * * * * * * * * * * * * * * * * * * * * * * * * * * * * * //

dimensions      [0 -3 0 0 0 1 0];

internalField   nonuniform List<scalar> 
20000
(
0
0
0
0
0
0
0
0
0
0
0
0
0
0
0
0
0
0
0
0
0
0
0
0
0
0
0
0
0
0
0
0
0
0
0
0
0
0
0
0
0
0
0
0
0
0
0
0
0
0
0
0
0
0
0
0
0
0
0
0
0
0
0
0
0
0
0
0
0
0
0
0
0
0
0
0
0
0
0
0
0
0
0
0
0
0
0
0
0
0
0
0
0
0
0
0
0
0
0
0
0
0
0
0
0
0
0
0
0
0
0
0
0
0
0
0
0
0
0
0
0
0
0
0
0
0
0
0
0
0
0
0
0
0
0
0
0
0
0
0
0
0
0
0
0
0
0
0
0
0
0
0
0
0
0
0
0
0
0
0
0
0
0
0
0
0
0
0
0
0
0
0
0
0
0
0
0
0
0
0
0
0
0
0
0
0
0
0
0
0
0
0
0
0
0
0
0
0
0
0
0
0
0
0
0
0
0
0
0
0
0
0
0
0
0
0
0
0
0
0
0
0
0
0
0
0
0
0
0
0
0
0
0
0
0
0
0
0
0
0
0
0
0
0
0
0
0
0
0
0
0
0
0
0
0
0
0
0
0
0
0
0
0
0
0
0
0
0
0
0
0
0
0
0
0
0
0
0
0
0
0
0
0
0
0
0
0
0
0
0
0
0
0
0
0
0
0
0
0
0
0
0
0
0
0
0
0
0
0
0
0
0
0
0
0
0
0
0
0
0
0
0
0
0
0
0
0
0
0
0
0
0
0
0
0
0
0
0
0
0
0
0
0
0
0
0
0
0
0
0
0
0
0
0
0
0
0
0
0
0
0
0
0
0
0
0
0
0
0
0
0
0
0
0
0
0
0
0
0
0
0
0
0
0
0
0
0
0
0
0
0
0
0
0
0
0
0
0
0
0
0
0
0
0
0
0
0
0
0
0
0
0
0
0
0
0
0
0
0
0
0
0
0
0
0
0
0
0
0
0
0
0
0
0
0
0
0
0
0
0
0
0
0
0
0
0
0
0
0
0
0
0
0
0
0
0
0
0
0
0
0
0
0
0
0
0
0
0
0
0
0
0
0
0
0
0
0
0
0
0
0
0
0
0
0
0
0
0
0
0
0
0
0
0
0
0
0
0
0
0
0
0
0
0
0
0
0
0
0
0
0
0
0
0
0
0
0
0
0
0
0
0
0
0
0
0
0
0
0
0
0
0
0
0
0
0
0
0
0
0
0
0
0
0
0
0
0
0
0
0
0
0
0
0
0
0
0
0
0
0
0
0
0
0
0
0
0
0
0
0
0
0
0
0
0
0
0
0
0
0
0
0
0
0
0
0
0
0
0
0
0
0
0
0
0
0
0
0
0
0
0
0
0
0
0
0
0
0
0
0
0
0
0
0
0
0
0
0
0
0
0
0
0
0
0
0
0
0
0
0
0
0
0
0
0
0
0
0
0
0
0
0
0
0
0
0
0
0
0
0
0
0
0
0
0
0
0
0
0
0
0
0
0
0
0
0
0
0
0
0
0
0
0
0
0
0
0
0
0
0
0
0
0
0
0
0
0
0
0
0
0
0
0
0
0
0
0
0
0
0
0
0
0
0
0
0
0
0
0
0
0
0
0
0
0
0
0
0
0
0
0
0
0
0
0
0
0
0
0
0
0
0
0
0
0
0
0
0
0
0
0
0
0
0
0
0
0
0
0
0
0
0
0
0
0
0
0
0
0
0
0
0
0
0
0
0
0
0
0
0
0
0
0
0
0
0
0
0
0
0
0
0
0
0
0
0
0
0
0
0
0
0
0
0
0
0
0
0
0
0
0
0
0
0
0
0
0
0
0
0
0
0
0
0
0
0
0
0
0
0
0
0
0
0
0
0
0
0
0
0
0
0
0
0
0
0
0
0
0
0
0
0
0
0
0
0
0
0
0
0
0
0
0
0
0
0
0
0
0
0
0
0
0
0
0
0
0
0
0
0
0
0
0
0
0
0
0
0
0
0
0
0
0
0
0
0
0
0
0
0
0
0
0
0
0
0
0
0
0
0
0
0
0
0
0
0
0
0
0
0
0
0
0
0
0
0
0
0
0
0
0
0
0
0
0
0
0
0
0
0
0
0
0
0
0
0
0
0
0
0
0
0
0
0
0
0
0
0
0
0
0
0
0
0
0
0
0
0
0
0
0
0
0
0
0
0
0
0
0
0
0
0
0
0
0
0
0
0
0
0
0
0
0
0
0
0
0
0
0
0
0
0
0
0
0
0
0
0
0
0
0
0
0
0
0
0
0
0
0
0
0
0
0
0
0
0
0
0
0
0
0
0
0
0
0
0
0
0
0
0
0
0
0
0
0
0
0
0
0
0
0
0
0
0
0
0
0
0
0
0
0
0
0
0
0
0
0
0
0
0
0
0
0
0
0
0
0
0
0
0
0
0
0
0
0
0
0
0
0
0
0
0
0
0
0
0
0
0
0
0
0
0
0
0
0
0
0
0
0
0
0
0
0
0
0
0
0
0
0
0
0
0
0
0
0
0
0
0
0
0
0
0
0
0
0
0
0
0
0
0
0
0
0
0
0
0
0
0
0
0
0
0
0
0
0
0
0
0
0
0
0
0
0
0
0
0
0
0
0
0
0
0
0
0
0
0
0
0
0
0
0
0
0
0
0
0
0
0
0
0
0
0
0
0
0
0
0
0
0
0
0
0
0
0
0
0
0
0
0
0
0
0
0
0
0
0
0
0
0
0
0
0
0
0
0
0
0
0
0
0
0
0
0
0
0
0
0
0
0
0
0
0
0
0
0
0
0
0
0
0
0
0
0
0
0
0
0
0
0
0
0
0
0
0
0
0
0
0
0
0
0
0
0
0
0
0
0
0
0
0
0
0
0
0
0
0
0
0
0
0
0
0
0
0
0
0
0
0
0
0
0
0
0
0
0
0
0
0
0
0
0
0
0
0
0
0
0
0
0
0
0
0
0
0
0
0
0
0
0
0
0
0
0
0
0
0
0
0
0
0
0
0
0
0
0
0
0
0
0
0
0
0
0
0
0
0
0
0
0
0
0
0
0
0
0
0
0
0
0
0
0
0
0
0
0
0
0
0
0
0
0
0
0
0
0
0
0
0
0
0
0
0
0
0
0
0
0
0
0
0
0
0
0
0
0
0
0
0
0
0
0
0
0
0
0
0
0
0
0
0
0
0
0
0
0
0
0
0
0
0
0
0
0
0
0
0
0
0
0
0
0
0
0
0
0
0
0
0
0
0
0
0
0
0
0
0
0
0
0
0
0
0
0
0
0
0
0
0
0
0
0
0
0
0
0
0
0
0
0
0
0
0
0
0
0
0
0
0
0
0
0
0
0
0
0
0
0
0
0
0
0
0
0
0
0
0
0
0
0
0
0
0
0
0
0
0
0
0
0
0
0
0
0
0
0
0
0
0
0
0
0
0
0
0
0
0
0
0
0
0
0
0
0
0
0
0
0
0
0
0
0
0
0
0
0
0
0
0
0
0
0
0
0
0
0
0
0
0
0
0
0
0
0
0
0
0
0
0
0
0
0
0
0
0
0
0
0
0
0
0
0
0
0
0
0
0
0
0
0
0
0
0
0
0
0
0
0
0
0
0
0
0
0
0
0
0
0
0
0
0
0
0
0
0
0
0
0
0
0
0
0
0
0
0
0
0
0
0
0
0
0
0
0
0
0
0
0
0
0
0
0
0
0
0
0
0
0
0
0
0
0
0
0
0
0
0
0
0
0
0
0
0
0
0
0
0
0
0
0
0
0
0
0
0
0
0
0
0
0
0
0
0
0
0
0
0
0
0
0
0
0
0
0
0
0
0
0
0
0
0
0
0
0
0
0
0
0
0
0
0
0
0
0
0
0
0
0
0
0
0
0
0
0
0
0
0
0
0
0
0
0
0
0
0
0
0
0
0
0
0
0
0
0
0
0
0
0
0
0
0
0
0
0
0
0
0
0
0
0
0
0
0
0
0
0
0
0
0
0
0
0
0
0
0
0
0
0
0
0
0
0
0
0
0
0
0
0
0
0
0
0
0
0
0
0
0
0
0
0
0
0
0
0
0
0
0
0
0
0
0
0
0
0
0
0
0
0
0
0
0
0
0
0
0
0
0
0
0
0
0
0
0
0
0
0
0
0
0
0
0
0
0
0
0
0
0
0
0
0
0
0
0
0
0
0
0
0
0
0
0
0
0
0
0
0
0
0
0
0
0
0
0
0
0
0
0
0
0
0
0
0
0
0
0
0
0
0
0
0
0
0
0
0
0
0
0
0
0
0
0
0
0
0
0
0
0
0
0
0
0
0
0
0
0
0
0
0
0
0
0
0
0
0
0
0
0
0
0
0
0
0
0
0
0
0
0
0
0
0
0
0
0
0
0
0
0
0
0
0
0
0
0
0
0
0
0
0
0
0
0
0
0
0
0
0
0
0
0
0
0
0
0
0
0
0
0
0
0
0
0
0
0
0
0
0
0
0
0
0
0
0
0
0
0
0
0
0
0
0
0
0
0
0
0
0
0
0
0
0
0
0
0
0
0
0
0
0
0
0
0
0
0
0
0
0
0
0
0
0
0
0
0
0
0
0
0
0
0
0
0
0
0
0
0
0
0
0
0
0
0
0
0
0
0
0
0
0
0
0
0
0
0
0
0
0
0
0
0
0
0
0
0
0
0
0
0
0
0
0
0
0
0
0
0
0
0
0
0
0
0
0
0
0
0
0
0
0
0
0
0
0
0
0
0
0
0
0
0
0
0
0
0
0
0
0
0
0
0
0
0
0
0
0
0
0
0
0
0
0
0
0
0
0
0
0
0
0
0
0
0
0
0
0
0
0
0
0
0
0
0
0
0
0
0
0
0
0
0
0
0
0
0
0
0
0
0
0
0
0
0
0
0
0
0
0
0
0
0
0
0
0
0
0
0
0
0
0
0
0
0
0
0
0
0
0
0
0
0
0
0
0
0
0
0
0
0
0
0
0
0
0
0
0
0
0
0
0
0
0
0
0
0
0
0
0
0
0
0
0
0
0
0
0
0
0
0
0
0
0
0
0
0
0
0
0
0
0
0
0
0
0
0
0
0
0
0
0
0
0
0
0
0
0
0
0
0
0
0
0
0
0
0
0
0
0
0
0
0
0
0
0
0
0
0
0
0
0
0
0
0
0
0
0
0
0
0
0
0
0
0
0
0
0
0
0
0
0
0
0
0
0
0
0
0
0
0
0
0
0
0
0
0
0
0
0
0
0
0
0
0
0
0
0
0
0
0
0
0
0
0
0
0
0
0
0
0
0
0
0
0
0
0
0
0
0
0
0
0
0
0
0
0
0
0
0
0
0
0
0
0
0
0
0
0
0
0
0
0
0
0
0
0
0
0
0
0
0
0
0
0
0
0
0
0
0
0
0
0
0
0
0
0
0
0
0
0
0
0
0
0
0
0
0
0
0
0
0
0
0
0
0
0
0
0
0
0
0
0
0
0
0
0
0
0
0
0
0
0
0
0
0
0
0
0
0
0
0
0
0
0
0
0
0
0
0
0
0
0
0
0
0
0
0
0
0
0
0
0
0
0
0
0
0
0
0
0
0
0
0
0
0
0
0
0
0
0
0
0
0
0
0
0
0
0
0
0
0
0
0
0
0
0
0
0
0
0
0
0
0
0
0
0
0
0
0
-1.837926e+08
0
0
0
0
0
0
0
0
0
0
0
0
0
0
0
0
0
0
0
0
0
0
0
0
0
0
0
0
0
0
0
0
0
0
0
0
0
0
0
0
0
0
0
0
0
0
0
0
0
0
0
0
0
0
0
0
0
0
0
0
0
0
0
0
0
0
0
0
0
0
0
0
0
0
0
0
0
0
0
0
0
0
0
0
0
0
0
0
0
0
0
0
0
0
0
0
0
0
0
0
0
0
0
0
0
0
0
0
0
0
0
0
0
0
0
0
0
0
0
0
0
0
0
0
0
0
0
0
0
0
0
0
0
0
0
0
0
0
0
0
0
0
0
0
0
0
0
0
0
0
0
0
0
0
0
0
0
0
0
0
0
0
0
0
0
0
0
0
0
0
0
0
0
0
0
0
0
0
0
0
0
0
0
0
0
0
0
0
0
0
0
0
0
0
0
0
0
0
0
0
0
0
0
0
0
0
0
0
0
0
0
0
0
0
0
0
0
0
0
0
0
0
0
0
0
-1.838772e+08
0
0
0
0
0
0
0
0
0
0
0
0
0
0
0
0
0
0
0
0
0
0
0
0
0
-1.837014e+08
-2.116063e+08
0
0
0
0
0
0
0
0
0
0
0
0
0
0
0
0
0
0
0
0
0
0
0
0
0
0
0
0
0
0
0
0
0
0
0
0
0
0
0
0
0
0
0
0
0
0
0
0
0
0
0
0
0
0
0
0
0
0
0
0
0
0
0
0
0
0
0
0
0
0
0
0
0
0
0
0
0
0
0
0
0
0
0
0
0
0
0
0
0
0
0
0
0
0
0
0
0
0
0
0
0
0
0
0
0
0
0
0
0
0
0
0
0
0
0
0
0
0
0
0
0
0
0
0
0
0
0
0
0
0
0
0
0
0
0
0
0
0
0
0
0
0
0
0
0
0
0
0
0
0
0
0
0
0
0
0
0
0
0
0
0
0
0
0
0
0
0
0
0
0
0
0
0
0
0
0
0
0
0
0
0
0
0
0
0
0
0
0
0
0
0
0
0
0
0
0
0
0
0
0
0
0
0
0
0
0
0
0
0
0
0
0
0
0
0
-1.838397e+08
0
0
0
0
0
0
0
0
0
0
0
0
0
0
0
0
0
0
0
0
0
0
0
0
0
-1.837401e+08
-2.11669e+08
0
0
0
0
0
0
0
0
0
0
0
0
0
0
0
0
0
0
0
0
0
0
0
0
0
-1.835655e+08
-2.114864e+08
-2.883939e+08
0
0
0
0
0
0
0
0
0
0
0
0
0
0
0
0
0
0
0
0
0
0
0
0
0
0
0
0
0
0
0
0
0
0
0
0
0
0
0
0
0
0
0
0
0
0
0
0
0
0
0
0
0
0
0
0
0
0
0
0
0
0
0
0
0
0
0
0
0
0
0
0
0
0
0
0
0
0
0
0
0
0
0
0
0
0
0
0
0
0
0
0
0
0
0
0
0
0
0
0
0
0
0
0
0
0
0
0
0
0
0
0
0
0
0
0
0
0
0
0
0
0
0
0
0
0
0
0
0
0
0
0
0
0
0
0
0
0
0
0
0
0
0
0
0
0
0
0
0
0
0
0
0
0
0
0
0
0
0
0
0
0
0
0
0
0
0
0
0
0
0
0
0
0
0
0
0
0
0
0
0
0
0
0
0
0
0
0
0
0
0
0
0
0
0
0
0
0
0
0
0
0
0
0
0
-1.838594e+08
0
0
0
0
0
0
0
0
0
0
0
0
0
0
0
0
0
0
0
0
0
0
0
0
0
-1.839099e+08
-2.115611e+08
0
0
0
0
0
0
0
0
0
0
0
0
0
0
0
0
0
0
0
0
0
0
0
0
0
-1.836486e+08
-2.114982e+08
-2.883892e+08
0
0
0
0
0
0
0
0
0
0
0
0
0
0
0
0
0
0
0
0
0
0
0
0
0
-1.837274e+08
-2.113596e+08
-2.881921e+08
-4.994524e+08
0
0
0
0
0
0
0
0
0
0
0
0
0
0
0
0
0
0
0
0
0
0
0
0
0
0
0
0
0
0
0
0
0
0
0
0
0
0
0
0
0
0
0
0
0
0
0
0
0
0
0
0
0
0
0
0
0
0
0
0
0
0
0
0
0
0
0
0
0
0
0
0
0
0
0
0
0
0
0
0
0
0
0
0
0
0
0
0
0
0
0
0
0
0
0
0
0
0
0
0
0
0
0
0
0
0
0
0
0
0
0
0
0
0
0
0
0
0
0
0
0
0
0
0
0
0
0
0
0
0
0
0
0
0
0
0
0
0
0
0
0
0
0
0
0
0
0
0
0
0
0
0
0
0
0
0
0
0
0
0
0
0
0
0
0
0
0
0
0
0
0
0
0
0
0
0
0
0
0
0
0
0
0
0
0
0
0
0
0
0
0
0
0
0
0
-1.839048e+08
0
0
0
0
0
0
0
0
0
0
0
0
0
0
0
0
0
0
0
0
0
0
0
0
0
-1.842453e+08
-2.114813e+08
0
0
0
0
0
0
0
0
0
0
0
0
0
0
0
0
0
0
0
0
0
0
0
0
0
-1.837858e+08
-2.116509e+08
-2.880737e+08
0
0
0
0
0
0
0
0
0
0
0
0
0
0
0
0
0
0
0
0
0
0
0
0
0
-1.83794e+08
-2.114295e+08
-2.881545e+08
-4.991389e+08
0
0
0
0
0
0
0
0
0
0
0
0
0
0
0
0
0
0
0
0
0
0
0
0
0
-1.839034e+08
-2.115887e+08
-2.881451e+08
-4.991994e+08
-1.335462e+09
0
0
0
0
0
0
0
0
0
0
0
0
0
0
0
0
0
0
0
0
0
0
0
0
0
0
0
0
0
0
0
0
0
0
0
0
0
0
0
0
0
0
0
0
0
0
0
0
0
0
0
0
0
0
0
0
0
0
0
0
0
0
0
0
0
0
0
0
0
0
0
0
0
0
0
0
0
0
0
0
0
0
0
0
0
0
0
0
0
0
0
0
0
0
0
0
0
0
0
0
0
0
0
0
0
0
0
0
0
0
0
0
0
0
0
0
0
0
0
0
0
0
0
0
0
0
0
0
0
0
0
0
0
0
0
0
0
0
0
0
0
0
0
0
0
0
0
0
0
0
0
0
0
0
0
0
0
0
0
0
0
0
0
0
0
0
0
0
0
0
0
0
0
0
0
0
0
0
0
0
0
0
0
0
-1.842367e+08
0
0
0
0
0
0
0
0
0
0
0
0
0
0
0
0
0
0
0
0
0
0
0
0
0
-1.844928e+08
-2.114006e+08
0
0
0
0
0
0
0
0
0
0
0
0
0
0
0
0
0
0
0
0
0
0
0
0
0
-1.841571e+08
-2.1195e+08
-2.876839e+08
0
0
0
0
0
0
0
0
0
0
0
0
0
0
0
0
0
0
0
0
0
0
0
0
0
-1.839921e+08
-2.115397e+08
-2.882294e+08
-4.98025e+08
0
0
0
0
0
0
0
0
0
0
0
0
0
0
0
0
0
0
0
0
0
0
0
0
0
-1.840087e+08
-2.116414e+08
-2.881759e+08
-4.989446e+08
-1.332793e+09
0
0
0
0
0
0
0
0
0
0
0
0
0
0
0
0
0
0
0
0
0
0
0
0
0
-1.840296e+08
-2.1183e+08
-2.886242e+08
-4.996656e+08
-1.337433e+09
0
0
0
0
0
0
0
0
0
0
0
0
0
0
0
0
0
0
0
0
0
0
0
0
0
0
0
0
0
0
0
0
0
0
0
0
0
0
0
0
0
0
0
0
0
0
0
0
0
0
0
0
0
0
0
0
0
0
0
0
0
0
0
0
0
0
0
0
0
0
0
0
0
0
0
0
0
0
0
0
0
0
0
0
0
0
0
0
0
0
0
0
0
0
0
0
0
0
0
0
0
0
0
0
0
0
0
0
0
0
0
0
0
0
0
0
0
0
0
0
0
0
0
0
0
0
0
0
0
0
0
0
0
0
0
0
0
0
0
0
0
0
0
0
0
0
0
0
0
0
0
0
0
0
0
0
0
0
0
0
0
0
0
0
0
0
0
0
0
0
0
0
0
0
0
0
0
0
0
0
0
0
-1.845286e+08
0
0
0
0
0
0
0
0
0
0
0
0
0
0
0
-1.851937e+08
-2.115931e+08
0
0
0
0
0
0
0
0
0
0
0
0
0
0
0
0
0
0
0
0
0
0
0
0
0
-1.844949e+08
-2.121329e+08
-2.871572e+08
0
0
0
0
0
0
0
0
0
0
0
0
0
0
0
0
0
0
0
0
0
0
0
0
0
-1.842107e+08
-2.118758e+08
-2.884135e+08
-4.963818e+08
0
0
0
0
0
0
0
0
0
0
0
0
0
0
0
0
0
0
0
0
0
0
0
0
0
-1.841728e+08
-2.118249e+08
-2.882057e+08
-4.985913e+08
-1.326289e+09
0
0
0
0
0
0
0
0
0
0
0
0
0
0
0
0
0
0
0
0
0
0
0
0
0
-1.841558e+08
-2.119248e+08
-2.886392e+08
-4.995023e+08
-1.335387e+09
0
0
0
0
0
0
0
0
0
0
0
0
0
0
0
0
0
0
0
0
0
0
0
0
0
-1.842207e+08
-2.120109e+08
-2.890958e+08
-5.011491e+08
-1.342874e+09
0
0
0
0
0
0
0
0
0
0
0
0
0
0
0
0
0
0
0
0
0
0
0
0
0
0
0
0
0
0
0
0
0
0
0
0
0
0
0
0
0
0
0
0
0
0
0
0
0
0
0
0
0
0
0
0
0
0
0
0
0
0
0
0
0
0
0
0
0
0
0
0
0
0
0
0
0
0
0
0
0
0
0
0
0
0
0
0
0
0
0
0
0
0
0
0
0
0
0
0
0
0
0
0
0
0
0
0
0
0
0
0
0
0
0
0
0
0
0
0
0
0
0
0
0
0
0
0
0
0
0
0
0
0
0
0
0
0
0
0
0
0
0
0
0
0
0
0
0
0
0
0
0
0
0
0
0
0
0
0
0
0
0
0
0
0
0
0
0
0
0
0
0
0
0
0
0
0
0
-1.847408e+08
0
0
0
0
0
0
0
0
0
0
0
0
0
0
0
-1.864836e+08
-2.117343e+08
0
0
0
0
0
0
0
0
0
0
0
0
0
0
0
-1.852416e+08
-2.127835e+08
-2.868933e+08
0
0
0
0
0
0
0
0
0
0
0
0
0
0
0
0
0
0
0
0
0
0
0
0
0
-1.84678e+08
-2.121589e+08
-2.883349e+08
-4.940245e+08
0
0
0
0
0
0
0
0
0
0
0
0
0
0
0
0
0
0
0
0
0
0
0
0
0
-1.845166e+08
-2.12e+08
-2.884331e+08
-4.980948e+08
-1.315835e+09
0
0
0
0
0
0
0
0
0
0
0
0
0
0
0
0
0
0
0
0
0
0
0
0
0
-1.843369e+08
-2.120646e+08
-2.887601e+08
-4.99116e+08
-1.331268e+09
0
0
0
0
0
0
0
0
0
0
0
0
0
0
0
0
0
0
0
0
0
0
0
0
0
-1.843217e+08
-2.121228e+08
-2.891629e+08
-5.009719e+08
-1.34096e+09
0
0
0
0
0
0
0
0
0
0
0
0
0
0
0
0
0
0
0
0
0
0
0
0
0
-1.842865e+08
-2.122548e+08
-2.894717e+08
-5.025365e+08
-1.351327e+09
0
0
0
0
0
0
0
0
0
0
0
0
0
0
0
0
0
0
0
0
0
0
0
0
0
0
0
0
0
0
0
0
0
0
0
0
0
0
0
0
0
0
0
0
0
0
0
0
0
0
0
0
0
0
0
0
0
0
0
0
0
0
0
0
0
0
0
0
0
0
0
0
0
0
0
0
0
0
0
0
0
0
0
0
0
0
0
0
0
0
0
0
0
0
0
0
0
0
0
0
0
0
0
0
0
0
0
0
0
0
0
0
0
0
0
0
0
0
0
0
0
0
0
0
0
0
0
0
0
0
0
0
0
0
0
0
0
0
0
0
0
0
0
0
0
0
0
0
0
0
0
0
0
0
0
0
0
0
0
0
0
0
0
0
0
0
0
0
0
0
0
0
0
0
0
-1.848147e+08
0
0
0
0
0
0
0
0
0
0
0
0
0
0
0
-1.867794e+08
-2.118422e+08
0
0
0
0
0
0
0
0
0
0
0
0
0
0
0
-1.858741e+08
-2.141801e+08
-2.865767e+08
0
0
0
0
0
0
0
0
0
0
0
0
0
0
0
-1.854586e+08
-2.12872e+08
-2.887919e+08
-4.917019e+08
0
0
0
0
0
0
0
0
0
0
0
0
0
0
0
0
0
0
0
0
0
0
0
0
0
-1.84944e+08
-2.12401e+08
-2.885066e+08
-4.967496e+08
-1.300685e+09
0
0
0
0
0
0
0
0
0
0
0
0
0
0
0
0
0
0
0
0
0
0
0
0
0
-1.845896e+08
-2.12376e+08
-2.887791e+08
-4.986963e+08
-1.324393e+09
0
0
0
0
0
0
0
0
0
0
0
0
0
0
0
0
0
0
0
0
0
0
0
0
0
-1.844479e+08
-2.122886e+08
-2.892295e+08
-5.007125e+08
-1.336889e+09
0
0
0
0
0
0
0
0
0
0
0
0
0
0
0
0
0
0
0
0
0
0
0
0
0
-1.844289e+08
-2.123514e+08
-2.895619e+08
-5.024343e+08
-1.349417e+09
0
0
0
0
0
0
0
0
0
0
0
0
0
0
0
0
0
0
0
0
0
0
0
0
0
-1.844058e+08
-2.123626e+08
-2.899069e+08
-5.036979e+08
-1.35901e+09
0
0
0
0
0
0
0
0
0
0
0
0
0
0
0
0
0
0
0
0
0
0
0
0
0
0
0
0
0
0
0
0
0
0
0
0
0
0
0
0
0
0
0
0
0
0
0
0
0
0
0
0
0
0
0
0
0
0
0
0
0
0
0
0
0
0
0
0
0
0
0
0
0
0
0
0
0
0
0
0
0
0
0
0
0
0
0
0
0
0
0
0
0
0
0
0
0
0
0
0
0
0
0
0
0
0
0
0
0
0
0
0
0
0
0
0
0
0
0
0
0
0
0
0
0
0
0
0
0
0
0
0
0
0
0
0
0
0
0
0
0
0
0
0
0
0
0
0
0
0
0
0
0
0
0
0
0
0
0
0
0
0
0
0
0
0
0
0
0
0
-1.849046e+08
0
0
0
0
0
0
0
0
0
0
0
0
0
0
0
-1.86884e+08
-2.11834e+08
0
0
0
0
0
0
0
0
0
0
0
0
0
0
0
-1.863477e+08
-2.143685e+08
-2.863249e+08
0
0
0
0
0
0
0
0
0
0
0
0
0
0
0
-1.860564e+08
-2.134241e+08
-2.905075e+08
-4.894001e+08
0
0
0
0
0
0
0
0
0
0
0
0
0
0
0
-1.856563e+08
-2.131461e+08
-2.890232e+08
-4.959407e+08
-1.282784e+09
0
0
0
0
0
0
0
0
0
0
0
0
0
0
0
0
0
0
0
0
0
0
0
0
0
-1.850419e+08
-2.127483e+08
-2.88996e+08
-4.97634e+08
-1.312737e+09
0
0
0
0
0
0
0
0
0
0
0
0
0
0
0
0
0
0
0
0
0
0
0
0
0
-1.847863e+08
-2.125072e+08
-2.894231e+08
-4.999359e+08
-1.330239e+09
0
0
0
0
0
0
0
0
0
0
0
0
0
0
0
0
0
0
0
0
0
0
0
0
0
-1.845633e+08
-2.124577e+08
-2.896649e+08
-5.020865e+08
-1.345557e+09
0
0
0
0
0
0
0
0
0
0
0
0
0
0
0
0
0
0
0
0
0
0
0
0
0
-1.845495e+08
-2.124984e+08
-2.899781e+08
-5.036429e+08
-1.357274e+09
0
0
0
0
0
0
0
0
0
0
0
0
0
0
0
0
0
0
0
0
0
0
0
0
0
-1.844353e+08
-2.12524e+08
-2.901595e+08
-5.048728e+08
-1.365746e+09
0
0
0
0
0
0
0
0
0
0
0
0
0
0
0
0
0
0
0
0
0
0
0
0
0
0
0
0
0
0
0
0
0
0
0
0
0
0
0
0
0
0
0
0
0
0
0
0
0
0
0
0
0
0
0
0
0
0
0
0
0
0
0
0
0
0
0
0
0
0
0
0
0
0
0
0
0
0
0
0
0
0
0
0
0
0
0
0
0
0
0
0
0
0
0
0
0
0
0
0
0
0
0
0
0
0
0
0
0
0
0
0
0
0
0
0
0
0
0
0
0
0
0
0
0
0
0
0
0
0
0
0
0
0
0
0
0
0
0
0
0
0
0
0
0
0
0
0
0
0
0
0
0
0
0
0
0
0
0
0
0
0
0
0
-1.848563e+08
0
0
0
0
0
0
0
0
0
0
0
0
0
0
0
-1.869214e+08
-2.118776e+08
0
0
0
0
0
0
0
0
0
0
0
0
0
0
0
-1.865667e+08
-2.143869e+08
-2.860506e+08
0
0
0
0
0
0
0
0
0
0
0
0
0
0
0
-1.864025e+08
-2.138295e+08
-2.903657e+08
-4.875805e+08
0
0
0
0
0
0
0
0
0
0
0
0
0
0
0
-1.862536e+08
-2.13656e+08
-2.893386e+08
-4.980189e+08
-1.265838e+09
0
0
0
0
0
0
0
0
0
0
0
0
0
0
0
-1.858381e+08
-2.134052e+08
-2.895407e+08
-4.968435e+08
-1.299728e+09
0
0
0
0
0
0
0
0
0
0
0
0
0
0
0
0
0
0
0
0
0
0
0
0
0
-1.852298e+08
-2.12895e+08
-2.896025e+08
-4.991039e+08
-1.319262e+09
0
0
0
0
0
0
0
0
0
0
0
0
0
0
0
0
0
0
0
0
0
0
0
0
0
-1.849357e+08
-2.127523e+08
-2.897503e+08
-5.015969e+08
-1.337951e+09
0
0
0
0
0
0
0
0
0
0
0
0
0
0
0
0
0
0
0
0
0
0
0
0
0
-1.846786e+08
-2.126006e+08
-2.900087e+08
-5.033528e+08
-1.353082e+09
0
0
0
0
0
0
0
0
0
0
0
0
0
0
0
0
0
0
0
0
0
0
0
0
0
-1.845399e+08
-2.126593e+08
-2.902811e+08
-5.047795e+08
-1.36412e+09
0
0
0
0
0
0
0
0
0
0
0
0
0
0
0
0
0
0
0
0
0
0
0
0
0
-1.845513e+08
-2.125863e+08
-2.904677e+08
-5.057228e+08
-1.371931e+09
0
0
0
0
0
0
0
0
0
0
0
0
0
0
0
0
0
0
0
0
0
0
0
0
0
0
0
0
0
0
0
0
0
0
0
0
0
0
0
0
0
0
0
0
0
0
0
0
0
0
0
0
0
0
0
0
0
0
0
0
0
0
0
0
0
0
0
0
0
0
0
0
0
0
0
0
0
0
0
0
0
0
0
0
0
0
0
0
0
0
0
0
0
0
0
0
0
0
0
0
0
0
0
0
0
0
0
0
0
0
0
0
0
0
0
0
0
0
0
0
0
0
0
0
0
0
0
0
0
0
0
0
0
0
0
0
0
0
0
0
0
0
0
0
0
0
0
0
0
0
0
0
0
0
0
0
0
-1.847726e+08
0
0
0
0
0
0
0
0
0
0
0
0
0
0
0
-1.869683e+08
-2.118348e+08
0
0
0
0
0
0
0
0
0
0
0
0
0
0
0
-1.867059e+08
-2.143843e+08
-2.859778e+08
0
0
0
0
0
0
0
0
0
0
0
0
0
0
0
-1.867037e+08
-2.139903e+08
-2.901148e+08
-4.861999e+08
0
0
0
0
0
0
0
0
0
0
0
0
0
0
0
-1.866443e+08
-2.139227e+08
-2.895326e+08
-4.9639e+08
-1.252639e+09
0
0
0
0
0
0
0
0
0
0
0
0
0
0
0
-1.86479e+08
-2.139342e+08
-2.897816e+08
-4.958114e+08
-1.297272e+09
0
0
0
0
0
0
0
0
0
0
0
0
0
0
0
-1.859787e+08
-2.136465e+08
-2.900377e+08
-4.983201e+08
-1.305959e+09
0
0
0
0
0
0
0
0
0
0
0
0
0
0
0
0
0
0
0
0
0
0
0
0
0
-1.85329e+08
-2.131518e+08
-2.899291e+08
-5.006888e+08
-1.327356e+09
0
0
0
0
0
0
0
0
0
0
0
0
0
0
0
0
0
0
0
0
0
0
0
0
0
-1.849774e+08
-2.129472e+08
-2.901761e+08
-5.027076e+08
-1.346175e+09
0
0
0
0
0
0
0
0
0
0
0
0
0
0
0
0
0
0
0
0
0
0
0
0
0
-1.847458e+08
-2.127624e+08
-2.902904e+08
-5.043807e+08
-1.360042e+09
0
0
0
0
0
0
0
0
0
0
0
0
0
0
0
0
0
0
0
0
0
0
0
0
0
-1.846145e+08
-2.126718e+08
-2.905873e+08
-5.057018e+08
-1.370182e+09
0
0
0
0
0
0
0
0
0
0
0
0
0
0
0
0
0
0
0
0
0
0
0
0
0
-1.845935e+08
-2.12735e+08
-2.906362e+08
-5.06608e+08
-1.37712e+09
0
0
0
0
0
0
0
0
0
0
0
0
0
0
0
0
0
0
0
0
0
0
0
0
0
0
0
0
0
0
0
0
0
0
0
0
0
0
0
0
0
0
0
0
0
0
0
0
0
0
0
0
0
0
0
0
0
0
0
0
0
0
0
0
0
0
0
0
0
0
0
0
0
0
0
0
0
0
0
0
0
0
0
0
0
0
0
0
0
0
0
0
0
0
0
0
0
0
0
0
0
0
0
0
0
0
0
0
0
0
0
0
0
0
0
0
0
0
0
0
0
0
0
0
0
0
0
0
0
0
0
0
0
0
0
0
0
0
0
0
0
0
0
0
0
0
0
0
0
-1.847588e+08
0
0
0
0
0
0
0
0
0
0
0
0
0
0
0
-1.868756e+08
-2.117849e+08
0
0
0
0
0
0
0
0
0
0
0
0
0
0
0
-1.867176e+08
-2.144442e+08
-2.859227e+08
0
0
0
0
0
0
0
0
0
0
0
0
0
0
0
-1.867972e+08
-2.14108e+08
-2.899802e+08
-4.856368e+08
0
0
0
0
0
0
0
0
0
0
0
0
0
0
0
-1.86876e+08
-2.141754e+08
-2.895133e+08
-4.950053e+08
-1.243488e+09
0
0
0
0
0
0
0
0
0
0
0
0
0
0
0
-1.8689e+08
-2.14241e+08
-2.897766e+08
-4.948692e+08
-1.284317e+09
0
0
0
0
0
0
0
0
0
0
0
0
0
0
0
-1.866511e+08
-2.1421e+08
-2.903068e+08
-4.97108e+08
-1.292725e+09
0
0
0
0
0
0
0
0
0
0
0
0
0
0
0
-1.861006e+08
-2.138427e+08
-2.904875e+08
-4.997346e+08
-1.31378e+09
0
0
0
0
0
0
0
0
0
0
0
0
0
0
0
0
0
0
0
0
0
0
0
0
0
-1.854034e+08
-2.132834e+08
-2.903937e+08
-5.01762e+08
-1.335322e+09
0
0
0
0
0
0
0
0
0
0
0
0
0
0
0
0
0
0
0
0
0
0
0
0
0
-1.850367e+08
-2.130309e+08
-2.905348e+08
-5.038497e+08
-1.352789e+09
0
0
0
0
0
0
0
0
0
0
0
0
0
0
0
0
0
0
0
0
0
0
0
0
0
-1.848971e+08
-2.128676e+08
-2.906021e+08
-5.052686e+08
-1.365879e+09
0
0
0
0
0
0
0
0
0
0
0
0
0
0
0
0
0
0
0
0
0
0
0
0
0
-1.846764e+08
-2.127874e+08
-2.906867e+08
-5.065907e+08
-1.375441e+09
0
0
0
0
0
0
0
0
0
0
0
0
0
0
0
0
0
0
0
0
0
0
0
0
0
-1.846799e+08
-2.128042e+08
-2.909028e+08
-5.072309e+08
-1.382051e+09
0
0
0
0
0
0
0
0
0
0
0
0
0
0
0
0
0
0
0
0
0
0
0
0
0
0
0
0
0
0
0
0
0
0
0
0
0
0
0
0
0
0
0
0
0
0
0
0
0
0
0
0
0
0
0
0
0
0
0
0
0
0
0
0
0
0
0
0
0
0
0
0
0
0
0
0
0
0
0
0
0
0
0
0
0
0
0
0
0
0
0
0
0
0
0
0
0
0
0
0
0
0
0
0
0
0
0
0
0
0
0
0
0
0
0
0
0
0
0
0
0
0
0
0
0
0
0
0
0
0
0
0
0
0
0
0
0
0
0
0
-1.845621e+08
0
0
0
0
0
0
0
0
0
0
0
0
0
0
0
-1.867526e+08
-2.118617e+08
0
0
0
0
0
0
0
0
0
0
0
0
0
0
0
-1.866475e+08
-2.143917e+08
-2.85987e+08
0
0
0
0
0
0
0
0
0
0
0
0
0
0
0
-1.86805e+08
-2.14117e+08
-2.900555e+08
-4.855324e+08
0
0
0
0
0
0
0
0
0
0
0
0
0
0
0
-1.871161e+08
-2.142362e+08
-2.895485e+08
-4.943061e+08
-1.239322e+09
0
0
0
0
0
0
0
0
0
0
0
0
0
0
0
-1.871689e+08
-2.144074e+08
-2.898746e+08
-4.939843e+08
-1.274799e+09
0
0
0
0
0
0
0
0
0
0
0
0
0
0
0
-1.871022e+08
-2.14538e+08
-2.903596e+08
-4.957928e+08
-1.281911e+09
0
0
0
0
0
0
0
0
0
0
0
0
0
0
0
-1.867307e+08
-2.144361e+08
-2.907965e+08
-4.985476e+08
-1.299764e+09
0
0
0
0
0
0
0
0
0
0
0
0
0
0
0
-1.861994e+08
-2.140032e+08
-2.908653e+08
-5.00993e+08
-1.3212e+09
0
0
0
0
0
0
0
0
0
0
0
0
0
0
0
0
0
0
0
0
0
0
0
0
0
-1.855026e+08
-2.133869e+08
-2.906617e+08
-5.029945e+08
-1.341651e+09
0
0
0
0
0
0
0
0
0
0
0
0
0
0
0
0
0
0
0
0
0
0
0
0
0
-1.851726e+08
-2.131218e+08
-2.907492e+08
-5.048535e+08
-1.358791e+09
0
0
0
0
0
0
0
0
0
0
0
0
0
0
0
0
0
0
0
0
0
0
0
0
0
-1.848899e+08
-2.130522e+08
-2.90835e+08
-5.061558e+08
-1.371119e+09
0
0
0
0
0
0
0
0
0
0
0
0
0
0
0
0
0
0
0
0
0
0
0
0
0
-1.847835e+08
-2.128711e+08
-2.909253e+08
-5.070947e+08
-1.380438e+09
0
0
0
0
0
0
0
0
0
0
0
0
0
0
0
0
0
0
0
0
0
0
0
0
0
-1.847097e+08
-2.129168e+08
-2.910744e+08
-5.079644e+08
-1.386105e+09
0
0
0
0
0
0
0
0
0
0
0
0
0
0
0
0
0
0
0
0
0
0
0
0
0
0
0
0
0
0
0
0
0
0
0
0
0
0
0
0
0
0
0
0
0
0
0
0
0
0
0
0
0
0
0
0
0
0
0
0
0
0
0
0
0
0
0
0
0
0
0
0
0
0
0
0
0
0
0
0
0
0
0
0
0
0
0
0
0
0
0
0
0
0
0
0
0
0
0
0
0
0
0
0
0
0
0
0
0
0
0
0
0
0
0
0
0
0
0
0
0
0
0
0
0
0
0
0
0
0
-1.842418e+08
0
0
0
0
0
0
0
0
0
0
0
0
0
0
0
-1.865056e+08
-2.117768e+08
0
0
0
0
0
0
0
0
0
0
0
0
0
0
0
-1.863855e+08
-2.143555e+08
-2.86347e+08
0
0
0
0
0
0
0
0
0
0
0
0
0
0
0
-1.866951e+08
-2.140791e+08
-2.901247e+08
-4.861028e+08
0
0
0
0
0
0
0
0
0
0
0
0
0
0
0
-1.870681e+08
-2.142431e+08
-2.895582e+08
-4.944136e+08
-1.239026e+09
0
0
0
0
0
0
0
0
0
0
0
0
0
0
0
-1.872554e+08
-2.146376e+08
-2.898383e+08
-4.93599e+08
-1.270063e+09
0
0
0
0
0
0
0
0
0
0
0
0
0
0
0
-1.873322e+08
-2.147744e+08
-2.903311e+08
-4.95069e+08
-1.274043e+09
0
0
0
0
0
0
0
0
0
0
0
0
0
0
0
-1.871923e+08
-2.148267e+08
-2.908702e+08
-4.973353e+08
-1.28785e+09
0
0
0
0
0
0
0
0
0
0
0
0
0
0
0
-1.868613e+08
-2.145534e+08
-2.912084e+08
-4.998666e+08
-1.307063e+09
0
0
0
0
0
0
0
0
0
0
0
0
0
0
0
-1.863022e+08
-2.141357e+08
-2.91181e+08
-5.020744e+08
-1.327797e+09
0
0
0
0
0
0
0
0
0
0
0
0
0
0
0
0
0
0
0
0
0
0
0
0
0
-1.856196e+08
-2.135265e+08
-2.908885e+08
-5.038349e+08
-1.347921e+09
0
0
0
0
0
0
0
0
0
0
0
0
0
0
0
0
0
0
0
0
0
0
0
0
0
-1.852387e+08
-2.132921e+08
-2.909558e+08
-5.055901e+08
-1.364183e+09
0
0
0
0
0
0
0
0
0
0
0
0
0
0
0
0
0
0
0
0
0
0
0
0
0
-1.849682e+08
-2.130686e+08
-2.911492e+08
-5.06899e+08
-1.375971e+09
0
0
0
0
0
0
0
0
0
0
0
0
0
0
0
0
0
0
0
0
0
0
0
0
0
-1.848543e+08
-2.130082e+08
-2.911078e+08
-5.078163e+08
-1.384143e+09
0
0
0
0
0
0
0
0
0
0
0
0
0
0
0
0
0
0
0
0
0
0
0
0
0
-1.847546e+08
-2.129723e+08
-2.912835e+08
-5.085524e+08
-1.39008e+09
0
0
0
0
0
0
0
0
0
0
0
0
0
0
0
0
0
0
0
0
0
0
0
0
0
0
0
0
0
0
0
0
0
0
0
0
0
0
0
0
0
0
0
0
0
0
0
0
0
0
0
0
0
0
0
0
0
0
0
0
0
0
0
0
0
0
0
0
0
0
0
0
0
0
0
0
0
0
0
0
0
0
0
0
0
0
0
0
0
0
0
0
0
0
0
0
0
0
0
0
0
0
0
0
0
0
0
0
0
0
0
0
0
0
0
0
0
0
0
-1.839477e+08
0
0
0
0
0
0
0
0
0
0
0
0
0
0
0
-1.852625e+08
-2.115769e+08
0
0
0
0
0
0
0
0
0
0
0
0
0
0
0
-1.858961e+08
-2.142038e+08
-2.866293e+08
0
0
0
0
0
0
0
0
0
0
0
0
0
0
0
-1.864569e+08
-2.138786e+08
-2.903501e+08
-4.8761e+08
0
0
0
0
0
0
0
0
0
0
0
0
0
0
0
-1.869609e+08
-2.141643e+08
-2.896218e+08
-4.950159e+08
-1.243276e+09
0
0
0
0
0
0
0
0
0
0
0
0
0
0
0
-1.872606e+08
-2.145751e+08
-2.89844e+08
-4.936193e+08
-1.27031e+09
0
0
0
0
0
0
0
0
0
0
0
0
0
0
0
-1.874512e+08
-2.148287e+08
-2.905032e+08
-4.94581e+08
-1.270232e+09
0
0
0
0
0
0
0
0
0
0
0
0
0
0
0
-1.874742e+08
-2.149951e+08
-2.909385e+08
-4.963921e+08
-1.280142e+09
0
0
0
0
0
0
0
0
0
0
0
0
0
0
0
-1.873847e+08
-2.149521e+08
-2.913696e+08
-4.986704e+08
-1.295287e+09
0
0
0
0
0
0
0
0
0
0
0
0
0
0
0
-1.869767e+08
-2.147251e+08
-2.914697e+08
-5.009861e+08
-1.313697e+09
0
0
0
0
0
0
0
0
0
0
0
0
0
0
0
-1.864254e+08
-2.142837e+08
-2.914536e+08
-5.030092e+08
-1.333599e+09
0
0
0
0
0
0
0
0
0
0
0
0
0
0
0
0
0
0
0
0
0
0
0
0
0
-1.857206e+08
-2.136886e+08
-2.911755e+08
-5.045913e+08
-1.352858e+09
0
0
0
0
0
0
0
0
0
0
0
0
0
0
0
0
0
0
0
0
0
0
0
0
0
-1.853835e+08
-2.133918e+08
-2.912556e+08
-5.062762e+08
-1.368739e+09
0
0
0
0
0
0
0
0
0
0
0
0
0
0
0
0
0
0
0
0
0
0
0
0
0
-1.850519e+08
-2.131751e+08
-2.912467e+08
-5.077186e+08
-1.380405e+09
0
0
0
0
0
0
0
0
0
0
0
0
0
0
0
0
0
0
0
0
0
0
0
0
0
-1.849583e+08
-2.131094e+08
-2.913447e+08
-5.084098e+08
-1.388298e+09
0
0
0
0
0
0
0
0
0
0
0
0
0
0
0
0
0
0
0
0
0
0
0
0
-1.848322e+08
-2.130407e+08
-2.914186e+08
-5.091601e+08
-1.393701e+09
0
0
0
0
0
0
0
0
0
0
0
0
0
0
0
0
0
0
0
0
0
0
0
0
0
0
0
0
0
0
0
0
0
0
0
0
0
0
0
0
0
0
0
0
0
0
0
0
0
0
0
0
0
0
0
0
0
0
0
0
0
0
0
0
0
0
0
0
0
0
0
0
0
0
0
0
0
0
0
0
0
0
0
0
0
0
0
0
0
0
0
0
0
0
0
0
0
-1.83874e+08
0
0
0
0
0
0
0
0
0
0
0
0
0
0
0
0
0
0
0
0
0
0
0
0
0
-1.844789e+08
-2.114432e+08
0
0
0
0
0
0
0
0
0
0
0
0
0
0
0
-1.852692e+08
-2.128495e+08
-2.86859e+08
0
0
0
0
0
0
0
0
0
0
0
0
0
0
0
-1.860474e+08
-2.134404e+08
-2.905371e+08
-4.894673e+08
0
0
0
0
0
0
0
0
0
0
0
0
0
0
0
-1.866513e+08
-2.139847e+08
-2.895921e+08
-4.963563e+08
-1.252673e+09
0
0
0
0
0
0
0
0
0
0
0
0
0
0
0
-1.872121e+08
-2.145004e+08
-2.898663e+08
-4.941481e+08
-1.274802e+09
0
0
0
0
0
0
0
0
0
0
0
0
0
0
0
-1.874544e+08
-2.148343e+08
-2.904223e+08
-4.945776e+08
-1.270314e+09
0
0
0
0
0
0
0
0
0
0
0
0
0
0
0
-1.877094e+08
-2.150742e+08
-2.908939e+08
-4.961964e+08
-1.276077e+09
0
0
0
0
0
0
0
0
0
0
0
0
0
0
0
-1.875994e+08
-2.15177e+08
-2.913416e+08
-4.978688e+08
-1.286996e+09
0
0
0
0
0
0
0
0
0
0
0
0
0
0
0
-1.874504e+08
-2.152045e+08
-2.916418e+08
-4.999172e+08
-1.301822e+09
0
0
0
0
0
0
0
0
0
0
0
0
0
0
0
-1.870378e+08
-2.148843e+08
-2.91792e+08
-5.018319e+08
-1.319411e+09
0
0
0
0
0
0
0
0
0
0
0
0
0
0
0
-1.864226e+08
-2.144416e+08
-2.917418e+08
-5.038432e+08
-1.338749e+09
0
0
0
0
0
0
0
0
0
0
0
0
0
0
0
0
0
0
0
0
0
0
0
0
0
-1.857308e+08
-2.138014e+08
-2.914565e+08
-5.054153e+08
-1.357349e+09
0
0
0
0
0
0
0
0
0
0
0
0
0
0
0
0
0
0
0
0
0
0
0
0
0
-1.853592e+08
-2.135573e+08
-2.914597e+08
-5.070812e+08
-1.372857e+09
0
0
0
0
0
0
0
0
0
0
0
0
0
0
0
0
0
0
0
0
0
0
0
0
0
-1.851631e+08
-2.132858e+08
-2.914537e+08
-5.081763e+08
-1.384617e+09
0
0
0
0
0
0
0
0
0
0
0
0
0
0
0
0
0
0
0
0
0
0
0
0
-1.849816e+08
-2.132515e+08
-2.915405e+08
-5.090357e+08
-1.391843e+09
0
0
0
0
0
0
0
0
0
0
0
0
0
0
0
0
0
0
0
0
0
0
0
-1.848656e+08
-2.131443e+08
-2.915668e+08
-5.096238e+08
-1.397131e+09
0
0
0
0
0
0
0
0
0
0
0
0
0
0
0
0
0
0
0
0
0
0
0
0
0
0
0
0
0
0
0
0
0
0
0
0
0
0
0
0
0
0
0
0
0
0
0
0
0
0
0
0
0
0
0
0
0
0
0
0
0
0
0
0
0
0
0
0
0
0
0
0
0
0
-1.838086e+08
0
0
0
0
0
0
0
0
0
0
0
0
0
0
0
0
0
0
0
0
0
0
0
0
0
-1.842224e+08
-2.115001e+08
0
0
0
0
0
0
0
0
0
0
0
0
0
0
0
0
0
0
0
0
0
0
0
0
0
-1.845643e+08
-2.120982e+08
-2.872328e+08
0
0
0
0
0
0
0
0
0
0
0
0
0
0
0
-1.854423e+08
-2.128846e+08
-2.88871e+08
-4.916421e+08
0
0
0
0
0
0
0
0
0
0
0
0
0
0
0
-1.86193e+08
-2.136511e+08
-2.893549e+08
-4.980647e+08
-1.265912e+09
0
0
0
0
0
0
0
0
0
0
0
0
0
0
0
-1.869036e+08
-2.142362e+08
-2.89865e+08
-4.949552e+08
-1.284223e+09
0
0
0
0
0
0
0
0
0
0
0
0
0
0
0
-1.873332e+08
-2.148099e+08
-2.904465e+08
-4.950696e+08
-1.274433e+09
0
0
0
0
0
0
0
0
0
0
0
0
0
0
0
-1.876056e+08
-2.1507e+08
-2.909018e+08
-4.960767e+08
-1.275981e+09
0
0
0
0
0
0
0
0
0
0
0
0
0
0
0
-1.877014e+08
-2.15393e+08
-2.913253e+08
-4.97357e+08
-1.283443e+09
0
0
0
0
0
0
0
0
0
0
0
0
0
0
0
-1.877326e+08
-2.153433e+08
-2.916991e+08
-4.989633e+08
-1.293767e+09
0
0
0
0
0
0
0
0
0
0
0
0
0
0
0
-1.8763e+08
-2.152879e+08
-2.920739e+08
-5.007853e+08
-1.307712e+09
0
0
0
0
0
0
0
0
0
0
0
0
0
0
0
-1.871959e+08
-2.149797e+08
-2.920873e+08
-5.027392e+08
-1.324268e+09
0
0
0
0
0
0
0
0
0
0
0
0
0
0
0
-1.865372e+08
-2.144578e+08
-2.920215e+08
-5.046618e+08
-1.34335e+09
0
0
0
0
0
0
0
0
0
0
0
0
0
0
0
0
0
0
0
0
0
0
0
0
0
-1.858288e+08
-2.138449e+08
-2.916769e+08
-5.061676e+08
-1.361784e+09
0
0
0
0
0
0
0
0
0
0
0
0
0
0
0
0
0
0
0
0
0
0
0
0
0
-1.855003e+08
-2.135545e+08
-2.917432e+08
-5.07695e+08
-1.377088e+09
0
0
0
0
0
0
0
0
0
0
0
0
0
0
0
0
0
0
0
0
0
0
0
0
-1.851806e+08
-2.134334e+08
-2.916517e+08
-5.087773e+08
-1.387835e+09
0
0
0
0
0
0
0
0
0
0
0
0
0
0
0
0
0
0
0
0
0
0
0
-1.850295e+08
-2.132916e+08
-2.91788e+08
-5.096111e+08
-1.395166e+09
0
0
0
0
0
0
0
0
0
0
0
0
0
0
0
0
0
0
0
0
0
0
-1.849131e+08
-2.131914e+08
-2.917524e+08
-5.100891e+08
-1.40006e+09
0
0
0
0
0
0
0
0
0
0
0
0
0
0
0
0
0
0
0
0
0
0
0
0
0
0
0
0
0
0
0
0
0
0
0
0
0
0
0
0
0
0
0
0
0
0
0
0
0
0
-1.838661e+08
0
0
0
0
0
0
0
0
0
0
0
0
0
0
0
0
0
0
0
0
0
0
0
0
0
-1.838146e+08
-2.115348e+08
0
0
0
0
0
0
0
0
0
0
0
0
0
0
0
0
0
0
0
0
0
0
0
0
0
-1.841562e+08
-2.119193e+08
-2.877128e+08
0
0
0
0
0
0
0
0
0
0
0
0
0
0
0
0
0
0
0
0
0
0
0
0
0
-1.84729e+08
-2.122341e+08
-2.882945e+08
-4.941887e+08
0
0
0
0
0
0
0
0
0
0
0
0
0
0
0
-1.85576e+08
-2.131248e+08
-2.890366e+08
-4.960605e+08
-1.282632e+09
0
0
0
0
0
0
0
0
0
0
0
0
0
0
0
-1.864757e+08
-2.138446e+08
-2.897718e+08
-4.958324e+08
-1.297375e+09
0
0
0
0
0
0
0
0
0
0
0
0
0
0
0
-1.870571e+08
-2.145611e+08
-2.903415e+08
-4.959359e+08
-1.282146e+09
0
0
0
0
0
0
0
0
0
0
0
0
0
0
0
-1.874995e+08
-2.149933e+08
-2.909778e+08
-4.965599e+08
-1.280139e+09
0
0
0
0
0
0
0
0
0
0
0
0
0
0
0
-1.877738e+08
-2.152887e+08
-2.913146e+08
-4.973727e+08
-1.28319e+09
0
0
0
0
0
0
0
0
0
0
0
0
0
0
0
-1.879011e+08
-2.154036e+08
-2.918587e+08
-4.98496e+08
-1.289525e+09
0
0
0
0
0
0
0
0
0
0
0
0
0
0
0
-1.878655e+08
-2.155227e+08
-2.920061e+08
-4.99988e+08
-1.299292e+09
0
0
0
0
0
0
0
0
0
0
0
0
0
0
0
-1.87726e+08
-2.155139e+08
-2.922612e+08
-5.018645e+08
-1.312603e+09
0
0
0
0
0
0
0
0
0
0
0
0
0
0
0
-1.872589e+08
-2.151675e+08
-2.922988e+08
-5.03552e+08
-1.329024e+09
0
0
0
0
0
0
0
0
0
0
0
0
0
0
0
-1.866125e+08
-2.146049e+08
-2.92118e+08
-5.054182e+08
-1.34769e+09
0
0
0
0
0
0
0
0
0
0
0
0
0
0
0
0
0
0
0
0
0
0
0
0
0
-1.859285e+08
-2.139708e+08
-2.918125e+08
-5.068453e+08
-1.365805e+09
0
0
0
0
0
0
0
0
0
0
0
0
0
0
0
0
0
0
0
0
0
0
0
0
-1.855307e+08
-2.137407e+08
-2.91791e+08
-5.084531e+08
-1.380586e+09
0
0
0
0
0
0
0
0
0
0
0
0
0
0
0
0
0
0
0
0
0
0
0
-1.852124e+08
-2.13459e+08
-2.919013e+08
-5.093326e+08
-1.391184e+09
0
0
0
0
0
0
0
0
0
0
0
0
0
0
0
0
0
0
0
0
0
0
-1.850128e+08
-2.133507e+08
-2.918875e+08
-5.102428e+08
-1.398419e+09
0
0
0
0
0
0
0
0
0
0
0
0
0
0
0
0
0
0
0
0
0
-1.849698e+08
-2.132531e+08
-2.918562e+08
-5.105811e+08
-1.402782e+09
0
0
0
0
0
0
0
0
0
0
0
0
0
0
0
0
0
0
0
0
0
0
0
0
0
-1.838023e+08
0
0
0
0
0
0
0
0
0
0
0
0
0
0
0
0
0
0
0
0
0
0
0
0
0
-1.837282e+08
-2.11664e+08
0
0
0
0
0
0
0
0
0
0
0
0
0
0
0
0
0
0
0
0
0
0
0
0
0
-1.838551e+08
-2.115437e+08
-2.880416e+08
0
0
0
0
0
0
0
0
0
0
0
0
0
0
0
0
0
0
0
0
0
0
0
0
0
-1.843083e+08
-2.118909e+08
-2.883615e+08
-4.96435e+08
0
0
0
0
0
0
0
0
0
0
0
0
0
0
0
0
0
0
0
0
0
0
0
0
0
-1.849194e+08
-2.124656e+08
-2.886054e+08
-4.967161e+08
-1.301174e+09
0
0
0
0
0
0
0
0
0
0
0
0
0
0
0
-1.858262e+08
-2.133076e+08
-2.895156e+08
-4.968663e+08
-1.299957e+09
0
0
0
0
0
0
0
0
0
0
0
0
0
0
0
-1.866117e+08
-2.142074e+08
-2.901821e+08
-4.970786e+08
-1.292748e+09
0
0
0
0
0
0
0
0
0
0
0
0
0
0
0
-1.872699e+08
-2.147668e+08
-2.909029e+08
-4.972929e+08
-1.288084e+09
0
0
0
0
0
0
0
0
0
0
0
0
0
0
0
-1.875659e+08
-2.152047e+08
-2.913478e+08
-4.97929e+08
-1.287302e+09
0
0
0
0
0
0
0
0
0
0
0
0
0
0
0
-1.878794e+08
-2.154839e+08
-2.917213e+08
-4.984761e+08
-1.289591e+09
0
0
0
0
0
0
0
0
0
0
0
0
0
0
0
-1.879692e+08
-2.156538e+08
-2.919595e+08
-4.997953e+08
-1.295141e+09
0
0
0
0
0
0
0
0
0
0
0
0
0
0
0
-1.879716e+08
-2.157015e+08
-2.923347e+08
-5.008411e+08
-1.304527e+09
0
0
0
0
0
0
0
0
0
0
0
0
0
0
0
-1.877466e+08
-2.156443e+08
-2.926431e+08
-5.024943e+08
-1.317682e+09
0
0
0
0
0
0
0
0
0
0
0
0
0
0
0
-1.87302e+08
-2.152626e+08
-2.92611e+08
-5.042242e+08
-1.333239e+09
0
0
0
0
0
0
0
0
0
0
0
0
0
0
0
-1.867768e+08
-2.147117e+08
-2.923806e+08
-5.058697e+08
-1.351683e+09
0
0
0
0
0
0
0
0
0
0
0
0
0
0
0
0
0
0
0
0
0
0
0
0
-1.858825e+08
-2.141005e+08
-2.920376e+08
-5.073391e+08
-1.36958e+09
0
0
0
0
0
0
0
0
0
0
0
0
0
0
0
0
0
0
0
0
0
0
0
-1.856446e+08
-2.137931e+08
-2.921103e+08
-5.087431e+08
-1.384506e+09
0
0
0
0
0
0
0
0
0
0
0
0
0
0
0
0
0
0
0
0
0
0
-1.852794e+08
-2.135166e+08
-2.919887e+08
-5.099599e+08
-1.394318e+09
0
0
0
0
0
0
0
0
0
0
0
0
0
0
0
0
0
0
0
0
0
-1.850353e+08
-2.133393e+08
-2.92007e+08
-5.105998e+08
-1.401611e+09
0
0
0
0
0
0
0
0
0
0
0
0
0
0
0
0
0
0
0
0
-1.850501e+08
-2.133312e+08
-2.919844e+08
-5.109464e+08
-1.405419e+09
0
0
0
0
0
0
0
0
0
0
0
0
0
0
0
0
0
0
0
0
0
0
0
0
0
-1.836314e+08
-2.116144e+08
0
0
0
0
0
0
0
0
0
0
0
0
0
0
0
0
0
0
0
0
0
0
0
0
0
-1.83656e+08
-2.114913e+08
-2.883798e+08
0
0
0
0
0
0
0
0
0
0
0
0
0
0
0
0
0
0
0
0
0
0
0
0
0
-1.839788e+08
-2.116159e+08
-2.88095e+08
-4.979687e+08
0
0
0
0
0
0
0
0
0
0
0
0
0
0
0
0
0
0
0
0
0
0
0
0
0
-1.844547e+08
-2.121141e+08
-2.884651e+08
-4.979934e+08
-1.31604e+09
0
0
0
0
0
0
0
0
0
0
0
0
0
0
0
0
0
0
0
0
0
0
0
0
0
-1.8502e+08
-2.127276e+08
-2.890756e+08
-4.978002e+08
-1.312723e+09
0
0
0
0
0
0
0
0
0
0
0
0
0
0
0
-1.860431e+08
-2.13634e+08
-2.899247e+08
-4.982871e+08
-1.305958e+09
0
0
0
0
0
0
0
0
0
0
0
0
0
0
0
-1.867138e+08
-2.143933e+08
-2.907926e+08
-4.983463e+08
-1.299682e+09
0
0
0
0
0
0
0
0
0
0
0
0
0
0
0
-1.873186e+08
-2.150304e+08
-2.912911e+08
-4.987133e+08
-1.295146e+09
0
0
0
0
0
0
0
0
0
0
0
0
0
0
0
-1.877422e+08
-2.153201e+08
-2.917288e+08
-4.98994e+08
-1.293874e+09
0
0
0
0
0
0
0
0
0
0
0
0
0
0
0
-1.879673e+08
-2.156391e+08
-2.92066e+08
-4.995609e+08
-1.295067e+09
0
0
0
0
0
0
0
0
0
0
0
0
0
0
0
-1.880668e+08
-2.157519e+08
-2.923745e+08
-5.003117e+08
-1.300961e+09
0
0
0
0
0
0
0
0
0
0
0
0
0
0
0
-1.880163e+08
-2.15828e+08
-2.926492e+08
-5.01717e+08
-1.308963e+09
0
0
0
0
0
0
0
0
0
0
0
0
0
0
0
-1.878017e+08
-2.156826e+08
-2.92888e+08
-5.034432e+08
-1.321361e+09
0
0
0
0
0
0
0
0
0
0
0
0
0
0
0
-1.874174e+08
-2.15326e+08
-2.928048e+08
-5.050046e+08
-1.337047e+09
0
0
0
0
0
0
0
0
0
0
0
0
0
0
-1.8681e+08
-2.149198e+08
-2.925843e+08
-5.065756e+08
-1.354761e+09
0
0
0
0
0
0
0
0
0
0
0
0
0
0
0
0
0
0
0
0
0
0
0
-1.859605e+08
-2.140678e+08
-2.922644e+08
-5.079336e+08
-1.372667e+09
0
0
0
0
0
0
0
0
0
0
0
0
0
0
0
0
0
0
0
0
0
0
-1.856013e+08
-2.139068e+08
-2.922317e+08
-5.095059e+08
-1.38681e+09
0
0
0
0
0
0
0
0
0
0
0
0
0
0
0
0
0
0
0
0
0
-1.852633e+08
-2.136051e+08
-2.921083e+08
-5.103193e+08
-1.39743e+09
0
0
0
0
0
0
0
0
0
0
0
0
0
0
0
0
0
0
0
0
-1.8509e+08
-2.133837e+08
-2.920424e+08
-5.109793e+08
-1.403922e+09
0
0
0
0
0
0
0
0
0
0
0
0
0
0
0
0
0
0
0
-1.850617e+08
-2.13429e+08
-2.921312e+08
-5.113416e+08
-1.407761e+09
0
0
0
0
0
0
0
0
0
0
0
0
0
0
0
0
0
0
0
0
0
0
0
0
0
-1.836201e+08
-2.114009e+08
-2.88398e+08
0
0
0
0
0
0
0
0
0
0
0
0
0
0
0
0
0
0
0
0
0
0
0
0
0
-1.838545e+08
-2.114343e+08
-2.881415e+08
-4.991178e+08
0
0
0
0
0
0
0
0
0
0
0
0
0
0
0
0
0
0
0
0
0
0
0
0
0
-1.841188e+08
-2.118203e+08
-2.8831e+08
-4.983888e+08
-1.326164e+09
0
0
0
0
0
0
0
0
0
0
0
0
0
0
0
0
0
0
0
0
0
0
0
0
0
-1.84612e+08
-2.123213e+08
-2.889309e+08
-4.98749e+08
-1.324113e+09
0
0
0
0
0
0
0
0
0
0
0
0
0
0
0
0
0
0
0
0
0
0
0
0
0
-1.851895e+08
-2.128849e+08
-2.895774e+08
-4.992189e+08
-1.319672e+09
0
0
0
0
0
0
0
0
0
0
0
0
0
0
0
-1.860895e+08
-2.138979e+08
-2.904723e+08
-4.995811e+08
-1.313715e+09
0
0
0
0
0
0
0
0
0
0
0
0
0
0
0
-1.868657e+08
-2.14537e+08
-2.911547e+08
-4.998557e+08
-1.306521e+09
0
0
0
0
0
0
0
0
0
0
0
0
0
0
0
-1.874792e+08
-2.15111e+08
-2.917389e+08
-4.998029e+08
-1.301859e+09
0
0
0
0
0
0
0
0
0
0
0
0
0
0
0
-1.878589e+08
-2.155245e+08
-2.919792e+08
-5.000201e+08
-1.299393e+09
0
0
0
0
0
0
0
0
0
0
0
0
0
0
0
-1.881195e+08
-2.157504e+08
-2.923606e+08
-5.004915e+08
-1.300386e+09
0
0
0
0
0
0
0
0
0
0
0
0
0
0
0
-1.881658e+08
-2.158875e+08
-2.925822e+08
-5.013184e+08
-1.304569e+09
0
0
0
0
0
0
0
0
0
0
0
0
0
0
0
-1.881438e+08
-2.158898e+08
-2.92882e+08
-5.025378e+08
-1.313284e+09
0
0
0
0
0
0
0
0
0
0
0
0
0
0
0
-1.878891e+08
-2.157579e+08
-2.930014e+08
-5.041203e+08
-1.325805e+09
0
0
0
0
0
0
0
0
0
0
0
0
0
0
-1.874879e+08
-2.154729e+08
-2.92955e+08
-5.055858e+08
-1.340811e+09
0
0
0
0
0
0
0
0
0
0
0
0
0
-1.868222e+08
-2.149627e+08
-2.929122e+08
-5.071486e+08
-1.358437e+09
0
0
0
0
0
0
0
0
0
0
0
0
0
0
0
0
0
0
0
0
0
0
-1.860503e+08
-2.141517e+08
-2.922667e+08
-5.08533e+08
-1.375756e+09
0
0
0
0
0
0
0
0
0
0
0
0
0
0
0
0
0
0
0
0
0
-1.85613e+08
-2.138734e+08
-2.924066e+08
-5.099147e+08
-1.390296e+09
0
0
0
0
0
0
0
0
0
0
0
0
0
0
0
0
0
0
0
0
-1.85259e+08
-2.135983e+08
-2.92277e+08
-5.106924e+08
-1.39984e+09
0
0
0
0
0
0
0
0
0
0
0
0
0
0
0
0
0
0
0
-1.851787e+08
-2.134454e+08
-2.92142e+08
-5.112294e+08
-1.406197e+09
0
0
0
0
0
0
0
0
0
0
0
0
0
0
0
0
0
0
-1.851581e+08
-2.134578e+08
-2.922978e+08
-5.117458e+08
-1.409994e+09
0
0
0
0
0
0
0
0
0
0
0
0
0
0
0
0
0
0
0
0
0
0
0
0
0
-1.83761e+08
-2.114186e+08
-2.880789e+08
-4.99442e+08
0
0
0
0
0
0
0
0
0
0
0
0
0
0
0
0
0
0
0
0
0
0
0
0
0
-1.84038e+08
-2.117084e+08
-2.881863e+08
-4.988986e+08
-1.332727e+09
0
0
0
0
0
0
0
0
0
0
0
0
0
0
0
0
0
0
0
0
0
0
0
0
0
-1.843617e+08
-2.120056e+08
-2.887581e+08
-4.992878e+08
-1.330821e+09
0
0
0
0
0
0
0
0
0
0
0
0
0
0
0
0
0
0
0
0
0
0
0
0
0
-1.848036e+08
-2.125386e+08
-2.893687e+08
-5.001931e+08
-1.330402e+09
0
0
0
0
0
0
0
0
0
0
0
0
0
0
0
0
0
0
0
0
0
0
0
0
0
-1.852822e+08
-2.130893e+08
-2.899183e+08
-5.006526e+08
-1.327637e+09
0
0
0
0
0
0
0
0
0
0
0
0
0
0
0
-1.862129e+08
-2.139915e+08
-2.909236e+08
-5.009704e+08
-1.320852e+09
0
0
0
0
0
0
0
0
0
0
0
0
0
0
0
-1.86981e+08
-2.147343e+08
-2.9145e+08
-5.00903e+08
-1.313636e+09
0
0
0
0
0
0
0
0
0
0
0
0
0
0
0
-1.874539e+08
-2.153247e+08
-2.919431e+08
-5.00934e+08
-1.3075e+09
0
0
0
0
0
0
0
0
0
0
0
0
0
0
0
-1.879255e+08
-2.156726e+08
-2.923261e+08
-5.007963e+08
-1.304532e+09
0
0
0
0
0
0
0
0
0
0
0
0
0
0
0
-1.881767e+08
-2.159446e+08
-2.925827e+08
-5.013002e+08
-1.305012e+09
0
0
0
0
0
0
0
0
0
0
0
0
0
0
0
-1.882542e+08
-2.160195e+08
-2.928365e+08
-5.019598e+08
-1.309155e+09
0
0
0
0
0
0
0
0
0
0
0
0
0
0
0
-1.8819e+08
-2.160532e+08
-2.930289e+08
-5.031973e+08
-1.31731e+09
0
0
0
0
0
0
0
0
0
0
0
0
0
0
-1.879729e+08
-2.158704e+08
-2.931607e+08
-5.045619e+08
-1.329316e+09
0
0
0
0
0
0
0
0
0
0
0
0
0
-1.875011e+08
-2.155668e+08
-2.932013e+08
-5.06088e+08
-1.344033e+09
0
0
0
0
0
0
0
0
0
0
0
0
-1.868498e+08
-2.149876e+08
-2.930162e+08
-5.078906e+08
-1.361491e+09
0
0
0
0
0
0
0
0
0
0
0
0
0
0
0
0
0
0
0
0
0
-1.860802e+08
-2.142751e+08
-2.924219e+08
-5.087255e+08
-1.37881e+09
0
0
0
0
0
0
0
0
0
0
0
0
0
0
0
0
0
0
0
0
-1.856463e+08
-2.139047e+08
-2.924235e+08
-5.103703e+08
-1.392828e+09
0
0
0
0
0
0
0
0
0
0
0
0
0
0
0
0
0
0
0
-1.853248e+08
-2.136205e+08
-2.923097e+08
-5.111655e+08
-1.402101e+09
0
0
0
0
0
0
0
0
0
0
0
0
0
0
0
0
0
0
-1.8517e+08
-2.135777e+08
-2.92265e+08
-5.115483e+08
-1.408134e+09
0
0
0
0
0
0
0
0
0
0
0
0
0
0
0
0
0
-1.851459e+08
-2.135701e+08
-2.923719e+08
-5.12181e+08
-1.412181e+09
0
0
0
0
0
0
0
0
0
0
0
0
0
0
0
0
0
0
0
0
0
0
0
0
0
-1.839188e+08
-2.116275e+08
-2.882203e+08
-4.990137e+08
-1.335356e+09
0
0
0
0
0
0
0
0
0
0
0
0
0
0
0
0
0
0
0
0
0
0
0
0
0
-1.841941e+08
-2.119585e+08
-2.887289e+08
-4.995244e+08
-1.335166e+09
0
0
0
0
0
0
0
0
0
0
0
0
0
0
0
0
0
0
0
0
0
0
0
0
0
-1.84419e+08
-2.123268e+08
-2.891576e+08
-5.007091e+08
-1.337265e+09
0
0
0
0
0
0
0
0
0
0
0
0
0
0
0
0
0
0
0
0
0
0
0
0
0
-1.849054e+08
-2.127756e+08
-2.897896e+08
-5.015312e+08
-1.338612e+09
0
0
0
0
0
0
0
0
0
0
0
0
0
0
0
0
0
0
0
0
0
0
0
0
0
-1.853345e+08
-2.13227e+08
-2.903029e+08
-5.017302e+08
-1.335224e+09
0
0
0
0
0
0
0
0
0
0
0
0
0
0
0
-1.863092e+08
-2.141559e+08
-2.911674e+08
-5.021494e+08
-1.327751e+09
0
0
0
0
0
0
0
0
0
0
0
0
0
0
0
-1.8708e+08
-2.148866e+08
-2.918071e+08
-5.018011e+08
-1.31923e+09
0
0
0
0
0
0
0
0
0
0
0
0
0
0
0
-1.876397e+08
-2.153223e+08
-2.923156e+08
-5.016532e+08
-1.31289e+09
0
0
0
0
0
0
0
0
0
0
0
0
0
0
0
-1.880736e+08
-2.157839e+08
-2.92603e+08
-5.016934e+08
-1.308857e+09
0
0
0
0
0
0
0
0
0
0
0
0
0
0
0
-1.882491e+08
-2.160342e+08
-2.929129e+08
-5.019724e+08
-1.309154e+09
0
0
0
0
0
0
0
0
0
0
0
0
0
0
0
-1.883109e+08
-2.161397e+08
-2.930789e+08
-5.026567e+08
-1.312711e+09
0
0
0
0
0
0
0
0
0
0
0
0
0
0
-1.882543e+08
-2.161171e+08
-2.933031e+08
-5.036933e+08
-1.320787e+09
0
0
0
0
0
0
0
0
0
0
0
0
0
-1.880099e+08
-2.159721e+08
-2.933627e+08
-5.050599e+08
-1.332113e+09
0
0
0
0
0
0
0
0
0
0
0
0
-1.875619e+08
-2.156006e+08
-2.933747e+08
-5.066973e+08
-1.346956e+09
0
0
0
0
0
0
0
0
0
0
0
-1.869362e+08
-2.150376e+08
-2.930977e+08
-5.082592e+08
-1.364768e+09
0
0
0
0
0
0
0
0
0
0
0
0
0
0
0
0
0
0
0
0
-1.86169e+08
-2.143412e+08
-2.926437e+08
-5.091715e+08
-1.380701e+09
0
0
0
0
0
0
0
0
0
0
0
0
0
0
0
0
0
0
0
-1.856688e+08
-2.139735e+08
-2.925095e+08
-5.106137e+08
-1.395193e+09
0
0
0
0
0
0
0
0
0
0
0
0
0
0
0
0
0
0
-1.853335e+08
-2.136886e+08
-2.923849e+08
-5.113765e+08
-1.404597e+09
0
0
0
0
0
0
0
0
0
0
0
0
0
0
0
0
0
-1.852409e+08
-2.135698e+08
-2.924817e+08
-5.119228e+08
-1.410124e+09
0
0
0
0
0
0
0
0
0
0
0
0
0
0
0
0
-1.851073e+08
-2.135681e+08
-2.925494e+08
-5.124348e+08
-1.414414e+09
0
0
0
0
0
0
0
0
0
0
0
0
0
0
0
0
0
0
0
0
0
0
0
0
0
-1.841062e+08
-2.118465e+08
-2.886699e+08
-4.997873e+08
-1.336975e+09
0
0
0
0
0
0
0
0
0
0
0
0
0
0
0
0
0
0
0
0
0
0
0
0
0
-1.843134e+08
-2.121796e+08
-2.892076e+08
-5.01119e+08
-1.341003e+09
0
0
0
0
0
0
0
0
0
0
0
0
0
0
0
0
0
0
0
0
0
0
0
0
0
-1.845471e+08
-2.124292e+08
-2.897202e+08
-5.019942e+08
-1.345525e+09
0
0
0
0
0
0
0
0
0
0
0
0
0
0
0
0
0
0
0
0
0
0
0
0
0
-1.849389e+08
-2.129116e+08
-2.902083e+08
-5.027619e+08
-1.346087e+09
0
0
0
0
0
0
0
0
0
0
0
0
0
0
0
0
0
0
0
0
0
0
0
0
0
-1.854616e+08
-2.133125e+08
-2.905893e+08
-5.028377e+08
-1.341544e+09
0
0
0
0
0
0
0
0
0
0
0
0
0
0
0
-1.863811e+08
-2.142832e+08
-2.914782e+08
-5.029865e+08
-1.333685e+09
0
0
0
0
0
0
0
0
0
0
0
0
0
0
0
-1.871554e+08
-2.150315e+08
-2.920935e+08
-5.027645e+08
-1.324199e+09
0
0
0
0
0
0
0
0
0
0
0
0
0
0
0
-1.87617e+08
-2.155498e+08
-2.923963e+08
-5.025982e+08
-1.317182e+09
0
0
0
0
0
0
0
0
0
0
0
0
0
0
0
-1.881665e+08
-2.159583e+08
-2.928289e+08
-5.024595e+08
-1.313233e+09
0
0
0
0
0
0
0
0
0
0
0
0
0
0
0
-1.882985e+08
-2.161185e+08
-2.931012e+08
-5.027892e+08
-1.312818e+09
0
0
0
0
0
0
0
0
0
0
0
0
0
0
-1.883576e+08
-2.162295e+08
-2.932951e+08
-5.033133e+08
-1.316235e+09
0
0
0
0
0
0
0
0
0
0
0
0
0
-1.883047e+08
-2.162028e+08
-2.934357e+08
-5.043694e+08
-1.323632e+09
0
0
0
0
0
0
0
0
0
0
0
0
-1.880575e+08
-2.160391e+08
-2.935404e+08
-5.056057e+08
-1.334921e+09
0
0
0
0
0
0
0
0
0
0
0
-1.876223e+08
-2.156724e+08
-2.934756e+08
-5.071785e+08
-1.349867e+09
0
0
0
0
0
0
0
0
0
0
-1.869105e+08
-2.151489e+08
-2.932177e+08
-5.085938e+08
-1.367028e+09
0
0
0
0
0
0
0
0
0
0
0
0
0
0
0
0
0
0
0
-1.861568e+08
-2.144456e+08
-2.927742e+08
-5.09742e+08
-1.383113e+09
0
0
0
0
0
0
0
0
0
0
0
0
0
0
0
0
0
0
-1.856556e+08
-2.139997e+08
-2.926403e+08
-5.109186e+08
-1.39722e+09
0
0
0
0
0
0
0
0
0
0
0
0
0
0
0
0
0
-1.853796e+08
-2.137083e+08
-2.925057e+08
-5.11648e+08
-1.406249e+09
0
0
0
0
0
0
0
0
0
0
0
0
0
0
0
0
-1.851998e+08
-2.136568e+08
-2.925005e+08
-5.12414e+08
-1.412194e+09
0
0
0
0
0
0
0
0
0
0
0
0
0
0
0
-1.851981e+08
-2.135305e+08
-2.925742e+08
-5.128658e+08
-1.416032e+09
0
0
0
0
0
0
0
0
0
0
0
0
0
0
0
0
0
0
0
0
0
0
0
0
0
-1.841817e+08
-2.120971e+08
-2.891112e+08
-5.012089e+08
-1.343135e+09
0
0
0
0
0
0
0
0
0
0
0
0
0
0
0
0
0
0
0
0
0
0
0
0
0
-1.84379e+08
-2.123447e+08
-2.896374e+08
-5.025075e+08
-1.349738e+09
0
0
0
0
0
0
0
0
0
0
0
0
0
0
0
0
0
0
0
0
0
0
0
0
0
-1.846991e+08
-2.125904e+08
-2.899674e+08
-5.034528e+08
-1.353017e+09
0
0
0
0
0
0
0
0
0
0
0
0
0
0
0
0
0
0
0
0
0
0
0
0
0
-1.851047e+08
-2.129792e+08
-2.904934e+08
-5.039073e+08
-1.352893e+09
0
0
0
0
0
0
0
0
0
0
0
0
0
0
0
0
0
0
0
0
0
0
0
0
0
-1.855091e+08
-2.134848e+08
-2.908043e+08
-5.037231e+08
-1.347498e+09
0
0
0
0
0
0
0
0
0
0
0
0
0
0
0
-1.864561e+08
-2.143884e+08
-2.917283e+08
-5.038722e+08
-1.338658e+09
0
0
0
0
0
0
0
0
0
0
0
0
0
0
0
-1.872709e+08
-2.151295e+08
-2.923625e+08
-5.035731e+08
-1.32908e+09
0
0
0
0
0
0
0
0
0
0
0
0
0
0
0
-1.878463e+08
-2.15537e+08
-2.927698e+08
-5.03047e+08
-1.321696e+09
0
0
0
0
0
0
0
0
0
0
0
0
0
0
0
-1.881848e+08
-2.160843e+08
-2.931211e+08
-5.031093e+08
-1.317088e+09
0
0
0
0
0
0
0
0
0
0
0
0
0
0
-1.884672e+08
-2.161957e+08
-2.932647e+08
-5.033614e+08
-1.316599e+09
0
0
0
0
0
0
0
0
0
0
0
0
0
-1.885328e+08
-2.1628e+08
-2.934728e+08
-5.038976e+08
-1.319567e+09
0
0
0
0
0
0
0
0
0
0
0
0
-1.883697e+08
-2.162703e+08
-2.936049e+08
-5.047998e+08
-1.326825e+09
0
0
0
0
0
0
0
0
0
0
0
-1.881414e+08
-2.161006e+08
-2.93692e+08
-5.060891e+08
-1.337702e+09
0
0
0
0
0
0
0
0
0
0
-1.87674e+08
-2.157506e+08
-2.936073e+08
-5.07546e+08
-1.352411e+09
0
0
0
0
0
0
0
0
0
0
-1.869937e+08
-2.15121e+08
-2.93399e+08
-5.089793e+08
-1.369264e+09
0
0
0
0
0
0
0
0
0
0
0
0
0
0
0
0
0
0
-1.861682e+08
-2.144166e+08
-2.929479e+08
-5.10112e+08
-1.385904e+09
0
0
0
0
0
0
0
0
0
0
0
0
0
0
0
0
0
-1.858068e+08
-2.139822e+08
-2.927075e+08
-5.11257e+08
-1.399178e+09
0
0
0
0
0
0
0
0
0
0
0
0
0
0
0
0
-1.854845e+08
-2.137774e+08
-2.925663e+08
-5.119866e+08
-1.408062e+09
0
0
0
0
0
0
0
0
0
0
0
0
0
0
0
-1.852579e+08
-2.136107e+08
-2.926454e+08
-5.125735e+08
-1.414445e+09
0
0
0
0
0
0
0
0
0
0
0
0
0
0
-1.852388e+08
-2.136467e+08
-2.925554e+08
-5.130128e+08
-1.418089e+09
0
0
0
0
0
0
0
0
0
0
0
0
0
0
0
0
0
0
0
0
0
0
0
0
0
-1.842859e+08
-2.122195e+08
-2.895795e+08
-5.025464e+08
-1.351406e+09
0
0
0
0
0
0
0
0
0
0
0
0
0
0
0
0
0
0
0
0
0
0
0
0
0
-1.844921e+08
-2.124483e+08
-2.899699e+08
-5.037485e+08
-1.357437e+09
0
0
0
0
0
0
0
0
0
0
0
0
0
0
0
0
0
0
0
0
0
0
0
0
0
-1.847559e+08
-2.12787e+08
-2.90287e+08
-5.04302e+08
-1.360359e+09
0
0
0
0
0
0
0
0
0
0
0
0
0
0
0
0
0
0
0
0
0
0
0
0
0
-1.851534e+08
-2.131977e+08
-2.906806e+08
-5.048078e+08
-1.358977e+09
0
0
0
0
0
0
0
0
0
0
0
0
0
0
0
0
0
0
0
0
0
0
0
0
0
-1.856729e+08
-2.135677e+08
-2.911199e+08
-5.044636e+08
-1.352602e+09
0
0
0
0
0
0
0
0
0
0
0
0
0
0
0
-1.865636e+08
-2.145063e+08
-2.91955e+08
-5.04624e+08
-1.343402e+09
0
0
0
0
0
0
0
0
0
0
0
0
0
0
0
-1.873713e+08
-2.152765e+08
-2.925726e+08
-5.043112e+08
-1.333351e+09
0
0
0
0
0
0
0
0
0
0
0
0
0
0
0
-1.878565e+08
-2.158088e+08
-2.928223e+08
-5.039383e+08
-1.324869e+09
0
0
0
0
0
0
0
0
0
0
0
0
0
0
-1.882785e+08
-2.161145e+08
-2.933466e+08
-5.038485e+08
-1.320536e+09
0
0
0
0
0
0
0
0
0
0
0
0
0
-1.884787e+08
-2.16411e+08
-2.934216e+08
-5.038597e+08
-1.31975e+09
0
0
0
0
0
0
0
0
0
0
0
0
-1.88478e+08
-2.164874e+08
-2.935845e+08
-5.044046e+08
-1.322563e+09
0
0
0
0
0
0
0
0
0
0
0
-1.884535e+08
-2.163567e+08
-2.937451e+08
-5.052833e+08
-1.329397e+09
0
0
0
0
0
0
0
0
0
0
-1.881913e+08
-2.162044e+08
-2.938109e+08
-5.065441e+08
-1.340239e+09
0
0
0
0
0
0
0
0
0
0
-1.877204e+08
-2.158238e+08
-2.937512e+08
-5.079279e+08
-1.35465e+09
0
0
0
0
0
0
0
0
0
0
-1.870704e+08
-2.152229e+08
-2.934029e+08
-5.094244e+08
-1.371461e+09
0
0
0
0
0
0
0
0
0
0
0
0
0
0
0
0
0
-1.862845e+08
-2.144479e+08
-2.929236e+08
-5.105547e+08
-1.387979e+09
0
0
0
0
0
0
0
0
0
0
0
0
0
0
0
0
-1.857942e+08
-2.141666e+08
-2.927197e+08
-5.115284e+08
-1.401002e+09
0
0
0
0
0
0
0
0
0
0
0
0
0
0
0
-1.854858e+08
-2.13893e+08
-2.926853e+08
-5.122211e+08
-1.40992e+09
0
0
0
0
0
0
0
0
0
0
0
0
0
0
-1.853262e+08
-2.136823e+08
-2.925982e+08
-5.129353e+08
-1.415779e+09
0
0
0
0
0
0
0
0
0
0
0
0
0
-1.851887e+08
-2.136977e+08
-2.927394e+08
-5.130981e+08
-1.419306e+09
0
0
0
0
0
0
0
0
0
0
0
0
0
0
0
0
0
0
0
0
0
0
0
0
0
-1.843626e+08
-2.123666e+08
-2.898615e+08
-5.03859e+08
-1.359022e+09
0
0
0
0
0
0
0
0
0
0
0
0
0
0
0
0
0
0
0
0
0
0
0
0
0
-1.845766e+08
-2.125981e+08
-2.902147e+08
-5.047652e+08
-1.364287e+09
0
0
0
0
0
0
0
0
0
0
0
0
0
0
0
0
0
0
0
0
0
0
0
0
0
-1.848184e+08
-2.128857e+08
-2.906337e+08
-5.052786e+08
-1.365681e+09
0
0
0
0
0
0
0
0
0
0
0
0
0
0
0
0
0
0
0
0
0
0
0
0
0
-1.851849e+08
-2.132763e+08
-2.910519e+08
-5.054798e+08
-1.364207e+09
0
0
0
0
0
0
0
0
0
0
0
0
0
0
0
0
0
0
0
0
0
0
0
0
0
-1.856674e+08
-2.137702e+08
-2.913098e+08
-5.053321e+08
-1.357063e+09
0
0
0
0
0
0
0
0
0
0
0
0
0
0
0
-1.867285e+08
-2.146516e+08
-2.921924e+08
-5.053236e+08
-1.347613e+09
0
0
0
0
0
0
0
0
0
0
0
0
0
0
0
-1.873303e+08
-2.154165e+08
-2.928366e+08
-5.049621e+08
-1.337228e+09
0
0
0
0
0
0
0
0
0
0
0
0
0
0
-1.87975e+08
-2.1583e+08
-2.932295e+08
-5.042998e+08
-1.328896e+09
0
0
0
0
0
0
0
0
0
0
0
0
0
-1.882997e+08
-2.162356e+08
-2.934343e+08
-5.044429e+08
-1.324037e+09
0
0
0
0
0
0
0
0
0
0
0
0
-1.885526e+08
-2.164257e+08
-2.9376e+08
-5.043178e+08
-1.322491e+09
0
0
0
0
0
0
0
0
0
0
0
-1.886193e+08
-2.16448e+08
-2.939052e+08
-5.047864e+08
-1.325226e+09
0
0
0
0
0
0
0
0
0
0
-1.885166e+08
-2.164662e+08
-2.938975e+08
-5.057112e+08
-1.33186e+09
0
0
0
0
0
0
0
0
0
0
-1.881995e+08
-2.162746e+08
-2.939912e+08
-5.069034e+08
-1.342637e+09
0
0
0
0
0
0
0
0
0
0
-1.87827e+08
-2.158803e+08
-2.938885e+08
-5.08331e+08
-1.356737e+09
0
0
0
0
0
0
0
0
0
0
-1.870317e+08
-2.153217e+08
-2.93567e+08
-5.096013e+08
-1.373625e+09
0
0
0
0
0
0
0
0
0
0
0
0
0
0
0
0
-1.862795e+08
-2.145959e+08
-2.930192e+08
-5.106375e+08
-1.390177e+09
0
0
0
0
0
0
0
0
0
0
0
0
0
0
0
-1.858888e+08
-2.141584e+08
-2.929802e+08
-5.116953e+08
-1.4028e+09
0
0
0
0
0
0
0
0
0
0
0
0
0
0
-1.855431e+08
-2.139032e+08
-2.928458e+08
-5.125462e+08
-1.411444e+09
0
0
0
0
0
0
0
0
0
0
0
0
0
-1.853066e+08
-2.137802e+08
-2.927262e+08
-5.129593e+08
-1.417583e+09
0
0
0
0
0
0
0
0
0
0
0
0
-1.852444e+08
-2.136475e+08
-2.928293e+08
-5.135216e+08
-1.42034e+09
0
0
0
0
0
0
0
0
0
0
0
0
0
0
0
0
0
0
0
0
0
0
0
0
0
-1.844963e+08
-2.124676e+08
-2.901572e+08
-5.047941e+08
-1.366069e+09
0
0
0
0
0
0
0
0
0
0
0
0
0
0
0
0
0
0
0
0
0
0
0
0
0
-1.846493e+08
-2.127214e+08
-2.905007e+08
-5.055932e+08
-1.370136e+09
0
0
0
0
0
0
0
0
0
0
0
0
0
0
0
0
0
0
0
0
0
0
0
0
0
-1.848353e+08
-2.129792e+08
-2.908593e+08
-5.062118e+08
-1.371197e+09
0
0
0
0
0
0
0
0
0
0
0
0
0
0
0
0
0
0
0
0
0
0
0
0
0
-1.852469e+08
-2.133346e+08
-2.912418e+08
-5.064281e+08
-1.368435e+09
0
0
0
0
0
0
0
0
0
0
0
0
0
0
0
0
0
0
0
0
0
0
0
0
0
-1.858675e+08
-2.137853e+08
-2.9165e+08
-5.059611e+08
-1.361686e+09
0
0
0
0
0
0
0
0
0
0
0
0
0
0
0
-1.867281e+08
-2.148359e+08
-2.924423e+08
-5.060064e+08
-1.35152e+09
0
0
0
0
0
0
0
0
0
0
0
0
0
0
-1.874555e+08
-2.153694e+08
-2.930736e+08
-5.056676e+08
-1.340768e+09
0
0
0
0
0
0
0
0
0
0
0
0
0
-1.88015e+08
-2.159857e+08
-2.933156e+08
-5.051773e+08
-1.331557e+09
0
0
0
0
0
0
0
0
0
0
0
0
-1.884441e+08
-2.162728e+08
-2.936567e+08
-5.047985e+08
-1.327031e+09
0
0
0
0
0
0
0
0
0
0
0
-1.886381e+08
-2.165196e+08
-2.938256e+08
-5.050725e+08
-1.324961e+09
0
0
0
0
0
0
0
0
0
0
-1.886298e+08
-2.166051e+08
-2.938993e+08
-5.054959e+08
-1.327475e+09
0
0
0
0
0
0
0
0
0
0
-1.885863e+08
-2.16556e+08
-2.940837e+08
-5.061153e+08
-1.334196e+09
0
0
0
0
0
0
0
0
0
0
-1.882866e+08
-2.162915e+08
-2.941264e+08
-5.073692e+08
-1.34468e+09
0
0
0
0
0
0
0
0
0
0
-1.878131e+08
-2.160154e+08
-2.939975e+08
-5.087082e+08
-1.358874e+09
0
0
0
0
0
0
0
0
0
0
-1.871224e+08
-2.153063e+08
-2.937318e+08
-5.099997e+08
-1.375239e+09
0
0
0
0
0
0
0
0
0
0
0
0
0
0
0
-1.863136e+08
-2.145958e+08
-2.932482e+08
-5.109512e+08
-1.391353e+09
0
0
0
0
0
0
0
0
0
0
0
0
0
0
-1.858942e+08
-2.14264e+08
-2.93006e+08
-5.122247e+08
-1.404161e+09
0
0
0
0
0
0
0
0
0
0
0
0
0
-1.855523e+08
-2.139696e+08
-2.928895e+08
-5.128933e+08
-1.41324e+09
0
0
0
0
0
0
0
0
0
0
0
0
-1.853856e+08
-2.13766e+08
-2.928953e+08
-5.132944e+08
-1.41852e+09
0
0
0
0
0
0
0
0
0
0
0
-1.85296e+08
-2.137197e+08
-2.927871e+08
-5.137642e+08
-1.42228e+09
0
0
0
0
0
0
0
0
0
0
0
0
0
0
0
0
0
0
0
0
0
0
0
0
0
-1.84518e+08
-2.126452e+08
-2.903855e+08
-5.056945e+08
-1.371761e+09
0
0
0
0
0
0
0
0
0
0
0
0
0
0
0
0
0
0
0
0
0
0
0
0
0
-1.847008e+08
-2.128291e+08
-2.907547e+08
-5.064408e+08
-1.375236e+09
0
0
0
0
0
0
0
0
0
0
0
0
0
0
0
0
0
0
0
0
0
0
0
0
0
-1.848741e+08
-2.130164e+08
-2.910532e+08
-5.069307e+08
-1.376141e+09
0
0
0
0
0
0
0
0
0
0
0
0
0
0
0
0
0
0
0
0
0
0
0
0
0
-1.8538e+08
-2.134236e+08
-2.913936e+08
-5.070786e+08
-1.3732e+09
0
0
0
0
0
0
0
0
0
0
0
0
0
0
0
0
0
0
0
0
0
0
0
0
0
-1.858938e+08
-2.140167e+08
-2.917494e+08
-5.067968e+08
-1.365388e+09
0
0
0
0
0
0
0
0
0
0
0
0
0
0
-1.86724e+08
-2.148639e+08
-2.927466e+08
-5.066601e+08
-1.355175e+09
0
0
0
0
0
0
0
0
0
0
0
0
0
-1.87512e+08
-2.155405e+08
-2.930762e+08
-5.062662e+08
-1.344276e+09
0
0
0
0
0
0
0
0
0
0
0
0
-1.881172e+08
-2.160405e+08
-2.935706e+08
-5.05553e+08
-1.3352e+09
0
0
0
0
0
0
0
0
0
0
0
-1.884701e+08
-2.164469e+08
-2.937556e+08
-5.053819e+08
-1.329388e+09
0
0
0
0
0
0
0
0
0
0
-1.886701e+08
-2.166313e+08
-2.939896e+08
-5.053686e+08
-1.328142e+09
0
0
0
0
0
0
0
0
0
0
-1.8872e+08
-2.166365e+08
-2.941423e+08
-5.056629e+08
-1.330404e+09
0
0
0
0
0
0
0
0
0
0
-1.886247e+08
-2.166364e+08
-2.942469e+08
-5.06586e+08
-1.336283e+09
0
0
0
0
0
0
0
0
0
0
-1.88372e+08
-2.164153e+08
-2.941799e+08
-5.077485e+08
-1.346938e+09
0
0
0
0
0
0
0
0
0
0
-1.878589e+08
-2.160161e+08
-2.942065e+08
-5.090262e+08
-1.36084e+09
0
0
0
0
0
0
0
0
0
0
-1.871683e+08
-2.153998e+08
-2.937607e+08
-5.103958e+08
-1.377132e+09
0
0
0
0
0
0
0
0
0
0
0
0
0
0
-1.864297e+08
-2.146389e+08
-2.932727e+08
-5.114612e+08
-1.393059e+09
0
0
0
0
0
0
0
0
0
0
0
0
0
-1.858793e+08
-2.143005e+08
-2.93166e+08
-5.12396e+08
-1.406375e+09
0
0
0
0
0
0
0
0
0
0
0
0
-1.855969e+08
-2.139901e+08
-2.930159e+08
-5.130702e+08
-1.414842e+09
0
0
0
0
0
0
0
0
0
0
0
-1.854073e+08
-2.138586e+08
-2.928929e+08
-5.136844e+08
-1.420163e+09
0
0
0
0
0
0
0
0
0
0
-1.85338e+08
-2.137806e+08
-2.929081e+08
-5.137986e+08
-1.423594e+09
0
0
0
0
0
0
0
0
0
0
0
0
0
0
0
0
0
0
0
0
0
0
0
0
0
-1.845928e+08
-2.126931e+08
-2.907082e+08
-5.064694e+08
-1.376981e+09
0
0
0
0
0
0
0
0
0
0
0
0
0
0
0
0
0
0
0
0
0
0
0
0
0
-1.847894e+08
-2.129051e+08
-2.909821e+08
-5.072157e+08
-1.380059e+09
0
0
0
0
0
0
0
0
0
0
0
0
0
0
0
0
0
0
0
0
0
0
0
0
0
-1.850278e+08
-2.130823e+08
-2.911781e+08
-5.075521e+08
-1.380398e+09
0
0
0
0
0
0
0
0
0
0
0
0
0
0
0
0
0
0
0
0
0
0
0
0
0
-1.854586e+08
-2.13582e+08
-2.915711e+08
-5.076104e+08
-1.377195e+09
0
0
0
0
0
0
0
0
0
0
0
0
0
0
0
0
0
0
0
0
0
0
0
0
-1.859755e+08
-2.140716e+08
-2.920933e+08
-5.072588e+08
-1.369388e+09
0
0
0
0
0
0
0
0
0
0
0
0
0
-1.868486e+08
-2.148748e+08
-2.928421e+08
-5.074142e+08
-1.358532e+09
0
0
0
0
0
0
0
0
0
0
0
0
-1.875878e+08
-2.155966e+08
-2.933476e+08
-5.065227e+08
-1.347335e+09
0
0
0
0
0
0
0
0
0
0
0
-1.881289e+08
-2.161754e+08
-2.936893e+08
-5.061534e+08
-1.337683e+09
0
0
0
0
0
0
0
0
0
0
-1.884669e+08
-2.164943e+08
-2.940254e+08
-5.057343e+08
-1.332146e+09
0
0
0
0
0
0
0
0
0
0
-1.887302e+08
-2.166808e+08
-2.94181e+08
-5.057988e+08
-1.330092e+09
0
0
0
0
0
0
0
0
0
0
-1.887255e+08
-2.167445e+08
-2.942347e+08
-5.062139e+08
-1.332013e+09
0
0
0
0
0
0
0
0
0
0
-1.886758e+08
-2.166887e+08
-2.943876e+08
-5.070063e+08
-1.338577e+09
0
0
0
0
0
0
0
0
0
0
-1.883806e+08
-2.165064e+08
-2.943818e+08
-5.079674e+08
-1.348905e+09
0
0
0
0
0
0
0
0
0
0
-1.879056e+08
-2.16072e+08
-2.942503e+08
-5.094913e+08
-1.362565e+09
0
0
0
0
0
0
0
0
0
0
-1.871405e+08
-2.154623e+08
-2.939032e+08
-5.105874e+08
-1.378985e+09
0
0
0
0
0
0
0
0
0
0
0
0
0
-1.864011e+08
-2.14786e+08
-2.93342e+08
-5.116007e+08
-1.395293e+09
0
0
0
0
0
0
0
0
0
0
0
0
-1.859229e+08
-2.142799e+08
-2.932621e+08
-5.127521e+08
-1.407639e+09
0
0
0
0
0
0
0
0
0
0
0
-1.855542e+08
-2.140487e+08
-2.930683e+08
-5.134136e+08
-1.41603e+09
0
0
0
0
0
0
0
0
0
0
-1.853927e+08
-2.138937e+08
-2.930398e+08
-5.13761e+08
-1.421871e+09
0
0
0
0
0
0
0
0
0
-1.852902e+08
-2.138307e+08
-2.930045e+08
-5.140835e+08
-1.424467e+09
0
0
0
0
0
0
0
0
0
0
0
0
0
0
0
0
0
0
0
0
0
0
0
0
0
-1.846763e+08
-2.128096e+08
-2.908536e+08
-5.073482e+08
-1.381681e+09
0
0
0
0
0
0
0
0
0
0
0
0
0
0
0
0
0
0
0
0
0
0
0
0
0
-1.848195e+08
-2.13032e+08
-2.911504e+08
-5.079018e+08
-1.38451e+09
0
0
0
0
0
0
0
0
0
0
0
0
0
0
0
0
0
0
0
0
0
0
0
0
0
-1.850701e+08
-2.132649e+08
-2.913358e+08
-5.080489e+08
-1.384201e+09
0
0
0
0
0
0
0
0
0
0
0
0
0
0
0
0
0
0
0
0
0
0
0
0
-1.854522e+08
-2.136999e+08
-2.918419e+08
-5.081559e+08
-1.380508e+09
0
0
0
0
0
0
0
0
0
0
0
0
0
0
0
0
0
0
0
0
0
0
0
-1.860252e+08
-2.141718e+08
-2.922288e+08
-5.080295e+08
-1.372542e+09
0
0
0
0
0
0
0
0
0
0
0
0
-1.868721e+08
-2.150166e+08
-2.929068e+08
-5.077905e+08
-1.362072e+09
0
0
0
0
0
0
0
0
0
0
0
-1.876304e+08
-2.157045e+08
-2.934561e+08
-5.071455e+08
-1.349504e+09
0
0
0
0
0
0
0
0
0
0
-1.881999e+08
-2.161939e+08
-2.939114e+08
-5.065368e+08
-1.340398e+09
0
0
0
0
0
0
0
0
0
0
-1.886043e+08
-2.164938e+08
-2.941278e+08
-5.063386e+08
-1.334265e+09
0
0
0
0
0
0
0
0
0
0
-1.887768e+08
-2.167656e+08
-2.942877e+08
-5.062808e+08
-1.332237e+09
0
0
0
0
0
0
0
0
0
0
-1.888135e+08
-2.167656e+08
-2.944056e+08
-5.065343e+08
-1.334379e+09
0
0
0
0
0
0
0
0
0
0
-1.886792e+08
-2.16762e+08
-2.944923e+08
-5.073808e+08
-1.340599e+09
0
0
0
0
0
0
0
0
0
0
-1.884109e+08
-2.165242e+08
-2.945332e+08
-5.08425e+08
-1.350362e+09
0
0
0
0
0
0
0
0
0
0
-1.879464e+08
-2.161331e+08
-2.943494e+08
-5.097107e+08
-1.364608e+09
0
0
0
0
0
0
0
0
0
0
-1.871691e+08
-2.154421e+08
-2.940108e+08
-5.10938e+08
-1.380416e+09
0
0
0
0
0
0
0
0
0
0
0
0
-1.864194e+08
-2.147531e+08
-2.935796e+08
-5.117971e+08
-1.396373e+09
0
0
0
0
0
0
0
0
0
0
0
-1.859984e+08
-2.143324e+08
-2.932472e+08
-5.13034e+08
-1.409204e+09
0
0
0
0
0
0
0
0
0
0
-1.856109e+08
-2.14019e+08
-2.931736e+08
-5.135996e+08
-1.417714e+09
0
0
0
0
0
0
0
0
0
-1.854694e+08
-2.138807e+08
-2.931035e+08
-5.141059e+08
-1.422732e+09
0
0
0
0
0
0
0
0
-1.85326e+08
-2.137875e+08
-2.930886e+08
-5.143155e+08
-1.425773e+09
0
0
0
0
0
0
0
0
0
0
0
0
0
0
0
0
0
0
0
0
0
0
0
0
0
-1.847197e+08
-2.129115e+08
-2.910819e+08
-5.079116e+08
-1.386344e+09
0
0
0
0
0
0
0
0
0
0
0
0
0
0
0
0
0
0
0
0
0
0
0
0
0
-1.84874e+08
-2.13071e+08
-2.91388e+08
-5.084655e+08
-1.388417e+09
0
0
0
0
0
0
0
0
0
0
0
0
0
0
0
0
0
0
0
0
0
0
0
0
-1.851484e+08
-2.133306e+08
-2.916312e+08
-5.085707e+08
-1.387466e+09
0
0
0
0
0
0
0
0
0
0
0
0
0
0
0
0
0
0
0
0
0
0
0
-1.854921e+08
-2.136954e+08
-2.920583e+08
-5.088452e+08
-1.383715e+09
0
0
0
0
0
0
0
0
0
0
0
0
0
0
0
0
0
0
0
0
0
0
-1.860603e+08
-2.142506e+08
-2.924113e+08
-5.084776e+08
-1.37601e+09
0
0
0
0
0
0
0
0
0
0
0
-1.869298e+08
-2.150584e+08
-2.931374e+08
-5.080973e+08
-1.36455e+09
0
0
0
0
0
0
0
0
0
0
-1.876938e+08
-2.1577e+08
-2.93651e+08
-5.075003e+08
-1.35238e+09
0
0
0
0
0
0
0
0
0
0
-1.881909e+08
-2.162861e+08
-2.939793e+08
-5.070658e+08
-1.342631e+09
0
0
0
0
0
0
0
0
0
0
-1.885357e+08
-2.166627e+08
-2.941644e+08
-5.066552e+08
-1.336863e+09
0
0
0
0
0
0
0
0
0
0
-1.887677e+08
-2.168178e+08
-2.944355e+08
-5.066092e+08
-1.334536e+09
0
0
0
0
0
0
0
0
0
0
-1.888651e+08
-2.168715e+08
-2.944721e+08
-5.069371e+08
-1.33623e+09
0
0
0
0
0
0
0
0
0
0
-1.887129e+08
-2.167637e+08
-2.946183e+08
-5.076865e+08
-1.34242e+09
0
0
0
0
0
0
0
0
0
0
-1.884478e+08
-2.165677e+08
-2.945841e+08
-5.088136e+08
-1.352368e+09
0
0
0
0
0
0
0
0
0
0
-1.879481e+08
-2.161988e+08
-2.944589e+08
-5.099829e+08
-1.3661e+09
0
0
0
0
0
0
0
0
0
0
-1.872216e+08
-2.154879e+08
-2.940252e+08
-5.112133e+08
-1.382111e+09
0
0
0
0
0
0
0
0
0
0
0
-1.864464e+08
-2.147891e+08
-2.935487e+08
-5.123204e+08
-1.397558e+09
0
0
0
0
0
0
0
0
0
0
-1.860016e+08
-2.144205e+08
-2.93341e+08
-5.131007e+08
-1.410709e+09
0
0
0
0
0
0
0
0
0
-1.855986e+08
-2.140789e+08
-2.93149e+08
-5.13882e+08
-1.41889e+09
0
0
0
0
0
0
0
0
-1.854583e+08
-2.139702e+08
-2.931112e+08
-5.142802e+08
-1.424324e+09
0
0
0
0
0
0
0
-1.853283e+08
-2.138321e+08
-2.930554e+08
-5.145345e+08
-1.426916e+09
0
0
0
0
0
0
0
0
0
0
0
0
0
0
0
0
0
0
0
0
0
0
0
0
0
-1.848051e+08
-2.12976e+08
-2.912803e+08
-5.085657e+08
-1.390056e+09
0
0
0
0
0
0
0
0
0
0
0
0
0
0
0
0
0
0
0
0
0
0
0
0
-1.849256e+08
-2.131507e+08
-2.914986e+08
-5.091163e+08
-1.39189e+09
0
0
0
0
0
0
0
0
0
0
0
0
0
0
0
0
0
0
0
0
0
0
0
-1.851735e+08
-2.134288e+08
-2.917781e+08
-5.092993e+08
-1.390638e+09
0
0
0
0
0
0
0
0
0
0
0
0
0
0
0
0
0
0
0
0
0
0
-1.856651e+08
-2.137622e+08
-2.921045e+08
-5.094241e+08
-1.387136e+09
0
0
0
0
0
0
0
0
0
0
0
0
0
0
0
0
0
0
0
0
0
-1.86134e+08
-2.142921e+08
-2.925657e+08
-5.089872e+08
-1.378668e+09
0
0
0
0
0
0
0
0
0
0
-1.86972e+08
-2.151332e+08
-2.932362e+08
-5.086633e+08
-1.366754e+09
0
0
0
0
0
0
0
0
0
0
-1.87727e+08
-2.15842e+08
-2.937784e+08
-5.080005e+08
-1.354499e+09
0
0
0
0
0
0
0
0
0
0
-1.883076e+08
-2.162819e+08
-2.941402e+08
-5.0735e+08
-1.345054e+09
0
0
0
0
0
0
0
0
0
0
-1.886501e+08
-2.165918e+08
-2.944262e+08
-5.068747e+08
-1.338671e+09
0
0
0
0
0
0
0
0
0
0
-1.888081e+08
-2.168203e+08
-2.945331e+08
-5.069816e+08
-1.336357e+09
0
0
0
0
0
0
0
0
0
0
-1.888283e+08
-2.16934e+08
-2.946419e+08
-5.071863e+08
-1.338059e+09
0
0
0
0
0
0
0
0
0
0
-1.887995e+08
-2.168138e+08
-2.946482e+08
-5.080005e+08
-1.344044e+09
0
0
0
0
0
0
0
0
0
0
-1.885514e+08
-2.166196e+08
-2.946665e+08
-5.090069e+08
-1.354217e+09
0
0
0
0
0
0
0
0
0
0
-1.880108e+08
-2.161956e+08
-2.945783e+08
-5.102716e+08
-1.367528e+09
0
0
0
0
0
0
0
0
0
0
-1.872924e+08
-2.15537e+08
-2.941036e+08
-5.11375e+08
-1.383487e+09
0
0
0
0
0
0
0
0
0
0
-1.864377e+08
-2.148218e+08
-2.936333e+08
-5.123473e+08
-1.399711e+09
0
0
0
0
0
0
0
0
0
-1.859363e+08
-2.144365e+08
-2.93461e+08
-5.133573e+08
-1.411557e+09
0
0
0
0
0
0
0
0
-1.856803e+08
-2.140672e+08
-2.93253e+08
-5.138935e+08
-1.420342e+09
0
0
0
0
0
0
0
-1.854443e+08
-2.139559e+08
-2.932428e+08
-5.143768e+08
-1.425302e+09
0
0
0
0
0
0
-1.853705e+08
-2.138433e+08
-2.931343e+08
-5.145687e+08
-1.428063e+09
0
0
0
0
0
0
0
0
0
0
0
0
0
0
0
0
0
0
0
0
0
0
0
0
-1.848179e+08
-2.130926e+08
-2.914246e+08
-5.091641e+08
-1.393752e+09
0
0
0
0
0
0
0
0
0
0
0
0
0
0
0
0
0
0
0
0
0
0
0
-1.849721e+08
-2.132225e+08
-2.916569e+08
-5.095514e+08
-1.395414e+09
0
0
0
0
0
0
0
0
0
0
0
0
0
0
0
0
0
0
0
0
0
0
-1.852226e+08
-2.134679e+08
-2.91954e+08
-5.097693e+08
-1.394203e+09
0
0
0
0
0
0
0
0
0
0
0
0
0
0
0
0
0
0
0
0
0
-1.857214e+08
-2.13946e+08
-2.92236e+08
-5.097197e+08
-1.390106e+09
0
0
0
0
0
0
0
0
0
0
0
0
0
0
0
0
0
0
0
0
-1.861318e+08
-2.143874e+08
-2.926551e+08
-5.094188e+08
-1.381437e+09
0
0
0
0
0
0
0
0
0
0
-1.870453e+08
-2.151935e+08
-2.933706e+08
-5.089944e+08
-1.369372e+09
0
0
0
0
0
0
0
0
0
0
-1.878108e+08
-2.158977e+08
-2.939097e+08
-5.083716e+08
-1.356929e+09
0
0
0
0
0
0
0
0
0
0
-1.883121e+08
-2.164334e+08
-2.941703e+08
-5.077631e+08
-1.346885e+09
0
0
0
0
0
0
0
0
0
0
-1.886805e+08
-2.16746e+08
-2.943707e+08
-5.074434e+08
-1.340254e+09
0
0
0
0
0
0
0
0
0
0
-1.888817e+08
-2.168698e+08
-2.94575e+08
-5.072704e+08
-1.338149e+09
0
0
0
0
0
0
0
0
0
0
-1.889417e+08
-2.169156e+08
-2.947465e+08
-5.07584e+08
-1.339604e+09
0
0
0
0
0
0
0
0
0
0
-1.888065e+08
-2.169088e+08
-2.947449e+08
-5.081765e+08
-1.345588e+09
0
0
0
0
0
0
0
0
0
0
-1.884985e+08
-2.167445e+08
-2.947677e+08
-5.092414e+08
-1.355461e+09
0
0
0
0
0
0
0
0
0
0
-1.880583e+08
-2.162695e+08
-2.945941e+08
-5.105742e+08
-1.368988e+09
0
0
0
0
0
0
0
0
0
0
-1.873969e+08
-2.156318e+08
-2.941822e+08
-5.115821e+08
-1.384718e+09
0
0
0
0
0
0
0
0
0
-1.864954e+08
-2.148208e+08
-2.936965e+08
-5.126072e+08
-1.400366e+09
0
0
0
0
0
0
0
0
-1.860282e+08
-2.14369e+08
-2.935175e+08
-5.135968e+08
-1.412954e+09
0
0
0
0
0
0
0
-1.856521e+08
-2.141728e+08
-2.932587e+08
-5.141519e+08
-1.420888e+09
0
0
0
0
0
0
-1.854772e+08
-2.139538e+08
-2.932455e+08
-5.146681e+08
-1.426115e+09
0
0
0
0
0
-1.853529e+08
-2.138944e+08
-2.931769e+08
-5.147757e+08
-1.428766e+09
0
0
0
0
0
0
0
0
0
0
0
0
0
0
0
0
0
0
0
0
0
0
0
-1.848518e+08
-2.131242e+08
-2.916361e+08
-5.096431e+08
-1.397168e+09
0
0
0
0
0
0
0
0
0
0
0
0
0
0
0
0
0
0
0
0
0
0
-1.850339e+08
-2.132886e+08
-2.918001e+08
-5.100248e+08
-1.398277e+09
0
0
0
0
0
0
0
0
0
0
0
0
0
0
0
0
0
0
0
0
0
-1.853096e+08
-2.135394e+08
-2.920449e+08
-5.102552e+08
-1.396987e+09
0
0
0
0
0
0
0
0
0
0
0
0
0
0
0
0
0
0
0
0
-1.856749e+08
-2.140249e+08
-2.925181e+08
-5.101105e+08
-1.392379e+09
0
0
0
0
0
0
0
0
0
0
0
0
0
0
0
0
0
0
0
-1.862078e+08
-2.144056e+08
-2.928197e+08
-5.097417e+08
-1.383768e+09
0
0
0
0
0
0
0
0
0
0
-1.871311e+08
-2.15287e+08
-2.934947e+08
-5.093677e+08
-1.371429e+09
0
0
0
0
0
0
0
0
0
0
-1.87833e+08
-2.159918e+08
-2.940252e+08
-5.087362e+08
-1.358989e+09
0
0
0
0
0
0
0
0
0
0
-1.883477e+08
-2.164423e+08
-2.944082e+08
-5.079606e+08
-1.348887e+09
0
0
0
0
0
0
0
0
0
0
-1.886851e+08
-2.16773e+08
-2.946079e+08
-5.074985e+08
-1.342558e+09
0
0
0
0
0
0
0
0
0
0
-1.889108e+08
-2.16962e+08
-2.946693e+08
-5.074751e+08
-1.339729e+09
0
0
0
0
0
0
0
0
0
0
-1.889252e+08
-2.170282e+08
-2.947657e+08
-5.078594e+08
-1.341358e+09
0
0
0
0
0
0
0
0
0
0
-1.888101e+08
-2.169389e+08
-2.948876e+08
-5.084443e+08
-1.346861e+09
0
0
0
0
0
0
0
0
0
0
-1.88569e+08
-2.166867e+08
-2.949517e+08
-5.095184e+08
-1.356755e+09
0
0
0
0
0
0
0
0
0
0
-1.879872e+08
-2.16338e+08
-2.947074e+08
-5.106989e+08
-1.370439e+09
0
0
0
0
0
0
0
0
0
-1.873273e+08
-2.15749e+08
-2.943335e+08
-5.117952e+08
-1.385916e+09
0
0
0
0
0
0
0
0
-1.864784e+08
-2.148862e+08
-2.937126e+08
-5.127916e+08
-1.401852e+09
0
0
0
0
0
0
0
-1.860707e+08
-2.144817e+08
-2.934412e+08
-5.137967e+08
-1.413994e+09
0
0
0
0
0
0
-1.856899e+08
-2.141454e+08
-2.934133e+08
-5.142483e+08
-1.422092e+09
0
0
0
0
0
-1.854667e+08
-2.139834e+08
-2.932601e+08
-5.147643e+08
-1.427417e+09
0
0
0
0
-1.853817e+08
-2.138782e+08
-2.932521e+08
-5.149308e+08
-1.429839e+09
0
0
0
0
0
0
0
0
0
0
0
0
0
0
0
0
0
0
0
0
0
0
-1.849558e+08
-2.131781e+08
-2.917286e+08
-5.102106e+08
-1.400131e+09
0
0
0
0
0
0
0
0
0
0
0
0
0
0
0
0
0
0
0
0
0
-1.850769e+08
-2.133708e+08
-2.919362e+08
-5.104654e+08
-1.40102e+09
0
0
0
0
0
0
0
0
0
0
0
0
0
0
0
0
0
0
0
0
-1.853056e+08
-2.136603e+08
-2.921885e+08
-5.105828e+08
-1.39962e+09
0
0
0
0
0
0
0
0
0
0
0
0
0
0
0
0
0
0
0
-1.857404e+08
-2.139966e+08
-2.926637e+08
-5.107619e+08
-1.394685e+09
0
0
0
0
0
0
0
0
0
0
0
0
0
0
0
0
0
0
-1.862799e+08
-2.144947e+08
-2.928989e+08
-5.101707e+08
-1.385834e+09
0
0
0
0
0
0
0
0
0
0
-1.87109e+08
-2.153977e+08
-2.936535e+08
-5.097325e+08
-1.373487e+09
0
0
0
0
0
0
0
0
0
0
-1.878487e+08
-2.160405e+08
-2.9418e+08
-5.090726e+08
-1.360875e+09
0
0
0
0
0
0
0
0
0
0
-1.884243e+08
-2.164871e+08
-2.944479e+08
-5.084797e+08
-1.350381e+09
0
0
0
0
0
0
0
0
0
0
-1.887508e+08
-2.167858e+08
-2.946687e+08
-5.080071e+08
-1.343619e+09
0
0
0
0
0
0
0
0
0
0
-1.890446e+08
-2.169997e+08
-2.94818e+08
-5.07751e+08
-1.341081e+09
0
0
0
0
0
0
0
0
0
0
-1.889561e+08
-2.170225e+08
-2.949306e+08
-5.080232e+08
-1.342777e+09
0
0
0
0
0
0
0
0
0
0
-1.889052e+08
-2.169543e+08
-2.949653e+08
-5.087679e+08
-1.348237e+09
0
0
0
0
0
0
0
0
0
0
-1.885833e+08
-2.167726e+08
-2.949017e+08
-5.099026e+08
-1.358096e+09
0
0
0
0
0
0
0
0
0
-1.880865e+08
-2.162572e+08
-2.948263e+08
-5.109612e+08
-1.37144e+09
0
0
0
0
0
0
0
0
-1.87373e+08
-2.156855e+08
-2.944985e+08
-5.121272e+08
-1.387013e+09
0
0
0
0
0
0
0
-1.865417e+08
-2.148698e+08
-2.938135e+08
-5.128933e+08
-1.402829e+09
0
0
0
0
0
0
-1.86096e+08
-2.145292e+08
-2.936189e+08
-5.137371e+08
-1.415179e+09
0
0
0
0
0
-1.856582e+08
-2.141895e+08
-2.933943e+08
-5.145722e+08
-1.42295e+09
0
0
0
0
-1.855524e+08
-2.139839e+08
-2.933096e+08
-5.148448e+08
-1.428274e+09
0
0
0
-1.854066e+08
-2.139123e+08
-2.932441e+08
-5.151011e+08
-1.430775e+09
0
0
0
0
0
0
0
0
0
0
0
0
0
0
0
0
0
0
0
0
0
-1.84982e+08
-2.133066e+08
-2.918456e+08
-5.105677e+08
-1.403087e+09
0
0
0
0
0
0
0
0
0
0
0
0
0
0
0
0
0
0
0
0
-1.851616e+08
-2.134293e+08
-2.920952e+08
-5.108814e+08
-1.403596e+09
0
0
0
0
0
0
0
0
0
0
0
0
0
0
0
0
0
0
0
-1.854418e+08
-2.136512e+08
-2.923956e+08
-5.110008e+08
-1.401772e+09
0
0
0
0
0
0
0
0
0
0
0
0
0
0
0
0
0
0
-1.856709e+08
-2.14081e+08
-2.92667e+08
-5.111566e+08
-1.397516e+09
0
0
0
0
0
0
0
0
0
0
0
0
0
0
0
0
0
-1.862548e+08
-2.145724e+08
-2.930471e+08
-5.104667e+08
-1.38806e+09
0
0
0
0
0
0
0
0
0
0
-1.871437e+08
-2.153754e+08
-2.938289e+08
-5.101346e+08
-1.375453e+09
0
0
0
0
0
0
0
0
0
0
-1.87901e+08
-2.160618e+08
-2.942806e+08
-5.09462e+08
-1.362684e+09
0
0
0
0
0
0
0
0
0
0
-1.884244e+08
-2.165907e+08
-2.94536e+08
-5.086632e+08
-1.352521e+09
0
0
0
0
0
0
0
0
0
0
-1.888052e+08
-2.168734e+08
-2.94715e+08
-5.082195e+08
-1.345729e+09
0
0
0
0
0
0
0
0
0
0
-1.890254e+08
-2.171571e+08
-2.948931e+08
-5.080967e+08
-1.342578e+09
0
0
0
0
0
0
0
0
0
0
-1.890451e+08
-2.170739e+08
-2.949481e+08
-5.083952e+08
-1.34399e+09
0
0
0
0
0
0
0
0
0
0
-1.888834e+08
-2.17061e+08
-2.950114e+08
-5.090055e+08
-1.349631e+09
0
0
0
0
0
0
0
0
0
-1.885924e+08
-2.167962e+08
-2.950373e+08
-5.099294e+08
-1.359663e+09
0
0
0
0
0
0
0
0
-1.88175e+08
-2.163816e+08
-2.947398e+08
-5.112491e+08
-1.372663e+09
0
0
0
0
0
0
0
-1.874187e+08
-2.157517e+08
-2.944453e+08
-5.12464e+08
-1.388427e+09
0
0
0
0
0
0
-1.865699e+08
-2.149421e+08
-2.938169e+08
-5.131304e+08
-1.40368e+09
0
0
0
0
0
-1.86075e+08
-2.145762e+08
-2.936952e+08
-5.14128e+08
-1.415556e+09
0
0
0
0
-1.857654e+08
-2.141606e+08
-2.934681e+08
-5.146064e+08
-1.424286e+09
0
0
0
-1.855498e+08
-2.140773e+08
-2.933372e+08
-5.149912e+08
-1.428948e+09
0
0
-1.853992e+08
-2.139411e+08
-2.933045e+08
-5.151546e+08
-1.431645e+09
0
0
0
0
0
0
0
0
0
0
0
0
0
0
0
0
0
0
0
0
-1.850449e+08
-2.133476e+08
-2.920526e+08
-5.109394e+08
-1.405488e+09
0
0
0
0
0
0
0
0
0
0
0
0
0
0
0
0
0
0
0
-1.851652e+08
-2.135374e+08
-2.922059e+08
-5.113322e+08
-1.405998e+09
0
0
0
0
0
0
0
0
0
0
0
0
0
0
0
0
0
0
-1.853778e+08
-2.138206e+08
-2.924122e+08
-5.115057e+08
-1.404093e+09
0
0
0
0
0
0
0
0
0
0
0
0
0
0
0
0
0
-1.857752e+08
-2.140143e+08
-2.928137e+08
-5.113153e+08
-1.399665e+09
0
0
0
0
0
0
0
0
0
0
0
0
0
0
0
0
-1.862545e+08
-2.14553e+08
-2.931744e+08
-5.108556e+08
-1.38989e+09
0
0
0
0
0
0
0
0
0
0
-1.871902e+08
-2.154219e+08
-2.938351e+08
-5.105414e+08
-1.3774e+09
0
0
0
0
0
0
0
0
0
0
-1.878948e+08
-2.16141e+08
-2.943369e+08
-5.097477e+08
-1.364539e+09
0
0
0
0
0
0
0
0
0
0
-1.884983e+08
-2.165986e+08
-2.94704e+08
-5.08928e+08
-1.353786e+09
0
0
0
0
0
0
0
0
0
0
-1.888037e+08
-2.169373e+08
-2.948604e+08
-5.084067e+08
-1.346969e+09
0
0
0
0
0
0
0
0
0
0
-1.889996e+08
-2.171356e+08
-2.951294e+08
-5.083199e+08
-1.3441e+09
0
0
0
0
0
0
0
0
0
0
-1.890613e+08
-2.171745e+08
-2.950468e+08
-5.085064e+08
-1.34554e+09
0
0
0
0
0
0
0
0
0
-1.888911e+08
-2.170447e+08
-2.951709e+08
-5.091814e+08
-1.350921e+09
0
0
0
0
0
0
0
0
-1.886151e+08
-2.168169e+08
-2.950907e+08
-5.10232e+08
-1.36046e+09
0
0
0
0
0
0
0
-1.881009e+08
-2.164882e+08
-2.949282e+08
-5.111908e+08
-1.37399e+09
0
0
0
0
0
0
-1.8743e+08
-2.157893e+08
-2.945454e+08
-5.124733e+08
-1.389801e+09
0
0
0
0
0
-1.865736e+08
-2.149977e+08
-2.939108e+08
-5.132283e+08
-1.404816e+09
0
0
0
0
-1.860423e+08
-2.145476e+08
-2.937771e+08
-5.143059e+08
-1.417125e+09
0
0
0
-1.857266e+08
-2.142781e+08
-2.93458e+08
-5.148012e+08
-1.424869e+09
0
0
-1.855229e+08
-2.140866e+08
-2.934679e+08
-5.151155e+08
-1.429737e+09
0
-1.854849e+08
-2.13945e+08
-2.933627e+08
-5.153164e+08
-1.43226e+09
0
0
0
0
0
0
0
0
0
0
0
0
0
0
0
0
0
0
0
-1.85087e+08
-2.134334e+08
-2.921498e+08
-5.11436e+08
-1.407766e+09
0
0
0
0
0
0
0
0
0
0
0
0
0
0
0
0
0
0
-1.852292e+08
-2.135616e+08
-2.92388e+08
-5.116605e+08
-1.408444e+09
0
0
0
0
0
0
0
0
0
0
0
0
0
0
0
0
0
-1.854559e+08
-2.137622e+08
-2.926752e+08
-5.116937e+08
-1.40651e+09
0
0
0
0
0
0
0
0
0
0
0
0
0
0
0
0
-1.858256e+08
-2.141294e+08
-2.927729e+08
-5.116844e+08
-1.401208e+09
0
0
0
0
0
0
0
0
0
0
0
0
0
0
0
-1.863544e+08
-2.145861e+08
-2.93174e+08
-5.11199e+08
-1.391888e+09
0
0
0
0
0
0
0
0
0
0
-1.871689e+08
-2.154825e+08
-2.939279e+08
-5.106933e+08
-1.379316e+09
0
0
0
0
0
0
0
0
0
0
-1.879265e+08
-2.161272e+08
-2.944728e+08
-5.099631e+08
-1.366109e+09
0
0
0
0
0
0
0
0
0
0
-1.885433e+08
-2.166861e+08
-2.947486e+08
-5.093129e+08
-1.355249e+09
0
0
0
0
0
0
0
0
0
0
-1.888807e+08
-2.169433e+08
-2.949657e+08
-5.087537e+08
-1.348156e+09
0
0
0
0
0
0
0
0
0
0
-1.890518e+08
-2.171244e+08
-2.951197e+08
-5.088199e+08
-1.345314e+09
0
0
0
0
0
0
0
0
0
-1.89116e+08
-2.17198e+08
-2.95196e+08
-5.087708e+08
-1.346407e+09
0
0
0
0
0
0
0
0
-1.889485e+08
-2.170532e+08
-2.951715e+08
-5.095203e+08
-1.352064e+09
0
0
0
0
0
0
0
-1.88687e+08
-2.168363e+08
-2.951419e+08
-5.104056e+08
-1.361704e+09
0
0
0
0
0
0
-1.881978e+08
-2.164056e+08
-2.950794e+08
-5.115834e+08
-1.374365e+09
0
0
0
0
0
-1.874613e+08
-2.158088e+08
-2.946138e+08
-5.12704e+08
-1.390436e+09
0
0
0
0
-1.865539e+08
-2.149935e+08
-2.940283e+08
-5.134104e+08
-1.405617e+09
0
0
0
-1.860684e+08
-2.145189e+08
-2.937534e+08
-5.145196e+08
-1.417983e+09
0
0
-1.857325e+08
-2.142432e+08
-2.936173e+08
-5.148649e+08
-1.425862e+09
0
-1.855174e+08
-2.140575e+08
-2.935013e+08
-5.153752e+08
-1.430611e+09
-1.853692e+08
-2.14045e+08
-2.93372e+08
-5.154782e+08
-1.43307e+09
0
0
0
0
0
0
0
0
0
0
0
0
0
0
0
0
0
0
-1.850916e+08
-2.134873e+08
-2.923044e+08
-5.117696e+08
-1.410145e+09
0
0
0
0
0
0
0
0
0
0
0
0
0
0
0
0
0
-1.852605e+08
-2.136392e+08
-2.924553e+08
-5.121169e+08
-1.410404e+09
0
0
0
0
0
0
0
0
0
0
0
0
0
0
0
0
-1.855163e+08
-2.138458e+08
-2.926377e+08
-5.122684e+08
-1.408149e+09
0
0
0
0
0
0
0
0
0
0
0
0
0
0
0
-1.858448e+08
-2.141984e+08
-2.929342e+08
-5.117899e+08
-1.403039e+09
0
0
0
0
0
0
0
0
0
0
0
0
0
0
-1.863977e+08
-2.146881e+08
-2.932686e+08
-5.113028e+08
-1.393673e+09
0
0
0
0
0
0
0
0
0
0
-1.872609e+08
-2.154712e+08
-2.940316e+08
-5.10964e+08
-1.380614e+09
0
0
0
0
0
0
0
0
0
0
-1.880365e+08
-2.161668e+08
-2.944759e+08
-5.102894e+08
-1.367478e+09
0
0
0
0
0
0
0
0
0
0
-1.884596e+08
-2.167442e+08
-2.948806e+08
-5.09503e+08
-1.356937e+09
0
0
0
0
0
0
0
0
0
0
-1.88893e+08
-2.170316e+08
-2.949955e+08
-5.09012e+08
-1.349737e+09
0
0
0
0
0
0
0
0
0
-1.891166e+08
-2.171824e+08
-2.951332e+08
-5.088847e+08
-1.347227e+09
0
0
0
0
0
0
0
0
-1.891626e+08
-2.172659e+08
-2.95249e+08
-5.090928e+08
-1.34775e+09
0
0
0
0
0
0
0
-1.890128e+08
-2.171289e+08
-2.952051e+08
-5.096092e+08
-1.353378e+09
0
0
0
0
0
0
-1.886758e+08
-2.169288e+08
-2.95179e+08
-5.105718e+08
-1.36272e+09
0
0
0
0
0
-1.881685e+08
-2.165093e+08
-2.949974e+08
-5.118892e+08
-1.375924e+09
0
0
0
0
-1.874655e+08
-2.158541e+08
-2.946571e+08
-5.128904e+08
-1.391523e+09
0
0
0
-1.864865e+08
-2.149761e+08
-2.940309e+08
-5.137228e+08
-1.406466e+09
0
0
-1.860855e+08
-2.145447e+08
-2.937304e+08
-5.145429e+08
-1.419094e+09
0
-1.857467e+08
-2.14246e+08
-2.935852e+08
-5.151691e+08
-1.426502e+09
-1.855552e+08
-2.140497e+08
-2.934731e+08
-5.154909e+08
-1.431577e+09
-2.139216e+08
-2.935221e+08
-5.15518e+08
-1.433891e+09
0
0
0
0
0
0
0
0
0
0
0
0
0
0
0
0
0
-1.850919e+08
-2.135011e+08
-2.924131e+08
-5.121784e+08
-1.412229e+09
0
0
0
0
0
0
0
0
0
0
0
0
0
0
0
0
-1.852491e+08
-2.136718e+08
-2.92585e+08
-5.123551e+08
-1.41264e+09
0
0
0
0
0
0
0
0
0
0
0
0
0
0
0
-1.854742e+08
-2.139224e+08
-2.927728e+08
-5.123441e+08
-1.410593e+09
0
0
0
0
0
0
0
0
0
0
0
0
0
0
-1.858693e+08
-2.142206e+08
-2.930609e+08
-5.121441e+08
-1.404402e+09
0
0
0
0
0
0
0
0
0
0
0
0
0
-1.863939e+08
-2.147604e+08
-2.934196e+08
-5.115987e+08
-1.394757e+09
0
0
0
0
0
0
0
0
0
0
-1.872366e+08
-2.155918e+08
-2.940538e+08
-5.112394e+08
-1.382096e+09
0
0
0
0
0
0
0
0
0
0
-1.880508e+08
-2.163013e+08
-2.945549e+08
-5.104037e+08
-1.369021e+09
0
0
0
0
0
0
0
0
0
0
-1.885571e+08
-2.166511e+08
-2.949814e+08
-5.098016e+08
-1.35814e+09
0
0
0
0
0
0
0
0
0
-1.889234e+08
-2.170521e+08
-2.951297e+08
-5.091522e+08
-1.350959e+09
0
0
0
0
0
0
0
0
-1.890552e+08
-2.172683e+08
-2.952243e+08
-5.089996e+08
-1.347925e+09
0
0
0
0
0
0
0
-1.891735e+08
-2.173158e+08
-2.953558e+08
-5.092652e+08
-1.349046e+09
0
0
0
0
0
0
-1.890729e+08
-2.172086e+08
-2.953209e+08
-5.097531e+08
-1.354215e+09
0
0
0
0
0
-1.886349e+08
-2.169205e+08
-2.953218e+08
-5.107e+08
-1.363668e+09
0
0
0
0
-1.881977e+08
-2.164931e+08
-2.951409e+08
-5.118568e+08
-1.377137e+09
0
0
0
-1.875045e+08
-2.158532e+08
-2.947361e+08
-5.13025e+08
-1.392461e+09
0
0
-1.866351e+08
-2.149167e+08
-2.940172e+08
-5.137735e+08
-1.407825e+09
0
-1.861351e+08
-2.145782e+08
-2.937679e+08
-5.145563e+08
-1.41959e+09
-1.857338e+08
-2.14277e+08
-2.936145e+08
-5.1517e+08
-1.427618e+09
-2.141032e+08
-2.934711e+08
-5.154973e+08
-1.432291e+09
-2.933728e+08
-5.158303e+08
-1.43428e+09
0
0
0
0
0
0
0
0
0
0
0
0
0
0
0
0
-1.851582e+08
-2.135062e+08
-2.924587e+08
-5.12513e+08
-1.414342e+09
0
0
0
0
0
0
0
0
0
0
0
0
0
0
0
-1.853183e+08
-2.136662e+08
-2.92661e+08
-5.126938e+08
-1.414241e+09
0
0
0
0
0
0
0
0
0
0
0
0
0
0
-1.855315e+08
-2.138924e+08
-2.928947e+08
-5.12691e+08
-1.411764e+09
0
0
0
0
0
0
0
0
0
0
0
0
0
-1.859389e+08
-2.142808e+08
-2.931226e+08
-5.124755e+08
-1.406073e+09
0
0
0
0
0
0
0
0
0
0
0
0
-1.863509e+08
-2.147553e+08
-2.935399e+08
-5.119459e+08
-1.396428e+09
0
0
0
0
0
0
0
0
0
0
-1.873173e+08
-2.155554e+08
-2.942313e+08
-5.113966e+08
-1.383518e+09
0
0
0
0
0
0
0
0
0
0
-1.880734e+08
-2.163226e+08
-2.947565e+08
-5.106375e+08
-1.370024e+09
0
0
0
0
0
0
0
0
0
-1.885962e+08
-2.167794e+08
-2.948823e+08
-5.100605e+08
-1.359485e+09
0
0
0
0
0
0
0
0
-1.889943e+08
-2.170858e+08
-2.951756e+08
-5.094524e+08
-1.351937e+09
0
0
0
0
0
0
0
-1.891951e+08
-2.172001e+08
-2.953603e+08
-5.092209e+08
-1.348881e+09
0
0
0
0
0
0
-1.891709e+08
-2.17348e+08
-2.954281e+08
-5.095089e+08
-1.350041e+09
0
0
0
0
0
-1.890815e+08
-2.172739e+08
-2.954384e+08
-5.099956e+08
-1.355089e+09
0
0
0
0
-1.886766e+08
-2.168835e+08
-2.953291e+08
-5.110042e+08
-1.364456e+09
0
0
0
-1.882441e+08
-2.16528e+08
-2.951428e+08
-5.12137e+08
-1.37773e+09
0
0
-1.874943e+08
-2.159036e+08
-2.94747e+08
-5.132211e+08
-1.393203e+09
0
-1.866043e+08
-2.150744e+08
-2.939738e+08
-5.137984e+08
-1.408336e+09
-1.861115e+08
-2.146346e+08
-2.938522e+08
-5.146651e+08
-1.420086e+09
-2.142628e+08
-2.93659e+08
-5.153022e+08
-1.428045e+09
-2.935575e+08
-5.15544e+08
-1.432717e+09
-5.156378e+08
-1.435495e+09
0
0
0
0
0
0
0
0
0
0
0
0
0
0
0
-1.852052e+08
-2.135886e+08
-2.924987e+08
-5.127085e+08
-1.416285e+09
0
0
0
0
0
0
0
0
0
0
0
0
0
0
-1.853014e+08
-2.137546e+08
-2.926818e+08
-5.129605e+08
-1.416016e+09
0
0
0
0
0
0
0
0
0
0
0
0
0
-1.855396e+08
-2.139575e+08
-2.928909e+08
-5.129887e+08
-1.413484e+09
0
0
0
0
0
0
0
0
0
0
0
0
-1.858522e+08
-2.143439e+08
-2.932308e+08
-5.127089e+08
-1.407806e+09
0
0
0
0
0
0
0
0
0
0
0
-1.864485e+08
-2.147196e+08
-2.935649e+08
-5.12239e+08
-1.397987e+09
0
0
0
0
0
0
0
0
0
0
-1.873949e+08
-2.156576e+08
-2.942106e+08
-5.117814e+08
-1.384686e+09
0
0
0
0
0
0
0
0
0
-1.880216e+08
-2.163559e+08
-2.94803e+08
-5.110545e+08
-1.371299e+09
0
0
0
0
0
0
0
0
-1.886954e+08
-2.168202e+08
-2.950748e+08
-5.099967e+08
-1.360735e+09
0
0
0
0
0
0
0
-1.889911e+08
-2.171817e+08
-2.952385e+08
-5.09603e+08
-1.353232e+09
0
0
0
0
0
0
-1.891559e+08
-2.173631e+08
-2.95291e+08
-5.095157e+08
-1.349918e+09
0
0
0
0
0
-1.892025e+08
-2.173345e+08
-2.954998e+08
-5.096781e+08
-1.351111e+09
0
0
0
0
-1.891118e+08
-2.172894e+08
-2.95543e+08
-5.102425e+08
-1.356083e+09
0
0
0
-1.886761e+08
-2.169246e+08
-2.952947e+08
-5.11084e+08
-1.365683e+09
0
0
-1.881946e+08
-2.165817e+08
-2.952026e+08
-5.122086e+08
-1.378702e+09
0
-1.874454e+08
-2.159017e+08
-2.948259e+08
-5.132989e+08
-1.394174e+09
-1.865209e+08
-2.150436e+08
-2.941732e+08
-5.13813e+08
-1.408799e+09
-2.146104e+08
-2.939273e+08
-5.148957e+08
-1.42073e+09
-2.936573e+08
-5.153875e+08
-1.428812e+09
-5.157391e+08
-1.433222e+09
-1.435441e+09
0
0
0
0
0
0
0
0
0
0
0
0
0
0
-1.851593e+08
-2.136479e+08
-2.926308e+08
-5.129067e+08
-1.417709e+09
0
0
0
0
0
0
0
0
0
0
0
0
0
-1.852899e+08
-2.137419e+08
-2.928209e+08
-5.131052e+08
-1.417616e+09
0
0
0
0
0
0
0
0
0
0
0
0
-1.855632e+08
-2.139841e+08
-2.930016e+08
-5.130982e+08
-1.415039e+09
0
0
0
0
0
0
0
0
0
0
0
-1.860145e+08
-2.142757e+08
-2.933258e+08
-5.129655e+08
-1.40919e+09
0
0
0
0
0
0
0
0
0
0
-1.864487e+08
-2.148201e+08
-2.935356e+08
-5.124e+08
-1.399482e+09
0
0
0
0
0
0
0
0
0
-1.873789e+08
-2.157619e+08
-2.943634e+08
-5.118483e+08
-1.386368e+09
0
0
0
0
0
0
0
0
-1.880317e+08
-2.163088e+08
-2.948692e+08
-5.112111e+08
-1.37291e+09
0
0
0
0
0
0
0
-1.887044e+08
-2.169302e+08
-2.951435e+08
-5.103834e+08
-1.361222e+09
0
0
0
0
0
0
-1.89057e+08
-2.171924e+08
-2.953881e+08
-5.097893e+08
-1.354115e+09
0
0
0
0
0
-1.891892e+08
-2.173322e+08
-2.955175e+08
-5.094892e+08
-1.35113e+09
0
0
0
0
-1.892282e+08
-2.173791e+08
-2.954902e+08
-5.098751e+08
-1.351931e+09
0
0
0
-1.890582e+08
-2.173311e+08
-2.95579e+08
-5.104909e+08
-1.357126e+09
0
0
-1.887854e+08
-2.169344e+08
-2.953672e+08
-5.110878e+08
-1.366319e+09
0
-1.88248e+08
-2.165295e+08
-2.952848e+08
-5.123645e+08
-1.379351e+09
-1.874924e+08
-2.158535e+08
-2.948411e+08
-5.134779e+08
-1.394751e+09
-2.14969e+08
-2.94152e+08
-5.141561e+08
-1.409319e+09
-2.93915e+08
-5.150499e+08
-1.421736e+09
-5.154593e+08
-1.429302e+09
-1.434108e+09
0
0
0
0
0
0
0
0
0
0
0
0
0
-1.85268e+08
-2.136127e+08
-2.927359e+08
-5.132297e+08
-1.419119e+09
0
0
0
0
0
0
0
0
0
0
0
0
-1.85335e+08
-2.137504e+08
-2.92832e+08
-5.134258e+08
-1.418829e+09
0
0
0
0
0
0
0
0
0
0
0
-1.85611e+08
-2.140053e+08
-2.930577e+08
-5.133906e+08
-1.41616e+09
0
0
0
0
0
0
0
0
0
0
-1.859852e+08
-2.14434e+08
-2.932677e+08
-5.132155e+08
-1.410525e+09
0
0
0
0
0
0
0
0
0
-1.864792e+08
-2.148376e+08
-2.936827e+08
-5.124228e+08
-1.400647e+09
0
0
0
0
0
0
0
0
-1.8747e+08
-2.157469e+08
-2.945258e+08
-5.121693e+08
-1.387161e+09
0
0
0
0
0
0
0
-1.881422e+08
-2.163197e+08
-2.948403e+08
-5.114058e+08
-1.373893e+09
0
0
0
0
0
0
-1.886938e+08
-2.169514e+08
-2.953015e+08
-5.105683e+08
-1.362713e+09
0
0
0
0
0
-1.890504e+08
-2.17265e+08
-2.954257e+08
-5.100985e+08
-1.355123e+09
0
0
0
0
-1.891995e+08
-2.173687e+08
-2.955039e+08
-5.099095e+08
-1.351613e+09
0
0
0
-1.892655e+08
-2.174313e+08
-2.955723e+08
-5.099234e+08
-1.352921e+09
0
0
-1.891751e+08
-2.172729e+08
-2.956484e+08
-5.106126e+08
-1.358197e+09
0
-1.888069e+08
-2.170619e+08
-2.953964e+08
-5.112849e+08
-1.366776e+09
-1.883069e+08
-2.166011e+08
-2.952369e+08
-5.125497e+08
-1.380141e+09
-2.159074e+08
-2.947961e+08
-5.135613e+08
-1.395563e+09
-2.940819e+08
-5.141913e+08
-1.41044e+09
-5.151056e+08
-1.422421e+09
-1.429973e+09
0
0
0
0
0
0
0
0
0
0
0
0
-1.852371e+08
-2.137364e+08
-2.927182e+08
-5.135043e+08
-1.420726e+09
0
0
0
0
0
0
0
0
0
0
0
-1.853519e+08
-2.137932e+08
-2.928698e+08
-5.135572e+08
-1.420341e+09
0
0
0
0
0
0
0
0
0
0
-1.856014e+08
-2.140687e+08
-2.931101e+08
-5.135625e+08
-1.417632e+09
0
0
0
0
0
0
0
0
0
-1.860392e+08
-2.144296e+08
-2.934839e+08
-5.132179e+08
-1.411793e+09
0
0
0
0
0
0
0
0
-1.86596e+08
-2.148835e+08
-2.937328e+08
-5.127511e+08
-1.401265e+09
0
0
0
0
0
0
0
-1.873988e+08
-2.158512e+08
-2.945288e+08
-5.125192e+08
-1.388533e+09
0
0
0
0
0
0
-1.881567e+08
-2.164497e+08
-2.948625e+08
-5.114612e+08
-1.374972e+09
0
0
0
0
0
-1.887126e+08
-2.169394e+08
-2.953477e+08
-5.108902e+08
-1.363644e+09
0
0
0
0
-1.890434e+08
-2.17258e+08
-2.955325e+08
-5.102458e+08
-1.356314e+09
0
0
0
-1.892456e+08
-2.173868e+08
-2.95563e+08
-5.099763e+08
-1.353017e+09
0
0
-1.892689e+08
-2.174638e+08
-2.956649e+08
-5.101292e+08
-1.35349e+09
0
-1.891384e+08
-2.174076e+08
-2.955983e+08
-5.107801e+08
-1.35893e+09
-1.887946e+08
-2.170919e+08
-2.955734e+08
-5.113897e+08
-1.367737e+09
-2.166734e+08
-2.953471e+08
-5.125399e+08
-1.380958e+09
-2.948766e+08
-5.135484e+08
-1.396174e+09
-5.141602e+08
-1.410954e+09
-1.423063e+09
0
0
0
0
0
0
0
0
0
0
0
-1.852376e+08
-2.137132e+08
-2.929055e+08
-5.135765e+08
-1.422176e+09
0
0
0
0
0
0
0
0
0
0
-1.854259e+08
-2.138182e+08
-2.929447e+08
-5.137074e+08
-1.42147e+09
0
0
0
0
0
0
0
0
0
-1.856569e+08
-2.140628e+08
-2.932178e+08
-5.137599e+08
-1.418719e+09
0
0
0
0
0
0
0
0
-1.85955e+08
-2.144917e+08
-2.935132e+08
-5.136533e+08
-1.412562e+09
0
0
0
0
0
0
0
-1.86516e+08
-2.149986e+08
-2.938228e+08
-5.129242e+08
-1.402726e+09
0
0
0
0
0
0
-1.874434e+08
-2.157685e+08
-2.946846e+08
-5.126026e+08
-1.389976e+09
0
0
0
0
0
-1.882065e+08
-2.16476e+08
-2.950491e+08
-5.115546e+08
-1.375697e+09
0
0
0
0
-1.887495e+08
-2.169828e+08
-2.953463e+08
-5.110313e+08
-1.364852e+09
0
0
0
-1.891475e+08
-2.172541e+08
-2.955435e+08
-5.104678e+08
-1.357234e+09
0
0
-1.893096e+08
-2.174496e+08
-2.955992e+08
-5.101224e+08
-1.353753e+09
0
-1.892027e+08
-2.174651e+08
-2.957169e+08
-5.103484e+08
-1.354413e+09
-1.891995e+08
-2.173691e+08
-2.957748e+08
-5.107901e+08
-1.359719e+09
-2.170837e+08
-2.956286e+08
-5.117126e+08
-1.368386e+09
-2.954579e+08
-5.127637e+08
-1.381343e+09
-5.137366e+08
-1.396538e+09
-1.411416e+09
0
0
0
0
0
0
0
0
0
0
-1.853114e+08
-2.137204e+08
-2.928956e+08
-5.139918e+08
-1.423163e+09
0
0
0
0
0
0
0
0
0
-1.854423e+08
-2.139212e+08
-2.929989e+08
-5.139352e+08
-1.422574e+09
0
0
0
0
0
0
0
0
-1.856711e+08
-2.141411e+08
-2.932338e+08
-5.140156e+08
-1.419933e+09
0
0
0
0
0
0
0
-1.860308e+08
-2.143973e+08
-2.936129e+08
-5.137904e+08
-1.414196e+09
0
0
0
0
0
0
-1.865624e+08
-2.149104e+08
-2.939908e+08
-5.131683e+08
-1.403782e+09
0
0
0
0
0
-1.874478e+08
-2.158291e+08
-2.945889e+08
-5.12934e+08
-1.390704e+09
0
0
0
0
-1.882267e+08
-2.165398e+08
-2.951004e+08
-5.11917e+08
-1.376405e+09
0
0
0
-1.887757e+08
-2.170127e+08
-2.954246e+08
-5.110938e+08
-1.365675e+09
0
0
-1.891533e+08
-2.173735e+08
-2.955494e+08
-5.105662e+08
-1.358119e+09
0
-1.893145e+08
-2.17513e+08
-2.957018e+08
-5.102296e+08
-1.354412e+09
-1.892746e+08
-2.174023e+08
-2.957278e+08
-5.104853e+08
-1.355386e+09
-2.174597e+08
-2.957376e+08
-5.110923e+08
-1.360248e+09
-2.956305e+08
-5.118583e+08
-1.369432e+09
-5.130224e+08
-1.382193e+09
-1.397465e+09
0
0
0
0
0
0
0
0
0
-1.852591e+08
-2.138062e+08
-2.929257e+08
-5.140607e+08
-1.424902e+09
0
0
0
0
0
0
0
0
-1.8546e+08
-2.139366e+08
-2.931587e+08
-5.141142e+08
-1.423827e+09
0
0
0
0
0
0
0
-1.857027e+08
-2.141466e+08
-2.933542e+08
-5.141383e+08
-1.421183e+09
0
0
0
0
0
0
-1.860085e+08
-2.144936e+08
-2.935136e+08
-5.140371e+08
-1.415195e+09
0
0
0
0
0
-1.866141e+08
-2.149832e+08
-2.938843e+08
-5.135215e+08
-1.405004e+09
0
0
0
0
-1.874846e+08
-2.158331e+08
-2.946811e+08
-5.128498e+08
-1.392076e+09
0
0
0
-1.882338e+08
-2.165548e+08
-2.951988e+08
-5.120614e+08
-1.377701e+09
0
0
-1.887695e+08
-2.170431e+08
-2.954794e+08
-5.112892e+08
-1.366279e+09
0
-1.891203e+08
-2.173775e+08
-2.957145e+08
-5.106215e+08
-1.35884e+09
-1.892688e+08
-2.17516e+08
-2.957893e+08
-5.104604e+08
-1.355037e+09
-2.174854e+08
-2.956639e+08
-5.105562e+08
-1.356069e+09
-2.958873e+08
-5.110873e+08
-1.361193e+09
-5.119285e+08
-1.370156e+09
-1.383412e+09
0
0
0
0
0
0
0
0
-1.85324e+08
-2.13754e+08
-2.930593e+08
-5.141971e+08
-1.425708e+09
0
0
0
0
0
0
0
-1.855356e+08
-2.139551e+08
-2.932044e+08
-5.144517e+08
-1.424885e+09
0
0
0
0
0
0
-1.857199e+08
-2.141914e+08
-2.933729e+08
-5.143996e+08
-1.422131e+09
0
0
0
0
0
-1.86021e+08
-2.144647e+08
-2.936494e+08
-5.139612e+08
-1.416342e+09
0
0
0
0
-1.86612e+08
-2.150484e+08
-2.939956e+08
-5.134028e+08
-1.406306e+09
0
0
0
-1.874904e+08
-2.158884e+08
-2.947028e+08
-5.130498e+08
-1.392346e+09
0
0
-1.882028e+08
-2.165714e+08
-2.952325e+08
-5.122823e+08
-1.378505e+09
0
-1.888209e+08
-2.170477e+08
-2.955312e+08
-5.114439e+08
-1.367248e+09
-1.891878e+08
-2.173526e+08
-2.957376e+08
-5.109356e+08
-1.359343e+09
-2.174756e+08
-2.958078e+08
-5.106465e+08
-1.356018e+09
-2.957857e+08
-5.10502e+08
-1.356637e+09
-5.114131e+08
-1.36158e+09
-1.370857e+09
0
0
0
0
0
0
0
-1.853831e+08
-2.138357e+08
-2.930197e+08
-5.144967e+08
-1.426703e+09
0
0
0
0
0
0
-1.854889e+08
-2.140607e+08
-2.932387e+08
-5.146202e+08
-1.426336e+09
0
0
0
0
0
-1.856658e+08
-2.14216e+08
-2.934498e+08
-5.145077e+08
-1.423304e+09
0
0
0
0
-1.861371e+08
-2.14486e+08
-2.936275e+08
-5.142294e+08
-1.416759e+09
0
0
0
-1.865939e+08
-2.150587e+08
-2.941051e+08
-5.136357e+08
-1.406476e+09
0
0
-1.87476e+08
-2.158909e+08
-2.947896e+08
-5.131563e+08
-1.393218e+09
0
-1.882671e+08
-2.165445e+08
-2.952736e+08
-5.124008e+08
-1.379473e+09
-1.888388e+08
-2.171091e+08
-2.955572e+08
-5.115807e+08
-1.367988e+09
-2.174312e+08
-2.957217e+08
-5.110429e+08
-1.360466e+09
-2.957761e+08
-5.107359e+08
-1.356796e+09
-5.107622e+08
-1.35679e+09
-1.362874e+09
0
0
0
0
0
0
-1.854279e+08
-2.139066e+08
-2.931407e+08
-5.145205e+08
-1.428044e+09
0
0
0
0
0
-1.854985e+08
-2.14008e+08
-2.933924e+08
-5.147406e+08
-1.42735e+09
0
0
0
0
-1.857024e+08
-2.141706e+08
-2.935021e+08
-5.14695e+08
-1.424114e+09
0
0
0
-1.860703e+08
-2.146294e+08
-2.936704e+08
-5.142728e+08
-1.417813e+09
0
0
-1.866848e+08
-2.150317e+08
-2.941264e+08
-5.138942e+08
-1.407529e+09
0
-1.875172e+08
-2.158787e+08
-2.948093e+08
-5.133489e+08
-1.393947e+09
-1.881999e+08
-2.166103e+08
-2.952581e+08
-5.125342e+08
-1.38016e+09
-2.171367e+08
-2.956437e+08
-5.116869e+08
-1.368681e+09
-2.958324e+08
-5.110647e+08
-1.361097e+09
-5.107555e+08
-1.35733e+09
-1.357913e+09
0
0
0
0
0
-1.853534e+08
-2.139522e+08
-2.932413e+08
-5.147745e+08
-1.428679e+09
0
0
0
0
-1.855285e+08
-2.140242e+08
-2.933483e+08
-5.150403e+08
-1.428189e+09
0
0
0
-1.857674e+08
-2.142187e+08
-2.934607e+08
-5.148503e+08
-1.425025e+09
0
0
-1.861504e+08
-2.145555e+08
-2.938675e+08
-5.143951e+08
-1.418483e+09
0
-1.866325e+08
-2.151342e+08
-2.941081e+08
-5.139628e+08
-1.408686e+09
-1.874729e+08
-2.159312e+08
-2.948117e+08
-5.134501e+08
-1.39485e+09
-2.165442e+08
-2.953451e+08
-5.125732e+08
-1.380928e+09
-2.957051e+08
-5.118621e+08
-1.369368e+09
-5.112986e+08
-1.361466e+09
-1.35788e+09
0
0
0
0
-1.854133e+08
-2.13879e+08
-2.933288e+08
-5.150035e+08
-1.429768e+09
0
0
0
-1.855743e+08
-2.140583e+08
-2.933778e+08
-5.150475e+08
-1.429344e+09
0
0
-1.857043e+08
-2.142873e+08
-2.935438e+08
-5.148353e+08
-1.425897e+09
0
-1.861332e+08
-2.146511e+08
-2.93794e+08
-5.14763e+08
-1.419198e+09
-1.867543e+08
-2.151047e+08
-2.9425e+08
-5.140087e+08
-1.409202e+09
-2.158827e+08
-2.948916e+08
-5.135219e+08
-1.395502e+09
-2.952835e+08
-5.127476e+08
-1.381425e+09
-5.12045e+08
-1.370075e+09
-1.362512e+09
0
0
0
-1.854299e+08
-2.139498e+08
-2.932492e+08
-5.152401e+08
-1.43088e+09
0
0
-1.85582e+08
-2.141116e+08
-2.934413e+08
-5.151473e+08
-1.429838e+09
0
-1.857486e+08
-2.14223e+08
-2.936396e+08
-5.150439e+08
-1.426293e+09
-1.8614e+08
-2.146376e+08
-2.939369e+08
-5.147174e+08
-1.420468e+09
-2.152315e+08
-2.942374e+08
-5.142862e+08
-1.409776e+09
-2.948491e+08
-5.136899e+08
-1.396126e+09
-5.127264e+08
-1.382134e+09
-1.371039e+09
0
0
-1.854238e+08
-2.139816e+08
-2.933598e+08
-5.151576e+08
-1.431987e+09
0
-1.855777e+08
-2.141274e+08
-2.935193e+08
-5.153177e+08
-1.430517e+09
-1.857372e+08
-2.142783e+08
-2.935734e+08
-5.152504e+08
-1.427337e+09
-2.146599e+08
-2.939238e+08
-5.150188e+08
-1.420807e+09
-2.944185e+08
-5.143124e+08
-1.410802e+09
-5.137012e+08
-1.396806e+09
-1.382578e+09
0
-1.854627e+08
-2.139663e+08
-2.934058e+08
-5.154073e+08
-1.432169e+09
-1.855524e+08
-2.141204e+08
-2.935619e+08
-5.154876e+08
-1.431381e+09
-2.142756e+08
-2.936603e+08
-5.1521e+08
-1.428165e+09
-2.939789e+08
-5.150321e+08
-1.421982e+09
-5.146988e+08
-1.411228e+09
-1.397315e+09
-1.85462e+08
-2.14008e+08
-2.933911e+08
-5.155133e+08
-1.433259e+09
-2.14104e+08
-2.935623e+08
-5.15628e+08
-1.432137e+09
-2.936754e+08
-5.153934e+08
-1.428546e+09
-5.151862e+08
-1.422338e+09
-1.412649e+09
-2.140156e+08
-2.934686e+08
-5.155302e+08
-1.433885e+09
-2.935593e+08
-5.156782e+08
-1.432978e+09
-5.154818e+08
-1.429319e+09
-1.423164e+09
-2.934893e+08
-5.157401e+08
-1.434235e+09
-5.157347e+08
-1.433417e+09
-1.429988e+09
-5.158198e+08
-1.435216e+09
-1.434051e+09
-1.435822e+09
)
;

boundaryField
{
    interconnect0
    {
        type            zeroGradient;
    }
    interconnectSides
    {
        type            zeroGradient;
    }
    cathodeSides
    {
        type            zeroGradient;
    }
    phiEC_to_phiE0
    {
        type            zeroGradient;
    }
}


// ************************************************************************* //
