/*--------------------------------*- C++ -*----------------------------------*\
| =========                 |                                                 |
| \\      /  F ield         | OpenFOAM: The Open Source CFD Toolbox           |
|  \\    /   O peration     | Version:  2312                                  |
|   \\  /    A nd           | Website:  www.openfoam.com                      |
|    \\/     M anipulation  |                                                 |
\*---------------------------------------------------------------------------*/
FoamFile
{
    version     2.0;
    format      ascii;
    arch        "LSB;label=32;scalar=64";
    class       cellSet;
    location    "constant/cathode/polyMesh/sets";
    object      cathodeChannel;
}
// * * * * * * * * * * * * * * * * * * * * * * * * * * * * * * * * * * * * * //


4000
(
8240
8241
8242
8243
8244
8245
8246
8247
8248
8249
8265
8266
8267
8268
8269
8270
8271
8272
8273
8274
8290
8291
8292
8293
8294
8295
8296
8297
8298
8299
8315
8316
8317
8318
8319
8320
8321
8322
8323
8324
8340
8341
8342
8343
8344
8345
8346
8347
8348
8349
8365
8366
8367
8368
8369
8370
8371
8372
8373
8374
8390
8391
8392
8393
8394
8395
8396
8397
8398
8399
8415
8416
8417
8418
8419
8420
8421
8422
8423
8424
8440
8441
8442
8443
8444
8445
8446
8447
8448
8449
8465
8466
8467
8468
8469
8470
8471
8472
8473
8474
8639
8640
8641
8642
8643
8644
8645
8646
8647
8648
8664
8665
8666
8667
8668
8669
8670
8671
8672
8673
8689
8690
8691
8692
8693
8694
8695
8696
8697
8698
8714
8715
8716
8717
8718
8719
8720
8721
8722
8723
8739
8740
8741
8742
8743
8744
8745
8746
8747
8748
8764
8765
8766
8767
8768
8769
8770
8771
8772
8773
8789
8790
8791
8792
8793
8794
8795
8796
8797
8798
8814
8815
8816
8817
8818
8819
8820
8821
8822
8823
8839
8840
8841
8842
8843
8844
8845
8846
8847
8848
8864
8865
8866
8867
8868
8869
8870
8871
8872
8873
9036
9037
9038
9039
9040
9041
9042
9043
9044
9045
9061
9062
9063
9064
9065
9066
9067
9068
9069
9070
9086
9087
9088
9089
9090
9091
9092
9093
9094
9095
9111
9112
9113
9114
9115
9116
9117
9118
9119
9120
9136
9137
9138
9139
9140
9141
9142
9143
9144
9145
9161
9162
9163
9164
9165
9166
9167
9168
9169
9170
9186
9187
9188
9189
9190
9191
9192
9193
9194
9195
9211
9212
9213
9214
9215
9216
9217
9218
9219
9220
9236
9237
9238
9239
9240
9241
9242
9243
9244
9245
9261
9262
9263
9264
9265
9266
9267
9268
9269
9270
9430
9431
9432
9433
9434
9435
9436
9437
9438
9439
9455
9456
9457
9458
9459
9460
9461
9462
9463
9464
9480
9481
9482
9483
9484
9485
9486
9487
9488
9489
9505
9506
9507
9508
9509
9510
9511
9512
9513
9514
9530
9531
9532
9533
9534
9535
9536
9537
9538
9539
9555
9556
9557
9558
9559
9560
9561
9562
9563
9564
9580
9581
9582
9583
9584
9585
9586
9587
9588
9589
9605
9606
9607
9608
9609
9610
9611
9612
9613
9614
9630
9631
9632
9633
9634
9635
9636
9637
9638
9639
9655
9656
9657
9658
9659
9660
9661
9662
9663
9664
9820
9821
9822
9823
9824
9825
9826
9827
9828
9829
1639
9845
9846
9847
9848
9849
9850
9851
9852
9853
9854
9870
9871
9872
9873
9874
9875
9876
9877
9878
9879
9895
9896
9897
9898
9899
9900
9901
9902
9903
9904
9920
9921
9922
9923
9924
9925
9926
9927
9928
9929
9945
9946
9947
9948
9949
9950
9951
9952
9953
9954
9970
9971
9972
9973
9974
9975
9976
9977
9978
9979
9995
9996
9997
9998
9999
10000
10001
10002
10003
10004
10020
10021
10022
10023
10024
10025
10026
10027
10028
10029
1847
10045
10046
10047
10048
10049
10050
10051
10052
10053
10054
1863
1864
10205
10206
10207
10208
10209
10210
10211
10212
10213
10214
10230
10231
10232
10233
10234
10235
10236
10237
10238
10239
10255
10256
10257
10258
10259
10260
10261
2069
10262
10263
10264
2085
2086
10280
10281
10282
10283
10284
10285
10286
10287
10288
10289
2102
2103
2104
10305
10306
10307
10308
10309
10310
10311
10312
10313
10314
10330
10331
10332
10333
10334
10335
10336
10337
10338
10339
10355
10356
10357
10358
10359
10360
10361
10362
10363
10364
10380
10381
10382
10383
10384
10385
10386
10387
10388
10389
10405
10406
10407
10408
10409
10410
10411
10412
10413
10414
10429
10430
10431
10432
10433
10434
10435
10436
10437
10438
2305
2321
2322
2338
2339
2340
2356
2357
2358
2359
10584
10585
10586
10587
10588
10589
10590
10591
10592
10593
10609
10610
10611
10612
10613
10614
10615
10616
10617
10618
10634
10635
10636
10637
10638
10639
10640
10641
10642
10643
10659
10660
10661
10662
10663
10664
10665
10666
10667
10668
10684
10685
10686
10687
10688
10689
10690
10691
10692
10693
10709
10710
10711
10712
10713
10714
10715
10716
10717
10718
10734
10735
10736
10737
10738
10739
10740
10741
10742
10743
2555
10759
10760
10761
10762
10763
2571
10764
2572
10765
10766
10767
10768
2588
2589
2590
10783
10784
10785
10786
10787
10788
10789
10790
10791
10792
2606
2607
2608
2609
10806
10807
10808
10809
10810
10811
10812
10813
10814
10815
2625
2626
2627
2628
2629
10956
10957
10958
10959
10960
10961
10962
10963
10964
10965
10981
10982
10983
10984
10985
10986
10987
10988
10989
10990
11006
11007
11008
11009
11010
11011
2819
11012
11013
11014
11015
2835
2836
11031
11032
11033
11034
11035
11036
11037
11038
11039
11040
2852
2853
2854
11056
11057
11058
11059
11060
11061
11062
2870
11063
2871
11064
2872
11065
2873
11081
2889
11082
2890
11083
2891
11084
2892
11085
2893
11086
11087
11088
11089
11090
2909
2910
2911
2912
2913
11106
2914
11107
11108
11109
11110
11111
11112
11113
11114
11115
11130
11131
11132
11133
11134
11135
11136
11137
11138
11139
11153
11154
11155
11156
11157
11158
11159
11160
11161
11162
11175
11176
11177
11178
11179
11180
11181
11182
11183
11184
3097
3113
3114
11320
11321
11322
3130
11323
3131
11324
3132
11325
11326
11327
11328
11329
3148
3149
3150
3151
11345
11346
11347
11348
11349
11350
11351
11352
11353
11354
3167
3168
3169
3170
3171
11370
11371
11372
11373
11374
11375
11376
11377
11378
11379
3187
3188
3189
3190
3191
3192
11395
11396
11397
11398
11399
11400
3208
11401
3209
11402
3210
11403
3211
11404
3212
3213
3214
11420
11421
11422
11423
11424
11425
11426
11427
11428
11429
11445
11446
11447
11448
11449
11450
11451
11452
11453
11454
11469
11470
11471
11472
11473
11474
11475
11476
11477
11478
11492
11493
11494
11495
11496
11497
11498
11499
11500
11501
11514
11515
11516
11517
11518
11519
11520
11521
11522
11523
11535
11536
11537
11538
11539
11540
11541
11542
11543
11544
3389
3405
3406
3422
3423
3424
3440
3441
3442
3443
3459
3460
3461
3462
3463
3479
3480
3481
3482
11675
3483
11676
3484
11677
11678
11679
11680
11681
11682
11683
11684
3500
3501
3502
3503
3504
3505
3506
11700
11701
11702
11703
11704
11705
11706
11707
11708
11709
3522
3523
3524
3525
3526
3527
3528
3529
11725
11726
11727
11728
11729
11730
11731
11732
11733
11734
11750
11751
11752
11753
11754
11755
11756
11757
11758
11759
11775
11776
11777
11778
11779
11780
11781
11782
11783
11784
11799
11800
11801
11802
11803
11804
11805
11806
11807
11808
11822
11823
11824
11825
11826
11827
11828
11829
11830
11831
11844
11845
11846
11847
11848
11849
11850
11851
11852
11853
11865
11866
11867
11868
11869
11870
11871
11872
11873
11874
11885
11886
11887
3695
11888
11889
11890
11891
11892
11893
11894
3711
3712
3728
3729
3730
3746
3747
3748
3749
3765
3766
3767
3768
3769
3785
3786
3787
3788
3789
3790
3806
3807
3808
3809
3810
3811
3812
12020
3828
12021
3829
12022
3830
12023
3831
12024
3832
12025
3833
12026
3834
12027
3835
12028
12029
3851
3852
12045
3853
12046
3854
12047
3855
12048
3856
12049
3857
12050
3858
12051
3859
12052
12053
12054
12070
12071
12072
12073
12074
12075
12076
12077
12078
12079
12095
12096
12097
12098
12099
12100
12101
12102
12103
12104
12119
12120
12121
12122
12123
12124
12125
12126
12127
12128
12142
12143
12144
12145
12146
12147
12148
12149
12150
12151
12164
12165
12166
12167
12168
12169
12170
12171
12172
12173
12185
12186
12187
12188
12189
12190
12191
12192
12193
12194
12205
12206
12207
4015
12208
12209
12210
12211
12212
12213
12214
4031
12224
4032
12225
12226
12227
12228
12229
12230
12231
12232
12233
4048
4049
4050
4066
4067
4068
4069
4085
4086
4087
4088
4089
4105
4106
4107
4108
4109
4110
4126
4127
4128
4129
4130
4131
4132
4148
4149
4150
4151
4152
4153
4154
4155
12354
12355
12356
12357
12358
12359
12360
12361
12362
12363
4171
4172
4173
4174
4175
4176
4177
4178
4179
12379
12380
12381
12382
12383
12384
12385
12386
12387
4195
12388
4196
4197
4198
4199
4200
4201
4202
4203
4204
12404
12405
12406
12407
12408
12409
12410
12411
12412
12413
12428
12429
12430
12431
12432
12433
12434
12435
12436
12437
12451
12452
12453
12454
12455
12456
12457
12458
12459
12460
12473
12474
12475
12476
12477
12478
12479
12480
12481
12482
12494
12495
12496
12497
12498
12499
12500
12501
12502
12503
12514
12515
12516
12517
12518
12519
12520
12521
12522
12523
12533
12534
12535
12536
12537
12538
12539
12540
12541
12542
12551
12552
12553
12554
12555
12556
4364
12557
4365
12558
12559
12560
4381
4382
4383
4399
4400
4401
4402
4418
4419
4420
4421
4422
4438
4439
4440
4441
4442
4443
4459
4460
4461
4462
4463
4464
4465
4481
4482
4483
12676
4484
12677
4485
12678
4486
12679
4487
12680
4488
12681
12682
12683
12684
12685
4504
4505
4506
4507
4508
12701
4509
12702
4510
12703
4511
12704
4512
12705
12706
12707
12708
12709
12710
4528
4529
4530
4531
4532
12725
4533
12726
4534
12727
4535
12728
4536
12729
4537
12730
12731
12732
12733
12734
4553
4554
4555
12748
4556
12749
4557
12750
4558
12751
4559
12752
4560
12753
4561
12754
4562
12755
12756
12757
12770
12771
12772
12773
12774
12775
12776
12777
12778
12779
12791
12792
12793
12794
12795
12796
12797
12798
12799
12800
12811
12812
12813
12814
12815
12816
12817
12818
12819
12820
12830
12831
12832
12833
12834
12835
12836
12837
12838
12839
12848
12849
12850
12851
12852
12853
12854
12855
12856
12857
12865
12866
12867
12868
12869
12870
12871
12872
12873
12874
4725
4726
4727
4743
4744
4745
4746
4762
4763
4764
4765
4766
4782
4783
4784
4785
4786
4787
12985
12986
12987
12988
12989
12990
12991
12992
12993
12994
4803
4804
4805
4806
4807
4808
4809
13009
13010
13011
13012
13013
13014
13015
13016
13017
4825
13018
4826
4827
4828
4829
4830
4831
4832
13032
13033
13034
13035
13036
13037
13038
13039
13040
4848
13041
4849
4850
4851
4852
4853
4854
4855
4856
13054
13055
13056
13057
13058
13059
13060
13061
13062
13063
4872
4873
4874
4875
4876
4877
4878
4879
4880
4881
13075
13076
13077
13078
13079
13080
13081
13082
13083
13084
4897
4898
4899
4900
4901
4902
13095
4903
13096
4904
13097
4905
13098
4906
13099
13100
13101
13102
13103
13104
13114
4922
13115
4923
13116
4924
13117
4925
13118
4926
13119
4927
13120
4928
13121
4929
13122
4930
13123
4931
13132
13133
13134
13135
13136
13137
13138
13139
13140
13141
13149
13150
13151
13152
13153
13154
13155
13156
13157
13158
13165
13166
13167
13168
13169
13170
13171
13172
13173
13174
13279
13280
13281
13282
13283
13284
13285
13286
13287
13288
5096
5097
5098
5099
13302
13303
13304
13305
13306
13307
5115
13308
5116
13309
5117
13310
5118
13311
5119
13324
13325
13326
13327
5135
13328
5136
13329
5137
13330
5138
13331
5139
13332
5140
13333
13345
13346
13347
13348
5156
13349
5157
13350
5158
13351
5159
13352
5160
13353
5161
13354
5162
13365
13366
13367
13368
13369
13370
5178
13371
5179
13372
5180
13373
5181
13374
5182
5183
5184
5185
13384
13385
13386
13387
13388
13389
13390
13391
13392
13393
5201
5202
5203
5204
5205
5206
5207
5208
5209
13402
13403
13404
13405
13406
13407
13408
13409
13410
13411
5225
5226
13419
5227
13420
5228
13421
5229
13422
5230
13423
5231
13424
5232
13425
5233
13426
5234
13427
13428
13435
13436
13437
13438
13439
13440
13441
13442
5250
13443
5251
13444
5252
5253
5254
5255
5256
5257
13450
5258
13451
5259
13452
13453
13454
13455
13456
13457
13458
13459
5275
5276
5277
5278
5279
5280
5281
5282
5283
5284
5300
5301
5302
5303
5304
5305
5306
5307
5308
5309
13557
13558
13559
13560
13561
13562
13563
13564
13565
13566
13579
13580
13581
13582
13583
13584
13585
13586
13587
13588
13600
13601
13602
13603
13604
13605
13606
13607
13608
13609
13620
13621
13622
13623
13624
13625
13626
13627
13628
13629
13639
13640
13641
13642
13643
13644
13645
13646
13647
13648
13657
13658
13659
13660
13661
13662
13663
13664
13665
13666
5475
5476
5477
5478
5479
13674
13675
13676
13677
13678
13679
13680
13681
13682
13683
5495
5496
5497
13690
5498
13691
5499
13692
5500
13693
13694
13695
13696
13697
13698
13699
13705
13706
13707
13708
5516
13709
5517
13710
5518
13711
5519
13712
5520
13713
5521
13714
5522
13719
13720
13721
13722
13723
13724
13725
13726
13727
13728
5538
5539
5540
5541
5542
5543
5544
5545
5561
5562
5563
5564
5565
5566
5567
5568
5569
5585
5586
5587
5588
5589
5590
5591
5592
5593
5594
5610
5611
5612
5613
5614
5615
5616
5617
5618
5619
13819
13820
13821
13822
13823
13824
13825
13826
13827
5635
13828
5636
5637
5638
5639
5640
5641
5642
5643
5644
13840
13841
13842
13843
13844
13845
13846
13847
13848
13849
5660
5661
5662
5663
5664
5665
5666
5667
13860
5668
13861
5669
13862
13863
13864
13865
13866
13867
13868
13869
5685
5686
13879
5687
13880
5688
13881
5689
13882
5690
13883
5691
13884
5692
13885
5693
13886
5694
13887
13888
13897
13898
13899
13900
13901
13902
13903
13904
13905
13906
13914
13915
13916
13917
13918
13919
13920
13921
13922
13923
13930
13931
13932
13933
13934
13935
13936
13937
13938
13939
13945
13946
13947
13948
13949
13950
13951
13952
13953
13954
13959
13960
13961
13962
13963
13964
13965
13966
13967
13968
13972
13973
13974
13975
13976
13977
13978
13979
13980
13981
5860
5861
5862
5863
5864
5865
14065
14066
14067
14068
14069
14070
14071
14072
14073
5881
14074
5882
5883
5884
5885
5886
5887
14085
14086
14087
14088
14089
14090
14091
14092
14093
14094
5903
5904
5905
5906
5907
5908
5909
5910
14104
14105
14106
14107
14108
14109
14110
14111
14112
14113
5926
5927
5928
5929
14122
5930
14123
5931
14124
5932
14125
5933
14126
5934
14127
14128
14129
14130
14131
14139
14140
14141
14142
5950
14143
5951
14144
5952
14145
5953
14146
5954
14147
5955
14148
5956
5957
5958
5959
14155
14156
14157
14158
14159
14160
14161
14162
14163
14164
5975
5976
5977
14170
5978
14171
5979
14172
5980
14173
5981
14174
5982
14175
5983
14176
5984
14177
14178
14179
14184
14185
14186
14187
14188
14189
14190
14191
14192
6000
14193
6001
6002
6003
6004
14197
6005
14198
6006
14199
6007
14200
6008
14201
6009
14202
14203
14204
14205
14206
14209
14210
14211
14212
14213
14214
14215
14216
14217
6025
14218
6026
6027
6028
6029
6030
6031
6032
6033
6034
6050
6051
6052
6053
6054
6055
6056
6057
6058
6059
6075
6076
6077
6078
6079
6080
6081
6082
6083
6084
14295
14296
14297
14298
14299
14300
14301
14302
14303
14304
14314
14315
14316
14317
14318
14319
14320
14321
14322
14323
14332
14333
14334
14335
14336
14337
14338
14339
14340
14341
14349
14350
14351
14352
14353
14354
14355
14356
14357
14358
14365
14366
14367
14368
14369
14370
14371
14372
14373
14374
14380
14381
14382
14383
14384
14385
14386
14387
14388
14389
14394
14395
14396
14397
14398
14399
14400
14401
14402
14403
14407
14408
14409
14410
14411
14412
14413
14414
14415
14416
14419
14420
14421
14422
14423
14424
14425
14426
14427
14428
14430
14431
14432
14433
14434
14435
14436
14437
14438
14439
6250
6251
6252
6253
6254
6255
6256
6272
6273
6274
6275
6276
6277
6278
6279
6295
6296
6297
6298
6299
6300
6301
6302
6303
14509
14510
14511
6319
14512
6320
14513
6321
14514
6322
14515
6323
14516
6324
14517
6325
14518
6326
6327
6328
14527
14528
14529
14530
14531
14532
14533
14534
14535
14536
6344
6345
6346
6347
6348
6349
6350
6351
14544
6352
14545
6353
14546
14547
14548
14549
14550
14551
14552
14553
14560
14561
6369
14562
6370
14563
6371
14564
6372
14565
6373
14566
6374
14567
6375
14568
6376
14569
6377
6378
14575
14576
14577
14578
14579
14580
14581
14582
14583
14584
6394
6395
6396
14589
6397
14590
6398
14591
6399
14592
6400
14593
6401
14594
6402
14595
6403
14596
14597
14598
14602
14603
14604
14605
14606
14607
14608
14609
14610
14611
6419
6420
6421
14614
6422
14615
6423
14616
6424
14617
6425
14618
6426
14619
6427
14620
6428
14621
14622
14623
14625
14626
14627
14628
14629
14630
14631
14632
14633
14634
14635
14636
6444
14637
6445
14638
6446
14639
6447
14640
6448
14641
6449
14642
6450
14643
6451
14644
6452
6453
6469
6470
6471
6472
6473
6474
6475
6476
6477
6478
14708
14709
14710
14711
14712
14713
14714
14715
14716
14717
14725
14726
14727
14728
14729
14730
14731
14732
14733
14734
14741
14742
14743
14744
14745
14746
14747
14748
14749
14750
14756
14757
14758
14759
14760
14761
14762
14763
14764
14765
14770
14771
14772
14773
14774
14775
14776
14777
14778
14779
14783
14784
14785
14786
14787
14788
14789
14790
14791
14792
14795
14796
14797
14798
14799
14800
14801
14802
14803
14804
14806
14807
14808
14809
14810
14811
14812
14813
14814
14815
14816
14817
14818
14819
14820
14821
14822
14823
14824
14825
14826
14827
14828
14829
14830
14831
14832
14833
14834
6644
6645
6646
6647
6648
6649
6650
6651
6667
6668
6669
6670
6671
6672
6673
6674
6675
6691
6692
6693
6694
6695
6696
6697
6698
6699
14892
6700
14893
14894
14895
14896
14897
14898
14899
14900
14901
14908
6716
14909
6717
14910
6718
14911
6719
14912
6720
14913
6721
14914
6722
14915
6723
14916
6724
14917
6725
14923
14924
14925
14926
14927
14928
14929
14930
14931
14932
6741
6742
6743
6744
14937
6745
14938
6746
14939
6747
14940
6748
14941
6749
14942
6750
14943
14944
14945
14946
14950
14951
14952
14953
14954
14955
14956
14957
14958
6766
14959
6767
6768
6769
14962
6770
14963
6771
14964
6772
14965
6773
14966
6774
14967
6775
14968
14969
14970
14971
14973
14974
14975
14976
14977
14978
14979
14980
14981
14982
14983
6791
14984
6792
14985
6793
14986
6794
14987
6795
14988
6796
14989
6797
14990
6798
14991
6799
14992
6800
14993
14994
14995
14996
14997
14998
14999
15000
15001
15002
15003
15004
15005
15006
15007
15008
6816
15009
6817
6818
6819
6820
6821
6822
6823
6824
6825
6841
6842
6843
6844
6845
6846
6847
6848
6849
6850
6866
6867
6868
15061
6869
15062
6870
15063
6871
15064
6872
15065
6873
15066
6874
15067
6875
15068
15069
15070
15076
15077
15078
15079
15080
15081
15082
15083
15084
15085
15090
15091
15092
15093
15094
15095
15096
15097
15098
15099
15103
15104
15105
15106
15107
15108
15109
15110
15111
15112
15115
15116
15117
15118
15119
15120
15121
15122
15123
15124
15126
15127
15128
15129
15130
15131
15132
15133
15134
15135
15136
15137
15138
15139
15140
15141
15142
15143
15144
15145
15146
15147
15148
15149
15150
15151
15152
15153
15154
15155
15156
15157
15158
15159
15160
15161
15162
15163
15164
15165
15166
15167
15168
15169
15215
15216
15217
15218
15219
15220
15221
15222
15223
15224
15229
15230
15231
15232
15233
7041
15234
7042
15235
7043
15236
7044
15237
7045
15238
7046
7047
7048
7049
15242
15243
15244
15245
15246
15247
15248
15249
15250
15251
15254
15255
15256
15257
7065
15258
7066
15259
7067
15260
7068
15261
7069
15262
7070
15263
7071
7072
15265
7073
15266
7074
15267
15268
15269
15270
15271
15272
15273
15274
15275
15276
15277
15278
15279
15280
15281
15282
7090
15283
7091
15284
7092
15285
7093
15286
7094
15287
7095
15288
7096
15289
7097
15290
7098
15291
7099
15292
15293
15294
15295
15296
15297
15298
15299
15300
15301
15302
15303
15304
15305
15306
15307
7115
15308
7116
15309
7117
15310
7118
15311
7119
15312
7120
15313
7121
15314
7122
7123
7124
7140
7141
7142
7143
7144
7145
7146
7147
7148
7149
15354
15355
15356
15357
7165
15358
7166
15359
7167
15360
7168
15361
7169
15362
7170
15363
7171
7172
7173
7174
15367
15368
15369
15370
15371
15372
15373
15374
15375
15376
15379
15380
15381
15382
7190
15383
7191
15384
7192
15385
7193
15386
7194
15387
7195
15388
7196
7197
15390
7198
15391
7199
15392
15393
15394
15395
15396
15397
15398
15399
15400
15401
15402
15403
15404
15405
15406
15407
7215
15408
7216
15409
7217
15410
7218
15411
7219
15412
7220
15413
7221
15414
7222
15415
7223
15416
7224
15417
15418
15419
15420
15421
15422
15423
15424
15425
15426
15427
15428
15429
15430
15431
15432
7240
15433
7241
15434
7242
15435
7243
15436
7244
15437
7245
15438
7246
15439
7247
15440
7248
15441
7249
15442
15443
15444
7265
7266
7267
7268
7269
7270
7271
7272
7273
7274
15478
15479
15480
15481
15482
15483
15484
15485
15486
15487
15490
15491
15492
15493
15494
15495
15496
15497
15498
15499
15501
15502
15503
15504
15505
15506
15507
15508
15509
15510
15511
15512
15513
15514
15515
15516
15517
15518
15519
15520
15521
15522
15523
15524
15525
15526
15527
15528
15529
15530
15531
15532
15533
15534
15535
15536
15537
15538
15539
15540
15541
15542
15543
15544
15545
15546
15547
15548
15549
15550
15551
15552
15553
15554
15555
15556
15557
15558
15559
15587
15588
15589
15590
15591
15592
15593
15594
15595
15596
15598
15599
15600
15601
15602
15603
15604
15605
15606
15607
15608
15609
15610
15611
15612
15613
15614
15615
15616
15617
15618
15619
15620
15621
15622
15623
15624
15625
15626
15627
15628
15629
15630
15631
15632
7440
15633
7441
15634
7442
15635
7443
15636
7444
15637
7445
15638
7446
15639
7447
15640
7448
15641
7449
15642
15643
15644
15645
15646
15647
15648
15649
15650
15651
15652
15653
15654
15655
15656
15657
7465
15658
7466
15659
7467
7468
7469
7470
7471
7472
7473
7474
15681
15682
7490
15683
7491
15684
7492
15685
7493
15686
7494
15687
7495
15688
7496
15689
7497
15690
7498
15691
7499
15692
15693
15694
15695
15696
15697
15698
15699
15700
15701
15702
15703
15704
15705
15706
15707
7515
15708
7516
15709
7517
15710
7518
15711
7519
15712
7520
15713
7521
15714
7522
15715
7523
15716
7524
15717
15718
15719
15720
15721
15722
15723
15724
15725
15726
15727
15728
15729
15730
15731
15732
7540
15733
7541
15734
7542
15735
7543
15736
7544
15737
7545
15738
7546
15739
7547
15740
7548
15741
7549
15742
15743
15744
7565
7566
7567
15760
7568
15761
7569
15762
7570
15763
7571
15764
7572
15765
7573
15766
7574
15767
15768
15769
15770
15771
15772
15773
15774
15775
15776
15777
15778
15779
15780
15781
15782
7590
15783
7591
15784
7592
15785
7593
15786
7594
15787
7595
15788
7596
15789
7597
15790
7598
15791
7599
15792
15793
15794
15795
15796
15797
15798
15799
15800
15801
15802
15803
15804
15805
15806
15807
7615
15808
7616
15809
7617
15810
7618
15811
7619
15812
7620
15813
7621
15814
7622
7623
7624
15825
15826
15827
15828
15829
15830
15831
15832
7640
15833
7641
15834
7642
15835
7643
15836
7644
15837
7645
15838
7646
15839
7647
15840
7648
15841
7649
15842
15843
15844
15845
15846
15847
15848
15849
15850
15851
15852
15853
15854
15855
15856
15857
7665
15858
7666
15859
7667
15860
7668
15861
7669
15862
7670
15863
7671
15864
7672
15865
7673
15866
7674
15867
15868
15869
15876
15877
15878
15879
15880
15881
15882
15883
15884
15885
15886
15887
15888
15889
15890
15891
15892
15893
15894
15895
15896
15897
15898
15899
15900
15901
15902
15903
15904
15905
15906
15907
15908
15909
15910
15911
15915
15916
15917
15918
15919
15920
15921
15922
15923
15924
15925
15926
15927
15928
15929
15930
15931
15932
15933
15934
15935
15936
15937
15938
15939
15940
15941
15942
15944
15945
15946
15947
15948
15949
15950
15951
15952
15953
15954
15955
15956
15957
15958
15959
15960
15961
15962
15963
15964
15965
15966
15967
15968
15969
15970
15971
15972
15973
15974
15975
15976
15977
15978
15979
15980
15981
15982
15983
15984
15985
15986
15987
15988
15989
15990
15991
15992
15993
15994
15995
15996
15997
15998
15999
7840
7841
7842
7843
7844
7845
7846
7847
7848
7849
7865
7866
7867
7868
7869
7870
7871
7872
7873
7874
7890
7891
7892
7893
7894
7895
7896
7897
7898
7899
7915
7916
7917
7918
7919
7920
7921
7922
7923
7924
7940
7941
7942
7943
7944
7945
7946
7947
7948
7949
7965
7966
7967
7968
7969
7970
7971
7972
7973
7974
7990
7991
7992
7993
7994
7995
7996
7997
7998
7999
8015
8016
8017
8018
8019
8020
8021
8022
8023
8024
8040
8041
8042
8043
8044
8045
8046
8047
8048
8049
8065
8066
8067
8068
8069
8070
8071
8072
8073
8074
)


// ************************************************************************* //
