/*--------------------------------*- C++ -*----------------------------------*\
| =========                 |                                                 |
| \\      /  F ield         | OpenFOAM: The Open Source CFD Toolbox           |
|  \\    /   O peration     | Version:  2312                                  |
|   \\  /    A nd           | Website:  www.openfoam.com                      |
|    \\/     M anipulation  |                                                 |
\*---------------------------------------------------------------------------*/
FoamFile
{
    version     2.0;
    format      ascii;
    arch        "LSB;label=32;scalar=64";
    class       volScalarField;
    location    "80/phiEA";
    object      J;
}
// * * * * * * * * * * * * * * * * * * * * * * * * * * * * * * * * * * * * * //

dimensions      [0 -3 0 0 0 1 0];

internalField   nonuniform List<scalar> 
20000
(
3.230794e+09
3.230502e+09
3.244795e+09
1.071451e+09
3.229534e+09
3.245244e+09
1.072704e+09
3.257212e+09
1.07422e+09
5.7365e+08
3.245506e+09
3.245502e+09
1.075777e+09
3.25766e+09
1.075459e+09
5.746505e+08
3.267375e+09
1.077099e+09
5.747546e+08
3.960782e+08
3.236291e+09
3.245898e+09
1.095851e+09
3.258315e+09
1.078019e+09
5.771338e+08
3.268165e+09
1.078376e+09
5.756819e+08
3.969109e+08
3.276445e+09
1.079434e+09
5.760639e+08
3.967324e+08
3.310191e+08
3.227327e+09
3.246345e+09
1.095402e+09
3.259463e+09
1.082557e+09
5.919749e+08
3.269139e+09
1.081099e+09
5.776551e+08
3.98989e+08
3.277287e+09
1.080815e+09
5.770225e+08
3.974875e+08
3.317783e+08
3.283789e+09
1.081489e+09
5.771226e+08
3.975844e+08
3.315347e+08
0
3.221547e+09
3.264163e+09
1.095199e+09
3.260962e+09
1.090189e+09
5.921974e+08
3.270761e+09
1.085937e+09
5.811678e+08
4.111933e+08
3.27851e+09
1.083676e+09
5.790905e+08
3.99112e+08
3.336805e+08
3.284764e+09
1.0829e+09
5.781338e+08
3.983664e+08
3.322187e+08
0
3.290021e+09
1.083147e+09
5.780403e+08
3.982736e+08
3.322401e+08
0
0
3.218819e+09
3.25868e+09
1.096868e+09
3.262845e+09
1.116041e+09
5.925692e+08
3.273059e+09
1.093493e+09
5.871218e+08
4.114639e+08
3.280624e+09
1.08872e+09
5.827769e+08
4.020106e+08
3.448383e+08
3.286192e+09
1.085861e+09
5.802846e+08
4.000609e+08
3.336967e+08
0
3.291095e+09
1.084595e+09
5.790717e+08
3.990914e+08
3.329487e+08
0
0
3.295441e+09
1.084519e+09
5.787829e+08
3.988648e+08
3.328122e+08
0
0
0
3.215297e+09
3.256149e+09
1.099444e+09
3.27814e+09
1.121315e+09
5.942003e+08
3.275883e+09
1.103774e+09
6.064502e+08
4.118429e+08
3.283618e+09
1.096621e+09
5.885784e+08
4.06945e+08
3.450842e+08
3.288626e+09
1.091103e+09
5.840927e+08
4.030869e+08
3.363374e+08
0
3.292689e+09
1.08764e+09
5.812811e+08
4.008479e+08
3.344876e+08
0
0
3.296543e+09
1.086025e+09
5.7983e+08
3.996983e+08
3.33551e+08
0
0
0
3.300114e+09
1.085746e+09
5.793816e+08
3.993451e+08
3.33302e+08
0
0
0
0
3.213419e+09
3.253357e+09
1.101043e+09
3.287185e+09
1.126047e+09
5.963461e+08
3.280648e+09
1.121871e+09
6.109695e+08
4.132286e+08
3.287365e+09
1.107259e+09
5.965342e+08
4.228744e+08
3.454271e+08
3.292202e+09
1.099297e+09
5.901011e+08
4.078679e+08
3.408454e+08
0
3.29544e+09
1.093013e+09
5.852048e+08
4.039647e+08
3.37239e+08
0
0
3.298269e+09
1.089136e+09
5.820889e+08
4.014981e+08
3.35144e+08
0
0
0
3.301249e+09
1.087256e+09
5.804693e+08
4.00188e+08
3.340546e+08
0
0
0
0
3.304412e+09
1.086784e+09
5.79933e+08
3.997252e+08
3.337014e+08
0
0
0
0
0
3.213394e+09
3.251873e+09
1.101901e+09
3.286024e+09
1.128279e+09
5.978382e+08
3.285504e+09
1.136607e+09
6.148511e+08
4.150054e+08
3.293095e+09
1.118401e+09
6.097597e+08
4.266807e+08
3.466884e+08
3.296537e+09
1.11033e+09
5.982574e+08
4.144566e+08
3.554082e+08
0
3.29941e+09
1.101459e+09
5.913878e+08
4.089009e+08
3.415971e+08
0
0
3.301266e+09
1.094635e+09
5.860901e+08
4.047006e+08
3.379749e+08
0
0
0
3.303101e+09
1.090419e+09
5.827661e+08
4.020246e+08
3.356854e+08
0
0
0
0
3.305328e+09
1.08831e+09
5.810209e+08
4.006009e+08
3.344615e+08
0
0
0
0
0
3.307791e+09
1.087755e+09
5.803936e+08
4.000828e+08
3.340157e+08
0
0
0
0
0
0
3.215295e+09
3.251884e+09
1.101888e+09
3.28435e+09
1.129329e+09
5.986437e+08
3.299257e+09
1.143113e+09
6.168031e+08
4.162863e+08
3.29868e+09
1.12787e+09
6.208841e+08
4.299117e+08
3.483021e+08
3.302898e+09
1.121878e+09
6.066837e+08
4.253082e+08
3.588796e+08
0
3.304334e+09
1.112757e+09
5.997828e+08
4.156337e+08
3.476249e+08
0
0
3.305609e+09
1.103246e+09
5.924239e+08
4.097679e+08
3.424697e+08
0
0
0
3.306329e+09
1.096019e+09
5.868403e+08
4.052846e+08
3.38591e+08
0
0
0
0
3.307368e+09
1.091518e+09
5.833469e+08
4.024653e+08
3.361243e+08
0
0
0
0
0
3.309025e+09
1.089215e+09
5.814901e+08
4.009578e+08
3.348049e+08
0
0
0
0
0
0
3.310737e+09
1.088487e+09
5.808277e+08
4.003796e+08
3.343137e+08
0
0
0
0
0
0
0
3.21884e+09
3.253355e+09
1.101045e+09
3.284368e+09
1.129335e+09
5.98635e+08
3.301842e+09
1.144582e+09
6.177361e+08
4.169805e+08
3.300596e+09
1.141929e+09
6.261706e+08
4.315653e+08
3.494824e+08
3.309025e+09
1.131574e+09
6.137991e+08
4.344436e+08
3.61816e+08
0
3.311167e+09
1.124596e+09
6.084516e+08
4.225588e+08
3.576372e+08
0
0
3.310978e+09
1.114807e+09
6.009802e+08
4.166815e+08
3.486201e+08
0
0
0
3.310987e+09
1.104778e+09
5.932723e+08
4.104655e+08
3.43201e+08
0
0
0
0
3.310793e+09
1.097208e+09
5.874811e+08
4.057794e+08
3.390801e+08
0
0
0
0
0
3.311142e+09
1.092493e+09
5.838414e+08
4.028436e+08
3.364918e+08
0
0
0
0
0
0
3.312293e+09
1.090049e+09
5.818902e+08
4.012605e+08
3.351023e+08
0
0
0
0
0
0
0
3.313863e+09
1.089133e+09
5.811462e+08
4.006599e+08
3.345607e+08
0
0
0
0
0
0
0
0
3.221523e+09
3.256144e+09
1.099455e+09
3.285997e+09
1.128281e+09
5.978405e+08
3.301844e+09
1.144587e+09
6.177402e+08
4.169737e+08
3.301271e+09
1.146755e+09
6.274592e+08
4.323598e+08
3.501232e+08
3.311271e+09
1.137723e+09
6.240434e+08
4.388641e+08
3.633316e+08
0
3.317695e+09
1.134538e+09
6.156823e+08
4.28395e+08
3.658846e+08
0
0
3.318237e+09
1.126862e+09
6.098278e+08
4.237889e+08
3.549375e+08
0
0
0
3.316718e+09
1.116533e+09
6.019878e+08
4.175015e+08
3.495117e+08
0
0
0
0
3.315733e+09
1.1061e+09
5.939982e+08
4.110335e+08
3.437901e+08
0
0
0
0
0
3.314677e+09
1.098261e+09
5.880269e+08
4.062022e+08
3.394948e+08
0
0
0
0
0
0
3.314476e+09
1.093357e+09
5.842817e+08
4.031645e+08
3.368078e+08
0
0
0
0
0
0
0
3.315206e+09
1.090779e+09
5.822644e+08
4.015178e+08
3.353544e+08
0
0
0
0
0
0
0
0
3.316637e+09
1.089831e+09
5.814326e+08
4.00863e+08
3.347941e+08
0
0
0
0
0
0
0
0
0
3.227303e+09
3.258663e+09
1.096861e+09
3.287192e+09
1.126046e+09
5.963532e+08
3.29925e+09
1.143102e+09
6.168045e+08
4.162884e+08
3.301273e+09
1.146759e+09
6.274618e+08
4.323629e+08
3.501171e+08
3.312123e+09
1.140752e+09
6.277458e+08
4.399604e+08
3.640616e+08
0
3.320212e+09
1.14085e+09
6.204208e+08
4.368242e+08
3.699038e+08
0
0
3.325096e+09
1.136991e+09
6.172092e+08
4.297016e+08
3.602596e+08
0
0
0
3.324324e+09
1.128778e+09
6.109676e+08
4.247451e+08
3.559897e+08
0
0
0
0
3.321774e+09
1.118008e+09
6.028306e+08
4.181906e+08
3.5021e+08
0
0
0
0
0
3.319876e+09
1.107265e+09
5.946226e+08
4.115194e+08
3.442694e+08
0
0
0
0
0
0
3.3182e+09
1.099167e+09
5.885122e+08
4.065609e+08
3.398497e+08
0
0
0
0
0
0
0
3.317492e+09
1.094113e+09
5.846734e+08
4.034513e+08
3.370756e+08
0
0
0
0
0
0
0
0
3.317897e+09
1.091433e+09
5.825897e+08
4.017606e+08
3.355685e+08
0
0
0
0
0
0
0
0
0
3.318682e+09
1.09047e+09
5.817419e+08
4.010486e+08
3.34963e+08
0
0
0
0
0
0
0
0
0
0
3.236237e+09
3.264139e+09
1.095192e+09
3.278108e+09
1.121309e+09
5.941965e+08
3.285508e+09
1.136609e+09
6.148507e+08
4.150109e+08
3.300583e+09
1.141927e+09
6.261639e+08
4.315666e+08
3.494843e+08
3.312129e+09
1.140749e+09
6.277487e+08
4.399622e+08
3.640644e+08
0
3.321185e+09
1.143959e+09
6.227815e+08
4.398882e+08
3.709093e+08
0
0
3.327854e+09
1.143432e+09
6.220493e+08
4.336209e+08
3.68056e+08
0
0
0
3.331524e+09
1.139061e+09
6.18464e+08
4.30772e+08
3.613723e+08
0
0
0
0
3.329684e+09
1.130413e+09
6.119258e+08
4.255343e+08
3.568088e+08
0
0
0
0
0
3.326224e+09
1.119308e+09
6.035466e+08
4.187648e+08
3.507968e+08
0
0
0
0
0
0
3.323555e+09
1.108275e+09
5.951735e+08
4.119368e+08
3.446796e+08
0
0
0
0
0
0
0
3.32134e+09
1.099997e+09
5.889271e+08
4.068808e+08
3.401505e+08
0
0
0
0
0
0
0
0
3.320277e+09
1.094798e+09
5.850134e+08
4.03707e+08
3.373153e+08
0
0
0
0
0
0
0
0
0
3.320419e+09
1.092038e+09
5.828831e+08
4.019708e+08
3.357714e+08
0
0
0
0
0
0
0
0
0
0
3.321385e+09
1.090906e+09
5.820343e+08
4.012472e+08
3.351184e+08
0
0
0
0
0
0
0
0
0
0
0
3.245444e+09
3.246366e+09
1.09538e+09
3.262805e+09
1.116027e+09
5.925656e+08
3.280641e+09
1.121861e+09
6.109665e+08
4.132259e+08
3.298677e+09
1.127874e+09
6.208855e+08
4.299115e+08
3.48307e+08
3.311318e+09
1.137721e+09
6.240426e+08
4.38859e+08
3.633328e+08
0
3.321176e+09
1.143962e+09
6.227789e+08
4.398905e+08
3.709108e+08
0
0
3.328926e+09
1.146601e+09
6.244585e+08
4.355809e+08
3.708333e+08
0
0
0
3.334479e+09
1.145612e+09
6.233832e+08
4.347689e+08
3.64955e+08
0
0
0
0
3.337127e+09
1.140845e+09
6.195157e+08
4.316485e+08
3.622922e+08
0
0
0
0
0
3.334407e+09
1.131846e+09
6.127389e+08
4.261959e+08
3.574845e+08
0
0
0
0
0
0
3.330191e+09
1.120445e+09
6.041783e+08
4.192512e+08
3.512856e+08
0
0
0
0
0
0
0
3.326906e+09
1.109162e+09
5.956491e+08
4.123054e+08
3.45032e+08
0
0
0
0
0
0
0
0
3.324235e+09
1.100728e+09
5.893107e+08
4.071533e+08
3.404191e+08
0
0
0
0
0
0
0
0
0
3.322767e+09
1.095444e+09
5.85322e+08
4.039281e+08
3.375294e+08
0
0
0
0
0
0
0
0
0
0
3.322586e+09
1.092611e+09
5.831537e+08
4.021615e+08
3.359467e+08
0
0
0
0
0
0
0
0
0
0
0
3.323024e+09
1.091539e+09
5.822242e+08
4.014394e+08
3.352836e+08
0
0
0
0
0
0
0
0
0
0
0
0
3.229497e+09
3.245889e+09
1.095822e+09
3.26094e+09
1.090198e+09
5.921846e+08
3.275844e+09
1.103763e+09
6.064407e+08
4.118405e+08
3.29306e+09
1.118399e+09
6.097548e+08
4.266785e+08
3.466862e+08
3.309036e+09
1.131572e+09
6.13802e+08
4.344447e+08
3.618158e+08
0
3.320208e+09
1.140867e+09
6.204204e+08
4.368237e+08
3.698994e+08
0
0
3.328936e+09
1.146596e+09
6.244605e+08
4.355785e+08
3.708354e+08
0
0
0
3.335626e+09
1.148829e+09
6.258298e+08
4.367655e+08
3.667488e+08
0
0
0
0
3.340273e+09
1.147486e+09
6.245027e+08
4.357056e+08
3.659436e+08
0
0
0
0
0
3.342104e+09
1.142389e+09
6.204186e+08
4.323809e+08
3.630452e+08
0
0
0
0
0
0
3.338613e+09
1.133104e+09
6.134509e+08
4.267559e+08
3.580506e+08
0
0
0
0
0
0
0
3.333734e+09
1.121454e+09
6.04729e+08
4.196807e+08
3.516993e+08
0
0
0
0
0
0
0
0
3.329979e+09
1.109979e+09
5.960635e+08
4.126231e+08
3.453434e+08
0
0
0
0
0
0
0
0
0
3.32683e+09
1.101413e+09
5.896453e+08
4.074067e+08
3.406478e+08
0
0
0
0
0
0
0
0
0
0
3.325019e+09
1.09601e+09
5.856181e+08
4.041291e+08
3.377143e+08
0
0
0
0
0
0
0
0
0
0
0
3.324428e+09
1.093101e+09
5.834132e+08
4.023371e+08
3.361062e+08
0
0
0
0
0
0
0
0
0
0
0
0
3.324941e+09
1.091887e+09
5.825146e+08
4.015614e+08
3.354446e+08
0
0
0
0
0
0
0
0
0
0
0
0
0
3.230544e+09
3.245519e+09
1.075765e+09
3.259397e+09
1.082553e+09
5.919561e+08
3.273022e+09
1.093495e+09
5.87128e+08
4.114543e+08
3.287326e+09
1.107247e+09
5.96529e+08
4.228668e+08
3.454251e+08
3.302919e+09
1.121866e+09
6.066834e+08
4.253049e+08
3.588778e+08
0
3.317678e+09
1.134543e+09
6.156813e+08
4.283974e+08
3.658855e+08
0
0
3.327856e+09
1.143427e+09
6.220589e+08
4.33621e+08
3.680555e+08
0
0
0
3.335638e+09
1.148833e+09
6.25827e+08
4.36767e+08
3.667467e+08
0
0
0
0
3.341531e+09
1.15074e+09
6.269793e+08
4.377306e+08
3.677696e+08
0
0
0
0
0
3.345378e+09
1.149116e+09
6.254608e+08
4.364892e+08
3.667496e+08
0
0
0
0
0
0
3.346512e+09
1.143753e+09
6.211978e+08
4.330084e+08
3.636739e+08
0
0
0
0
0
0
0
3.342397e+09
1.134217e+09
6.140743e+08
4.27246e+08
3.585297e+08
0
0
0
0
0
0
0
0
3.336987e+09
1.122351e+09
6.052167e+08
4.200547e+08
3.52065e+08
0
0
0
0
0
0
0
0
0
3.332735e+09
1.110734e+09
5.964498e+08
4.128986e+08
3.456118e+08
0
0
0
0
0
0
0
0
0
0
3.329191e+09
1.102019e+09
5.899628e+08
4.076268e+08
3.408609e+08
0
0
0
0
0
0
0
0
0
0
0
3.32704e+09
1.096521e+09
5.858739e+08
4.04324e+08
3.378825e+08
0
0
0
0
0
0
0
0
0
0
0
0
3.326305e+09
1.0935e+09
5.836341e+08
4.025064e+08
3.36253e+08
0
0
0
0
0
0
0
0
0
0
0
0
0
3.326401e+09
1.092316e+09
5.826669e+08
4.017518e+08
3.355469e+08
0
0
0
0
0
0
0
0
0
0
0
0
0
0
3.230891e+09
3.245247e+09
1.072722e+09
3.258259e+09
1.078024e+09
5.771271e+08
3.270725e+09
1.085919e+09
5.811654e+08
4.111788e+08
3.283588e+09
1.096605e+09
5.885816e+08
4.069497e+08
3.450758e+08
3.296572e+09
1.110322e+09
5.982511e+08
4.144532e+08
3.554015e+08
0
3.311126e+09
1.124602e+09
6.084454e+08
4.225588e+08
3.576344e+08
0
0
3.325084e+09
1.136984e+09
6.172122e+08
4.297009e+08
3.602617e+08
0
0
0
3.334462e+09
1.145612e+09
6.233801e+08
4.34776e+08
3.649551e+08
0
0
0
0
3.341535e+09
1.150748e+09
6.269817e+08
4.377285e+08
3.67771e+08
0
0
0
0
0
3.346708e+09
1.152422e+09
6.279602e+08
4.38537e+08
3.686009e+08
0
0
0
0
0
0
3.349922e+09
1.15054e+09
6.262918e+08
4.371584e+08
3.674235e+08
0
0
0
0
0
0
0
3.350479e+09
1.144955e+09
6.218843e+08
4.335492e+08
3.642124e+08
0
0
0
0
0
0
0
0
3.34584e+09
1.13522e+09
6.146239e+08
4.276748e+08
3.58949e+08
0
0
0
0
0
0
0
0
0
3.33996e+09
1.123179e+09
6.056494e+08
4.203856e+08
3.523833e+08
0
0
0
0
0
0
0
0
0
0
3.335239e+09
1.111402e+09
5.968076e+08
4.131572e+08
3.458443e+08
0
0
0
0
0
0
0
0
0
0
0
3.331283e+09
1.10257e+09
5.902415e+08
4.078371e+08
3.410457e+08
0
0
0
0
0
0
0
0
0
0
0
0
3.328868e+09
1.096982e+09
5.861053e+08
4.04491e+08
3.380462e+08
0
0
0
0
0
0
0
0
0
0
0
0
0
3.327989e+09
1.093925e+09
5.838093e+08
4.026509e+08
3.363946e+08
0
0
0
0
0
0
0
0
0
0
0
0
0
0
3.32832e+09
1.092639e+09
5.828587e+08
4.018502e+08
3.357059e+08
0
0
0
0
0
0
0
0
0
0
0
0
0
0
0
3.244779e+09
1.071487e+09
3.257608e+09
1.07546e+09
5.746621e+08
3.269075e+09
1.081083e+09
5.776577e+08
3.989841e+08
3.280565e+09
1.088707e+09
5.827677e+08
4.020088e+08
3.448256e+08
3.29219e+09
1.099292e+09
5.900916e+08
4.078712e+08
3.408495e+08
0
3.304298e+09
1.11277e+09
5.997792e+08
4.156293e+08
3.47622e+08
0
0
3.318189e+09
1.126849e+09
6.098314e+08
4.237845e+08
3.549375e+08
0
0
0
3.331509e+09
1.139058e+09
6.184597e+08
4.307742e+08
3.613717e+08
0
0
0
0
3.340266e+09
1.147482e+09
6.245028e+08
4.35703e+08
3.659497e+08
0
0
0
0
0
3.346725e+09
1.152422e+09
6.279654e+08
4.385389e+08
3.68599e+08
0
0
0
0
0
0
3.35136e+09
1.153876e+09
6.288231e+08
4.392235e+08
3.692949e+08
0
0
0
0
0
0
0
3.354013e+09
1.151803e+09
6.270142e+08
4.377382e+08
3.679988e+08
0
0
0
0
0
0
0
0
3.354057e+09
1.146035e+09
6.224878e+08
4.34025e+08
3.646764e+08
0
0
0
0
0
0
0
0
0
3.348954e+09
1.136129e+09
6.151205e+08
4.280523e+08
3.593159e+08
0
0
0
0
0
0
0
0
0
0
3.342609e+09
1.12394e+09
6.060503e+08
4.206791e+08
3.526649e+08
0
0
0
0
0
0
0
0
0
0
3.337436e+09
1.112014e+09
5.971216e+08
4.133974e+08
3.46063e+08
0
0
0
0
0
0
0
0
0
0
0
0
3.333216e+09
1.103059e+09
5.904953e+08
4.080208e+08
3.412227e+08
0
0
0
0
0
0
0
0
0
0
0
0
0
3.330564e+09
1.097398e+09
5.863151e+08
4.046422e+08
3.38186e+08
0
0
0
0
0
0
0
0
0
0
0
0
0
0
3.329527e+09
1.094307e+09
5.840024e+08
4.027634e+08
3.365158e+08
0
0
0
0
0
0
0
0
0
0
0
0
0
0
0
3.329366e+09
1.093073e+09
5.830054e+08
4.019741e+08
3.357886e+08
0
0
0
0
0
0
0
0
0
0
0
0
0
0
0
0
3.25697e+09
1.074216e+09
5.736704e+08
3.268121e+09
1.078359e+09
5.756822e+08
3.969198e+08
3.278434e+09
1.083657e+09
5.790831e+08
3.991138e+08
3.336764e+08
3.288681e+09
1.091086e+09
5.840857e+08
4.030806e+08
3.363358e+08
0
3.299412e+09
1.101452e+09
5.913862e+08
4.088938e+08
3.416003e+08
0
0
3.310936e+09
1.114794e+09
6.009872e+08
4.166794e+08
3.486164e+08
0
0
0
3.32429e+09
1.128763e+09
6.109604e+08
4.247476e+08
3.559859e+08
0
0
0
0
3.337147e+09
1.140839e+09
6.195142e+08
4.316453e+08
3.622942e+08
0
0
0
0
0
3.345362e+09
1.149113e+09
6.254585e+08
4.364892e+08
3.667473e+08
0
0
0
0
0
0
3.35134e+09
1.153885e+09
6.288227e+08
4.392276e+08
3.692965e+08
0
0
0
0
0
0
0
3.355495e+09
1.155189e+09
6.295636e+08
4.398275e+08
3.698855e+08
0
0
0
0
0
0
0
0
3.357701e+09
1.152938e+09
6.276548e+08
4.382411e+08
3.684972e+08
0
0
0
0
0
0
0
0
0
3.357319e+09
1.147006e+09
6.230299e+08
4.34443e+08
3.650846e+08
0
0
0
0
0
0
0
0
0
0
3.351768e+09
1.136949e+09
6.155697e+08
4.283939e+08
3.596387e+08
0
0
0
0
0
0
0
0
0
0
3.344985e+09
1.124607e+09
6.064197e+08
4.209514e+08
3.529147e+08
0
0
0
0
0
0
0
0
0
0
3.339471e+09
1.112534e+09
5.974118e+08
4.136072e+08
3.462663e+08
0
0
0
0
0
0
0
0
0
0
0
0
0
3.33499e+09
1.103511e+09
5.907216e+08
4.081885e+08
3.413771e+08
0
0
0
0
0
0
0
0
0
0
0
0
0
0
3.332183e+09
1.097776e+09
5.865041e+08
4.047799e+08
3.383127e+08
0
0
0
0
0
0
0
0
0
0
0
0
0
0
0
3.330956e+09
1.094649e+09
5.841761e+08
4.028902e+08
3.366099e+08
0
0
0
0
0
0
0
0
0
0
0
0
0
0
0
0
3.331015e+09
1.093292e+09
5.831984e+08
4.020713e+08
3.358916e+08
0
0
0
0
0
0
0
0
0
0
0
0
0
0
0
0
0
3.267297e+09
1.077045e+09
5.747523e+08
3.960933e+08
3.277177e+09
1.080805e+09
5.770137e+08
3.974877e+08
3.317862e+08
3.28618e+09
1.085837e+09
5.802752e+08
4.00056e+08
3.336982e+08
0
3.295419e+09
1.09304e+09
5.851963e+08
4.039597e+08
3.372337e+08
0
0
3.305562e+09
1.103252e+09
5.924193e+08
4.097673e+08
3.424635e+08
0
0
0
3.316666e+09
1.116518e+09
6.019811e+08
4.175067e+08
3.495101e+08
0
0
0
0
3.329689e+09
1.130402e+09
6.119176e+08
4.255292e+08
3.568109e+08
0
0
0
0
0
3.342086e+09
1.142394e+09
6.204155e+08
4.323798e+08
3.630423e+08
0
0
0
0
0
0
3.349929e+09
1.150534e+09
6.262896e+08
4.371569e+08
3.674235e+08
0
0
0
0
0
0
0
3.355494e+09
1.15518e+09
6.295694e+08
4.398271e+08
3.698892e+08
0
0
0
0
0
0
0
0
3.35922e+09
1.156345e+09
6.302349e+08
4.40344e+08
3.704052e+08
0
0
0
0
0
0
0
0
0
3.361044e+09
1.153958e+09
6.282302e+08
4.386869e+08
3.689292e+08
0
0
0
0
0
0
0
0
0
0
3.360274e+09
1.147891e+09
6.235164e+08
4.348185e+08
3.654432e+08
0
0
0
0
0
0
0
0
0
0
3.354316e+09
1.137689e+09
6.15975e+08
4.287025e+08
3.59931e+08
0
0
0
0
0
0
0
0
0
0
3.347206e+09
1.125203e+09
6.067418e+08
4.21203e+08
3.531465e+08
0
0
0
0
0
0
0
0
0
0
3.341387e+09
1.113022e+09
5.976536e+08
4.138021e+08
3.464436e+08
0
0
0
0
0
0
0
0
0
0
0
0
0
0
3.336671e+09
1.103919e+09
5.909307e+08
4.083384e+08
3.415182e+08
0
0
0
0
0
0
0
0
0
0
0
0
0
0
0
3.333647e+09
1.098148e+09
5.866739e+08
4.049042e+08
3.384284e+08
0
0
0
0
0
0
0
0
0
0
0
0
0
0
0
0
3.332402e+09
1.094964e+09
5.84329e+08
4.030043e+08
3.367161e+08
0
0
0
0
0
0
0
0
0
0
0
0
0
0
0
0
0
3.331873e+09
1.093684e+09
5.832954e+08
4.021952e+08
3.359739e+08
0
0
0
0
0
0
0
0
0
0
0
0
0
0
0
0
0
0
3.276328e+09
1.079413e+09
5.76043e+08
3.967306e+08
3.310322e+08
3.284701e+09
1.082869e+09
5.781295e+08
3.983604e+08
3.322189e+08
0
3.29265e+09
1.087637e+09
5.812676e+08
4.008415e+08
3.344835e+08
0
0
3.301254e+09
1.094632e+09
5.861073e+08
4.046949e+08
3.379706e+08
0
0
0
3.310923e+09
1.104757e+09
5.932765e+08
4.104617e+08
3.432007e+08
0
0
0
0
3.321758e+09
1.117992e+09
6.028227e+08
4.181857e+08
3.502145e+08
0
0
0
0
0
3.334406e+09
1.131849e+09
6.127335e+08
4.261901e+08
3.574801e+08
0
0
0
0
0
0
3.346503e+09
1.143747e+09
6.212004e+08
4.330061e+08
3.63673e+08
0
0
0
0
0
0
0
3.35402e+09
1.151806e+09
6.27011e+08
4.377365e+08
3.679976e+08
0
0
0
0
0
0
0
0
3.359236e+09
1.156342e+09
6.302288e+08
4.403485e+08
3.704048e+08
0
0
0
0
0
0
0
0
0
3.362625e+09
1.157379e+09
6.308222e+08
4.408131e+08
3.708491e+08
0
0
0
0
0
0
0
0
0
0
3.364117e+09
1.154878e+09
6.28746e+08
4.390874e+08
3.693123e+08
0
0
0
0
0
0
0
0
0
0
3.362974e+09
1.148689e+09
6.239601e+08
4.351553e+08
3.657653e+08
0
0
0
0
0
0
0
0
0
0
3.356658e+09
1.138356e+09
6.163403e+08
4.28981e+08
3.60195e+08
0
0
0
0
0
0
0
0
0
0
3.34925e+09
1.125766e+09
6.070283e+08
4.214216e+08
3.533609e+08
0
0
0
0
0
0
0
0
0
0
3.343193e+09
1.113486e+09
5.97882e+08
4.139627e+08
3.466086e+08
0
0
0
0
0
0
0
0
0
0
0
0
0
0
0
3.338223e+09
1.104316e+09
5.911172e+08
4.084771e+08
3.416446e+08
0
0
0
0
0
0
0
0
0
0
0
0
0
0
0
0
3.335131e+09
1.098481e+09
5.868444e+08
4.050147e+08
3.385329e+08
0
0
0
0
0
0
0
0
0
0
0
0
0
0
0
0
0
3.333672e+09
1.095305e+09
5.844699e+08
4.031038e+08
3.36812e+08
0
0
0
0
0
0
0
0
0
0
0
0
0
0
0
0
0
0
3.33329e+09
1.09386e+09
5.834779e+08
4.022589e+08
3.360767e+08
0
0
0
0
0
0
0
0
0
0
0
0
0
0
0
0
0
0
0
3.283976e+09
1.081459e+09
5.771125e+08
3.975732e+08
3.315331e+08
0
3.29099e+09
1.084573e+09
5.790558e+08
3.99089e+08
3.329436e+08
0
0
3.298252e+09
1.089121e+09
5.820873e+08
4.014885e+08
3.351386e+08
0
0
0
3.306294e+09
1.096015e+09
5.868403e+08
4.052979e+08
3.385861e+08
0
0
0
0
3.315686e+09
1.106079e+09
5.939851e+08
4.110371e+08
3.437868e+08
0
0
0
0
0
3.326193e+09
1.119301e+09
6.035382e+08
4.187591e+08
3.507927e+08
0
0
0
0
0
0
3.338599e+09
1.133104e+09
6.134522e+08
4.267522e+08
3.580457e+08
0
0
0
0
0
0
0
3.350466e+09
1.144953e+09
6.218805e+08
4.33551e+08
3.642105e+08
0
0
0
0
0
0
0
0
3.357694e+09
1.152942e+09
6.276564e+08
4.382388e+08
3.684957e+08
0
0
0
0
0
0
0
0
0
3.362628e+09
1.157387e+09
6.308204e+08
4.408084e+08
3.708531e+08
0
0
0
0
0
0
0
0
0
0
3.365731e+09
1.158326e+09
6.313467e+08
4.412225e+08
3.712527e+08
0
0
0
0
0
0
0
0
0
0
3.36689e+09
1.155727e+09
6.292104e+08
4.394462e+08
3.696564e+08
0
0
0
0
0
0
0
0
0
0
3.365462e+09
1.149417e+09
6.243593e+08
4.354626e+08
3.660542e+08
0
0
0
0
0
0
0
0
0
0
3.358848e+09
1.138969e+09
6.166687e+08
4.292321e+08
3.604332e+08
0
0
0
0
0
0
0
0
0
0
3.35112e+09
1.126283e+09
6.073013e+08
4.216159e+08
3.53547e+08
0
0
0
0
0
0
0
0
0
0
3.344864e+09
1.113934e+09
5.981014e+08
4.141152e+08
3.467442e+08
0
0
0
0
0
0
0
0
0
0
0
0
0
0
0
0
3.339763e+09
1.104679e+09
5.91302e+08
4.086e+08
3.417615e+08
0
0
0
0
0
0
0
0
0
0
0
0
0
0
0
0
0
3.336446e+09
1.09883e+09
5.869958e+08
4.051273e+08
3.386254e+08
0
0
0
0
0
0
0
0
0
0
0
0
0
0
0
0
0
0
3.334878e+09
1.09559e+09
5.846288e+08
4.031953e+08
3.368953e+08
0
0
0
0
0
0
0
0
0
0
0
0
0
0
0
0
0
0
0
3.334554e+09
1.094192e+09
5.835547e+08
4.0238e+08
3.361306e+08
0
0
0
0
0
0
0
0
0
0
0
0
0
0
0
0
0
0
0
0
3.290073e+09
1.083181e+09
5.780266e+08
3.982673e+08
3.322316e+08
0
0
3.296494e+09
1.085984e+09
5.798182e+08
3.996875e+08
3.335491e+08
0
0
0
3.30306e+09
1.09041e+09
5.827573e+08
4.020235e+08
3.356771e+08
0
0
0
0
3.310753e+09
1.097204e+09
5.874784e+08
4.057799e+08
3.390918e+08
0
0
0
0
0
3.319862e+09
1.107245e+09
5.946116e+08
4.115094e+08
3.442727e+08
0
0
0
0
0
0
3.330181e+09
1.120434e+09
6.041743e+08
4.192453e+08
3.512807e+08
0
0
0
0
0
0
0
3.342389e+09
1.134214e+09
6.140747e+08
4.27247e+08
3.585266e+08
0
0
0
0
0
0
0
0
3.354045e+09
1.146031e+09
6.224866e+08
4.340223e+08
3.646779e+08
0
0
0
0
0
0
0
0
0
3.361059e+09
1.153954e+09
6.282322e+08
4.386882e+08
3.689272e+08
0
0
0
0
0
0
0
0
0
0
3.365703e+09
1.15833e+09
6.313513e+08
4.41221e+08
3.712486e+08
0
0
0
0
0
0
0
0
0
0
3.368517e+09
1.159193e+09
6.318277e+08
4.415875e+08
3.716046e+08
0
0
0
0
0
0
0
0
0
0
3.369453e+09
1.156485e+09
6.296404e+08
4.397688e+08
3.699646e+08
0
0
0
0
0
0
0
0
0
0
3.367751e+09
1.150088e+09
6.247237e+08
4.357388e+08
3.663177e+08
0
0
0
0
0
0
0
0
0
0
3.360823e+09
1.139545e+09
6.169709e+08
4.294577e+08
3.60648e+08
0
0
0
0
0
0
0
0
0
0
3.35287e+09
1.126753e+09
6.075519e+08
4.218019e+08
3.537125e+08
0
0
0
0
0
0
0
0
0
0
3.34643e+09
1.114336e+09
5.98317e+08
4.142626e+08
3.468732e+08
0
0
0
0
0
0
0
0
0
0
0
0
0
0
0
0
0
3.341154e+09
1.105044e+09
5.914699e+08
4.087231e+08
3.418648e+08
0
0
0
0
0
0
0
0
0
0
0
0
0
0
0
0
0
0
3.337678e+09
1.099132e+09
5.871583e+08
4.052268e+08
3.387201e+08
0
0
0
0
0
0
0
0
0
0
0
0
0
0
0
0
0
0
0
3.336037e+09
1.095864e+09
5.847578e+08
4.033012e+08
3.369719e+08
0
0
0
0
0
0
0
0
0
0
0
0
0
0
0
0
0
0
0
0
3.335491e+09
1.094487e+09
5.837086e+08
4.0243e+08
3.362323e+08
0
0
0
0
0
0
0
0
0
0
0
0
0
0
0
0
0
0
0
0
0
3.295021e+09
1.084542e+09
5.78792e+08
3.988558e+08
3.328072e+08
0
0
0
3.301187e+09
1.087236e+09
5.804449e+08
4.001795e+08
3.340456e+08
0
0
0
0
3.307369e+09
1.091507e+09
5.833419e+08
4.024589e+08
3.361233e+08
0
0
0
0
0
3.314686e+09
1.098245e+09
5.880264e+08
4.062004e+08
3.394955e+08
0
0
0
0
0
0
3.323553e+09
1.108273e+09
5.951611e+08
4.11929e+08
3.446709e+08
0
0
0
0
0
0
0
3.33371e+09
1.121452e+09
6.047225e+08
4.196777e+08
3.516944e+08
0
0
0
0
0
0
0
0
3.345785e+09
1.135218e+09
6.146226e+08
4.276753e+08
3.589498e+08
0
0
0
0
0
0
0
0
0
3.357291e+09
1.147003e+09
6.230275e+08
4.344423e+08
3.650823e+08
0
0
0
0
0
0
0
0
0
0
3.364114e+09
1.154883e+09
6.287439e+08
4.39089e+08
3.693134e+08
0
0
0
0
0
0
0
0
0
0
3.368551e+09
1.15918e+09
6.318306e+08
4.415911e+08
3.716033e+08
0
0
0
0
0
0
0
0
0
0
3.371171e+09
1.159956e+09
6.322685e+08
4.419227e+08
3.719183e+08
0
0
0
0
0
0
0
0
0
0
3.371837e+09
1.157191e+09
6.300227e+08
4.400683e+08
3.702417e+08
0
0
0
0
0
0
0
0
0
0
3.369857e+09
1.150705e+09
6.250599e+08
4.359911e+08
3.665547e+08
0
0
0
0
0
0
0
0
0
0
3.362683e+09
1.14006e+09
6.172564e+08
4.296655e+08
3.608411e+08
0
0
0
0
0
0
0
0
0
0
3.354582e+09
1.127191e+09
6.077788e+08
4.219726e+08
3.538711e+08
0
0
0
0
0
0
0
0
0
0
3.347923e+09
1.114715e+09
5.985064e+08
4.144088e+08
3.46998e+08
0
0
0
0
0
0
0
0
0
0
0
0
0
0
0
0
0
0
3.342419e+09
1.105376e+09
5.916407e+08
4.088346e+08
3.419687e+08
0
0
0
0
0
0
0
0
0
0
0
0
0
0
0
0
0
0
0
3.338877e+09
1.099414e+09
5.872966e+08
4.053349e+08
3.388037e+08
0
0
0
0
0
0
0
0
0
0
0
0
0
0
0
0
0
0
0
0
3.337108e+09
1.096131e+09
5.848827e+08
4.033858e+08
3.370611e+08
0
0
0
0
0
0
0
0
0
0
0
0
0
0
0
0
0
0
0
0
0
3.336414e+09
1.094693e+09
5.838446e+08
4.025323e+08
3.362746e+08
0
0
0
0
0
0
0
0
0
0
0
0
0
0
0
0
0
0
0
0
0
0
3.300225e+09
1.085642e+09
5.793969e+08
3.993474e+08
3.332946e+08
0
0
0
0
3.305291e+09
1.088288e+09
5.810089e+08
4.005827e+08
3.344542e+08
0
0
0
0
0
3.311093e+09
1.092495e+09
5.838357e+08
4.0284e+08
3.364863e+08
0
0
0
0
0
0
3.318183e+09
1.099174e+09
5.885025e+08
4.065614e+08
3.398482e+08
0
0
0
0
0
0
0
3.326862e+09
1.109165e+09
5.95649e+08
4.12296e+08
3.450254e+08
0
0
0
0
0
0
0
0
3.336908e+09
1.122345e+09
6.052157e+08
4.2005e+08
3.520623e+08
0
0
0
0
0
0
0
0
0
3.348861e+09
1.136112e+09
6.1512e+08
4.280516e+08
3.593163e+08
0
0
0
0
0
0
0
0
0
0
3.360268e+09
1.14788e+09
6.235147e+08
4.348168e+08
3.654426e+08
0
0
0
0
0
0
0
0
0
0
3.366884e+09
1.155726e+09
6.292139e+08
4.394446e+08
3.696578e+08
0
0
0
0
0
0
0
0
0
0
3.371191e+09
1.15997e+09
6.322603e+08
4.419252e+08
3.719215e+08
0
0
0
0
0
0
0
0
0
0
3.373591e+09
1.160699e+09
6.326531e+08
4.422303e+08
3.722065e+08
0
0
0
0
0
0
0
0
0
0
3.373999e+09
1.157844e+09
6.303799e+08
4.403337e+08
3.70499e+08
0
0
0
0
0
0
0
0
0
0
3.371835e+09
1.15127e+09
6.253688e+08
4.362239e+08
3.66771e+08
0
0
0
0
0
0
0
0
0
0
3.364455e+09
1.140545e+09
6.175103e+08
4.298622e+08
3.61019e+08
0
0
0
0
0
0
0
0
0
0
3.35613e+09
1.12763e+09
6.0799e+08
4.221269e+08
3.540167e+08
0
0
0
0
0
0
0
0
0
0
3.349255e+09
1.115085e+09
5.986845e+08
4.145357e+08
3.471222e+08
0
0
0
0
0
0
0
0
0
0
0
0
0
0
0
0
0
0
0
3.343633e+09
1.105672e+09
5.917968e+08
4.089483e+08
3.420627e+08
0
0
0
0
0
0
0
0
0
0
0
0
0
0
0
0
0
0
0
0
3.339922e+09
1.099698e+09
5.87426e+08
4.054261e+08
3.388948e+08
0
0
0
0
0
0
0
0
0
0
0
0
0
0
0
0
0
0
0
0
0
3.338041e+09
1.096379e+09
5.850058e+08
4.034678e+08
3.37132e+08
0
0
0
0
0
0
0
0
0
0
0
0
0
0
0
0
0
0
0
0
0
0
3.337463e+09
1.094895e+09
5.83937e+08
4.026217e+08
3.363605e+08
0
0
0
0
0
0
0
0
0
0
0
0
0
0
0
0
0
0
0
0
0
0
0
3.304238e+09
1.086814e+09
5.798875e+08
3.997373e+08
3.33702e+08
0
0
0
0
0
3.308987e+09
1.089203e+09
5.814772e+08
4.00949e+08
3.347892e+08
0
0
0
0
0
0
3.314453e+09
1.09334e+09
5.842832e+08
4.031607e+08
3.368046e+08
0
0
0
0
0
0
0
3.321313e+09
1.099988e+09
5.889324e+08
4.068736e+08
3.401511e+08
0
0
0
0
0
0
0
0
3.329858e+09
1.109962e+09
5.960666e+08
4.126233e+08
3.453352e+08
0
0
0
0
0
0
0
0
0
3.339836e+09
1.123156e+09
6.056466e+08
4.203851e+08
3.523792e+08
0
0
0
0
0
0
0
0
0
0
3.351695e+09
1.136919e+09
6.155608e+08
4.283937e+08
3.596381e+08
0
0
0
0
0
0
0
0
0
0
3.362972e+09
1.148689e+09
6.239534e+08
4.351542e+08
3.657638e+08
0
0
0
0
0
0
0
0
0
0
3.369462e+09
1.156485e+09
6.296404e+08
4.397715e+08
3.699632e+08
0
0
0
0
0
0
0
0
0
0
3.373609e+09
1.160708e+09
6.326617e+08
4.42224e+08
3.722087e+08
0
0
0
0
0
0
0
0
0
0
3.375788e+09
1.161371e+09
6.330328e+08
4.424974e+08
3.724709e+08
0
0
0
0
0
0
0
0
0
0
3.376029e+09
1.158436e+09
6.307097e+08
4.405824e+08
3.707269e+08
0
0
0
0
0
0
0
0
0
0
3.373685e+09
1.151803e+09
6.256517e+08
4.36438e+08
3.669708e+08
0
0
0
0
0
0
0
0
0
0
3.366106e+09
1.141012e+09
6.177496e+08
4.300368e+08
3.611874e+08
0
0
0
0
0
0
0
0
0
0
3.357558e+09
1.12802e+09
6.082046e+08
4.222703e+08
3.541482e+08
0
0
0
0
0
0
0
0
0
0
3.350574e+09
1.115405e+09
5.98863e+08
4.14655e+08
3.472296e+08
0
0
0
0
0
0
0
0
0
0
0
0
0
0
0
0
0
0
0
0
3.344769e+09
1.105956e+09
5.919343e+08
4.090529e+08
3.421586e+08
0
0
0
0
0
0
0
0
0
0
0
0
0
0
0
0
0
0
0
0
0
3.340891e+09
1.099931e+09
5.875587e+08
4.055115e+08
3.389714e+08
0
0
0
0
0
0
0
0
0
0
0
0
0
0
0
0
0
0
0
0
0
0
3.338948e+09
1.096584e+09
5.8512e+08
4.035494e+08
3.372009e+08
0
0
0
0
0
0
0
0
0
0
0
0
0
0
0
0
0
0
0
0
0
0
0
3.338176e+09
1.095135e+09
5.840274e+08
4.026826e+08
3.364353e+08
0
0
0
0
0
0
0
0
0
0
0
0
0
0
0
0
0
0
0
0
0
0
0
0
3.307678e+09
1.087705e+09
5.804072e+08
4.000552e+08
3.340263e+08
0
0
0
0
0
0
3.312259e+09
1.090036e+09
5.818838e+08
4.012511e+08
3.350946e+08
0
0
0
0
0
0
0
3.317451e+09
1.094105e+09
5.846636e+08
4.034525e+08
3.370725e+08
0
0
0
0
0
0
0
0
3.324091e+09
1.100721e+09
5.893045e+08
4.071577e+08
3.404128e+08
0
0
0
0
0
0
0
0
0
3.332597e+09
1.110691e+09
5.964393e+08
4.129013e+08
3.456121e+08
0
0
0
0
0
0
0
0
0
0
3.342524e+09
1.1239e+09
6.060383e+08
4.206773e+08
3.526645e+08
0
0
0
0
0
0
0
0
0
0
3.354302e+09
1.137665e+09
6.159589e+08
4.286963e+08
3.599309e+08
0
0
0
0
0
0
0
0
0
0
3.365455e+09
1.149417e+09
6.243597e+08
4.354576e+08
3.660532e+08
0
0
0
0
0
0
0
0
0
0
3.37184e+09
1.157195e+09
6.30023e+08
4.400683e+08
3.70244e+08
0
0
0
0
0
0
0
0
0
0
3.375822e+09
1.161373e+09
6.330384e+08
4.425038e+08
3.724654e+08
0
0
0
0
0
0
0
0
0
0
3.377836e+09
1.161974e+09
6.33374e+08
4.427629e+08
3.727003e+08
0
0
0
0
0
0
0
0
0
0
3.377949e+09
1.158992e+09
6.310083e+08
4.408117e+08
3.709406e+08
0
0
0
0
0
0
0
0
0
0
3.375405e+09
1.152302e+09
6.259188e+08
4.366339e+08
3.671545e+08
0
0
0
0
0
0
0
0
0
0
3.367626e+09
1.141444e+09
6.179807e+08
4.302014e+08
3.613369e+08
0
0
0
0
0
0
0
0
0
0
3.358915e+09
1.128381e+09
6.083933e+08
4.224172e+08
3.542703e+08
0
0
0
0
0
0
0
0
0
0
3.35176e+09
1.115728e+09
5.990135e+08
4.14776e+08
3.473304e+08
0
0
0
0
0
0
0
0
0
0
0
0
0
0
0
0
0
0
0
0
0
3.345768e+09
1.106226e+09
5.920657e+08
4.091443e+08
3.422469e+08
0
0
0
0
0
0
0
0
0
0
0
0
0
0
0
0
0
0
0
0
0
0
3.341878e+09
1.10015e+09
5.876636e+08
4.056003e+08
3.390432e+08
0
0
0
0
0
0
0
0
0
0
0
0
0
0
0
0
0
0
0
0
0
0
0
3.339867e+09
1.096786e+09
5.852121e+08
4.036253e+08
3.372695e+08
0
0
0
0
0
0
0
0
0
0
0
0
0
0
0
0
0
0
0
0
0
0
0
0
3.339329e+09
1.095295e+09
5.841355e+08
4.027412e+08
3.364867e+08
0
0
0
0
0
0
0
0
0
0
0
0
0
0
0
0
0
0
0
0
0
0
0
0
0
3.311063e+09
1.088456e+09
5.808018e+08
4.003878e+08
3.342917e+08
0
0
0
0
0
0
0
3.315199e+09
1.090763e+09
5.82257e+08
4.015132e+08
3.353463e+08
0
0
0
0
0
0
0
0
3.32012e+09
1.094783e+09
5.850087e+08
4.037e+08
3.373164e+08
0
0
0
0
0
0
0
0
0
3.326696e+09
1.101361e+09
5.896422e+08
4.074021e+08
3.406517e+08
0
0
0
0
0
0
0
0
0
0
3.335122e+09
1.111359e+09
5.967837e+08
4.131494e+08
3.458468e+08
0
0
0
0
0
0
0
0
0
0
0
3.344959e+09
1.12458e+09
6.063984e+08
4.209432e+08
3.529132e+08
0
0
0
0
0
0
0
0
0
0
3.356671e+09
1.138352e+09
6.163273e+08
4.289696e+08
3.601898e+08
0
0
0
0
0
0
0
0
0
0
3.367772e+09
1.150087e+09
6.247239e+08
4.357393e+08
3.663134e+08
0
0
0
0
0
0
0
0
0
0
3.374019e+09
1.157847e+09
6.303827e+08
4.403341e+08
3.70499e+08
0
0
0
0
0
0
0
0
0
0
3.377871e+09
1.161989e+09
6.333743e+08
4.427672e+08
3.727059e+08
0
0
0
0
0
0
0
0
0
0
3.379772e+09
1.16254e+09
6.336789e+08
4.430009e+08
3.729287e+08
0
0
0
0
0
0
0
0
0
0
3.379721e+09
1.159521e+09
6.312896e+08
4.410195e+08
3.711375e+08
0
0
0
0
0
0
0
0
0
0
3.377011e+09
1.152766e+09
6.261691e+08
4.36819e+08
3.673225e+08
0
0
0
0
0
0
0
0
0
0
3.369072e+09
1.141843e+09
6.181947e+08
4.303607e+08
3.614778e+08
0
0
0
0
0
0
0
0
0
0
3.360207e+09
1.128724e+09
6.085687e+08
4.225456e+08
3.543956e+08
0
0
0
0
0
0
0
0
0
0
0
3.352855e+09
1.116016e+09
5.991678e+08
4.148769e+08
3.474332e+08
0
0
0
0
0
0
0
0
0
0
0
0
0
0
0
0
0
0
0
0
0
0
3.34683e+09
1.106456e+09
5.921924e+08
4.092315e+08
3.42324e+08
0
0
0
0
0
0
0
0
0
0
0
0
0
0
0
0
0
0
0
0
0
0
0
3.342835e+09
1.100384e+09
5.877637e+08
4.056688e+08
3.391181e+08
0
0
0
0
0
0
0
0
0
0
0
0
0
0
0
0
0
0
0
0
0
0
0
0
3.34074e+09
1.096997e+09
5.853033e+08
4.036854e+08
3.373334e+08
0
0
0
0
0
0
0
0
0
0
0
0
0
0
0
0
0
0
0
0
0
0
0
0
0
3.339665e+09
1.095573e+09
5.842113e+08
4.028117e+08
3.365355e+08
0
0
0
0
0
0
0
0
0
0
0
0
0
0
0
0
0
0
0
0
0
0
0
0
0
3.313782e+09
1.089205e+09
5.811315e+08
4.006422e+08
3.345673e+08
0
0
0
0
0
0
0
0
3.317753e+09
1.091427e+09
5.825795e+08
4.017552e+08
3.355646e+08
0
0
0
0
0
0
0
0
0
3.322617e+09
1.095388e+09
5.85314e+08
4.039247e+08
3.375233e+08
0
0
0
0
0
0
0
0
0
0
3.329062e+09
1.101977e+09
5.899335e+08
4.076248e+08
3.408568e+08
0
0
0
0
0
0
0
0
0
0
0
3.3374e+09
1.111973e+09
5.97099e+08
4.133801e+08
3.460562e+08
0
0
0
0
0
0
0
0
0
0
0
0
3.347194e+09
1.1252e+09
6.067274e+08
4.21188e+08
3.531396e+08
0
0
0
0
0
0
0
0
0
0
3.358847e+09
1.138975e+09
6.166668e+08
4.292229e+08
3.604235e+08
0
0
0
0
0
0
0
0
0
0
3.369875e+09
1.150712e+09
6.250598e+08
4.359913e+08
3.665551e+08
0
0
0
0
0
0
0
0
0
0
3.376052e+09
1.158446e+09
6.307114e+08
4.405847e+08
3.707273e+08
0
0
0
0
0
0
0
0
0
0
3.379779e+09
1.162553e+09
6.33688e+08
4.430007e+08
3.729325e+08
0
0
0
0
0
0
0
0
0
0
3.381571e+09
1.163078e+09
6.339665e+08
4.432131e+08
3.731334e+08
0
0
0
0
0
0
0
0
0
0
3.381383e+09
1.160007e+09
6.315576e+08
4.412153e+08
3.713162e+08
0
0
0
0
0
0
0
0
0
0
3.378519e+09
1.153197e+09
6.264018e+08
4.369927e+08
3.674814e+08
0
0
0
0
0
0
0
0
0
0
3.370434e+09
1.142224e+09
6.183922e+08
4.305081e+08
3.616141e+08
0
0
0
0
0
0
0
0
0
0
0
3.361375e+09
1.129052e+09
6.087353e+08
4.226653e+08
3.54505e+08
0
0
0
0
0
0
0
0
0
0
0
0
3.353932e+09
1.116284e+09
5.993044e+08
4.149811e+08
3.475186e+08
0
0
0
0
0
0
0
0
0
0
0
0
0
0
0
0
0
0
0
0
0
0
0
3.347793e+09
1.106717e+09
5.922985e+08
4.093164e+08
3.423974e+08
0
0
0
0
0
0
0
0
0
0
0
0
0
0
0
0
0
0
0
0
0
0
0
0
3.343697e+09
1.10061e+09
5.878738e+08
4.057349e+08
3.391755e+08
0
0
0
0
0
0
0
0
0
0
0
0
0
0
0
0
0
0
0
0
0
0
0
0
0
3.341527e+09
1.097207e+09
5.854003e+08
4.037452e+08
3.373838e+08
0
0
0
0
0
0
0
0
0
0
0
0
0
0
0
0
0
0
0
0
0
0
0
0
0
3.340795e+09
1.095628e+09
5.843417e+08
4.028633e+08
3.365944e+08
0
0
0
0
0
0
0
0
0
0
0
0
0
0
0
0
0
0
0
0
0
0
0
0
0
3.316173e+09
1.089819e+09
5.814611e+08
4.008534e+08
3.347793e+08
0
0
0
0
0
0
0
0
0
3.320234e+09
1.091998e+09
5.828786e+08
4.01963e+08
3.357667e+08
0
0
0
0
0
0
0
0
0
0
3.324886e+09
1.095962e+09
5.855866e+08
4.041233e+08
3.377114e+08
0
0
0
0
0
0
0
0
0
0
0
3.331226e+09
1.102533e+09
5.902197e+08
4.078158e+08
3.410441e+08
0
0
0
0
0
0
0
0
0
0
0
0
3.339505e+09
1.112528e+09
5.973892e+08
4.135914e+08
3.462514e+08
0
0
0
0
0
0
0
0
0
0
0
0
0
3.349242e+09
1.125763e+09
6.07028e+08
4.214114e+08
3.533482e+08
0
0
0
0
0
0
0
0
0
0
3.36084e+09
1.139545e+09
6.169753e+08
4.294565e+08
3.606402e+08
0
0
0
0
0
0
0
0
0
0
3.371856e+09
1.151278e+09
6.253729e+08
4.36224e+08
3.667713e+08
0
0
0
0
0
0
0
0
0
0
3.377941e+09
1.159002e+09
6.310146e+08
4.408131e+08
3.709426e+08
0
0
0
0
0
0
0
0
0
0
3.381557e+09
1.16308e+09
6.339732e+08
4.4322e+08
3.73133e+08
0
0
0
0
0
0
0
0
0
0
3.383246e+09
1.163576e+09
6.342399e+08
4.434138e+08
3.733157e+08
0
0
0
0
0
0
0
0
0
0
3.382919e+09
1.160461e+09
6.318041e+08
4.414022e+08
3.714844e+08
0
0
0
0
0
0
0
0
0
0
3.379949e+09
1.153602e+09
6.266178e+08
4.371541e+08
3.676303e+08
0
0
0
0
0
0
0
0
0
0
0
3.371662e+09
1.142581e+09
6.185813e+08
4.306443e+08
3.617403e+08
0
0
0
0
0
0
0
0
0
0
0
0
3.362545e+09
1.129345e+09
6.08895e+08
4.22779e+08
3.546071e+08
0
0
0
0
0
0
0
0
0
0
0
0
0
3.354963e+09
1.116547e+09
5.994326e+08
4.150731e+08
3.476068e+08
0
0
0
0
0
0
0
0
0
0
0
0
0
0
0
0
0
0
0
0
0
0
0
0
3.348675e+09
1.106944e+09
5.924242e+08
4.093869e+08
3.424691e+08
0
0
0
0
0
0
0
0
0
0
0
0
0
0
0
0
0
0
0
0
0
0
0
0
0
3.344521e+09
1.100809e+09
5.879798e+08
4.058088e+08
3.39231e+08
0
0
0
0
0
0
0
0
0
0
0
0
0
0
0
0
0
0
0
0
0
0
0
0
0
3.342369e+09
1.09738e+09
5.855007e+08
4.038093e+08
3.374339e+08
0
0
0
0
0
0
0
0
0
0
0
0
0
0
0
0
0
0
0
0
0
0
0
0
0
3.341458e+09
1.095901e+09
5.843632e+08
4.029498e+08
3.366384e+08
0
0
0
0
0
0
0
0
0
0
0
0
0
0
0
0
0
0
0
0
0
0
0
0
0
3.318947e+09
1.090336e+09
5.817408e+08
4.010641e+08
3.349551e+08
0
0
0
0
0
0
0
0
0
0
3.322454e+09
1.092561e+09
5.831348e+08
4.021578e+08
3.359399e+08
0
0
0
0
0
0
0
0
0
0
0
3.326934e+09
1.096482e+09
5.858482e+08
4.043011e+08
3.378775e+08
0
0
0
0
0
0
0
0
0
0
0
0
3.333191e+09
1.103044e+09
5.904763e+08
4.080056e+08
3.412044e+08
0
0
0
0
0
0
0
0
0
0
0
0
0
3.341438e+09
1.113038e+09
5.976514e+08
4.137858e+08
3.464302e+08
0
0
0
0
0
0
0
0
0
0
0
0
0
0
3.351143e+09
1.126278e+09
6.072997e+08
4.216162e+08
3.535384e+08
0
0
0
0
0
0
0
0
0
0
3.362697e+09
1.140065e+09
6.172562e+08
4.296689e+08
3.608401e+08
0
0
0
0
0
0
0
0
0
0
3.373692e+09
1.15181e+09
6.25656e+08
4.364409e+08
3.66971e+08
0
0
0
0
0
0
0
0
0
0
3.379709e+09
1.159518e+09
6.312953e+08
4.410243e+08
3.711388e+08
0
0
0
0
0
0
0
0
0
0
3.38324e+09
1.163571e+09
6.342414e+08
4.434185e+08
3.733217e+08
0
0
0
0
0
0
0
0
0
0
3.384826e+09
1.164035e+09
6.344932e+08
4.436047e+08
3.734882e+08
0
0
0
0
0
0
0
0
0
0
3.384391e+09
1.160878e+09
6.320332e+08
4.41574e+08
3.71645e+08
0
0
0
0
0
0
0
0
0
0
0
3.38127e+09
1.153988e+09
6.268208e+08
4.373039e+08
3.677689e+08
0
0
0
0
0
0
0
0
0
0
0
0
3.372875e+09
1.142899e+09
6.187589e+08
4.30775e+08
3.61857e+08
0
0
0
0
0
0
0
0
0
0
0
0
0
3.363626e+09
1.129647e+09
6.090374e+08
4.228883e+08
3.54704e+08
0
0
0
0
0
0
0
0
0
0
0
0
0
0
3.355901e+09
1.1168e+09
5.995577e+08
4.1516e+08
3.476848e+08
0
0
0
0
0
0
0
0
0
0
0
0
0
0
0
0
0
0
0
0
0
0
0
0
0
3.349534e+09
1.107149e+09
5.925302e+08
4.094722e+08
3.425285e+08
0
0
0
0
0
0
0
0
0
0
0
0
0
0
0
0
0
0
0
0
0
0
0
0
0
3.345374e+09
1.100998e+09
5.880723e+08
4.058797e+08
3.392934e+08
0
0
0
0
0
0
0
0
0
0
0
0
0
0
0
0
0
0
0
0
0
0
0
0
0
3.343147e+09
1.097579e+09
5.855785e+08
4.038775e+08
3.374877e+08
0
0
0
0
0
0
0
0
0
0
0
0
0
0
0
0
0
0
0
0
0
0
0
0
0
3.342224e+09
1.096059e+09
5.844908e+08
4.029639e+08
3.367107e+08
0
0
0
0
0
0
0
0
0
0
0
0
0
0
0
0
0
0
0
0
0
0
0
0
0
3.320843e+09
1.090982e+09
5.819668e+08
4.012488e+08
3.351302e+08
0
0
0
0
0
0
0
0
0
0
0
3.324456e+09
1.093057e+09
5.833888e+08
4.023247e+08
3.36103e+08
0
0
0
0
0
0
0
0
0
0
0
0
3.328869e+09
1.096947e+09
5.86085e+08
4.044728e+08
3.380265e+08
0
0
0
0
0
0
0
0
0
0
0
0
0
3.335013e+09
1.103498e+09
5.907143e+08
4.081754e+08
3.413643e+08
0
0
0
0
0
0
0
0
0
0
0
0
0
0
3.343236e+09
1.113503e+09
5.978927e+08
4.139618e+08
3.465946e+08
0
0
0
0
0
0
0
0
0
0
0
0
0
0
0
3.352873e+09
1.12676e+09
6.075482e+08
4.218008e+08
3.53713e+08
0
0
0
0
0
0
0
0
0
0
3.364473e+09
1.140551e+09
6.175126e+08
4.29862e+08
3.61022e+08
0
0
0
0
0
0
0
0
0
0
3.375407e+09
1.152304e+09
6.259221e+08
4.366371e+08
3.671569e+08
0
0
0
0
0
0
0
0
0
0
3.381373e+09
1.160003e+09
6.31556e+08
4.412196e+08
3.713203e+08
0
0
0
0
0
0
0
0
0
0
3.384824e+09
1.164033e+09
6.344903e+08
4.436058e+08
3.734923e+08
0
0
0
0
0
0
0
0
0
0
3.386322e+09
1.16447e+09
6.347258e+08
4.437816e+08
3.736524e+08
0
0
0
0
0
0
0
0
0
0
0
3.385761e+09
1.161283e+09
6.322433e+08
4.417334e+08
3.717926e+08
0
0
0
0
0
0
0
0
0
0
0
0
3.382535e+09
1.154343e+09
6.270156e+08
4.374447e+08
3.678974e+08
0
0
0
0
0
0
0
0
0
0
0
0
0
3.374013e+09
1.143218e+09
6.189151e+08
4.308976e+08
3.619688e+08
0
0
0
0
0
0
0
0
0
0
0
0
0
0
3.364606e+09
1.12992e+09
6.091858e+08
4.229855e+08
3.547972e+08
0
0
0
0
0
0
0
0
0
0
0
0
0
0
0
3.356816e+09
1.117028e+09
5.99679e+08
4.152445e+08
3.477586e+08
0
0
0
0
0
0
0
0
0
0
0
0
0
0
0
0
0
0
0
0
0
0
0
0
0
3.350412e+09
1.107351e+09
5.926258e+08
4.09543e+08
3.426009e+08
0
0
0
0
0
0
0
0
0
0
0
0
0
0
0
0
0
0
0
0
0
0
0
0
0
3.346122e+09
1.101206e+09
5.881596e+08
4.059414e+08
3.393533e+08
0
0
0
0
0
0
0
0
0
0
0
0
0
0
0
0
0
0
0
0
0
0
0
0
0
3.343845e+09
1.097767e+09
5.856716e+08
4.039282e+08
3.375454e+08
0
0
0
0
0
0
0
0
0
0
0
0
0
0
0
0
0
0
0
0
0
0
0
0
0
3.342639e+09
1.09623e+09
5.845675e+08
4.030483e+08
3.367229e+08
0
0
0
0
0
0
0
0
0
0
0
0
0
0
0
0
0
0
0
0
0
0
0
0
0
3.32311e+09
1.091391e+09
5.822629e+08
4.013936e+08
3.352858e+08
0
0
0
0
0
0
0
0
0
0
0
0
3.326323e+09
1.093509e+09
5.836106e+08
4.024902e+08
3.362428e+08
0
0
0
0
0
0
0
0
0
0
0
0
0
3.330617e+09
1.097398e+09
5.862963e+08
4.046282e+08
3.381706e+08
0
0
0
0
0
0
0
0
0
0
0
0
0
0
3.336746e+09
1.103923e+09
5.909217e+08
4.083337e+08
3.415072e+08
0
0
0
0
0
0
0
0
0
0
0
0
0
0
0
3.344882e+09
1.113941e+09
5.981111e+08
4.141235e+08
3.467436e+08
0
0
0
0
0
0
0
0
0
0
0
0
0
0
0
0
3.354563e+09
1.127192e+09
6.077823e+08
4.219696e+08
3.538702e+08
0
0
0
0
0
0
0
0
0
0
3.366136e+09
1.141019e+09
6.177529e+08
4.300383e+08
3.611872e+08
0
0
0
0
0
0
0
0
0
0
3.377008e+09
1.152768e+09
6.261703e+08
4.368214e+08
3.673253e+08
0
0
0
0
0
0
0
0
0
0
3.382918e+09
1.160459e+09
6.318013e+08
4.41401e+08
3.714881e+08
0
0
0
0
0
0
0
0
0
0
3.386298e+09
1.164471e+09
6.347241e+08
4.437795e+08
3.736534e+08
0
0
0
0
0
0
0
0
0
0
0
3.387701e+09
1.164885e+09
6.349463e+08
4.439436e+08
3.738045e+08
0
0
0
0
0
0
0
0
0
0
0
0
3.387065e+09
1.161659e+09
6.324486e+08
4.418795e+08
3.719295e+08
0
0
0
0
0
0
0
0
0
0
0
0
0
3.383737e+09
1.154683e+09
6.271934e+08
4.375801e+08
3.680182e+08
0
0
0
0
0
0
0
0
0
0
0
0
0
0
3.37509e+09
1.143518e+09
6.19074e+08
4.31005e+08
3.620738e+08
0
0
0
0
0
0
0
0
0
0
0
0
0
0
0
3.365587e+09
1.130167e+09
6.093188e+08
4.230876e+08
3.548801e+08
0
0
0
0
0
0
0
0
0
0
0
0
0
0
0
3.357748e+09
1.117248e+09
5.997879e+08
4.153266e+08
3.478302e+08
0
0
0
0
0
0
0
0
0
0
0
0
0
0
0
0
0
0
0
0
0
0
0
0
0
3.351214e+09
1.107565e+09
5.927201e+08
4.096067e+08
3.426605e+08
0
0
0
0
0
0
0
0
0
0
0
0
0
0
0
0
0
0
0
0
0
0
0
0
0
3.346841e+09
1.101378e+09
5.882589e+08
4.059993e+08
3.394051e+08
0
0
0
0
0
0
0
0
0
0
0
0
0
0
0
0
0
0
0
0
0
0
0
0
0
3.344401e+09
1.097931e+09
5.857622e+08
4.039904e+08
3.375877e+08
0
0
0
0
0
0
0
0
0
0
0
0
0
0
0
0
0
0
0
0
0
0
0
0
0
3.343282e+09
1.096323e+09
5.846431e+08
4.031014e+08
3.367933e+08
0
0
0
0
0
0
0
0
0
0
0
0
0
0
0
0
0
0
0
0
0
0
0
0
0
3.324769e+09
1.091907e+09
5.824436e+08
4.015876e+08
3.354065e+08
0
0
0
0
0
0
0
0
0
0
0
0
0
3.328011e+09
1.093936e+09
5.838149e+08
4.026341e+08
3.363813e+08
0
0
0
0
0
0
0
0
0
0
0
0
0
0
3.332224e+09
1.097798e+09
5.865042e+08
4.047666e+08
3.38301e+08
0
0
0
0
0
0
0
0
0
0
0
0
0
0
0
3.338272e+09
1.104338e+09
5.911182e+08
4.084701e+08
3.416407e+08
0
0
0
0
0
0
0
0
0
0
0
0
0
0
0
0
3.346463e+09
1.114343e+09
5.983188e+08
4.142696e+08
3.468805e+08
0
0
0
0
0
0
0
0
0
0
0
0
0
0
0
0
0
3.356154e+09
1.127624e+09
6.079907e+08
4.221293e+08
3.54014e+08
0
0
0
0
0
0
0
0
0
0
3.367642e+09
1.141458e+09
6.17985e+08
4.302038e+08
3.613381e+08
0
0
0
0
0
0
0
0
0
0
3.378515e+09
1.153197e+09
6.264033e+08
4.369935e+08
3.674833e+08
0
0
0
0
0
0
0
0
0
0
3.384389e+09
1.16088e+09
6.320326e+08
4.415719e+08
3.71644e+08
0
0
0
0
0
0
0
0
0
0
0
3.387713e+09
1.164874e+09
6.349474e+08
4.439423e+08
3.738027e+08
0
0
0
0
0
0
0
0
0
0
0
0
3.389035e+09
1.165263e+09
6.351579e+08
4.440974e+08
3.739437e+08
0
0
0
0
0
0
0
0
0
0
0
0
0
3.388301e+09
1.162013e+09
6.326399e+08
4.420228e+08
3.720549e+08
0
0
0
0
0
0
0
0
0
0
0
0
0
0
3.384872e+09
1.155008e+09
6.273639e+08
4.377036e+08
3.681344e+08
0
0
0
0
0
0
0
0
0
0
0
0
0
0
0
3.376135e+09
1.143802e+09
6.192235e+08
4.311149e+08
3.621657e+08
0
0
0
0
0
0
0
0
0
0
0
0
0
0
0
3.366585e+09
1.130416e+09
6.094389e+08
4.231784e+08
3.549672e+08
0
0
0
0
0
0
0
0
0
0
0
0
0
0
0
3.358563e+09
1.117484e+09
5.99892e+08
4.154003e+08
3.478998e+08
0
0
0
0
0
0
0
0
0
0
0
0
0
0
0
0
0
0
0
0
0
0
0
0
0
3.35193e+09
1.107763e+09
5.928228e+08
4.096698e+08
3.427142e+08
0
0
0
0
0
0
0
0
0
0
0
0
0
0
0
0
0
0
0
0
0
0
0
0
0
3.347494e+09
1.101544e+09
5.883389e+08
4.060665e+08
3.394538e+08
0
0
0
0
0
0
0
0
0
0
0
0
0
0
0
0
0
0
0
0
0
0
0
0
0
3.345095e+09
1.098045e+09
5.858396e+08
4.040521e+08
3.376401e+08
0
0
0
0
0
0
0
0
0
0
0
0
0
0
0
0
0
0
0
0
0
0
0
0
0
3.344202e+09
1.096467e+09
5.846888e+08
4.031494e+08
3.368386e+08
0
0
0
0
0
0
0
0
0
0
0
0
0
0
0
0
0
0
0
0
0
0
0
0
0
3.326745e+09
1.092286e+09
5.826748e+08
4.017051e+08
3.355687e+08
0
0
0
0
0
0
0
0
0
0
0
0
0
0
3.329626e+09
1.094313e+09
5.840096e+08
4.027677e+08
3.365014e+08
0
0
0
0
0
0
0
0
0
0
0
0
0
0
0
3.33371e+09
1.098162e+09
5.866868e+08
4.049042e+08
3.38417e+08
0
0
0
0
0
0
0
0
0
0
0
0
0
0
0
0
3.339747e+09
1.104697e+09
5.913134e+08
4.086002e+08
3.417553e+08
0
0
0
0
0
0
0
0
0
0
0
0
0
0
0
0
0
3.347922e+09
1.114734e+09
5.985096e+08
4.144092e+08
3.47004e+08
0
0
0
0
0
0
0
0
0
0
0
0
0
0
0
0
0
0
3.357574e+09
1.12803e+09
6.082017e+08
4.222708e+08
3.541501e+08
0
0
0
0
0
0
0
0
0
0
3.369067e+09
1.14185e+09
6.182029e+08
4.303639e+08
3.614799e+08
0
0
0
0
0
0
0
0
0
0
3.37993e+09
1.153602e+09
6.266184e+08
4.371554e+08
3.676311e+08
0
0
0
0
0
0
0
0
0
0
0
3.385769e+09
1.161282e+09
6.322449e+08
4.417332e+08
3.717907e+08
0
0
0
0
0
0
0
0
0
0
0
0
3.389028e+09
1.165269e+09
6.351511e+08
4.440984e+08
3.739426e+08
0
0
0
0
0
0
0
0
0
0
0
0
0
3.390268e+09
1.165633e+09
6.35349e+08
4.442454e+08
3.740759e+08
0
0
0
0
0
0
0
0
0
0
0
0
0
0
3.389481e+09
1.162353e+09
6.328179e+08
4.421563e+08
3.72178e+08
0
0
0
0
0
0
0
0
0
0
0
0
0
0
0
3.385943e+09
1.155313e+09
6.275285e+08
4.37822e+08
3.682403e+08
0
0
0
0
0
0
0
0
0
0
0
0
0
0
0
3.377146e+09
1.144078e+09
6.193653e+08
4.312184e+08
3.622599e+08
0
0
0
0
0
0
0
0
0
0
0
0
0
0
0
3.367418e+09
1.130676e+09
6.095607e+08
4.232606e+08
3.550446e+08
0
0
0
0
0
0
0
0
0
0
0
0
0
0
0
3.359389e+09
1.117688e+09
6.000075e+08
4.154704e+08
3.479622e+08
0
0
0
0
0
0
0
0
0
0
0
0
0
0
0
0
0
0
0
0
0
0
0
0
0
3.352654e+09
1.107925e+09
5.929186e+08
4.097392e+08
3.427673e+08
0
0
0
0
0
0
0
0
0
0
0
0
0
0
0
0
0
0
0
0
0
0
0
0
0
3.348185e+09
1.101699e+09
5.884163e+08
4.061199e+08
3.395105e+08
0
0
0
0
0
0
0
0
0
0
0
0
0
0
0
0
0
0
0
0
0
0
0
0
0
3.345681e+09
1.098211e+09
5.858879e+08
4.041043e+08
3.376922e+08
0
0
0
0
0
0
0
0
0
0
0
0
0
0
0
0
0
0
0
0
0
0
0
0
0
3.344649e+09
1.096709e+09
5.847542e+08
4.031821e+08
3.368782e+08
0
0
0
0
0
0
0
0
0
0
0
0
0
0
0
0
0
0
0
0
0
0
0
0
0
3.327796e+09
1.092734e+09
5.828503e+08
4.018547e+08
3.356673e+08
0
0
0
0
0
0
0
0
0
0
0
0
0
0
0
3.330983e+09
1.09468e+09
5.841785e+08
4.028958e+08
3.366135e+08
0
0
0
0
0
0
0
0
0
0
0
0
0
0
0
0
3.335112e+09
1.098504e+09
5.86852e+08
4.050244e+08
3.385329e+08
0
0
0
0
0
0
0
0
0
0
0
0
0
0
0
0
0
3.341137e+09
1.105041e+09
5.914808e+08
4.087309e+08
3.418649e+08
0
0
0
0
0
0
0
0
0
0
0
0
0
0
0
0
0
0
3.349283e+09
1.115088e+09
5.986976e+08
4.145379e+08
3.471223e+08
0
0
0
0
0
0
0
0
0
0
0
0
0
0
0
0
0
0
0
3.358957e+09
1.128388e+09
6.083999e+08
4.224151e+08
3.542707e+08
0
0
0
0
0
0
0
0
0
0
3.370391e+09
1.142222e+09
6.183966e+08
4.305144e+08
3.616169e+08
0
0
0
0
0
0
0
0
0
0
0
3.381279e+09
1.153981e+09
6.268215e+08
4.373044e+08
3.6777e+08
0
0
0
0
0
0
0
0
0
0
0
0
3.387053e+09
1.161661e+09
6.324482e+08
4.418808e+08
3.719293e+08
0
0
0
0
0
0
0
0
0
0
0
0
0
3.390282e+09
1.165633e+09
6.353527e+08
4.442402e+08
3.740768e+08
0
0
0
0
0
0
0
0
0
0
0
0
0
0
3.391464e+09
1.165971e+09
6.355379e+08
4.443785e+08
3.742031e+08
0
0
0
0
0
0
0
0
0
0
0
0
0
0
0
3.390561e+09
1.162677e+09
6.329911e+08
4.422801e+08
3.722928e+08
0
0
0
0
0
0
0
0
0
0
0
0
0
0
0
3.386984e+09
1.155603e+09
6.276818e+08
4.379366e+08
3.683418e+08
0
0
0
0
0
0
0
0
0
0
0
0
0
0
0
3.378037e+09
1.144346e+09
6.195032e+08
4.313167e+08
3.623484e+08
0
0
0
0
0
0
0
0
0
0
0
0
0
0
0
3.368297e+09
1.130884e+09
6.096901e+08
4.233441e+08
3.551147e+08
0
0
0
0
0
0
0
0
0
0
0
0
0
0
0
3.36009e+09
1.117893e+09
6.001073e+08
4.155495e+08
3.480214e+08
0
0
0
0
0
0
0
0
0
0
0
0
0
0
0
0
0
0
0
0
0
0
0
0
0
3.353346e+09
1.108107e+09
5.929928e+08
4.098047e+08
3.42826e+08
0
0
0
0
0
0
0
0
0
0
0
0
0
0
0
0
0
0
0
0
0
0
0
0
0
3.348773e+09
1.101865e+09
5.884903e+08
4.061715e+08
3.395554e+08
0
0
0
0
0
0
0
0
0
0
0
0
0
0
0
0
0
0
0
0
0
0
0
0
0
3.346337e+09
1.098354e+09
5.859679e+08
4.041349e+08
3.377362e+08
0
0
0
0
0
0
0
0
0
0
0
0
0
0
0
0
0
0
0
0
0
0
0
0
0
3.345101e+09
1.096792e+09
5.848757e+08
4.032251e+08
3.369064e+08
0
0
0
0
0
0
0
0
0
0
0
0
0
0
0
0
0
0
0
0
0
0
0
0
0
3.329671e+09
1.092937e+09
5.830514e+08
4.019717e+08
3.35792e+08
0
0
0
0
0
0
0
0
0
0
0
0
0
0
0
0
3.332409e+09
1.094976e+09
5.843455e+08
4.030057e+08
3.367211e+08
0
0
0
0
0
0
0
0
0
0
0
0
0
0
0
0
0
3.336481e+09
1.098824e+09
5.870094e+08
4.051326e+08
3.386338e+08
0
0
0
0
0
0
0
0
0
0
0
0
0
0
0
0
0
0
3.342409e+09
1.105372e+09
5.916399e+08
4.088425e+08
3.419753e+08
0
0
0
0
0
0
0
0
0
0
0
0
0
0
0
0
0
0
0
3.350578e+09
1.115417e+09
5.98865e+08
4.146652e+08
3.472314e+08
0
0
0
0
0
0
0
0
0
0
0
0
0
0
0
0
0
0
0
0
3.360175e+09
1.12874e+09
6.085732e+08
4.225506e+08
3.543939e+08
0
0
0
0
0
0
0
0
0
0
0
3.371689e+09
1.142568e+09
6.185808e+08
4.306477e+08
3.617458e+08
0
0
0
0
0
0
0
0
0
0
0
0
3.382531e+09
1.154346e+09
6.270113e+08
4.374454e+08
3.678979e+08
0
0
0
0
0
0
0
0
0
0
0
0
0
3.388303e+09
1.16201e+09
6.326407e+08
4.420225e+08
3.720561e+08
0
0
0
0
0
0
0
0
0
0
0
0
0
0
3.391459e+09
1.165977e+09
6.355383e+08
4.443814e+08
3.741985e+08
0
0
0
0
0
0
0
0
0
0
0
0
0
0
0
3.392624e+09
1.166304e+09
6.35709e+08
4.445108e+08
3.743175e+08
0
0
0
0
0
0
0
0
0
0
0
0
0
0
0
3.39163e+09
1.162972e+09
6.33156e+08
4.424011e+08
3.72399e+08
0
0
0
0
0
0
0
0
0
0
0
0
0
0
0
3.387963e+09
1.155885e+09
6.278278e+08
4.380432e+08
3.684402e+08
0
0
0
0
0
0
0
0
0
0
0
0
0
0
0
3.378937e+09
1.144578e+09
6.196372e+08
4.314123e+08
3.624326e+08
0
0
0
0
0
0
0
0
0
0
0
0
0
0
0
3.369029e+09
1.131114e+09
6.09791e+08
4.234335e+08
3.551858e+08
0
0
0
0
0
0
0
0
0
0
0
0
0
0
0
3.360842e+09
1.118061e+09
6.00207e+08
4.156179e+08
3.480886e+08
0
0
0
0
0
0
0
0
0
0
0
0
0
0
0
0
0
0
0
0
0
0
0
0
0
3.353945e+09
1.108267e+09
5.930821e+08
4.098537e+08
3.428815e+08
0
0
0
0
0
0
0
0
0
0
0
0
0
0
0
0
0
0
0
0
0
0
0
0
0
3.349392e+09
1.102007e+09
5.885699e+08
4.062218e+08
3.395987e+08
0
0
0
0
0
0
0
0
0
0
0
0
0
0
0
0
0
0
0
0
0
0
0
0
0
3.346744e+09
1.098508e+09
5.86038e+08
4.041894e+08
3.377614e+08
0
0
0
0
0
0
0
0
0
0
0
0
0
0
0
0
0
0
0
0
0
0
0
0
0
3.345304e+09
1.096899e+09
5.849089e+08
4.033089e+08
3.369423e+08
0
0
0
0
0
0
0
0
0
0
0
0
0
0
0
0
0
0
0
0
0
0
0
0
0
3.330915e+09
1.093381e+09
5.83134e+08
4.021018e+08
3.358908e+08
0
0
0
0
0
0
0
0
0
0
0
0
0
0
0
0
0
3.333717e+09
1.095304e+09
5.844766e+08
4.031153e+08
3.368131e+08
0
0
0
0
0
0
0
0
0
0
0
0
0
0
0
0
0
0
3.337647e+09
1.099145e+09
5.871553e+08
4.052368e+08
3.387246e+08
0
0
0
0
0
0
0
0
0
0
0
0
0
0
0
0
0
0
0
3.343637e+09
1.105666e+09
5.917946e+08
4.08948e+08
3.420696e+08
0
0
0
0
0
0
0
0
0
0
0
0
0
0
0
0
0
0
0
0
3.351731e+09
1.115735e+09
5.990206e+08
4.147777e+08
3.473395e+08
0
0
0
0
0
0
0
0
0
0
0
0
0
0
0
0
0
0
0
0
0
3.361371e+09
1.129043e+09
6.087447e+08
4.226688e+08
3.545094e+08
0
0
0
0
0
0
0
0
0
0
0
0
3.372881e+09
1.142909e+09
6.187515e+08
4.307746e+08
3.618599e+08
0
0
0
0
0
0
0
0
0
0
0
0
0
3.38375e+09
1.154683e+09
6.27195e+08
4.375769e+08
3.680188e+08
0
0
0
0
0
0
0
0
0
0
0
0
0
0
3.38945e+09
1.162356e+09
6.32817e+08
4.421568e+08
3.721777e+08
0
0
0
0
0
0
0
0
0
0
0
0
0
0
0
3.392586e+09
1.166301e+09
6.357126e+08
4.445112e+08
3.7432e+08
0
0
0
0
0
0
0
0
0
0
0
0
0
0
0
3.393671e+09
1.166629e+09
6.358794e+08
4.446301e+08
3.744312e+08
0
0
0
0
0
0
0
0
0
0
0
0
0
0
0
3.392628e+09
1.163268e+09
6.333052e+08
4.425164e+08
3.72503e+08
0
0
0
0
0
0
0
0
0
0
0
0
0
0
0
3.38891e+09
1.156151e+09
6.279706e+08
4.38145e+08
3.685316e+08
0
0
0
0
0
0
0
0
0
0
0
0
0
0
0
3.379756e+09
1.144818e+09
6.197524e+08
4.315052e+08
3.625144e+08
0
0
0
0
0
0
0
0
0
0
0
0
0
0
0
3.369836e+09
1.131295e+09
6.099057e+08
4.235025e+08
3.552621e+08
0
0
0
0
0
0
0
0
0
0
0
0
0
0
0
3.361472e+09
1.118246e+09
6.002869e+08
4.15686e+08
3.481467e+08
0
0
0
0
0
0
0
0
0
0
0
0
0
0
0
0
0
0
0
0
0
0
0
0
0
3.354588e+09
1.10841e+09
5.931575e+08
4.099153e+08
3.429225e+08
0
0
0
0
0
0
0
0
0
0
0
0
0
0
0
0
0
0
0
0
0
0
0
0
0
3.349802e+09
1.102146e+09
5.886382e+08
4.06276e+08
3.396413e+08
0
0
0
0
0
0
0
0
0
0
0
0
0
0
0
0
0
0
0
0
0
0
0
0
0
3.347246e+09
1.098601e+09
5.861106e+08
4.042376e+08
3.378074e+08
0
0
0
0
0
0
0
0
0
0
0
0
0
0
0
0
0
0
0
0
0
0
0
0
0
1.09693e+09
5.849605e+08
4.033293e+08
3.37013e+08
0
0
0
0
0
0
0
0
0
0
0
0
0
0
0
0
0
0
0
0
0
0
0
0
0
3.332128e+09
1.093659e+09
5.833401e+08
4.021534e+08
3.359991e+08
0
0
0
0
0
0
0
0
0
0
0
0
0
0
0
0
0
0
3.334885e+09
1.095605e+09
5.846275e+08
4.032003e+08
3.369051e+08
0
0
0
0
0
0
0
0
0
0
0
0
0
0
0
0
0
0
0
3.338865e+09
1.099402e+09
5.873045e+08
4.053328e+08
3.388123e+08
0
0
0
0
0
0
0
0
0
0
0
0
0
0
0
0
0
0
0
0
3.344731e+09
1.105957e+09
5.919305e+08
4.090513e+08
3.421584e+08
0
0
0
0
0
0
0
0
0
0
0
0
0
0
0
0
0
0
0
0
0
3.352844e+09
1.116013e+09
5.99173e+08
4.148823e+08
3.474347e+08
0
0
0
0
0
0
0
0
0
0
0
0
0
0
0
0
0
0
0
0
0
0
3.362507e+09
1.129345e+09
6.08891e+08
4.227861e+08
3.546102e+08
0
0
0
0
0
0
0
0
0
0
0
0
0
3.37405e+09
1.143223e+09
6.189215e+08
4.308924e+08
3.619686e+08
0
0
0
0
0
0
0
0
0
0
0
0
0
0
3.384869e+09
1.155012e+09
6.273643e+08
4.377048e+08
3.681316e+08
0
0
0
0
0
0
0
0
0
0
0
0
0
0
0
3.390576e+09
1.162667e+09
6.329935e+08
4.422796e+08
3.722932e+08
0
0
0
0
0
0
0
0
0
0
0
0
0
0
0
3.393675e+09
1.166612e+09
6.358778e+08
4.446328e+08
3.744316e+08
0
0
0
0
0
0
0
0
0
0
0
0
0
0
0
3.394679e+09
1.166916e+09
6.360469e+08
4.447496e+08
3.745337e+08
0
0
0
0
0
0
0
0
0
0
0
0
0
0
0
3.393623e+09
1.163542e+09
6.334565e+08
4.426206e+08
3.72602e+08
0
0
0
0
0
0
0
0
0
0
0
0
0
0
0
3.389773e+09
1.156408e+09
6.281055e+08
4.382445e+08
3.686189e+08
0
0
0
0
0
0
0
0
0
0
0
0
0
0
0
3.380596e+09
1.145033e+09
6.198731e+08
4.315849e+08
3.625939e+08
0
0
0
0
0
0
0
0
0
0
0
0
0
0
0
3.370515e+09
1.131502e+09
6.099932e+08
4.23582e+08
3.553208e+08
0
0
0
0
0
0
0
0
0
0
0
0
0
0
0
3.362211e+09
1.118403e+09
6.003766e+08
4.157401e+08
3.482045e+08
0
0
0
0
0
0
0
0
0
0
0
0
0
0
0
0
0
0
0
0
0
0
0
0
0
3.355071e+09
1.108558e+09
5.932255e+08
4.09966e+08
3.429748e+08
0
0
0
0
0
0
0
0
0
0
0
0
0
0
0
0
0
0
0
0
0
0
0
0
0
3.350421e+09
1.102239e+09
5.88703e+08
4.063226e+08
3.39687e+08
0
0
0
0
0
0
0
0
0
0
0
0
0
0
0
0
0
0
0
0
0
0
0
0
0
1.098707e+09
5.861547e+08
4.042867e+08
3.378483e+08
0
0
0
0
0
0
0
0
0
0
0
0
0
0
0
0
0
0
0
0
0
0
0
0
0
5.84972e+08
4.033645e+08
3.370297e+08
0
0
0
0
0
0
0
0
0
0
0
0
0
0
0
0
0
0
0
0
0
0
0
0
0
3.333509e+09
1.093924e+09
5.834667e+08
4.022893e+08
3.360425e+08
0
0
0
0
0
0
0
0
0
0
0
0
0
0
0
0
0
0
0
3.336054e+09
1.095864e+09
5.847655e+08
4.032999e+08
3.369762e+08
0
0
0
0
0
0
0
0
0
0
0
0
0
0
0
0
0
0
0
0
3.339915e+09
1.099691e+09
5.874192e+08
4.05432e+08
3.388929e+08
0
0
0
0
0
0
0
0
0
0
0
0
0
0
0
0
0
0
0
0
0
3.345754e+09
1.106215e+09
5.920659e+08
4.091414e+08
3.422456e+08
0
0
0
0
0
0
0
0
0
0
0
0
0
0
0
0
0
0
0
0
0
0
3.353949e+09
1.11628e+09
5.99304e+08
4.149854e+08
3.475234e+08
0
0
0
0
0
0
0
0
0
0
0
0
0
0
0
0
0
0
0
0
0
0
0
3.363639e+09
1.129632e+09
6.090374e+08
4.228857e+08
3.547102e+08
0
0
0
0
0
0
0
0
0
0
0
0
0
0
3.375112e+09
1.143532e+09
6.190771e+08
4.310099e+08
3.620694e+08
0
0
0
0
0
0
0
0
0
0
0
0
0
0
0
3.38596e+09
1.155312e+09
6.275305e+08
4.378224e+08
3.682413e+08
0
0
0
0
0
0
0
0
0
0
0
0
0
0
0
3.391637e+09
1.16298e+09
6.331508e+08
4.424032e+08
3.723986e+08
0
0
0
0
0
0
0
0
0
0
0
0
0
0
0
3.394681e+09
1.166918e+09
6.360362e+08
4.447483e+08
3.74536e+08
0
0
0
0
0
0
0
0
0
0
0
0
0
0
0
3.395685e+09
1.167194e+09
6.361926e+08
4.448673e+08
3.746363e+08
0
0
0
0
0
0
0
0
0
0
0
0
0
0
0
3.394513e+09
1.163818e+09
6.335965e+08
4.427266e+08
3.726914e+08
0
0
0
0
0
0
0
0
0
0
0
0
0
0
0
3.390655e+09
1.156641e+09
6.282362e+08
4.383388e+08
3.687043e+08
0
0
0
0
0
0
0
0
0
0
0
0
0
0
0
3.381308e+09
1.145255e+09
6.199813e+08
4.316691e+08
3.626621e+08
0
0
0
0
0
0
0
0
0
0
0
0
0
0
0
3.371303e+09
1.13168e+09
6.100966e+08
4.236418e+08
3.553887e+08
0
0
0
0
0
0
0
0
0
0
0
0
0
0
0
3.362711e+09
1.118583e+09
6.004528e+08
4.158014e+08
3.482502e+08
0
0
0
0
0
0
0
0
0
0
0
0
0
0
0
0
0
0
0
0
0
0
0
0
0
3.35574e+09
1.108686e+09
5.932945e+08
4.10012e+08
3.430174e+08
0
0
0
0
0
0
0
0
0
0
0
0
0
0
0
0
0
0
0
0
0
0
0
0
0
1.102387e+09
5.887461e+08
4.06366e+08
3.397263e+08
0
0
0
0
0
0
0
0
0
0
0
0
0
0
0
0
0
0
0
0
0
0
0
0
0
5.862002e+08
4.043166e+08
3.378894e+08
0
0
0
0
0
0
0
0
0
0
0
0
0
0
0
0
0
0
0
0
0
0
0
0
0
4.033721e+08
3.370593e+08
0
0
0
0
0
0
0
0
0
0
0
0
0
0
0
0
0
0
0
0
0
0
0
0
0
3.334282e+09
1.094244e+09
5.835834e+08
4.023729e+08
3.361561e+08
0
0
0
0
0
0
0
0
0
0
0
0
0
0
0
0
0
0
0
0
3.33706e+09
1.096138e+09
5.84882e+08
4.03391e+08
3.370599e+08
0
0
0
0
0
0
0
0
0
0
0
0
0
0
0
0
0
0
0
0
0
3.340881e+09
1.099931e+09
5.875542e+08
4.055065e+08
3.389765e+08
0
0
0
0
0
0
0
0
0
0
0
0
0
0
0
0
0
0
0
0
0
0
3.346835e+09
1.106452e+09
5.921869e+08
4.092316e+08
3.423214e+08
0
0
0
0
0
0
0
0
0
0
0
0
0
0
0
0
0
0
0
0
0
0
0
3.354982e+09
1.116552e+09
5.9943e+08
4.150734e+08
3.476107e+08
0
0
0
0
0
0
0
0
0
0
0
0
0
0
0
0
0
0
0
0
0
0
0
0
3.364673e+09
1.129926e+09
6.091772e+08
4.229856e+08
3.54795e+08
0
0
0
0
0
0
0
0
0
0
0
0
0
0
0
3.376137e+09
1.143809e+09
6.192316e+08
4.311174e+08
3.6217e+08
0
0
0
0
0
0
0
0
0
0
0
0
0
0
0
3.386998e+09
1.155609e+09
6.276813e+08
4.379381e+08
3.683422e+08
0
0
0
0
0
0
0
0
0
0
0
0
0
0
0
3.39264e+09
1.163272e+09
6.33311e+08
4.425128e+08
3.725049e+08
0
0
0
0
0
0
0
0
0
0
0
0
0
0
0
3.395684e+09
1.167195e+09
6.361936e+08
4.448592e+08
3.746353e+08
0
0
0
0
0
0
0
0
0
0
0
0
0
0
0
3.396591e+09
1.167475e+09
6.363344e+08
4.449692e+08
3.747376e+08
0
0
0
0
0
0
0
0
0
0
0
0
0
0
0
3.395427e+09
1.164064e+09
6.337384e+08
4.428247e+08
3.727826e+08
0
0
0
0
0
0
0
0
0
0
0
0
0
0
0
3.391427e+09
1.156878e+09
6.283541e+08
4.384302e+08
3.687851e+08
0
0
0
0
0
0
0
0
0
0
0
0
0
0
0
3.382158e+09
1.145446e+09
6.200926e+08
4.317443e+08
3.627342e+08
0
0
0
0
0
0
0
0
0
0
0
0
0
0
0
3.371788e+09
1.131878e+09
6.101858e+08
4.237135e+08
3.554395e+08
0
0
0
0
0
0
0
0
0
0
0
0
0
0
0
3.363504e+09
1.118718e+09
6.005406e+08
4.158536e+08
3.483021e+08
0
0
0
0
0
0
0
0
0
0
0
0
0
0
0
0
0
0
0
0
0
0
0
0
0
1.108844e+09
5.933602e+08
4.100584e+08
3.430562e+08
0
0
0
0
0
0
0
0
0
0
0
0
0
0
0
0
0
0
0
0
0
0
0
0
0
5.888161e+08
4.063949e+08
3.397626e+08
0
0
0
0
0
0
0
0
0
0
0
0
0
0
0
0
0
0
0
0
0
0
0
0
0
4.043455e+08
3.379147e+08
0
0
0
0
0
0
0
0
0
0
0
0
0
0
0
0
0
0
0
0
0
0
0
0
0
3.370661e+08
0
0
0
0
0
0
0
0
0
0
0
0
0
0
0
0
0
0
0
0
0
0
0
0
0
3.335614e+09
1.094408e+09
5.837305e+08
4.024483e+08
3.362265e+08
0
0
0
0
0
0
0
0
0
0
0
0
0
0
0
0
0
0
0
0
0
3.338025e+09
1.096365e+09
5.850093e+08
4.034672e+08
3.371365e+08
0
0
0
0
0
0
0
0
0
0
0
0
0
0
0
0
0
0
0
0
0
0
3.341923e+09
1.100149e+09
5.876642e+08
4.055968e+08
3.390388e+08
0
0
0
0
0
0
0
0
0
0
0
0
0
0
0
0
0
0
0
0
0
0
0
3.347786e+09
1.106714e+09
5.922965e+08
4.093126e+08
3.423975e+08
0
0
0
0
0
0
0
0
0
0
0
0
0
0
0
0
0
0
0
0
0
0
0
0
3.355955e+09
1.116806e+09
5.995604e+08
4.151581e+08
3.476853e+08
0
0
0
0
0
0
0
0
0
0
0
0
0
0
0
0
0
0
0
0
0
0
0
0
0
3.365645e+09
1.13019e+09
6.093225e+08
4.230811e+08
3.548802e+08
0
0
0
0
0
0
0
0
0
0
0
0
0
0
0
3.377156e+09
1.144079e+09
6.19369e+08
4.312244e+08
3.62262e+08
0
0
0
0
0
0
0
0
0
0
0
0
0
0
0
3.387943e+09
1.155892e+09
6.278319e+08
4.380429e+08
3.684415e+08
0
0
0
0
0
0
0
0
0
0
0
0
0
0
0
3.393622e+09
1.163546e+09
6.334592e+08
4.426252e+08
3.725989e+08
0
0
0
0
0
0
0
0
0
0
0
0
0
0
0
3.396569e+09
1.167474e+09
6.363349e+08
4.449699e+08
3.747305e+08
0
0
0
0
0
0
0
0
0
0
0
0
0
0
0
3.39753e+09
1.167726e+09
6.364791e+08
4.450684e+08
3.74825e+08
0
0
0
0
0
0
0
0
0
0
0
0
0
0
0
3.396235e+09
1.164312e+09
6.338639e+08
4.429244e+08
3.728668e+08
0
0
0
0
0
0
0
0
0
0
0
0
0
0
0
3.392376e+09
1.157091e+09
6.284739e+08
4.385125e+08
3.688635e+08
0
0
0
0
0
0
0
0
0
0
0
0
0
0
0
3.382662e+09
1.145667e+09
6.201898e+08
4.318219e+08
3.627986e+08
0
0
0
0
0
0
0
0
0
0
0
0
0
0
0
3.372844e+09
1.132013e+09
6.102828e+08
4.237756e+08
3.555007e+08
0
0
0
0
0
0
0
0
0
0
0
0
0
0
0
1.118914e+09
6.006099e+08
4.159138e+08
3.483464e+08
0
0
0
0
0
0
0
0
0
0
0
0
0
0
0
0
0
0
0
0
0
0
0
0
0
5.93433e+08
4.101047e+08
3.430951e+08
0
0
0
0
0
0
0
0
0
0
0
0
0
0
0
0
0
0
0
0
0
0
0
0
0
4.064419e+08
3.397869e+08
0
0
0
0
0
0
0
0
0
0
0
0
0
0
0
0
0
0
0
0
0
0
0
0
0
3.379387e+08
0
0
0
0
0
0
0
0
0
0
0
0
0
0
0
0
0
0
0
0
0
0
0
0
0
0
0
0
0
0
0
0
0
0
0
0
0
0
0
0
0
0
0
0
0
0
0
0
0
0
3.336455e+09
1.094718e+09
5.838043e+08
4.02545e+08
3.362896e+08
0
0
0
0
0
0
0
0
0
0
0
0
0
0
0
0
0
0
0
0
0
0
3.339033e+09
1.096573e+09
5.851136e+08
4.03552e+08
3.372003e+08
0
0
0
0
0
0
0
0
0
0
0
0
0
0
0
0
0
0
0
0
0
0
0
3.342849e+09
1.100396e+09
5.87764e+08
4.056695e+08
3.39115e+08
0
0
0
0
0
0
0
0
0
0
0
0
0
0
0
0
0
0
0
0
0
0
0
0
3.348686e+09
1.106937e+09
5.924216e+08
4.093854e+08
3.424659e+08
0
0
0
0
0
0
0
0
0
0
0
0
0
0
0
0
0
0
0
0
0
0
0
0
0
3.356882e+09
1.117044e+09
5.996827e+08
4.152463e+08
3.477569e+08
0
0
0
0
0
0
0
0
0
0
0
0
0
0
0
0
0
0
0
0
0
0
0
0
0
3.366587e+09
1.130437e+09
6.094524e+08
4.231813e+08
3.549616e+08
0
0
0
0
0
0
0
0
0
0
0
0
0
0
0
3.378009e+09
1.14435e+09
6.195032e+08
4.313193e+08
3.623537e+08
0
0
0
0
0
0
0
0
0
0
0
0
0
0
0
3.388905e+09
1.156145e+09
6.279752e+08
4.38148e+08
3.685313e+08
0
0
0
0
0
0
0
0
0
0
0
0
0
0
0
3.39449e+09
1.163818e+09
6.335989e+08
4.427288e+08
3.726955e+08
0
0
0
0
0
0
0
0
0
0
0
0
0
0
0
3.397508e+09
1.167719e+09
6.364787e+08
4.450688e+08
3.748257e+08
0
0
0
0
0
0
0
0
0
0
0
0
0
0
0
3.398283e+09
1.167985e+09
6.366072e+08
4.451702e+08
3.749103e+08
0
0
0
0
0
0
0
0
0
0
0
0
0
0
0
3.397183e+09
1.164544e+09
6.339902e+08
4.430125e+08
3.729524e+08
0
0
0
0
0
0
0
0
0
0
0
0
0
0
0
3.392927e+09
1.157347e+09
6.285832e+08
4.385963e+08
3.68934e+08
0
0
0
0
0
0
0
0
0
0
0
0
0
0
0
3.383984e+09
1.145811e+09
6.203002e+08
4.3189e+08
3.628648e+08
0
0
0
0
0
0
0
0
0
0
0
0
0
0
0
1.132287e+09
6.103537e+08
4.238425e+08
3.555536e+08
0
0
0
0
0
0
0
0
0
0
0
0
0
0
0
6.007029e+08
4.159627e+08
3.483972e+08
0
0
0
0
0
0
0
0
0
0
0
0
0
0
0
0
0
0
0
0
0
0
0
0
0
4.101528e+08
3.431347e+08
0
0
0
0
0
0
0
0
0
0
0
0
0
0
0
0
0
0
0
0
0
0
0
0
0
3.398266e+08
0
0
0
0
0
0
0
0
0
0
0
0
0
0
0
0
0
0
0
0
0
0
0
0
0
0
0
0
0
0
0
0
0
0
0
0
0
0
0
0
0
0
0
0
0
0
0
0
0
0
0
0
0
0
0
0
0
0
0
0
0
0
0
0
0
0
0
0
0
0
0
0
0
0
3.337105e+09
1.0949e+09
5.839457e+08
4.025942e+08
3.363704e+08
0
0
0
0
0
0
0
0
0
0
0
0
0
0
0
0
0
0
0
0
0
0
0
3.339914e+09
1.096813e+09
5.852045e+08
4.036211e+08
3.372717e+08
0
0
0
0
0
0
0
0
0
0
0
0
0
0
0
0
0
0
0
0
0
0
0
0
3.343726e+09
1.100611e+09
5.878803e+08
4.057354e+08
3.391761e+08
0
0
0
0
0
0
0
0
0
0
0
0
0
0
0
0
0
0
0
0
0
0
0
0
0
3.349616e+09
1.107147e+09
5.925251e+08
4.094699e+08
3.425273e+08
0
0
0
0
0
0
0
0
0
0
0
0
0
0
0
0
0
0
0
0
0
0
0
0
0
3.357763e+09
1.117274e+09
5.997963e+08
4.153293e+08
3.478317e+08
0
0
0
0
0
0
0
0
0
0
0
0
0
0
0
0
0
0
0
0
0
0
0
0
0
3.367391e+09
1.130679e+09
6.095728e+08
4.232705e+08
3.550471e+08
0
0
0
0
0
0
0
0
0
0
0
0
0
0
0
3.378932e+09
1.144571e+09
6.196399e+08
4.314122e+08
3.624349e+08
0
0
0
0
0
0
0
0
0
0
0
0
0
0
0
3.389776e+09
1.156407e+09
6.281025e+08
4.382481e+08
3.686215e+08
0
0
0
0
0
0
0
0
0
0
0
0
0
0
0
3.39544e+09
1.164055e+09
6.337383e+08
4.428265e+08
3.727845e+08
0
0
0
0
0
0
0
0
0
0
0
0
0
0
0
3.39829e+09
1.167975e+09
6.366037e+08
4.4517e+08
3.749107e+08
0
0
0
0
0
0
0
0
0
0
0
0
0
0
0
3.3993e+09
1.168198e+09
6.367407e+08
4.452601e+08
3.749978e+08
0
0
0
0
0
0
0
0
0
0
0
0
0
0
0
3.397766e+09
1.164797e+09
6.341118e+08
4.431009e+08
3.73028e+08
0
0
0
0
0
0
0
0
0
0
0
0
0
0
0
3.394138e+09
1.157508e+09
6.287137e+08
4.386731e+08
3.690057e+08
0
0
0
0
0
0
0
0
0
0
0
0
0
0
0
1.146167e+09
6.203762e+08
4.319667e+08
3.629232e+08
0
0
0
0
0
0
0
0
0
0
0
0
0
0
0
6.10486e+08
4.238931e+08
3.556105e+08
0
0
0
0
0
0
0
0
0
0
0
0
0
0
0
4.16025e+08
3.484392e+08
0
0
0
0
0
0
0
0
0
0
0
0
0
0
0
0
0
0
0
0
0
0
0
0
0
3.431752e+08
0
0
0
0
0
0
0
0
0
0
0
0
0
0
0
0
0
0
0
0
0
0
0
0
0
0
0
0
0
0
0
0
0
0
0
0
0
0
0
0
0
0
0
0
0
0
0
0
0
0
0
0
0
0
0
0
0
0
0
0
0
0
0
0
0
0
0
0
0
0
0
0
0
0
0
0
0
0
0
0
0
0
0
0
0
0
0
0
0
0
0
0
0
0
0
0
0
3.338443e+09
1.095032e+09
5.840268e+08
4.026865e+08
3.364124e+08
0
0
0
0
0
0
0
0
0
0
0
0
0
0
0
0
0
0
0
0
0
0
0
0
3.340775e+09
1.097013e+09
5.853178e+08
4.036794e+08
3.373299e+08
0
0
0
0
0
0
0
0
0
0
0
0
0
0
0
0
0
0
0
0
0
0
0
0
0
3.344587e+09
1.100814e+09
5.879794e+08
4.058133e+08
3.392316e+08
0
0
0
0
0
0
0
0
0
0
0
0
0
0
0
0
0
0
0
0
0
0
0
0
0
3.35042e+09
1.107382e+09
5.92623e+08
4.095388e+08
3.425987e+08
0
0
0
0
0
0
0
0
0
0
0
0
0
0
0
0
0
0
0
0
0
0
0
0
0
3.358557e+09
1.11749e+09
5.999073e+08
4.154062e+08
3.479021e+08
0
0
0
0
0
0
0
0
0
0
0
0
0
0
0
0
0
0
0
0
0
0
0
0
0
3.36826e+09
1.130876e+09
6.096922e+08
4.23353e+08
3.551232e+08
0
0
0
0
0
0
0
0
0
0
0
0
0
0
0
3.379763e+09
1.144817e+09
6.19749e+08
4.315072e+08
3.625144e+08
0
0
0
0
0
0
0
0
0
0
0
0
0
0
0
3.390678e+09
1.156642e+09
6.282354e+08
4.383367e+08
3.687074e+08
0
0
0
0
0
0
0
0
0
0
0
0
0
0
0
3.396194e+09
1.164316e+09
6.338583e+08
4.429244e+08
3.728683e+08
0
0
0
0
0
0
0
0
0
0
0
0
0
0
0
3.399291e+09
1.1682e+09
6.367344e+08
4.452576e+08
3.749975e+08
0
0
0
0
0
0
0
0
0
0
0
0
0
0
0
3.399902e+09
1.168479e+09
6.368506e+08
4.453539e+08
3.750748e+08
0
0
0
0
0
0
0
0
0
0
0
0
0
0
0
3.398995e+09
1.164969e+09
6.342393e+08
4.431873e+08
3.731037e+08
0
0
0
0
0
0
0
0
0
0
0
0
0
0
0
1.157842e+09
6.287983e+08
4.387644e+08
3.690716e+08
0
0
0
0
0
0
0
0
0
0
0
0
0
0
0
6.205505e+08
4.32021e+08
3.629885e+08
0
0
0
0
0
0
0
0
0
0
0
0
0
0
0
4.239823e+08
3.556541e+08
0
0
0
0
0
0
0
0
0
0
0
0
0
0
0
3.484918e+08
0
0
0
0
0
0
0
0
0
0
0
0
0
0
0
0
0
0
0
0
0
0
0
0
0
0
0
0
0
0
0
0
0
0
0
0
0
0
0
0
0
0
0
0
0
0
0
0
0
0
0
0
0
0
0
0
0
0
0
0
0
0
0
0
0
0
0
0
0
0
0
0
0
0
0
0
0
0
0
0
0
0
0
0
0
0
0
0
0
0
0
0
0
0
0
0
0
0
0
0
0
0
0
0
0
0
0
0
0
0
0
0
0
0
0
0
0
0
0
3.33924e+09
1.09537e+09
5.840841e+08
4.027397e+08
3.364892e+08
0
0
0
0
0
0
0
0
0
0
0
0
0
0
0
0
0
0
0
0
0
0
0
0
0
3.341588e+09
1.097213e+09
5.854097e+08
4.037554e+08
3.373785e+08
0
0
0
0
0
0
0
0
0
0
0
0
0
0
0
0
0
0
0
0
0
0
0
0
0
3.345372e+09
1.101022e+09
5.880739e+08
4.05879e+08
3.392972e+08
0
0
0
0
0
0
0
0
0
0
0
0
0
0
0
0
0
0
0
0
0
0
0
0
0
3.351184e+09
1.107566e+09
5.927381e+08
4.09604e+08
3.426567e+08
0
0
0
0
0
0
0
0
0
0
0
0
0
0
0
0
0
0
0
0
0
0
0
0
0
3.359372e+09
1.117684e+09
6.000114e+08
4.154817e+08
3.479672e+08
0
0
0
0
0
0
0
0
0
0
0
0
0
0
0
0
0
0
0
0
0
0
0
0
0
3.369081e+09
1.1311e+09
6.097868e+08
4.234352e+08
3.551935e+08
0
0
0
0
0
0
0
0
0
0
0
0
0
0
0
3.380602e+09
1.145036e+09
6.198728e+08
4.315826e+08
3.625957e+08
0
0
0
0
0
0
0
0
0
0
0
0
0
0
0
3.391418e+09
1.156886e+09
6.28355e+08
4.384297e+08
3.687833e+08
0
0
0
0
0
0
0
0
0
0
0
0
0
0
0
3.397181e+09
1.164527e+09
6.339926e+08
4.430083e+08
3.729523e+08
0
0
0
0
0
0
0
0
0
0
0
0
0
0
0
3.399895e+09
1.168476e+09
6.368522e+08
4.453491e+08
3.750727e+08
0
0
0
0
0
0
0
0
0
0
0
0
0
0
0
3.401044e+09
1.16866e+09
6.369952e+08
4.454316e+08
3.751553e+08
0
0
0
0
0
0
0
0
0
0
0
0
0
0
0
1.165322e+09
6.343301e+08
4.43276e+08
3.731781e+08
0
0
0
0
0
0
0
0
0
0
0
0
0
0
0
6.289655e+08
4.388248e+08
3.691495e+08
0
0
0
0
0
0
0
0
0
0
0
0
0
0
0
4.321392e+08
3.630355e+08
0
0
0
0
0
0
0
0
0
0
0
0
0
0
0
3.557296e+08
0
0
0
0
0
0
0
0
0
0
0
0
0
0
0
0
0
0
0
0
0
0
0
0
0
0
0
0
0
0
0
0
0
0
0
0
0
0
0
0
0
0
0
0
0
0
0
0
0
0
0
0
0
0
0
0
0
0
0
0
0
0
0
0
0
0
0
0
0
0
0
0
0
0
0
0
0
0
0
0
0
0
0
0
0
0
0
0
0
0
0
0
0
0
0
0
0
0
0
0
0
0
0
0
0
0
0
0
0
0
0
0
0
0
0
0
0
0
0
0
0
0
0
0
0
0
0
0
0
0
3.340103e+09
1.095556e+09
5.842486e+08
4.027768e+08
3.365341e+08
0
0
0
0
0
0
0
0
0
0
0
0
0
0
0
0
0
0
0
0
0
0
0
0
0
3.342391e+09
1.097396e+09
5.855021e+08
4.038164e+08
3.374425e+08
0
0
0
0
0
0
0
0
0
0
0
0
0
0
0
0
0
0
0
0
0
0
0
0
0
3.346099e+09
1.101202e+09
5.88173e+08
4.05942e+08
3.393525e+08
0
0
0
0
0
0
0
0
0
0
0
0
0
0
0
0
0
0
0
0
0
0
0
0
0
3.351957e+09
1.107751e+09
5.92823e+08
4.09683e+08
3.427117e+08
0
0
0
0
0
0
0
0
0
0
0
0
0
0
0
0
0
0
0
0
0
0
0
0
0
3.360131e+09
1.117886e+09
6.001042e+08
4.155524e+08
3.480312e+08
0
0
0
0
0
0
0
0
0
0
0
0
0
0
0
0
0
0
0
0
0
0
0
0
0
3.36985e+09
1.131314e+09
6.09898e+08
4.234995e+08
3.552636e+08
0
0
0
0
0
0
0
0
0
0
0
0
0
0
0
3.381275e+09
1.145258e+09
6.19983e+08
4.316689e+08
3.626602e+08
0
0
0
0
0
0
0
0
0
0
0
0
0
0
0
3.392364e+09
1.157091e+09
6.28479e+08
4.385132e+08
3.688631e+08
0
0
0
0
0
0
0
0
0
0
0
0
0
0
0
3.397787e+09
1.164798e+09
6.341015e+08
4.431026e+08
3.730243e+08
0
0
0
0
0
0
0
0
0
0
0
0
0
0
0
3.401051e+09
1.168659e+09
6.369932e+08
4.454328e+08
3.751511e+08
0
0
0
0
0
0
0
0
0
0
0
0
0
0
0
1.168984e+09
6.37092e+08
4.455333e+08
3.752222e+08
0
0
0
0
0
0
0
0
0
0
0
0
0
0
0
6.345115e+08
4.433408e+08
3.732537e+08
0
0
0
0
0
0
0
0
0
0
0
0
0
0
0
4.389398e+08
3.692017e+08
0
0
0
0
0
0
0
0
0
0
0
0
0
0
0
3.631356e+08
0
0
0
0
0
0
0
0
0
0
0
0
0
0
0
0
0
0
0
0
0
0
0
0
0
0
0
0
0
0
0
0
0
0
0
0
0
0
0
0
0
0
0
0
0
0
0
0
0
0
0
0
0
0
0
0
0
0
0
0
0
0
0
0
0
0
0
0
0
0
0
0
0
0
0
0
0
0
0
0
0
0
0
0
0
0
0
0
0
0
0
0
0
0
0
0
0
0
0
0
0
0
0
0
0
0
0
0
0
0
0
0
0
0
0
0
0
0
0
0
0
0
0
0
0
0
0
0
0
0
0
0
0
0
0
0
0
0
0
0
3.340453e+09
1.095744e+09
5.843355e+08
4.028885e+08
3.365652e+08
0
0
0
0
0
0
0
0
0
0
0
0
0
0
0
0
0
0
0
0
0
0
0
0
0
3.343144e+09
1.097591e+09
5.855854e+08
4.038778e+08
3.374938e+08
0
0
0
0
0
0
0
0
0
0
0
0
0
0
0
0
0
0
0
0
0
0
0
0
0
3.346862e+09
1.101375e+09
5.882563e+08
4.06009e+08
3.394055e+08
0
0
0
0
0
0
0
0
0
0
0
0
0
0
0
0
0
0
0
0
0
0
0
0
0
3.352673e+09
1.10794e+09
5.929116e+08
4.097393e+08
3.427788e+08
0
0
0
0
0
0
0
0
0
0
0
0
0
0
0
0
0
0
0
0
0
0
0
0
0
3.360867e+09
1.118078e+09
6.002021e+08
4.156154e+08
3.480911e+08
0
0
0
0
0
0
0
0
0
0
0
0
0
0
0
0
0
0
0
0
0
0
0
0
0
3.370507e+09
1.131506e+09
6.100041e+08
4.235763e+08
3.553183e+08
0
0
0
0
0
0
0
0
0
0
0
0
0
0
0
3.382182e+09
1.145437e+09
6.200944e+08
4.317456e+08
3.627341e+08
0
0
0
0
0
0
0
0
0
0
0
0
0
0
0
3.392923e+09
1.157344e+09
6.285843e+08
4.386e+08
3.689346e+08
0
0
0
0
0
0
0
0
0
0
0
0
0
0
0
3.398973e+09
1.164978e+09
6.3424e+08
4.431794e+08
3.731052e+08
0
0
0
0
0
0
0
0
0
0
0
0
0
0
0
1.168989e+09
6.370915e+08
4.455318e+08
3.752232e+08
0
0
0
0
0
0
0
0
0
0
0
0
0
0
0
6.372579e+08
4.456027e+08
3.753091e+08
0
0
0
0
0
0
0
0
0
0
0
0
0
0
0
4.434676e+08
3.733096e+08
0
0
0
0
0
0
0
0
0
0
0
0
0
0
0
3.692998e+08
0
0
0
0
0
0
0
0
0
0
0
0
0
0
0
0
0
0
0
0
0
0
0
0
0
0
0
0
0
0
0
0
0
0
0
0
0
0
0
0
0
0
0
0
0
0
0
0
0
0
0
0
0
0
0
0
0
0
0
0
0
0
0
0
0
0
0
0
0
0
0
0
0
0
0
0
0
0
0
0
0
0
0
0
0
0
0
0
0
0
0
0
0
0
0
0
0
0
0
0
0
0
0
0
0
0
0
0
0
0
0
0
0
0
0
0
0
0
0
0
0
0
0
0
0
0
0
0
0
0
0
0
0
0
0
0
0
0
0
0
0
0
0
0
0
0
0
0
0
3.341582e+09
1.09581e+09
5.844178e+08
4.029466e+08
3.366594e+08
0
0
0
0
0
0
0
0
0
0
0
0
0
0
0
0
0
0
0
0
0
0
0
0
0
3.343839e+09
1.09777e+09
5.856793e+08
4.039325e+08
3.375455e+08
0
0
0
0
0
0
0
0
0
0
0
0
0
0
0
0
0
0
0
0
0
0
0
0
0
3.347516e+09
1.101558e+09
5.883384e+08
4.060644e+08
3.394622e+08
0
0
0
0
0
0
0
0
0
0
0
0
0
0
0
0
0
0
0
0
0
0
0
0
0
3.353378e+09
1.108112e+09
5.930024e+08
4.097994e+08
3.42826e+08
0
0
0
0
0
0
0
0
0
0
0
0
0
0
0
0
0
0
0
0
0
0
0
0
0
3.36151e+09
1.118254e+09
6.002967e+08
4.156822e+08
3.481446e+08
0
0
0
0
0
0
0
0
0
0
0
0
0
0
0
0
0
0
0
0
0
0
0
0
0
3.371369e+09
1.131678e+09
6.100986e+08
4.236498e+08
3.553838e+08
0
0
0
0
0
0
0
0
0
0
0
0
0
0
0
3.382716e+09
1.145675e+09
6.20185e+08
4.318232e+08
3.627997e+08
0
0
0
0
0
0
0
0
0
0
0
0
0
0
0
3.394133e+09
1.157507e+09
6.287119e+08
4.386742e+08
3.690089e+08
0
0
0
0
0
0
0
0
0
0
0
0
0
0
0
1.165315e+09
6.343354e+08
4.432766e+08
3.731712e+08
0
0
0
0
0
0
0
0
0
0
0
0
0
0
0
6.372607e+08
4.456024e+08
3.753078e+08
0
0
0
0
0
0
0
0
0
0
0
0
0
0
0
4.457184e+08
3.753691e+08
0
0
0
0
0
0
0
0
0
0
0
0
0
0
0
3.734185e+08
0
0
0
0
0
0
0
0
0
0
0
0
0
0
0
0
0
0
0
0
0
0
0
0
0
0
0
0
0
0
0
0
0
0
0
0
0
0
0
0
0
0
0
0
0
0
0
0
0
0
0
0
0
0
0
0
0
0
0
0
0
0
0
0
0
0
0
0
0
0
0
0
0
0
0
0
0
0
0
0
0
0
0
0
0
0
0
0
0
0
0
0
0
0
0
0
0
0
0
0
0
0
0
0
0
0
0
0
0
0
0
0
0
0
0
0
0
0
0
0
0
0
0
0
0
0
0
0
0
0
0
0
0
0
0
0
0
0
0
0
0
0
0
0
0
0
0
0
0
0
0
0
0
0
0
0
0
3.342207e+09
1.096088e+09
5.844474e+08
4.029992e+08
3.367084e+08
0
0
0
0
0
0
0
0
0
0
0
0
0
0
0
0
0
0
0
0
0
0
0
0
0
3.344474e+09
1.097927e+09
5.857643e+08
4.039965e+08
3.375913e+08
0
0
0
0
0
0
0
0
0
0
0
0
0
0
0
0
0
0
0
0
0
0
0
0
0
3.348239e+09
1.101706e+09
5.884259e+08
4.061198e+08
3.395087e+08
0
0
0
0
0
0
0
0
0
0
0
0
0
0
0
0
0
0
0
0
0
0
0
0
0
3.353967e+09
1.108276e+09
5.930844e+08
4.098613e+08
3.428769e+08
0
0
0
0
0
0
0
0
0
0
0
0
0
0
0
0
0
0
0
0
0
0
0
0
0
3.362322e+09
1.11842e+09
6.003808e+08
4.157474e+08
3.482011e+08
0
0
0
0
0
0
0
0
0
0
0
0
0
0
0
0
0
0
0
0
0
0
0
0
0
3.371847e+09
1.1319e+09
6.101843e+08
4.237148e+08
3.554465e+08
0
0
0
0
0
0
0
0
0
0
0
0
0
0
0
3.383992e+09
1.14583e+09
6.203043e+08
4.318866e+08
3.62866e+08
0
0
0
0
0
0
0
0
0
0
0
0
0
0
0
1.157842e+09
6.287984e+08
4.387631e+08
3.690726e+08
0
0
0
0
0
0
0
0
0
0
0
0
0
0
0
6.345076e+08
4.433448e+08
3.732543e+08
0
0
0
0
0
0
0
0
0
0
0
0
0
0
0
4.457206e+08
3.753689e+08
0
0
0
0
0
0
0
0
0
0
0
0
0
0
0
3.754686e+08
0
0
0
0
0
0
0
0
0
0
0
0
0
0
0
0
0
0
0
0
0
0
0
0
0
0
0
0
0
0
0
0
0
0
0
0
0
0
0
0
0
0
0
0
0
0
0
0
0
0
0
0
0
0
0
0
0
0
0
0
0
0
0
0
0
0
0
0
0
0
0
0
0
0
0
0
0
0
0
0
0
0
0
0
0
0
0
0
0
0
0
0
0
0
0
0
0
0
0
0
0
0
0
0
0
0
0
0
0
0
0
0
0
0
0
0
0
0
0
0
0
0
0
0
0
0
0
0
0
0
0
0
0
0
0
0
0
0
0
0
0
0
0
0
0
0
0
0
0
0
0
0
0
0
0
0
0
0
0
0
0
0
0
0
3.342766e+09
1.096228e+09
5.845791e+08
4.030201e+08
3.36752e+08
0
0
0
0
0
0
0
0
0
0
0
0
0
0
0
0
0
0
0
0
0
0
0
0
0
3.345131e+09
1.098072e+09
5.858366e+08
4.040538e+08
3.376454e+08
0
0
0
0
0
0
0
0
0
0
0
0
0
0
0
0
0
0
0
0
0
0
0
0
0
3.348784e+09
1.101881e+09
5.88494e+08
4.061791e+08
3.395555e+08
0
0
0
0
0
0
0
0
0
0
0
0
0
0
0
0
0
0
0
0
0
0
0
0
0
3.354722e+09
1.108426e+09
5.931611e+08
4.099167e+08
3.429292e+08
0
0
0
0
0
0
0
0
0
0
0
0
0
0
0
0
0
0
0
0
0
0
0
0
0
3.362808e+09
1.118622e+09
6.004637e+08
4.158042e+08
3.482565e+08
0
0
0
0
0
0
0
0
0
0
0
0
0
0
0
0
0
0
0
0
0
0
0
0
0
3.372883e+09
1.132031e+09
6.102951e+08
4.237745e+08
3.555017e+08
0
0
0
0
0
0
0
0
0
0
0
0
0
0
0
1.146173e+09
6.203862e+08
4.319695e+08
3.629203e+08
0
0
0
0
0
0
0
0
0
0
0
0
0
0
0
6.289664e+08
4.38825e+08
3.691485e+08
0
0
0
0
0
0
0
0
0
0
0
0
0
0
0
4.434647e+08
3.733131e+08
0
0
0
0
0
0
0
0
0
0
0
0
0
0
0
3.754706e+08
0
0
0
0
0
0
0
0
0
0
0
0
0
0
0
0
0
0
0
0
0
0
0
0
0
0
0
0
0
0
0
0
0
0
0
0
0
0
0
0
0
0
0
0
0
0
0
0
0
0
0
0
0
0
0
0
0
0
0
0
0
0
0
0
0
0
0
0
0
0
0
0
0
0
0
0
0
0
0
0
0
0
0
0
0
0
0
0
0
0
0
0
0
0
0
0
0
0
0
0
0
0
0
0
0
0
0
0
0
0
0
0
0
0
0
0
0
0
0
0
0
0
0
0
0
0
0
0
0
0
0
0
0
0
0
0
0
0
0
0
0
0
0
0
0
0
0
0
0
0
0
0
0
0
0
0
0
0
0
0
0
0
0
0
0
0
0
0
0
0
3.343674e+09
1.096357e+09
5.846441e+08
4.031074e+08
3.367703e+08
0
0
0
0
0
0
0
0
0
0
0
0
0
0
0
0
0
0
0
0
0
0
0
0
0
3.345737e+09
1.098231e+09
5.859041e+08
4.041018e+08
3.376938e+08
0
0
0
0
0
0
0
0
0
0
0
0
0
0
0
0
0
0
0
0
0
0
0
0
0
3.349497e+09
1.102009e+09
5.88578e+08
4.062243e+08
3.396055e+08
0
0
0
0
0
0
0
0
0
0
0
0
0
0
0
0
0
0
0
0
0
0
0
0
0
3.35517e+09
1.108605e+09
5.93236e+08
4.099681e+08
3.42976e+08
0
0
0
0
0
0
0
0
0
0
0
0
0
0
0
0
0
0
0
0
0
0
0
0
0
3.363568e+09
1.118751e+09
6.00562e+08
4.15862e+08
3.483045e+08
0
0
0
0
0
0
0
0
0
0
0
0
0
0
0
0
0
0
0
0
0
0
0
0
0
1.132303e+09
6.103629e+08
4.238513e+08
3.555527e+08
0
0
0
0
0
0
0
0
0
0
0
0
0
0
0
6.205548e+08
4.320282e+08
3.62991e+08
0
0
0
0
0
0
0
0
0
0
0
0
0
0
0
4.389406e+08
3.692019e+08
0
0
0
0
0
0
0
0
0
0
0
0
0
0
0
3.73416e+08
0
0
0
0
0
0
0
0
0
0
0
0
0
0
0
0
0
0
0
0
0
0
0
0
0
0
0
0
0
0
0
0
0
0
0
0
0
0
0
0
0
0
0
0
0
0
0
0
0
0
0
0
0
0
0
0
0
0
0
0
0
0
0
0
0
0
0
0
0
0
0
0
0
0
0
0
0
0
0
0
0
0
0
0
0
0
0
0
0
0
0
0
0
0
0
0
0
0
0
0
0
0
0
0
0
0
0
0
0
0
0
0
0
0
0
0
0
0
0
0
0
0
0
0
0
0
0
0
0
0
0
0
0
0
0
0
0
0
0
0
0
0
0
0
0
0
0
0
0
0
0
0
0
0
0
0
0
0
0
0
0
0
0
0
0
0
0
0
0
0
0
0
0
0
0
3.343914e+09
1.096576e+09
5.84705e+08
4.031511e+08
3.368431e+08
0
0
0
0
0
0
0
0
0
0
0
0
0
0
0
0
0
0
0
0
0
0
0
0
0
3.346137e+09
1.098374e+09
5.859809e+08
4.041469e+08
3.37734e+08
0
0
0
0
0
0
0
0
0
0
0
0
0
0
0
0
0
0
0
0
0
0
0
0
0
3.34995e+09
1.10218e+09
5.886388e+08
4.062815e+08
3.396433e+08
0
0
0
0
0
0
0
0
0
0
0
0
0
0
0
0
0
0
0
0
0
0
0
0
0
3.355837e+09
1.108715e+09
5.933216e+08
4.100202e+08
3.430191e+08
0
0
0
0
0
0
0
0
0
0
0
0
0
0
0
0
0
0
0
0
0
0
0
0
0
1.118939e+09
6.006276e+08
4.159293e+08
3.483537e+08
0
0
0
0
0
0
0
0
0
0
0
0
0
0
0
0
0
0
0
0
0
0
0
0
0
6.104956e+08
4.238994e+08
3.55618e+08
0
0
0
0
0
0
0
0
0
0
0
0
0
0
0
4.321426e+08
3.630416e+08
0
0
0
0
0
0
0
0
0
0
0
0
0
0
0
3.693006e+08
0
0
0
0
0
0
0
0
0
0
0
0
0
0
0
0
0
0
0
0
0
0
0
0
0
0
0
0
0
0
0
0
0
0
0
0
0
0
0
0
0
0
0
0
0
0
0
0
0
0
0
0
0
0
0
0
0
0
0
0
0
0
0
0
0
0
0
0
0
0
0
0
0
0
0
0
0
0
0
0
0
0
0
0
0
0
0
0
0
0
0
0
0
0
0
0
0
0
0
0
0
0
0
0
0
0
0
0
0
0
0
0
0
0
0
0
0
0
0
0
0
0
0
0
0
0
0
0
0
0
0
0
0
0
0
0
0
0
0
0
0
0
0
0
0
0
0
0
0
0
0
0
0
0
0
0
0
0
0
0
0
0
0
0
0
0
0
0
0
0
0
0
0
0
0
0
0
0
0
3.34476e+09
1.096629e+09
5.848074e+08
4.031924e+08
3.3688e+08
0
0
0
0
0
0
0
0
0
0
0
0
0
0
0
0
0
0
0
0
0
0
0
0
0
3.346841e+09
1.098465e+09
5.86049e+08
4.041997e+08
3.377718e+08
0
0
0
0
0
0
0
0
0
0
0
0
0
0
0
0
0
0
0
0
0
0
0
0
0
3.350513e+09
1.102292e+09
5.887211e+08
4.063228e+08
3.396915e+08
0
0
0
0
0
0
0
0
0
0
0
0
0
0
0
0
0
0
0
0
0
0
0
0
0
1.108876e+09
5.933751e+08
4.100782e+08
3.430635e+08
0
0
0
0
0
0
0
0
0
0
0
0
0
0
0
0
0
0
0
0
0
0
0
0
0
6.007174e+08
4.159753e+08
3.484106e+08
0
0
0
0
0
0
0
0
0
0
0
0
0
0
0
0
0
0
0
0
0
0
0
0
0
4.239894e+08
3.556594e+08
0
0
0
0
0
0
0
0
0
0
0
0
0
0
0
3.631386e+08
0
0
0
0
0
0
0
0
0
0
0
0
0
0
0
0
0
0
0
0
0
0
0
0
0
0
0
0
0
0
0
0
0
0
0
0
0
0
0
0
0
0
0
0
0
0
0
0
0
0
0
0
0
0
0
0
0
0
0
0
0
0
0
0
0
0
0
0
0
0
0
0
0
0
0
0
0
0
0
0
0
0
0
0
0
0
0
0
0
0
0
0
0
0
0
0
0
0
0
0
0
0
0
0
0
0
0
0
0
0
0
0
0
0
0
0
0
0
0
0
0
0
0
0
0
0
0
0
0
0
0
0
0
0
0
0
0
0
0
0
0
0
0
0
0
0
0
0
0
0
0
0
0
0
0
0
0
0
0
0
0
0
0
0
0
0
0
0
0
0
0
0
0
0
0
0
0
0
0
0
0
0
3.344984e+09
1.09682e+09
5.848364e+08
4.032604e+08
3.369147e+08
0
0
0
0
0
0
0
0
0
0
0
0
0
0
0
0
0
0
0
0
0
0
0
0
0
3.347357e+09
1.098632e+09
5.860949e+08
4.042456e+08
3.378166e+08
0
0
0
0
0
0
0
0
0
0
0
0
0
0
0
0
0
0
0
0
0
0
0
0
0
1.102418e+09
5.887761e+08
4.063787e+08
3.397264e+08
0
0
0
0
0
0
0
0
0
0
0
0
0
0
0
0
0
0
0
0
0
0
0
0
0
5.934508e+08
4.101149e+08
3.431121e+08
0
0
0
0
0
0
0
0
0
0
0
0
0
0
0
0
0
0
0
0
0
0
0
0
0
4.160357e+08
3.484499e+08
0
0
0
0
0
0
0
0
0
0
0
0
0
0
0
0
0
0
0
0
0
0
0
0
0
3.557358e+08
0
0
0
0
0
0
0
0
0
0
0
0
0
0
0
0
0
0
0
0
0
0
0
0
0
0
0
0
0
0
0
0
0
0
0
0
0
0
0
0
0
0
0
0
0
0
0
0
0
0
0
0
0
0
0
0
0
0
0
0
0
0
0
0
0
0
0
0
0
0
0
0
0
0
0
0
0
0
0
0
0
0
0
0
0
0
0
0
0
0
0
0
0
0
0
0
0
0
0
0
0
0
0
0
0
0
0
0
0
0
0
0
0
0
0
0
0
0
0
0
0
0
0
0
0
0
0
0
0
0
0
0
0
0
0
0
0
0
0
0
0
0
0
0
0
0
0
0
0
0
0
0
0
0
0
0
0
0
0
0
0
0
0
0
0
0
0
0
0
0
0
0
0
0
0
0
0
0
0
0
0
0
0
0
3.345339e+09
1.096874e+09
5.849215e+08
4.032829e+08
3.369714e+08
0
0
0
0
0
0
0
0
0
0
0
0
0
0
0
0
0
0
0
0
0
0
0
0
0
1.098749e+09
5.861705e+08
4.04279e+08
3.378551e+08
0
0
0
0
0
0
0
0
0
0
0
0
0
0
0
0
0
0
0
0
0
0
0
0
0
5.888327e+08
4.064166e+08
3.397734e+08
0
0
0
0
0
0
0
0
0
0
0
0
0
0
0
0
0
0
0
0
0
0
0
0
0
4.101656e+08
3.431432e+08
0
0
0
0
0
0
0
0
0
0
0
0
0
0
0
0
0
0
0
0
0
0
0
0
0
3.48501e+08
0
0
0
0
0
0
0
0
0
0
0
0
0
0
0
0
0
0
0
0
0
0
0
0
0
0
0
0
0
0
0
0
0
0
0
0
0
0
0
0
0
0
0
0
0
0
0
0
0
0
0
0
0
0
0
0
0
0
0
0
0
0
0
0
0
0
0
0
0
0
0
0
0
0
0
0
0
0
0
0
0
0
0
0
0
0
0
0
0
0
0
0
0
0
0
0
0
0
0
0
0
0
0
0
0
0
0
0
0
0
0
0
0
0
0
0
0
0
0
0
0
0
0
0
0
0
0
0
0
0
0
0
0
0
0
0
0
0
0
0
0
0
0
0
0
0
0
0
0
0
0
0
0
0
0
0
0
0
0
0
0
0
0
0
0
0
0
0
0
0
0
0
0
0
0
0
0
0
0
0
0
0
0
0
0
0
0
0
0
0
0
0
0
0
0
1.096955e+09
5.849502e+08
4.033374e+08
3.369916e+08
0
0
0
0
0
0
0
0
0
0
0
0
0
0
0
0
0
0
0
0
0
0
0
0
0
5.862242e+08
4.043275e+08
3.37884e+08
0
0
0
0
0
0
0
0
0
0
0
0
0
0
0
0
0
0
0
0
0
0
0
0
0
4.064537e+08
3.398056e+08
0
0
0
0
0
0
0
0
0
0
0
0
0
0
0
0
0
0
0
0
0
0
0
0
0
3.431861e+08
0
0
0
0
0
0
0
0
0
0
0
0
0
0
0
0
0
0
0
0
0
0
0
0
0
0
0
0
0
0
0
0
0
0
0
0
0
0
0
0
0
0
0
0
0
0
0
0
0
0
0
0
0
0
0
0
0
0
0
0
0
0
0
0
0
0
0
0
0
0
0
0
0
0
0
0
0
0
0
0
0
0
0
0
0
0
0
0
0
0
0
0
0
0
0
0
0
0
0
0
0
0
0
0
0
0
0
0
0
0
0
0
0
0
0
0
0
0
0
0
0
0
0
0
0
0
0
0
0
0
0
0
0
0
0
0
0
0
0
0
0
0
0
0
0
0
0
0
0
0
0
0
0
0
0
0
0
0
0
0
0
0
0
0
0
0
0
0
0
0
0
0
0
0
0
0
0
0
0
0
0
0
0
0
0
0
0
0
0
0
0
0
0
0
0
0
0
0
0
0
0
0
0
0
0
5.849893e+08
4.033588e+08
3.370362e+08
0
0
0
0
0
0
0
0
0
0
0
0
0
0
0
0
0
0
0
0
0
0
0
0
0
4.043631e+08
3.379238e+08
0
0
0
0
0
0
0
0
0
0
0
0
0
0
0
0
0
0
0
0
0
0
0
0
0
3.398367e+08
0
0
0
0
0
0
0
0
0
0
0
0
0
0
0
0
0
0
0
0
0
0
0
0
0
0
0
0
0
0
0
0
0
0
0
0
0
0
0
0
0
0
0
0
0
0
0
0
0
0
0
0
0
0
0
0
0
0
0
0
0
0
0
0
0
0
0
0
0
0
0
0
0
0
0
0
0
0
0
0
0
0
0
0
0
0
0
0
0
0
0
0
0
0
0
0
0
0
0
0
0
0
0
0
0
0
0
0
0
0
0
0
0
0
0
0
0
0
0
0
0
0
0
0
0
0
0
0
0
0
0
0
0
0
0
0
0
0
0
0
0
0
0
0
0
0
0
0
0
0
0
0
0
0
0
0
0
0
0
0
0
0
0
0
0
0
0
0
0
0
0
0
0
0
0
0
0
0
0
0
0
0
0
0
0
0
0
0
0
0
0
0
0
0
0
0
0
0
0
0
0
0
0
0
0
0
0
0
0
0
0
0
0
0
0
4.033861e+08
3.370551e+08
0
0
0
0
0
0
0
0
0
0
0
0
0
0
0
0
0
0
0
0
0
0
0
0
0
3.379539e+08
0
0
0
0
0
0
0
0
0
0
0
0
0
0
0
0
0
0
0
0
0
0
0
0
0
0
0
0
0
0
0
0
0
0
0
0
0
0
0
0
0
0
0
0
0
0
0
0
0
0
0
0
0
0
0
0
0
0
0
0
0
0
0
0
0
0
0
0
0
0
0
0
0
0
0
0
0
0
0
0
0
0
0
0
0
0
0
0
0
0
0
0
0
0
0
0
0
0
0
0
0
0
0
0
0
0
0
0
0
0
0
0
0
0
0
0
0
0
0
0
0
0
0
0
0
0
0
0
0
0
0
0
0
0
0
0
0
0
0
0
0
0
0
0
0
0
0
0
0
0
0
0
0
0
0
0
0
0
0
0
0
0
0
0
0
0
0
0
0
0
0
0
0
0
0
0
0
0
0
0
0
0
0
0
0
0
0
0
0
0
0
0
0
0
0
0
0
0
0
0
0
0
0
0
0
0
0
0
0
0
0
0
0
0
0
0
0
0
0
0
0
0
0
0
0
3.370786e+08
0
0
0
0
0
0
0
0
0
0
0
0
0
0
0
0
0
0
0
0
0
0
0
0
0
0
0
0
0
0
0
0
0
0
0
0
0
0
0
0
0
0
0
0
0
0
0
0
0
0
0
0
0
0
0
0
0
0
0
0
0
0
0
0
0
0
0
0
0
0
0
0
0
0
0
0
0
0
0
0
0
0
0
0
0
0
0
0
0
0
0
0
0
0
0
0
0
0
0
0
0
0
0
0
0
0
0
0
0
0
0
0
0
0
0
0
0
0
0
0
0
0
0
0
0
0
0
0
0
0
0
0
0
0
0
0
0
0
0
0
0
0
0
0
0
0
0
0
0
0
0
0
0
0
0
0
0
0
0
0
0
0
0
0
0
0
0
0
0
0
0
0
0
0
0
0
0
0
0
0
0
0
0
0
0
0
0
0
0
0
0
0
0
0
0
0
0
0
0
0
0
0
0
0
0
0
0
0
0
0
0
0
0
0
0
0
0
0
0
0
0
0
0
0
0
0
0
0
0
0
0
0
0
0
0
0
0
0
0
0
0
0
0
0
0
0
0
0
0
0
0
0
0
0
0
0
0
0
0
0
0
0
0
0
0
0
0
0
0
0
0
0
0
0
0
0
0
0
0
0
0
0
0
0
0
0
0
0
0
0
0
0
0
0
0
0
0
0
0
0
0
0
0
0
0
0
0
0
0
0
0
0
0
0
0
0
0
0
0
0
0
0
0
0
0
0
0
0
0
0
0
0
0
0
0
0
0
0
0
0
0
0
0
0
0
0
0
0
0
0
0
0
0
0
0
0
0
0
0
0
0
0
0
0
0
0
0
0
0
0
0
0
0
0
0
0
0
0
0
0
0
0
0
0
0
0
0
0
0
0
0
0
0
0
0
0
0
0
0
0
0
0
0
0
0
0
0
0
0
0
0
0
0
0
0
0
0
0
0
0
0
0
0
0
0
0
0
0
0
0
0
0
0
0
0
0
0
0
0
0
0
0
0
0
0
0
0
0
0
0
0
0
0
0
0
0
0
0
0
0
0
0
0
0
0
0
0
0
0
0
0
0
0
0
0
0
0
0
0
0
0
0
0
0
0
0
0
0
0
0
0
0
0
0
0
0
0
0
0
0
0
0
0
0
0
0
0
0
0
0
0
0
0
0
0
0
0
0
0
0
0
0
0
0
0
0
0
0
0
0
0
0
0
0
0
0
0
0
0
0
0
0
0
0
0
0
0
0
0
0
0
0
0
0
0
0
0
0
0
0
0
0
0
0
0
0
0
0
0
0
0
0
0
0
0
0
0
0
0
0
0
0
0
0
0
0
0
0
0
0
0
0
0
0
0
0
0
0
0
0
0
0
0
0
0
0
0
0
0
0
0
0
0
0
0
0
0
0
0
0
0
0
0
0
0
0
0
0
0
0
0
0
0
0
0
0
0
0
0
0
0
0
0
0
0
0
0
0
0
0
0
0
0
0
0
0
0
0
0
0
0
0
0
0
0
0
0
0
0
0
0
0
0
0
0
0
0
0
0
0
0
0
0
0
0
0
0
0
0
0
0
0
0
0
0
0
0
0
0
0
0
0
0
0
0
0
0
0
0
0
0
0
0
0
0
0
0
0
0
0
0
0
0
0
0
0
0
0
0
0
0
0
0
0
0
0
0
0
0
0
0
0
0
0
0
0
0
0
0
0
0
0
0
0
0
0
0
0
0
0
0
0
0
0
0
0
0
0
0
0
0
0
0
0
0
0
0
0
0
0
0
0
0
0
0
0
0
0
0
0
0
0
0
0
0
0
0
0
0
0
0
0
0
0
0
0
0
0
0
0
0
0
0
0
0
0
0
0
0
0
0
0
0
0
0
0
0
0
0
0
0
0
0
0
0
0
0
0
0
0
0
0
0
0
0
0
0
0
0
0
0
0
0
0
0
0
0
0
0
0
0
0
0
0
0
0
0
0
0
0
0
0
0
0
0
0
0
0
0
0
0
0
0
0
0
0
0
0
0
0
0
0
0
0
0
0
0
0
0
0
0
0
0
0
0
0
0
0
0
0
0
0
0
0
0
0
0
0
0
0
0
0
0
0
0
0
0
0
0
0
0
0
0
0
0
0
0
0
0
0
0
0
0
0
0
0
0
0
0
0
0
0
0
0
0
0
0
0
0
0
0
0
0
0
0
0
0
0
0
0
0
0
0
0
0
0
0
0
0
0
0
0
0
0
0
0
0
0
0
0
0
0
0
0
0
0
0
0
0
0
0
0
0
0
0
0
0
0
0
0
0
0
0
0
0
0
0
0
0
0
0
0
0
0
0
0
0
0
0
0
0
0
0
0
0
0
0
0
0
0
0
0
0
0
0
0
0
0
0
0
0
0
0
0
0
0
0
0
0
0
0
0
0
0
0
0
0
0
0
0
0
0
0
0
0
0
0
0
0
0
0
0
0
0
0
0
0
0
0
0
0
0
0
0
0
0
0
0
0
0
0
0
0
0
0
0
0
0
0
0
0
0
0
0
0
0
0
0
0
0
0
0
0
0
0
0
0
0
0
0
0
0
0
0
0
0
0
0
0
0
0
0
0
0
0
0
0
0
0
0
0
0
0
0
0
0
0
0
0
0
0
0
0
0
0
0
0
0
0
0
0
0
0
0
0
0
0
0
0
0
0
0
0
0
0
0
0
0
0
0
0
0
0
0
0
0
0
0
0
0
0
0
0
0
0
0
0
0
0
0
0
0
0
0
0
0
0
0
0
0
0
0
0
0
0
0
0
0
0
0
0
0
0
0
0
0
0
0
0
0
0
0
0
0
0
0
0
0
0
0
0
0
0
0
0
0
0
0
0
0
0
0
0
0
0
0
0
0
0
0
0
0
0
0
0
0
0
0
0
0
0
0
0
0
0
0
0
0
0
0
0
0
0
0
0
0
0
0
0
0
0
0
0
0
0
0
0
0
0
0
0
0
0
0
0
0
0
0
0
0
0
0
0
0
0
0
0
0
0
0
0
0
0
0
0
0
0
0
0
0
0
0
0
0
0
0
0
0
0
0
0
0
0
0
0
0
0
0
0
0
0
0
0
0
0
0
0
0
0
0
0
0
0
0
0
0
0
0
0
0
0
0
0
0
0
0
0
0
0
0
0
0
0
0
0
0
0
0
0
0
0
0
0
0
0
0
0
0
0
0
0
0
0
0
0
0
0
0
0
0
0
0
0
0
0
0
0
0
0
0
0
0
0
0
0
0
0
0
0
0
0
0
0
0
0
0
0
0
0
0
0
0
0
0
0
0
0
0
0
0
0
0
0
0
0
0
0
0
0
0
0
0
0
0
0
0
0
0
0
0
0
0
0
0
0
0
0
0
0
0
0
0
0
0
0
0
0
0
0
0
0
0
0
0
0
0
0
0
0
0
0
0
0
0
0
0
0
0
0
0
0
0
0
0
0
0
0
0
0
0
0
0
0
0
0
0
0
0
0
0
0
0
0
0
0
0
0
0
0
0
0
0
0
0
0
0
0
0
0
0
0
0
0
0
0
0
0
0
0
0
0
0
0
0
0
0
0
0
0
0
0
0
0
0
0
0
0
0
0
0
0
0
0
0
0
0
0
0
0
0
0
0
0
0
0
0
0
0
0
0
0
0
0
0
0
0
0
0
0
0
0
0
0
0
0
0
0
0
0
0
0
0
0
0
0
0
0
0
0
0
0
0
0
0
0
0
0
0
0
0
0
0
0
0
0
0
0
0
0
0
0
0
0
0
0
0
0
0
0
0
0
0
0
0
0
0
0
0
0
0
0
0
0
0
0
0
0
0
0
0
0
0
0
0
0
0
0
0
0
0
0
0
0
0
0
0
0
0
0
0
0
0
0
0
0
0
0
0
0
0
0
0
0
0
0
0
0
0
0
0
0
0
0
0
0
0
0
0
0
0
0
0
0
0
0
0
0
0
0
0
0
0
0
0
0
0
0
0
0
0
0
0
0
0
0
0
0
0
0
0
0
0
0
0
0
0
0
0
0
0
0
0
0
0
0
0
0
0
0
0
0
0
0
0
0
0
0
0
0
0
0
0
0
0
0
0
0
0
0
0
0
0
0
0
0
0
0
0
0
0
0
0
0
0
0
0
0
0
0
0
0
0
0
0
0
0
0
0
0
0
0
0
0
0
0
0
0
0
0
0
0
0
0
0
0
0
0
0
0
0
0
0
0
0
0
0
0
0
0
0
0
0
0
0
0
0
0
0
0
0
0
0
0
0
0
0
0
0
0
0
0
0
0
0
0
0
0
0
0
0
0
0
0
0
0
0
0
0
0
0
0
0
0
0
0
0
0
0
0
0
0
0
0
0
0
0
0
0
0
0
0
0
0
0
0
0
0
0
0
0
0
0
0
0
0
0
0
0
0
0
0
0
0
0
0
0
0
0
0
0
0
0
0
0
0
0
0
0
0
0
0
0
0
0
0
0
0
0
0
0
0
0
0
0
0
0
0
0
0
0
0
0
0
0
0
0
0
0
0
0
0
0
0
0
0
0
0
0
0
0
0
0
0
0
0
0
0
0
0
0
0
0
0
0
0
0
0
0
0
0
0
0
0
0
0
0
0
0
0
0
0
0
0
0
0
0
0
0
0
0
0
0
0
0
0
0
0
0
0
0
0
0
0
0
0
0
0
0
0
0
0
0
0
0
0
0
0
0
0
0
0
0
0
0
0
0
0
0
0
0
0
0
0
0
0
0
0
0
0
0
0
0
0
0
0
0
0
0
0
0
0
0
0
0
0
0
0
0
0
0
0
0
0
0
0
0
0
0
0
0
0
0
0
0
0
0
0
0
0
0
0
0
0
0
0
0
0
0
0
0
0
0
0
0
0
0
0
0
0
0
0
0
0
0
0
0
0
0
0
0
0
0
0
0
0
0
0
0
0
0
0
0
0
0
0
0
0
0
0
0
0
0
0
0
0
0
0
0
0
0
0
0
0
0
0
0
0
0
0
0
0
0
0
0
0
0
0
0
0
0
0
0
0
0
0
0
0
0
0
0
0
0
0
0
0
0
0
0
0
0
0
0
0
0
0
0
0
0
0
0
0
0
0
0
0
0
0
0
0
0
0
0
0
0
0
0
0
0
0
0
0
0
0
0
0
0
0
0
0
0
0
0
0
0
0
0
0
0
0
0
0
0
0
0
0
0
0
0
0
0
0
0
0
0
0
0
0
0
0
0
0
0
0
0
0
0
0
0
0
0
0
0
0
0
0
0
0
0
0
0
0
0
0
0
0
0
0
0
0
0
0
0
0
0
0
0
0
0
0
0
0
0
0
0
0
0
0
0
0
0
0
0
0
0
0
0
0
0
0
0
0
0
0
0
0
0
0
0
0
0
0
0
0
0
0
0
0
0
0
0
0
0
0
0
0
0
0
0
0
0
0
0
0
0
0
0
0
0
0
0
0
0
0
0
0
0
0
0
0
0
0
0
0
0
0
0
0
0
0
0
0
0
0
0
0
0
0
0
0
0
0
0
0
0
0
0
0
0
0
0
0
0
0
0
0
0
0
0
0
0
0
0
0
0
0
0
0
0
0
0
0
0
0
0
0
0
0
0
0
0
0
0
0
0
0
0
0
0
0
0
0
0
0
0
0
0
0
0
0
0
0
0
0
0
0
0
0
0
0
0
0
0
0
0
0
)
;

boundaryField
{
    interconnectSides
    {
        type            zeroGradient;
    }
    anodeSides
    {
        type            zeroGradient;
    }
    interconnect1
    {
        type            zeroGradient;
    }
    phiEA_to_phiE0
    {
        type            zeroGradient;
    }
}


// ************************************************************************* //
