/*--------------------------------*- C++ -*----------------------------------*\
| =========                 |                                                 |
| \\      /  F ield         | OpenFOAM: The Open Source CFD Toolbox           |
|  \\    /   O peration     | Version:  2312                                  |
|   \\  /    A nd           | Website:  www.openfoam.com                      |
|    \\/     M anipulation  |                                                 |
\*---------------------------------------------------------------------------*/
FoamFile
{
    version     2.0;
    format      ascii;
    arch        "LSB;label=32;scalar=64";
    class       volScalarField;
    location    "10/phiEA";
    object      J;
}
// * * * * * * * * * * * * * * * * * * * * * * * * * * * * * * * * * * * * * //

dimensions      [0 -3 0 0 0 1 0];

internalField   nonuniform List<scalar> 
20000
(
0
0
0
0
0
0
0
0
0
0
0
0
0
0
0
0
0
0
0
0
0
0
0
0
0
0
0
0
0
0
0
0
0
0
0
0
0
0
0
0
0
0
0
0
0
0
0
0
0
0
0
0
0
0
0
0
0
0
0
0
0
0
0
0
0
0
0
0
0
0
0
0
0
0
0
0
0
0
0
0
0
0
0
0
0
0
0
0
0
0
0
0
0
0
0
0
0
0
0
0
0
0
0
0
0
51767.96
0
0
0
0
0
0
251733.5
0
0
0
0
0
0
0
0
0
0
0
0
0
0
0
0
0
0
0
0
0
0
154136.4
0
0
0
0
0
180247.1
0
0
0
0
0
0
376770.8
0
0
0
0
0
0
0
2829187
0
0
0
0
0
0
0
0
0
0
0
0
0
0
0
0
0
0
285018.5
0
0
0
0
410167.7
0
0
0
0
0
383145.2
0
0
0
0
0
0
527268.2
0
0
0
0
0
0
0
2956377
0
0
0
0
0
0
0
0
4259001
0
0
0
0
0
0
0
0
0
0
0
0
0
0
0
146024.4
0
0
0
581400
0
0
0
0
735121
0
0
0
0
0
675047.4
0
0
0
0
0
0
760464.6
0
0
0
0
0
0
0
3143510
0
0
0
0
0
0
0
0
4351956
0
0
0
0
0
0
0
0
0
5893285
673234.9
0
0
0
0
0
0
0
0
0
0
0
0
0
0
0
312503
0
0
0
824183.5
0
0
0
0
1055044
0
0
0
0
0
1043225
0
0
0
0
0
0
1101453
0
0
0
0
0
0
0
3703258
0
0
0
0
0
0
0
0
4443623
0
0
0
0
0
0
0
0
0
5981040
747567
0
0
0
0
0
0
0
0
0
7509629
1983261
0
0
0
0
0
0
0
0
0
0
0
0
0
0
0
0
396762.7
0
0
0
990923
0
0
0
0
1311231
0
0
0
0
0
1394892
0
0
0
0
0
0
1512299
0
0
0
0
0
0
0
4029580
0
0
0
0
0
0
0
0
4583951
365067.3
0
0
0
0
0
0
0
0
6062357
826148.7
0
0
0
0
0
0
0
0
0
7594090
2050460
0
0
0
0
0
0
0
0
0
0
9070771
3246015
0
0
0
0
0
0
0
0
0
0
0
0
0
0
0
0
0
396762.7
0
0
0
1073820
0
0
0
0
1485123
0
0
0
0
0
1672731
0
0
0
0
0
0
1893309
0
0
0
0
0
0
0
4360853
0
0
0
0
0
0
0
0
4804507
662854.2
0
0
0
0
0
0
0
0
6186919
946698.8
0
0
0
0
0
0
0
0
0
7664938
2116931
0
0
0
0
0
0
0
0
0
0
9153833
3308593
0
0
0
0
0
0
0
0
0
0
0
1.055109e+07
4443353
328009.7
0
0
0
0
0
0
0
0
0
0
0
0
0
0
0
0
0
312503.1
0
0
0
1073820
0
0
0
0
1571675
0
0
0
0
0
1858472
0
0
0
0
0
0
2187688
0
0
0
0
0
0
0
4669972
0
0
0
0
0
0
0
0
5085605
954167
0
0
0
0
0
0
0
0
6383855
1134505
0
0
0
0
0
0
0
0
0
7786393
2219382
0
0
0
0
0
0
0
0
0
0
9221315
3364712
0
0
0
0
0
0
0
0
0
0
0
1.063363e+07
4503300
377972
0
0
0
0
0
0
0
0
0
0
0
1.194497e+07
5562327
1321525
0
0
0
0
0
0
0
0
0
0
0
0
0
0
0
0
0
0
146024.5
0
0
0
990923
0
0
0
0
1571675
0
0
0
0
0
1951059
0
0
0
0
0
0
2382880
0
0
0
0
0
0
0
4915620
0
0
0
0
0
0
0
0
5363185
1222615
0
0
0
0
0
0
0
0
6642782
1372492
0
0
0
0
0
0
0
0
0
7972801
2379737
0
0
0
0
0
0
0
0
0
0
9334210
3460904
0
0
0
0
0
0
0
0
0
0
0
1.070074e+07
4555217
426569.7
0
0
0
0
0
0
0
0
0
0
0
1.20272e+07
5621219
1367108
0
0
0
0
0
0
0
0
0
0
0
0
1.32389e+07
6615598
2216170
0
0
0
0
0
0
0
0
0
0
0
0
0
0
0
0
0
0
0
0
0
0
0
824183.5
0
0
0
0
1485123
0
0
0
0
0
1951059
0
0
0
0
0
0
2479088
0
0
0
0
0
0
0
5082192
0
0
0
0
0
0
0
0
5588343
1433832
0
0
0
0
0
0
0
0
6902532
1605383
0
0
0
0
0
0
0
0
0
8218432
2589510
0
0
0
0
0
0
0
0
0
0
9513347
3608066
0
0
0
0
0
0
0
0
0
0
0
1.081199e+07
4642242
509901.4
0
0
0
0
0
0
0
0
0
0
0
1.209205e+07
5672052
1409938
0
0
0
0
0
0
0
0
0
0
0
0
1.332116e+07
6674181
2259600
0
0
0
0
0
0
0
0
0
0
0
0
0
1.442219e+07
7599415
3049071
287961.2
0
0
0
0
0
0
0
0
0
0
0
0
0
0
0
0
0
0
0
0
0
0
0
581400
0
0
0
0
1311231
0
0
0
0
0
1858472
0
0
0
0
0
0
2479088
0
0
0
0
0
0
0
5165468
0
0
0
0
0
0
0
0
5742085
1576683
0
0
0
0
0
0
0
0
7118312
1792208
0
0
0
0
0
0
0
0
0
8466397
2798027
0
0
0
0
0
0
0
0
0
0
9753273
3801364
0
0
0
0
0
0
0
0
0
0
0
1.098595e+07
4779892
636571.2
0
0
0
0
0
0
0
0
0
0
0
1.220228e+07
5756469
1481789
0
0
0
0
0
0
0
0
0
0
0
0
1.338542e+07
6723265
2300123
0
0
0
0
0
0
0
0
0
0
0
0
0
1.450478e+07
7658021
3092057
322412.4
0
0
0
0
0
0
0
0
0
0
0
0
0
1.549204e+07
8505163
3832139
987743.1
0
0
0
0
0
0
0
0
0
0
0
0
0
0
0
0
0
0
0
0
0
0
0
0
285018.5
0
0
0
0
1055044
0
0
0
0
0
1672731
0
0
0
0
0
0
2382880
0
0
0
0
0
0
0
5165468
0
0
0
0
0
0
0
0
5819292
1647815
0
0
0
0
0
0
0
0
7264432
1919211
0
0
0
0
0
0
0
0
0
8673405
2970244
0
0
0
0
0
0
0
0
0
0
9993108
3995107
0
0
0
0
0
0
0
0
0
0
0
1.121656e+07
4963801
802009
0
0
0
0
0
0
0
0
0
0
0
1.237305e+07
5888791
1594542
0
0
0
0
0
0
0
0
0
0
0
0
1.349406e+07
6806657
2367417
0
0
0
0
0
0
0
0
0
0
0
0
0
1.457059e+07
7706602
3130999
357156.8
0
0
0
0
0
0
0
0
0
0
0
0
0
1.557346e+07
8563983
3875154
1021217
0
0
0
0
0
0
0
0
0
0
0
0
0
0
1.644429e+07
9329405
4558560
1647604
287352.9
0
0
0
0
0
0
0
0
0
0
0
0
0
0
0
0
0
0
0
0
0
0
0
0
0
0
0
0
0
735121
0
0
0
0
0
1394892
0
0
0
0
0
0
2187689
0
0
0
0
0
0
0
5082192
0
0
0
0
0
0
0
0
5819292
1647815
0
0
0
0
0
0
0
0
7337786
1982747
0
0
0
0
0
0
0
0
0
8813781
3086514
0
0
0
0
0
0
0
0
0
0
1.019055e+07
4155870
119505.8
0
0
0
0
0
0
0
0
0
0
1.145277e+07
5147180
966131.7
0
0
0
0
0
0
0
0
0
0
0
1.259891e+07
6064332
1744280
0
0
0
0
0
0
0
0
0
0
0
0
1.366233e+07
6936401
2473048
0
0
0
0
0
0
0
0
0
0
0
0
0
1.467624e+07
7788678
3197220
414378.1
0
0
0
0
0
0
0
0
0
0
0
0
0
1.563837e+07
8613339
3913660
1053993
0
0
0
0
0
0
0
0
0
0
0
0
0
0
1.652531e+07
9387501
4601741
1681117
316221.3
0
0
0
0
0
0
0
0
0
0
0
0
0
0
1.72867e+07
1.006879e+07
5224535
2263682
882473.3
0
0
0
0
0
0
0
0
0
0
0
0
0
0
0
0
0
0
0
0
0
0
0
0
0
0
0
0
0
410167.7
0
0
0
0
0
1043225
0
0
0
0
0
0
1893310
0
0
0
0
0
0
0
4915620
0
0
0
0
0
0
0
0
5742085
1576684
0
0
0
0
0
0
0
0
7337786
1982747
0
0
0
0
0
0
0
0
0
8884076
3144825
0
0
0
0
0
0
0
0
0
0
1.032628e+07
4264565
220767
0
0
0
0
0
0
0
0
0
0
1.164569e+07
5297762
1101139
0
0
0
0
0
0
0
0
0
0
0
1.282982e+07
6243686
1892671
0
0
0
0
0
0
0
0
0
0
0
0
1.38843e+07
7108252
2613014
0
0
0
0
0
0
0
0
0
0
0
0
1.48424e+07
7916412
3300552
504181.9
0
0
0
0
0
0
0
0
0
0
0
0
0
1.57435e+07
8693351
3978756
1109808
0
0
0
0
0
0
0
0
0
0
0
0
0
0
1.659052e+07
9436317
4640600
1713508
345836
0
0
0
0
0
0
0
0
0
0
0
0
0
0
1.736903e+07
1.012664e+07
5267254
2297347
911395.1
0
0
0
0
0
0
0
0
0
0
0
0
0
0
0
1.80271e+07
1.072817e+07
5826936
2832070
1439667
0
0
0
0
0
0
0
0
0
0
0
0
0
0
0
0
0
0
0
0
0
0
0
0
0
0
0
0
154136.4
0
0
0
0
0
675047.5
0
0
0
0
0
0
1512300
0
0
0
0
0
0
0
4669972
0
0
0
0
0
0
0
0
5588343
1433833
0
0
0
0
0
0
0
0
7264432
1919211
0
0
0
0
0
0
0
0
0
8884076
3144825
0
0
0
0
0
0
0
0
0
0
1.039488e+07
4319011
271488.4
0
0
0
0
0
0
0
0
0
0
1.177812e+07
5401231
1191895
0
0
0
0
0
0
0
0
0
0
0
1.301885e+07
6390262
2013910
0
0
0
0
0
0
0
0
0
0
0
0
1.411045e+07
7283540
2755736
15155.3
0
0
0
0
0
0
0
0
0
0
0
1.506135e+07
8085208
3437533
622222.3
0
0
0
0
0
0
0
0
0
0
0
1.590851e+07
8819396
4080422
1196974
0
0
0
0
0
0
0
0
0
0
0
0
0
0
1.669564e+07
9515832
4704180
1768333
396289.7
0
0
0
0
0
0
0
0
0
0
0
0
0
0
1.743451e+07
1.01756e+07
5305755
2329901
940664.5
0
0
0
0
0
0
0
0
0
0
0
0
0
0
0
1.810867e+07
1.078662e+07
5869518
2865412
1468746
0
0
0
0
0
0
0
0
0
0
0
0
0
0
0
0
1.867006e+07
1.131217e+07
6368852
3349656
1955159
0
0
0
0
0
0
0
0
0
0
0
0
0
0
0
0
0
0
0
0
0
0
0
0
0
0
0
0
0
0
0
0
383145.2
0
0
0
0
0
0
1101453
0
0
0
0
0
0
0
4360853
0
0
0
0
0
0
0
0
5363185
1222615
0
0
0
0
0
0
0
0
7118312
1792208
0
0
0
0
0
0
0
0
0
8813781
3086515
0
0
0
0
0
0
0
0
0
0
1.039488e+07
4319011
271488.4
0
0
0
0
0
0
0
0
0
0
1.184507e+07
5453419
1237354
0
0
0
0
0
0
0
0
0
0
0
1.314847e+07
6490899
2097144
0
0
0
0
0
0
0
0
0
0
0
0
1.429631e+07
7427063
2872450
120736.1
0
0
0
0
0
0
0
0
0
0
0
1.528438e+07
8256835
3577012
742487.9
0
0
0
0
0
0
0
0
0
0
0
1.612672e+07
8985742
4214908
1312448
0
0
0
0
0
0
0
0
0
0
0
1.68604e+07
9640827
4804429
1854060
474924.2
0
0
0
0
0
0
0
0
0
0
0
0
0
0
1.753917e+07
1.025492e+07
5368853
2383505
990222.1
0
0
0
0
0
0
0
0
0
0
0
0
0
0
0
1.817435e+07
1.083568e+07
5908077
2897682
1498147
0
0
0
0
0
0
0
0
0
0
0
0
0
0
0
0
1.875211e+07
1.137044e+07
6411669
3382928
1983970
0
0
0
0
0
0
0
0
0
0
0
0
0
0
0
0
0
1.922188e+07
1.18242e+07
6852785
3818568
2425868
0
0
0
0
0
0
0
0
0
0
0
0
0
0
0
0
0
0
0
0
0
0
0
0
0
0
0
0
0
180247.1
0
0
0
0
0
0
760464.7
0
0
0
0
0
0
0
4029580
0
0
0
0
0
0
0
0
5085605
954167.3
0
0
0
0
0
0
0
0
6902533
1605383
0
0
0
0
0
0
0
0
0
8673405
2970245
0
0
0
0
0
0
0
0
0
0
1.032628e+07
4264565
220767
0
0
0
0
0
0
0
0
0
0
1.184507e+07
5453419
1237354
0
0
0
0
0
0
0
0
0
0
0
1.321372e+07
6541759
2138918
0
0
0
0
0
0
0
0
0
0
0
0
1.442352e+07
7525542
2952601
193107.4
0
0
0
0
0
0
0
0
0
0
0
1.546632e+07
8397806
3691253
840913.9
0
0
0
0
0
0
0
0
0
0
0
1.634502e+07
9154707
4351452
1429979
66407.38
0
0
0
0
0
0
0
0
0
0
1.707451e+07
9806051
4936863
1967395
578784.1
0
0
0
0
0
0
0
0
0
0
1.770234e+07
1.037926e+07
5468140
2467989
1067556
0
0
0
0
0
0
0
0
0
0
0
0
0
0
0
1.827948e+07
1.091463e+07
5970897
2950822
1546607
0
0
0
0
0
0
0
0
0
0
0
0
0
0
0
0
1.881855e+07
1.141961e+07
6450229
3415213
2013105
0
0
0
0
0
0
0
0
0
0
0
0
0
0
0
0
0
1.930417e+07
1.188282e+07
6895728
3851931
2454642
0
0
0
0
0
0
0
0
0
0
0
0
0
0
0
0
0
0
1.967937e+07
1.226872e+07
7281390
4240106
2853574
0
0
0
0
0
0
0
0
0
0
0
0
0
0
0
0
0
0
0
0
0
0
0
0
0
51767.97
0
0
0
0
0
0
527268.3
0
0
0
0
0
0
0
3703258
0
0
0
0
0
0
0
0
4804507
662854.5
0
0
0
0
0
0
0
0
6642782
1372492
0
0
0
0
0
0
0
0
0
8466397
2798027
0
0
0
0
0
0
0
0
0
0
1.019056e+07
4155870
119505.9
0
0
0
0
0
0
0
0
0
0
1.177812e+07
5401231
1191895
0
0
0
0
0
0
0
0
0
0
0
1.321372e+07
6541759
2138918
0
0
0
0
0
0
0
0
0
0
0
0
1.44875e+07
7575124
2993099
229015.6
0
0
0
0
0
0
0
0
0
0
0
1.559137e+07
8494395
3769684
908527.8
0
0
0
0
0
0
0
0
0
0
0
1.65243e+07
9292782
4463580
1526306
155180.9
0
0
0
0
0
0
0
0
0
0
1.729008e+07
9971636
5071104
2082437
684661.5
0
0
0
0
0
0
0
0
0
0
1.791655e+07
1.054165e+07
5599309
2579532
1169476
0
0
0
0
0
0
0
0
0
0
1.844301e+07
1.103794e+07
6069363
3034421
1622810
0
0
0
0
0
0
0
0
0
0
0
0
0
0
0
0
1.892419e+07
1.14987e+07
6512719
3468054
2061131
0
0
0
0
0
0
0
0
0
0
0
0
0
0
0
0
0
1.937108e+07
1.193244e+07
6934327
3884172
2483784
0
0
0
0
0
0
0
0
0
0
0
0
0
0
0
0
0
0
1.976398e+07
1.232754e+07
7324599
4273713
2882428
0
0
0
0
0
0
0
0
0
0
0
0
0
0
0
0
0
0
0
2.005625e+07
1.264271e+07
7657629
4616433
3239147
0
0
0
0
0
0
0
0
0
0
0
0
0
0
0
0
0
0
0
0
0
0
0
0
0
0
0
376770.9
0
0
0
0
0
0
0
3143510
0
0
0
0
0
0
0
0
4583951
365067.5
0
0
0
0
0
0
0
0
6383855
1134505
0
0
0
0
0
0
0
0
0
8218433
2589510
0
0
0
0
0
0
0
0
0
0
9993109
3995107
0
0
0
0
0
0
0
0
0
0
0
1.164569e+07
5297762
1101139
0
0
0
0
0
0
0
0
0
0
0
1.314847e+07
6490899
2097144
0
0
0
0
0
0
0
0
0
0
0
0
1.44875e+07
7575124
2993099
229015.7
0
0
0
0
0
0
0
0
0
0
0
1.565458e+07
8543004
3809184
942689.4
0
0
0
0
0
0
0
0
0
0
0
1.66476e+07
9387688
4540483
1592472
216195.1
0
0
0
0
0
0
0
0
0
0
1.746859e+07
1.010761e+07
5180974
2176941
771541.3
0
0
0
0
0
0
0
0
0
0
1.813037e+07
1.070504e+07
5730981
2692533
1273098
0
0
0
0
0
0
0
0
0
0
1.865455e+07
1.119973e+07
6198432
3144692
1723093
0
0
0
0
0
0
0
0
0
0
1.908752e+07
1.162172e+07
6610446
3550803
2136517
0
0
0
0
0
0
0
0
0
0
0
0
0
0
0
0
0
1.947809e+07
1.201186e+07
6996769
3936697
2531532
0
0
0
0
0
0
0
0
0
0
0
0
0
0
0
0
0
0
1.983168e+07
1.237745e+07
7363465
4305951
2911519
0
0
0
0
0
0
0
0
0
0
0
0
0
0
0
0
0
0
0
2.014095e+07
1.270303e+07
7701032
4650264
3268255
0
0
0
0
0
0
0
0
0
0
0
0
0
0
0
0
0
0
0
0
2.036693e+07
1.295658e+07
7978865
4949504
3584496
0
0
0
0
0
0
0
0
0
0
0
0
0
0
0
0
0
0
0
0
0
251733.5
0
0
0
0
0
0
0
2956377
0
0
0
0
0
0
0
0
4443623
0
0
0
0
0
0
0
0
0
6186919
946698.9
0
0
0
0
0
0
0
0
0
7972801
2379737
0
0
0
0
0
0
0
0
0
0
9753273
3801364
0
0
0
0
0
0
0
0
0
0
0
1.145277e+07
5147180
966131.8
0
0
0
0
0
0
0
0
0
0
0
1.301885e+07
6390262
2013910
0
0
0
0
0
0
0
0
0
0
0
0
1.442352e+07
7525542
2952602
193107.6
0
0
0
0
0
0
0
0
0
0
0
1.565458e+07
8543004
3809184
942689.4
0
0
0
0
0
0
0
0
0
0
0
1.670971e+07
9435636
4579200
1625806
247027.7
0
0
0
0
0
0
0
0
0
0
1.759024e+07
1.020111e+07
5256507
2241810
831251.7
0
0
0
0
0
0
0
0
0
0
1.830558e+07
1.083988e+07
5839117
2785150
1358322
0
0
0
0
0
0
0
0
0
0
1.886661e+07
1.136161e+07
6328283
3255572
1824845
0
0
0
0
0
0
0
0
0
0
1.930014e+07
1.178179e+07
6738579
3659370
2235604
0
0
0
0
0
0
0
0
0
0
1.964171e+07
1.213492e+07
7093895
4018841
2606121
0
0
0
0
0
0
0
0
0
0
0
0
0
0
0
0
0
0
1.993858e+07
1.24572e+07
7426092
4358344
2958965
0
0
0
0
0
0
0
0
0
0
0
0
0
0
0
0
0
0
0
2.020704e+07
1.275345e+07
7740066
4682659
3297330
0
0
0
0
0
0
0
0
0
0
0
0
0
0
0
0
0
0
0
0
2.04499e+07
1.301675e+07
8023271
4983524
3613815
0
0
0
0
0
0
0
0
0
0
0
0
0
0
0
0
0
0
0
0
0
2.061408e+07
1.322025e+07
8253137
5237066
3891112
0
0
0
0
0
0
0
0
0
0
0
0
0
0
0
0
0
0
0
0
0
0
2829187
0
0
0
0
0
0
0
0
4351956
0
0
0
0
0
0
0
0
0
6062357
826148.7
0
0
0
0
0
0
0
0
0
7786393
2219382
0
0
0
0
0
0
0
0
0
0
9513347
3608067
0
0
0
0
0
0
0
0
0
0
0
1.121656e+07
4963802
802009.1
0
0
0
0
0
0
0
0
0
0
0
1.282982e+07
6243686
1892671
0
0
0
0
0
0
0
0
0
0
0
0
1.429631e+07
7427063
2872451
120736.3
0
0
0
0
0
0
0
0
0
0
0
1.559137e+07
8494396
3769684
908528
0
0
0
0
0
0
0
0
0
0
0
1.670971e+07
9435637
4579200
1625806
247027.8
0
0
0
0
0
0
0
0
0
0
1.765139e+07
1.024823e+07
5294656
2274479
861339.6
0
0
0
0
0
0
0
0
0
0
1.842587e+07
1.093205e+07
5913484
2848843
1416858
0
0
0
0
0
0
0
0
0
0
1.90414e+07
1.149426e+07
6435169
3346681
1908357
0
0
0
0
0
0
0
0
0
0
1.95116e+07
1.194219e+07
6867076
3768664
2335431
0
0
0
0
0
0
0
0
0
0
1.98531e+07
1.229499e+07
7220826
4126359
2703669
0
0
0
0
0
0
0
0
0
0
2.010348e+07
1.258033e+07
7523317
4439775
3032997
0
0
0
0
0
0
0
0
0
0
0
0
0
0
0
0
0
0
0
2.031388e+07
1.283356e+07
7802506
4735140
3344634
0
0
0
0
0
0
0
0
0
0
0
0
0
0
0
0
0
0
0
0
2.051823e+07
1.306574e+07
8062643
5016032
3643006
0
0
0
0
0
0
0
0
0
0
0
0
0
0
0
0
0
0
0
0
0
2.069916e+07
1.327963e+07
8297316
5271835
3920619
0
0
0
0
0
0
0
0
0
0
0
0
0
0
0
0
0
0
0
0
0
0
2.080328e+07
1.343639e+07
8487685
5485629
4157020
0
0
0
0
0
0
0
0
0
0
0
0
0
0
0
0
0
0
0
0
0
0
0
4259001
0
0
0
0
0
0
0
0
0
5981041
747567.1
0
0
0
0
0
0
0
0
0
7664938
2116931
0
0
0
0
0
0
0
0
0
0
9334210
3460904
0
0
0
0
0
0
0
0
0
0
0
1.098595e+07
4779892
636571.3
0
0
0
0
0
0
0
0
0
0
0
1.259891e+07
6064333
1744280
0
0
0
0
0
0
0
0
0
0
0
0
1.411045e+07
7283540
2755736
15155.54
0
0
0
0
0
0
0
0
0
0
0
1.546632e+07
8397806
3691254
840914.2
0
0
0
0
0
0
0
0
0
0
0
1.66476e+07
9387688
4540483
1592473
216195.2
0
0
0
0
0
0
0
0
0
0
1.765139e+07
1.024823e+07
5294656
2274479
861339.6
0
0
0
0
0
0
0
0
0
0
1.84864e+07
1.097841e+07
5950969
2881009
1446345
0
0
0
0
0
0
0
0
0
0
1.916027e+07
1.158534e+07
6508421
3409358
1965821
0
0
0
0
0
0
0
0
0
0
1.968433e+07
1.20739e+07
6972404
3858539
2417559
0
0
0
0
0
0
0
0
0
0
2.006467e+07
1.245471e+07
7348045
4234409
2802042
0
0
0
0
0
0
0
0
0
0
2.031509e+07
1.273983e+07
7649686
4546342
3129526
0
0
0
0
0
0
0
0
0
0
2.047808e+07
1.295688e+07
7899666
4816655
3417971
0
0
0
0
0
0
0
0
0
0
0
0
0
0
0
0
0
0
0
0
2.062655e+07
1.314578e+07
8125622
5068115
3690358
0
0
0
0
0
0
0
0
0
0
0
0
0
0
0
0
0
0
0
0
0
2.076661e+07
1.333044e+07
8335427
5304573
3949908
0
0
0
0
0
0
0
0
0
0
0
0
0
0
0
0
0
0
0
0
0
0
2.08885e+07
1.349711e+07
8531576
5520160
4187184
0
0
0
0
0
0
0
0
0
0
0
0
0
0
0
0
0
0
0
0
0
0
0
2.096202e+07
1.36093e+07
8685062
5700924
4387941
0
0
0
0
0
0
0
0
0
0
0
0
0
0
0
0
0
0
0
0
0
0
0
0
5893285
673235
0
0
0
0
0
0
0
0
0
7594090
2050460
0
0
0
0
0
0
0
0
0
0
9221315
3364712
0
0
0
0
0
0
0
0
0
0
0
1.081199e+07
4642242
509901.5
0
0
0
0
0
0
0
0
0
0
0
1.237305e+07
5888791
1594542
0
0
0
0
0
0
0
0
0
0
0
0
1.38843e+07
7108252
2613014
0
0
0
0
0
0
0
0
0
0
0
0
1.528438e+07
8256836
3577013
742488.1
0
0
0
0
0
0
0
0
0
0
0
1.65243e+07
9292782
4463580
1526306
155181.1
0
0
0
0
0
0
0
0
0
0
1.759024e+07
1.020111e+07
5256507
2241810
831251.8
0
0
0
0
0
0
0
0
0
0
1.84864e+07
1.097841e+07
5950970
2881009
1446345
0
0
0
0
0
0
0
0
0
0
1.921978e+07
1.163118e+07
6545292
3440960
1994847
0
0
0
0
0
0
0
0
0
0
1.980253e+07
1.216384e+07
7044733
3920247
2474090
0
0
0
0
0
0
0
0
0
0
2.023637e+07
1.258522e+07
7452208
4323041
2883014
0
0
0
0
0
0
0
0
0
0
2.052556e+07
1.289891e+07
7776166
4653242
3226735
0
0
0
0
0
0
0
0
0
0
2.068978e+07
1.311633e+07
8025780
4922422
3513637
0
0
0
0
0
0
0
0
0
0
2.079155e+07
1.326908e+07
8222397
5149498
3763751
0
0
0
0
0
0
0
0
0
0
0
0
0
0
0
0
0
0
0
0
0
2.087535e+07
1.341077e+07
8398311
5357222
3996846
0
0
0
0
0
0
0
0
0
0
0
0
0
0
0
0
0
0
0
0
0
0
2.095637e+07
1.354744e+07
8571167
5551782
4216660
0
0
0
0
0
0
0
0
0
0
0
0
0
0
0
0
0
0
0
0
0
0
0
2.104557e+07
1.367013e+07
8729849
5735403
4417893
0
0
0
0
0
0
0
0
0
0
0
0
0
0
0
0
0
0
0
0
0
0
0
0
2.107942e+07
1.375984e+07
8848730
5885367
4588951
0
0
0
0
0
0
0
0
0
0
0
0
0
0
0
0
0
0
0
0
0
0
0
0
0
7509629
1983261
0
0
0
0
0
0
0
0
0
0
9153833
3308593
0
0
0
0
0
0
0
0
0
0
0
1.070074e+07
4555217
426569.7
0
0
0
0
0
0
0
0
0
0
0
1.220228e+07
5756470
1481790
0
0
0
0
0
0
0
0
0
0
0
0
1.366233e+07
6936401
2473048
0
0
0
0
0
0
0
0
0
0
0
0
0
1.506135e+07
8085208
3437533
622222.6
0
0
0
0
0
0
0
0
0
0
0
1.634502e+07
9154707
4351452
1429979
66407.61
0
0
0
0
0
0
0
0
0
0
1.746859e+07
1.010761e+07
5180975
2176941
771541.4
0
0
0
0
0
0
0
0
0
0
1.842587e+07
1.093205e+07
5913485
2848843
1416858
0
0
0
0
0
0
0
0
0
0
1.921978e+07
1.163118e+07
6545292
3440960
1994847
0
0
0
0
0
0
0
0
0
0
1.98622e+07
1.220893e+07
7081156
3951324
2502601
0
0
0
0
0
0
0
0
0
0
2.035425e+07
1.267458e+07
7523601
4383927
2938664
0
0
0
0
0
0
0
0
0
0
2.069686e+07
1.302852e+07
7879578
4740668
3306577
0
0
0
0
0
0
0
0
0
0
2.089945e+07
1.327499e+07
8151262
5028566
3609776
0
0
0
0
0
0
0
0
0
0
2.100317e+07
1.342782e+07
8348284
5255126
3858600
0
0
0
0
0
0
0
0
0
0
0
2.104156e+07
1.353453e+07
8495366
5437976
4070092
0
0
0
0
0
0
0
0
0
0
0
0
0
0
0
0
0
0
0
0
0
0
2.106569e+07
1.362869e+07
8633744
5604319
4264120
0
0
0
0
0
0
0
0
0
0
0
0
0
0
0
0
0
0
0
0
0
0
0
2.111557e+07
1.37207e+07
8769168
5768273
4446356
0
0
0
0
0
0
0
0
0
0
0
0
0
0
0
0
0
0
0
0
0
0
0
0
2.11635e+07
1.381965e+07
8893604
5920503
4618911
0
0
0
0
0
0
0
0
0
0
0
0
0
0
0
0
0
0
0
0
0
0
0
0
0
2.115271e+07
1.387937e+07
8995082
6041878
4762304
0
0
0
0
0
0
0
0
0
0
0
0
0
0
0
0
0
0
0
0
0
0
0
0
0
9070771
3246015
0
0
0
0
0
0
0
0
0
0
0
1.063363e+07
4503300
377972
0
0
0
0
0
0
0
0
0
0
0
1.209206e+07
5672052
1409938
0
0
0
0
0
0
0
0
0
0
0
0
1.349406e+07
6806657
2367417
0
0
0
0
0
0
0
0
0
0
0
0
0
1.48424e+07
7916412
3300552
504182.1
0
0
0
0
0
0
0
0
0
0
0
0
0
1.612672e+07
8985742
4214908
1312448
0
0
0
0
0
0
0
0
0
0
0
1.729008e+07
9971637
5071105
2082437
684661.7
0
0
0
0
0
0
0
0
0
0
1.830558e+07
1.083988e+07
5839117
2785150
1358322
0
0
0
0
0
0
0
0
0
0
1.916027e+07
1.158534e+07
6508421
3409358
1965821
0
0
0
0
0
0
0
0
0
0
1.98622e+07
1.220893e+07
7081156
3951324
2502601
0
0
0
0
0
0
0
0
0
0
2.041401e+07
1.271968e+07
7559435
4414600
2966698
0
0
0
0
0
0
0
0
0
0
2.081445e+07
1.311751e+07
7950428
4800744
3361461
0
0
0
0
0
0
0
0
0
0
2.106989e+07
1.340419e+07
8253870
5115433
3688472
0
0
0
0
0
0
0
0
0
0
2.12133e+07
1.358572e+07
8473653
5360153
3954002
0
0
0
0
0
0
0
0
0
0
0
2.125372e+07
1.369369e+07
8620179
5543285
4164817
0
0
0
0
0
0
0
0
0
0
0
0
2.123235e+07
1.375248e+07
8731047
5685447
4336716
0
0
0
0
0
0
0
0
0
0
0
0
0
0
0
0
0
0
0
0
0
0
0
2.122583e+07
1.380228e+07
8832808
5820256
4493703
0
0
0
0
0
0
0
0
0
0
0
0
0
0
0
0
0
0
0
0
0
0
0
0
2.123453e+07
1.38707e+07
8933043
5953187
4648488
0
0
0
0
0
0
0
0
0
0
0
0
0
0
0
0
0
0
0
0
0
0
0
0
0
2.123911e+07
1.393959e+07
9039324
6077090
4792832
0
0
0
0
0
0
0
0
0
0
0
0
0
0
0
0
0
0
0
0
0
0
0
0
0
2.119589e+07
1.396683e+07
9117359
6184018
4910620
0
0
0
0
0
0
0
0
0
0
0
0
0
0
0
0
0
0
0
0
0
0
0
0
0
1.055109e+07
4443353
328009.8
0
0
0
0
0
0
0
0
0
0
0
1.20272e+07
5621219
1367108
0
0
0
0
0
0
0
0
0
0
0
0
1.338542e+07
6723266
2300123
0
0
0
0
0
0
0
0
0
0
0
0
0
1.467624e+07
7788678
3197220
414378.3
0
0
0
0
0
0
0
0
0
0
0
0
0
1.590851e+07
8819396
4080422
1196975
0
0
0
0
0
0
0
0
0
0
0
0
0
0
1.707451e+07
9806052
4936864
1967395
578784.2
0
0
0
0
0
0
0
0
0
0
1.813037e+07
1.070504e+07
5730982
2692534
1273098
0
0
0
0
0
0
0
0
0
0
1.90414e+07
1.149426e+07
6435170
3346682
1908358
0
0
0
0
0
0
0
0
0
0
1.980253e+07
1.216384e+07
7044733
3920247
2474090
0
0
0
0
0
0
0
0
0
0
2.041401e+07
1.271969e+07
7559435
4414600
2966698
0
0
0
0
0
0
0
0
0
0
2.087449e+07
1.316268e+07
7986195
4830925
3389119
0
0
0
0
0
0
0
0
0
0
2.118677e+07
1.349286e+07
8324337
5174993
3742616
0
0
0
0
0
0
0
0
0
0
2.138372e+07
1.371417e+07
8575839
5446283
4032187
0
0
0
0
0
0
0
0
0
0
0
2.146347e+07
1.385112e+07
8744821
5648298
4259128
0
0
0
0
0
0
0
0
0
0
0
0
2.14447e+07
1.391188e+07
8856469
5789562
4431104
0
0
0
0
0
0
0
0
0
0
0
0
0
2.139312e+07
1.39267e+07
8929536
5901512
4566658
0
0
0
0
0
0
0
0
0
0
0
0
0
0
0
0
0
0
0
0
0
0
0
0
2.134603e+07
1.395285e+07
8996847
6006219
4695259
0
0
0
0
0
0
0
0
0
0
0
0
0
0
0
0
0
0
0
0
0
0
0
0
0
2.131117e+07
1.399215e+07
9078418
6109826
4822246
0
0
0
0
0
0
0
0
0
0
0
0
0
0
0
0
0
0
0
0
0
0
0
0
0
2.128207e+07
1.402851e+07
9161921
6218815
4941223
0
0
0
0
0
0
0
0
0
0
0
0
0
0
0
0
0
0
0
0
0
0
0
0
0
2.120937e+07
1.403274e+07
9215303
6306423
5045973
0
0
0
0
0
0
0
0
0
0
0
0
0
0
0
0
0
0
0
0
0
0
0
0
0
1.194497e+07
5562327
1321525
0
0
0
0
0
0
0
0
0
0
0
0
1.332117e+07
6674181
2259601
0
0
0
0
0
0
0
0
0
0
0
0
0
1.457059e+07
7706602
3130999
357156.9
0
0
0
0
0
0
0
0
0
0
0
0
0
1.57435e+07
8693351
3978756
1109808
0
0
0
0
0
0
0
0
0
0
0
0
0
0
1.68604e+07
9640827
4804429
1854060
474924.3
0
0
0
0
0
0
0
0
0
0
0
0
0
0
1.791656e+07
1.054165e+07
5599310
2579533
1169476
0
0
0
0
0
0
0
0
0
0
1.886661e+07
1.136161e+07
6328283
3255572
1824846
0
0
0
0
0
0
0
0
0
0
1.968433e+07
1.20739e+07
6972405
3858539
2417559
0
0
0
0
0
0
0
0
0
0
2.035425e+07
1.267458e+07
7523601
4383927
2938664
0
0
0
0
0
0
0
0
0
0
2.087449e+07
1.316268e+07
7986196
4830925
3389119
0
0
0
0
0
0
0
0
0
0
2.124597e+07
1.353795e+07
8360134
5205065
3769829
0
0
0
0
0
0
0
0
0
0
2.149992e+07
1.380226e+07
8645966
5505460
4085835
0
0
0
0
0
0
0
0
0
0
0
2.16338e+07
1.397938e+07
8846333
5733995
4336625
0
0
0
0
0
0
0
0
0
0
0
0
2.16544e+07
1.406958e+07
8980183
5893885
4525397
0
0
0
0
0
0
0
0
0
0
0
0
0
2.160619e+07
1.408557e+07
9054975
6006260
4659889
0
0
0
0
0
0
0
0
0
0
0
0
0
0
2.151413e+07
1.407788e+07
9094214
6086646
4768301
0
0
0
0
0
0
0
0
0
0
0
0
0
0
0
0
0
0
0
0
0
0
0
0
0
2.142364e+07
1.40748e+07
9142559
6162920
4869988
0
0
0
0
0
0
0
0
0
0
0
0
0
0
0
0
0
0
0
0
0
0
0
0
0
2.135366e+07
1.408174e+07
9202644
6250867
4970666
0
0
0
0
0
0
0
0
0
0
0
0
0
0
0
0
0
0
0
0
0
0
0
0
0
2.129589e+07
1.409426e+07
9260831
6341484
5076251
0
0
0
0
0
0
0
0
0
0
0
0
0
0
0
0
0
0
0
0
0
0
0
0
0
2.120529e+07
1.407685e+07
9297034
6409128
5163791
0
0
0
0
0
0
0
0
0
0
0
0
0
0
0
0
0
0
0
0
0
0
0
0
0
1.32389e+07
6615598
2216170
0
0
0
0
0
0
0
0
0
0
0
0
0
1.450478e+07
7658022
3092057
322412.5
0
0
0
0
0
0
0
0
0
0
0
0
0
1.563837e+07
8613339
3913660
1053993
0
0
0
0
0
0
0
0
0
0
0
0
0
0
1.669564e+07
9515832
4704181
1768333
396289.8
0
0
0
0
0
0
0
0
0
0
0
0
0
0
1.770234e+07
1.037926e+07
5468140
2467990
1067557
0
0
0
0
0
0
0
0
0
0
0
0
0
0
0
1.865456e+07
1.119973e+07
6198432
3144693
1723093
0
0
0
0
0
0
0
0
0
0
1.95116e+07
1.194219e+07
6867076
3768664
2335431
0
0
0
0
0
0
0
0
0
0
2.023638e+07
1.258522e+07
7452208
4323041
2883014
0
0
0
0
0
0
0
0
0
0
2.081445e+07
1.311751e+07
7950429
4800744
3361461
0
0
0
0
0
0
0
0
0
0
2.124597e+07
1.353795e+07
8360135
5205066
3769829
0
0
0
0
0
0
0
0
0
0
2.155849e+07
1.384692e+07
8681512
5535540
4112930
0
0
0
0
0
0
0
0
0
0
0
2.174987e+07
1.406693e+07
8915951
5792827
4389906
0
0
0
0
0
0
0
0
0
0
0
0
2.182447e+07
1.419755e+07
9081408
5978958
4602465
0
0
0
0
0
0
0
0
0
0
0
0
0
2.181605e+07
1.424305e+07
9179228
6109489
4753531
0
0
0
0
0
0
0
0
0
0
0
0
0
0
2.172791e+07
1.423681e+07
9218763
6191292
4862119
0
0
0
0
0
0
0
0
0
0
0
0
0
0
0
2.159296e+07
1.419974e+07
9240453
6243930
4942185
0
0
0
0
0
0
0
0
0
0
0
0
0
0
0
0
0
0
0
0
0
0
0
0
0
2.146639e+07
1.416529e+07
9266868
6304175
5018434
0
0
0
0
0
0
0
0
0
0
0
0
0
0
0
0
0
0
0
0
0
0
0
0
0
2.136857e+07
1.414615e+07
9301984
6375110
5104977
0
0
0
0
0
0
0
0
0
0
0
0
0
0
0
0
0
0
0
0
0
0
0
0
0
2.129196e+07
1.413865e+07
9342464
6444890
5194305
0
0
0
0
0
0
0
0
0
0
0
0
0
0
0
0
0
0
0
0
0
0
0
0
0
2.120757e+07
1.410905e+07
9362385
6498699
5264126
0
0
0
0
0
0
0
0
0
0
0
0
0
0
0
0
0
0
0
0
0
0
0
0
0
1.442219e+07
7599415
3049071
287961.3
0
0
0
0
0
0
0
0
0
0
0
0
0
1.557346e+07
8563983
3875154
1021217
0
0
0
0
0
0
0
0
0
0
0
0
0
0
1.659052e+07
9436317
4640601
1713508
345836.1
0
0
0
0
0
0
0
0
0
0
0
0
0
0
1.753917e+07
1.025492e+07
5368853
2383505
990222.2
0
0
0
0
0
0
0
0
0
0
0
0
0
0
0
1.844301e+07
1.103794e+07
6069363
3034421
1622810
0
0
0
0
0
0
0
0
0
0
0
0
0
0
0
0
1.930014e+07
1.178179e+07
6738579
3659370
2235604
0
0
0
0
0
0
0
0
0
0
2.006467e+07
1.245471e+07
7348045
4234410
2802043
0
0
0
0
0
0
0
0
0
0
2.069686e+07
1.302852e+07
7879579
4740668
3306577
0
0
0
0
0
0
0
0
0
0
2.118677e+07
1.349286e+07
8324337
5174994
3742616
0
0
0
0
0
0
0
0
0
0
2.155849e+07
1.384692e+07
8681512
5535540
4112930
0
0
0
0
0
0
0
0
0
0
0
2.180823e+07
1.411106e+07
8951286
5822588
4416997
0
0
0
0
0
0
0
0
0
0
0
0
2.194027e+07
1.428432e+07
9150580
6037328
4655412
0
0
0
0
0
0
0
0
0
0
0
0
0
2.1986e+07
1.437085e+07
9280054
6194238
4830013
0
0
0
0
0
0
0
0
0
0
0
0
0
0
2.193814e+07
1.439423e+07
9342675
6295113
4954685
0
0
0
0
0
0
0
0
0
0
0
0
0
0
0
2.18079e+07
1.435982e+07
9364698
6347548
5035866
0
0
0
0
0
0
0
0
0
0
0
0
0
0
0
2.163637e+07
1.429063e+07
9364200
6385632
5091155
0
0
0
0
0
0
0
0
0
0
0
0
0
0
0
0
0
0
0
0
0
0
0
0
0
2.148153e+07
1.422983e+07
9366988
6428297
5152917
0
0
0
0
0
0
0
0
0
0
0
0
0
0
0
0
0
0
0
0
0
0
0
0
0
2.136524e+07
1.41922e+07
9381917
6478810
5224488
0
0
0
0
0
0
0
0
0
0
0
0
0
0
0
0
0
0
0
0
0
0
0
0
0
2.12918e+07
1.417094e+07
9408038
6534407
5295244
0
0
0
0
0
0
0
0
0
0
0
0
0
0
0
0
0
0
0
0
0
0
0
0
0
2.120207e+07
1.414737e+07
9419537
6575269
5352726
0
0
0
0
0
0
0
0
0
0
0
0
0
0
0
0
0
0
0
0
0
0
0
0
0
1.549204e+07
8505164
3832139
987743.1
0
0
0
0
0
0
0
0
0
0
0
0
0
0
1.652531e+07
9387501
4601741
1681117
316221.4
0
0
0
0
0
0
0
0
0
0
0
0
0
0
1.743451e+07
1.01756e+07
5305755
2329901
940664.6
0
0
0
0
0
0
0
0
0
0
0
0
0
0
0
1.827948e+07
1.091463e+07
5970897
2950822
1546608
0
0
0
0
0
0
0
0
0
0
0
0
0
0
0
0
1.908752e+07
1.162172e+07
6610446
3550803
2136518
0
0
0
0
0
0
0
0
0
0
0
0
0
0
0
0
0
1.98531e+07
1.229499e+07
7220827
4126359
2703669
0
0
0
0
0
0
0
0
0
0
2.052556e+07
1.289891e+07
7776167
4653243
3226735
0
0
0
0
0
0
0
0
0
0
2.106989e+07
1.340419e+07
8253870
5115435
3688472
0
0
0
0
0
0
0
0
0
0
2.149993e+07
1.380226e+07
8645966
5505461
4085836
0
0
0
0
0
0
0
0
0
0
0
2.180823e+07
1.411106e+07
8951286
5822588
4416997
0
0
0
0
0
0
0
0
0
0
0
0
2.199858e+07
1.432823e+07
9185450
6066973
4682185
0
0
0
0
0
0
0
0
0
0
0
0
0
2.210164e+07
1.445795e+07
9348156
6252213
4882525
0
0
0
0
0
0
0
0
0
0
0
0
0
0
2.210777e+07
1.452183e+07
9443343
6379417
5030845
0
0
0
0
0
0
0
0
0
0
0
0
0
0
0
2.201887e+07
1.451708e+07
9488414
6450967
5128983
0
0
0
0
0
0
0
0
0
0
0
0
0
0
0
2.185123e+07
1.445136e+07
9489692
6488776
5183829
0
0
0
0
0
0
0
0
0
0
0
0
0
0
0
2.165248e+07
1.435643e+07
9464251
6508993
5226034
0
0
0
0
0
0
0
0
0
0
0
0
0
0
0
0
0
0
0
0
0
0
0
0
0
2.147941e+07
1.427495e+07
9446962
6532666
5272257
0
0
0
0
0
0
0
0
0
0
0
0
0
0
0
0
0
0
0
0
0
0
0
0
0
2.136402e+07
1.422486e+07
9449316
6566563
5325667
0
0
0
0
0
0
0
0
0
0
0
0
0
0
0
0
0
0
0
0
0
0
0
0
0
2.128835e+07
1.42075e+07
9465242
6611161
5383816
0
0
0
0
0
0
0
0
0
0
0
0
0
0
0
0
0
0
0
0
0
0
0
0
0
2.120866e+07
1.418029e+07
9482489
6645815
5429925
0
0
0
0
0
0
0
0
0
0
0
0
0
0
0
0
0
0
0
0
0
0
0
0
0
1.644429e+07
9329405
4558560
1647604
287353
0
0
0
0
0
0
0
0
0
0
0
0
0
0
1.736903e+07
1.012664e+07
5267255
2297347
911395.2
0
0
0
0
0
0
0
0
0
0
0
0
0
0
0
1.817435e+07
1.083568e+07
5908077
2897683
1498147
0
0
0
0
0
0
0
0
0
0
0
0
0
0
0
0
1.892419e+07
1.14987e+07
6512719
3468054
2061131
0
0
0
0
0
0
0
0
0
0
0
0
0
0
0
0
0
1.964171e+07
1.213492e+07
7093895
4018841
2606122
0
0
0
0
0
0
0
0
0
0
0
0
0
0
0
0
0
0
2.031509e+07
1.273983e+07
7649687
4546342
3129526
0
0
0
0
0
0
0
0
0
0
2.089945e+07
1.327499e+07
8151262
5028568
3609776
0
0
0
0
0
0
0
0
0
0
2.138372e+07
1.371417e+07
8575840
5446283
4032188
0
0
0
0
0
0
0
0
0
0
0
2.174987e+07
1.406693e+07
8915952
5792827
4389906
0
0
0
0
0
0
0
0
0
0
0
0
2.199858e+07
1.432823e+07
9185450
6066974
4682185
0
0
0
0
0
0
0
0
0
0
0
0
0
2.215984e+07
1.450181e+07
9382822
6281445
4909205
0
0
0
0
0
0
0
0
0
0
0
0
0
0
2.222324e+07
1.460873e+07
9512023
6436250
5082991
0
0
0
0
0
0
0
0
0
0
0
0
0
0
0
2.218905e+07
1.464378e+07
9588815
6535101
5204704
0
0
0
0
0
0
0
0
0
0
0
0
0
0
0
2.206228e+07
1.460934e+07
9612968
6591925
5276541
0
0
0
0
0
0
0
0
0
0
0
0
0
0
0
2.186869e+07
1.451604e+07
9590057
6613335
5318212
0
0
0
0
0
0
0
0
0
0
0
0
0
0
0
2.165027e+07
1.440208e+07
9545679
6613066
5344599
0
0
0
0
0
0
0
0
0
0
0
0
0
0
0
0
0
0
0
0
0
0
0
0
0
2.147862e+07
1.430932e+07
9512880
6620409
5374035
0
0
0
0
0
0
0
0
0
0
0
0
0
0
0
0
0
0
0
0
0
0
0
0
0
2.135979e+07
1.425965e+07
9506713
6645103
5412570
0
0
0
0
0
0
0
0
0
0
0
0
0
0
0
0
0
0
0
0
0
0
0
0
0
2.129514e+07
1.424192e+07
9526876
6681740
5461181
0
0
0
0
0
0
0
0
0
0
0
0
0
0
0
0
0
0
0
0
0
0
0
0
0
2.123407e+07
1.422209e+07
9541869
6721773
5501981
0
0
0
0
0
0
0
0
0
0
0
0
0
0
0
0
0
0
0
0
0
0
0
0
0
1.72867e+07
1.006879e+07
5224536
2263682
882473.4
0
0
0
0
0
0
0
0
0
0
0
0
0
0
0
1.810867e+07
1.078662e+07
5869519
2865412
1468746
0
0
0
0
0
0
0
0
0
0
0
0
0
0
0
0
1.881855e+07
1.141961e+07
6450230
3415213
2013105
0
0
0
0
0
0
0
0
0
0
0
0
0
0
0
0
0
1.947809e+07
1.201186e+07
6996770
3936697
2531532
0
0
0
0
0
0
0
0
0
0
0
0
0
0
0
0
0
0
2.010348e+07
1.258033e+07
7523318
4439775
3032997
0
0
0
0
0
0
0
0
0
0
0
0
0
0
0
0
0
0
0
2.068978e+07
1.311633e+07
8025781
4922423
3513638
0
0
0
0
0
0
0
0
0
0
2.12133e+07
1.358572e+07
8473654
5360153
3954003
0
0
0
0
0
0
0
0
0
0
0
2.16338e+07
1.397938e+07
8846334
5733995
4336626
0
0
0
0
0
0
0
0
0
0
0
0
2.194028e+07
1.428431e+07
9150581
6037329
4655412
0
0
0
0
0
0
0
0
0
0
0
0
0
2.215985e+07
1.450182e+07
9382822
6281446
4909206
0
0
0
0
0
0
0
0
0
0
0
0
0
0
2.228135e+07
1.465248e+07
9546620
6465290
5109293
0
0
0
0
0
0
0
0
0
0
0
0
0
0
0
2.230514e+07
1.473046e+07
9657269
6592563
5255755
0
0
0
0
0
0
0
0
0
0
0
0
0
0
0
2.223248e+07
1.473691e+07
9712210
6675759
5352082
0
0
0
0
0
0
0
0
0
0
0
0
0
0
0
2.207986e+07
1.46739e+07
9713941
6715919
5410642
0
0
0
0
0
0
0
0
0
0
0
0
0
0
0
2.186703e+07
1.456343e+07
9669884
6717528
5437881
0
0
0
0
0
0
0
0
0
0
0
0
0
0
0
2.165074e+07
1.443518e+07
9611836
6702254
5446039
0
0
0
0
0
0
0
0
0
0
0
0
0
0
0
0
0
0
0
0
0
0
0
0
0
2.14732e+07
1.434429e+07
9572094
6697282
5460914
0
0
0
0
0
0
0
0
0
0
0
0
0
0
0
0
0
0
0
0
0
0
0
0
0
2.13672e+07
1.429448e+07
9566313
6715766
5491600
0
0
0
0
0
0
0
0
0
0
0
0
0
0
0
0
0
0
0
0
0
0
0
0
0
2.132037e+07
1.428383e+07
9587387
6756651
5533267
0
0
0
0
0
0
0
0
0
0
0
0
0
0
0
0
0
0
0
0
0
0
0
0
0
2.124764e+07
1.427637e+07
9608100
6795327
5579006
0
0
0
0
0
0
0
0
0
0
0
0
0
0
0
0
0
0
0
0
0
0
0
0
0
1.80271e+07
1.072817e+07
5826936
2832070
1439667
0
0
0
0
0
0
0
0
0
0
0
0
0
0
0
0
1.875211e+07
1.137044e+07
6411669
3382929
1983970
0
0
0
0
0
0
0
0
0
0
0
0
0
0
0
0
0
1.937108e+07
1.193244e+07
6934327
3884172
2483784
0
0
0
0
0
0
0
0
0
0
0
0
0
0
0
0
0
0
1.993858e+07
1.24572e+07
7426093
4358345
2958965
0
0
0
0
0
0
0
0
0
0
0
0
0
0
0
0
0
0
0
2.047808e+07
1.295688e+07
7899667
4816656
3417971
0
0
0
0
0
0
0
0
0
0
0
0
0
0
0
0
0
0
0
0
2.100317e+07
1.342782e+07
8348285
5255127
3858601
0
0
0
0
0
0
0
0
0
0
0
2.146346e+07
1.385112e+07
8744822
5648298
4259129
0
0
0
0
0
0
0
0
0
0
0
0
2.182449e+07
1.419755e+07
9081410
5978959
4602465
0
0
0
0
0
0
0
0
0
0
0
0
0
2.210165e+07
1.445796e+07
9348156
6252214
4882525
0
0
0
0
0
0
0
0
0
0
0
0
0
0
2.228136e+07
1.465248e+07
9546622
6465290
5109293
0
0
0
0
0
0
0
0
0
0
0
0
0
0
0
2.236291e+07
1.477412e+07
9691739
6621518
5281879
0
0
0
0
0
0
0
0
0
0
0
0
0
0
0
2.234775e+07
1.482344e+07
9780427
6732982
5403725
0
0
0
0
0
0
0
0
0
0
0
0
0
0
0
2.225043e+07
1.480139e+07
9814126
6798530
5485884
0
0
0
0
0
0
0
0
0
0
0
0
0
0
0
2.2079e+07
1.472025e+07
9793513
6820608
5529736
0
0
0
0
0
0
0
0
0
0
0
0
0
0
0
2.186712e+07
1.459669e+07
9737807
6804963
5539378
0
0
0
0
0
0
0
0
0
0
0
0
0
0
0
2.164533e+07
1.44719e+07
9669208
6779200
5534270
0
0
0
0
0
0
0
0
0
0
0
0
0
0
0
0
0
0
0
0
0
0
0
0
0
2.148235e+07
1.437695e+07
9631698
6769689
5538323
0
0
0
0
0
0
0
0
0
0
0
0
0
0
0
0
0
0
0
0
0
0
0
0
0
2.139335e+07
1.433671e+07
9627767
6788621
5563730
0
0
0
0
0
0
0
0
0
0
0
0
0
0
0
0
0
0
0
0
0
0
0
0
0
2.133385e+07
1.433797e+07
9653649
6831109
5609383
0
0
0
0
0
0
0
0
0
0
0
0
0
0
0
0
0
0
0
0
0
0
0
0
0
2.130285e+07
1.431581e+07
9682255
6874464
5654068
0
0
0
0
0
0
0
0
0
0
0
0
0
0
0
0
0
0
0
0
0
0
0
0
0
1.867006e+07
1.131217e+07
6368852
3349656
1955160
0
0
0
0
0
0
0
0
0
0
0
0
0
0
0
0
0
1.930417e+07
1.188282e+07
6895728
3851931
2454642
0
0
0
0
0
0
0
0
0
0
0
0
0
0
0
0
0
0
1.983168e+07
1.237745e+07
7363465
4305951
2911519
0
0
0
0
0
0
0
0
0
0
0
0
0
0
0
0
0
0
0
2.031388e+07
1.283356e+07
7802506
4735141
3344634
0
0
0
0
0
0
0
0
0
0
0
0
0
0
0
0
0
0
0
0
2.079156e+07
1.326908e+07
8222398
5149498
3763752
0
0
0
0
0
0
0
0
0
0
0
0
0
0
0
0
0
0
0
0
0
2.125372e+07
1.36937e+07
8620180
5543285
4164817
0
0
0
0
0
0
0
0
0
0
0
0
2.165443e+07
1.406957e+07
8980185
5893885
4525398
0
0
0
0
0
0
0
0
0
0
0
0
0
2.198602e+07
1.437086e+07
9280053
6194239
4830014
0
0
0
0
0
0
0
0
0
0
0
0
0
0
2.222324e+07
1.460874e+07
9512029
6436249
5082993
0
0
0
0
0
0
0
0
0
0
0
0
0
0
0
2.236291e+07
1.477412e+07
9691741
6621520
5281879
0
0
0
0
0
0
0
0
0
0
0
0
0
0
0
2.240591e+07
1.486647e+07
9814801
6761807
5429757
0
0
0
0
0
0
0
0
0
0
0
0
0
0
0
2.236686e+07
1.488787e+07
9881798
6855513
5537291
0
0
0
0
0
0
0
0
0
0
0
0
0
0
0
2.224894e+07
1.484785e+07
9893543
6904121
5603805
0
0
0
0
0
0
0
0
0
0
0
0
0
0
0
2.207945e+07
1.47549e+07
9859847
6907726
5631661
0
0
0
0
0
0
0
0
0
0
0
0
0
0
0
2.18624e+07
1.463185e+07
9795086
6883570
5625917
0
0
0
0
0
0
0
0
0
0
0
0
0
0
0
2.165393e+07
1.450431e+07
9730651
6849575
5611702
0
0
0
0
0
0
0
0
0
0
0
0
0
0
0
0
0
0
0
0
0
0
0
0
0
2.150428e+07
1.442134e+07
9690548
6842448
5612069
0
0
0
0
0
0
0
0
0
0
0
0
0
0
0
0
0
0
0
0
0
0
0
0
0
2.140692e+07
1.439122e+07
9694133
6864185
5637903
0
0
0
0
0
0
0
0
0
0
0
0
0
0
0
0
0
0
0
0
0
0
0
0
0
2.138878e+07
1.437731e+07
9727703
6910240
5685241
0
0
0
0
0
0
0
0
0
0
0
0
0
0
0
0
0
0
0
0
0
0
0
0
0
1.437499e+07
9739744
6958625
5734002
0
0
0
0
0
0
0
0
0
0
0
0
0
0
0
0
0
0
0
0
0
0
0
0
0
1.922188e+07
1.18242e+07
6852785
3818568
2425868
0
0
0
0
0
0
0
0
0
0
0
0
0
0
0
0
0
0
1.976398e+07
1.232754e+07
7324599
4273713
2882429
0
0
0
0
0
0
0
0
0
0
0
0
0
0
0
0
0
0
0
2.020704e+07
1.275345e+07
7740066
4682659
3297331
0
0
0
0
0
0
0
0
0
0
0
0
0
0
0
0
0
0
0
0
2.062655e+07
1.314578e+07
8125622
5068116
3690359
0
0
0
0
0
0
0
0
0
0
0
0
0
0
0
0
0
0
0
0
0
2.104156e+07
1.353453e+07
8495366
5437976
4070092
0
0
0
0
0
0
0
0
0
0
0
0
0
0
0
0
0
0
0
0
0
0
2.144472e+07
1.391187e+07
8856471
5789563
4431104
0
0
0
0
0
0
0
0
0
0
0
0
0
2.181607e+07
1.424306e+07
9179227
6109490
4753532
0
0
0
0
0
0
0
0
0
0
0
0
0
0
2.210778e+07
1.452184e+07
9443353
6379417
5030847
0
0
0
0
0
0
0
0
0
0
0
0
0
0
0
2.230514e+07
1.473046e+07
9657274
6592568
5255755
0
0
0
0
0
0
0
0
0
0
0
0
0
0
0
2.240591e+07
1.486647e+07
9814802
6761809
5429758
0
0
0
0
0
0
0
0
0
0
0
0
0
0
0
2.242579e+07
1.493166e+07
9915442
6884240
5563196
0
0
0
0
0
0
0
0
0
0
0
0
0
0
0
2.236512e+07
1.493505e+07
9961499
6960401
5654981
0
0
0
0
0
0
0
0
0
0
0
0
0
0
0
2.225055e+07
1.488091e+07
9959826
6991032
5706558
0
0
0
0
0
0
0
0
0
0
0
0
0
0
0
2.207341e+07
1.47901e+07
9918663
6984556
5717879
0
0
0
0
0
0
0
0
0
0
0
0
0
0
0
2.187145e+07
1.466556e+07
9854378
6953708
5704880
0
0
0
0
0
0
0
0
0
0
0
0
0
0
0
2.167558e+07
1.454681e+07
9789056
6924087
5683476
0
0
0
0
0
0
0
0
0
0
0
0
0
0
0
0
0
0
0
0
0
0
0
0
0
2.151902e+07
1.447155e+07
9759093
6915315
5686121
0
0
0
0
0
0
0
0
0
0
0
0
0
0
0
0
0
0
0
0
0
0
0
0
0
2.145906e+07
1.443053e+07
9768234
6943285
5714836
0
0
0
0
0
0
0
0
0
0
0
0
0
0
0
0
0
0
0
0
0
0
0
0
0
1.44363e+07
9785092
6994327
5765164
0
0
0
0
0
0
0
0
0
0
0
0
0
0
0
0
0
0
0
0
0
0
0
0
0
9802038
7025448
5817662
0
0
0
0
0
0
0
0
0
0
0
0
0
0
0
0
0
0
0
0
0
0
0
0
0
1.967937e+07
1.226872e+07
7281391
4240106
2853574
0
0
0
0
0
0
0
0
0
0
0
0
0
0
0
0
0
0
0
2.014095e+07
1.270303e+07
7701032
4650264
3268255
0
0
0
0
0
0
0
0
0
0
0
0
0
0
0
0
0
0
0
0
2.051823e+07
1.306574e+07
8062643
5016032
3643007
0
0
0
0
0
0
0
0
0
0
0
0
0
0
0
0
0
0
0
0
0
2.087535e+07
1.341077e+07
8398312
5357222
3996846
0
0
0
0
0
0
0
0
0
0
0
0
0
0
0
0
0
0
0
0
0
0
2.123237e+07
1.375248e+07
8731048
5685448
4336716
0
0
0
0
0
0
0
0
0
0
0
0
0
0
0
0
0
0
0
0
0
0
0
2.160621e+07
1.408558e+07
9054974
6006261
4659890
0
0
0
0
0
0
0
0
0
0
0
0
0
0
2.193815e+07
1.439424e+07
9342686
6295112
4954686
0
0
0
0
0
0
0
0
0
0
0
0
0
0
0
2.218905e+07
1.464378e+07
9588823
6535109
5204703
0
0
0
0
0
0
0
0
0
0
0
0
0
0
0
2.234775e+07
1.482344e+07
9780430
6732986
5403729
0
0
0
0
0
0
0
0
0
0
0
0
0
0
0
2.242579e+07
1.493166e+07
9915442
6884241
5563198
0
0
0
0
0
0
0
0
0
0
0
0
0
0
0
2.242393e+07
1.497919e+07
9996026
6988386
5680791
0
0
0
0
0
0
0
0
0
0
0
0
0
0
0
2.23672e+07
1.496781e+07
1.002823e+07
7047712
5757030
0
0
0
0
0
0
0
0
0
0
0
0
0
0
0
2.224396e+07
1.491784e+07
1.001663e+07
7067730
5792559
0
0
0
0
0
0
0
0
0
0
0
0
0
0
0
2.208366e+07
1.48215e+07
9977781
7056192
5795114
0
0
0
0
0
0
0
0
0
0
0
0
0
0
0
2.189079e+07
1.470804e+07
9914249
7025884
5776388
0
0
0
0
0
0
0
0
0
0
0
0
0
0
0
2.168839e+07
1.459777e+07
9855056
6996406
5759150
0
0
0
0
0
0
0
0
0
0
0
0
0
0
0
0
0
0
0
0
0
0
0
0
0
2.156683e+07
1.451285e+07
9829035
6996456
5760479
0
0
0
0
0
0
0
0
0
0
0
0
0
0
0
0
0
0
0
0
0
0
0
0
0
1.448739e+07
9825501
7027272
5794684
0
0
0
0
0
0
0
0
0
0
0
0
0
0
0
0
0
0
0
0
0
0
0
0
0
9847261
7061053
5848772
0
0
0
0
0
0
0
0
0
0
0
0
0
0
0
0
0
0
0
0
0
0
0
0
0
7088484
5884475
0
0
0
0
0
0
0
0
0
0
0
0
0
0
0
0
0
0
0
0
0
0
0
0
0
2.005625e+07
1.264271e+07
7657630
4616433
3239147
0
0
0
0
0
0
0
0
0
0
0
0
0
0
0
0
0
0
0
0
2.04499e+07
1.301675e+07
8023271
4983524
3613815
0
0
0
0
0
0
0
0
0
0
0
0
0
0
0
0
0
0
0
0
0
2.07666e+07
1.333044e+07
8335427
5304573
3949908
0
0
0
0
0
0
0
0
0
0
0
0
0
0
0
0
0
0
0
0
0
0
2.10657e+07
1.362869e+07
8633744
5604320
4264120
0
0
0
0
0
0
0
0
0
0
0
0
0
0
0
0
0
0
0
0
0
0
0
2.139313e+07
1.392671e+07
8929534
5901513
4566659
0
0
0
0
0
0
0
0
0
0
0
0
0
0
0
0
0
0
0
0
0
0
0
0
2.172792e+07
1.423682e+07
9218773
6191291
4862120
0
0
0
0
0
0
0
0
0
0
0
0
0
0
0
2.201887e+07
1.451709e+07
9488424
6450976
5128982
0
0
0
0
0
0
0
0
0
0
0
0
0
0
0
2.223248e+07
1.473691e+07
9712214
6675765
5352089
0
0
0
0
0
0
0
0
0
0
0
0
0
0
0
2.236686e+07
1.488787e+07
9881799
6855515
5537295
0
0
0
0
0
0
0
0
0
0
0
0
0
0
0
2.242393e+07
1.497919e+07
9996026
6988386
5680792
0
0
0
0
0
0
0
0
0
0
0
0
0
0
0
2.242621e+07
1.501182e+07
1.006286e+07
7076572
5782139
0
0
0
0
0
0
0
0
0
0
0
0
0
0
0
2.235994e+07
1.500502e+07
1.00847e+07
7124701
5843425
0
0
0
0
0
0
0
0
0
0
0
0
0
0
0
2.225331e+07
1.494866e+07
1.007761e+07
7137245
5869647
0
0
0
0
0
0
0
0
0
0
0
0
0
0
0
2.210221e+07
1.486573e+07
1.003491e+07
7128068
5868015
0
0
0
0
0
0
0
0
0
0
0
0
0
0
0
2.190431e+07
1.475585e+07
9979899
7099620
5849804
0
0
0
0
0
0
0
0
0
0
0
0
0
0
0
2.173609e+07
1.463616e+07
9926190
7074789
5832954
0
0
0
0
0
0
0
0
0
0
0
0
0
0
0
0
0
0
0
0
0
0
0
0
0
1.456614e+07
9888548
7076533
5842206
0
0
0
0
0
0
0
0
0
0
0
0
0
0
0
0
0
0
0
0
0
0
0
0
0
9885996
7093814
5878165
0
0
0
0
0
0
0
0
0
0
0
0
0
0
0
0
0
0
0
0
0
0
0
0
0
7124008
5915497
0
0
0
0
0
0
0
0
0
0
0
0
0
0
0
0
0
0
0
0
0
0
0
0
0
5944947
0
0
0
0
0
0
0
0
0
0
0
0
0
0
0
0
0
0
0
0
0
0
0
0
0
2.036693e+07
1.295658e+07
7978866
4949504
3584496
0
0
0
0
0
0
0
0
0
0
0
0
0
0
0
0
0
0
0
0
0
2.069915e+07
1.327963e+07
8297317
5271835
3920619
0
0
0
0
0
0
0
0
0
0
0
0
0
0
0
0
0
0
0
0
0
0
2.095638e+07
1.354744e+07
8571168
5551782
4216660
0
0
0
0
0
0
0
0
0
0
0
0
0
0
0
0
0
0
0
0
0
0
0
2.122584e+07
1.380229e+07
8832807
5820257
4493703
0
0
0
0
0
0
0
0
0
0
0
0
0
0
0
0
0
0
0
0
0
0
0
0
2.151414e+07
1.407789e+07
9094223
6086645
4768302
0
0
0
0
0
0
0
0
0
0
0
0
0
0
0
0
0
0
0
0
0
0
0
0
0
2.18079e+07
1.435982e+07
9364708
6347556
5035865
0
0
0
0
0
0
0
0
0
0
0
0
0
0
0
2.206228e+07
1.460934e+07
9612972
6591933
5276548
0
0
0
0
0
0
0
0
0
0
0
0
0
0
0
2.225043e+07
1.480139e+07
9814127
6798533
5485889
0
0
0
0
0
0
0
0
0
0
0
0
0
0
0
2.236512e+07
1.493505e+07
9961500
6960401
5654983
0
0
0
0
0
0
0
0
0
0
0
0
0
0
0
2.242621e+07
1.501182e+07
1.006286e+07
7076572
5782139
0
0
0
0
0
0
0
0
0
0
0
0
0
0
0
2.241741e+07
1.504912e+07
1.01192e+07
7153548
5869348
0
0
0
0
0
0
0
0
0
0
0
0
0
0
0
2.236825e+07
1.503534e+07
1.014582e+07
7193886
5920747
0
0
0
0
0
0
0
0
0
0
0
0
0
0
0
2.227323e+07
1.499115e+07
1.013411e+07
7210917
5940514
0
0
0
0
0
0
0
0
0
0
0
0
0
0
0
2.211615e+07
1.491278e+07
1.010242e+07
7198968
5941106
0
0
0
0
0
0
0
0
0
0
0
0
0
0
0
2.195306e+07
1.479578e+07
1.004755e+07
7177473
5924922
0
0
0
0
0
0
0
0
0
0
0
0
0
0
0
1.468926e+07
9982378
7156166
5912013
0
0
0
0
0
0
0
0
0
0
0
0
0
0
0
0
0
0
0
0
0
0
0
0
0
9946089
7145302
5922058
0
0
0
0
0
0
0
0
0
0
0
0
0
0
0
0
0
0
0
0
0
0
0
0
0
7155392
5944694
0
0
0
0
0
0
0
0
0
0
0
0
0
0
0
0
0
0
0
0
0
0
0
0
0
5975912
0
0
0
0
0
0
0
0
0
0
0
0
0
0
0
0
0
0
0
0
0
0
0
0
0
0
0
0
0
0
0
0
0
0
0
0
0
0
0
0
0
0
0
0
0
0
0
0
0
0
2.061408e+07
1.322025e+07
8253137
5237066
3891112
0
0
0
0
0
0
0
0
0
0
0
0
0
0
0
0
0
0
0
0
0
0
2.088851e+07
1.349711e+07
8531576
5520160
4187184
0
0
0
0
0
0
0
0
0
0
0
0
0
0
0
0
0
0
0
0
0
0
0
2.111558e+07
1.372071e+07
8769167
5768274
4446356
0
0
0
0
0
0
0
0
0
0
0
0
0
0
0
0
0
0
0
0
0
0
0
0
2.134603e+07
1.395286e+07
8996855
6006218
4695260
0
0
0
0
0
0
0
0
0
0
0
0
0
0
0
0
0
0
0
0
0
0
0
0
0
2.159296e+07
1.419974e+07
9240461
6243937
4942184
0
0
0
0
0
0
0
0
0
0
0
0
0
0
0
0
0
0
0
0
0
0
0
0
0
2.185123e+07
1.445136e+07
9489696
6488783
5183836
0
0
0
0
0
0
0
0
0
0
0
0
0
0
0
2.207986e+07
1.46739e+07
9713942
6715922
5410648
0
0
0
0
0
0
0
0
0
0
0
0
0
0
0
2.224894e+07
1.484785e+07
9893543
6904122
5603807
0
0
0
0
0
0
0
0
0
0
0
0
0
0
0
2.23672e+07
1.496781e+07
1.002823e+07
7047712
5757030
0
0
0
0
0
0
0
0
0
0
0
0
0
0
0
2.241741e+07
1.504912e+07
1.01192e+07
7153548
5869348
0
0
0
0
0
0
0
0
0
0
0
0
0
0
0
2.242578e+07
1.507831e+07
1.018033e+07
7222602
5946628
0
0
0
0
0
0
0
0
0
0
0
0
0
0
0
2.238971e+07
1.507657e+07
1.020191e+07
7267593
5991301
0
0
0
0
0
0
0
0
0
0
0
0
0
0
0
2.229311e+07
1.504006e+07
1.019951e+07
7281191
6015270
0
0
0
0
0
0
0
0
0
0
0
0
0
0
0
2.216496e+07
1.495237e+07
1.016929e+07
7278593
6013514
0
0
0
0
0
0
0
0
0
0
0
0
0
0
0
1.48496e+07
1.010556e+07
7255355
6003423
0
0
0
0
0
0
0
0
0
0
0
0
0
0
0
1.003967e+07
7221551
5993121
0
0
0
0
0
0
0
0
0
0
0
0
0
0
0
0
0
0
0
0
0
0
0
0
0
7204357
5990679
0
0
0
0
0
0
0
0
0
0
0
0
0
0
0
0
0
0
0
0
0
0
0
0
0
6003888
0
0
0
0
0
0
0
0
0
0
0
0
0
0
0
0
0
0
0
0
0
0
0
0
0
0
0
0
0
0
0
0
0
0
0
0
0
0
0
0
0
0
0
0
0
0
0
0
0
0
0
0
0
0
0
0
0
0
0
0
0
0
0
0
0
0
0
0
0
0
0
0
0
0
2.080328e+07
1.343639e+07
8487685
5485629
4157020
0
0
0
0
0
0
0
0
0
0
0
0
0
0
0
0
0
0
0
0
0
0
0
2.104558e+07
1.367013e+07
8729848
5735404
4417894
0
0
0
0
0
0
0
0
0
0
0
0
0
0
0
0
0
0
0
0
0
0
0
0
2.123454e+07
1.387071e+07
8933050
5953186
4648488
0
0
0
0
0
0
0
0
0
0
0
0
0
0
0
0
0
0
0
0
0
0
0
0
0
2.142364e+07
1.407481e+07
9142567
6162926
4869987
0
0
0
0
0
0
0
0
0
0
0
0
0
0
0
0
0
0
0
0
0
0
0
0
0
2.163637e+07
1.429063e+07
9364204
6385639
5091162
0
0
0
0
0
0
0
0
0
0
0
0
0
0
0
0
0
0
0
0
0
0
0
0
0
2.186869e+07
1.451604e+07
9590059
6613338
5318219
0
0
0
0
0
0
0
0
0
0
0
0
0
0
0
2.2079e+07
1.472025e+07
9793513
6820609
5529739
0
0
0
0
0
0
0
0
0
0
0
0
0
0
0
2.225055e+07
1.488091e+07
9959826
6991032
5706559
0
0
0
0
0
0
0
0
0
0
0
0
0
0
0
2.235994e+07
1.500502e+07
1.00847e+07
7124701
5843425
0
0
0
0
0
0
0
0
0
0
0
0
0
0
0
2.242578e+07
1.507831e+07
1.018033e+07
7222602
5946628
0
0
0
0
0
0
0
0
0
0
0
0
0
0
0
2.244756e+07
1.511963e+07
1.023555e+07
7296280
6017058
0
0
0
0
0
0
0
0
0
0
0
0
0
0
0
2.240975e+07
1.51267e+07
1.026599e+07
7337497
6066055
0
0
0
0
0
0
0
0
0
0
0
0
0
0
0
2.233617e+07
1.508303e+07
1.026833e+07
7358614
6087082
0
0
0
0
0
0
0
0
0
0
0
0
0
0
0
1.500688e+07
1.022656e+07
7355700
6093658
0
0
0
0
0
0
0
0
0
0
0
0
0
0
0
1.016338e+07
7322573
6081224
0
0
0
0
0
0
0
0
0
0
0
0
0
0
0
7280351
6058520
0
0
0
0
0
0
0
0
0
0
0
0
0
0
0
0
0
0
0
0
0
0
0
0
0
6047607
0
0
0
0
0
0
0
0
0
0
0
0
0
0
0
0
0
0
0
0
0
0
0
0
0
0
0
0
0
0
0
0
0
0
0
0
0
0
0
0
0
0
0
0
0
0
0
0
0
0
0
0
0
0
0
0
0
0
0
0
0
0
0
0
0
0
0
0
0
0
0
0
0
0
0
0
0
0
0
0
0
0
0
0
0
0
0
0
0
0
0
0
0
0
0
0
0
2.096203e+07
1.36093e+07
8685060
5700924
4387942
0
0
0
0
0
0
0
0
0
0
0
0
0
0
0
0
0
0
0
0
0
0
0
0
2.11635e+07
1.381966e+07
8893609
5920502
4618911
0
0
0
0
0
0
0
0
0
0
0
0
0
0
0
0
0
0
0
0
0
0
0
0
0
2.131117e+07
1.399216e+07
9078425
6109831
4822246
0
0
0
0
0
0
0
0
0
0
0
0
0
0
0
0
0
0
0
0
0
0
0
0
0
2.146639e+07
1.416529e+07
9266871
6304181
5018439
0
0
0
0
0
0
0
0
0
0
0
0
0
0
0
0
0
0
0
0
0
0
0
0
0
2.165247e+07
1.435643e+07
9464252
6508996
5226040
0
0
0
0
0
0
0
0
0
0
0
0
0
0
0
0
0
0
0
0
0
0
0
0
0
2.186703e+07
1.456343e+07
9669885
6717529
5437884
0
0
0
0
0
0
0
0
0
0
0
0
0
0
0
2.207945e+07
1.47549e+07
9859846
6907726
5631662
0
0
0
0
0
0
0
0
0
0
0
0
0
0
0
2.224396e+07
1.491784e+07
1.001663e+07
7067730
5792559
0
0
0
0
0
0
0
0
0
0
0
0
0
0
0
2.236825e+07
1.503534e+07
1.014582e+07
7193886
5920747
0
0
0
0
0
0
0
0
0
0
0
0
0
0
0
2.244756e+07
1.511963e+07
1.023555e+07
7296280
6017058
0
0
0
0
0
0
0
0
0
0
0
0
0
0
0
2.246761e+07
1.51698e+07
1.02997e+07
7365459
6091770
0
0
0
0
0
0
0
0
0
0
0
0
0
0
0
2.245152e+07
1.516978e+07
1.033578e+07
7413629
6137524
0
0
0
0
0
0
0
0
0
0
0
0
0
0
0
1.513345e+07
1.032748e+07
7437585
6165116
0
0
0
0
0
0
0
0
0
0
0
0
0
0
0
1.028532e+07
7422008
6170722
0
0
0
0
0
0
0
0
0
0
0
0
0
0
0
7381774
6148357
0
0
0
0
0
0
0
0
0
0
0
0
0
0
0
6115209
0
0
0
0
0
0
0
0
0
0
0
0
0
0
0
0
0
0
0
0
0
0
0
0
0
0
0
0
0
0
0
0
0
0
0
0
0
0
0
0
0
0
0
0
0
0
0
0
0
0
0
0
0
0
0
0
0
0
0
0
0
0
0
0
0
0
0
0
0
0
0
0
0
0
0
0
0
0
0
0
0
0
0
0
0
0
0
0
0
0
0
0
0
0
0
0
0
0
0
0
0
0
0
0
0
0
0
0
0
0
0
0
0
0
0
0
0
0
0
2.107943e+07
1.375985e+07
8848735
5885366
4588951
0
0
0
0
0
0
0
0
0
0
0
0
0
0
0
0
0
0
0
0
0
0
0
0
0
2.123911e+07
1.393959e+07
9039331
6077095
4792831
0
0
0
0
0
0
0
0
0
0
0
0
0
0
0
0
0
0
0
0
0
0
0
0
0
2.135366e+07
1.408174e+07
9202647
6250873
4970670
0
0
0
0
0
0
0
0
0
0
0
0
0
0
0
0
0
0
0
0
0
0
0
0
0
2.148153e+07
1.422983e+07
9366989
6428300
5152923
0
0
0
0
0
0
0
0
0
0
0
0
0
0
0
0
0
0
0
0
0
0
0
0
0
2.165027e+07
1.440208e+07
9545680
6613067
5344602
0
0
0
0
0
0
0
0
0
0
0
0
0
0
0
0
0
0
0
0
0
0
0
0
0
2.186712e+07
1.459669e+07
9737806
6804963
5539379
0
0
0
0
0
0
0
0
0
0
0
0
0
0
0
2.207341e+07
1.47901e+07
9918663
6984556
5717880
0
0
0
0
0
0
0
0
0
0
0
0
0
0
0
2.225331e+07
1.494866e+07
1.007761e+07
7137245
5869647
0
0
0
0
0
0
0
0
0
0
0
0
0
0
0
2.238971e+07
1.507657e+07
1.020191e+07
7267593
5991302
0
0
0
0
0
0
0
0
0
0
0
0
0
0
0
2.246761e+07
1.51698e+07
1.02997e+07
7365459
6091770
0
0
0
0
0
0
0
0
0
0
0
0
0
0
0
2.250978e+07
1.521288e+07
1.036937e+07
7441654
6162590
0
0
0
0
0
0
0
0
0
0
0
0
0
0
0
1.521825e+07
1.039498e+07
7493379
6214347
0
0
0
0
0
0
0
0
0
0
0
0
0
0
0
1.038323e+07
7504981
6243912
0
0
0
0
0
0
0
0
0
0
0
0
0
0
0
7482225
6236954
0
0
0
0
0
0
0
0
0
0
0
0
0
0
0
6205394
0
0
0
0
0
0
0
0
0
0
0
0
0
0
0
0
0
0
0
0
0
0
0
0
0
0
0
0
0
0
0
0
0
0
0
0
0
0
0
0
0
0
0
0
0
0
0
0
0
0
0
0
0
0
0
0
0
0
0
0
0
0
0
0
0
0
0
0
0
0
0
0
0
0
0
0
0
0
0
0
0
0
0
0
0
0
0
0
0
0
0
0
0
0
0
0
0
0
0
0
0
0
0
0
0
0
0
0
0
0
0
0
0
0
0
0
0
0
0
0
0
0
0
0
0
0
0
0
0
0
2.115272e+07
1.387938e+07
8995089
6041882
4762303
0
0
0
0
0
0
0
0
0
0
0
0
0
0
0
0
0
0
0
0
0
0
0
0
0
2.128207e+07
1.402851e+07
9161924
6218821
4941227
0
0
0
0
0
0
0
0
0
0
0
0
0
0
0
0
0
0
0
0
0
0
0
0
0
2.136857e+07
1.414615e+07
9301985
6375113
5104982
0
0
0
0
0
0
0
0
0
0
0
0
0
0
0
0
0
0
0
0
0
0
0
0
0
2.147941e+07
1.427495e+07
9446963
6532667
5272260
0
0
0
0
0
0
0
0
0
0
0
0
0
0
0
0
0
0
0
0
0
0
0
0
0
2.165074e+07
1.443518e+07
9611835
6702254
5446040
0
0
0
0
0
0
0
0
0
0
0
0
0
0
0
0
0
0
0
0
0
0
0
0
0
2.18624e+07
1.463185e+07
9795086
6883569
5625917
0
0
0
0
0
0
0
0
0
0
0
0
0
0
0
2.208366e+07
1.48215e+07
9977780
7056192
5795114
0
0
0
0
0
0
0
0
0
0
0
0
0
0
0
2.227323e+07
1.499115e+07
1.013411e+07
7210917
5940514
0
0
0
0
0
0
0
0
0
0
0
0
0
0
0
2.240975e+07
1.51267e+07
1.026599e+07
7337497
6066055
0
0
0
0
0
0
0
0
0
0
0
0
0
0
0
2.250978e+07
1.521288e+07
1.036937e+07
7441654
6162590
0
0
0
0
0
0
0
0
0
0
0
0
0
0
0
1.526155e+07
1.042857e+07
7521214
6239468
0
0
0
0
0
0
0
0
0
0
0
0
0
0
0
1.044856e+07
7560804
6293824
0
0
0
0
0
0
0
0
0
0
0
0
0
0
0
7562830
6310973
0
0
0
0
0
0
0
0
0
0
0
0
0
0
0
6294970
0
0
0
0
0
0
0
0
0
0
0
0
0
0
0
0
0
0
0
0
0
0
0
0
0
0
0
0
0
0
0
0
0
0
0
0
0
0
0
0
0
0
0
0
0
0
0
0
0
0
0
0
0
0
0
0
0
0
0
0
0
0
0
0
0
0
0
0
0
0
0
0
0
0
0
0
0
0
0
0
0
0
0
0
0
0
0
0
0
0
0
0
0
0
0
0
0
0
0
0
0
0
0
0
0
0
0
0
0
0
0
0
0
0
0
0
0
0
0
0
0
0
0
0
0
0
0
0
0
0
0
0
0
0
0
0
0
0
0
0
2.119589e+07
1.396683e+07
9117362
6184023
4910623
0
0
0
0
0
0
0
0
0
0
0
0
0
0
0
0
0
0
0
0
0
0
0
0
0
2.129589e+07
1.409426e+07
9260832
6341487
5076257
0
0
0
0
0
0
0
0
0
0
0
0
0
0
0
0
0
0
0
0
0
0
0
0
0
2.136524e+07
1.41922e+07
9381917
6478810
5224491
0
0
0
0
0
0
0
0
0
0
0
0
0
0
0
0
0
0
0
0
0
0
0
0
0
2.147862e+07
1.430932e+07
9512879
6620410
5374036
0
0
0
0
0
0
0
0
0
0
0
0
0
0
0
0
0
0
0
0
0
0
0
0
0
2.164533e+07
1.44719e+07
9669208
6779200
5534270
0
0
0
0
0
0
0
0
0
0
0
0
0
0
0
0
0
0
0
0
0
0
0
0
0
2.187145e+07
1.466556e+07
9854378
6953708
5704880
0
0
0
0
0
0
0
0
0
0
0
0
0
0
0
2.210221e+07
1.486573e+07
1.003491e+07
7128068
5868016
0
0
0
0
0
0
0
0
0
0
0
0
0
0
0
2.229311e+07
1.504006e+07
1.019951e+07
7281191
6015270
0
0
0
0
0
0
0
0
0
0
0
0
0
0
0
2.245152e+07
1.516978e+07
1.033578e+07
7413629
6137524
0
0
0
0
0
0
0
0
0
0
0
0
0
0
0
1.526155e+07
1.042857e+07
7521214
6239468
0
0
0
0
0
0
0
0
0
0
0
0
0
0
0
1.048225e+07
7588628
6318745
0
0
0
0
0
0
0
0
0
0
0
0
0
0
0
7616494
6360912
0
0
0
0
0
0
0
0
0
0
0
0
0
0
0
6366921
0
0
0
0
0
0
0
0
0
0
0
0
0
0
0
0
0
0
0
0
0
0
0
0
0
0
0
0
0
0
0
0
0
0
0
0
0
0
0
0
0
0
0
0
0
0
0
0
0
0
0
0
0
0
0
0
0
0
0
0
0
0
0
0
0
0
0
0
0
0
0
0
0
0
0
0
0
0
0
0
0
0
0
0
0
0
0
0
0
0
0
0
0
0
0
0
0
0
0
0
0
0
0
0
0
0
0
0
0
0
0
0
0
0
0
0
0
0
0
0
0
0
0
0
0
0
0
0
0
0
0
0
0
0
0
0
0
0
0
0
0
0
0
0
0
0
0
0
0
2.120937e+07
1.403274e+07
9215304
6306425
5045978
0
0
0
0
0
0
0
0
0
0
0
0
0
0
0
0
0
0
0
0
0
0
0
0
0
2.129195e+07
1.413865e+07
9342464
6444891
5194308
0
0
0
0
0
0
0
0
0
0
0
0
0
0
0
0
0
0
0
0
0
0
0
0
0
2.136402e+07
1.422486e+07
9449315
6566564
5325668
0
0
0
0
0
0
0
0
0
0
0
0
0
0
0
0
0
0
0
0
0
0
0
0
0
2.14732e+07
1.434429e+07
9572094
6697281
5460915
0
0
0
0
0
0
0
0
0
0
0
0
0
0
0
0
0
0
0
0
0
0
0
0
0
2.165393e+07
1.450431e+07
9730651
6849575
5611701
0
0
0
0
0
0
0
0
0
0
0
0
0
0
0
0
0
0
0
0
0
0
0
0
0
2.189079e+07
1.470804e+07
9914249
7025884
5776388
0
0
0
0
0
0
0
0
0
0
0
0
0
0
0
2.211615e+07
1.491278e+07
1.010242e+07
7198968
5941106
0
0
0
0
0
0
0
0
0
0
0
0
0
0
0
2.233617e+07
1.508303e+07
1.026833e+07
7358614
6087082
0
0
0
0
0
0
0
0
0
0
0
0
0
0
0
1.521825e+07
1.039498e+07
7493380
6214347
0
0
0
0
0
0
0
0
0
0
0
0
0
0
0
1.048225e+07
7588628
6318745
0
0
0
0
0
0
0
0
0
0
0
0
0
0
0
7644381
6385822
0
0
0
0
0
0
0
0
0
0
0
0
0
0
0
6414825
0
0
0
0
0
0
0
0
0
0
0
0
0
0
0
0
0
0
0
0
0
0
0
0
0
0
0
0
0
0
0
0
0
0
0
0
0
0
0
0
0
0
0
0
0
0
0
0
0
0
0
0
0
0
0
0
0
0
0
0
0
0
0
0
0
0
0
0
0
0
0
0
0
0
0
0
0
0
0
0
0
0
0
0
0
0
0
0
0
0
0
0
0
0
0
0
0
0
0
0
0
0
0
0
0
0
0
0
0
0
0
0
0
0
0
0
0
0
0
0
0
0
0
0
0
0
0
0
0
0
0
0
0
0
0
0
0
0
0
0
0
0
0
0
0
0
0
0
0
0
0
0
0
0
0
0
0
2.120529e+07
1.407685e+07
9297034
6409129
5163793
0
0
0
0
0
0
0
0
0
0
0
0
0
0
0
0
0
0
0
0
0
0
0
0
0
2.12918e+07
1.417094e+07
9408037
6534407
5295244
0
0
0
0
0
0
0
0
0
0
0
0
0
0
0
0
0
0
0
0
0
0
0
0
0
2.135979e+07
1.425965e+07
9506713
6645102
5412570
0
0
0
0
0
0
0
0
0
0
0
0
0
0
0
0
0
0
0
0
0
0
0
0
0
2.148235e+07
1.437695e+07
9631697
6769689
5538323
0
0
0
0
0
0
0
0
0
0
0
0
0
0
0
0
0
0
0
0
0
0
0
0
0
2.167558e+07
1.454681e+07
9789056
6924087
5683476
0
0
0
0
0
0
0
0
0
0
0
0
0
0
0
0
0
0
0
0
0
0
0
0
0
2.190431e+07
1.475585e+07
9979899
7099620
5849804
0
0
0
0
0
0
0
0
0
0
0
0
0
0
0
2.216496e+07
1.495237e+07
1.016929e+07
7278593
6013515
0
0
0
0
0
0
0
0
0
0
0
0
0
0
0
1.513345e+07
1.032748e+07
7437585
6165116
0
0
0
0
0
0
0
0
0
0
0
0
0
0
0
1.044856e+07
7560804
6293825
0
0
0
0
0
0
0
0
0
0
0
0
0
0
0
7644381
6385822
0
0
0
0
0
0
0
0
0
0
0
0
0
0
0
6439790
0
0
0
0
0
0
0
0
0
0
0
0
0
0
0
0
0
0
0
0
0
0
0
0
0
0
0
0
0
0
0
0
0
0
0
0
0
0
0
0
0
0
0
0
0
0
0
0
0
0
0
0
0
0
0
0
0
0
0
0
0
0
0
0
0
0
0
0
0
0
0
0
0
0
0
0
0
0
0
0
0
0
0
0
0
0
0
0
0
0
0
0
0
0
0
0
0
0
0
0
0
0
0
0
0
0
0
0
0
0
0
0
0
0
0
0
0
0
0
0
0
0
0
0
0
0
0
0
0
0
0
0
0
0
0
0
0
0
0
0
0
0
0
0
0
0
0
0
0
0
0
0
0
0
0
0
0
0
0
0
0
0
0
0
2.120757e+07
1.410905e+07
9362384
6498699
5264126
0
0
0
0
0
0
0
0
0
0
0
0
0
0
0
0
0
0
0
0
0
0
0
0
0
2.128835e+07
1.42075e+07
9465242
6611160
5383817
0
0
0
0
0
0
0
0
0
0
0
0
0
0
0
0
0
0
0
0
0
0
0
0
0
2.13672e+07
1.429448e+07
9566313
6715766
5491599
0
0
0
0
0
0
0
0
0
0
0
0
0
0
0
0
0
0
0
0
0
0
0
0
0
2.150428e+07
1.442134e+07
9690548
6842447
5612069
0
0
0
0
0
0
0
0
0
0
0
0
0
0
0
0
0
0
0
0
0
0
0
0
0
2.168839e+07
1.459777e+07
9855056
6996406
5759150
0
0
0
0
0
0
0
0
0
0
0
0
0
0
0
0
0
0
0
0
0
0
0
0
0
2.195306e+07
1.479578e+07
1.004755e+07
7177473
5924922
0
0
0
0
0
0
0
0
0
0
0
0
0
0
0
1.500688e+07
1.022656e+07
7355700
6093658
0
0
0
0
0
0
0
0
0
0
0
0
0
0
0
1.038323e+07
7504981
6243912
0
0
0
0
0
0
0
0
0
0
0
0
0
0
0
7616494
6360912
0
0
0
0
0
0
0
0
0
0
0
0
0
0
0
6439790
0
0
0
0
0
0
0
0
0
0
0
0
0
0
0
0
0
0
0
0
0
0
0
0
0
0
0
0
0
0
0
0
0
0
0
0
0
0
0
0
0
0
0
0
0
0
0
0
0
0
0
0
0
0
0
0
0
0
0
0
0
0
0
0
0
0
0
0
0
0
0
0
0
0
0
0
0
0
0
0
0
0
0
0
0
0
0
0
0
0
0
0
0
0
0
0
0
0
0
0
0
0
0
0
0
0
0
0
0
0
0
0
0
0
0
0
0
0
0
0
0
0
0
0
0
0
0
0
0
0
0
0
0
0
0
0
0
0
0
0
0
0
0
0
0
0
0
0
0
0
0
0
0
0
0
0
0
0
0
0
0
0
0
0
0
0
0
0
0
0
2.120207e+07
1.414737e+07
9419537
6575268
5352727
0
0
0
0
0
0
0
0
0
0
0
0
0
0
0
0
0
0
0
0
0
0
0
0
0
2.129514e+07
1.424192e+07
9526875
6681739
5461180
0
0
0
0
0
0
0
0
0
0
0
0
0
0
0
0
0
0
0
0
0
0
0
0
0
2.139335e+07
1.433671e+07
9627767
6788621
5563730
0
0
0
0
0
0
0
0
0
0
0
0
0
0
0
0
0
0
0
0
0
0
0
0
0
2.151902e+07
1.447155e+07
9759093
6915315
5686120
0
0
0
0
0
0
0
0
0
0
0
0
0
0
0
0
0
0
0
0
0
0
0
0
0
2.173609e+07
1.463616e+07
9926190
7074788
5832954
0
0
0
0
0
0
0
0
0
0
0
0
0
0
0
0
0
0
0
0
0
0
0
0
0
1.48496e+07
1.010556e+07
7255355
6003423
0
0
0
0
0
0
0
0
0
0
0
0
0
0
0
1.028532e+07
7422008
6170722
0
0
0
0
0
0
0
0
0
0
0
0
0
0
0
7562830
6310973
0
0
0
0
0
0
0
0
0
0
0
0
0
0
0
6414825
0
0
0
0
0
0
0
0
0
0
0
0
0
0
0
0
0
0
0
0
0
0
0
0
0
0
0
0
0
0
0
0
0
0
0
0
0
0
0
0
0
0
0
0
0
0
0
0
0
0
0
0
0
0
0
0
0
0
0
0
0
0
0
0
0
0
0
0
0
0
0
0
0
0
0
0
0
0
0
0
0
0
0
0
0
0
0
0
0
0
0
0
0
0
0
0
0
0
0
0
0
0
0
0
0
0
0
0
0
0
0
0
0
0
0
0
0
0
0
0
0
0
0
0
0
0
0
0
0
0
0
0
0
0
0
0
0
0
0
0
0
0
0
0
0
0
0
0
0
0
0
0
0
0
0
0
0
0
0
0
0
0
0
0
0
0
0
0
0
0
0
0
0
0
0
2.120866e+07
1.418029e+07
9482488
6645815
5429924
0
0
0
0
0
0
0
0
0
0
0
0
0
0
0
0
0
0
0
0
0
0
0
0
0
2.132037e+07
1.428383e+07
9587387
6756651
5533267
0
0
0
0
0
0
0
0
0
0
0
0
0
0
0
0
0
0
0
0
0
0
0
0
0
2.140692e+07
1.439122e+07
9694133
6864185
5637903
0
0
0
0
0
0
0
0
0
0
0
0
0
0
0
0
0
0
0
0
0
0
0
0
0
2.156683e+07
1.451285e+07
9829035
6996456
5760479
0
0
0
0
0
0
0
0
0
0
0
0
0
0
0
0
0
0
0
0
0
0
0
0
0
1.468926e+07
9982378
7156166
5912013
0
0
0
0
0
0
0
0
0
0
0
0
0
0
0
0
0
0
0
0
0
0
0
0
0
1.016338e+07
7322573
6081224
0
0
0
0
0
0
0
0
0
0
0
0
0
0
0
7482225
6236954
0
0
0
0
0
0
0
0
0
0
0
0
0
0
0
6366921
0
0
0
0
0
0
0
0
0
0
0
0
0
0
0
0
0
0
0
0
0
0
0
0
0
0
0
0
0
0
0
0
0
0
0
0
0
0
0
0
0
0
0
0
0
0
0
0
0
0
0
0
0
0
0
0
0
0
0
0
0
0
0
0
0
0
0
0
0
0
0
0
0
0
0
0
0
0
0
0
0
0
0
0
0
0
0
0
0
0
0
0
0
0
0
0
0
0
0
0
0
0
0
0
0
0
0
0
0
0
0
0
0
0
0
0
0
0
0
0
0
0
0
0
0
0
0
0
0
0
0
0
0
0
0
0
0
0
0
0
0
0
0
0
0
0
0
0
0
0
0
0
0
0
0
0
0
0
0
0
0
0
0
0
0
0
0
0
0
0
0
0
0
0
0
0
0
0
0
2.123407e+07
1.422209e+07
9541869
6721773
5501981
0
0
0
0
0
0
0
0
0
0
0
0
0
0
0
0
0
0
0
0
0
0
0
0
0
2.133385e+07
1.433797e+07
9653649
6831109
5609383
0
0
0
0
0
0
0
0
0
0
0
0
0
0
0
0
0
0
0
0
0
0
0
0
0
2.145906e+07
1.443053e+07
9768234
6943285
5714836
0
0
0
0
0
0
0
0
0
0
0
0
0
0
0
0
0
0
0
0
0
0
0
0
0
1.456614e+07
9888548
7076533
5842206
0
0
0
0
0
0
0
0
0
0
0
0
0
0
0
0
0
0
0
0
0
0
0
0
0
1.003967e+07
7221551
5993122
0
0
0
0
0
0
0
0
0
0
0
0
0
0
0
0
0
0
0
0
0
0
0
0
0
7381774
6148357
0
0
0
0
0
0
0
0
0
0
0
0
0
0
0
6294970
0
0
0
0
0
0
0
0
0
0
0
0
0
0
0
0
0
0
0
0
0
0
0
0
0
0
0
0
0
0
0
0
0
0
0
0
0
0
0
0
0
0
0
0
0
0
0
0
0
0
0
0
0
0
0
0
0
0
0
0
0
0
0
0
0
0
0
0
0
0
0
0
0
0
0
0
0
0
0
0
0
0
0
0
0
0
0
0
0
0
0
0
0
0
0
0
0
0
0
0
0
0
0
0
0
0
0
0
0
0
0
0
0
0
0
0
0
0
0
0
0
0
0
0
0
0
0
0
0
0
0
0
0
0
0
0
0
0
0
0
0
0
0
0
0
0
0
0
0
0
0
0
0
0
0
0
0
0
0
0
0
0
0
0
0
0
0
0
0
0
0
0
0
0
0
0
0
0
0
0
0
0
2.124764e+07
1.427637e+07
9608100
6795327
5579006
0
0
0
0
0
0
0
0
0
0
0
0
0
0
0
0
0
0
0
0
0
0
0
0
0
2.138878e+07
1.437731e+07
9727703
6910240
5685241
0
0
0
0
0
0
0
0
0
0
0
0
0
0
0
0
0
0
0
0
0
0
0
0
0
1.448739e+07
9825500
7027272
5794684
0
0
0
0
0
0
0
0
0
0
0
0
0
0
0
0
0
0
0
0
0
0
0
0
0
9946088
7145302
5922058
0
0
0
0
0
0
0
0
0
0
0
0
0
0
0
0
0
0
0
0
0
0
0
0
0
7280351
6058520
0
0
0
0
0
0
0
0
0
0
0
0
0
0
0
0
0
0
0
0
0
0
0
0
0
6205393
0
0
0
0
0
0
0
0
0
0
0
0
0
0
0
0
0
0
0
0
0
0
0
0
0
0
0
0
0
0
0
0
0
0
0
0
0
0
0
0
0
0
0
0
0
0
0
0
0
0
0
0
0
0
0
0
0
0
0
0
0
0
0
0
0
0
0
0
0
0
0
0
0
0
0
0
0
0
0
0
0
0
0
0
0
0
0
0
0
0
0
0
0
0
0
0
0
0
0
0
0
0
0
0
0
0
0
0
0
0
0
0
0
0
0
0
0
0
0
0
0
0
0
0
0
0
0
0
0
0
0
0
0
0
0
0
0
0
0
0
0
0
0
0
0
0
0
0
0
0
0
0
0
0
0
0
0
0
0
0
0
0
0
0
0
0
0
0
0
0
0
0
0
0
0
0
0
0
0
0
0
0
0
0
2.130285e+07
1.431581e+07
9682254
6874464
5654068
0
0
0
0
0
0
0
0
0
0
0
0
0
0
0
0
0
0
0
0
0
0
0
0
0
1.44363e+07
9785092
6994327
5765164
0
0
0
0
0
0
0
0
0
0
0
0
0
0
0
0
0
0
0
0
0
0
0
0
0
9885996
7093814
5878165
0
0
0
0
0
0
0
0
0
0
0
0
0
0
0
0
0
0
0
0
0
0
0
0
0
7204357
5990679
0
0
0
0
0
0
0
0
0
0
0
0
0
0
0
0
0
0
0
0
0
0
0
0
0
6115208
0
0
0
0
0
0
0
0
0
0
0
0
0
0
0
0
0
0
0
0
0
0
0
0
0
0
0
0
0
0
0
0
0
0
0
0
0
0
0
0
0
0
0
0
0
0
0
0
0
0
0
0
0
0
0
0
0
0
0
0
0
0
0
0
0
0
0
0
0
0
0
0
0
0
0
0
0
0
0
0
0
0
0
0
0
0
0
0
0
0
0
0
0
0
0
0
0
0
0
0
0
0
0
0
0
0
0
0
0
0
0
0
0
0
0
0
0
0
0
0
0
0
0
0
0
0
0
0
0
0
0
0
0
0
0
0
0
0
0
0
0
0
0
0
0
0
0
0
0
0
0
0
0
0
0
0
0
0
0
0
0
0
0
0
0
0
0
0
0
0
0
0
0
0
0
0
0
0
0
0
0
0
0
0
0
0
0
0
0
0
0
0
0
0
0
1.437499e+07
9739744
6958625
5734002
0
0
0
0
0
0
0
0
0
0
0
0
0
0
0
0
0
0
0
0
0
0
0
0
0
9847261
7061053
5848772
0
0
0
0
0
0
0
0
0
0
0
0
0
0
0
0
0
0
0
0
0
0
0
0
0
7155392
5944694
0
0
0
0
0
0
0
0
0
0
0
0
0
0
0
0
0
0
0
0
0
0
0
0
0
6047606
0
0
0
0
0
0
0
0
0
0
0
0
0
0
0
0
0
0
0
0
0
0
0
0
0
0
0
0
0
0
0
0
0
0
0
0
0
0
0
0
0
0
0
0
0
0
0
0
0
0
0
0
0
0
0
0
0
0
0
0
0
0
0
0
0
0
0
0
0
0
0
0
0
0
0
0
0
0
0
0
0
0
0
0
0
0
0
0
0
0
0
0
0
0
0
0
0
0
0
0
0
0
0
0
0
0
0
0
0
0
0
0
0
0
0
0
0
0
0
0
0
0
0
0
0
0
0
0
0
0
0
0
0
0
0
0
0
0
0
0
0
0
0
0
0
0
0
0
0
0
0
0
0
0
0
0
0
0
0
0
0
0
0
0
0
0
0
0
0
0
0
0
0
0
0
0
0
0
0
0
0
0
0
0
0
0
0
0
0
0
0
0
0
0
0
0
0
0
0
0
0
0
0
0
0
9802038
7025448
5817662
0
0
0
0
0
0
0
0
0
0
0
0
0
0
0
0
0
0
0
0
0
0
0
0
0
7124008
5915497
0
0
0
0
0
0
0
0
0
0
0
0
0
0
0
0
0
0
0
0
0
0
0
0
0
6003888
0
0
0
0
0
0
0
0
0
0
0
0
0
0
0
0
0
0
0
0
0
0
0
0
0
0
0
0
0
0
0
0
0
0
0
0
0
0
0
0
0
0
0
0
0
0
0
0
0
0
0
0
0
0
0
0
0
0
0
0
0
0
0
0
0
0
0
0
0
0
0
0
0
0
0
0
0
0
0
0
0
0
0
0
0
0
0
0
0
0
0
0
0
0
0
0
0
0
0
0
0
0
0
0
0
0
0
0
0
0
0
0
0
0
0
0
0
0
0
0
0
0
0
0
0
0
0
0
0
0
0
0
0
0
0
0
0
0
0
0
0
0
0
0
0
0
0
0
0
0
0
0
0
0
0
0
0
0
0
0
0
0
0
0
0
0
0
0
0
0
0
0
0
0
0
0
0
0
0
0
0
0
0
0
0
0
0
0
0
0
0
0
0
0
0
0
0
0
0
0
0
0
0
0
0
0
0
0
0
0
0
0
0
0
0
7088484
5884475
0
0
0
0
0
0
0
0
0
0
0
0
0
0
0
0
0
0
0
0
0
0
0
0
0
5975912
0
0
0
0
0
0
0
0
0
0
0
0
0
0
0
0
0
0
0
0
0
0
0
0
0
0
0
0
0
0
0
0
0
0
0
0
0
0
0
0
0
0
0
0
0
0
0
0
0
0
0
0
0
0
0
0
0
0
0
0
0
0
0
0
0
0
0
0
0
0
0
0
0
0
0
0
0
0
0
0
0
0
0
0
0
0
0
0
0
0
0
0
0
0
0
0
0
0
0
0
0
0
0
0
0
0
0
0
0
0
0
0
0
0
0
0
0
0
0
0
0
0
0
0
0
0
0
0
0
0
0
0
0
0
0
0
0
0
0
0
0
0
0
0
0
0
0
0
0
0
0
0
0
0
0
0
0
0
0
0
0
0
0
0
0
0
0
0
0
0
0
0
0
0
0
0
0
0
0
0
0
0
0
0
0
0
0
0
0
0
0
0
0
0
0
0
0
0
0
0
0
0
0
0
0
0
0
0
0
0
0
0
0
0
0
0
0
0
0
0
0
0
0
0
0
5944947
0
0
0
0
0
0
0
0
0
0
0
0
0
0
0
0
0
0
0
0
0
0
0
0
0
0
0
0
0
0
0
0
0
0
0
0
0
0
0
0
0
0
0
0
0
0
0
0
0
0
0
0
0
0
0
0
0
0
0
0
0
0
0
0
0
0
0
0
0
0
0
0
0
0
0
0
0
0
0
0
0
0
0
0
0
0
0
0
0
0
0
0
0
0
0
0
0
0
0
0
0
0
0
0
0
0
0
0
0
0
0
0
0
0
0
0
0
0
0
0
0
0
0
0
0
0
0
0
0
0
0
0
0
0
0
0
0
0
0
0
0
0
0
0
0
0
0
0
0
0
0
0
0
0
0
0
0
0
0
0
0
0
0
0
0
0
0
0
0
0
0
0
0
0
0
0
0
0
0
0
0
0
0
0
0
0
0
0
0
0
0
0
0
0
0
0
0
0
0
0
0
0
0
0
0
0
0
0
0
0
0
0
0
0
0
0
0
0
0
0
0
0
0
0
0
0
0
0
0
0
0
0
0
0
0
0
0
0
0
0
0
0
0
0
0
0
0
0
0
0
0
0
0
0
0
0
0
0
0
0
0
0
0
0
0
0
0
0
0
0
0
0
0
0
0
0
0
0
0
0
0
0
0
0
0
0
0
0
0
0
0
0
0
0
0
0
0
0
0
0
0
0
0
0
0
0
0
0
0
0
0
0
0
0
0
0
0
0
0
0
0
0
0
0
0
0
0
0
0
0
0
0
0
0
0
0
0
0
0
0
0
0
0
0
0
0
0
0
0
0
0
0
0
0
0
0
0
0
0
0
0
0
0
0
0
0
0
0
0
0
0
0
0
0
0
0
0
0
0
0
0
0
0
0
0
0
0
0
0
0
0
0
0
0
0
0
0
0
0
0
0
0
0
0
0
0
0
0
0
0
0
0
0
0
0
0
0
0
0
0
0
0
0
0
0
0
0
0
0
0
0
0
0
0
0
0
0
0
0
0
0
0
0
0
0
0
0
0
0
0
0
0
0
0
0
0
0
0
0
0
0
0
0
0
0
0
0
0
0
0
0
0
0
0
0
0
0
0
0
0
0
0
0
0
0
0
0
0
0
0
0
0
0
0
0
0
0
0
0
0
0
0
0
0
0
0
0
0
0
0
0
0
0
0
0
0
0
0
0
0
0
0
0
0
0
0
0
0
0
0
0
0
0
0
0
0
0
0
0
0
0
0
0
0
0
0
0
0
0
0
0
0
0
0
0
0
0
0
0
0
0
0
0
0
0
0
0
0
0
0
0
0
0
0
0
0
0
0
0
0
0
0
0
0
0
0
0
0
0
0
0
0
0
0
0
0
0
0
0
0
0
0
0
0
0
0
0
0
0
0
0
0
0
0
0
0
0
0
0
0
0
0
0
0
0
0
0
0
0
0
0
0
0
0
0
0
0
0
0
0
0
0
0
0
0
0
0
0
0
0
0
0
0
0
0
0
0
0
0
0
0
0
0
0
0
0
0
0
0
0
0
0
0
0
0
0
0
0
0
0
0
0
0
0
0
0
0
0
0
0
0
0
0
0
0
0
0
0
0
0
0
0
0
0
0
0
0
0
0
0
0
0
0
0
0
0
0
0
0
0
0
0
0
0
0
0
0
0
0
0
0
0
0
0
0
0
0
0
0
0
0
0
0
0
0
0
0
0
0
0
0
0
0
0
0
0
0
0
0
0
0
0
0
0
0
0
0
0
0
0
0
0
0
0
0
0
0
0
0
0
0
0
0
0
0
0
0
0
0
0
0
0
0
0
0
0
0
0
0
0
0
0
0
0
0
0
0
0
0
0
0
0
0
0
0
0
0
0
0
0
0
0
0
0
0
0
0
0
0
0
0
0
0
0
0
0
0
0
0
0
0
0
0
0
0
0
0
0
0
0
0
0
0
0
0
0
0
0
0
0
0
0
0
0
0
0
0
0
0
0
0
0
0
0
0
0
0
0
0
0
0
0
0
0
0
0
0
0
0
0
0
0
0
0
0
0
0
0
0
0
0
0
0
0
0
0
0
0
0
0
0
0
0
0
0
0
0
0
0
0
0
0
0
0
0
0
0
0
0
0
0
0
0
0
0
0
0
0
0
0
0
0
0
0
0
0
0
0
0
0
0
0
0
0
0
0
0
0
0
0
0
0
0
0
0
0
0
0
0
0
0
0
0
0
0
0
0
0
0
0
0
0
0
0
0
0
0
0
0
0
0
0
0
0
0
0
0
0
0
0
0
0
0
0
0
0
0
0
0
0
0
0
0
0
0
0
0
0
0
0
0
0
0
0
0
0
0
0
0
0
0
0
0
0
0
0
0
0
0
0
0
0
0
0
0
0
0
0
0
0
0
0
0
0
0
0
0
0
0
0
0
0
0
0
0
0
0
0
0
0
0
0
0
0
0
0
0
0
0
0
0
0
0
0
0
0
0
0
0
0
0
0
0
0
0
0
0
0
0
0
0
0
0
0
0
0
0
0
0
0
0
0
0
0
0
0
0
0
0
0
0
0
0
0
0
0
0
0
0
0
0
0
0
0
0
0
0
0
0
0
0
0
0
0
0
0
0
0
0
0
0
0
0
0
0
0
0
0
0
0
0
0
0
0
0
0
0
0
0
0
0
0
0
0
0
0
0
0
0
0
0
0
0
0
0
0
0
0
0
0
0
0
0
0
0
0
0
0
0
0
0
0
0
0
0
0
0
0
0
0
0
0
0
0
0
0
0
0
0
0
0
0
0
0
0
0
0
0
0
0
0
0
0
0
0
0
0
0
0
0
0
0
0
0
0
0
0
0
0
0
0
0
0
0
0
0
0
0
0
0
0
0
0
0
0
0
0
0
0
0
0
0
0
0
0
0
0
0
0
0
0
0
0
0
0
0
0
0
0
0
0
0
0
0
0
0
0
0
0
0
0
0
0
0
0
0
0
0
0
0
0
0
0
0
0
0
0
0
0
0
0
0
0
0
0
0
0
0
0
0
0
0
0
0
0
0
0
0
0
0
0
0
0
0
0
0
0
0
0
0
0
0
0
0
0
0
0
0
0
0
0
0
0
0
0
0
0
0
0
0
0
0
0
0
0
0
0
0
0
0
0
0
0
0
0
0
0
0
0
0
0
0
0
0
0
0
0
0
0
0
0
0
0
0
0
0
0
0
0
0
0
0
0
0
0
0
0
0
0
0
0
0
0
0
0
0
0
0
0
0
0
0
0
0
0
0
0
0
0
0
0
0
0
0
0
0
0
0
0
0
0
0
0
0
0
0
0
0
0
0
0
0
0
0
0
0
0
0
0
0
0
0
0
0
0
0
0
0
0
0
0
0
0
0
0
0
0
0
0
0
0
0
0
0
0
0
0
0
0
0
0
0
0
0
0
0
0
0
0
0
0
0
0
0
0
0
0
0
0
0
0
0
0
0
0
0
0
0
0
0
0
0
0
0
0
0
0
0
0
0
0
0
0
0
0
0
0
0
0
0
0
0
0
0
0
0
0
0
0
0
0
0
0
0
0
0
0
0
0
0
0
0
0
0
0
0
0
0
0
0
0
0
0
0
0
0
0
0
0
0
0
0
0
0
0
0
0
0
0
0
0
0
0
0
0
0
0
0
0
0
0
0
0
0
0
0
0
0
0
0
0
0
0
0
0
0
0
0
0
0
0
0
0
0
0
0
0
0
0
0
0
0
0
0
0
0
0
0
0
0
0
0
0
0
0
0
0
0
0
0
0
0
0
0
0
0
0
0
0
0
0
0
0
0
0
0
0
0
0
0
0
0
0
0
0
0
0
0
0
0
0
0
0
0
0
0
0
0
0
0
0
0
0
0
0
0
0
0
0
0
0
0
0
0
0
0
0
0
0
0
0
0
0
0
0
0
0
0
0
0
0
0
0
0
0
0
0
0
0
0
0
0
0
0
0
0
0
0
0
0
0
0
0
0
0
0
0
0
0
0
0
0
0
0
0
0
0
0
0
0
0
0
0
0
0
0
0
0
0
0
0
0
0
0
0
0
0
0
0
0
0
0
0
0
0
0
0
0
0
0
0
0
0
0
0
0
0
0
0
0
0
0
0
0
0
0
0
0
0
0
0
0
0
0
0
0
0
0
0
0
0
0
0
0
0
0
0
0
0
0
0
0
0
0
0
0
0
0
0
0
0
0
0
0
0
0
0
0
0
0
0
0
0
0
0
0
0
0
0
0
0
0
0
0
0
0
0
0
0
0
0
0
0
0
0
0
0
0
0
0
0
0
0
0
0
0
0
0
0
0
0
0
0
0
0
0
0
0
0
0
0
0
0
0
0
0
0
0
0
0
0
0
0
0
0
0
0
0
0
0
0
0
0
0
0
0
0
0
0
0
0
0
0
0
0
0
0
0
0
0
0
0
0
0
0
0
0
0
0
0
0
0
0
0
0
0
0
0
0
0
0
0
0
0
0
0
0
0
0
0
0
0
0
0
0
0
0
0
0
0
0
0
0
0
0
0
0
0
0
0
0
0
0
0
0
0
0
0
0
0
0
0
0
0
0
0
0
0
0
0
0
0
0
0
0
0
0
0
0
0
0
0
0
0
0
0
0
0
0
0
0
0
0
0
0
0
0
0
0
0
0
0
0
0
0
0
0
0
0
0
0
0
0
0
0
0
0
0
0
0
0
0
0
0
0
0
0
0
0
0
0
0
0
0
0
0
0
0
0
0
0
0
0
0
0
0
0
0
0
0
0
0
0
0
0
0
0
0
0
0
0
0
0
0
0
0
0
0
0
0
0
0
0
0
0
0
0
0
0
0
0
0
0
0
0
0
0
0
0
0
0
0
0
0
0
0
0
0
0
0
0
0
0
0
0
0
0
0
0
0
0
0
0
0
0
0
0
0
0
0
0
0
0
0
0
0
0
0
0
0
0
0
0
0
0
0
0
0
0
0
0
0
0
0
0
0
0
0
0
0
0
0
0
0
0
0
0
0
0
0
0
0
0
0
0
0
0
0
0
0
0
0
0
0
0
0
0
0
0
0
0
0
0
0
0
0
0
0
0
0
0
0
0
0
0
0
0
0
0
0
0
0
0
0
0
0
0
0
0
0
0
0
0
0
0
0
0
0
0
0
0
0
0
0
0
0
0
0
0
0
0
0
0
0
0
0
0
0
0
0
0
0
0
0
0
0
0
0
0
0
0
0
0
0
0
0
0
0
0
0
0
0
0
0
0
0
0
0
0
0
0
0
0
0
0
0
0
0
0
0
0
0
0
0
0
0
0
0
0
0
0
0
0
0
0
0
0
0
0
0
0
0
0
0
0
0
0
0
0
0
0
0
0
0
0
0
0
0
0
0
0
0
0
0
0
0
0
0
0
0
0
0
0
0
0
0
0
0
0
0
0
0
0
0
0
0
0
0
0
0
0
0
0
0
0
0
0
0
0
0
0
0
0
0
0
0
0
0
0
0
0
0
0
0
0
0
0
0
0
0
0
0
0
0
0
0
0
0
0
0
0
0
0
0
0
0
0
0
0
0
0
0
0
0
0
0
0
0
0
0
0
0
0
0
0
0
0
0
0
0
0
0
0
0
0
0
0
0
0
0
0
0
0
0
0
0
0
0
0
0
0
0
0
0
0
0
0
0
0
0
0
0
0
0
0
0
0
0
0
0
0
0
0
0
0
)
;

boundaryField
{
    interconnectSides
    {
        type            zeroGradient;
    }
    anodeSides
    {
        type            zeroGradient;
    }
    interconnect1
    {
        type            zeroGradient;
    }
    phiEA_to_phiE0
    {
        type            zeroGradient;
    }
}


// ************************************************************************* //
