/*--------------------------------*- C++ -*----------------------------------*\
| =========                 |                                                 |
| \\      /  F ield         | OpenFOAM: The Open Source CFD Toolbox           |
|  \\    /   O peration     | Version:  2312                                  |
|   \\  /    A nd           | Website:  www.openfoam.com                      |
|    \\/     M anipulation  |                                                 |
\*---------------------------------------------------------------------------*/
FoamFile
{
    version     2.0;
    format      ascii;
    arch        "LSB;label=32;scalar=64";
    class       volScalarField;
    location    "40/electrolyte";
    object      T;
}
// * * * * * * * * * * * * * * * * * * * * * * * * * * * * * * * * * * * * * //

dimensions      [0 0 0 1 0 0 0];

internalField   nonuniform List<scalar> 
4000
(
313.2274
313.2291
313.2277
313.2251
313.2331
313.2295
313.2269
313.2279
313.2255
313.2229
313.2403
313.2336
313.2309
313.2298
313.2273
313.2247
313.2281
313.2257
313.2232
313.2207
313.2517
313.2409
313.2381
313.2339
313.2314
313.2287
313.2299
313.2275
313.225
313.2224
313.2282
313.2258
313.2234
313.221
313.2184
313.2673
313.2527
313.2495
313.2414
313.2387
313.2358
313.2342
313.2317
313.2291
313.2264
313.23
313.2277
313.2253
313.2228
313.2202
313.2282
313.2259
313.2235
313.2212
313.2187
313.2829
313.2686
313.265
313.2534
313.2504
313.2472
313.2418
313.2392
313.2364
313.2335
313.2343
313.2319
313.2294
313.2268
313.2241
313.2301
313.2278
313.2254
313.223
313.2205
313.2283
313.226
313.2236
313.2213
313.2189
313.2957
313.2845
313.2805
313.2696
313.2663
313.2627
313.2539
313.2511
313.2481
313.2449
313.242
313.2395
313.2369
313.2342
313.2313
313.2345
313.2321
313.2296
313.2271
313.2246
313.2302
313.2279
313.2255
313.2231
313.2207
313.2277
313.226
313.2237
313.2213
313.219
313.3045
313.2976
313.2933
313.2858
313.2821
313.2781
313.2703
313.2673
313.2639
313.2603
313.2542
313.2516
313.2488
313.2458
313.2426
313.2422
313.2397
313.2372
313.2346
313.2319
313.2345
313.2322
313.2298
313.2273
313.2248
313.2296
313.2279
313.2256
313.2232
313.2208
313.2271
313.2253
313.2237
313.2214
313.219
313.309
313.3067
313.3021
313.2991
313.2952
313.2909
313.2867
313.2834
313.2798
313.2758
313.2708
313.2679
313.2649
313.2616
313.258
313.2545
313.2519
313.2493
313.2465
313.2435
313.2423
313.2399
313.2374
313.2349
313.2323
313.234
313.2323
313.2299
313.2275
313.225
313.2291
313.2273
313.2256
313.2232
313.2209
313.2268
313.2248
313.223
313.2214
313.219
313.309
313.3113
313.3066
313.3083
313.3043
313.2997
313.3002
313.2967
313.2928
313.2885
313.2874
313.2843
313.281
313.2774
313.2734
313.2713
313.2685
313.2656
313.2625
313.2592
313.2548
313.2522
313.2496
313.2469
313.2441
313.2419
313.24
313.2376
313.2351
313.2326
313.2336
313.2317
313.2299
313.2275
313.2251
313.2288
313.2268
313.2249
313.2233
313.2209
313.2265
313.2244
313.2225
313.2206
313.219
313.3045
313.3113
313.3066
313.313
313.3088
313.3042
313.3095
313.3059
313.3019
313.2973
313.301
313.2978
313.2943
313.2904
313.2861
313.288
313.285
313.2819
313.2786
313.275
313.2717
313.2689
313.2661
313.2632
313.2602
313.2545
313.2525
313.2499
313.2472
313.2446
313.2416
313.2396
313.2377
313.2352
313.2327
313.2333
313.2312
313.2293
313.2276
313.2252
313.2285
313.2264
313.2244
313.2226
313.221
313.2262
313.2241
313.2221
313.2201
313.2183
313.2957
313.3067
313.3021
313.313
313.3088
313.3042
313.3143
313.3106
313.3064
313.3018
313.3104
313.3071
313.3035
313.2995
313.295
313.3017
313.2986
313.2954
313.2919
313.2881
313.2885
313.2855
313.2826
313.2795
313.2763
313.2715
313.2693
313.2665
313.2637
313.2608
313.2542
313.2521
313.2501
313.2475
313.2449
313.2413
313.2392
313.2372
313.2354
313.2329
313.233
313.2309
313.2289
313.227
313.2253
313.2282
313.2261
313.2241
313.2221
313.2202
313.226
313.2239
313.2218
313.2197
313.2177
313.2829
313.2976
313.2933
313.3083
313.3043
313.2997
313.3143
313.3106
313.3064
313.3018
313.3152
313.3118
313.3082
313.304
313.2994
313.3112
313.308
313.3047
313.3011
313.2971
313.3023
313.2993
313.2962
313.2929
313.2895
313.2886
313.286
313.2831
313.2802
313.2771
313.2714
313.2691
313.2669
313.2641
313.2613
313.254
313.2519
313.2498
313.2477
313.2451
313.241
313.2389
313.2368
313.2348
313.233
313.2327
313.2306
313.2285
313.2265
313.2246
313.228
313.2259
313.2238
313.2217
313.2197
313.2257
313.2236
313.2215
313.2194
313.2173
313.2673
313.2845
313.2805
313.2991
313.2952
313.2909
313.3095
313.3059
313.3019
313.2973
313.3152
313.3118
313.3082
313.304
313.2994
313.316
313.3128
313.3094
313.3058
313.3017
313.3119
313.3087
313.3056
313.3023
313.2987
313.3025
313.2999
313.2968
313.2937
313.2906
313.2885
313.2861
313.2836
313.2807
313.2778
313.2713
313.269
313.2667
313.2644
313.2617
313.2539
313.2517
313.2495
313.2473
313.2453
313.2408
313.2387
313.2365
313.2344
313.2324
313.2325
313.2304
313.2283
313.2262
313.2241
313.2278
313.2256
313.2235
313.2214
313.2193
313.2256
313.2234
313.2212
313.2191
313.217
313.2517
313.2686
313.265
313.2858
313.2821
313.2781
313.3002
313.2967
313.2928
313.2885
313.3104
313.3071
313.3035
313.2995
313.295
313.316
313.3128
313.3094
313.3058
313.3017
313.3167
313.3136
313.3103
313.307
313.3034
313.3122
313.3094
313.3063
313.3031
313.2999
313.3026
313.3001
313.2974
313.2944
313.2913
313.2885
313.2861
313.2836
313.2812
313.2783
313.2712
313.2688
313.2665
313.2643
313.262
313.2537
313.2515
313.2493
313.2471
313.2449
313.2406
313.2385
313.2363
313.2341
313.232
313.2323
313.2301
313.228
313.2259
313.2238
313.2276
313.2254
313.2232
313.2211
313.219
313.2254
313.2232
313.221
313.2188
313.2167
313.2403
313.2527
313.2495
313.2696
313.2663
313.2627
313.2867
313.2834
313.2798
313.2758
313.301
313.2978
313.2943
313.2904
313.2861
313.3112
313.308
313.3047
313.3011
313.2971
313.3167
313.3136
313.3103
313.307
313.3034
313.3171
313.3143
313.3111
313.3079
313.3046
313.3123
313.3097
313.307
313.3039
313.3007
313.3027
313.3001
313.2976
313.295
313.292
313.2885
313.286
313.2836
313.2812
313.2788
313.2711
313.2687
313.2664
313.2641
313.2618
313.2535
313.2513
313.2491
313.2468
313.2446
313.2405
313.2383
313.2361
313.2339
313.2317
313.2321
313.2299
313.2278
313.2256
313.2234
313.2274
313.2252
313.223
313.2208
313.2187
313.2252
313.223
313.2208
313.2186
313.2164
313.2331
313.2409
313.2381
313.2534
313.2504
313.2472
313.2703
313.2673
313.2639
313.2603
313.2874
313.2843
313.281
313.2774
313.2734
313.3017
313.2986
313.2954
313.2919
313.2881
313.3119
313.3087
313.3056
313.3023
313.2987
313.3171
313.3143
313.3111
313.3079
313.3046
313.3173
313.3146
313.3118
313.3087
313.3055
313.3124
313.3099
313.3072
313.3045
313.3015
313.3027
313.3002
313.2976
313.2951
313.2926
313.2884
313.286
313.2835
313.2811
313.2787
313.271
313.2686
313.2663
313.264
313.2617
313.2534
313.2511
313.2489
313.2466
313.2444
313.2403
313.2381
313.2359
313.2337
313.2315
313.2319
313.2298
313.2275
313.2254
313.2232
313.2272
313.225
313.2228
313.2206
313.2184
313.225
313.2228
313.2206
313.2184
313.2162
313.2291
313.2336
313.2309
313.2414
313.2387
313.2358
313.2539
313.2511
313.2481
313.2449
313.2708
313.2679
313.2649
313.2616
313.258
313.288
313.285
313.2819
313.2786
313.275
313.3023
313.2993
313.2962
313.2929
313.2895
313.3122
313.3094
313.3063
313.3031
313.2999
313.3173
313.3146
313.3118
313.3087
313.3055
313.3174
313.3148
313.3121
313.3094
313.3063
313.3125
313.3099
313.3074
313.3048
313.3021
313.3027
313.3002
313.2977
313.2952
313.2927
313.2883
313.2859
313.2835
313.2811
313.2787
313.2708
313.2685
313.2662
313.2638
313.2615
313.2532
313.251
313.2487
313.2465
313.2442
313.2401
313.2379
313.2357
313.2334
313.2312
313.2318
313.2296
313.2274
313.2251
313.2229
313.2271
313.2248
313.2226
313.2204
313.2182
313.2249
313.2226
313.2204
313.2182
313.2159
313.2274
313.2295
313.2269
313.2339
313.2314
313.2287
313.2418
313.2392
313.2364
313.2335
313.2542
313.2516
313.2488
313.2458
313.2426
313.2713
313.2685
313.2656
313.2625
313.2592
313.2885
313.2855
313.2826
313.2795
313.2763
313.3026
313.2999
313.2968
313.2937
313.2906
313.3124
313.3097
313.307
313.3039
313.3007
313.3174
313.3148
313.3121
313.3094
313.3063
313.3175
313.3149
313.3123
313.3097
313.3069
313.3126
313.31
313.3074
313.3049
313.3023
313.3027
313.3002
313.2977
313.2952
313.2927
313.2883
313.2859
313.2834
313.281
313.2786
313.2707
313.2684
313.266
313.2637
313.2614
313.2531
313.2508
313.2486
313.2463
313.244
313.24
313.2377
313.2355
313.2332
313.231
313.2317
313.2294
313.2272
313.2249
313.2227
313.2269
313.2247
313.2224
313.2202
313.2179
313.2249
313.2225
313.2202
313.218
313.2157
313.2277
313.2251
313.2298
313.2273
313.2247
313.2342
313.2317
313.2291
313.2264
313.242
313.2395
313.2369
313.2342
313.2313
313.2545
313.2519
313.2493
313.2465
313.2435
313.2716
313.2689
313.2661
313.2632
313.2602
313.2886
313.286
313.2831
313.2802
313.2771
313.3026
313.3001
313.2974
313.2944
313.2913
313.3124
313.3099
313.3072
313.3045
313.3014
313.3175
313.3149
313.3123
313.3097
313.3069
313.3176
313.315
313.3124
313.3098
313.3072
313.3126
313.31
313.3075
313.305
313.3024
313.3026
313.3001
313.2977
313.2952
313.2927
313.2882
313.2858
313.2834
313.281
313.2786
313.2706
313.2683
313.2659
313.2636
313.2612
313.253
313.2507
313.2484
313.2461
313.2438
313.2399
313.2376
313.2353
313.2331
313.2308
313.2315
313.2293
313.227
313.2247
313.2225
313.2269
313.2245
313.2222
313.22
313.2177
313.225
313.2225
313.2201
313.2178
313.2155
313.2279
313.2255
313.2229
313.2299
313.2275
313.225
313.2224
313.2343
313.2319
313.2294
313.2269
313.2242
313.2422
313.2397
313.2372
313.2346
313.2319
313.2548
313.2522
313.2496
313.2469
313.2441
313.2716
313.2693
313.2665
313.2637
313.2608
313.2885
313.2861
313.2836
313.2807
313.2778
313.3027
313.3001
313.2976
313.295
313.292
313.3125
313.3099
313.3074
313.3048
313.3021
313.3176
313.315
313.3124
313.3098
313.3072
313.3176
313.315
313.3125
313.3099
313.3074
313.3125
313.31
313.3075
313.305
313.3025
313.3026
313.3001
313.2976
313.2952
313.2927
313.2881
313.2857
313.2833
313.2809
313.2785
313.2705
313.2681
313.2658
313.2634
313.2611
313.2529
313.2506
313.2482
313.2459
313.2436
313.2398
313.2375
313.2352
313.2329
313.2306
313.2315
313.2291
313.2268
313.2246
313.2223
313.2271
313.2245
313.2221
313.2198
313.2175
313.2254
313.2226
313.2201
313.2176
313.2153
313.2281
313.2257
313.2232
313.2207
313.23
313.2277
313.2253
313.2228
313.2202
313.2344
313.232
313.2296
313.2271
313.2246
313.2423
313.2399
313.2374
313.2349
313.2323
313.2545
313.2524
313.2499
313.2472
313.2446
313.2714
313.2691
313.2668
313.2641
313.2613
313.2885
313.2861
313.2836
313.2812
313.2783
313.3027
313.3002
313.2976
313.2951
313.2926
313.3126
313.31
313.3074
313.3049
313.3023
313.3176
313.315
313.3125
313.3099
313.3074
313.3176
313.315
313.3125
313.31
313.3075
313.3125
313.31
313.3075
313.305
313.3026
313.3025
313.3
313.2976
313.2951
313.2927
313.288
313.2856
313.2832
313.2808
313.2784
313.2704
313.268
313.2657
313.2633
313.261
313.2528
313.2504
313.2481
313.2458
313.2435
313.2398
313.2373
313.235
313.2327
313.2304
313.2317
313.2291
313.2267
313.2244
313.2221
313.2274
313.2247
313.2221
313.2197
313.2174
313.2258
313.2229
313.2202
313.2176
313.2152
313.2282
313.2258
313.2234
313.221
313.2184
313.2301
313.2278
313.2254
313.223
313.2205
313.2345
313.2322
313.2298
313.2273
313.2248
313.2419
313.24
313.2376
313.2351
313.2326
313.2542
313.2521
313.2501
313.2475
313.2449
313.2713
313.269
313.2667
313.2644
313.2617
313.2885
313.286
313.2836
313.2812
313.2788
313.3027
313.3002
313.2977
313.2952
313.2927
313.3126
313.31
313.3075
313.305
313.3024
313.3176
313.315
313.3125
313.31
313.3075
313.3175
313.315
313.3125
313.31
313.3075
313.3124
313.31
313.3075
313.305
313.3026
313.3024
313.3
313.2975
313.2951
313.2927
313.288
313.2855
313.2831
313.2807
313.2783
313.2704
313.268
313.2656
313.2632
313.2608
313.2529
313.2504
313.248
313.2456
313.2433
313.24
313.2374
313.2349
313.2326
313.2302
313.2321
313.2293
313.2267
313.2243
313.2219
313.2279
313.225
313.2223
313.2197
313.2172
313.2265
313.2234
313.2205
313.2178
313.2152
313.2282
313.2259
313.2235
313.2212
313.2187
313.2302
313.2279
313.2255
313.2231
313.2207
313.234
313.2323
313.2299
313.2275
313.225
313.2416
313.2396
313.2377
313.2352
313.2327
313.254
313.2519
313.2498
313.2477
313.2451
313.2712
313.2689
313.2665
313.2643
313.262
313.2884
313.286
313.2835
313.2811
313.2787
313.3027
313.3002
313.2977
313.2952
313.2927
313.3125
313.31
313.3075
313.305
313.3025
313.3175
313.315
313.3125
313.31
313.3075
313.3175
313.315
313.3125
313.31
313.3076
313.3124
313.3099
313.3074
313.305
313.3025
313.3024
313.2999
313.2974
313.295
313.2926
313.2879
313.2854
313.283
313.2806
313.2782
313.2705
313.2679
313.2655
313.2631
313.2607
313.2532
313.2504
313.2479
313.2455
313.2431
313.2404
313.2376
313.2349
313.2325
313.2301
313.2326
313.2297
313.2269
313.2243
313.2218
313.2286
313.2255
313.2226
313.2198
313.2172
313.2273
313.2241
313.221
313.2181
313.2153
313.2283
313.226
313.2236
313.2213
313.2189
313.2296
313.2279
313.2256
313.2232
313.2208
313.2336
313.2317
313.2299
313.2275
313.2251
313.2413
313.2392
313.2372
313.2354
313.2329
313.2539
313.2517
313.2495
313.2473
313.2453
313.2711
313.2687
313.2664
313.2641
313.2618
313.2883
313.2859
313.2835
313.2811
313.2787
313.3026
313.3001
313.2977
313.2952
313.2927
313.3125
313.31
313.3075
313.305
313.3026
313.3175
313.315
313.3125
313.31
313.3076
313.3175
313.315
313.3125
313.31
313.3075
313.3124
313.3099
313.3074
313.3049
313.3025
313.3024
313.2998
313.2974
313.2949
313.2925
313.2881
313.2854
313.2829
313.2805
313.2781
313.2709
313.268
313.2654
313.263
313.2606
313.2536
313.2507
313.248
313.2454
313.243
313.241
313.238
313.2352
313.2325
313.23
313.2333
313.2302
313.2272
313.2244
313.2218
313.2294
313.2262
313.2231
313.2201
313.2173
313.2279
313.2248
313.2216
313.2185
313.2156
313.2276
313.226
313.2237
313.2213
313.219
313.2291
313.2273
313.2256
313.2233
313.2209
313.2333
313.2312
313.2293
313.2276
313.2252
313.241
313.2389
313.2368
313.2348
313.233
313.2537
313.2515
313.2493
313.2471
313.2449
313.271
313.2686
313.2663
313.264
313.2617
313.2883
313.2859
313.2834
313.281
313.2786
313.3026
313.3001
313.2976
313.2952
313.2927
313.3125
313.31
313.3075
313.305
313.3026
313.3175
313.315
313.3125
313.31
313.3075
313.3174
313.3149
313.3124
313.31
313.3075
313.3124
313.3098
313.3073
313.3049
313.3024
313.3026
313.2998
313.2973
313.2949
313.2924
313.2886
313.2856
313.2829
313.2804
313.278
313.2714
313.2684
313.2655
313.2629
313.2604
313.2543
313.2512
313.2482
313.2455
313.2429
313.2417
313.2386
313.2355
313.2327
313.23
313.2341
313.2309
313.2277
313.2248
313.222
313.23
313.2269
313.2237
313.2206
313.2177
313.2285
313.2255
313.2224
313.2192
313.2161
313.2272
313.2253
313.2237
313.2214
313.219
313.2288
313.2268
313.2249
313.2233
313.2209
313.233
313.2309
313.2289
313.227
313.2253
313.2408
313.2387
313.2366
313.2344
313.2324
313.2535
313.2513
313.2491
313.2468
313.2446
313.2709
313.2685
313.2662
313.2638
313.2615
313.2882
313.2858
313.2834
313.281
313.2786
313.3025
313.3
313.2976
313.2951
313.2927
313.3124
313.3099
313.3074
313.305
313.3025
313.3174
313.3149
313.3124
313.31
313.3075
313.3175
313.3149
313.3124
313.3099
313.3075
313.3127
313.3098
313.3073
313.3048
313.3024
313.3031
313.3001
313.2973
313.2948
313.2924
313.2892
313.286
313.2831
313.2804
313.2779
313.2722
313.2689
313.2659
313.263
313.2604
313.2551
313.2518
313.2487
313.2457
313.243
313.2426
313.2393
313.2361
313.2331
313.2302
313.2348
313.2317
313.2284
313.2253
313.2223
313.2306
313.2276
313.2245
313.2213
313.2181
313.229
313.2261
313.223
313.2199
313.2167
313.2268
313.2248
313.223
313.2214
313.219
313.2285
313.2264
313.2244
313.2226
313.2209
313.2327
313.2306
313.2285
313.2265
313.2246
313.2406
313.2385
313.2363
313.2342
313.232
313.2534
313.2511
313.2489
313.2466
313.2444
313.2707
313.2684
313.266
313.2637
313.2614
313.2881
313.2857
313.2833
313.2809
313.2785
313.3024
313.3
313.2975
313.2951
313.2927
313.3124
313.3099
313.3074
313.3049
313.3025
313.3175
313.3149
313.3124
313.3099
313.3075
313.3178
313.3149
313.3124
313.3099
313.3074
313.3132
313.3101
313.3073
313.3048
313.3023
313.3038
313.3006
313.2975
313.2948
313.2923
313.2901
313.2867
313.2835
313.2805
313.2779
313.2731
313.2697
313.2664
313.2634
313.2605
313.2561
313.2526
313.2493
313.2462
313.2432
313.2433
313.2402
313.2368
313.2336
313.2306
313.2354
313.2323
313.2292
313.226
313.2228
313.2312
313.2282
313.2251
313.222
313.2188
313.2296
313.2266
313.2236
313.2206
313.2175
313.2265
313.2244
313.2225
313.2206
313.2191
313.2282
313.2261
313.2241
313.2221
313.2202
313.2325
313.2304
313.2283
313.2262
313.2241
313.2405
313.2383
313.2361
313.2339
313.2317
313.2532
313.251
313.2487
313.2465
313.2442
313.2706
313.2683
313.2659
313.2636
313.2612
313.288
313.2856
313.2832
313.2808
313.2784
313.3024
313.2999
313.2974
313.295
313.2926
313.3124
313.3098
313.3073
313.3049
313.3024
313.3178
313.3149
313.3123
313.3099
313.3074
313.3183
313.3152
313.3124
313.3098
313.3074
313.314
313.3106
313.3076
313.3048
313.3022
313.3048
313.3013
313.298
313.295
313.2923
313.2911
313.2875
313.2841
313.281
313.278
313.2742
313.2706
313.2672
313.2639
313.2608
313.2568
313.2536
313.2501
313.2468
313.2437
313.2439
313.2409
313.2377
313.2343
313.2311
313.236
313.2329
313.2299
313.2268
313.2235
313.2317
313.2287
313.2257
313.2227
313.2195
313.23
313.2271
313.2242
313.2211
313.2181
313.2262
313.2241
313.2221
313.2201
313.2182
313.228
313.2259
313.2238
313.2217
313.2197
313.2323
313.2301
313.228
313.2259
313.2238
313.2403
313.2381
313.2359
313.2337
313.2315
313.2531
313.2508
313.2486
313.2463
313.244
313.2705
313.2681
313.2658
313.2634
313.2611
313.288
313.2855
313.2831
313.2807
313.2783
313.3024
313.2998
313.2974
313.2949
313.2925
313.3127
313.3098
313.3073
313.3048
313.3024
313.3183
313.3152
313.3124
313.3098
313.3074
313.3191
313.3157
313.3127
313.3098
313.3073
313.315
313.3114
313.3081
313.305
313.3022
313.3059
313.3022
313.2987
313.2955
313.2925
313.2924
313.2886
313.285
313.2816
313.2784
313.2751
313.2717
313.2681
313.2646
313.2614
313.2575
313.2544
313.2511
313.2476
313.2443
313.2445
313.2415
313.2384
313.2352
313.2318
313.2365
313.2335
313.2305
313.2274
313.2243
313.2321
313.2292
313.2263
313.2232
313.2202
313.2305
313.2276
313.2247
313.2217
313.2186
313.226
313.2239
313.2218
313.2197
313.2177
313.2278
313.2256
313.2235
313.2214
313.2193
313.2321
313.2299
313.2278
313.2256
313.2235
313.2401
313.2379
313.2357
313.2334
313.2312
313.253
313.2507
313.2484
313.2461
313.2438
313.2704
313.268
313.2657
313.2633
313.261
313.2879
313.2854
313.283
313.2806
313.2782
313.3026
313.2998
313.2973
313.2949
313.2924
313.3132
313.3101
313.3073
313.3048
313.3023
313.3191
313.3157
313.3127
313.3098
313.3073
313.3201
313.3165
313.3132
313.3101
313.3073
313.3162
313.3124
313.3088
313.3055
313.3025
313.3073
313.3034
313.2997
313.2962
313.2929
313.2933
313.2898
313.286
313.2824
313.2791
313.2759
313.2726
313.2692
313.2656
313.2621
313.2582
313.255
313.2519
313.2486
313.2451
313.2451
313.2421
313.239
313.2359
313.2327
313.2369
313.234
313.2311
313.228
313.2249
313.2326
313.2297
313.2268
313.2238
313.2207
313.2308
313.228
313.2251
313.2222
313.2192
313.2257
313.2236
313.2215
313.2194
313.2173
313.2276
313.2254
313.2232
313.2211
313.219
313.232
313.2297
313.2276
313.2254
313.2232
313.24
313.2377
313.2355
313.2332
313.231
313.2529
313.2506
313.2482
313.2459
313.2436
313.2704
313.2679
313.2656
313.2632
313.2608
313.2881
313.2854
313.2829
313.2805
313.2781
313.3031
313.3001
313.2973
313.2948
313.2924
313.314
313.3106
313.3076
313.3048
313.3022
313.3201
313.3165
313.3132
313.3101
313.3073
313.3214
313.3176
313.314
313.3106
313.3076
313.3176
313.3136
313.3098
313.3063
313.303
313.3083
313.3047
313.3008
313.2971
313.2936
313.2942
313.2907
313.2873
313.2835
313.2799
313.2766
313.2733
313.27
313.2667
313.263
313.2587
313.2557
313.2525
313.2493
313.2461
313.2456
313.2426
313.2396
313.2365
313.2334
313.2374
313.2345
313.2316
313.2286
313.2255
313.2329
313.2301
313.2272
313.2243
313.2213
313.2311
313.2284
313.2255
313.2226
313.2197
313.2256
313.2234
313.2212
313.2191
313.217
313.2274
313.2252
313.223
313.2208
313.2187
313.2318
313.2296
313.2273
313.2251
313.2229
313.2398
313.2376
313.2353
313.2331
313.2308
313.2528
313.2504
313.2481
313.2458
313.2435
313.2705
313.2679
313.2655
313.2631
313.2607
313.2886
313.2856
313.2829
313.2804
313.278
313.3038
313.3006
313.2975
313.2948
313.2923
313.315
313.3114
313.3081
313.305
313.3022
313.3214
313.3176
313.314
313.3106
313.3076
313.3228
313.3188
313.315
313.3114
313.3081
313.3187
313.315
313.3111
313.3073
313.3038
313.3092
313.3057
313.3021
313.2983
313.2946
313.2949
313.2916
313.2882
313.2847
313.2809
313.2772
313.274
313.2708
313.2675
313.2641
313.2592
313.2563
313.2532
313.25
313.2468
313.246
313.2431
313.2401
313.2371
313.234
313.2377
313.2349
313.232
313.2291
313.2261
313.2333
313.2305
313.2277
313.2247
313.2218
313.2314
313.2287
313.2259
313.223
313.2201
313.2254
313.2232
313.221
313.2188
313.2167
313.2272
313.225
313.2228
313.2206
313.2184
313.2316
313.2294
313.2272
313.2249
313.2227
313.2398
313.2374
313.2352
313.2329
313.2306
313.2529
313.2504
313.248
313.2456
313.2433
313.2709
313.268
313.2654
313.263
313.2606
313.2892
313.286
313.2831
313.2804
313.2779
313.3048
313.3013
313.298
313.295
313.2923
313.3162
313.3124
313.3088
313.3055
313.3025
313.3228
313.3188
313.315
313.3114
313.3081
313.3239
313.3202
313.3162
313.3125
313.3089
313.3196
313.3161
313.3125
313.3085
313.3048
313.31
313.3066
313.3031
313.2996
313.2957
313.2956
313.2924
313.289
313.2856
313.2822
313.2777
313.2747
313.2715
313.2683
313.2649
313.2597
313.2568
313.2538
313.2507
313.2475
313.2464
313.2435
313.2406
313.2376
313.2346
313.2381
313.2353
313.2324
313.2295
313.2266
313.2335
313.2308
313.228
313.2252
313.2222
313.2316
313.229
313.2262
313.2234
313.2205
313.2252
313.223
313.2208
313.2186
313.2164
313.2271
313.2248
313.2226
313.2204
313.2182
313.2315
313.2293
313.227
313.2247
313.2225
313.2398
313.2373
313.235
313.2327
313.2304
313.2532
313.2504
313.2479
313.2455
313.2431
313.2714
313.2684
313.2655
313.2629
313.2604
313.2901
313.2867
313.2835
313.2805
313.2778
313.3059
313.3022
313.2987
313.2955
313.2925
313.3176
313.3136
313.3098
313.3063
313.303
313.3239
313.3203
313.3162
313.3125
313.3089
313.3249
313.3213
313.3177
313.3137
313.3099
313.3205
313.317
313.3135
313.3099
313.306
313.3107
313.3074
313.304
313.3006
313.297
313.2962
313.293
313.2898
313.2865
313.2831
313.2782
313.2752
313.2721
313.269
313.2657
313.2601
313.2572
313.2543
313.2512
313.2481
313.2467
313.2439
313.241
313.2381
313.2351
313.2383
313.2356
313.2328
313.23
313.227
313.2337
313.2311
313.2283
313.2255
313.2227
313.2318
313.2292
313.2265
313.2237
313.2209
313.225
313.2228
313.2206
313.2184
313.2162
313.2269
313.2247
313.2224
313.2202
313.2179
313.2315
313.2291
313.2268
313.2246
313.2223
313.24
313.2374
313.2349
313.2326
313.2302
313.2536
313.2507
313.248
313.2454
313.243
313.2722
313.2689
313.2659
313.263
313.2604
313.2911
313.2875
313.2841
313.281
313.278
313.3073
313.3034
313.2997
313.2962
313.2929
313.3187
313.315
313.311
313.3073
313.3038
313.3249
313.3213
313.3177
313.3137
313.3099
313.3257
313.3223
313.3187
313.3151
313.3111
313.3212
313.3179
313.3144
313.3109
313.3073
313.3113
313.3081
313.3049
313.3015
313.298
313.2967
313.2936
313.2905
313.2872
313.2839
313.2786
313.2757
313.2727
313.2696
313.2664
313.2604
313.2576
313.2547
313.2517
313.2487
313.2469
313.2442
313.2414
313.2385
313.2356
313.2385
313.2359
313.2331
313.2303
313.2274
313.2339
313.2313
313.2286
313.2258
313.223
313.2319
313.2293
313.2267
313.224
313.2212
313.2249
313.2226
313.2204
313.2181
313.2159
313.2269
313.2245
313.2222
313.22
313.2177
313.2317
313.2291
313.2267
313.2244
313.2221
313.2404
313.2376
313.2349
313.2324
313.2301
313.2543
313.2512
313.2482
313.2455
313.2429
313.2731
313.2697
313.2664
313.2634
313.2605
313.2924
313.2886
313.285
313.2816
313.2784
313.3083
313.3047
313.3008
313.2971
313.2936
313.3196
313.3161
313.3125
313.3085
313.3048
313.3257
313.3223
313.3187
313.3151
313.3111
313.3265
313.3231
313.3197
313.3162
313.3126
313.3218
313.3186
313.3153
313.3119
313.3084
313.3118
313.3087
313.3056
313.3023
313.2989
313.2971
313.2941
313.291
313.2879
313.2847
313.2789
313.2761
313.2731
313.2701
313.267
313.2606
313.2579
313.2551
313.2522
313.2492
313.2471
313.2445
313.2417
313.2389
313.236
313.2387
313.2361
313.2334
313.2306
313.2278
313.234
313.2314
313.2288
313.2261
313.2233
313.232
313.2294
313.2269
313.2242
313.2215
313.2249
313.2225
313.2202
313.218
313.2157
313.2271
313.2245
313.2221
313.2198
313.2175
313.2321
313.2293
313.2267
313.2243
313.2219
313.241
313.238
313.2352
313.2325
313.23
313.2551
313.2518
313.2487
313.2458
313.243
313.2742
313.2706
313.2672
313.2639
313.2608
313.2933
313.2898
313.286
313.2824
313.2791
313.3092
313.3057
313.3022
313.2983
313.2946
313.3205
313.317
313.3135
313.3099
313.3059
313.3265
313.3231
313.3197
313.3162
313.3126
313.3271
313.3239
313.3206
313.3171
313.3136
313.3223
313.3192
313.316
313.3127
313.3093
313.3122
313.3092
313.3062
313.303
313.2997
313.2974
313.2945
313.2915
313.2885
313.2853
313.2792
313.2764
313.2735
313.2706
313.2675
313.2608
313.2581
313.2554
313.2525
313.2496
313.2473
313.2446
313.242
313.2392
313.2363
313.2388
313.2362
313.2336
313.2309
313.2281
313.2341
313.2315
313.229
313.2263
313.2236
313.232
313.2295
313.227
313.2244
313.2217
313.225
313.2225
313.2201
313.2178
313.2155
313.2274
313.2247
313.2221
313.2197
313.2174
313.2326
313.2297
313.2269
313.2243
313.2218
313.2417
313.2386
313.2356
313.2327
313.23
313.2561
313.2526
313.2493
313.2462
313.2432
313.2751
313.2717
313.2681
313.2646
313.2614
313.2942
313.2907
313.2873
313.2835
313.2799
313.31
313.3066
313.3031
313.2996
313.2957
313.3212
313.3179
313.3144
313.3109
313.3074
313.3271
313.3239
313.3206
313.3171
313.3136
313.3276
313.3245
313.3213
313.318
313.3146
313.3227
313.3197
313.3166
313.3134
313.3102
313.3126
313.3097
313.3067
313.3036
313.3004
313.2976
313.2948
313.2919
313.289
313.2859
313.2793
313.2766
313.2738
313.271
313.268
313.2609
313.2583
313.2556
313.2528
313.25
313.2473
313.2448
313.2422
313.2394
313.2366
313.2388
313.2363
313.2337
313.2311
313.2284
313.2341
313.2316
313.2291
313.2265
313.2238
313.232
313.2295
313.227
313.2245
313.2219
313.2254
313.2226
313.22
313.2176
313.2153
313.2279
313.225
313.2223
313.2196
313.2172
313.2333
313.2302
313.2272
313.2244
313.2218
313.2426
313.2393
313.2361
313.2331
313.2302
313.2568
313.2536
313.2502
313.2468
313.2437
313.2759
313.2726
313.2692
313.2656
313.2621
313.2949
313.2916
313.2882
313.2847
313.2809
313.3107
313.3074
313.304
313.3006
313.2971
313.3218
313.3186
313.3153
313.3119
313.3084
313.3276
313.3245
313.3213
313.318
313.3146
313.328
313.325
313.3219
313.3187
313.3154
313.323
313.3201
313.3171
313.314
313.3109
313.3128
313.31
313.3071
313.3041
313.301
313.2978
313.295
313.2922
313.2894
313.2864
313.2794
313.2768
313.2741
313.2713
313.2684
313.261
313.2584
313.2558
313.2531
313.2503
313.2474
313.2449
313.2423
313.2396
313.2369
313.2388
313.2364
313.2338
313.2312
313.2286
313.2341
313.2316
313.2291
313.2266
313.2239
313.2295
313.2271
313.2245
313.222
313.2259
313.223
313.2202
313.2176
313.2152
313.2286
313.2255
313.2226
313.2198
313.2172
313.2341
313.2309
313.2278
313.2248
313.222
313.2433
313.2402
313.2368
313.2336
313.2306
313.2575
313.2544
313.2511
313.2476
313.2443
313.2766
313.2733
313.27
313.2667
313.263
313.2956
313.2924
313.289
313.2856
313.2822
313.3113
313.3081
313.3049
313.3015
313.298
313.3223
313.3192
313.316
313.3127
313.3093
313.328
313.325
313.3219
313.3187
313.3154
313.3283
313.3254
313.3224
313.3193
313.3162
313.3233
313.3204
313.3175
313.3145
313.3115
313.3129
313.3102
313.3074
313.3045
313.3015
313.2979
313.2952
313.2925
313.2897
313.2868
313.2795
313.2769
313.2742
313.2715
313.2687
313.261
313.2585
313.2559
313.2533
313.2505
313.2474
313.2449
313.2424
313.2398
313.2371
313.2388
313.2364
313.2339
313.2313
313.2287
313.2316
313.2291
313.2266
313.224
313.2271
313.2246
313.222
313.2265
313.2234
313.2205
313.2178
313.2152
313.2294
313.2262
313.2231
313.2201
313.2173
313.2348
313.2317
313.2284
313.2253
313.2223
313.2439
313.2409
313.2377
313.2343
313.2311
313.2582
313.255
313.2519
313.2486
313.2451
313.2772
313.274
313.2708
313.2675
313.2641
313.2962
313.293
313.2898
313.2865
313.2831
313.3118
313.3087
313.3056
313.3023
313.2989
313.3227
313.3197
313.3166
313.3134
313.3102
313.3283
313.3254
313.3224
313.3193
313.3162
313.3286
313.3257
313.3228
313.3198
313.3168
313.3234
313.3206
313.3178
313.3149
313.312
313.313
313.3103
313.3076
313.3048
313.3019
313.2979
313.2953
313.2926
313.2899
313.2871
313.2794
313.2769
313.2743
313.2717
313.2689
313.261
313.2585
313.256
313.2534
313.2507
313.2473
313.2449
313.2424
313.2398
313.2372
313.2363
313.2339
313.2314
313.2288
313.2291
313.2266
313.2241
313.2246
313.2221
313.2273
313.2241
313.221
313.2181
313.2153
313.23
313.2269
313.2237
313.2206
313.2177
313.2354
313.2323
313.2292
313.226
313.2228
313.2445
313.2415
313.2384
313.2352
313.2318
313.2587
313.2557
313.2525
313.2493
313.2461
313.2777
313.2747
313.2715
313.2683
313.265
313.2967
313.2936
313.2905
313.2872
313.2839
313.3122
313.3092
313.3062
313.303
313.2997
313.323
313.3201
313.3171
313.314
313.3109
313.3286
313.3257
313.3228
313.3198
313.3168
313.3287
313.3259
313.3231
313.3202
313.3173
313.3234
313.3208
313.318
313.3153
313.3124
313.3129
313.3104
313.3077
313.305
313.3022
313.2978
313.2953
313.2927
313.29
313.2873
313.2794
313.2769
313.2743
313.2718
313.2691
313.2609
313.2585
313.256
313.2534
313.2508
313.2448
313.2424
313.2399
313.2373
313.2339
313.2314
313.2288
313.2266
313.2241
313.222
313.2279
313.2249
313.2216
313.2185
313.2156
313.2306
313.2276
313.2245
313.2212
313.2181
313.236
313.2329
313.2299
313.2268
313.2235
313.2451
313.2421
313.239
313.2359
313.2327
313.2592
313.2563
313.2532
313.25
313.2468
313.2782
313.2752
313.2721
313.269
313.2657
313.2971
313.2941
313.291
313.2879
313.2847
313.3126
313.3096
313.3067
313.3036
313.3004
313.3233
313.3204
313.3175
313.3145
313.3115
313.3287
313.3259
313.3231
313.3202
313.3173
313.3287
313.326
313.3233
313.3206
313.3177
313.3233
313.3208
313.3182
313.3155
313.3127
313.3128
313.3103
313.3078
313.3051
313.3025
313.2977
313.2952
313.2927
313.2901
313.2875
313.2793
313.2768
313.2743
313.2718
313.2692
313.2584
313.2559
313.2534
313.2509
313.2423
313.2399
313.2373
313.2314
313.2288
313.2241
313.2285
313.2255
313.2224
313.2192
313.2161
313.2312
313.2282
313.2251
313.222
313.2188
313.2365
313.2335
313.2305
313.2274
313.2243
313.2456
313.2426
313.2396
313.2365
313.2334
313.2597
313.2568
313.2538
313.2507
313.2475
313.2786
313.2757
313.2727
313.2696
313.2664
313.2974
313.2945
313.2915
313.2885
313.2853
313.3128
313.31
313.3071
313.3041
313.301
313.3234
313.3206
313.3178
313.3149
313.312
313.3287
313.326
313.3233
313.3206
313.3177
313.3286
313.3261
313.3234
313.3208
313.318
313.3232
313.3207
313.3182
313.3156
313.3129
313.3127
313.3102
313.3077
313.3052
313.3026
313.2976
313.2951
313.2926
313.2901
313.2875
313.2767
313.2742
313.2718
313.2692
313.2559
313.2534
313.2509
313.2398
313.2373
313.2288
313.2291
313.2261
313.223
313.2199
313.2167
313.2317
313.2287
313.2257
313.2227
313.2196
313.237
313.234
313.231
313.228
313.2249
313.246
313.2431
313.2401
313.2371
313.234
313.2601
313.2572
313.2543
313.2512
313.2481
313.2789
313.2761
313.2731
313.2701
313.267
313.2976
313.2948
313.2919
313.289
313.2859
313.3129
313.3102
313.3074
313.3045
313.3015
313.3234
313.3208
313.3181
313.3153
313.3124
313.3286
313.3261
313.3234
313.3208
313.318
313.3285
313.326
313.3235
313.3209
313.3182
313.3231
313.3206
313.3181
313.3156
313.313
313.3126
313.3101
313.3076
313.3052
313.3026
313.295
313.2925
313.29
313.2875
313.2742
313.2717
313.2692
313.2533
313.2508
313.2373
313.2296
313.2266
313.2236
313.2206
313.2175
313.2322
313.2292
313.2263
313.2232
313.2202
313.2374
313.2345
313.2316
313.2286
313.2255
313.2464
313.2435
313.2406
313.2376
313.2346
313.2604
313.2576
313.2547
313.2517
313.2487
313.2792
313.2764
313.2735
313.2706
313.2675
313.2978
313.295
313.2922
313.2894
313.2864
313.313
313.3103
313.3076
313.3048
313.3019
313.3233
313.3208
313.3182
313.3155
313.3127
313.3285
313.326
313.3235
313.3209
313.3182
313.3283
313.3259
313.3234
313.3209
313.3183
313.3229
313.3204
313.318
313.3155
313.313
313.31
313.3075
313.3051
313.3026
313.2924
313.2899
313.2875
313.2716
313.2691
313.2508
313.23
313.2271
313.2242
313.2211
313.2181
313.2326
313.2297
313.2268
313.2238
313.2207
313.2377
313.2349
313.232
313.2291
313.2261
313.2467
313.2439
313.241
313.2381
313.2351
313.2606
313.2579
313.2551
313.2522
313.2492
313.2793
313.2766
313.2738
313.271
313.268
313.2979
313.2952
313.2925
313.2897
313.2868
313.3129
313.3104
313.3077
313.305
313.3022
313.3232
313.3207
313.3182
313.3156
313.3129
313.3283
313.3259
313.3234
313.3209
313.3183
313.3281
313.3257
313.3233
313.3208
313.3183
313.3203
313.3179
313.3154
313.313
313.3074
313.3049
313.3025
313.2898
313.2874
313.269
313.2305
313.2276
313.2247
313.2217
313.2186
313.2329
313.2301
313.2272
313.2243
313.2213
313.2381
313.2353
313.2324
313.2295
313.2266
313.2469
313.2442
313.2414
313.2385
313.2356
313.2608
313.2581
313.2554
313.2525
313.2496
313.2794
313.2768
313.2741
313.2713
313.2684
313.2979
313.2953
313.2926
313.2899
313.2871
313.3128
313.3103
313.3078
313.3051
313.3025
313.3231
313.3206
313.3181
313.3156
313.313
313.3281
313.3257
313.3233
313.3208
313.3183
313.3255
313.3231
313.3207
313.3182
313.3177
313.3153
313.3129
313.3048
313.3024
313.2872
313.2308
313.228
313.2251
313.2222
313.2192
313.2333
313.2305
313.2277
313.2248
313.2218
313.2383
313.2356
313.2328
313.23
313.227
313.2471
313.2445
313.2417
313.2389
313.236
313.2609
313.2583
313.2556
313.2528
313.25
313.2795
313.2769
313.2742
313.2715
313.2687
313.2978
313.2953
313.2927
313.29
313.2873
313.3127
313.3102
313.3077
313.3052
313.3026
313.3229
313.3205
313.318
313.3156
313.313
313.3255
313.3231
313.3207
313.3182
313.3229
313.3205
313.3181
313.3151
313.3127
313.3022
313.2312
313.2284
313.2255
313.2226
313.2197
313.2335
313.2308
313.228
313.2252
313.2222
313.2385
313.2359
313.2331
313.2303
313.2274
313.2473
313.2447
313.242
313.2392
313.2363
313.261
313.2584
313.2558
313.2531
313.2503
313.2794
313.2769
313.2743
313.2717
313.2689
313.2977
313.2952
313.2927
313.2901
313.2875
313.3126
313.3101
313.3076
313.3052
313.3026
313.3203
313.3179
313.3154
313.313
313.3229
313.3205
313.3181
313.3203
313.3179
313.3125
313.2314
313.2287
313.2259
313.2231
313.2201
313.2337
313.2311
313.2283
313.2255
313.2227
313.2387
313.2361
313.2334
313.2306
313.2278
313.2473
313.2448
313.2422
313.2394
313.2367
313.261
313.2585
313.2559
313.2533
313.2505
313.2794
313.2769
313.2743
313.2718
313.2691
313.2976
313.2951
313.2926
313.2901
313.2875
313.31
313.3075
313.3051
313.3026
313.3177
313.3153
313.3129
313.3203
313.3179
313.3178
313.2316
313.229
313.2262
313.2234
313.2205
313.2339
313.2313
313.2286
313.2258
313.223
313.2388
313.2362
313.2336
313.2309
313.2281
313.2474
313.2449
313.2423
313.2396
313.2369
313.261
313.2585
313.256
313.2534
313.2507
313.2793
313.2768
313.2743
313.2718
313.2692
313.295
313.2925
313.29
313.2875
313.3074
313.3049
313.3025
313.3151
313.3127
313.3178
313.2318
313.2292
313.2265
313.2237
313.2209
313.234
313.2314
313.2288
313.2261
313.2233
313.2388
313.2363
313.2337
313.2311
313.2284
313.2474
313.2449
313.2424
313.2398
313.2371
313.2609
313.2585
313.256
313.2534
313.2508
313.2767
313.2743
313.2718
313.2692
313.2924
313.2899
313.2875
313.3048
313.3024
313.3125
313.2319
313.2293
313.2267
313.224
313.2212
313.2341
313.2316
313.229
313.2263
313.2236
313.2388
313.2364
313.2338
313.2312
313.2286
313.2473
313.2449
313.2424
313.2398
313.2372
313.2584
313.2559
313.2534
313.2509
313.2742
313.2717
313.2692
313.2898
313.2874
313.3022
313.232
313.2295
313.2269
313.2242
313.2215
313.2341
313.2316
313.2291
313.2265
313.2238
313.2388
313.2364
313.2339
313.2313
313.2287
313.2448
313.2424
313.2399
313.2373
313.2559
313.2534
313.2509
313.2716
313.2691
313.2872
313.232
313.2295
313.227
313.2244
313.2217
313.2341
313.2316
313.2291
313.2266
313.2239
313.2363
313.2339
313.2314
313.2288
313.2423
313.2399
313.2373
313.2533
313.2508
313.269
313.232
313.2295
313.227
313.2245
313.2219
313.2316
313.2291
313.2266
313.2241
313.2339
313.2314
313.2288
313.2398
313.2373
313.2508
313.2295
313.2271
313.2245
313.222
313.2291
313.2266
313.2241
313.2314
313.2288
313.2373
313.2271
313.2246
313.222
313.2266
313.2241
313.2288
313.2246
313.2221
313.2241
313.222
)
;

boundaryField
{
    electrolyteSides
    {
        type            zeroGradient;
    }
    electrolyte_to_fuel
    {
        type            zeroGradient;
    }
    electrolyte_to_air
    {
        type            zeroGradient;
    }
}


// ************************************************************************* //
