/*--------------------------------*- C++ -*----------------------------------*\
| =========                 |                                                 |
| \\      /  F ield         | OpenFOAM: The Open Source CFD Toolbox           |
|  \\    /   O peration     | Version:  2312                                  |
|   \\  /    A nd           | Website:  www.openfoam.com                      |
|    \\/     M anipulation  |                                                 |
\*---------------------------------------------------------------------------*/
FoamFile
{
    version     2.0;
    format      ascii;
    arch        "LSB;label=32;scalar=64";
    class       volScalarField;
    location    "0.5/phiI";
    object      J;
}
// * * * * * * * * * * * * * * * * * * * * * * * * * * * * * * * * * * * * * //

dimensions      [0 -3 0 0 0 1 0];

internalField   nonuniform List<scalar> 
12000
(
0
0
0
0
0
0
0
0
0
0
0
0
0
0
0
0
0
0
0
0
0
0
0
0
0
0
0
0
0
0
0
0
0
0
0
0
0
0
0
0
0
0
0
0
0
0
0
0
0
0
0
0
0
0
0
0
0
0
0
0
0
0
0
0
0
0
0
0
0
0
0
0
0
0
0
0
0
0
0
0
0
0
0
0
0
0
0
0
0
0
0
0
0
0
0
0
0
0
0
0
0
0
0
0
0
0
0
0
0
0
0
0
0
0
0
0
0
0
0
0
0
0
0
0
0
0
0
0
0
0
0
0
0
0
0
0
0
0
0
0
0
0
0
0
0
0
0
0
0
0
0
0
0
0
0
0
0
0
0
0
0
0
0
0
0
0
0
0
0
0
0
0
0
0
0
0
0
0
0
0
0
0
0
0
0
0
0
0
0
0
0
0
0
0
0
0
0
0
0
0
0
0
0
0
0
0
0
0
0
0
0
0
0
0
0
0
0
0
0
0
0
0
0
0
0
0
0
0
0
0
0
0
0
0
0
0
0
0
0
0
0
0
0
0
0
0
0
0
0
0
0
0
0
0
0
0
0
0
0
0
0
0
0
0
0
0
0
0
0
0
0
0
0
0
0
0
0
0
0
0
0
0
0
0
0
-6.73024e+08
0
0
0
0
0
0
0
0
0
0
0
0
0
0
0
0
0
0
0
0
0
0
0
0
0
0
0
0
0
0
0
0
0
0
0
0
0
0
0
0
0
0
0
0
0
0
0
0
0
0
0
0
0
0
0
0
0
0
0
0
0
0
0
0
0
-6.718974e+08
0
0
0
0
0
0
0
0
0
0
-6.714445e+08
-4.755529e+08
0
0
0
0
0
0
0
0
0
0
0
0
0
0
0
0
0
0
0
0
0
0
0
0
0
0
0
0
0
0
0
0
0
0
0
0
0
0
0
0
0
0
0
0
0
0
0
0
0
0
0
0
0
0
0
0
0
0
0
0
0
0
0
0
0
-6.689007e+08
0
0
0
0
0
0
0
0
0
0
-6.70154e+08
-4.751966e+08
0
0
0
0
0
0
0
0
0
0
-6.710891e+08
-4.742152e+08
-4.002467e+08
0
0
0
0
0
0
0
0
0
0
0
0
0
0
0
0
0
0
0
0
0
0
0
0
0
0
0
0
0
0
0
0
0
0
0
0
0
0
0
0
0
0
0
0
0
0
0
0
0
0
0
0
0
0
0
0
0
0
0
0
0
0
0
0
0
-6.634311e+08
0
0
0
0
0
0
0
0
0
0
-6.66803e+08
-4.738244e+08
0
0
0
0
0
0
0
0
0
0
-6.69766e+08
-4.737241e+08
-4.001358e+08
0
0
0
0
0
0
0
0
0
0
-6.714349e+08
-4.738806e+08
-3.990015e+08
-3.489239e+08
0
0
0
0
0
0
0
0
0
0
0
0
0
0
0
0
0
0
0
0
0
0
0
0
0
0
0
0
0
0
0
0
0
0
0
0
0
0
0
0
0
0
0
0
0
0
0
0
0
0
0
0
0
0
0
0
0
0
0
0
0
0
0
0
0
-6.544888e+08
0
0
0
0
0
0
0
0
0
0
-6.60746e+08
-4.712422e+08
0
0
0
0
0
0
0
0
0
0
-6.663447e+08
-4.720613e+08
-3.992258e+08
0
0
0
0
0
0
0
0
0
0
-6.701396e+08
-4.733582e+08
-3.987663e+08
-3.489687e+08
0
0
0
0
0
0
0
0
0
0
-6.719952e+08
-4.741469e+08
-3.986787e+08
-3.477382e+08
-2.846227e+08
0
0
0
0
0
0
0
0
0
0
0
0
0
0
0
0
0
0
0
0
0
0
0
0
0
0
0
0
0
0
0
0
0
0
0
0
0
0
0
0
0
0
0
0
0
0
0
0
0
0
0
0
0
0
0
0
0
0
0
0
0
0
0
0
0
-6.420972e+08
0
0
0
0
0
0
0
0
0
0
-6.50953e+08
-4.668635e+08
0
0
0
0
0
0
0
0
0
0
-6.601725e+08
-4.689986e+08
-3.974712e+08
0
0
0
0
0
0
0
0
0
0
-6.667778e+08
-4.716278e+08
-3.97589e+08
-3.483437e+08
0
0
0
0
0
0
0
0
0
0
-6.707466e+08
-4.736438e+08
-3.98413e+08
-3.476656e+08
-2.848478e+08
0
0
0
0
0
0
0
0
0
0
-6.725717e+08
-4.746066e+08
-3.989181e+08
-3.474223e+08
-2.835229e+08
0
0
0
0
0
0
0
0
0
0
0
0
0
0
0
0
0
0
0
0
0
0
0
0
0
0
0
0
0
0
0
0
0
0
0
0
0
0
0
0
0
0
0
0
0
0
0
0
0
0
0
0
0
0
0
0
0
0
0
0
0
0
0
0
0
-6.296271e+08
0
0
0
0
0
0
0
0
0
0
-6.375389e+08
-4.605676e+08
0
0
0
0
0
0
0
0
0
0
-6.502142e+08
-4.639247e+08
-3.944136e+08
0
0
0
0
0
0
0
0
0
0
-6.607023e+08
-4.684538e+08
-3.953925e+08
-3.471004e+08
0
0
0
0
0
0
0
0
0
0
-6.674848e+08
-4.719541e+08
-3.9717e+08
-3.467884e+08
-2.846207e+08
0
0
0
0
0
0
0
0
0
0
-6.713729e+08
-4.741396e+08
-3.98669e+08
-3.473197e+08
-2.836405e+08
0
0
0
0
0
0
0
0
0
0
-6.730831e+08
-4.750888e+08
-3.993417e+08
-3.476437e+08
-2.832159e+08
0
0
0
0
0
0
0
0
0
0
0
0
0
0
0
0
0
0
0
0
0
0
0
0
0
0
0
0
0
0
0
0
0
0
0
0
0
0
0
0
0
0
0
0
0
0
0
0
0
0
0
0
0
0
0
0
0
0
0
0
0
0
0
0
0
-6.193471e+08
0
0
0
0
0
0
0
0
0
0
-6.242332e+08
-4.540137e+08
0
0
0
0
0
0
0
0
0
0
-6.366022e+08
-4.567909e+08
-3.899036e+08
0
0
0
0
0
0
0
0
0
0
-6.508805e+08
-4.632198e+08
-3.916958e+08
-3.448613e+08
0
0
0
0
0
0
0
0
0
0
-6.615732e+08
-4.688456e+08
-3.948652e+08
-3.451282e+08
-2.840913e+08
0
0
0
0
0
0
0
0
0
0
-6.682184e+08
-4.725269e+08
-3.974606e+08
-3.463777e+08
-2.831827e+08
0
0
0
0
0
0
0
0
0
0
-6.719296e+08
-4.746616e+08
-3.991251e+08
-3.475558e+08
-2.833041e+08
0
0
0
0
0
0
0
0
0
0
-6.735075e+08
-4.755206e+08
-3.997892e+08
-3.480434e+08
-2.834094e+08
0
0
0
0
0
0
0
0
0
0
0
0
0
0
0
0
0
0
0
0
0
0
0
0
0
0
0
0
0
0
0
0
0
0
0
0
0
0
0
0
0
0
0
0
0
0
0
0
0
0
0
0
0
0
0
0
0
0
0
0
0
0
0
0
0
-6.122176e+08
0
0
0
0
0
0
0
0
0
0
-6.134018e+08
-4.484707e+08
0
0
0
0
0
0
0
0
0
0
-6.231353e+08
-4.495455e+08
-3.851113e+08
0
0
0
0
0
0
0
0
0
0
-6.374304e+08
-4.558938e+08
-3.864142e+08
-3.414598e+08
0
0
0
0
0
0
0
0
0
0
-6.519858e+08
-4.63703e+08
-3.910122e+08
-3.42286e+08
-2.829949e+08
0
0
0
0
0
0
0
0
0
0
-6.624837e+08
-4.695438e+08
-3.952112e+08
-3.446108e+08
-2.822723e+08
0
0
0
0
0
0
0
0
0
0
-6.68873e+08
-4.731342e+08
-3.979858e+08
-3.466444e+08
-2.827827e+08
0
0
0
0
0
0
0
0
0
0
-6.723923e+08
-4.751302e+08
-3.996089e+08
-3.479857e+08
-2.835095e+08
0
0
0
0
0
0
0
0
0
0
-6.738524e+08
-4.758803e+08
-4.001913e+08
-3.484681e+08
-2.837729e+08
0
0
0
0
0
0
0
0
0
0
0
0
0
0
0
0
0
0
0
0
0
0
0
0
0
0
0
0
0
0
0
0
0
0
0
0
0
0
0
0
0
0
0
0
0
0
0
0
0
0
0
0
0
0
0
0
0
0
0
0
0
0
0
0
0
-6.085983e+08
0
0
0
0
0
0
0
0
0
0
-6.059563e+08
-4.445572e+08
0
0
0
0
0
0
0
0
0
0
-6.121979e+08
-4.435396e+08
-3.809986e+08
0
0
0
0
0
0
0
0
0
0
-6.241015e+08
-4.484909e+08
-3.80983e+08
-3.377688e+08
0
0
0
0
0
0
0
0
0
0
-6.388177e+08
-4.564852e+08
-3.855423e+08
-3.38155e+08
-2.811407e+08
0
0
0
0
0
0
0
0
0
0
-6.531523e+08
-4.645803e+08
-3.91435e+08
-3.416141e+08
-2.806241e+08
0
0
0
0
0
0
0
0
0
0
-6.633009e+08
-4.702916e+08
-3.958488e+08
-3.44926e+08
-2.817673e+08
0
0
0
0
0
0
0
0
0
0
-6.694187e+08
-4.736819e+08
-3.985472e+08
-3.471381e+08
-2.830124e+08
0
0
0
0
0
0
0
0
0
0
-6.727688e+08
-4.755211e+08
-4.000448e+08
-3.484444e+08
-2.838995e+08
0
0
0
0
0
0
0
0
0
0
-6.741346e+08
-4.761728e+08
-4.005267e+08
-3.488508e+08
-2.841633e+08
0
0
0
0
0
0
0
0
0
0
0
0
0
0
0
0
0
0
0
0
0
0
0
0
0
0
0
0
0
0
0
0
0
0
0
0
0
0
0
0
0
0
0
0
0
0
0
0
0
0
0
0
0
0
0
0
0
0
0
0
0
0
0
0
-6.085983e+08
0
0
0
0
0
0
0
0
0
0
-6.021956e+08
-4.4255e+08
0
0
0
0
0
0
0
0
0
0
-6.046923e+08
-4.393568e+08
-3.780662e+08
0
0
0
0
0
0
0
0
0
0
-6.13263e+08
-4.423802e+08
-3.764403e+08
-3.345562e+08
0
0
0
0
0
0
0
0
0
0
-6.257295e+08
-4.491768e+08
-3.799562e+08
-3.338586e+08
-2.789837e+08
0
0
0
0
0
0
0
0
0
0
-6.40295e+08
-4.575784e+08
-3.860557e+08
-3.372964e+08
-2.781003e+08
0
0
0
0
0
0
0
0
0
0
-6.54206e+08
-4.655308e+08
-3.922327e+08
-3.419962e+08
-2.799664e+08
0
0
0
0
0
0
0
0
0
0
-6.639845e+08
-4.709703e+08
-3.965378e+08
-3.455234e+08
-2.820352e+08
0
0
0
0
0
0
0
0
0
0
-6.698636e+08
-4.741402e+08
-3.990555e+08
-3.476694e+08
-2.834585e+08
0
0
0
0
0
0
0
0
0
0
-6.730772e+08
-4.758394e+08
-4.004089e+08
-3.488589e+08
-2.843205e+08
0
0
0
0
0
0
0
0
0
0
-6.74366e+08
-4.76412e+08
-4.007995e+08
-3.491704e+08
-2.845168e+08
0
0
0
0
0
0
0
0
0
0
0
0
0
0
0
0
0
0
0
0
0
0
0
0
0
0
0
0
0
0
0
0
0
0
0
0
0
0
0
0
0
0
0
0
0
0
0
0
0
0
0
0
0
0
0
0
0
0
0
0
0
0
-6.122176e+08
0
0
0
0
0
0
0
0
0
0
-6.021956e+08
-4.4255e+08
0
0
0
0
0
0
0
0
0
0
-6.009049e+08
-4.372279e+08
-3.76554e+08
0
0
0
0
0
0
0
0
0
0
-6.058196e+08
-4.381372e+08
-3.732564e+08
-3.322439e+08
0
0
0
0
0
0
0
0
0
0
-6.150619e+08
-4.431366e+08
-3.753101e+08
-3.302369e+08
-2.770223e+08
0
0
0
0
0
0
0
0
0
0
-6.27473e+08
-4.504575e+08
-3.805496e+08
-3.328461e+08
-2.753848e+08
0
0
0
0
0
0
0
0
0
0
-6.416381e+08
-4.587762e+08
-3.870468e+08
-3.377571e+08
-2.77257e+08
0
0
0
0
0
0
0
0
0
0
-6.550914e+08
-4.664001e+08
-3.93106e+08
-3.427413e+08
-2.80286e+08
0
0
0
0
0
0
0
0
0
0
-6.645436e+08
-4.715405e+08
-3.971659e+08
-3.461739e+08
-2.82572e+08
0
0
0
0
0
0
0
0
0
0
-6.70229e+08
-4.745142e+08
-3.994815e+08
-3.481519e+08
-2.839445e+08
0
0
0
0
0
0
0
0
0
0
-6.733304e+08
-4.761001e+08
-4.007055e+08
-3.492055e+08
-2.847028e+08
0
0
0
0
0
0
0
0
0
0
-6.745579e+08
-4.766077e+08
-4.010227e+08
-3.494305e+08
-2.848126e+08
0
0
0
0
0
0
0
0
0
0
0
0
0
0
0
0
0
0
0
0
0
0
0
0
0
0
0
0
0
0
0
0
0
0
0
0
0
0
0
0
0
0
0
0
0
0
0
0
0
0
0
0
0
0
0
0
0
0
0
-6.193471e+08
0
0
0
0
0
0
0
0
0
0
-6.059563e+08
-4.445571e+08
0
0
0
0
0
0
0
0
0
0
-6.009049e+08
-4.372279e+08
-3.76554e+08
0
0
0
0
0
0
0
0
0
0
-6.020622e+08
-4.359814e+08
-3.716299e+08
-3.310452e+08
0
0
0
0
0
0
0
0
0
0
-6.077246e+08
-4.389397e+08
-3.720664e+08
-3.276844e+08
-2.755708e+08
0
0
0
0
0
0
0
0
0
0
-6.169923e+08
-4.445538e+08
-3.759642e+08
-3.291212e+08
-2.730432e+08
0
0
0
0
0
0
0
0
0
0
-6.29064e+08
-4.518701e+08
-3.817096e+08
-3.333766e+08
-2.743876e+08
0
0
0
0
0
0
0
0
0
0
-6.427714e+08
-4.598794e+08
-3.881451e+08
-3.386806e+08
-2.776368e+08
0
0
0
0
0
0
0
0
0
0
-6.558178e+08
-4.671338e+08
-3.939084e+08
-3.435638e+08
-2.80952e+08
0
0
0
0
0
0
0
0
0
0
-6.650041e+08
-4.720072e+08
-3.976944e+08
-3.46769e+08
-2.831649e+08
0
0
0
0
0
0
0
0
0
0
-6.705296e+08
-4.748212e+08
-3.998291e+08
-3.485567e+08
-2.843885e+08
0
0
0
0
0
0
0
0
0
0
-6.735408e+08
-4.763136e+08
-4.009483e+08
-3.49488e+08
-2.850233e+08
0
0
0
0
0
0
0
0
0
0
-6.74719e+08
-4.767697e+08
-4.012051e+08
-3.496432e+08
-2.850535e+08
0
0
0
0
0
0
0
0
0
0
0
0
0
0
0
0
0
0
0
0
0
0
0
0
0
0
0
0
0
0
0
0
0
0
0
0
0
0
0
0
0
0
0
0
0
0
0
0
0
0
0
0
0
0
0
-6.296271e+08
0
0
0
0
0
0
0
0
0
0
-6.134017e+08
-4.484707e+08
0
0
0
0
0
0
0
0
0
0
-6.046922e+08
-4.393568e+08
-3.780662e+08
0
0
0
0
0
0
0
0
0
0
-6.020622e+08
-4.359814e+08
-3.716299e+08
-3.310452e+08
0
0
0
0
0
0
0
0
0
0
-6.040175e+08
-4.368067e+08
-3.70413e+08
-3.263763e+08
-2.74807e+08
0
0
0
0
0
0
0
0
0
0
-6.097685e+08
-4.404436e+08
-3.727609e+08
-3.265086e+08
-2.713667e+08
0
0
0
0
0
0
0
0
0
0
-6.187563e+08
-4.461201e+08
-3.772484e+08
-3.297056e+08
-2.719419e+08
0
0
0
0
0
0
0
0
0
0
-6.304109e+08
-4.531763e+08
-3.830044e+08
-3.344567e+08
-2.74822e+08
0
0
0
0
0
0
0
0
0
0
-6.437041e+08
-4.608149e+08
-3.891618e+08
-3.397137e+08
-2.784591e+08
0
0
0
0
0
0
0
0
0
0
-6.564181e+08
-4.677364e+08
-3.945868e+08
-3.443225e+08
-2.816991e+08
0
0
0
0
0
0
0
0
0
0
-6.653839e+08
-4.723915e+08
-3.981271e+08
-3.472703e+08
-2.837107e+08
0
0
0
0
0
0
0
0
0
0
-6.7078e+08
-4.750732e+08
-4.001145e+08
-3.488873e+08
-2.847619e+08
0
0
0
0
0
0
0
0
0
0
-6.737176e+08
-4.764906e+08
-4.011472e+08
-3.497193e+08
-2.852846e+08
0
0
0
0
0
0
0
0
0
0
-6.748555e+08
-4.769053e+08
-4.013561e+08
-3.498171e+08
-2.852506e+08
0
0
0
0
0
0
0
0
0
0
0
0
0
0
0
0
0
0
0
0
0
0
0
0
0
0
0
0
0
0
0
0
0
0
0
0
0
0
0
0
0
0
0
0
0
0
0
0
0
0
-6.420972e+08
0
0
0
0
0
0
0
0
0
0
-6.242332e+08
-4.540137e+08
0
0
0
0
0
0
0
0
0
0
-6.121979e+08
-4.435396e+08
-3.809986e+08
0
0
0
0
0
0
0
0
0
0
-6.058196e+08
-4.381372e+08
-3.732564e+08
-3.322439e+08
0
0
0
0
0
0
0
0
0
0
-6.040175e+08
-4.368067e+08
-3.70413e+08
-3.263763e+08
-2.74807e+08
0
0
0
0
0
0
0
0
0
0
-6.061146e+08
-4.383523e+08
-3.711277e+08
-3.251734e+08
-2.704998e+08
0
0
0
0
0
0
0
0
0
0
-6.116369e+08
-4.421049e+08
-3.741246e+08
-3.271295e+08
-2.702045e+08
0
0
0
0
0
0
0
0
0
0
-6.202527e+08
-4.475701e+08
-3.786848e+08
-3.309017e+08
-2.7242e+08
0
0
0
0
0
0
0
0
0
0
-6.315223e+08
-4.542876e+08
-3.842078e+08
-3.356745e+08
-2.757829e+08
0
0
0
0
0
0
0
0
0
0
-6.444767e+08
-4.615855e+08
-3.900254e+08
-3.406741e+08
-2.793958e+08
0
0
0
0
0
0
0
0
0
0
-6.569144e+08
-4.682341e+08
-3.951441e+08
-3.44965e+08
-2.823933e+08
0
0
0
0
0
0
0
0
0
0
-6.657012e+08
-4.727077e+08
-3.984834e+08
-3.476808e+08
-2.841717e+08
0
0
0
0
0
0
0
0
0
0
-6.70991e+08
-4.752826e+08
-4.003486e+08
-3.491586e+08
-2.850668e+08
0
0
0
0
0
0
0
0
0
0
-6.738678e+08
-4.766389e+08
-4.013118e+08
-3.499086e+08
-2.854985e+08
0
0
0
0
0
0
0
0
0
0
-6.749726e+08
-4.770198e+08
-4.014823e+08
-3.499609e+08
-2.854116e+08
0
0
0
0
0
0
0
0
0
0
0
0
0
0
0
0
0
0
0
0
0
0
0
0
0
0
0
0
0
0
0
0
0
0
0
0
0
0
0
0
0
0
0
0
-6.544888e+08
0
0
0
0
0
0
0
0
0
0
-6.375389e+08
-4.605676e+08
0
0
0
0
0
0
0
0
0
0
-6.231353e+08
-4.495455e+08
-3.851113e+08
0
0
0
0
0
0
0
0
0
0
-6.13263e+08
-4.423802e+08
-3.764403e+08
-3.345562e+08
0
0
0
0
0
0
0
0
0
0
-6.077246e+08
-4.389397e+08
-3.720664e+08
-3.276844e+08
-2.755707e+08
0
0
0
0
0
0
0
0
0
0
-6.061145e+08
-4.383523e+08
-3.711277e+08
-3.251734e+08
-2.704998e+08
0
0
0
0
0
0
0
0
0
0
-6.080313e+08
-4.400586e+08
-3.725301e+08
-3.258127e+08
-2.693099e+08
0
0
0
0
0
0
0
0
0
0
-6.132235e+08
-4.436431e+08
-3.756492e+08
-3.284005e+08
-2.70713e+08
0
0
0
0
0
0
0
0
0
0
-6.214895e+08
-4.488065e+08
-3.800214e+08
-3.322532e+08
-2.73485e+08
0
0
0
0
0
0
0
0
0
0
-6.324433e+08
-4.552056e+08
-3.852337e+08
-3.368112e+08
-2.768872e+08
0
0
0
0
0
0
0
0
0
0
-6.451166e+08
-4.622238e+08
-3.907372e+08
-3.414912e+08
-2.802734e+08
0
0
0
0
0
0
0
0
0
0
-6.573302e+08
-4.686448e+08
-3.956044e+08
-3.454928e+08
-2.829826e+08
0
0
0
0
0
0
0
0
0
0
-6.659695e+08
-4.729712e+08
-3.987764e+08
-3.480189e+08
-2.845494e+08
0
0
0
0
0
0
0
0
0
0
-6.711709e+08
-4.754585e+08
-4.00543e+08
-3.493811e+08
-2.853172e+08
0
0
0
0
0
0
0
0
0
0
-6.739969e+08
-4.767644e+08
-4.014497e+08
-3.500653e+08
-2.856736e+08
0
0
0
0
0
0
0
0
0
0
-6.750737e+08
-4.771177e+08
-4.015888e+08
-3.500811e+08
-2.855446e+08
0
0
0
0
0
0
0
0
0
0
0
0
0
0
0
0
0
0
0
0
0
0
0
0
0
0
0
0
0
0
0
0
0
0
0
0
0
-6.634311e+08
0
0
0
0
0
0
0
0
0
0
-6.509531e+08
-4.668635e+08
0
0
0
0
0
0
0
0
0
0
-6.366022e+08
-4.567909e+08
-3.899036e+08
0
0
0
0
0
0
0
0
0
0
-6.241014e+08
-4.484909e+08
-3.80983e+08
-3.377688e+08
0
0
0
0
0
0
0
0
0
0
-6.150619e+08
-4.431366e+08
-3.753101e+08
-3.302369e+08
-2.770223e+08
0
0
0
0
0
0
0
0
0
0
-6.097685e+08
-4.404436e+08
-3.727609e+08
-3.265086e+08
-2.713667e+08
0
0
0
0
0
0
0
0
0
0
-6.080313e+08
-4.400586e+08
-3.725301e+08
-3.258127e+08
-2.693099e+08
0
0
0
0
0
0
0
0
0
0
-6.096598e+08
-4.416381e+08
-3.740965e+08
-3.271202e+08
-2.698341e+08
0
0
0
0
0
0
0
0
0
0
-6.145362e+08
-4.44956e+08
-3.770678e+08
-3.298357e+08
-2.718461e+08
0
0
0
0
0
0
0
0
0
0
-6.225142e+08
-4.498296e+08
-3.811632e+08
-3.335162e+08
-2.747119e+08
0
0
0
0
0
0
0
0
0
0
-6.332075e+08
-4.559663e+08
-3.860814e+08
-3.377817e+08
-2.779263e+08
0
0
0
0
0
0
0
0
0
0
-6.456541e+08
-4.627515e+08
-3.913266e+08
-3.421647e+08
-2.810223e+08
0
0
0
0
0
0
0
0
0
0
-6.576828e+08
-4.68988e+08
-3.95984e+08
-3.459289e+08
-2.834672e+08
0
0
0
0
0
0
0
0
0
0
-6.661991e+08
-4.731933e+08
-3.990202e+08
-3.482968e+08
-2.848605e+08
0
0
0
0
0
0
0
0
0
0
-6.713261e+08
-4.75608e+08
-4.007061e+08
-3.495658e+08
-2.855224e+08
0
0
0
0
0
0
0
0
0
0
-6.741087e+08
-4.76872e+08
-4.015663e+08
-3.501965e+08
-2.858183e+08
0
0
0
0
0
0
0
0
0
0
-6.751617e+08
-4.77202e+08
-4.016798e+08
-3.501825e+08
-2.856557e+08
0
0
0
0
0
0
0
0
0
0
0
0
0
0
0
0
0
0
0
0
0
0
0
0
0
0
0
0
0
-6.689007e+08
0
0
0
0
0
0
0
0
0
0
-6.60746e+08
-4.712422e+08
0
0
0
0
0
0
0
0
0
0
-6.502142e+08
-4.639247e+08
-3.944136e+08
0
0
0
0
0
0
0
0
0
0
-6.374304e+08
-4.558938e+08
-3.864142e+08
-3.414598e+08
0
0
0
0
0
0
0
0
0
0
-6.257295e+08
-4.491768e+08
-3.799562e+08
-3.338586e+08
-2.789837e+08
0
0
0
0
0
0
0
0
0
0
-6.169923e+08
-4.445538e+08
-3.759642e+08
-3.291211e+08
-2.730432e+08
0
0
0
0
0
0
0
0
0
0
-6.116369e+08
-4.421049e+08
-3.741246e+08
-3.271295e+08
-2.702044e+08
0
0
0
0
0
0
0
0
0
0
-6.096598e+08
-4.416381e+08
-3.740965e+08
-3.271202e+08
-2.698341e+08
0
0
0
0
0
0
0
0
0
0
-6.110078e+08
-4.429869e+08
-3.755537e+08
-3.285954e+08
-2.710008e+08
0
0
0
0
0
0
0
0
0
0
-6.156232e+08
-4.460436e+08
-3.78281e+08
-3.311769e+08
-2.731505e+08
0
0
0
0
0
0
0
0
0
0
-6.233652e+08
-4.506771e+08
-3.821084e+08
-3.345969e+08
-2.758678e+08
0
0
0
0
0
0
0
0
0
0
-6.338504e+08
-4.565964e+08
-3.867838e+08
-3.385839e+08
-2.788162e+08
0
0
0
0
0
0
0
0
0
0
-6.461109e+08
-4.631934e+08
-3.918135e+08
-3.427225e+08
-2.8164e+08
0
0
0
0
0
0
0
0
0
0
-6.579856e+08
-4.692781e+08
-3.963008e+08
-3.462882e+08
-2.838675e+08
0
0
0
0
0
0
0
0
0
0
-6.66398e+08
-4.733827e+08
-3.992256e+08
-3.485279e+08
-2.85116e+08
0
0
0
0
0
0
0
0
0
0
-6.714611e+08
-4.757365e+08
-4.008446e+08
-3.497206e+08
-2.856925e+08
0
0
0
0
0
0
0
0
0
0
-6.742062e+08
-4.769649e+08
-4.016662e+08
-3.503074e+08
-2.859394e+08
0
0
0
0
0
0
0
0
0
0
-6.752385e+08
-4.772751e+08
-4.017582e+08
-3.502691e+08
-2.857493e+08
0
0
0
0
0
0
0
0
0
0
0
0
0
0
0
0
0
0
0
0
-6.718974e+08
0
0
0
0
0
0
0
0
0
0
-6.66803e+08
-4.738244e+08
0
0
0
0
0
0
0
0
0
0
-6.601725e+08
-4.689986e+08
-3.974712e+08
0
0
0
0
0
0
0
0
0
0
-6.508805e+08
-4.632198e+08
-3.916958e+08
-3.448613e+08
0
0
0
0
0
0
0
0
0
0
-6.388177e+08
-4.564852e+08
-3.855423e+08
-3.38155e+08
-2.811407e+08
0
0
0
0
0
0
0
0
0
0
-6.27473e+08
-4.504575e+08
-3.805496e+08
-3.328461e+08
-2.753848e+08
0
0
0
0
0
0
0
0
0
0
-6.187563e+08
-4.4612e+08
-3.772484e+08
-3.297056e+08
-2.719419e+08
0
0
0
0
0
0
0
0
0
0
-6.132235e+08
-4.436431e+08
-3.756492e+08
-3.284005e+08
-2.70713e+08
0
0
0
0
0
0
0
0
0
0
-6.110078e+08
-4.429869e+08
-3.755537e+08
-3.285954e+08
-2.710008e+08
0
0
0
0
0
0
0
0
0
0
-6.121237e+08
-4.441047e+08
-3.768006e+08
-3.299734e+08
-2.723424e+08
0
0
0
0
0
0
0
0
0
0
-6.165267e+08
-4.469441e+08
-3.792865e+08
-3.323257e+08
-2.743792e+08
0
0
0
0
0
0
0
0
0
0
-6.240823e+08
-4.5138e+08
-3.828914e+08
-3.354919e+08
-2.768599e+08
0
0
0
0
0
0
0
0
0
0
-6.343978e+08
-4.571252e+08
-3.873653e+08
-3.392487e+08
-2.795525e+08
0
0
0
0
0
0
0
0
0
0
-6.465039e+08
-4.635679e+08
-3.92221e+08
-3.431831e+08
-2.821517e+08
0
0
0
0
0
0
0
0
0
0
-6.582487e+08
-4.695265e+08
-3.965683e+08
-3.46588e+08
-2.841972e+08
0
0
0
0
0
0
0
0
0
0
-6.66572e+08
-4.735463e+08
-3.994005e+08
-3.487224e+08
-2.853283e+08
0
0
0
0
0
0
0
0
0
0
-6.715796e+08
-4.758481e+08
-4.009636e+08
-3.49852e+08
-2.85835e+08
0
0
0
0
0
0
0
0
0
0
-6.742918e+08
-4.770457e+08
-4.017524e+08
-3.504023e+08
-2.860416e+08
0
0
0
0
0
0
0
0
0
0
-6.753047e+08
-4.773388e+08
-4.01826e+08
-3.503437e+08
-2.858293e+08
0
0
0
0
0
0
0
0
0
0
-6.73024e+08
0
0
0
0
0
0
0
0
0
0
-6.70154e+08
-4.751966e+08
0
0
0
0
0
0
0
0
0
0
-6.663447e+08
-4.720613e+08
-3.992258e+08
0
0
0
0
0
0
0
0
0
0
-6.607023e+08
-4.684538e+08
-3.953925e+08
-3.471004e+08
0
0
0
0
0
0
0
0
0
0
-6.519858e+08
-4.63703e+08
-3.910122e+08
-3.42286e+08
-2.829949e+08
0
0
0
0
0
0
0
0
0
0
-6.40295e+08
-4.575784e+08
-3.860557e+08
-3.372964e+08
-2.781003e+08
0
0
0
0
0
0
0
0
0
0
-6.29064e+08
-4.518701e+08
-3.817096e+08
-3.333766e+08
-2.743876e+08
0
0
0
0
0
0
0
0
0
0
-6.202526e+08
-4.475701e+08
-3.786848e+08
-3.309017e+08
-2.7242e+08
0
0
0
0
0
0
0
0
0
0
-6.145362e+08
-4.449559e+08
-3.770678e+08
-3.298357e+08
-2.718461e+08
0
0
0
0
0
0
0
0
0
0
-6.121237e+08
-4.441047e+08
-3.768006e+08
-3.299734e+08
-2.723424e+08
0
0
0
0
0
0
0
0
0
0
-6.130521e+08
-4.450301e+08
-3.778343e+08
-3.311544e+08
-2.736057e+08
0
0
0
0
0
0
0
0
0
0
-6.172896e+08
-4.476917e+08
-3.80119e+08
-3.332781e+08
-2.754351e+08
0
0
0
0
0
0
0
0
0
0
-6.24694e+08
-4.519708e+08
-3.835405e+08
-3.362332e+08
-2.776822e+08
0
0
0
0
0
0
0
0
0
0
-6.348695e+08
-4.575742e+08
-3.878527e+08
-3.397987e+08
-2.801626e+08
0
0
0
0
0
0
0
0
0
0
-6.468471e+08
-4.638892e+08
-3.925658e+08
-3.435681e+08
-2.825738e+08
0
0
0
0
0
0
0
0
0
0
-6.584797e+08
-4.697415e+08
-3.967972e+08
-3.468409e+08
-2.844718e+08
0
0
0
0
0
0
0
0
0
0
-6.667255e+08
-4.73689e+08
-3.995515e+08
-3.48888e+08
-2.855067e+08
0
0
0
0
0
0
0
0
0
0
-6.716843e+08
-4.759456e+08
-4.010668e+08
-3.499649e+08
-2.859558e+08
0
0
0
0
0
0
0
0
0
0
-6.743659e+08
-4.771164e+08
-4.018273e+08
-3.504842e+08
-2.861291e+08
0
0
0
0
0
0
0
0
0
0
-6.753643e+08
-4.773934e+08
-4.018851e+08
-3.504082e+08
-2.85898e+08
0
0
0
0
0
0
0
0
0
0
-6.714445e+08
-4.755529e+08
0
0
0
0
0
0
0
0
0
0
-6.69766e+08
-4.737241e+08
-4.001358e+08
0
0
0
0
0
0
0
0
0
0
-6.667778e+08
-4.716278e+08
-3.97589e+08
-3.483437e+08
0
0
0
0
0
0
0
0
0
0
-6.615732e+08
-4.688456e+08
-3.948652e+08
-3.451282e+08
-2.840913e+08
0
0
0
0
0
0
0
0
0
0
-6.531523e+08
-4.645803e+08
-3.91435e+08
-3.416141e+08
-2.806241e+08
0
0
0
0
0
0
0
0
0
0
-6.416381e+08
-4.587762e+08
-3.870468e+08
-3.377571e+08
-2.772569e+08
0
0
0
0
0
0
0
0
0
0
-6.304109e+08
-4.531763e+08
-3.830044e+08
-3.344567e+08
-2.74822e+08
0
0
0
0
0
0
0
0
0
0
-6.214895e+08
-4.488064e+08
-3.800214e+08
-3.322532e+08
-2.73485e+08
0
0
0
0
0
0
0
0
0
0
-6.156233e+08
-4.460435e+08
-3.78281e+08
-3.311769e+08
-2.731505e+08
0
0
0
0
0
0
0
0
0
0
-6.130521e+08
-4.450301e+08
-3.778343e+08
-3.311544e+08
-2.736057e+08
0
0
0
0
0
0
0
0
0
0
-6.138456e+08
-4.457991e+08
-3.786901e+08
-3.32134e+08
-2.746917e+08
0
0
0
0
0
0
0
0
0
0
-6.179494e+08
-4.483215e+08
-3.808097e+08
-3.340668e+08
-2.763112e+08
0
0
0
0
0
0
0
0
0
0
-6.252209e+08
-4.524735e+08
-3.840854e+08
-3.368475e+08
-2.783635e+08
0
0
0
0
0
0
0
0
0
0
-6.352825e+08
-4.579601e+08
-3.882662e+08
-3.402594e+08
-2.80667e+08
0
0
0
0
0
0
0
0
0
0
-6.471497e+08
-4.64169e+08
-3.928613e+08
-3.438937e+08
-2.829262e+08
0
0
0
0
0
0
0
0
0
0
-6.586846e+08
-4.699298e+08
-3.96995e+08
-3.470572e+08
-2.847032e+08
0
0
0
0
0
0
0
0
0
0
-6.668622e+08
-4.738146e+08
-3.996831e+08
-3.490309e+08
-2.856584e+08
0
0
0
0
0
0
0
0
0
0
-6.717757e+08
-4.760316e+08
-4.011569e+08
-3.500627e+08
-2.860594e+08
0
0
0
0
0
0
0
0
0
0
-6.744332e+08
-4.771774e+08
-4.018928e+08
-3.505554e+08
-2.862044e+08
0
0
0
0
0
0
0
0
0
0
-6.754109e+08
-4.774426e+08
-4.019358e+08
-3.504645e+08
-2.859575e+08
0
0
0
0
0
0
0
0
0
0
-6.710891e+08
-4.742152e+08
-4.002467e+08
0
0
0
0
0
0
0
0
0
0
-6.701396e+08
-4.733582e+08
-3.987663e+08
-3.489687e+08
0
0
0
0
0
0
0
0
0
0
-6.674848e+08
-4.719541e+08
-3.9717e+08
-3.467884e+08
-2.846207e+08
0
0
0
0
0
0
0
0
0
0
-6.624837e+08
-4.695438e+08
-3.952112e+08
-3.446108e+08
-2.822723e+08
0
0
0
0
0
0
0
0
0
0
-6.54206e+08
-4.655308e+08
-3.922327e+08
-3.419962e+08
-2.799664e+08
0
0
0
0
0
0
0
0
0
0
-6.427714e+08
-4.598794e+08
-3.881451e+08
-3.386806e+08
-2.776368e+08
0
0
0
0
0
0
0
0
0
0
-6.315223e+08
-4.542876e+08
-3.842078e+08
-3.356745e+08
-2.757829e+08
0
0
0
0
0
0
0
0
0
0
-6.225142e+08
-4.498295e+08
-3.811632e+08
-3.335162e+08
-2.747119e+08
0
0
0
0
0
0
0
0
0
0
-6.165267e+08
-4.469442e+08
-3.792865e+08
-3.323257e+08
-2.743792e+08
0
0
0
0
0
0
0
0
0
0
-6.138456e+08
-4.457991e+08
-3.786901e+08
-3.32134e+08
-2.746917e+08
0
0
0
0
0
0
0
0
0
0
-6.145122e+08
-4.464541e+08
-3.79401e+08
-3.329449e+08
-2.755934e+08
0
0
0
0
0
0
0
0
0
0
-6.185082e+08
-4.488641e+08
-3.81391e+08
-3.347208e+08
-2.770367e+08
0
0
0
0
0
0
0
0
0
0
-6.256825e+08
-4.529057e+08
-3.845487e+08
-3.373629e+08
-2.789276e+08
0
0
0
0
0
0
0
0
0
0
-6.356471e+08
-4.58297e+08
-3.886212e+08
-3.406499e+08
-2.81089e+08
0
0
0
0
0
0
0
0
0
0
-6.474191e+08
-4.644149e+08
-3.931184e+08
-3.441726e+08
-2.832238e+08
0
0
0
0
0
0
0
0
0
0
-6.588679e+08
-4.700962e+08
-3.97168e+08
-3.472438e+08
-2.849009e+08
0
0
0
0
0
0
0
0
0
0
-6.669824e+08
-4.73926e+08
-3.997987e+08
-3.491553e+08
-2.857891e+08
0
0
0
0
0
0
0
0
0
0
-6.718594e+08
-4.761062e+08
-4.012363e+08
-3.501482e+08
-2.861492e+08
0
0
0
0
0
0
0
0
0
0
-6.744859e+08
-4.772327e+08
-4.019493e+08
-3.506176e+08
-2.862699e+08
0
0
0
0
0
0
0
0
0
0
-6.754681e+08
-4.774803e+08
-4.019815e+08
-3.505127e+08
-2.860093e+08
0
0
0
0
0
0
0
0
0
0
-6.714349e+08
-4.738806e+08
-3.990015e+08
-3.489239e+08
0
0
0
0
0
0
0
0
0
0
-6.707466e+08
-4.736438e+08
-3.98413e+08
-3.476656e+08
-2.848478e+08
0
0
0
0
0
0
0
0
0
0
-6.682184e+08
-4.725269e+08
-3.974606e+08
-3.463777e+08
-2.831827e+08
0
0
0
0
0
0
0
0
0
0
-6.633009e+08
-4.702916e+08
-3.958488e+08
-3.44926e+08
-2.817673e+08
0
0
0
0
0
0
0
0
0
0
-6.550914e+08
-4.664001e+08
-3.93106e+08
-3.427412e+08
-2.80286e+08
0
0
0
0
0
0
0
0
0
0
-6.437041e+08
-4.608149e+08
-3.891618e+08
-3.397137e+08
-2.784591e+08
0
0
0
0
0
0
0
0
0
0
-6.324433e+08
-4.552056e+08
-3.852337e+08
-3.368112e+08
-2.768871e+08
0
0
0
0
0
0
0
0
0
0
-6.233652e+08
-4.506771e+08
-3.821084e+08
-3.345969e+08
-2.758677e+08
0
0
0
0
0
0
0
0
0
0
-6.172897e+08
-4.476917e+08
-3.80119e+08
-3.332781e+08
-2.75435e+08
0
0
0
0
0
0
0
0
0
0
-6.145122e+08
-4.464541e+08
-3.79401e+08
-3.329449e+08
-2.755934e+08
0
0
0
0
0
0
0
0
0
0
-6.150862e+08
-4.470036e+08
-3.800054e+08
-3.336184e+08
-2.763399e+08
0
0
0
0
0
0
0
0
0
0
-6.190002e+08
-4.493234e+08
-3.81891e+08
-3.352709e+08
-2.77638e+08
0
0
0
0
0
0
0
0
0
0
-6.2609e+08
-4.532832e+08
-3.849466e+08
-3.378005e+08
-2.794003e+08
0
0
0
0
0
0
0
0
0
0
-6.359739e+08
-4.585939e+08
-3.889309e+08
-3.409849e+08
-2.814462e+08
0
0
0
0
0
0
0
0
0
0
-6.476612e+08
-4.646333e+08
-3.933441e+08
-3.444149e+08
-2.834782e+08
0
0
0
0
0
0
0
0
0
0
-6.590301e+08
-4.702448e+08
-3.973208e+08
-3.474069e+08
-2.85071e+08
0
0
0
0
0
0
0
0
0
0
-6.670939e+08
-4.740236e+08
-3.999013e+08
-3.492645e+08
-2.859028e+08
0
0
0
0
0
0
0
0
0
0
-6.719255e+08
-4.761747e+08
-4.013052e+08
-3.502234e+08
-2.862274e+08
0
0
0
0
0
0
0
0
0
0
-6.745516e+08
-4.772753e+08
-4.020005e+08
-3.506713e+08
-2.863271e+08
0
0
0
0
0
0
0
0
0
0
-6.754643e+08
-4.775283e+08
-4.020164e+08
-3.505563e+08
-2.860537e+08
0
0
0
0
0
0
0
0
0
0
-6.719952e+08
-4.741469e+08
-3.986787e+08
-3.477382e+08
-2.846227e+08
0
0
0
0
0
0
0
0
0
0
-6.713729e+08
-4.741396e+08
-3.98669e+08
-3.473197e+08
-2.836405e+08
0
0
0
0
0
0
0
0
0
0
-6.68873e+08
-4.731342e+08
-3.979858e+08
-3.466444e+08
-2.827827e+08
0
0
0
0
0
0
0
0
0
0
-6.639845e+08
-4.709703e+08
-3.965378e+08
-3.455234e+08
-2.820352e+08
0
0
0
0
0
0
0
0
0
0
-6.558178e+08
-4.671338e+08
-3.939084e+08
-3.435638e+08
-2.80952e+08
0
0
0
0
0
0
0
0
0
0
-6.444767e+08
-4.615855e+08
-3.900254e+08
-3.406741e+08
-2.793958e+08
0
0
0
0
0
0
0
0
0
0
-6.332074e+08
-4.559663e+08
-3.860814e+08
-3.377817e+08
-2.779262e+08
0
0
0
0
0
0
0
0
0
0
-6.240823e+08
-4.5138e+08
-3.828914e+08
-3.354918e+08
-2.768599e+08
0
0
0
0
0
0
0
0
0
0
-6.179494e+08
-4.483215e+08
-3.808097e+08
-3.340668e+08
-2.763111e+08
0
0
0
0
0
0
0
0
0
0
-6.150862e+08
-4.470036e+08
-3.800054e+08
-3.336184e+08
-2.763399e+08
0
0
0
0
0
0
0
0
0
0
-6.156146e+08
-4.47476e+08
-3.805124e+08
-3.341902e+08
-2.769596e+08
0
0
0
0
0
0
0
0
0
0
-6.194335e+08
-4.497266e+08
-3.823142e+08
-3.357434e+08
-2.781432e+08
0
0
0
0
0
0
0
0
0
0
-6.264668e+08
-4.536158e+08
-3.852938e+08
-3.381764e+08
-2.798012e+08
0
0
0
0
0
0
0
0
0
0
-6.362667e+08
-4.588592e+08
-3.892034e+08
-3.41277e+08
-2.817522e+08
0
0
0
0
0
0
0
0
0
0
-6.478764e+08
-4.648292e+08
-3.935444e+08
-3.446276e+08
-2.83699e+08
0
0
0
0
0
0
0
0
0
0
-6.591821e+08
-4.703757e+08
-3.974571e+08
-3.475508e+08
-2.852195e+08
0
0
0
0
0
0
0
0
0
0
-6.671821e+08
-4.741142e+08
-3.99991e+08
-3.493615e+08
-2.860026e+08
0
0
0
0
0
0
0
0
0
0
-6.720097e+08
-4.762278e+08
-4.013685e+08
-3.502887e+08
-2.862964e+08
0
0
0
0
0
0
0
0
0
0
-6.745471e+08
-4.773301e+08
-4.020398e+08
-3.5072e+08
-2.863764e+08
0
0
0
0
0
0
0
0
0
0
-6.756131e+08
-4.775209e+08
-4.020612e+08
-3.505895e+08
-2.860938e+08
0
0
0
0
0
0
0
0
0
0
-6.725717e+08
-4.746066e+08
-3.989181e+08
-3.474223e+08
-2.835229e+08
0
0
0
0
0
0
0
0
0
0
-6.719296e+08
-4.746616e+08
-3.991251e+08
-3.475558e+08
-2.833041e+08
0
0
0
0
0
0
0
0
0
0
-6.694187e+08
-4.736819e+08
-3.985472e+08
-3.471381e+08
-2.830124e+08
0
0
0
0
0
0
0
0
0
0
-6.645436e+08
-4.715405e+08
-3.971659e+08
-3.461739e+08
-2.82572e+08
0
0
0
0
0
0
0
0
0
0
-6.564181e+08
-4.677363e+08
-3.945868e+08
-3.443225e+08
-2.816991e+08
0
0
0
0
0
0
0
0
0
0
-6.451166e+08
-4.622238e+08
-3.907372e+08
-3.414912e+08
-2.802734e+08
0
0
0
0
0
0
0
0
0
0
-6.338504e+08
-4.565964e+08
-3.867838e+08
-3.385839e+08
-2.788162e+08
0
0
0
0
0
0
0
0
0
0
-6.24694e+08
-4.519708e+08
-3.835404e+08
-3.362332e+08
-2.776822e+08
0
0
0
0
0
0
0
0
0
0
-6.185082e+08
-4.48864e+08
-3.81391e+08
-3.347208e+08
-2.770367e+08
0
0
0
0
0
0
0
0
0
0
-6.156146e+08
-4.47476e+08
-3.805124e+08
-3.341902e+08
-2.769596e+08
0
0
0
0
0
0
0
0
0
0
-6.160592e+08
-4.479084e+08
-3.809478e+08
-3.346696e+08
-2.774848e+08
0
0
0
0
0
0
0
0
0
0
-6.198448e+08
-4.500812e+08
-3.826854e+08
-3.361433e+08
-2.785764e+08
0
0
0
0
0
0
0
0
0
0
-6.267956e+08
-4.539219e+08
-3.855994e+08
-3.385039e+08
-2.80145e+08
0
0
0
0
0
0
0
0
0
0
-6.365271e+08
-4.590964e+08
-3.894468e+08
-3.415338e+08
-2.820186e+08
0
0
0
0
0
0
0
0
0
0
-6.480797e+08
-4.650026e+08
-3.937239e+08
-3.448161e+08
-2.838926e+08
0
0
0
0
0
0
0
0
0
0
-6.593023e+08
-4.704986e+08
-3.975771e+08
-3.476792e+08
-2.853504e+08
0
0
0
0
0
0
0
0
0
0
-6.672978e+08
-4.741846e+08
-4.000744e+08
-3.494462e+08
-2.86091e+08
0
0
0
0
0
0
0
0
0
0
-6.720035e+08
-4.762979e+08
-4.014172e+08
-3.503487e+08
-2.863561e+08
0
0
0
0
0
0
0
0
0
0
-6.747233e+08
-4.773216e+08
-4.020909e+08
-3.507573e+08
-2.864212e+08
0
0
0
0
0
0
0
0
0
0
-6.74957e+08
-4.776528e+08
-4.020532e+08
-3.506324e+08
-2.861243e+08
0
0
0
0
0
0
0
0
0
0
-6.730831e+08
-4.750888e+08
-3.993417e+08
-3.476437e+08
-2.832159e+08
0
0
0
0
0
0
0
0
0
0
-6.723923e+08
-4.751302e+08
-3.996089e+08
-3.479857e+08
-2.835095e+08
0
0
0
0
0
0
0
0
0
0
-6.698636e+08
-4.741402e+08
-3.990555e+08
-3.476694e+08
-2.834585e+08
0
0
0
0
0
0
0
0
0
0
-6.650041e+08
-4.720072e+08
-3.976944e+08
-3.46769e+08
-2.831649e+08
0
0
0
0
0
0
0
0
0
0
-6.569144e+08
-4.682341e+08
-3.951441e+08
-3.44965e+08
-2.823933e+08
0
0
0
0
0
0
0
0
0
0
-6.456541e+08
-4.627515e+08
-3.913266e+08
-3.421647e+08
-2.810223e+08
0
0
0
0
0
0
0
0
0
0
-6.343978e+08
-4.571252e+08
-3.873653e+08
-3.392487e+08
-2.795525e+08
0
0
0
0
0
0
0
0
0
0
-6.252209e+08
-4.524735e+08
-3.840854e+08
-3.368474e+08
-2.783635e+08
0
0
0
0
0
0
0
0
0
0
-6.190001e+08
-4.493233e+08
-3.81891e+08
-3.352709e+08
-2.77638e+08
0
0
0
0
0
0
0
0
0
0
-6.160592e+08
-4.479084e+08
-3.809478e+08
-3.346696e+08
-2.774848e+08
0
0
0
0
0
0
0
0
0
0
-6.16458e+08
-4.48273e+08
-3.813454e+08
-3.350812e+08
-2.779248e+08
0
0
0
0
0
0
0
0
0
0
-6.201962e+08
-4.504158e+08
-3.830116e+08
-3.364936e+08
-2.789427e+08
0
0
0
0
0
0
0
0
0
0
-6.270881e+08
-4.541892e+08
-3.8588e+08
-3.387921e+08
-2.804444e+08
0
0
0
0
0
0
0
0
0
0
-6.367744e+08
-4.593067e+08
-3.896642e+08
-3.41763e+08
-2.822527e+08
0
0
0
0
0
0
0
0
0
0
-6.482403e+08
-4.651668e+08
-3.938826e+08
-3.449851e+08
-2.840639e+08
0
0
0
0
0
0
0
0
0
0
-6.594647e+08
-4.705939e+08
-3.976898e+08
-3.47792e+08
-2.85467e+08
0
0
0
0
0
0
0
0
0
0
-6.672874e+08
-4.742805e+08
-4.001388e+08
-3.49525e+08
-2.861682e+08
0
0
0
0
0
0
0
0
0
0
-6.722409e+08
-4.762863e+08
-4.014824e+08
-3.503947e+08
-2.86411e+08
0
0
0
0
0
0
0
0
0
0
-6.739846e+08
-4.774776e+08
-4.020817e+08
-3.508062e+08
-2.864552e+08
0
0
0
0
0
0
0
0
0
0
-6.75154e+08
-4.770552e+08
-4.021784e+08
-3.506242e+08
-2.861641e+08
0
0
0
0
0
0
0
0
0
0
-6.735075e+08
-4.755206e+08
-3.997892e+08
-3.480434e+08
-2.834094e+08
0
0
0
0
0
0
0
0
0
0
-6.727688e+08
-4.755211e+08
-4.000448e+08
-3.484444e+08
-2.838995e+08
0
0
0
0
0
0
0
0
0
0
-6.70229e+08
-4.745142e+08
-3.994815e+08
-3.481519e+08
-2.839445e+08
0
0
0
0
0
0
0
0
0
0
-6.653839e+08
-4.723915e+08
-3.981271e+08
-3.472703e+08
-2.837107e+08
0
0
0
0
0
0
0
0
0
0
-6.573302e+08
-4.686448e+08
-3.956044e+08
-3.454928e+08
-2.829826e+08
0
0
0
0
0
0
0
0
0
0
-6.461109e+08
-4.631934e+08
-3.918135e+08
-3.427225e+08
-2.8164e+08
0
0
0
0
0
0
0
0
0
0
-6.348695e+08
-4.575742e+08
-3.878527e+08
-3.397987e+08
-2.801626e+08
0
0
0
0
0
0
0
0
0
0
-6.256824e+08
-4.529057e+08
-3.845486e+08
-3.373628e+08
-2.789276e+08
0
0
0
0
0
0
0
0
0
0
-6.194335e+08
-4.497266e+08
-3.823142e+08
-3.357434e+08
-2.781432e+08
0
0
0
0
0
0
0
0
0
0
-6.16458e+08
-4.48273e+08
-3.813454e+08
-3.350812e+08
-2.779248e+08
0
0
0
0
0
0
0
0
0
0
-6.168547e+08
-4.485991e+08
-3.81681e+08
-3.354563e+08
-2.783023e+08
0
0
0
0
0
0
0
0
0
0
-6.205074e+08
-4.507024e+08
-3.833184e+08
-3.368015e+08
-2.792633e+08
0
0
0
0
0
0
0
0
0
0
-6.273666e+08
-4.544263e+08
-3.861254e+08
-3.390562e+08
-2.807074e+08
0
0
0
0
0
0
0
0
0
0
-6.369696e+08
-4.595069e+08
-3.898567e+08
-3.419675e+08
-2.824612e+08
0
0
0
0
0
0
0
0
0
0
-6.484626e+08
-4.65294e+08
-3.940331e+08
-3.451342e+08
-2.842173e+08
0
0
0
0
0
0
0
0
0
0
-6.59444e+08
-4.70728e+08
-3.977765e+08
-3.478981e+08
-2.855692e+08
0
0
0
0
0
0
0
0
0
0
-6.676318e+08
-4.74263e+08
-4.002277e+08
-3.495856e+08
-2.862401e+08
0
0
0
0
0
0
0
0
0
0
-6.713182e+08
-4.764961e+08
-4.014698e+08
-3.504569e+08
-2.864529e+08
0
0
0
0
0
0
0
0
0
0
-6.742225e+08
-4.768053e+08
-4.022296e+08
-3.507967e+08
-2.865006e+08
0
0
0
0
0
0
0
0
0
0
-6.748273e+08
-4.772486e+08
-4.016081e+08
-3.507453e+08
-2.861553e+08
0
0
0
0
0
0
0
0
0
0
-6.738524e+08
-4.758803e+08
-4.001913e+08
-3.484681e+08
-2.837729e+08
0
0
0
0
0
0
0
0
0
0
-6.730772e+08
-4.758394e+08
-4.004089e+08
-3.488589e+08
-2.843205e+08
0
0
0
0
0
0
0
0
0
0
-6.705296e+08
-4.748212e+08
-3.998291e+08
-3.485567e+08
-2.843885e+08
0
0
0
0
0
0
0
0
0
0
-6.657012e+08
-4.727077e+08
-3.984834e+08
-3.476808e+08
-2.841717e+08
0
0
0
0
0
0
0
0
0
0
-6.576828e+08
-4.68988e+08
-3.95984e+08
-3.459289e+08
-2.834672e+08
0
0
0
0
0
0
0
0
0
0
-6.465039e+08
-4.635679e+08
-3.922209e+08
-3.431831e+08
-2.821517e+08
0
0
0
0
0
0
0
0
0
0
-6.352824e+08
-4.579601e+08
-3.882662e+08
-3.402594e+08
-2.80667e+08
0
0
0
0
0
0
0
0
0
0
-6.2609e+08
-4.532831e+08
-3.849466e+08
-3.378005e+08
-2.794003e+08
0
0
0
0
0
0
0
0
0
0
-6.198447e+08
-4.500813e+08
-3.826854e+08
-3.361432e+08
-2.785763e+08
0
0
0
0
0
0
0
0
0
0
-6.168547e+08
-4.485991e+08
-3.81681e+08
-3.354563e+08
-2.783023e+08
0
0
0
0
0
0
0
0
0
0
-6.17174e+08
-4.489213e+08
-3.819809e+08
-3.357731e+08
-2.78639e+08
0
0
0
0
0
0
0
0
0
0
-6.208043e+08
-4.509556e+08
-3.835816e+08
-3.370903e+08
-2.795448e+08
0
0
0
0
0
0
0
0
0
0
-6.275876e+08
-4.546528e+08
-3.863427e+08
-3.392872e+08
-2.809479e+08
0
0
0
0
0
0
0
0
0
0
-6.372433e+08
-4.596618e+08
-3.900401e+08
-3.421484e+08
-2.826472e+08
0
0
0
0
0
0
0
0
0
0
-6.484268e+08
-4.654777e+08
-3.941486e+08
-3.452758e+08
-2.843525e+08
0
0
0
0
0
0
0
0
0
0
-6.599564e+08
-4.70698e+08
-3.979005e+08
-3.479792e+08
-2.856655e+08
0
0
0
0
0
0
0
0
0
0
-6.663883e+08
-4.745664e+08
-4.002088e+08
-3.496702e+08
-2.862948e+08
0
0
0
0
0
0
0
0
0
0
-6.716483e+08
-4.756577e+08
-4.016685e+08
-3.504438e+08
-2.865103e+08
0
0
0
0
0
0
0
0
0
0
-6.738579e+08
-4.770371e+08
-4.015881e+08
-3.509396e+08
-2.864902e+08
0
0
0
0
0
0
0
0
0
0
-6.747826e+08
-4.76956e+08
-4.017975e+08
-3.501924e+08
-2.862702e+08
0
0
0
0
0
0
0
0
0
0
-6.741346e+08
-4.761728e+08
-4.005267e+08
-3.488508e+08
-2.841633e+08
0
0
0
0
0
0
0
0
0
0
-6.733304e+08
-4.761001e+08
-4.007055e+08
-3.492055e+08
-2.847028e+08
0
0
0
0
0
0
0
0
0
0
-6.7078e+08
-4.750732e+08
-4.001145e+08
-3.488873e+08
-2.847618e+08
0
0
0
0
0
0
0
0
0
0
-6.659695e+08
-4.729712e+08
-3.987764e+08
-3.480189e+08
-2.845494e+08
0
0
0
0
0
0
0
0
0
0
-6.579856e+08
-4.692781e+08
-3.963008e+08
-3.462882e+08
-2.838675e+08
0
0
0
0
0
0
0
0
0
0
-6.468471e+08
-4.638892e+08
-3.925658e+08
-3.435681e+08
-2.825738e+08
0
0
0
0
0
0
0
0
0
0
-6.356471e+08
-4.58297e+08
-3.886211e+08
-3.406499e+08
-2.81089e+08
0
0
0
0
0
0
0
0
0
0
-6.264668e+08
-4.536158e+08
-3.852937e+08
-3.381763e+08
-2.798011e+08
0
0
0
0
0
0
0
0
0
0
-6.201961e+08
-4.504157e+08
-3.830116e+08
-3.364936e+08
-2.789427e+08
0
0
0
0
0
0
0
0
0
0
-6.17174e+08
-4.489212e+08
-3.819809e+08
-3.357731e+08
-2.78639e+08
0
0
0
0
0
0
0
0
0
0
-6.174788e+08
-4.491816e+08
-3.82276e+08
-3.36056e+08
-2.789292e+08
0
0
0
0
0
0
0
0
0
0
-6.210754e+08
-4.511979e+08
-3.83814e+08
-3.373383e+08
-2.798018e+08
0
0
0
0
0
0
0
0
0
0
-6.278984e+08
-4.54829e+08
-3.865505e+08
-3.394917e+08
-2.811585e+08
0
0
0
0
0
0
0
0
0
0
-6.371946e+08
-4.598885e+08
-3.901809e+08
-3.42321e+08
-2.828113e+08
0
0
0
0
0
0
0
0
0
0
-6.491587e+08
-4.654306e+08
-3.943186e+08
-3.453839e+08
-2.84481e+08
0
0
0
0
0
0
0
0
0
0
-6.582185e+08
-4.711484e+08
-3.978685e+08
-3.480967e+08
-2.857383e+08
0
0
0
0
0
0
0
0
0
0
-6.668813e+08
-4.734396e+08
-4.004957e+08
-3.496505e+08
-2.863728e+08
0
0
0
0
0
0
0
0
0
0
-6.711991e+08
-4.75976e+08
-4.008687e+08
-3.506355e+08
-2.86496e+08
0
0
0
0
0
0
0
0
0
0
-6.738118e+08
-4.767107e+08
-4.018145e+08
-3.503177e+08
-2.866257e+08
0
0
0
0
0
0
0
0
0
0
-6.750684e+08
-4.769166e+08
-4.0152e+08
-3.503797e+08
-2.857418e+08
0
0
0
0
0
0
0
0
0
0
-6.743659e+08
-4.76412e+08
-4.007995e+08
-3.491704e+08
-2.845168e+08
0
0
0
0
0
0
0
0
0
0
-6.735408e+08
-4.763136e+08
-4.009483e+08
-3.49488e+08
-2.850233e+08
0
0
0
0
0
0
0
0
0
0
-6.70991e+08
-4.752826e+08
-4.003486e+08
-3.491586e+08
-2.850668e+08
0
0
0
0
0
0
0
0
0
0
-6.661991e+08
-4.731933e+08
-3.990202e+08
-3.482968e+08
-2.848605e+08
0
0
0
0
0
0
0
0
0
0
-6.582487e+08
-4.695265e+08
-3.965683e+08
-3.46588e+08
-2.841972e+08
0
0
0
0
0
0
0
0
0
0
-6.471497e+08
-4.641689e+08
-3.928613e+08
-3.438937e+08
-2.829262e+08
0
0
0
0
0
0
0
0
0
0
-6.359738e+08
-4.585939e+08
-3.889308e+08
-3.409849e+08
-2.814462e+08
0
0
0
0
0
0
0
0
0
0
-6.267955e+08
-4.539218e+08
-3.855994e+08
-3.385039e+08
-2.80145e+08
0
0
0
0
0
0
0
0
0
0
-6.205075e+08
-4.507023e+08
-3.833184e+08
-3.368015e+08
-2.792633e+08
0
0
0
0
0
0
0
0
0
0
-6.174788e+08
-4.491816e+08
-3.82276e+08
-3.360559e+08
-2.789292e+08
0
0
0
0
0
0
0
0
0
0
-6.177696e+08
-4.494308e+08
-3.825151e+08
-3.363261e+08
-2.791879e+08
0
0
0
0
0
0
0
0
0
0
-6.214077e+08
-4.514134e+08
-3.840367e+08
-3.375573e+08
-2.800283e+08
0
0
0
0
0
0
0
0
0
0
-6.278606e+08
-4.550873e+08
-3.867109e+08
-3.396875e+08
-2.813445e+08
0
0
0
0
0
0
0
0
0
0
-6.381251e+08
-4.598272e+08
-3.903906e+08
-3.424526e+08
-2.829683e+08
0
0
0
0
0
0
0
0
0
0
-6.467767e+08
-4.660729e+08
-3.942689e+08
-3.45545e+08
-2.84578e+08
0
0
0
0
0
0
0
0
0
0
-6.589698e+08
-4.695789e+08
-3.982939e+08
-3.480633e+08
-2.858463e+08
0
0
0
0
0
0
0
0
0
0
-6.66284e+08
-4.739095e+08
-3.994213e+08
-3.499269e+08
-2.863515e+08
0
0
0
0
0
0
0
0
0
0
-6.711499e+08
-4.755741e+08
-4.011786e+08
-3.498603e+08
-2.866776e+08
0
0
0
0
0
0
0
0
0
0
-6.741355e+08
-4.766698e+08
-4.015049e+08
-3.505413e+08
-2.860314e+08
0
0
0
0
0
0
0
0
0
0
-6.752711e+08
-4.771774e+08
-4.014831e+08
-3.501121e+08
-2.859264e+08
0
0
0
0
0
0
0
0
0
0
-6.745579e+08
-4.766077e+08
-4.010227e+08
-3.494305e+08
-2.848126e+08
0
0
0
0
0
0
0
0
0
0
-6.737176e+08
-4.764906e+08
-4.011472e+08
-3.497193e+08
-2.852846e+08
0
0
0
0
0
0
0
0
0
0
-6.711709e+08
-4.754585e+08
-4.00543e+08
-3.493811e+08
-2.853172e+08
0
0
0
0
0
0
0
0
0
0
-6.66398e+08
-4.733827e+08
-3.992256e+08
-3.485279e+08
-2.85116e+08
0
0
0
0
0
0
0
0
0
0
-6.584797e+08
-4.697415e+08
-3.967972e+08
-3.468409e+08
-2.844718e+08
0
0
0
0
0
0
0
0
0
0
-6.474191e+08
-4.644149e+08
-3.931183e+08
-3.441726e+08
-2.832237e+08
0
0
0
0
0
0
0
0
0
0
-6.362666e+08
-4.588591e+08
-3.892034e+08
-3.412769e+08
-2.817522e+08
0
0
0
0
0
0
0
0
0
0
-6.270881e+08
-4.541892e+08
-3.8588e+08
-3.387921e+08
-2.804443e+08
0
0
0
0
0
0
0
0
0
0
-6.208043e+08
-4.509556e+08
-3.835815e+08
-3.370903e+08
-2.795448e+08
0
0
0
0
0
0
0
0
0
0
-6.177695e+08
-4.494308e+08
-3.825151e+08
-3.363261e+08
-2.791879e+08
0
0
0
0
0
0
0
0
0
0
-6.181114e+08
-4.496621e+08
-3.827444e+08
-3.365517e+08
-2.794281e+08
0
0
0
0
0
0
0
0
0
0
-6.213397e+08
-4.516906e+08
-3.842324e+08
-3.377673e+08
-2.802281e+08
0
0
0
0
0
0
0
0
0
0
-6.289362e+08
-4.550317e+08
-3.869501e+08
-3.398375e+08
-2.81523e+08
0
0
0
0
0
0
0
0
0
0
-6.351644e+08
-4.606435e+08
-3.903265e+08
-3.426513e+08
-2.830866e+08
0
0
0
0
0
0
0
0
0
0
-6.478704e+08
-4.639281e+08
-3.948753e+08
-3.454934e+08
-2.847261e+08
0
0
0
0
0
0
0
0
0
0
-6.581436e+08
-4.702877e+08
-3.967985e+08
-3.48473e+08
-2.858103e+08
0
0
0
0
0
0
0
0
0
0
-6.662289e+08
-4.733759e+08
-3.998772e+08
-3.488856e+08
-2.866128e+08
0
0
0
0
0
0
0
0
0
0
-6.715572e+08
-4.755302e+08
-4.007974e+08
-3.501655e+08
-2.859369e+08
0
0
0
0
0
0
0
0
0
0
-6.743633e+08
-4.769645e+08
-4.014667e+08
-3.502427e+08
-2.862512e+08
0
0
0
0
0
0
0
0
0
-6.753581e+08
-4.773615e+08
-4.017328e+08
-3.500771e+08
-2.856727e+08
0
0
0
0
0
0
0
0
0
0
-6.74719e+08
-4.767697e+08
-4.012051e+08
-3.496432e+08
-2.850535e+08
0
0
0
0
0
0
0
0
0
0
-6.738678e+08
-4.766389e+08
-4.013118e+08
-3.499086e+08
-2.854985e+08
0
0
0
0
0
0
0
0
0
0
-6.713261e+08
-4.75608e+08
-4.007061e+08
-3.495658e+08
-2.855224e+08
0
0
0
0
0
0
0
0
0
0
-6.66572e+08
-4.735463e+08
-3.994005e+08
-3.487224e+08
-2.853283e+08
0
0
0
0
0
0
0
0
0
0
-6.586845e+08
-4.699298e+08
-3.96995e+08
-3.470572e+08
-2.847032e+08
0
0
0
0
0
0
0
0
0
0
-6.476612e+08
-4.646333e+08
-3.933441e+08
-3.444149e+08
-2.834782e+08
0
0
0
0
0
0
0
0
0
0
-6.365271e+08
-4.590963e+08
-3.894467e+08
-3.415338e+08
-2.820186e+08
0
0
0
0
0
0
0
0
0
0
-6.273665e+08
-4.544263e+08
-3.861253e+08
-3.390561e+08
-2.807074e+08
0
0
0
0
0
0
0
0
0
0
-6.210753e+08
-4.511979e+08
-3.83814e+08
-3.373383e+08
-2.798018e+08
0
0
0
0
0
0
0
0
0
0
-6.181114e+08
-4.496621e+08
-3.827444e+08
-3.365517e+08
-2.79428e+08
0
0
0
0
0
0
0
0
0
0
-6.18097e+08
-4.499479e+08
-3.82946e+08
-3.367683e+08
-2.796343e+08
0
0
0
0
0
0
0
0
0
0
-6.22506e+08
-4.516104e+08
-3.844894e+08
-3.379426e+08
-2.804202e+08
0
0
0
0
0
0
0
0
0
0
-6.255561e+08
-4.559757e+08
-3.868897e+08
-3.400645e+08
-2.816582e+08
0
0
0
0
0
0
0
0
0
0
-6.365708e+08
-4.57983e+08
-3.910972e+08
-3.42585e+08
-2.832696e+08
0
0
0
0
0
0
0
0
0
0
-6.467395e+08
-4.649511e+08
-3.928326e+08
-3.460773e+08
-2.846714e+08
0
0
0
0
0
0
0
0
0
0
-6.580814e+08
-4.695511e+08
-3.97484e+08
-3.470238e+08
-2.861978e+08
0
0
0
0
0
0
0
0
0
0
-6.667797e+08
-4.733261e+08
-3.99371e+08
-3.493331e+08
-2.856175e+08
0
0
0
0
0
0
0
0
0
0
-6.718397e+08
-4.758996e+08
-4.007561e+08
-3.497977e+08
-2.862357e+08
0
0
0
0
0
0
0
0
0
-6.744624e+08
-4.771709e+08
-4.017485e+08
-3.502063e+08
-2.85968e+08
0
0
0
0
0
0
0
0
-6.753974e+08
-4.774398e+08
-4.01909e+08
-3.5032e+08
-2.856401e+08
0
0
0
0
0
0
0
0
0
0
-6.748555e+08
-4.769053e+08
-4.013561e+08
-3.498171e+08
-2.852506e+08
0
0
0
0
0
0
0
0
0
0
-6.739969e+08
-4.767644e+08
-4.014497e+08
-3.500653e+08
-2.856736e+08
0
0
0
0
0
0
0
0
0
0
-6.714611e+08
-4.757365e+08
-4.008446e+08
-3.497206e+08
-2.856925e+08
0
0
0
0
0
0
0
0
0
0
-6.667255e+08
-4.73689e+08
-3.995515e+08
-3.48888e+08
-2.855067e+08
0
0
0
0
0
0
0
0
0
0
-6.588679e+08
-4.700962e+08
-3.97168e+08
-3.472437e+08
-2.849009e+08
0
0
0
0
0
0
0
0
0
0
-6.478764e+08
-4.648292e+08
-3.935444e+08
-3.446276e+08
-2.83699e+08
0
0
0
0
0
0
0
0
0
0
-6.367744e+08
-4.593067e+08
-3.896641e+08
-3.417629e+08
-2.822527e+08
0
0
0
0
0
0
0
0
0
0
-6.275876e+08
-4.546527e+08
-3.863427e+08
-3.392872e+08
-2.809479e+08
0
0
0
0
0
0
0
0
0
0
-6.214076e+08
-4.514134e+08
-3.840367e+08
-3.375573e+08
-2.800283e+08
0
0
0
0
0
0
0
0
0
0
-6.18097e+08
-4.499478e+08
-3.82946e+08
-3.367683e+08
-2.796343e+08
0
0
0
0
0
0
0
0
0
0
-6.193057e+08
-4.498983e+08
-3.832113e+08
-3.369493e+08
-2.798327e+08
0
0
0
0
0
0
0
0
0
0
-6.188686e+08
-4.52635e+08
-3.844065e+08
-3.381868e+08
-2.805719e+08
0
0
0
0
0
0
0
0
0
0
-6.271693e+08
-4.529414e+08
-3.877814e+08
-3.400006e+08
-2.818677e+08
0
0
0
0
0
0
0
0
0
0
-6.351505e+08
-4.592907e+08
-3.885642e+08
-3.433274e+08
-2.831995e+08
0
0
0
0
0
0
0
0
0
0
-6.466702e+08
-4.639449e+08
-3.938198e+08
-3.440973e+08
-2.852242e+08
0
0
0
0
0
0
0
0
0
0
-6.588528e+08
-4.694944e+08
-3.967855e+08
-3.476957e+08
-2.848122e+08
0
0
0
0
0
0
0
0
0
0
-6.671568e+08
-4.738232e+08
-3.993238e+08
-3.488444e+08
-2.860541e+08
0
0
0
0
0
0
0
0
0
-6.719645e+08
-4.761543e+08
-4.01109e+08
-3.497583e+08
-2.858868e+08
0
0
0
0
0
0
0
0
-6.745097e+08
-4.772597e+08
-4.019458e+08
-3.504803e+08
-2.85934e+08
0
0
0
0
0
0
0
-6.753868e+08
-4.774747e+08
-4.019839e+08
-3.504914e+08
-2.858731e+08
0
0
0
0
0
0
0
0
0
0
-6.749726e+08
-4.770198e+08
-4.014823e+08
-3.499609e+08
-2.854116e+08
0
0
0
0
0
0
0
0
0
0
-6.741087e+08
-4.76872e+08
-4.015663e+08
-3.501965e+08
-2.858183e+08
0
0
0
0
0
0
0
0
0
0
-6.715796e+08
-4.758481e+08
-4.009636e+08
-3.49852e+08
-2.85835e+08
0
0
0
0
0
0
0
0
0
0
-6.668622e+08
-4.738146e+08
-3.996831e+08
-3.490309e+08
-2.856584e+08
0
0
0
0
0
0
0
0
0
0
-6.590301e+08
-4.702448e+08
-3.973208e+08
-3.474069e+08
-2.85071e+08
0
0
0
0
0
0
0
0
0
0
-6.480796e+08
-4.650026e+08
-3.937239e+08
-3.448161e+08
-2.838926e+08
0
0
0
0
0
0
0
0
0
0
-6.369695e+08
-4.595069e+08
-3.898566e+08
-3.419675e+08
-2.824611e+08
0
0
0
0
0
0
0
0
0
0
-6.278982e+08
-4.548289e+08
-3.865505e+08
-3.394917e+08
-2.811584e+08
0
0
0
0
0
0
0
0
0
0
-6.213397e+08
-4.516905e+08
-3.842324e+08
-3.377673e+08
-2.802281e+08
0
0
0
0
0
0
0
0
0
0
-6.193057e+08
-4.498983e+08
-3.832112e+08
-3.369493e+08
-2.798327e+08
0
0
0
0
0
0
0
0
0
0
-6.155448e+08
-4.509608e+08
-3.831471e+08
-3.372016e+08
-2.799898e+08
0
0
0
0
0
0
0
0
0
0
-6.206421e+08
-4.49371e+08
-3.853746e+08
-3.381018e+08
-2.807981e+08
0
0
0
0
0
0
0
0
0
0
-6.255257e+08
-4.544389e+08
-3.848929e+08
-3.408599e+08
-2.81792e+08
0
0
0
0
0
0
0
0
0
0
-6.350814e+08
-4.580282e+08
-3.898241e+08
-3.40872e+08
-2.839032e+08
0
0
0
0
0
0
0
0
0
0
-6.477263e+08
-4.638811e+08
-3.928654e+08
-3.450638e+08
-2.833296e+08
0
0
0
0
0
0
0
0
0
0
-6.593719e+08
-4.701873e+08
-3.967315e+08
-3.470212e+08
-2.854663e+08
0
0
0
0
0
0
0
0
0
-6.673266e+08
-4.741613e+08
-3.997975e+08
-3.48799e+08
-2.855899e+08
0
0
0
0
0
0
0
0
-6.720284e+08
-4.762651e+08
-4.013517e+08
-3.501009e+08
-2.858499e+08
0
0
0
0
0
0
0
-6.744997e+08
-4.773013e+08
-4.020306e+08
-3.50672e+08
-2.861966e+08
0
0
0
0
0
0
-6.754402e+08
-4.774636e+08
-4.020174e+08
-3.505645e+08
-2.860373e+08
0
0
0
0
0
0
0
0
0
0
-6.750737e+08
-4.771177e+08
-4.015888e+08
-3.500811e+08
-2.855446e+08
0
0
0
0
0
0
0
0
0
0
-6.742062e+08
-4.769649e+08
-4.016662e+08
-3.503074e+08
-2.859394e+08
0
0
0
0
0
0
0
0
0
0
-6.716843e+08
-4.759456e+08
-4.010668e+08
-3.499649e+08
-2.859558e+08
0
0
0
0
0
0
0
0
0
0
-6.669824e+08
-4.73926e+08
-3.997987e+08
-3.491553e+08
-2.857891e+08
0
0
0
0
0
0
0
0
0
0
-6.591821e+08
-4.703757e+08
-3.974571e+08
-3.475508e+08
-2.852195e+08
0
0
0
0
0
0
0
0
0
0
-6.482402e+08
-4.651668e+08
-3.938826e+08
-3.44985e+08
-2.840639e+08
0
0
0
0
0
0
0
0
0
0
-6.372432e+08
-4.596617e+08
-3.900401e+08
-3.421484e+08
-2.826471e+08
0
0
0
0
0
0
0
0
0
0
-6.278607e+08
-4.550872e+08
-3.867108e+08
-3.396875e+08
-2.813445e+08
0
0
0
0
0
0
0
0
0
0
-6.225059e+08
-4.516104e+08
-3.844893e+08
-3.379426e+08
-2.804202e+08
0
0
0
0
0
0
0
0
0
0
-6.155447e+08
-4.509608e+08
-3.831471e+08
-3.372016e+08
-2.799898e+08
0
0
0
0
0
0
0
0
0
0
-6.173283e+08
-4.475871e+08
-3.841515e+08
-3.371262e+08
-2.802239e+08
0
0
0
0
0
0
0
0
0
0
-6.188563e+08
-4.510091e+08
-3.822676e+08
-3.390351e+08
-2.807093e+08
0
0
0
0
0
0
0
0
0
0
-6.254526e+08
-4.529782e+08
-3.863355e+08
-3.380598e+08
-2.826073e+08
0
0
0
0
0
0
0
0
0
0
-6.363969e+08
-4.579643e+08
-3.886268e+08
-3.421046e+08
-2.815522e+08
0
0
0
0
0
0
0
0
0
0
-6.484281e+08
-4.648261e+08
-3.928044e+08
-3.441416e+08
-2.842696e+08
0
0
0
0
0
0
0
0
0
-6.596084e+08
-4.706502e+08
-3.973909e+08
-3.469691e+08
-2.848252e+08
0
0
0
0
0
0
0
0
-6.674205e+08
-4.743109e+08
-4.001191e+08
-3.492582e+08
-2.855469e+08
0
0
0
0
0
0
0
-6.720217e+08
-4.763206e+08
-4.01457e+08
-3.503362e+08
-2.861776e+08
0
0
0
0
0
0
-6.745675e+08
-4.772903e+08
-4.020704e+08
-3.507545e+08
-2.863801e+08
0
0
0
0
0
-6.750193e+08
-4.775106e+08
-4.020069e+08
-3.505974e+08
-2.861074e+08
0
0
0
0
0
0
0
0
0
0
-6.751617e+08
-4.77202e+08
-4.016798e+08
-3.501825e+08
-2.856557e+08
0
0
0
0
0
0
0
0
0
0
-6.742918e+08
-4.770457e+08
-4.017524e+08
-3.504023e+08
-2.860416e+08
0
0
0
0
0
0
0
0
0
0
-6.717757e+08
-4.760316e+08
-4.011569e+08
-3.500627e+08
-2.860594e+08
0
0
0
0
0
0
0
0
0
0
-6.670939e+08
-4.740236e+08
-3.999013e+08
-3.492645e+08
-2.859028e+08
0
0
0
0
0
0
0
0
0
0
-6.593023e+08
-4.704986e+08
-3.975771e+08
-3.476792e+08
-2.853503e+08
0
0
0
0
0
0
0
0
0
0
-6.484625e+08
-4.652939e+08
-3.940331e+08
-3.451342e+08
-2.842173e+08
0
0
0
0
0
0
0
0
0
0
-6.371946e+08
-4.598884e+08
-3.901808e+08
-3.42321e+08
-2.828113e+08
0
0
0
0
0
0
0
0
0
0
-6.28936e+08
-4.550317e+08
-3.8695e+08
-3.398375e+08
-2.81523e+08
0
0
0
0
0
0
0
0
0
0
-6.188685e+08
-4.526349e+08
-3.844065e+08
-3.381867e+08
-2.805719e+08
0
0
0
0
0
0
0
0
0
0
-6.173283e+08
-4.47587e+08
-3.841515e+08
-3.371262e+08
-2.802239e+08
0
0
0
0
0
0
0
0
0
0
-6.154749e+08
-4.492503e+08
-3.809406e+08
-3.380949e+08
-2.801371e+08
0
0
0
0
0
0
0
0
0
0
-6.187738e+08
-4.494219e+08
-3.838431e+08
-3.360231e+08
-2.815956e+08
0
0
0
0
0
0
0
0
0
0
-6.269642e+08
-4.529105e+08
-3.849498e+08
-3.394709e+08
-2.799251e+08
0
0
0
0
0
0
0
0
0
0
-6.372607e+08
-4.591388e+08
-3.885655e+08
-3.409473e+08
-2.827502e+08
0
0
0
0
0
0
0
0
0
-6.487499e+08
-4.654493e+08
-3.937026e+08
-3.440822e+08
-2.83392e+08
0
0
0
0
0
0
0
0
-6.597464e+08
-4.70857e+08
-3.978302e+08
-3.476076e+08
-2.847755e+08
0
0
0
0
0
0
0
-6.674187e+08
-4.743918e+08
-4.002608e+08
-3.495694e+08
-2.859854e+08
0
0
0
0
0
0
-6.721231e+08
-4.763116e+08
-4.015096e+08
-3.504381e+08
-2.864021e+08
0
0
0
0
0
-6.741016e+08
-4.773499e+08
-4.020596e+08
-3.507934e+08
-2.864589e+08
0
0
0
0
-6.745745e+08
-4.771249e+08
-4.020517e+08
-3.505875e+08
-2.86139e+08
0
0
0
0
0
0
0
0
0
0
-6.752385e+08
-4.772751e+08
-4.017582e+08
-3.502691e+08
-2.857493e+08
0
0
0
0
0
0
0
0
0
0
-6.743659e+08
-4.771164e+08
-4.018273e+08
-3.504842e+08
-2.861291e+08
0
0
0
0
0
0
0
0
0
0
-6.718594e+08
-4.761062e+08
-4.012363e+08
-3.501482e+08
-2.861492e+08
0
0
0
0
0
0
0
0
0
0
-6.671821e+08
-4.741142e+08
-3.99991e+08
-3.493615e+08
-2.860025e+08
0
0
0
0
0
0
0
0
0
0
-6.594646e+08
-4.705939e+08
-3.976898e+08
-3.47792e+08
-2.854669e+08
0
0
0
0
0
0
0
0
0
0
-6.484268e+08
-4.654777e+08
-3.941486e+08
-3.452758e+08
-2.843525e+08
0
0
0
0
0
0
0
0
0
0
-6.381249e+08
-4.598273e+08
-3.903905e+08
-3.424526e+08
-2.829683e+08
0
0
0
0
0
0
0
0
0
0
-6.255559e+08
-4.559756e+08
-3.868897e+08
-3.400643e+08
-2.816581e+08
0
0
0
0
0
0
0
0
0
0
-6.20642e+08
-4.493708e+08
-3.853746e+08
-3.381018e+08
-2.80798e+08
0
0
0
0
0
0
0
0
0
0
-6.15475e+08
-4.492503e+08
-3.809405e+08
-3.380949e+08
-2.801371e+08
0
0
0
0
0
0
0
0
0
0
-6.153862e+08
-4.476029e+08
-3.825496e+08
-3.349827e+08
-2.810575e+08
0
0
0
0
0
0
0
0
0
0
-6.204127e+08
-4.49346e+08
-3.823372e+08
-3.375625e+08
-2.787096e+08
0
0
0
0
0
0
0
0
0
0
-6.279484e+08
-4.542593e+08
-3.848848e+08
-3.381315e+08
-2.813031e+08
0
0
0
0
0
0
0
0
0
-6.376564e+08
-4.599045e+08
-3.896814e+08
-3.408877e+08
-2.816478e+08
0
0
0
0
0
0
0
0
-6.489439e+08
-4.657297e+08
-3.942935e+08
-3.449517e+08
-2.83335e+08
0
0
0
0
0
0
0
-6.597499e+08
-4.70975e+08
-3.980252e+08
-3.480321e+08
-2.853849e+08
0
0
0
0
0
0
-6.675797e+08
-4.743858e+08
-4.003369e+08
-3.497061e+08
-2.862819e+08
0
0
0
0
0
-6.715575e+08
-4.764007e+08
-4.015004e+08
-3.504889e+08
-2.864989e+08
0
0
0
0
-6.736139e+08
-4.769233e+08
-4.021162e+08
-3.507829e+08
-2.864962e+08
0
0
0
-6.74165e+08
-4.767144e+08
-4.016829e+08
-3.506311e+08
-2.861296e+08
0
0
0
0
0
0
0
0
0
0
-6.753047e+08
-4.773388e+08
-4.01826e+08
-3.503437e+08
-2.858293e+08
0
0
0
0
0
0
0
0
0
0
-6.744332e+08
-4.771774e+08
-4.018928e+08
-3.505554e+08
-2.862044e+08
0
0
0
0
0
0
0
0
0
0
-6.719255e+08
-4.761747e+08
-4.013052e+08
-3.502234e+08
-2.862274e+08
0
0
0
0
0
0
0
0
0
0
-6.672978e+08
-4.741846e+08
-4.000744e+08
-3.494462e+08
-2.86091e+08
0
0
0
0
0
0
0
0
0
0
-6.59444e+08
-4.70728e+08
-3.977764e+08
-3.478981e+08
-2.855692e+08
0
0
0
0
0
0
0
0
0
0
-6.491586e+08
-4.654307e+08
-3.943185e+08
-3.453839e+08
-2.84481e+08
0
0
0
0
0
0
0
0
0
0
-6.351642e+08
-4.606434e+08
-3.903265e+08
-3.426512e+08
-2.830865e+08
0
0
0
0
0
0
0
0
0
0
-6.271692e+08
-4.52941e+08
-3.877813e+08
-3.400006e+08
-2.818676e+08
0
0
0
0
0
0
0
0
0
0
-6.188567e+08
-4.510091e+08
-3.822673e+08
-3.390351e+08
-2.807093e+08
0
0
0
0
0
0
0
0
0
0
-6.153922e+08
-4.476031e+08
-3.825496e+08
-3.349826e+08
-2.810575e+08
0
0
0
0
0
0
0
0
0
0
-6.170859e+08
-4.475216e+08
-3.809865e+08
-3.365625e+08
-2.780753e+08
0
0
0
0
0
0
0
0
0
0
-6.214735e+08
-4.508081e+08
-3.822644e+08
-3.361066e+08
-2.802038e+08
0
0
0
0
0
0
0
0
0
-6.284194e+08
-4.551313e+08
-3.861661e+08
-3.380683e+08
-2.800262e+08
0
0
0
0
0
0
0
0
-6.379006e+08
-4.602485e+08
-3.904069e+08
-3.41968e+08
-2.815905e+08
0
0
0
0
0
0
0
-6.489528e+08
-4.65895e+08
-3.945577e+08
-3.455226e+08
-2.841652e+08
0
0
0
0
0
0
-6.600008e+08
-4.709714e+08
-3.981358e+08
-3.482198e+08
-2.857889e+08
0
0
0
0
0
-6.668413e+08
-4.745268e+08
-4.003301e+08
-3.497793e+08
-2.864113e+08
0
0
0
0
-6.709745e+08
-4.758837e+08
-4.015847e+08
-3.504796e+08
-2.865468e+08
0
0
0
-6.731658e+08
-4.764728e+08
-4.017083e+08
-3.508377e+08
-2.864858e+08
0
0
-6.741261e+08
-4.763591e+08
-4.012894e+08
-3.502731e+08
-2.861712e+08
0
0
0
0
0
0
0
0
0
0
-6.753643e+08
-4.773934e+08
-4.018851e+08
-3.504082e+08
-2.85898e+08
0
0
0
0
0
0
0
0
0
0
-6.744859e+08
-4.772327e+08
-4.019493e+08
-3.506176e+08
-2.862699e+08
0
0
0
0
0
0
0
0
0
0
-6.720097e+08
-4.762278e+08
-4.013685e+08
-3.502887e+08
-2.862963e+08
0
0
0
0
0
0
0
0
0
0
-6.672875e+08
-4.742805e+08
-4.001388e+08
-3.49525e+08
-2.861681e+08
0
0
0
0
0
0
0
0
0
0
-6.599563e+08
-4.706981e+08
-3.979004e+08
-3.479792e+08
-2.856655e+08
0
0
0
0
0
0
0
0
0
0
-6.467766e+08
-4.660728e+08
-3.94269e+08
-3.455449e+08
-2.84578e+08
0
0
0
0
0
0
0
0
0
0
-6.365707e+08
-4.579826e+08
-3.910971e+08
-3.42585e+08
-2.832695e+08
0
0
0
0
0
0
0
0
0
0
-6.255264e+08
-4.544389e+08
-3.848925e+08
-3.408599e+08
-2.81792e+08
0
0
0
0
0
0
0
0
0
0
-6.187905e+08
-4.494224e+08
-3.83843e+08
-3.360228e+08
-2.815956e+08
0
0
0
0
0
0
0
0
0
0
-6.170883e+08
-4.47527e+08
-3.809867e+08
-3.365625e+08
-2.780752e+08
0
0
0
0
0
0
0
0
0
0
-6.181831e+08
-4.490379e+08
-3.809086e+08
-3.350511e+08
-2.796153e+08
0
0
0
0
0
0
0
0
0
-6.219552e+08
-4.517483e+08
-3.836535e+08
-3.360359e+08
-2.788151e+08
0
0
0
0
0
0
0
0
-6.286975e+08
-4.555384e+08
-3.869924e+08
-3.393088e+08
-2.799656e+08
0
0
0
0
0
0
0
-6.379145e+08
-4.604567e+08
-3.907306e+08
-3.426689e+08
-2.826225e+08
0
0
0
0
0
0
-6.493214e+08
-4.658936e+08
-3.947122e+08
-3.457766e+08
-2.847085e+08
0
0
0
0
0
-6.590014e+08
-4.711907e+08
-3.981304e+08
-3.483256e+08
-2.859662e+08
0
0
0
0
-6.660935e+08
-4.738539e+08
-4.004634e+08
-3.49772e+08
-2.864801e+08
0
0
0
-6.704422e+08
-4.753448e+08
-4.010906e+08
-3.50561e+08
-2.865373e+08
0
0
-6.73123e+08
-4.760859e+08
-4.012764e+08
-3.504418e+08
-2.865377e+08
0
-6.736948e+08
-4.762649e+08
-4.009561e+08
-3.498905e+08
-2.858283e+08
0
0
0
0
0
0
0
0
0
0
-6.754109e+08
-4.774426e+08
-4.019358e+08
-3.504645e+08
-2.859575e+08
0
0
0
0
0
0
0
0
0
0
-6.745515e+08
-4.772753e+08
-4.020005e+08
-3.506713e+08
-2.863271e+08
0
0
0
0
0
0
0
0
0
0
-6.720035e+08
-4.762979e+08
-4.014172e+08
-3.503487e+08
-2.863561e+08
0
0
0
0
0
0
0
0
0
0
-6.676319e+08
-4.74263e+08
-4.002277e+08
-3.495856e+08
-2.862401e+08
0
0
0
0
0
0
0
0
0
0
-6.582185e+08
-4.711484e+08
-3.978685e+08
-3.480967e+08
-2.857383e+08
0
0
0
0
0
0
0
0
0
0
-6.478704e+08
-4.639278e+08
-3.948752e+08
-3.454934e+08
-2.84726e+08
0
0
0
0
0
0
0
0
0
0
-6.351513e+08
-4.592907e+08
-3.885637e+08
-3.433273e+08
-2.831995e+08
0
0
0
0
0
0
0
0
0
0
-6.254767e+08
-4.529788e+08
-3.863355e+08
-3.380593e+08
-2.826072e+08
0
0
0
0
0
0
0
0
0
0
-6.204195e+08
-4.49361e+08
-3.823376e+08
-3.375625e+08
-2.787092e+08
0
0
0
0
0
0
0
0
0
0
-6.181836e+08
-4.490401e+08
-3.809137e+08
-3.350512e+08
-2.796152e+08
0
0
0
0
0
0
0
0
0
-6.187377e+08
-4.500106e+08
-3.823493e+08
-3.349754e+08
-2.781732e+08
0
0
0
0
0
0
0
0
-6.222527e+08
-4.521673e+08
-3.845445e+08
-3.373809e+08
-2.787473e+08
0
0
0
0
0
0
0
-6.28713e+08
-4.55776e+08
-3.873747e+08
-3.401073e+08
-2.811514e+08
0
0
0
0
0
0
-6.383869e+08
-4.604581e+08
-3.909252e+08
-3.429802e+08
-2.832901e+08
0
0
0
0
0
-6.479889e+08
-4.662152e+08
-3.947078e+08
-3.459245e+08
-2.849484e+08
0
0
0
0
-6.580032e+08
-4.702833e+08
-3.983371e+08
-3.48319e+08
-2.860654e+08
0
0
0
-6.654184e+08
-4.731626e+08
-3.998206e+08
-3.499007e+08
-2.864718e+08
0
0
-6.703879e+08
-4.748894e+08
-4.005738e+08
-3.500816e+08
-2.866143e+08
0
-6.726434e+08
-4.759787e+08
-4.00914e+08
-3.500216e+08
-2.861586e+08
-6.753354e+08
-4.759355e+08
-4.008479e+08
-3.495715e+08
-2.854607e+08
0
0
0
0
0
0
0
0
0
0
-6.754681e+08
-4.774803e+08
-4.019815e+08
-3.505127e+08
-2.860093e+08
0
0
0
0
0
0
0
0
0
0
-6.745472e+08
-4.773301e+08
-4.020398e+08
-3.5072e+08
-2.863764e+08
0
0
0
0
0
0
0
0
0
0
-6.722409e+08
-4.762863e+08
-4.014824e+08
-3.503947e+08
-2.86411e+08
0
0
0
0
0
0
0
0
0
0
-6.663883e+08
-4.745664e+08
-4.002089e+08
-3.496702e+08
-2.862948e+08
0
0
0
0
0
0
0
0
0
0
-6.589698e+08
-4.695786e+08
-3.982939e+08
-3.480633e+08
-2.858462e+08
0
0
0
0
0
0
0
0
0
0
-6.467404e+08
-4.649512e+08
-3.928323e+08
-3.460773e+08
-2.846714e+08
0
0
0
0
0
0
0
0
0
0
-6.351082e+08
-4.580289e+08
-3.898242e+08
-3.408715e+08
-2.839031e+08
0
0
0
0
0
0
0
0
0
0
-6.26974e+08
-4.529322e+08
-3.849504e+08
-3.39471e+08
-2.799246e+08
0
0
0
0
0
0
0
0
0
0
-6.21475e+08
-4.508142e+08
-3.822786e+08
-3.36107e+08
-2.802038e+08
0
0
0
0
0
0
0
0
0
-6.187378e+08
-4.50011e+08
-3.823513e+08
-3.349804e+08
-2.781734e+08
0
0
0
0
0
0
0
0
-6.190435e+08
-4.504774e+08
-3.832712e+08
-3.363704e+08
-2.781006e+08
0
0
0
0
0
0
0
-6.223159e+08
-4.524218e+08
-3.849389e+08
-3.382421e+08
-2.800335e+08
0
0
0
0
0
0
-6.292595e+08
-4.557776e+08
-3.87597e+08
-3.404742e+08
-2.819123e+08
0
0
0
0
0
-6.367696e+08
-4.608702e+08
-3.909229e+08
-3.431665e+08
-2.835842e+08
0
0
0
0
-6.466627e+08
-4.650098e+08
-3.950109e+08
-3.459184e+08
-2.85087e+08
0
0
0
-6.571171e+08
-4.693619e+08
-3.974712e+08
-3.485177e+08
-2.860569e+08
0
0
-6.653366e+08
-4.725911e+08
-3.991572e+08
-3.492768e+08
-2.865934e+08
0
-6.698028e+08
-4.747508e+08
-4.001485e+08
-3.495786e+08
-2.861552e+08
-6.74459e+08
-4.75617e+08
-4.007903e+08
-3.496753e+08
-2.857547e+08
-4.772986e+08
-4.00554e+08
-3.494534e+08
-2.851624e+08
0
0
0
0
0
0
0
0
0
0
-6.754643e+08
-4.775283e+08
-4.020164e+08
-3.505563e+08
-2.860537e+08
0
0
0
0
0
0
0
0
0
0
-6.747233e+08
-4.773216e+08
-4.020909e+08
-3.507573e+08
-2.864212e+08
0
0
0
0
0
0
0
0
0
0
-6.713182e+08
-4.764961e+08
-4.014699e+08
-3.504569e+08
-2.864529e+08
0
0
0
0
0
0
0
0
0
0
-6.668813e+08
-4.734395e+08
-4.004957e+08
-3.496505e+08
-2.863728e+08
0
0
0
0
0
0
0
0
0
0
-6.581445e+08
-4.702878e+08
-3.967982e+08
-3.48473e+08
-2.858104e+08
0
0
0
0
0
0
0
0
0
0
-6.466946e+08
-4.639457e+08
-3.938199e+08
-3.440969e+08
-2.852242e+08
0
0
0
0
0
0
0
0
0
0
-6.364078e+08
-4.579884e+08
-3.886275e+08
-3.421047e+08
-2.815516e+08
0
0
0
0
0
0
0
0
0
0
-6.279505e+08
-4.542681e+08
-3.849054e+08
-3.381321e+08
-2.813032e+08
0
0
0
0
0
0
0
0
0
-6.219556e+08
-4.517496e+08
-3.836593e+08
-3.360497e+08
-2.788155e+08
0
0
0
0
0
0
0
0
-6.190435e+08
-4.504776e+08
-3.832716e+08
-3.363725e+08
-2.781053e+08
0
0
0
0
0
0
0
-6.190582e+08
-4.507395e+08
-3.837006e+08
-3.372617e+08
-2.79435e+08
0
0
0
0
0
0
-6.229036e+08
-4.524595e+08
-3.851774e+08
-3.386215e+08
-2.808547e+08
0
0
0
0
0
-6.274511e+08
-4.562548e+08
-3.875946e+08
-3.406873e+08
-2.82252e+08
0
0
0
0
-6.351408e+08
-4.594106e+08
-3.913115e+08
-3.43162e+08
-2.837589e+08
0
0
0
-6.455138e+08
-4.637883e+08
-3.938611e+08
-3.462101e+08
-2.850782e+08
0
0
-6.569791e+08
-4.68619e+08
-3.965868e+08
-3.476776e+08
-2.862447e+08
0
-6.645813e+08
-4.723933e+08
-3.986253e+08
-3.486306e+08
-2.859959e+08
-6.720034e+08
-4.743187e+08
-3.999881e+08
-3.49173e+08
-2.856712e+08
-4.771173e+08
-4.004692e+08
-3.495399e+08
-2.854313e+08
-4.018154e+08
-3.491835e+08
-2.850284e+08
0
0
0
0
0
0
0
0
0
0
-6.756131e+08
-4.775209e+08
-4.020612e+08
-3.505895e+08
-2.860938e+08
0
0
0
0
0
0
0
0
0
0
-6.739847e+08
-4.774776e+08
-4.020817e+08
-3.508062e+08
-2.864552e+08
0
0
0
0
0
0
0
0
0
0
-6.716483e+08
-4.756576e+08
-4.016685e+08
-3.504438e+08
-2.865103e+08
0
0
0
0
0
0
0
0
0
0
-6.662849e+08
-4.739096e+08
-3.994211e+08
-3.499269e+08
-2.863515e+08
0
0
0
0
0
0
0
0
0
0
-6.581002e+08
-4.69552e+08
-3.974841e+08
-3.470235e+08
-2.861978e+08
0
0
0
0
0
0
0
0
0
0
-6.477364e+08
-4.63903e+08
-3.928662e+08
-3.450639e+08
-2.833291e+08
0
0
0
0
0
0
0
0
0
0
-6.372632e+08
-4.591487e+08
-3.885884e+08
-3.40948e+08
-2.827504e+08
0
0
0
0
0
0
0
0
0
-6.2842e+08
-4.551332e+08
-3.861745e+08
-3.380883e+08
-2.800268e+08
0
0
0
0
0
0
0
0
-6.222527e+08
-4.521677e+08
-3.845458e+08
-3.373865e+08
-2.787605e+08
0
0
0
0
0
0
0
-6.190582e+08
-4.507395e+08
-3.837007e+08
-3.372621e+08
-2.794369e+08
0
0
0
0
0
0
-6.196656e+08
-4.507404e+08
-3.839465e+08
-3.376664e+08
-2.802851e+08
0
0
0
0
0
-6.209924e+08
-4.529735e+08
-3.851985e+08
-3.388503e+08
-2.812136e+08
0
0
0
0
-6.255998e+08
-4.546255e+08
-3.880448e+08
-3.406826e+08
-2.824522e+08
0
0
0
-6.337594e+08
-4.579146e+08
-3.8992e+08
-3.435364e+08
-2.83751e+08
0
0
-6.452825e+08
-4.628304e+08
-3.926888e+08
-3.450946e+08
-2.853543e+08
0
-6.559785e+08
-4.683236e+08
-3.958978e+08
-3.468159e+08
-2.8544e+08
-6.674368e+08
-4.718489e+08
-3.983972e+08
-3.481244e+08
-2.853735e+08
-4.761206e+08
-3.996076e+08
-3.489973e+08
-2.852939e+08
-4.018548e+08
-3.492463e+08
-2.852774e+08
-3.503776e+08
-2.847944e+08
0
0
0
0
0
0
0
0
0
0
-6.74957e+08
-4.776528e+08
-4.020533e+08
-3.506324e+08
-2.861243e+08
0
0
0
0
0
0
0
0
0
0
-6.742225e+08
-4.768053e+08
-4.022296e+08
-3.507967e+08
-2.865006e+08
0
0
0
0
0
0
0
0
0
0
-6.711999e+08
-4.759761e+08
-4.008686e+08
-3.506355e+08
-2.864961e+08
0
0
0
0
0
0
0
0
0
0
-6.662428e+08
-4.733768e+08
-3.998773e+08
-3.488853e+08
-2.866129e+08
0
0
0
0
0
0
0
0
0
0
-6.588608e+08
-4.695114e+08
-3.967863e+08
-3.476959e+08
-2.848119e+08
0
0
0
0
0
0
0
0
0
0
-6.484304e+08
-4.648352e+08
-3.928253e+08
-3.441424e+08
-2.842697e+08
0
0
0
0
0
0
0
0
0
-6.376571e+08
-4.599067e+08
-3.896908e+08
-3.409099e+08
-2.816485e+08
0
0
0
0
0
0
0
0
-6.286976e+08
-4.555389e+08
-3.869943e+08
-3.39317e+08
-2.799848e+08
0
0
0
0
0
0
0
-6.223159e+08
-4.524219e+08
-3.849393e+08
-3.382433e+08
-2.800389e+08
0
0
0
0
0
0
-6.196656e+08
-4.507404e+08
-3.839465e+08
-3.376665e+08
-2.802855e+08
0
0
0
0
0
-6.177116e+08
-4.512719e+08
-3.839435e+08
-3.379026e+08
-2.806611e+08
0
0
0
0
-6.190524e+08
-4.51253e+08
-3.856839e+08
-3.388597e+08
-2.81429e+08
0
0
0
-6.240554e+08
-4.529292e+08
-3.864926e+08
-3.411165e+08
-2.824438e+08
0
0
-6.334405e+08
-4.567614e+08
-3.884857e+08
-3.421868e+08
-2.841057e+08
0
-6.439921e+08
-4.624032e+08
-3.918022e+08
-3.439522e+08
-2.842854e+08
-6.598396e+08
-4.676159e+08
-3.955609e+08
-3.46162e+08
-2.84609e+08
-4.741645e+08
-3.979229e+08
-3.478748e+08
-2.849047e+08
-4.012661e+08
-3.486513e+08
-2.850937e+08
-3.505559e+08
-2.850249e+08
-2.858859e+08
0
0
0
0
0
0
0
0
0
0
-6.75154e+08
-4.770552e+08
-4.021784e+08
-3.506243e+08
-2.861641e+08
0
0
0
0
0
0
0
0
0
0
-6.738587e+08
-4.770371e+08
-4.01588e+08
-3.509396e+08
-2.864902e+08
0
0
0
0
0
0
0
0
0
0
-6.711604e+08
-4.755749e+08
-4.011787e+08
-3.498602e+08
-2.866777e+08
0
0
0
0
0
0
0
0
0
0
-6.667858e+08
-4.733387e+08
-3.993717e+08
-3.493332e+08
-2.856172e+08
0
0
0
0
0
0
0
0
0
0
-6.593739e+08
-4.701946e+08
-3.967477e+08
-3.47022e+08
-2.854665e+08
0
0
0
0
0
0
0
0
0
-6.487506e+08
-4.654514e+08
-3.937113e+08
-3.441025e+08
-2.833928e+08
0
0
0
0
0
0
0
0
-6.379006e+08
-4.602491e+08
-3.90409e+08
-3.41977e+08
-2.816118e+08
0
0
0
0
0
0
0
-6.287129e+08
-4.557761e+08
-3.873751e+08
-3.401091e+08
-2.811592e+08
0
0
0
0
0
0
-6.229037e+08
-4.524595e+08
-3.851774e+08
-3.386218e+08
-2.808558e+08
0
0
0
0
0
-6.177114e+08
-4.512719e+08
-3.839435e+08
-3.379027e+08
-2.806612e+08
0
0
0
0
-6.156455e+08
-4.495139e+08
-3.844458e+08
-3.378975e+08
-2.808838e+08
0
0
0
-6.17314e+08
-4.494613e+08
-3.840455e+08
-3.393281e+08
-2.814266e+08
0
0
-6.237632e+08
-4.516334e+08
-3.848669e+08
-3.396115e+08
-2.828553e+08
0
-6.319279e+08
-4.562342e+08
-3.874179e+08
-3.407894e+08
-2.828121e+08
-6.492232e+08
-4.614999e+08
-3.913234e+08
-3.43112e+08
-2.831825e+08
-4.707256e+08
-3.949497e+08
-3.457953e+08
-2.840058e+08
-4.000461e+08
-3.474476e+08
-2.84621e+08
-3.502152e+08
-2.848005e+08
-2.862191e+08
0
0
0
0
0
0
0
0
0
0
-6.74828e+08
-4.772486e+08
-4.01608e+08
-3.507453e+08
-2.861553e+08
0
0
0
0
0
0
0
0
0
0
-6.738203e+08
-4.767114e+08
-4.018146e+08
-3.503176e+08
-2.866258e+08
0
0
0
0
0
0
0
0
0
0
-6.71562e+08
-4.755397e+08
-4.007982e+08
-3.501656e+08
-2.859367e+08
0
0
0
0
0
0
0
0
0
0
-6.671583e+08
-4.738288e+08
-3.993358e+08
-3.488452e+08
-2.860543e+08
0
0
0
0
0
0
0
0
0
-6.596089e+08
-4.70652e+08
-3.973978e+08
-3.469848e+08
-2.84826e+08
0
0
0
0
0
0
0
0
-6.489439e+08
-4.657303e+08
-3.942956e+08
-3.449602e+08
-2.833544e+08
0
0
0
0
0
0
0
-6.379145e+08
-4.604568e+08
-3.907311e+08
-3.42671e+08
-2.826312e+08
0
0
0
0
0
0
-6.292596e+08
-4.557775e+08
-3.87597e+08
-3.404747e+08
-2.81914e+08
0
0
0
0
0
-6.20992e+08
-4.529735e+08
-3.851985e+08
-3.388504e+08
-2.812139e+08
0
0
0
0
-6.156454e+08
-4.495138e+08
-3.844458e+08
-3.378975e+08
-2.808838e+08
0
0
0
-6.139677e+08
-4.47627e+08
-3.827718e+08
-3.383823e+08
-2.808751e+08
0
0
-6.169047e+08
-4.480122e+08
-3.823192e+08
-3.377398e+08
-2.818715e+08
0
-6.219933e+08
-4.51109e+08
-3.836647e+08
-3.380278e+08
-2.814127e+08
-6.387569e+08
-4.551797e+08
-3.868358e+08
-3.397771e+08
-2.814628e+08
-4.65706e+08
-3.905495e+08
-3.425951e+08
-2.824087e+08
-3.977932e+08
-3.4525e+08
-2.835917e+08
-3.494441e+08
-2.842654e+08
-2.862207e+08
0
0
0
0
0
0
0
0
0
0
-6.747902e+08
-4.769567e+08
-4.017975e+08
-3.501923e+08
-2.862702e+08
0
0
0
0
0
0
0
0
0
0
-6.741394e+08
-4.766776e+08
-4.015056e+08
-3.505414e+08
-2.860313e+08
0
0
0
0
0
0
0
0
0
0
-6.718409e+08
-4.75904e+08
-4.007653e+08
-3.497985e+08
-2.862358e+08
0
0
0
0
0
0
0
0
0
-6.673271e+08
-4.741627e+08
-3.998028e+08
-3.488107e+08
-2.855907e+08
0
0
0
0
0
0
0
0
-6.597464e+08
-4.708575e+08
-3.978319e+08
-3.476143e+08
-2.847905e+08
0
0
0
0
0
0
0
-6.489527e+08
-4.658951e+08
-3.945582e+08
-3.455246e+08
-2.841733e+08
0
0
0
0
0
0
-6.38387e+08
-4.604581e+08
-3.909253e+08
-3.429807e+08
-2.832921e+08
0
0
0
0
0
-6.274504e+08
-4.562548e+08
-3.875946e+08
-3.406874e+08
-2.822524e+08
0
0
0
0
-6.190523e+08
-4.512527e+08
-3.85684e+08
-3.388596e+08
-2.814291e+08
0
0
0
-6.139676e+08
-4.47627e+08
-3.827717e+08
-3.383823e+08
-2.808751e+08
0
0
-6.134147e+08
-4.462064e+08
-3.809657e+08
-3.367599e+08
-2.813357e+08
0
-6.151115e+08
-4.474034e+08
-3.809904e+08
-3.360512e+08
-2.803491e+08
-6.29949e+08
-4.498759e+08
-3.83065e+08
-3.368862e+08
-2.798835e+08
-4.606738e+08
-3.859353e+08
-3.391535e+08
-2.805289e+08
-3.943897e+08
-3.4191e+08
-2.818306e+08
-3.479171e+08
-2.83146e+08
-2.860708e+08
0
0
0
0
0
0
0
0
0
0
-6.75072e+08
-4.769235e+08
-4.015207e+08
-3.503798e+08
-2.857418e+08
0
0
0
0
0
0
0
0
0
0
-6.743643e+08
-4.769681e+08
-4.014741e+08
-3.502433e+08
-2.862513e+08
0
0
0
0
0
0
0
0
0
-6.719649e+08
-4.761554e+08
-4.011131e+08
-3.497672e+08
-2.858875e+08
0
0
0
0
0
0
0
0
-6.674205e+08
-4.743113e+08
-4.001204e+08
-3.492633e+08
-2.85558e+08
0
0
0
0
0
0
0
-6.597499e+08
-4.709751e+08
-3.980257e+08
-3.480338e+08
-2.853913e+08
0
0
0
0
0
0
-6.493215e+08
-4.658936e+08
-3.947122e+08
-3.457771e+08
-2.847104e+08
0
0
0
0
0
-6.367689e+08
-4.608702e+08
-3.909229e+08
-3.431666e+08
-2.835847e+08
0
0
0
0
-6.255996e+08
-4.546249e+08
-3.880448e+08
-3.406825e+08
-2.824522e+08
0
0
0
-6.17314e+08
-4.494612e+08
-3.840451e+08
-3.393281e+08
-2.814266e+08
0
0
-6.134147e+08
-4.462064e+08
-3.809656e+08
-3.367598e+08
-2.813357e+08
0
-6.116362e+08
-4.455019e+08
-3.796421e+08
-3.350023e+08
-2.797806e+08
-6.237663e+08
-4.461511e+08
-3.803189e+08
-3.348019e+08
-2.787122e+08
-4.563316e+08
-3.820253e+08
-3.362227e+08
-2.788265e+08
-3.909387e+08
-3.383589e+08
-2.79838e+08
-3.455082e+08
-2.812779e+08
-2.855502e+08
0
0
0
0
0
0
0
0
0
0
-6.752721e+08
-4.771807e+08
-4.014897e+08
-3.501128e+08
-2.859265e+08
0
0
0
0
0
0
0
0
0
-6.744627e+08
-4.771719e+08
-4.01752e+08
-3.502135e+08
-2.859686e+08
0
0
0
0
0
0
0
0
-6.720285e+08
-4.762654e+08
-4.013528e+08
-3.50105e+08
-2.858583e+08
0
0
0
0
0
0
0
-6.674188e+08
-4.743919e+08
-4.002611e+08
-3.495707e+08
-2.859903e+08
0
0
0
0
0
0
-6.600009e+08
-4.709714e+08
-3.981359e+08
-3.482202e+08
-2.857905e+08
0
0
0
0
0
-6.479883e+08
-4.662153e+08
-3.947078e+08
-3.459245e+08
-2.849488e+08
0
0
0
0
-6.351405e+08
-4.594099e+08
-3.913115e+08
-3.431619e+08
-2.83759e+08
0
0
0
-6.240553e+08
-4.52929e+08
-3.864921e+08
-3.411165e+08
-2.824437e+08
0
0
-6.169046e+08
-4.480122e+08
-3.823191e+08
-3.377395e+08
-2.818715e+08
0
-6.116362e+08
-4.455019e+08
-3.79642e+08
-3.350022e+08
-2.797805e+08
-6.205817e+08
-4.442579e+08
-3.789037e+08
-3.337404e+08
-2.780846e+08
-4.532242e+08
-3.792601e+08
-3.340828e+08
-2.775643e+08
-3.879309e+08
-3.353238e+08
-2.78079e+08
-3.43031e+08
-2.792005e+08
-2.84521e+08
0
0
0
0
0
0
0
0
0
-6.753584e+08
-4.773624e+08
-4.017359e+08
-3.500836e+08
-2.856734e+08
0
0
0
0
0
0
0
0
-6.745097e+08
-4.772599e+08
-4.019467e+08
-3.504837e+08
-2.859409e+08
0
0
0
0
0
0
0
-6.720217e+08
-4.763207e+08
-4.014573e+08
-3.503372e+08
-2.861815e+08
0
0
0
0
0
0
-6.675797e+08
-4.743858e+08
-4.00337e+08
-3.497064e+08
-2.862831e+08
0
0
0
0
0
-6.590009e+08
-4.711907e+08
-3.981304e+08
-3.483257e+08
-2.859667e+08
0
0
0
0
-6.466625e+08
-4.650093e+08
-3.950109e+08
-3.459184e+08
-2.85087e+08
0
0
0
-6.337593e+08
-4.579144e+08
-3.899195e+08
-3.435364e+08
-2.837509e+08
0
0
-6.23763e+08
-4.516333e+08
-3.848667e+08
-3.39611e+08
-2.828554e+08
0
-6.151115e+08
-4.474034e+08
-3.809904e+08
-3.360511e+08
-2.803488e+08
-6.205817e+08
-4.442579e+08
-3.789036e+08
-3.337404e+08
-2.780845e+08
-4.515971e+08
-3.778504e+08
-3.329758e+08
-2.76909e+08
-3.85752e+08
-3.33164e+08
-2.767767e+08
-3.408634e+08
-2.773776e+08
-2.834022e+08
0
0
0
0
0
0
0
0
-6.753974e+08
-4.774401e+08
-4.019098e+08
-3.503231e+08
-2.856463e+08
0
0
0
0
0
0
0
-6.744997e+08
-4.773013e+08
-4.020308e+08
-3.506729e+08
-2.861998e+08
0
0
0
0
0
0
-6.721231e+08
-4.763116e+08
-4.015096e+08
-3.504384e+08
-2.864032e+08
0
0
0
0
0
-6.66841e+08
-4.745269e+08
-4.003301e+08
-3.497794e+08
-2.864116e+08
0
0
0
0
-6.580031e+08
-4.702829e+08
-3.983371e+08
-3.48319e+08
-2.860654e+08
0
0
0
-6.455137e+08
-4.637881e+08
-3.938606e+08
-3.462102e+08
-2.850782e+08
0
0
-6.334403e+08
-4.567613e+08
-3.884855e+08
-3.421862e+08
-2.841058e+08
0
-6.219933e+08
-4.511089e+08
-3.836646e+08
-3.380276e+08
-2.814122e+08
-6.237664e+08
-4.461511e+08
-3.803188e+08
-3.348019e+08
-2.787121e+08
-4.515971e+08
-3.778504e+08
-3.329757e+08
-2.76909e+08
-3.845984e+08
-3.320531e+08
-2.760955e+08
-3.392723e+08
-2.760503e+08
-2.823964e+08
0
0
0
0
0
0
0
-6.753869e+08
-4.774747e+08
-4.019842e+08
-3.504923e+08
-2.85876e+08
0
0
0
0
0
0
-6.745675e+08
-4.772903e+08
-4.020704e+08
-3.507547e+08
-2.86381e+08
0
0
0
0
0
-6.715572e+08
-4.764007e+08
-4.015004e+08
-3.504889e+08
-2.864992e+08
0
0
0
0
-6.660934e+08
-4.738536e+08
-4.004635e+08
-3.49772e+08
-2.864802e+08
0
0
0
-6.57117e+08
-4.693617e+08
-3.974708e+08
-3.485178e+08
-2.860569e+08
0
0
-6.452824e+08
-4.628303e+08
-3.926887e+08
-3.450941e+08
-2.853543e+08
0
-6.319279e+08
-4.562341e+08
-3.874178e+08
-3.407892e+08
-2.828116e+08
-6.29949e+08
-4.498758e+08
-3.830649e+08
-3.368861e+08
-2.798833e+08
-4.532242e+08
-3.792601e+08
-3.340827e+08
-2.775642e+08
-3.845984e+08
-3.320531e+08
-2.760955e+08
-3.384193e+08
-2.75358e+08
-2.81619e+08
0
0
0
0
0
0
-6.754402e+08
-4.774636e+08
-4.020174e+08
-3.505647e+08
-2.860381e+08
0
0
0
0
0
-6.741014e+08
-4.773499e+08
-4.020596e+08
-3.507935e+08
-2.864592e+08
0
0
0
0
-6.709745e+08
-4.758834e+08
-4.015847e+08
-3.504796e+08
-2.865469e+08
0
0
0
-6.654184e+08
-4.731625e+08
-3.998204e+08
-3.499007e+08
-2.864718e+08
0
0
-6.569791e+08
-4.686189e+08
-3.965867e+08
-3.476772e+08
-2.862447e+08
0
-6.43992e+08
-4.624031e+08
-3.918021e+08
-3.43952e+08
-2.842849e+08
-6.387569e+08
-4.551797e+08
-3.868356e+08
-3.39777e+08
-2.814626e+08
-4.563316e+08
-3.820252e+08
-3.362226e+08
-2.788264e+08
-3.85752e+08
-3.33164e+08
-2.767766e+08
-3.384193e+08
-2.75358e+08
-2.811821e+08
0
0
0
0
0
-6.750191e+08
-4.775107e+08
-4.020069e+08
-3.505974e+08
-2.861076e+08
0
0
0
0
-6.736138e+08
-4.769231e+08
-4.021162e+08
-3.507829e+08
-2.864963e+08
0
0
0
-6.704422e+08
-4.753448e+08
-4.010904e+08
-3.505611e+08
-2.865373e+08
0
0
-6.653365e+08
-4.72591e+08
-3.991571e+08
-3.492765e+08
-2.865934e+08
0
-6.559785e+08
-4.683236e+08
-3.958977e+08
-3.468158e+08
-2.854396e+08
-6.492232e+08
-4.614998e+08
-3.913233e+08
-3.431119e+08
-2.831823e+08
-4.606738e+08
-3.859352e+08
-3.391534e+08
-2.805288e+08
-3.879309e+08
-3.353237e+08
-2.780788e+08
-3.392724e+08
-2.760503e+08
-2.811821e+08
0
0
0
0
-6.745745e+08
-4.771247e+08
-4.020518e+08
-3.505875e+08
-2.86139e+08
0
0
0
-6.731658e+08
-4.764727e+08
-4.017082e+08
-3.508377e+08
-2.864858e+08
0
0
-6.703879e+08
-4.748893e+08
-4.005737e+08
-3.500814e+08
-2.866144e+08
0
-6.645813e+08
-4.723933e+08
-3.986252e+08
-3.486305e+08
-2.859957e+08
-6.598396e+08
-4.676159e+08
-3.955609e+08
-3.461619e+08
-2.846089e+08
-4.65706e+08
-3.905494e+08
-3.42595e+08
-2.824086e+08
-3.909387e+08
-3.383588e+08
-2.798379e+08
-3.408634e+08
-2.773776e+08
-2.81619e+08
0
0
0
-6.74165e+08
-4.767143e+08
-4.016827e+08
-3.506312e+08
-2.861296e+08
0
0
-6.73123e+08
-4.760858e+08
-4.012763e+08
-3.504416e+08
-2.865378e+08
0
-6.698028e+08
-4.747508e+08
-4.001484e+08
-3.495785e+08
-2.86155e+08
-6.674368e+08
-4.718488e+08
-3.983972e+08
-3.481244e+08
-2.853734e+08
-4.707256e+08
-3.949497e+08
-3.457953e+08
-2.840057e+08
-3.943897e+08
-3.4191e+08
-2.818305e+08
-3.43031e+08
-2.792005e+08
-2.823964e+08
0
0
-6.74126e+08
-4.76359e+08
-4.012894e+08
-3.50273e+08
-2.861712e+08
0
-6.726433e+08
-4.759786e+08
-4.00914e+08
-3.500216e+08
-2.861584e+08
-6.720034e+08
-4.743187e+08
-3.999881e+08
-3.49173e+08
-2.856712e+08
-4.741645e+08
-3.979228e+08
-3.478748e+08
-2.849047e+08
-3.977932e+08
-3.4525e+08
-2.835917e+08
-3.455082e+08
-2.812778e+08
-2.834023e+08
0
-6.736948e+08
-4.762649e+08
-4.009561e+08
-3.498904e+08
-2.858282e+08
-6.74459e+08
-4.75617e+08
-4.007903e+08
-3.496752e+08
-2.857546e+08
-4.761206e+08
-3.996076e+08
-3.489972e+08
-2.852939e+08
-4.000461e+08
-3.474475e+08
-2.846209e+08
-3.479171e+08
-2.83146e+08
-2.84521e+08
-6.753354e+08
-4.759355e+08
-4.008479e+08
-3.495715e+08
-2.854607e+08
-4.771173e+08
-4.004692e+08
-3.495399e+08
-2.854313e+08
-4.012661e+08
-3.486513e+08
-2.850937e+08
-3.494441e+08
-2.842654e+08
-2.855502e+08
-4.772986e+08
-4.00554e+08
-3.494534e+08
-2.851623e+08
-4.018548e+08
-3.492463e+08
-2.852774e+08
-3.502152e+08
-2.848005e+08
-2.860708e+08
-4.018154e+08
-3.491835e+08
-2.850284e+08
-3.505559e+08
-2.850249e+08
-2.862207e+08
-3.503776e+08
-2.847944e+08
-2.862191e+08
-2.858859e+08
)
;

boundaryField
{
    cathodeSides
    {
        type            zeroGradient;
    }
    electrolyteSides
    {
        type            zeroGradient;
    }
    anodeSides
    {
        type            zeroGradient;
    }
    phiI_to_phiI0
    {
        type            zeroGradient;
    }
}


// ************************************************************************* //
