/*--------------------------------*- C++ -*----------------------------------*\
| =========                 |                                                 |
| \\      /  F ield         | OpenFOAM: The Open Source CFD Toolbox           |
|  \\    /   O peration     | Version:  2312                                  |
|   \\  /    A nd           | Website:  www.openfoam.com                      |
|    \\/     M anipulation  |                                                 |
\*---------------------------------------------------------------------------*/
FoamFile
{
    version     2.0;
    format      ascii;
    arch        "LSB;label=32;scalar=64";
    class       volScalarField;
    location    "20/air";
    object      j;
}
// * * * * * * * * * * * * * * * * * * * * * * * * * * * * * * * * * * * * * //

dimensions      [0 -3 0 0 0 1 0];

internalField   nonuniform List<scalar> 
16000
(
0
0
0
0
0
0
0
0
0
0
0
0
0
0
0
0
0
0
0
0
0
0
0
0
0
0
0
0
0
0
0
0
0
0
0
0
0
0
0
0
0
0
0
0
0
0
0
0
0
0
0
0
0
0
0
0
0
0
0
0
0
0
0
0
0
0
0
0
0
0
0
0
0
0
0
0
0
0
0
0
0
0
0
0
0
0
0
0
0
0
0
0
0
0
0
0
0
0
0
0
0
0
0
0
0
0
0
0
0
0
0
0
0
0
0
0
0
0
0
0
0
0
0
0
0
0
0
0
0
0
0
0
0
0
0
0
0
0
0
0
0
0
0
0
0
0
0
0
0
0
0
0
0
0
0
0
0
0
0
0
0
0
0
0
0
0
0
0
0
0
0
0
0
0
0
0
0
0
0
0
0
0
0
0
0
0
0
0
0
0
0
0
0
0
0
0
0
0
0
0
0
0
0
0
0
0
0
0
0
0
0
0
0
0
0
0
0
0
0
0
0
0
0
0
0
0
0
0
0
0
0
0
0
0
0
0
0
0
0
0
0
0
0
0
0
0
0
0
0
0
0
0
0
0
0
0
0
0
0
0
0
0
0
0
0
0
0
0
0
0
0
0
0
0
0
0
0
0
0
0
0
0
0
0
0
0
0
0
0
0
0
0
0
0
0
0
0
0
0
0
0
0
0
0
0
0
0
0
0
0
0
0
0
0
0
0
0
0
0
0
0
0
0
0
0
0
0
0
0
0
0
0
0
0
0
0
0
0
0
0
0
0
0
0
0
0
0
0
0
0
0
0
0
0
0
0
0
0
0
0
0
0
0
0
0
0
0
0
0
0
0
0
0
0
0
0
0
0
0
0
0
0
0
0
0
0
0
0
0
0
0
0
0
0
0
0
0
0
0
0
0
0
0
0
0
0
0
0
0
0
0
0
0
0
0
0
0
0
0
0
0
0
0
0
0
0
0
0
0
0
0
0
0
0
0
0
0
0
0
0
0
0
0
0
0
0
0
0
0
0
0
0
0
0
0
0
0
0
0
0
0
0
0
0
0
0
0
0
0
0
0
0
0
0
0
0
0
0
0
0
0
0
0
0
0
0
0
0
0
0
0
0
0
0
0
0
0
0
0
0
0
0
0
0
0
0
0
0
0
0
0
0
0
0
0
0
0
0
0
0
0
0
0
0
0
0
0
0
0
0
0
0
0
0
0
0
0
0
0
0
0
0
0
0
0
0
0
0
0
0
0
0
0
0
0
0
0
0
0
0
0
0
0
0
0
0
0
0
0
0
0
0
0
0
0
0
0
0
0
0
0
0
0
0
0
0
0
0
0
0
0
0
0
0
0
0
0
0
0
0
0
0
0
0
0
0
0
0
0
0
0
0
0
0
0
0
0
0
0
0
0
0
0
0
0
0
0
0
0
0
0
0
0
0
0
0
0
0
0
0
0
0
0
0
0
0
0
0
0
0
0
0
0
0
0
0
0
0
0
0
0
0
0
0
0
0
0
0
0
0
0
0
0
0
0
0
0
0
0
0
0
0
0
0
0
0
0
0
0
0
0
0
0
0
0
0
0
0
0
0
0
0
0
0
0
0
0
0
0
0
0
0
0
0
0
0
0
0
0
0
0
0
0
0
0
0
0
0
0
0
0
0
0
0
0
0
0
0
0
0
0
0
0
0
0
0
0
0
0
0
0
0
0
0
0
0
0
0
0
0
0
0
0
0
0
0
0
0
0
0
0
0
0
0
0
0
0
0
0
0
0
0
0
0
0
0
0
0
0
0
0
0
0
0
0
0
0
0
0
0
0
0
0
0
0
0
0
0
0
0
0
0
0
0
0
0
0
0
0
0
0
0
0
0
0
0
0
0
0
0
0
0
0
0
0
0
0
0
0
0
0
0
0
0
0
0
0
0
0
0
0
0
0
0
0
0
0
0
0
0
0
0
0
0
0
0
0
0
0
0
0
0
0
0
0
0
0
0
0
0
0
0
0
0
0
0
0
0
0
0
0
0
0
0
0
0
0
0
0
0
0
0
0
0
0
0
0
0
0
0
0
0
0
0
0
0
0
0
0
0
0
0
0
0
0
0
0
0
0
0
0
0
0
0
0
0
0
0
0
0
0
0
0
0
0
0
0
0
0
0
0
0
0
0
0
0
0
0
0
0
0
0
0
0
0
0
0
0
0
0
0
0
0
0
0
0
0
0
0
0
0
0
0
0
0
0
0
0
0
149263.5
0
0
0
0
0
0
0
0
0
0
0
0
0
0
0
0
0
0
0
0
0
0
0
0
0
0
0
0
0
0
0
0
0
0
0
0
0
0
0
0
0
0
0
0
0
0
0
0
0
0
0
0
0
0
0
0
0
0
0
0
0
0
0
0
0
0
0
0
0
0
0
0
0
0
0
0
0
0
0
0
0
0
0
0
0
0
0
0
0
0
0
0
0
0
0
0
0
0
0
0
0
0
0
0
0
0
0
0
0
0
0
0
0
0
0
0
0
0
0
0
0
0
0
0
0
0
0
0
0
0
0
0
0
0
0
0
0
0
0
0
0
0
0
0
0
0
0
0
0
0
0
0
0
0
0
0
0
0
0
0
0
0
149149.7
0
0
0
0
0
0
0
0
0
0
149921
149273.5
0
0
0
0
0
0
0
0
0
0
0
0
0
0
0
0
0
0
0
0
0
0
0
0
0
0
0
0
0
0
0
0
0
0
0
0
0
0
0
0
0
0
0
0
0
0
0
0
0
0
0
0
0
0
0
0
0
0
0
0
0
0
0
0
0
0
0
0
0
0
0
0
0
0
0
0
0
0
0
0
0
0
0
0
0
0
0
0
0
0
0
0
0
0
0
0
0
0
0
0
0
0
0
0
0
0
0
0
0
0
0
0
0
0
0
0
0
0
0
0
0
0
0
0
0
0
0
0
0
0
0
0
0
0
0
0
0
0
0
0
0
0
0
0
0
0
0
0
0
0
0
0
0
0
0
0
0
0
0
0
0
0
0
0
148978
0
0
0
0
0
0
0
0
0
0
149820.8
149159.9
0
0
0
0
0
0
0
0
0
0
150564.5
149936.5
149301.1
0
0
0
0
0
0
0
0
0
0
0
0
0
0
0
0
0
0
0
0
0
0
0
0
0
0
0
0
0
0
0
0
0
0
0
0
0
0
0
0
0
0
0
0
0
0
0
0
0
0
0
0
0
0
0
0
0
0
0
0
0
0
0
0
0
0
0
0
0
0
0
0
0
0
0
0
0
0
0
0
0
0
0
0
0
0
0
0
0
0
0
0
0
0
0
0
0
0
0
0
0
0
0
0
0
0
0
0
0
0
0
0
0
0
0
0
0
0
0
0
0
0
0
0
0
0
0
0
0
0
0
0
0
0
0
0
0
0
0
0
0
0
0
0
0
0
0
0
0
0
0
0
0
0
0
0
0
0
0
0
0
0
0
0
0
148718.9
0
0
0
0
0
0
0
0
0
0
149675.1
148988.4
0
0
0
0
0
0
0
0
0
0
150471.4
149836.1
149187.8
0
0
0
0
0
0
0
0
0
0
151110.3
150586.4
149965.7
149345
0
0
0
0
0
0
0
0
0
0
0
0
0
0
0
0
0
0
0
0
0
0
0
0
0
0
0
0
0
0
0
0
0
0
0
0
0
0
0
0
0
0
0
0
0
0
0
0
0
0
0
0
0
0
0
0
0
0
0
0
0
0
0
0
0
0
0
0
0
0
0
0
0
0
0
0
0
0
0
0
0
0
0
0
0
0
0
0
0
0
0
0
0
0
0
0
0
0
0
0
0
0
0
0
0
0
0
0
0
0
0
0
0
0
0
0
0
0
0
0
0
0
0
0
0
0
0
0
0
0
0
0
0
0
0
0
0
0
0
0
0
0
0
0
0
0
0
0
0
0
0
0
0
0
0
0
0
0
0
0
0
0
0
0
0
148361.1
0
0
0
0
0
0
0
0
0
0
149453.7
148728.4
0
0
0
0
0
0
0
0
0
0
150337.4
149690.1
149016.6
0
0
0
0
0
0
0
0
0
0
151018.3
150492.4
149864.8
149231.1
0
0
0
0
0
0
0
0
0
0
151586.3
151137.3
150616.2
150009
149406.8
0
0
0
0
0
0
0
0
0
0
0
0
0
0
0
0
0
0
0
0
0
0
0
0
0
0
0
0
0
0
0
0
0
0
0
0
0
0
0
0
0
0
0
0
0
0
0
0
0
0
0
0
0
0
0
0
0
0
0
0
0
0
0
0
0
0
0
0
0
0
0
0
0
0
0
0
0
0
0
0
0
0
0
0
0
0
0
0
0
0
0
0
0
0
0
0
0
0
0
0
0
0
0
0
0
0
0
0
0
0
0
0
0
0
0
0
0
0
0
0
0
0
0
0
0
0
0
0
0
0
0
0
0
0
0
0
0
0
0
0
0
0
0
0
0
0
0
0
0
0
0
0
0
0
0
0
0
0
0
0
0
0
0
0
0
147936.9
0
0
0
0
0
0
0
0
0
0
149138.6
148369.9
0
0
0
0
0
0
0
0
0
0
150129.4
149469
148757.1
0
0
0
0
0
0
0
0
0
0
150892.2
150358.1
149718.8
149059.4
0
0
0
0
0
0
0
0
0
0
151495.2
151044.1
150522.2
149909.5
149294.1
0
0
0
0
0
0
0
0
0
0
152058.3
151616.9
151167.3
150659.2
150070.3
0
0
0
0
0
0
0
0
0
0
0
0
0
0
0
0
0
0
0
0
0
0
0
0
0
0
0
0
0
0
0
0
0
0
0
0
0
0
0
0
0
0
0
0
0
0
0
0
0
0
0
0
0
0
0
0
0
0
0
0
0
0
0
0
0
0
0
0
0
0
0
0
0
0
0
0
0
0
0
0
0
0
0
0
0
0
0
0
0
0
0
0
0
0
0
0
0
0
0
0
0
0
0
0
0
0
0
0
0
0
0
0
0
0
0
0
0
0
0
0
0
0
0
0
0
0
0
0
0
0
0
0
0
0
0
0
0
0
0
0
0
0
0
0
0
0
0
0
0
0
0
0
0
0
0
147539
0
0
0
0
0
0
0
0
0
0
0
0
0
0
0
0
0
0
0
0
148756.9
147945.2
0
0
0
0
0
0
0
0
0
0
149833.5
149152.8
148397.9
0
0
0
0
0
0
0
0
0
0
150694.2
150149.8
149497.4
148799.8
0
0
0
0
0
0
0
0
0
0
151370.4
150917.6
150387.2
149762.4
149121.1
0
0
0
0
0
0
0
0
0
0
151967.6
151524.5
151074.4
150567
149972.2
0
0
0
0
0
0
0
0
0
0
152573.7
152088.3
151647.1
151210.6
150721.6
0
0
0
0
0
0
0
0
0
0
0
0
0
0
0
0
0
0
0
0
0
0
0
0
0
0
0
0
0
0
0
0
0
0
0
0
0
0
0
0
0
0
0
0
0
0
0
0
0
0
0
0
0
0
0
0
0
0
0
0
0
0
0
0
0
0
0
0
0
0
0
0
0
0
0
0
0
0
0
0
0
0
0
0
0
0
0
0
0
0
0
0
0
0
0
0
0
0
0
0
0
0
0
0
0
0
0
0
0
0
0
0
0
0
0
0
0
0
0
0
0
0
0
0
0
0
0
0
0
0
0
0
0
0
0
0
0
0
0
0
0
0
0
0
0
147223.9
0
0
0
0
0
0
0
0
0
0
0
0
0
0
0
0
0
0
0
0
148390.4
147546.1
0
0
0
0
0
0
0
0
0
0
0
0
0
0
0
0
0
0
0
0
149471.2
148770.1
147972.8
0
0
0
0
0
0
0
0
0
0
150410.2
149853.1
149181.7
148440.9
0
0
0
0
0
0
0
0
0
0
151179.2
150719.1
150178.9
149540.6
148860.9
0
0
0
0
0
0
0
0
0
0
151842.5
151399
150947
150431.7
149825.7
0
0
0
0
0
0
0
0
0
0
152480.9
151996.3
151555.1
151119.5
150629.9
0
0
0
0
0
0
0
0
0
0
153082.4
152602.4
152118.7
151690.7
151274.1
0
0
0
0
0
0
0
0
0
0
0
0
0
0
0
0
0
0
0
0
0
0
0
0
0
0
0
0
0
0
0
0
0
0
0
0
0
0
0
0
0
0
0
0
0
0
0
0
0
0
0
0
0
0
0
0
0
0
0
0
0
0
0
0
0
0
0
0
0
0
0
0
0
0
0
0
0
0
0
0
0
0
0
0
0
0
0
0
0
0
0
0
0
0
0
0
0
0
0
0
0
0
0
0
0
0
0
0
0
0
0
0
0
0
0
0
0
0
0
0
0
0
0
0
0
0
0
0
0
0
0
0
0
0
0
147013
0
0
0
0
0
0
0
0
0
0
0
0
0
0
0
0
0
0
0
0
148096.4
147231.3
0
0
0
0
0
0
0
0
0
0
0
0
0
0
0
0
0
0
0
0
149122.2
148403.1
147573.6
0
0
0
0
0
0
0
0
0
0
0
0
0
0
0
0
0
0
0
0
150061.5
149489.6
148798.3
148015.5
0
0
0
0
0
0
0
0
0
0
150901
150434.2
149882.2
149224.7
148501.9
0
0
0
0
0
0
0
0
0
0
151649
151207.4
150748.5
150222.5
149602.7
0
0
0
0
0
0
0
0
0
0
152354.3
151870.4
151428.8
150992.1
150495.5
0
0
0
0
0
0
0
0
0
0
152988.8
152508.4
152027.2
151600.6
151182.9
0
0
0
0
0
0
0
0
0
0
153558
153110.4
152633.2
152162.8
151755.1
0
0
0
0
0
0
0
0
0
0
0
0
0
0
0
0
0
0
0
0
0
0
0
0
0
0
0
0
0
0
0
0
0
0
0
0
0
0
0
0
0
0
0
0
0
0
0
0
0
0
0
0
0
0
0
0
0
0
0
0
0
0
0
0
0
0
0
0
0
0
0
0
0
0
0
0
0
0
0
0
0
0
0
0
0
0
0
0
0
0
0
0
0
0
0
0
0
0
0
0
0
0
0
0
0
0
0
0
0
0
0
0
0
0
0
0
0
0
0
0
0
0
0
0
0
146908.2
0
0
0
0
0
0
0
0
0
0
0
0
0
0
0
0
0
0
0
0
147898.2
147020
0
0
0
0
0
0
0
0
0
0
0
0
0
0
0
0
0
0
0
0
148838.4
148108.6
147258.8
0
0
0
0
0
0
0
0
0
0
0
0
0
0
0
0
0
0
0
0
149719.5
149139.8
148430.9
147616.5
0
0
0
0
0
0
0
0
0
0
0
0
0
0
0
0
0
0
0
0
150557.2
150084.2
149518.3
148841.5
148076.5
0
0
0
0
0
0
0
0
0
0
151370.5
150928.2
150463.7
149925.7
149286
0
0
0
0
0
0
0
0
0
0
152160.2
151676.6
151237
150792.6
150285.6
0
0
0
0
0
0
0
0
0
0
152861.6
152381.1
151900.5
151474.3
151056.4
0
0
0
0
0
0
0
0
0
0
153467.7
153015.6
152539.8
152073
151664.5
0
0
0
0
0
0
0
0
0
0
153990.1
153585.8
153141.7
152677.9
152227.9
0
0
0
0
0
0
0
0
0
0
0
0
0
0
0
0
0
0
0
0
0
0
0
0
0
0
0
0
0
0
0
0
0
0
0
0
0
0
0
0
0
0
0
0
0
0
0
0
0
0
0
0
0
0
0
0
0
0
0
0
0
0
0
0
0
0
0
0
0
0
0
0
0
0
0
0
0
0
0
0
0
0
0
0
0
0
0
0
0
0
0
0
0
0
0
0
0
0
0
0
0
0
0
0
0
0
0
0
0
0
0
0
0
0
146908.2
0
0
0
0
0
0
0
0
0
0
0
0
0
0
0
0
0
0
0
0
147798.6
146914.9
0
0
0
0
0
0
0
0
0
0
0
0
0
0
0
0
0
0
0
0
148645.4
147910.2
147047.3
0
0
0
0
0
0
0
0
0
0
0
0
0
0
0
0
0
0
0
0
149443.4
148855.5
148136.1
147300.9
0
0
0
0
0
0
0
0
0
0
0
0
0
0
0
0
0
0
0
0
150222.9
149741.3
149167.9
148473.6
147676.8
0
0
0
0
0
0
0
0
0
0
0
0
0
0
0
0
0
0
0
0
151028.4
150582.9
150113.2
149561.9
148902.8
0
0
0
0
0
0
0
0
0
0
151880.3
151397.1
150957.9
150507.6
149987.6
0
0
0
0
0
0
0
0
0
0
152667.1
152186.6
151706.5
151281.6
150856.4
0
0
0
0
0
0
0
0
0
0
153343.8
152887.7
152411.6
151946.5
151539.1
0
0
0
0
0
0
0
0
0
0
153895.9
153494.4
153047.5
152586.2
152137.5
0
0
0
0
0
0
0
0
0
0
154381.2
154018.2
153617.8
153187.4
152744
0
0
0
0
0
0
0
0
0
0
0
0
0
0
0
0
0
0
0
0
0
0
0
0
0
0
0
0
0
0
0
0
0
0
0
0
0
0
0
0
0
0
0
0
0
0
0
0
0
0
0
0
0
0
0
0
0
0
0
0
0
0
0
0
0
0
0
0
0
0
0
0
0
0
0
0
0
0
0
0
0
0
0
0
0
0
0
0
0
0
0
0
0
0
0
0
0
0
0
0
0
0
147013
0
0
0
0
0
0
0
0
0
0
0
0
0
0
0
0
0
0
0
0
147798.6
146914.9
0
0
0
0
0
0
0
0
0
0
0
0
0
0
0
0
0
0
0
0
148550.1
147810.4
146942.2
0
0
0
0
0
0
0
0
0
0
0
0
0
0
0
0
0
0
0
0
149253
148662.2
147937.5
147089.3
0
0
0
0
0
0
0
0
0
0
0
0
0
0
0
0
0
0
0
0
149950.3
149464.7
148883.3
148178.6
147361.2
0
0
0
0
0
0
0
0
0
0
0
0
0
0
0
0
0
0
0
0
150690.8
150247.8
149769.8
149211.2
148534.8
0
0
0
0
0
0
0
0
0
0
0
0
0
0
0
0
0
0
0
0
151532.4
151053.7
150612.3
150157.2
149623.7
0
0
0
0
0
0
0
0
0
0
152385.2
151905.8
151427.1
151002.2
150570.2
0
0
0
0
0
0
0
0
0
0
153148.7
152692.9
152217
151751.6
151345.9
0
0
0
0
0
0
0
0
0
0
153766.2
153369.8
152918.9
152458.3
152011.9
0
0
0
0
0
0
0
0
0
0
154287.8
153922.9
153527
153094.9
152651.6
0
0
0
0
0
0
0
0
0
0
154739.8
154410.1
154050.8
153664.5
153254.7
0
0
0
0
0
0
0
0
0
0
0
0
0
0
0
0
0
0
0
0
0
0
0
0
0
0
0
0
0
0
0
0
0
0
0
0
0
0
0
0
0
0
0
0
0
0
0
0
0
0
0
0
0
0
0
0
0
0
0
0
0
0
0
0
0
0
0
0
0
0
0
0
0
0
0
0
0
0
0
0
0
0
0
0
0
0
0
0
0
147223.9
0
0
0
0
0
0
0
0
0
0
0
0
0
0
0
0
0
0
0
0
147898.2
147020
0
0
0
0
0
0
0
0
0
0
0
0
0
0
0
0
0
0
0
0
148550.1
147810.4
146942.2
0
0
0
0
0
0
0
0
0
0
0
0
0
0
0
0
0
0
0
0
149156.7
148566.9
147837.7
146984.1
0
0
0
0
0
0
0
0
0
0
0
0
0
0
0
0
0
0
0
0
149762.8
149274
148689.9
147979.8
147149.6
0
0
0
0
0
0
0
0
0
0
0
0
0
0
0
0
0
0
0
0
150416.4
149974.7
149492.8
148926.3
148239.4
0
0
0
0
0
0
0
0
0
0
0
0
0
0
0
0
0
0
0
0
151191.3
150715.2
150276.6
149813.5
149272.9
0
0
0
0
0
0
0
0
0
0
0
0
0
0
0
0
0
0
0
0
152035
151556.6
151083.3
150656.7
150219.6
0
0
0
0
0
0
0
0
0
0
152862.6
152410.1
151936.3
151471.9
151065.4
0
0
0
0
0
0
0
0
0
0
153570
153174.3
152723.8
152262.7
151816.6
0
0
0
0
0
0
0
0
0
0
154160
153792.4
153401.6
152966.4
152524.5
0
0
0
0
0
0
0
0
0
0
154648.6
154315.6
153956.2
153575.5
153161.5
0
0
0
0
0
0
0
0
0
0
155066.7
154769.8
154443.5
154098.7
153733.4
0
0
0
0
0
0
0
0
0
0
0
0
0
0
0
0
0
0
0
0
0
0
0
0
0
0
0
0
0
0
0
0
0
0
0
0
0
0
0
0
0
0
0
0
0
0
0
0
0
0
0
0
0
0
0
0
0
0
0
0
0
0
0
0
0
0
0
0
0
0
0
0
0
0
0
147539
0
0
0
0
0
0
0
0
0
0
0
0
0
0
0
0
0
0
0
0
148096.4
147231.3
0
0
0
0
0
0
0
0
0
0
0
0
0
0
0
0
0
0
0
0
148645.4
147910.2
147047.3
0
0
0
0
0
0
0
0
0
0
0
0
0
0
0
0
0
0
0
0
149156.7
148566.9
147837.7
146984.1
0
0
0
0
0
0
0
0
0
0
0
0
0
0
0
0
0
0
0
0
149669.1
149177.7
148594.4
147880.1
147044.2
0
0
0
0
0
0
0
0
0
0
0
0
0
0
0
0
0
0
0
0
150228.4
149787
149302
148732.7
148040.5
0
0
0
0
0
0
0
0
0
0
0
0
0
0
0
0
0
0
0
0
150912.7
150440.3
150003.1
149536.3
148987.7
0
0
0
0
0
0
0
0
0
0
0
0
0
0
0
0
0
0
0
0
151690.8
151214.6
150744.4
150320.8
149875.8
0
0
0
0
0
0
0
0
0
0
0
0
0
0
0
0
0
0
0
0
152510.9
152058.5
151586.6
151128.2
150719.6
0
0
0
0
0
0
0
0
0
0
153283.6
152887.3
152441.1
151981.7
151535.7
0
0
0
0
0
0
0
0
0
0
153967.3
153595.9
153205.9
152770.4
152328.6
0
0
0
0
0
0
0
0
0
0
154526.3
154187
153825
153450.2
153033.9
0
0
0
0
0
0
0
0
0
0
154976.7
154677.5
154349.7
154005.7
153643.5
0
0
0
0
0
0
0
0
0
0
155373.2
155097.9
154804.1
154492.6
154168.9
0
0
0
0
0
0
0
0
0
0
0
0
0
0
0
0
0
0
0
0
0
0
0
0
0
0
0
0
0
0
0
0
0
0
0
0
0
0
0
0
0
0
0
0
0
0
0
0
0
0
0
0
0
0
0
0
0
0
0
0
147936.9
0
0
0
0
0
0
0
0
0
0
0
0
0
0
0
0
0
0
0
0
148390.4
147546.1
0
0
0
0
0
0
0
0
0
0
0
0
0
0
0
0
0
0
0
0
148838.4
148108.6
147258.8
0
0
0
0
0
0
0
0
0
0
0
0
0
0
0
0
0
0
0
0
149253
148662.2
147937.5
147089.3
0
0
0
0
0
0
0
0
0
0
0
0
0
0
0
0
0
0
0
0
149669.1
149177.7
148594.4
147880.1
147044.2
0
0
0
0
0
0
0
0
0
0
0
0
0
0
0
0
0
0
0
0
150133.7
149693.1
149205.6
148637.2
147940.4
0
0
0
0
0
0
0
0
0
0
0
0
0
0
0
0
0
0
0
0
150721.3
150252.1
149815.3
149345.3
148793.9
0
0
0
0
0
0
0
0
0
0
0
0
0
0
0
0
0
0
0
0
151410.2
150935.5
150469.1
150047
149598.3
0
0
0
0
0
0
0
0
0
0
0
0
0
0
0
0
0
0
0
0
152167.1
151713.4
151244.1
150789
150383.5
0
0
0
0
0
0
0
0
0
0
0
0
0
0
0
0
0
0
0
0
152934.6
152534.3
152089.1
151632.1
151191.7
0
0
0
0
0
0
0
0
0
0
153687.5
153308.7
152919
152487.3
152046.3
0
0
0
0
0
0
0
0
0
0
154333.2
153993.9
153628.2
153253.6
152837.5
0
0
0
0
0
0
0
0
0
0
154857.2
154554.5
154220.4
153874.7
153519
0
0
0
0
0
0
0
0
0
0
155284
155006.8
154712.5
154400.4
154075.1
0
0
0
0
0
0
0
0
0
0
155654.4
155405.5
155133.2
154854.6
154564.5
0
0
0
0
0
0
0
0
0
0
0
0
0
0
0
0
0
0
0
0
0
0
0
0
0
0
0
0
0
0
0
0
0
0
0
0
0
0
0
0
0
0
0
0
148361.1
0
0
0
0
0
0
0
0
0
0
0
0
0
0
0
0
0
0
0
0
148756.9
147945.2
0
0
0
0
0
0
0
0
0
0
0
0
0
0
0
0
0
0
0
0
149122.2
148403.1
147573.6
0
0
0
0
0
0
0
0
0
0
0
0
0
0
0
0
0
0
0
0
149443.4
148855.5
148136.1
147300.9
0
0
0
0
0
0
0
0
0
0
0
0
0
0
0
0
0
0
0
0
149762.8
149274
148689.9
147979.8
147149.6
0
0
0
0
0
0
0
0
0
0
0
0
0
0
0
0
0
0
0
0
150133.7
149693.1
149205.6
148637.2
147940.4
0
0
0
0
0
0
0
0
0
0
0
0
0
0
0
0
0
0
0
0
150625
150157.3
149721.3
149248.8
148698.2
0
0
0
0
0
0
0
0
0
0
0
0
0
0
0
0
0
0
0
0
151217.7
150743.9
150280.7
149859
149407.1
0
0
0
0
0
0
0
0
0
0
0
0
0
0
0
0
0
0
0
0
151887.1
151432.4
150964.7
150513.5
150109.5
0
0
0
0
0
0
0
0
0
0
0
0
0
0
0
0
0
0
0
0
152594.1
152189.6
151743.5
151289.4
150852.4
0
0
0
0
0
0
0
0
0
0
0
0
0
0
0
0
0
0
0
0
153343
152958.3
152565.6
152135.5
151696.4
0
0
0
0
0
0
0
0
0
0
154056.4
153713.3
153341.1
152966.3
152553.2
0
0
0
0
0
0
0
0
0
0
154670
154360.9
154027
153677
153322
0
0
0
0
0
0
0
0
0
0
155164.8
154886.5
154588.8
154271.3
153944.9
0
0
0
0
0
0
0
0
0
0
155566.6
155315.1
155042.8
154764.6
154471.5
0
0
0
0
0
0
0
0
0
0
155917.8
155687.4
155441.9
155185.2
154928.3
0
0
0
0
0
0
0
0
0
0
0
0
0
0
0
0
0
0
0
0
0
0
0
0
0
0
0
0
0
0
0
0
0
0
0
0
0
148718.9
0
0
0
0
0
0
0
0
0
0
149138.6
148369.9
0
0
0
0
0
0
0
0
0
0
0
0
0
0
0
0
0
0
0
0
149471.2
148770.1
147972.8
0
0
0
0
0
0
0
0
0
0
0
0
0
0
0
0
0
0
0
0
149719.5
149139.8
148430.9
147616.5
0
0
0
0
0
0
0
0
0
0
0
0
0
0
0
0
0
0
0
0
149950.3
149464.7
148883.3
148178.6
147361.2
0
0
0
0
0
0
0
0
0
0
0
0
0
0
0
0
0
0
0
0
150228.4
149787
149302
148732.7
148040.5
0
0
0
0
0
0
0
0
0
0
0
0
0
0
0
0
0
0
0
0
150625
150157.3
149721.3
149248.8
148698.2
0
0
0
0
0
0
0
0
0
0
0
0
0
0
0
0
0
0
0
0
151120.8
150647.4
150185.8
149765
149310.5
0
0
0
0
0
0
0
0
0
0
0
0
0
0
0
0
0
0
0
0
151695.1
151239.7
150772.9
150324.9
149921.4
0
0
0
0
0
0
0
0
0
0
0
0
0
0
0
0
0
0
0
0
152316.9
151909.1
151462.1
151009.7
150576.6
0
0
0
0
0
0
0
0
0
0
0
0
0
0
0
0
0
0
0
0
153005.3
152617
152220.4
151789.7
151353.6
0
0
0
0
0
0
0
0
0
0
0
0
0
0
0
0
0
0
0
0
153716.3
153367.4
152990.3
152613.1
152200.9
0
0
0
0
0
0
0
0
0
0
154397.1
154083.2
153746.5
153389.6
153033.6
0
0
0
0
0
0
0
0
0
0
154978.9
154698.9
154394.9
154077.1
153746.9
0
0
0
0
0
0
0
0
0
0
155450.2
155195.1
154921.8
154641.1
154343.2
0
0
0
0
0
0
0
0
0
0
155831.1
155598.4
155352.2
155096.4
154837.5
0
0
0
0
0
0
0
0
0
0
156166.1
155951.3
155725
155495.6
155261
0
0
0
0
0
0
0
0
0
0
0
0
0
0
0
0
0
0
0
0
0
0
0
0
0
0
0
0
0
148978
0
0
0
0
0
0
0
0
0
0
149453.7
148728.4
0
0
0
0
0
0
0
0
0
0
149833.5
149152.8
148397.9
0
0
0
0
0
0
0
0
0
0
0
0
0
0
0
0
0
0
0
0
150061.5
149489.6
148798.3
148015.5
0
0
0
0
0
0
0
0
0
0
0
0
0
0
0
0
0
0
0
0
150222.9
149741.3
149167.9
148473.6
147676.8
0
0
0
0
0
0
0
0
0
0
0
0
0
0
0
0
0
0
0
0
150416.4
149974.7
149492.8
148926.3
148239.4
0
0
0
0
0
0
0
0
0
0
0
0
0
0
0
0
0
0
0
0
150721.3
150252.1
149815.3
149345.3
148793.9
0
0
0
0
0
0
0
0
0
0
0
0
0
0
0
0
0
0
0
0
151120.8
150647.4
150185.8
149765
149310.5
0
0
0
0
0
0
0
0
0
0
0
0
0
0
0
0
0
0
0
0
151598.4
151142.7
150676.3
150229.9
149827.3
0
0
0
0
0
0
0
0
0
0
0
0
0
0
0
0
0
0
0
0
152126.8
151716.9
151269.2
150817.8
150387.8
0
0
0
0
0
0
0
0
0
0
0
0
0
0
0
0
0
0
0
0
152727.9
152339.3
151939.6
151508
151073.6
0
0
0
0
0
0
0
0
0
0
0
0
0
0
0
0
0
0
0
0
153382.9
153028.9
152648.5
152267.6
151855
0
0
0
0
0
0
0
0
0
0
0
0
0
0
0
0
0
0
0
0
154059.2
153741.7
153400.3
153038.9
152679.9
0
0
0
0
0
0
0
0
0
0
154710.4
154425.2
154117.2
153796.2
153458.3
0
0
0
0
0
0
0
0
0
0
155266.8
155008.8
154733.9
154446.5
154148.6
0
0
0
0
0
0
0
0
0
0
155716.7
155481.3
155231.6
154975.7
154714.7
0
0
0
0
0
0
0
0
0
0
156080.1
155863.5
155636.8
155407.6
155171.3
0
0
0
0
0
0
0
0
0
0
156398
156200.3
155990.4
155780.7
155573.7
0
0
0
0
0
0
0
0
0
0
0
0
0
0
0
0
0
0
0
0
149149.7
0
0
0
0
0
0
0
0
0
0
149675.1
148988.4
0
0
0
0
0
0
0
0
0
0
150129.4
149469
148757.1
0
0
0
0
0
0
0
0
0
0
150410.2
149853.1
149181.7
148440.9
0
0
0
0
0
0
0
0
0
0
0
0
0
0
0
0
0
0
0
0
150557.2
150084.2
149518.3
148841.5
148076.5
0
0
0
0
0
0
0
0
0
0
0
0
0
0
0
0
0
0
0
0
150690.8
150247.8
149769.8
149211.2
148534.8
0
0
0
0
0
0
0
0
0
0
0
0
0
0
0
0
0
0
0
0
150912.7
150440.3
150003.1
149536.3
148987.7
0
0
0
0
0
0
0
0
0
0
0
0
0
0
0
0
0
0
0
0
151217.7
150743.9
150280.7
149859
149407.1
0
0
0
0
0
0
0
0
0
0
0
0
0
0
0
0
0
0
0
0
151598.4
151142.7
150676.3
150229.9
149827.3
0
0
0
0
0
0
0
0
0
0
0
0
0
0
0
0
0
0
0
0
152031.1
151620.2
151172.1
150721.1
150292.8
0
0
0
0
0
0
0
0
0
0
0
0
0
0
0
0
0
0
0
0
152538.8
152149
151747.2
151315
150881.6
0
0
0
0
0
0
0
0
0
0
0
0
0
0
0
0
0
0
0
0
153108.6
152751
152370.5
151986.6
151573.1
0
0
0
0
0
0
0
0
0
0
0
0
0
0
0
0
0
0
0
0
153730.1
153407.4
153061.2
152696.9
152334.3
0
0
0
0
0
0
0
0
0
0
0
0
0
0
0
0
0
0
0
0
154379.5
154085.8
153775.5
153450.1
153107.2
0
0
0
0
0
0
0
0
0
0
155002.4
154739.5
154460.3
154168.4
153866.6
0
0
0
0
0
0
0
0
0
0
155536.5
155297.4
155044.9
154787
154519.8
0
0
0
0
0
0
0
0
0
0
155966.3
155748.3
155519
155287.2
155051.3
0
0
0
0
0
0
0
0
0
0
156314.5
156113.1
155903.3
155694.1
155484.7
0
0
0
0
0
0
0
0
0
0
156619.1
156432.8
156241
156048.3
155861.3
0
0
0
0
0
0
0
0
0
0
149263.5
0
0
0
0
0
0
0
0
0
0
149820.8
149159.9
0
0
0
0
0
0
0
0
0
0
150337.4
149690.1
149016.6
0
0
0
0
0
0
0
0
0
0
150694.2
150149.8
149497.4
148799.8
0
0
0
0
0
0
0
0
0
0
150901
150434.2
149882.2
149224.7
148501.9
0
0
0
0
0
0
0
0
0
0
0
0
0
0
0
0
0
0
0
0
151028.4
150582.9
150113.2
149561.9
148902.8
0
0
0
0
0
0
0
0
0
0
0
0
0
0
0
0
0
0
0
0
151191.3
150715.2
150276.6
149813.5
149272.9
0
0
0
0
0
0
0
0
0
0
0
0
0
0
0
0
0
0
0
0
151410.2
150935.5
150469.1
150047
149598.3
0
0
0
0
0
0
0
0
0
0
0
0
0
0
0
0
0
0
0
0
151695.1
151239.7
150772.9
150324.9
149921.4
0
0
0
0
0
0
0
0
0
0
0
0
0
0
0
0
0
0
0
0
152031.1
151620.2
151172.1
150721.1
150292.8
0
0
0
0
0
0
0
0
0
0
0
0
0
0
0
0
0
0
0
0
152443.8
152053.1
151650.3
151217.8
150784.8
0
0
0
0
0
0
0
0
0
0
0
0
0
0
0
0
0
0
0
0
152921.7
152561.7
152180
151794
151379.9
0
0
0
0
0
0
0
0
0
0
0
0
0
0
0
0
0
0
0
0
153462
153132.7
152783.1
152418.6
152053.1
0
0
0
0
0
0
0
0
0
0
0
0
0
0
0
0
0
0
0
0
154053.4
153755.8
153440.7
153110.9
152765
0
0
0
0
0
0
0
0
0
0
0
0
0
0
0
0
0
0
0
0
154676.5
154407.1
154120.6
153826.8
153520.1
0
0
0
0
0
0
0
0
0
0
155276.4
155032.1
154775.7
154513
154240.6
0
0
0
0
0
0
0
0
0
0
155790.9
155567.7
155334.8
155099.8
154862.4
0
0
0
0
0
0
0
0
0
0
156204.1
155998.5
155787.5
155576.6
155365.1
0
0
0
0
0
0
0
0
0
0
156537.1
156348.3
156154.7
155962.9
155773.8
0
0
0
0
0
0
0
0
0
0
156819.9
156654.8
156475.5
156301.6
156131.9
0
0
0
0
0
0
0
0
0
0
149921
149273.5
0
0
0
0
0
0
0
0
0
0
150471.4
149836.1
149187.8
0
0
0
0
0
0
0
0
0
0
150892.2
150358.1
149718.8
149059.4
0
0
0
0
0
0
0
0
0
0
151179.2
150719.1
150178.9
149540.6
148860.9
0
0
0
0
0
0
0
0
0
0
151370.5
150928.2
150463.7
149925.7
149286
0
0
0
0
0
0
0
0
0
0
0
0
0
0
0
0
0
0
0
0
151532.4
151053.7
150612.3
150157.2
149623.7
0
0
0
0
0
0
0
0
0
0
0
0
0
0
0
0
0
0
0
0
151690.8
151214.6
150744.4
150320.8
149875.8
0
0
0
0
0
0
0
0
0
0
0
0
0
0
0
0
0
0
0
0
151887.1
151432.4
150964.7
150513.5
150109.5
0
0
0
0
0
0
0
0
0
0
0
0
0
0
0
0
0
0
0
0
152126.8
151716.9
151269.2
150817.8
150387.8
0
0
0
0
0
0
0
0
0
0
0
0
0
0
0
0
0
0
0
0
152443.8
152053.1
151650.3
151217.8
150784.8
0
0
0
0
0
0
0
0
0
0
0
0
0
0
0
0
0
0
0
0
152828
152466.6
152084.1
151697.1
151282.7
0
0
0
0
0
0
0
0
0
0
0
0
0
0
0
0
0
0
0
0
153278.2
152945.6
152593.6
152228
151860.3
0
0
0
0
0
0
0
0
0
0
0
0
0
0
0
0
0
0
0
0
153788.4
153487.3
153165.8
152832.6
152486.6
0
0
0
0
0
0
0
0
0
0
0
0
0
0
0
0
0
0
0
0
154355.4
154080
153790.2
153491.9
153180.7
0
0
0
0
0
0
0
0
0
0
0
0
0
0
0
0
0
0
0
0
154955.9
154704.8
154443.1
154173.6
153898.6
0
0
0
0
0
0
0
0
0
0
155535.7
155306.7
155069.7
154830.3
154587.4
0
0
0
0
0
0
0
0
0
0
156032
155822.7
155606.6
155391.7
155177.6
0
0
0
0
0
0
0
0
0
0
156428.3
156237
156039.5
155847.5
155657
0
0
0
0
0
0
0
0
0
0
156737.8
156571.7
156391.8
156217
156045.6
0
0
0
0
0
0
0
0
0
0
157000
156856.5
156699.8
156539.2
156388.6
0
0
0
0
0
0
0
0
0
0
150564.5
149936.5
149301.1
0
0
0
0
0
0
0
0
0
0
151018.3
150492.4
149864.8
149231.1
0
0
0
0
0
0
0
0
0
0
151370.4
150917.6
150387.2
149762.4
149121.1
0
0
0
0
0
0
0
0
0
0
151649
151207.4
150748.5
150222.5
149602.7
0
0
0
0
0
0
0
0
0
0
151880.3
151397.1
150957.9
150507.6
149987.6
0
0
0
0
0
0
0
0
0
0
0
0
0
0
0
0
0
0
0
0
152035
151556.6
151083.3
150656.7
150219.6
0
0
0
0
0
0
0
0
0
0
0
0
0
0
0
0
0
0
0
0
152167.1
151713.4
151244.1
150789
150383.5
0
0
0
0
0
0
0
0
0
0
0
0
0
0
0
0
0
0
0
0
152316.9
151909.1
151462.1
151009.7
150576.6
0
0
0
0
0
0
0
0
0
0
0
0
0
0
0
0
0
0
0
0
152538.8
152149
151747.2
151315
150881.6
0
0
0
0
0
0
0
0
0
0
0
0
0
0
0
0
0
0
0
0
152828
152466.6
152084.1
151697.1
151282.7
0
0
0
0
0
0
0
0
0
0
0
0
0
0
0
0
0
0
0
0
153185.5
152851.8
152498.4
152132
151763.4
0
0
0
0
0
0
0
0
0
0
0
0
0
0
0
0
0
0
0
0
153607
153303.3
152978.5
152642.9
152295.9
0
0
0
0
0
0
0
0
0
0
0
0
0
0
0
0
0
0
0
0
154094.1
153814.6
153521.4
153216.8
152902.3
0
0
0
0
0
0
0
0
0
0
0
0
0
0
0
0
0
0
0
0
154640.1
154382.7
154115.7
153843.1
153563.6
0
0
0
0
0
0
0
0
0
0
0
0
0
0
0
0
0
0
0
0
155220.3
154984.8
154742.2
154497.9
154247.6
0
0
0
0
0
0
0
0
0
0
155780.8
155566.6
155345.9
155126.3
154907
0
0
0
0
0
0
0
0
0
0
156258.7
156064.5
155863.4
155665.9
155472.1
0
0
0
0
0
0
0
0
0
0
156630.8
156462.2
156280
156102.2
155930.9
0
0
0
0
0
0
0
0
0
0
156920.2
156773.4
156617.6
156457.2
156303.1
0
0
0
0
0
0
0
0
0
0
157156.2
157037.7
156904.2
156767.1
156630.2
0
0
0
0
0
0
0
0
0
0
151110.3
150586.4
149965.7
149345
0
0
0
0
0
0
0
0
0
0
151495.2
151044.1
150522.2
149909.5
149294.1
0
0
0
0
0
0
0
0
0
0
151842.5
151399
150947
150431.7
149825.7
0
0
0
0
0
0
0
0
0
0
152160.2
151676.6
151237
150792.6
150285.6
0
0
0
0
0
0
0
0
0
0
152385.2
151905.8
151427.1
151002.2
150570.2
0
0
0
0
0
0
0
0
0
0
0
0
0
0
0
0
0
0
0
0
152510.9
152058.5
151586.6
151128.2
150719.6
0
0
0
0
0
0
0
0
0
0
0
0
0
0
0
0
0
0
0
0
152594.1
152189.6
151743.5
151289.4
150852.4
0
0
0
0
0
0
0
0
0
0
0
0
0
0
0
0
0
0
0
0
152727.9
152339.3
151939.6
151508
151073.6
0
0
0
0
0
0
0
0
0
0
0
0
0
0
0
0
0
0
0
0
152921.7
152561.7
152180
151794
151379.9
0
0
0
0
0
0
0
0
0
0
0
0
0
0
0
0
0
0
0
0
153185.5
152851.8
152498.4
152132
151763.4
0
0
0
0
0
0
0
0
0
0
0
0
0
0
0
0
0
0
0
0
153515.6
153210.5
152884.6
152547.7
152199.8
0
0
0
0
0
0
0
0
0
0
0
0
0
0
0
0
0
0
0
0
153915.3
153633.1
153337.3
153029.4
152712.5
0
0
0
0
0
0
0
0
0
0
0
0
0
0
0
0
0
0
0
0
154382.3
154121.1
153850.1
153574.1
153288.4
0
0
0
0
0
0
0
0
0
0
0
0
0
0
0
0
0
0
0
0
154909.2
154668.1
154419.9
154170.5
153917
0
0
0
0
0
0
0
0
0
0
0
0
0
0
0
0
0
0
0
0
155469.3
155249.9
155023.8
154799.1
154574.3
0
0
0
0
0
0
0
0
0
0
156010.9
155812.6
155607.6
155405
155205.7
0
0
0
0
0
0
0
0
0
0
156464.9
156292.1
156107.3
155925.5
155749.3
0
0
0
0
0
0
0
0
0
0
156815.4
156665.6
156507.5
156345.9
156189.1
0
0
0
0
0
0
0
0
0
0
157077.5
156956.9
156822.1
156686.7
156547.4
0
0
0
0
0
0
0
0
0
0
157295.3
157195.3
157088.6
156975.8
156862.7
0
0
0
0
0
0
0
0
0
0
151586.3
151137.3
150616.2
150009
149406.8
0
0
0
0
0
0
0
0
0
0
151967.6
151524.5
151074.4
150567
149972.2
0
0
0
0
0
0
0
0
0
0
152354.3
151870.4
151428.8
150992.1
150495.5
0
0
0
0
0
0
0
0
0
0
152667.1
152186.6
151706.5
151281.6
150856.4
0
0
0
0
0
0
0
0
0
0
152862.6
152410.1
151936.3
151471.9
151065.4
0
0
0
0
0
0
0
0
0
0
0
0
0
0
0
0
0
0
0
0
152934.6
152534.3
152089.1
151632.1
151191.7
0
0
0
0
0
0
0
0
0
0
0
0
0
0
0
0
0
0
0
0
153005.3
152617
152220.4
151789.7
151353.6
0
0
0
0
0
0
0
0
0
0
0
0
0
0
0
0
0
0
0
0
153108.6
152751
152370.5
151986.6
151573.1
0
0
0
0
0
0
0
0
0
0
0
0
0
0
0
0
0
0
0
0
153278.2
152945.6
152593.6
152228
151860.3
0
0
0
0
0
0
0
0
0
0
0
0
0
0
0
0
0
0
0
0
153515.6
153210.5
152884.6
152547.7
152199.8
0
0
0
0
0
0
0
0
0
0
0
0
0
0
0
0
0
0
0
0
153825.5
153541.4
153244.4
152935.5
152617.2
0
0
0
0
0
0
0
0
0
0
0
0
0
0
0
0
0
0
0
0
154206
153942
153668.4
153389.9
153101
0
0
0
0
0
0
0
0
0
0
0
0
0
0
0
0
0
0
0
0
154656.2
154410
154158
153904.8
153648
0
0
0
0
0
0
0
0
0
0
0
0
0
0
0
0
0
0
0
0
155164.5
154938
154706.9
154476.9
154247
0
0
0
0
0
0
0
0
0
0
0
0
0
0
0
0
0
0
0
0
155706
155499.7
155290.8
155083.3
154878.3
0
0
0
0
0
0
0
0
0
0
156222.4
156043.6
155855.7
155669.6
155487.5
0
0
0
0
0
0
0
0
0
0
156652
156499.3
156337.3
156172.7
156012.5
0
0
0
0
0
0
0
0
0
0
156974.4
156851.4
156713.8
156577.1
156436.9
0
0
0
0
0
0
0
0
0
0
157217.3
157115.6
157008.8
156895.4
156781.5
0
0
0
0
0
0
0
0
0
0
157419.7
157335.9
157250
157165.2
157076.8
0
0
0
0
0
0
0
0
0
0
152058.3
151616.9
151167.3
150659.2
150070.3
0
0
0
0
0
0
0
0
0
0
152480.9
151996.3
151555.1
151119.5
150629.9
0
0
0
0
0
0
0
0
0
0
152861.6
152381.1
151900.5
151474.3
151056.4
0
0
0
0
0
0
0
0
0
0
153148.7
152692.9
152217
151751.6
151345.9
0
0
0
0
0
0
0
0
0
0
153283.6
152887.3
152441.1
151981.7
151535.7
0
0
0
0
0
0
0
0
0
0
0
0
0
0
0
0
0
0
0
0
153343
152958.3
152565.6
152135.5
151696.4
0
0
0
0
0
0
0
0
0
0
0
0
0
0
0
0
0
0
0
0
153382.9
153028.9
152648.5
152267.6
151855
0
0
0
0
0
0
0
0
0
0
0
0
0
0
0
0
0
0
0
0
153462
153132.7
152783.1
152418.6
152053.1
0
0
0
0
0
0
0
0
0
0
0
0
0
0
0
0
0
0
0
0
153607
153303.3
152978.5
152642.9
152295.9
0
0
0
0
0
0
0
0
0
0
0
0
0
0
0
0
0
0
0
0
153825.5
153541.4
153244.4
152935.5
152617.2
0
0
0
0
0
0
0
0
0
0
0
0
0
0
0
0
0
0
0
0
154117.4
153851.9
153576.8
153297.1
153007
0
0
0
0
0
0
0
0
0
0
0
0
0
0
0
0
0
0
0
0
154482.7
154233.5
153978.8
153723.1
153463.8
0
0
0
0
0
0
0
0
0
0
0
0
0
0
0
0
0
0
0
0
154915.7
154684.6
154448.6
154215
153981.3
0
0
0
0
0
0
0
0
0
0
0
0
0
0
0
0
0
0
0
0
155406.1
155194.1
154978.7
154766.5
154556.2
0
0
0
0
0
0
0
0
0
0
0
0
0
0
0
0
0
0
0
0
155921.4
155737.3
155542.9
155353.3
155165.7
0
0
0
0
0
0
0
0
0
0
156412.7
156256.2
156089.2
155921
155755.8
0
0
0
0
0
0
0
0
0
0
156814.1
156687.6
156547.4
156406.4
156263.8
0
0
0
0
0
0
0
0
0
0
157115.5
157011.8
156902.9
156787.8
156672.9
0
0
0
0
0
0
0
0
0
0
157341.1
157257
157171.3
157087.3
156995.8
0
0
0
0
0
0
0
0
0
0
157526
157462.2
157395.1
157332.6
157272.7
0
0
0
0
0
0
0
0
0
0
152573.7
152088.3
151647.1
151210.6
150721.6
0
0
0
0
0
0
0
0
0
0
152988.8
152508.4
152027.2
151600.6
151182.9
0
0
0
0
0
0
0
0
0
0
153343.8
152887.7
152411.6
151946.5
151539.1
0
0
0
0
0
0
0
0
0
0
153570
153174.3
152723.8
152262.7
151816.6
0
0
0
0
0
0
0
0
0
0
153687.5
153308.7
152919
152487.3
152046.3
0
0
0
0
0
0
0
0
0
0
0
0
0
0
0
0
0
0
0
0
153716.3
153367.4
152990.3
152613.1
152200.9
0
0
0
0
0
0
0
0
0
0
0
0
0
0
0
0
0
0
0
0
153730.1
153407.4
153061.2
152696.9
152334.3
0
0
0
0
0
0
0
0
0
0
0
0
0
0
0
0
0
0
0
0
153788.4
153487.3
153165.8
152832.6
152486.6
0
0
0
0
0
0
0
0
0
0
0
0
0
0
0
0
0
0
0
0
153915.3
153633.1
153337.3
153029.4
152712.5
0
0
0
0
0
0
0
0
0
0
0
0
0
0
0
0
0
0
0
0
154117.4
153851.9
153576.8
153297.1
153007
0
0
0
0
0
0
0
0
0
0
0
0
0
0
0
0
0
0
0
0
154395.3
154144.5
153888.8
153631.5
153370.9
0
0
0
0
0
0
0
0
0
0
0
0
0
0
0
0
0
0
0
0
154744.7
154511
154272.1
154035.9
153799.6
0
0
0
0
0
0
0
0
0
0
0
0
0
0
0
0
0
0
0
0
155159.5
154945
154725.3
154508.3
154294.4
0
0
0
0
0
0
0
0
0
0
0
0
0
0
0
0
0
0
0
0
155626.3
155436.7
155237.2
155041.5
154849.3
0
0
0
0
0
0
0
0
0
0
0
0
0
0
0
0
0
0
0
156117.8
155953.8
155783.2
155608.9
155439.5
0
0
0
0
0
0
0
0
0
0
156579.3
156447.8
156304.8
156158.5
156011.6
0
0
0
0
0
0
0
0
0
0
156956.3
156851.2
156739.1
156621.1
156502.5
0
0
0
0
0
0
0
0
0
0
157240.7
157154.6
157067.2
156982.1
156889.1
0
0
0
0
0
0
0
0
0
0
157447.9
157382.7
157317.4
157255.9
157194.2
0
0
0
0
0
0
0
0
0
0
157605.2
157570.8
157526.9
157484.9
157447.8
0
0
0
0
0
0
0
0
0
0
153082.4
152602.4
152118.7
151690.7
151274.1
0
0
0
0
0
0
0
0
0
0
153467.7
153015.6
152539.8
152073
151664.5
0
0
0
0
0
0
0
0
0
0
153766.2
153369.8
152918.9
152458.3
152011.9
0
0
0
0
0
0
0
0
0
0
153967.3
153595.9
153205.9
152770.4
152328.6
0
0
0
0
0
0
0
0
0
0
154056.4
153713.3
153341.1
152966.3
152553.2
0
0
0
0
0
0
0
0
0
0
0
0
0
0
0
0
0
0
0
0
154059.2
153741.7
153400.3
153038.9
152679.9
0
0
0
0
0
0
0
0
0
0
0
0
0
0
0
0
0
0
0
0
154053.4
153755.8
153440.7
153110.9
152765
0
0
0
0
0
0
0
0
0
0
0
0
0
0
0
0
0
0
0
0
154094.1
153814.6
153521.4
153216.8
152902.3
0
0
0
0
0
0
0
0
0
0
0
0
0
0
0
0
0
0
0
0
154206
153942
153668.4
153389.9
153101
0
0
0
0
0
0
0
0
0
0
0
0
0
0
0
0
0
0
0
0
154395.3
154144.5
153888.8
153631.5
153370.9
0
0
0
0
0
0
0
0
0
0
0
0
0
0
0
0
0
0
0
0
154658.7
154423.2
154183.3
153945.9
153708
0
0
0
0
0
0
0
0
0
0
0
0
0
0
0
0
0
0
0
0
154990.8
154773.9
154551.7
154331.9
154115.4
0
0
0
0
0
0
0
0
0
0
0
0
0
0
0
0
0
0
0
0
155385.1
155189.9
154988.2
154788.3
154591.2
0
0
0
0
0
0
0
0
0
0
0
0
0
0
0
0
0
0
0
155827.3
155658.1
155482.6
155303.7
155128.2
0
0
0
0
0
0
0
0
0
0
0
0
0
0
0
0
0
0
156287.4
156151.6
156002.9
155853.3
155699.6
0
0
0
0
0
0
0
0
0
0
156724.8
156615.9
156500
156378.8
156254.1
0
0
0
0
0
0
0
0
0
0
157084.5
156995.1
156906.8
156818.1
156722.9
0
0
0
0
0
0
0
0
0
0
157349.6
157281.6
157214.7
157152.7
157090.1
0
0
0
0
0
0
0
0
0
0
157529
157491.8
157448.6
157409.3
157370.6
0
0
0
0
0
0
0
0
0
0
157658.6
157652.5
157641.7
157625.1
157609.3
0
0
0
0
0
0
0
0
0
0
153558
153110.4
152633.2
152162.8
151755.1
0
0
0
0
0
0
0
0
0
0
153895.9
153494.4
153047.5
152586.2
152137.5
0
0
0
0
0
0
0
0
0
0
154160
153792.4
153401.6
152966.4
152524.5
0
0
0
0
0
0
0
0
0
0
154333.2
153993.9
153628.2
153253.6
152837.5
0
0
0
0
0
0
0
0
0
0
154397.1
154083.2
153746.5
153389.6
153033.6
0
0
0
0
0
0
0
0
0
0
0
0
0
0
0
0
0
0
0
0
154379.5
154085.8
153775.5
153450.1
153107.2
0
0
0
0
0
0
0
0
0
0
0
0
0
0
0
0
0
0
0
0
154355.4
154080
153790.2
153491.9
153180.7
0
0
0
0
0
0
0
0
0
0
0
0
0
0
0
0
0
0
0
0
154382.3
154121.1
153850
153574.1
153288.4
0
0
0
0
0
0
0
0
0
0
0
0
0
0
0
0
0
0
0
0
154482.7
154233.5
153978.8
153723.1
153463.8
0
0
0
0
0
0
0
0
0
0
0
0
0
0
0
0
0
0
0
0
154658.7
154423.2
154183.3
153945.9
153708
0
0
0
0
0
0
0
0
0
0
0
0
0
0
0
0
0
0
0
0
154906
154687.6
154464.1
154243.1
154025.4
0
0
0
0
0
0
0
0
0
0
0
0
0
0
0
0
0
0
0
0
155219.4
155021.1
154817.2
154614.9
154415
0
0
0
0
0
0
0
0
0
0
0
0
0
0
0
0
0
0
0
155588.2
155416.8
155236
155055
154875.4
0
0
0
0
0
0
0
0
0
0
0
0
0
0
0
0
0
0
156000.9
155860.5
155707.4
155553.5
155395.1
0
0
0
0
0
0
0
0
0
0
0
0
0
0
0
0
0
156437.7
156322.9
156204.4
156078
155949.4
0
0
0
0
0
0
0
0
0
0
156854.9
156763.1
156672.4
156579.6
156480.4
0
0
0
0
0
0
0
0
0
0
157196
157125.3
157055.6
156992.2
156926.9
0
0
0
0
0
0
0
0
0
0
157430.9
157392.9
157347.4
157307.7
157268.7
0
0
0
0
0
0
0
0
0
0
157581.6
157575.5
157564.1
157549.2
157533.5
0
0
0
0
0
0
0
0
0
0
157689.6
157708.6
157730.8
157750.1
157760.6
0
0
0
0
0
0
0
0
0
0
153990.1
153585.8
153141.7
152677.9
152227.9
0
0
0
0
0
0
0
0
0
0
154287.8
153922.9
153527
153094.9
152651.6
0
0
0
0
0
0
0
0
0
0
154526.3
154187
153825
153450.2
153033.9
0
0
0
0
0
0
0
0
0
0
154670
154360.9
154027
153677
153322
0
0
0
0
0
0
0
0
0
0
154710.4
154425.2
154117.2
153796.2
153458.3
0
0
0
0
0
0
0
0
0
0
0
0
0
0
0
0
0
0
0
0
154676.5
154407.1
154120.6
153826.8
153520.1
0
0
0
0
0
0
0
0
0
0
0
0
0
0
0
0
0
0
0
0
154640.1
154382.7
154115.7
153843.1
153563.6
0
0
0
0
0
0
0
0
0
0
0
0
0
0
0
0
0
0
0
0
154656.2
154410
154158
153904.8
153648
0
0
0
0
0
0
0
0
0
0
0
0
0
0
0
0
0
0
0
0
154744.7
154511
154272.1
154035.9
153799.6
0
0
0
0
0
0
0
0
0
0
0
0
0
0
0
0
0
0
0
0
154906
154687.6
154464.1
154243.1
154025.4
0
0
0
0
0
0
0
0
0
0
0
0
0
0
0
0
0
0
0
0
155135.9
154936
154731.1
154527.4
154326.3
0
0
0
0
0
0
0
0
0
0
0
0
0
0
0
0
0
0
0
155424.7
155251
155067.3
154884.3
154702.2
0
0
0
0
0
0
0
0
0
0
0
0
0
0
0
0
0
0
155766.5
155621.4
155466.4
155307.3
155146.9
0
0
0
0
0
0
0
0
0
0
0
0
0
0
0
0
0
156153.7
156035.9
155913.8
155783.5
155650.4
0
0
0
0
0
0
0
0
0
0
0
0
0
0
0
0
156570.9
156475.1
156380.2
156285.5
156180.4
0
0
0
0
0
0
0
0
0
0
156970.1
156895.3
156824.8
156758.7
156688.5
0
0
0
0
0
0
0
0
0
0
157277
157239.2
157191.6
157148.8
157109.3
0
0
0
0
0
0
0
0
0
0
157485.3
157476.8
157465.2
157449.3
157433.4
0
0
0
0
0
0
0
0
0
0
157612.7
157630.7
157655.3
157675
157684.7
0
0
0
0
0
0
0
0
0
0
157686.9
157742.2
157794.8
157851
157898.7
0
0
0
0
0
0
0
0
0
0
154381.2
154018.2
153617.8
153187.4
152744
0
0
0
0
0
0
0
0
0
0
154648.6
154315.6
153956.2
153575.5
153161.5
0
0
0
0
0
0
0
0
0
0
154857.2
154554.5
154220.4
153874.7
153519
0
0
0
0
0
0
0
0
0
0
154978.9
154698.9
154394.9
154077.1
153746.9
0
0
0
0
0
0
0
0
0
0
155002.4
154739.5
154460.3
154168.4
153866.6
0
0
0
0
0
0
0
0
0
0
0
0
0
0
0
0
0
0
0
0
154955.9
154704.8
154443.1
154173.6
153898.6
0
0
0
0
0
0
0
0
0
0
0
0
0
0
0
0
0
0
0
0
154909.2
154668.1
154419.9
154170.5
153917
0
0
0
0
0
0
0
0
0
0
0
0
0
0
0
0
0
0
0
0
154915.7
154684.6
154448.6
154215
153981.3
0
0
0
0
0
0
0
0
0
0
0
0
0
0
0
0
0
0
0
0
154990.8
154773.9
154551.7
154331.9
154115.4
0
0
0
0
0
0
0
0
0
0
0
0
0
0
0
0
0
0
0
0
155135.9
154936
154731.1
154527.4
154326.3
0
0
0
0
0
0
0
0
0
0
0
0
0
0
0
0
0
0
0
155342.6
155167.2
154982.5
154798.3
154614.9
0
0
0
0
0
0
0
0
0
0
0
0
0
0
0
0
0
0
155605.4
155457.9
155300.9
155139.1
154976.7
0
0
0
0
0
0
0
0
0
0
0
0
0
0
0
0
0
155921.7
155801.5
155675.2
155543.2
155405.1
0
0
0
0
0
0
0
0
0
0
0
0
0
0
0
0
156290.9
156190.7
156094.1
155996.1
155887.2
0
0
0
0
0
0
0
0
0
0
0
0
0
0
0
156688
156610.6
156538
156468.5
156395.5
0
0
0
0
0
0
0
0
0
0
157052.3
157013.1
156963.1
156919.3
156876.2
0
0
0
0
0
0
0
0
0
0
157333.5
157322.9
157312.3
157294.1
157275.9
0
0
0
0
0
0
0
0
0
0
157517.2
157534
157556.8
157577.6
157586.5
0
0
0
0
0
0
0
0
0
0
157610.7
157664.5
157718.6
157778.2
157823.9
0
0
0
0
0
0
0
0
0
0
157661.8
157742
157836.2
157928.1
158015.4
0
0
0
0
0
0
0
0
0
0
154739.8
154410.1
154050.8
153664.5
153254.7
0
0
0
0
0
0
0
0
0
0
154976.7
154677.5
154349.7
154005.7
153643.5
0
0
0
0
0
0
0
0
0
0
155164.8
154886.5
154588.8
154271.3
153944.9
0
0
0
0
0
0
0
0
0
0
155266.8
155008.8
154733.9
154446.5
154148.6
0
0
0
0
0
0
0
0
0
0
155276.4
155032.1
154775.7
154513
154240.6
0
0
0
0
0
0
0
0
0
0
0
0
0
0
0
0
0
0
0
0
155220.3
154984.8
154742.2
154497.9
154247.6
0
0
0
0
0
0
0
0
0
0
0
0
0
0
0
0
0
0
0
0
155164.5
154938
154706.9
154476.9
154247
0
0
0
0
0
0
0
0
0
0
0
0
0
0
0
0
0
0
0
0
155159.5
154945
154725.3
154508.3
154294.4
0
0
0
0
0
0
0
0
0
0
0
0
0
0
0
0
0
0
0
0
155219.4
155021.1
154817.2
154614.9
154415
0
0
0
0
0
0
0
0
0
0
0
0
0
0
0
0
0
0
0
155342.6
155167.2
154982.5
154798.3
154614.9
0
0
0
0
0
0
0
0
0
0
0
0
0
0
0
0
0
0
155524.1
155375.6
155217.4
155054.5
154890.9
0
0
0
0
0
0
0
0
0
0
0
0
0
0
0
0
0
155761.9
155640.5
155512.1
155378.3
155237.5
0
0
0
0
0
0
0
0
0
0
0
0
0
0
0
0
156061.2
155958.8
155860.4
155758.6
155648
0
0
0
0
0
0
0
0
0
0
0
0
0
0
0
156410
156330.4
156254.7
156184.1
156107.9
0
0
0
0
0
0
0
0
0
0
0
0
0
0
156772.4
156730.4
156680
156634.9
156587.8
0
0
0
0
0
0
0
0
0
0
157109.1
157098.1
157088
157067.4
157047.4
0
0
0
0
0
0
0
0
0
0
157366.5
157382.3
157403.9
157425.7
157433.1
0
0
0
0
0
0
0
0
0
0
157513.3
157568.5
157622.1
157681.4
157728.6
0
0
0
0
0
0
0
0
0
0
157585.9
157665
157760.2
157854.8
157943.1
0
0
0
0
0
0
0
0
0
157626.7
157719.2
157843.4
157982.6
158110.5
0
0
0
0
0
0
0
0
0
0
155066.7
154769.8
154443.5
154098.7
153733.4
0
0
0
0
0
0
0
0
0
0
155284
155006.8
154712.5
154400.4
154075.1
0
0
0
0
0
0
0
0
0
0
155450.2
155195.1
154921.8
154641.1
154343.2
0
0
0
0
0
0
0
0
0
0
155536.5
155297.4
155044.9
154787
154519.8
0
0
0
0
0
0
0
0
0
0
155535.7
155306.7
155069.7
154830.3
154587.4
0
0
0
0
0
0
0
0
0
0
0
0
0
0
0
0
0
0
0
0
155469.3
155249.9
155023.8
154799.1
154574.3
0
0
0
0
0
0
0
0
0
0
0
0
0
0
0
0
0
0
0
0
155406.1
155194.1
154978.7
154766.5
154556.2
0
0
0
0
0
0
0
0
0
0
0
0
0
0
0
0
0
0
0
0
155385.1
155189.9
154988.2
154788.3
154591.2
0
0
0
0
0
0
0
0
0
0
0
0
0
0
0
0
0
0
0
155424.7
155251
155067.3
154884.3
154702.2
0
0
0
0
0
0
0
0
0
0
0
0
0
0
0
0
0
0
155524.1
155375.6
155217.4
155054.5
154890.9
0
0
0
0
0
0
0
0
0
0
0
0
0
0
0
0
0
155681
155559
155430.2
155295.2
155153.2
0
0
0
0
0
0
0
0
0
0
0
0
0
0
0
0
155902.6
155799.2
155700
155596.4
155483.9
0
0
0
0
0
0
0
0
0
0
0
0
0
0
0
156181.8
156101
156023.9
155952
155871.9
0
0
0
0
0
0
0
0
0
0
0
0
0
0
156494.4
156452.3
156401.4
156354
156305.7
0
0
0
0
0
0
0
0
0
0
0
0
0
156830.3
156817.7
156807.4
156787.4
156765.5
0
0
0
0
0
0
0
0
0
0
157143.7
157157.8
157181.2
157203.7
157208.1
0
0
0
0
0
0
0
0
0
0
157362.5
157417.9
157471.5
157530
157579
0
0
0
0
0
0
0
0
0
0
157489.6
157567.1
157664.4
157760.2
157848.9
0
0
0
0
0
0
0
0
0
157549.4
157642.4
157768
157909.5
158037.9
0
0
0
0
0
0
0
0
157584.5
157686.1
157827.1
158002
158183.4
0
0
0
0
0
0
0
0
0
0
155373.2
155097.9
154804.1
154492.6
154168.9
0
0
0
0
0
0
0
0
0
0
155566.6
155315.1
155042.8
154764.6
154471.5
0
0
0
0
0
0
0
0
0
0
155716.7
155481.3
155231.6
154975.7
154714.7
0
0
0
0
0
0
0
0
0
0
155790.9
155567.7
155334.8
155099.8
154862.4
0
0
0
0
0
0
0
0
0
0
155780.8
155566.6
155345.9
155126.3
154907
0
0
0
0
0
0
0
0
0
0
0
0
0
0
0
0
0
0
0
0
155706
155499.7
155290.8
155083.3
154878.3
0
0
0
0
0
0
0
0
0
0
0
0
0
0
0
0
0
0
0
0
155626.3
155436.7
155237.2
155041.5
154849.3
0
0
0
0
0
0
0
0
0
0
0
0
0
0
0
0
0
0
0
155588.2
155416.8
155236
155055
154875.4
0
0
0
0
0
0
0
0
0
0
0
0
0
0
0
0
0
0
155605.4
155457.9
155300.9
155139.1
154976.7
0
0
0
0
0
0
0
0
0
0
0
0
0
0
0
0
0
155681
155559
155430.2
155295.2
155153.2
0
0
0
0
0
0
0
0
0
0
0
0
0
0
0
0
155821.8
155718.4
155619
155514.9
155401.2
0
0
0
0
0
0
0
0
0
0
0
0
0
0
0
156024.3
155942.6
155865.1
155792.7
155710.8
0
0
0
0
0
0
0
0
0
0
0
0
0
0
156266.4
156224.5
156173.4
156125.2
156075.6
0
0
0
0
0
0
0
0
0
0
0
0
0
156554.1
156539.7
156531.3
156511.8
156487.7
0
0
0
0
0
0
0
0
0
0
0
0
156865.5
156878.5
156903.2
156926.9
156931.4
0
0
0
0
0
0
0
0
0
0
157140.5
157195
157249.3
157310.1
157359.5
0
0
0
0
0
0
0
0
0
0
157338.9
157416.3
157515
157611.2
157700.3
0
0
0
0
0
0
0
0
0
157453.1
157545.6
157670.4
157815.7
157946.1
0
0
0
0
0
0
0
0
157507.1
157607.8
157751.9
157929.6
158111.1
0
0
0
0
0
0
0
157534.3
157645.7
157799.8
157996.9
158220.4
0
0
0
0
0
0
0
0
0
0
155654.4
155405.5
155133.2
154854.6
154564.5
0
0
0
0
0
0
0
0
0
0
155831.1
155598.4
155352.2
155096.4
154837.5
0
0
0
0
0
0
0
0
0
0
155966.3
155748.3
155519
155287.2
155051.3
0
0
0
0
0
0
0
0
0
0
156032
155822.7
155606.6
155391.7
155177.6
0
0
0
0
0
0
0
0
0
0
156010.9
155812.6
155607.6
155405
155205.7
0
0
0
0
0
0
0
0
0
0
0
0
0
0
0
0
0
0
0
0
155921.4
155737.3
155542.9
155353.3
155165.7
0
0
0
0
0
0
0
0
0
0
0
0
0
0
0
0
0
0
0
155827.3
155658.1
155482.6
155303.7
155128.2
0
0
0
0
0
0
0
0
0
0
0
0
0
0
0
0
0
0
155766.5
155621.4
155466.4
155307.3
155146.9
0
0
0
0
0
0
0
0
0
0
0
0
0
0
0
0
0
155761.9
155640.5
155512.1
155378.3
155237.5
0
0
0
0
0
0
0
0
0
0
0
0
0
0
0
0
155821.8
155718.4
155619
155514.9
155401.2
0
0
0
0
0
0
0
0
0
0
0
0
0
0
0
155944.4
155861.9
155784.8
155712.2
155629.9
0
0
0
0
0
0
0
0
0
0
0
0
0
0
156109.3
156067.2
156016.1
155967.9
155917.8
0
0
0
0
0
0
0
0
0
0
0
0
0
156326.4
156312.1
156305.3
156286.4
156261.5
0
0
0
0
0
0
0
0
0
0
0
0
156590.2
156602.4
156627.5
156654.6
156659.8
0
0
0
0
0
0
0
0
0
0
0
156862.6
156916.5
156972.5
157036.6
157087.1
0
0
0
0
0
0
0
0
0
0
157117.2
157194.3
157294.4
157392.2
157483.8
0
0
0
0
0
0
0
0
0
157303.2
157395
157520.8
157667.9
157800.3
0
0
0
0
0
0
0
0
157410.4
157511.1
157655.5
157834
158020.2
0
0
0
0
0
0
0
157457.1
157567.4
157723.2
157924.6
158148.7
0
0
0
0
0
0
157478.5
157596.9
157764.5
157979.4
158231.1
0
0
0
0
0
0
0
0
0
0
155917.8
155687.4
155441.9
155185.2
154928.3
0
0
0
0
0
0
0
0
0
0
156080.1
155863.5
155636.8
155407.6
155171.3
0
0
0
0
0
0
0
0
0
0
156204.1
155998.5
155787.5
155576.6
155365.1
0
0
0
0
0
0
0
0
0
0
156258.7
156064.5
155863.4
155665.9
155472.1
0
0
0
0
0
0
0
0
0
0
156222.4
156043.6
155855.7
155669.6
155487.5
0
0
0
0
0
0
0
0
0
0
0
0
0
0
0
0
0
0
0
156117.8
155953.8
155783.2
155608.9
155439.5
0
0
0
0
0
0
0
0
0
0
0
0
0
0
0
0
0
0
156000.9
155860.5
155707.4
155553.5
155395.1
0
0
0
0
0
0
0
0
0
0
0
0
0
0
0
0
0
155921.7
155801.5
155675.2
155543.2
155405.1
0
0
0
0
0
0
0
0
0
0
0
0
0
0
0
0
155902.6
155799.2
155700
155596.4
155483.9
0
0
0
0
0
0
0
0
0
0
0
0
0
0
0
155944.4
155861.9
155784.8
155712.2
155629.9
0
0
0
0
0
0
0
0
0
0
0
0
0
0
156029.9
155987.6
155936
155888.4
155838.1
0
0
0
0
0
0
0
0
0
0
0
0
0
156168.7
156155.4
156149.4
156131
156106.2
0
0
0
0
0
0
0
0
0
0
0
0
156363.6
156375.2
156402
156431.8
156438
0
0
0
0
0
0
0
0
0
0
0
156587.7
156641.2
156698.9
156765.3
156819.9
0
0
0
0
0
0
0
0
0
0
156840.9
156916
157018.4
157120.2
157215.6
0
0
0
0
0
0
0
0
0
157081.8
157173.2
157301
157450.6
157585.3
0
0
0
0
0
0
0
0
157261.1
157361.3
157506
157686
157875.7
0
0
0
0
0
0
0
157361.4
157470.2
157626.8
157830.2
158056.1
0
0
0
0
0
0
157401.6
157518.9
157687.9
157905.8
158159.6
0
0
0
0
0
157411.1
157542.5
157720.3
157952.7
158227.6
0
0
0
0
0
0
0
0
0
0
156166.1
155951.3
155725
155495.6
155261
0
0
0
0
0
0
0
0
0
0
156314.5
156113.1
155903.3
155694.1
155484.7
0
0
0
0
0
0
0
0
0
0
156428.3
156237
156039.5
155847.5
155657
0
0
0
0
0
0
0
0
0
0
156464.9
156292.1
156107.3
155925.5
155749.3
0
0
0
0
0
0
0
0
0
0
156412.7
156256.2
156089.2
155921
155755.8
0
0
0
0
0
0
0
0
0
0
0
0
0
0
0
0
0
0
156287.4
156151.6
156002.9
155853.3
155699.6
0
0
0
0
0
0
0
0
0
0
0
0
0
0
0
0
0
156153.7
156035.9
155913.8
155783.5
155650.4
0
0
0
0
0
0
0
0
0
0
0
0
0
0
0
0
156061.2
155958.8
155860.4
155758.6
155648
0
0
0
0
0
0
0
0
0
0
0
0
0
0
0
156024.3
155942.6
155865.1
155792.7
155710.8
0
0
0
0
0
0
0
0
0
0
0
0
0
0
156029.9
155987.6
155936
155888.4
155838.1
0
0
0
0
0
0
0
0
0
0
0
0
0
156089.2
156076.2
156070.5
156052
156027.7
0
0
0
0
0
0
0
0
0
0
0
0
156207.3
156217.8
156246.8
156278.3
156285.2
0
0
0
0
0
0
0
0
0
0
0
156361.6
156415.1
156473.7
156543.4
156601.5
0
0
0
0
0
0
0
0
0
0
156566.3
156641.2
156745.6
156851.1
156950.4
0
0
0
0
0
0
0
0
0
156806.3
156896.5
157025.3
157179.4
157319.2
0
0
0
0
0
0
0
0
157041.2
157139.8
157286.6
157469.6
157662.5
0
0
0
0
0
0
0
157211.9
157320.9
157478.1
157682.4
157911.5
0
0
0
0
0
0
157306.4
157422.7
157590.9
157811.3
158068.1
0
0
0
0
0
157335.5
157464.7
157643.9
157879
158154.8
0
0
0
0
157342.3
157476.4
157669.8
157916
158213.2
0
0
0
0
0
0
0
0
0
0
156398
156200.3
155990.4
155780.7
155573.7
0
0
0
0
0
0
0
0
0
0
156537.1
156348.3
156154.7
155962.9
155773.8
0
0
0
0
0
0
0
0
0
0
156630.8
156462.2
156280
156102.2
155930.9
0
0
0
0
0
0
0
0
0
0
156652
156499.3
156337.3
156172.7
156012.5
0
0
0
0
0
0
0
0
0
0
156579.3
156447.8
156304.8
156158.5
156011.6
0
0
0
0
0
0
0
0
0
0
0
0
0
0
0
0
0
156437.7
156322.9
156204.4
156078
155949.4
0
0
0
0
0
0
0
0
0
0
0
0
0
0
0
0
156290.9
156190.7
156094.1
155996.1
155887.2
0
0
0
0
0
0
0
0
0
0
0
0
0
0
0
156181.8
156100.9
156023.9
155952
155871.9
0
0
0
0
0
0
0
0
0
0
0
0
0
0
156109.3
156067.2
156016.1
155967.9
155917.8
0
0
0
0
0
0
0
0
0
0
0
0
0
156089.2
156076.2
156070.5
156051.9
156027.7
0
0
0
0
0
0
0
0
0
0
0
0
156128.1
156138.5
156168.3
156200.5
156207.5
0
0
0
0
0
0
0
0
0
0
0
156205.5
156259.1
156317.9
156390.8
156451.1
0
0
0
0
0
0
0
0
0
0
156340
156415.5
156521.5
156629.7
156733.6
0
0
0
0
0
0
0
0
0
156532.8
156622.1
156752.9
156911.1
157056.5
0
0
0
0
0
0
0
0
156765.9
156863.9
157012.4
157198.6
157397.3
0
0
0
0
0
0
0
156992.5
157101
157259
157466.2
157699
0
0
0
0
0
0
157158.1
157273.2
157442.9
157664.3
157923.7
0
0
0
0
0
157240.4
157369.1
157547.9
157784.1
158063.3
0
0
0
0
157266.1
157399.9
157593.5
157842.6
158140.4
0
0
0
157268.6
157408.6
157607.1
157872.1
158187.3
0
0
0
0
0
0
0
0
0
0
156619.1
156432.8
156241
156048.3
155861.3
0
0
0
0
0
0
0
0
0
0
156737.8
156571.7
156391.8
156217
156045.6
0
0
0
0
0
0
0
0
0
0
156815.4
156665.6
156507.5
156345.9
156189.1
0
0
0
0
0
0
0
0
0
0
156814.1
156687.6
156547.4
156406.4
156263.8
0
0
0
0
0
0
0
0
0
0
156724.8
156615.9
156500
156378.8
156254.1
0
0
0
0
0
0
0
0
0
0
0
0
0
0
0
0
156570.9
156475.1
156380.2
156285.5
156180.4
0
0
0
0
0
0
0
0
0
0
0
0
0
0
0
156410
156330.4
156254.7
156184.1
156107.9
0
0
0
0
0
0
0
0
0
0
0
0
0
0
156266.4
156224.5
156173.4
156125.2
156075.6
0
0
0
0
0
0
0
0
0
0
0
0
0
156168.7
156155.4
156149.4
156131
156106.2
0
0
0
0
0
0
0
0
0
0
0
0
156128.1
156138.5
156168.3
156200.5
156207.5
0
0
0
0
0
0
0
0
0
0
0
156126.5
156180.2
156239.3
156313.6
156375
0
0
0
0
0
0
0
0
0
0
156184.1
156259.8
156367.1
156476.5
156584.6
0
0
0
0
0
0
0
0
0
156307.5
156396.2
156529.3
156690.7
156840.4
0
0
0
0
0
0
0
0
156493
156590.6
156740.3
156930.7
157135.4
0
0
0
0
0
0
0
156718.2
156825.2
156985.5
157196.7
157434
0
0
0
0
0
0
156938.8
157053.8
157225.3
157448.4
157711.4
0
0
0
0
0
157092.4
157220.8
157399.6
157637.6
157919.6
0
0
0
0
157173
157304.2
157498.2
157748.6
158048.4
0
0
0
157192.5
157331.5
157532.1
157798.8
158114.7
0
0
157201.3
157335.8
157542.3
157815.3
158152.8
0
0
0
0
0
0
0
0
0
0
156819.9
156654.8
156475.5
156301.6
156131.9
0
0
0
0
0
0
0
0
0
0
156920.2
156773.4
156617.6
156457.2
156303.1
0
0
0
0
0
0
0
0
0
0
156974.4
156851.4
156713.8
156577.1
156436.9
0
0
0
0
0
0
0
0
0
0
156956.3
156851.2
156739.1
156621.1
156502.5
0
0
0
0
0
0
0
0
0
0
156854.9
156763.1
156672.3
156579.6
156480.4
0
0
0
0
0
0
0
0
0
0
0
0
0
0
0
156688
156610.6
156538
156468.5
156395.5
0
0
0
0
0
0
0
0
0
0
0
0
0
0
156494.4
156452.3
156401.4
156354
156305.7
0
0
0
0
0
0
0
0
0
0
0
0
0
156326.4
156312.1
156305.3
156286.4
156261.5
0
0
0
0
0
0
0
0
0
0
0
0
156207.3
156217.8
156246.8
156278.3
156285.2
0
0
0
0
0
0
0
0
0
0
0
156126.5
156180.2
156239.3
156313.6
156375
0
0
0
0
0
0
0
0
0
0
156105.2
156181.1
156288.9
156399.2
156509.2
0
0
0
0
0
0
0
0
0
156151.1
156240.7
156375.1
156538.8
156690.9
0
0
0
0
0
0
0
0
156268.6
156365.7
156516.5
156710.7
156920.3
0
0
0
0
0
0
0
156445.1
156552.5
156714.6
156929.1
157172.6
0
0
0
0
0
0
156665.3
156779.2
156952
157179.7
157447.9
0
0
0
0
0
156874.3
157001.5
157182.5
157423.3
157707.7
0
0
0
0
157025.5
157156.4
157351.1
157601.9
157905.3
0
0
0
157099.6
157237.9
157436.8
157705.4
158023.7
0
0
157124.9
157258.8
157466.8
157743.2
158080.4
0
157154.1
157269.2
157472.1
157755.5
158104.5
0
0
0
0
0
0
0
0
0
0
157000
156856.5
156699.8
156539.2
156388.6
0
0
0
0
0
0
0
0
0
0
157077.5
156956.9
156822.1
156686.7
156547.4
0
0
0
0
0
0
0
0
0
0
157115.5
157011.8
156902.9
156787.8
156672.9
0
0
0
0
0
0
0
0
0
0
157084.5
156995.1
156906.8
156818.1
156722.9
0
0
0
0
0
0
0
0
0
0
156970.1
156895.3
156824.8
156758.7
156688.5
0
0
0
0
0
0
0
0
0
0
0
0
0
0
156772.4
156730.4
156680
156634.9
156587.8
0
0
0
0
0
0
0
0
0
0
0
0
0
156554.1
156539.7
156531.3
156511.8
156487.7
0
0
0
0
0
0
0
0
0
0
0
0
156363.6
156375.2
156402
156431.8
156438
0
0
0
0
0
0
0
0
0
0
0
156205.5
156259.1
156317.9
156390.8
156451.1
0
0
0
0
0
0
0
0
0
0
156105.2
156181
156288.9
156399.2
156509.2
0
0
0
0
0
0
0
0
0
156072
156162
156297
156462
156615.5
0
0
0
0
0
0
0
0
156113.9
156209.6
156362.4
156559.1
156772.1
0
0
0
0
0
0
0
156220.5
156328.5
156491.8
156708.9
156957.8
0
0
0
0
0
0
156393.5
156506.1
156681.6
156913.2
157186.6
0
0
0
0
0
156600.8
156727.6
156910.4
157154.7
157444.8
0
0
0
0
156808.2
156938.2
157134.1
157388
157694.8
0
0
0
156952.8
157090.5
157290.1
157559.9
157880.4
0
0
157031.1
157165.5
157373.4
157649.8
157989.9
0
157077.8
157191.9
157396.6
157682.9
158033.2
157098
157222.4
157407.6
157689.6
158051.8
0
0
0
0
0
0
0
0
0
0
157156.2
157037.7
156904.2
156767.1
156630.2
0
0
0
0
0
0
0
0
0
0
157217.3
157115.6
157008.8
156895.4
156781.5
0
0
0
0
0
0
0
0
0
0
157240.7
157154.6
157067.2
156982.1
156889.1
0
0
0
0
0
0
0
0
0
0
157196
157125.3
157055.6
156992.2
156926.9
0
0
0
0
0
0
0
0
0
0
157052.3
157013
156963.1
156919.3
156876.2
0
0
0
0
0
0
0
0
0
0
0
0
0
156830.3
156817.7
156807.4
156787.4
156765.5
0
0
0
0
0
0
0
0
0
0
0
0
156590.2
156602.4
156627.5
156654.6
156659.8
0
0
0
0
0
0
0
0
0
0
0
156361.5
156415.1
156473.7
156543.4
156601.5
0
0
0
0
0
0
0
0
0
0
156184.1
156259.8
156367
156476.5
156584.6
0
0
0
0
0
0
0
0
0
156072
156162
156297
156462
156615.5
0
0
0
0
0
0
0
0
156035.7
156130.7
156284.5
156482.4
156697.1
0
0
0
0
0
0
0
156065.2
156174.2
156337.2
156557.4
156809.7
0
0
0
0
0
0
156168.8
156282
156459.6
156693.9
156971.7
0
0
0
0
0
156329.5
156455.9
156639.7
156888.7
157184.6
0
0
0
0
156536.3
156664.3
156862.7
157120.6
157432.1
0
0
0
156735.2
156873.1
157074.2
157346.1
157670.4
0
0
156885.2
157018.7
157227.1
157504.8
157847.8
0
156984.3
157097.6
157303.5
157591.5
157942.8
157022
157145.2
157331.8
157617.1
157980.1
157166.9
157362.1
157628.7
157992.1
0
0
0
0
0
0
0
0
0
0
157295.3
157195.3
157088.6
156975.8
156862.7
0
0
0
0
0
0
0
0
0
0
157341.1
157257
157171.3
157087.3
156995.8
0
0
0
0
0
0
0
0
0
0
157349.6
157281.6
157214.7
157152.7
157090.1
0
0
0
0
0
0
0
0
0
0
157277
157239.2
157191.6
157148.8
157109.3
0
0
0
0
0
0
0
0
0
0
157109.1
157098.1
157088
157067.4
157047.4
0
0
0
0
0
0
0
0
0
0
0
0
156865.5
156878.5
156903.2
156926.9
156931.4
0
0
0
0
0
0
0
0
0
0
0
156587.7
156641.2
156698.9
156765.3
156819.9
0
0
0
0
0
0
0
0
0
0
156340
156415.5
156521.5
156629.7
156733.6
0
0
0
0
0
0
0
0
0
156151.1
156240.6
156375.1
156538.8
156690.9
0
0
0
0
0
0
0
0
156035.7
156130.7
156284.5
156482.4
156697.1
0
0
0
0
0
0
0
155986.3
156096.2
156259
156480.8
156734.8
0
0
0
0
0
0
156013.6
156127
156306.8
156541.9
156823.7
0
0
0
0
0
156106
156231.6
156417.5
156670.3
156970.5
0
0
0
0
156265.3
156393.2
156593.3
156854.3
157172.4
0
0
0
156463.5
156600.8
156802.8
157079.4
157408.7
0
0
156668.8
156801
157012.1
157292.1
157637.9
0
156839.3
156951.8
157158
157446.8
157801
156929.9
157051.3
157237.8
157525.9
157891.5
157089.9
157286.6
157555.8
157920.5
157308
157585.6
157936.1
0
0
0
0
0
0
0
0
0
0
157419.7
157335.9
157250
157165.2
157076.8
0
0
0
0
0
0
0
0
0
0
157447.9
157382.7
157317.4
157255.9
157194.2
0
0
0
0
0
0
0
0
0
0
157430.9
157392.9
157347.4
157307.7
157268.7
0
0
0
0
0
0
0
0
0
0
157333.5
157322.9
157312.3
157294.1
157275.9
0
0
0
0
0
0
0
0
0
0
157143.6
157157.8
157181.2
157203.7
157208.1
0
0
0
0
0
0
0
0
0
0
0
156862.6
156916.4
156972.6
157036.6
157087.1
0
0
0
0
0
0
0
0
0
0
156566.3
156641.2
156745.6
156851.1
156950.4
0
0
0
0
0
0
0
0
0
156307.5
156396.2
156529.2
156690.7
156840.4
0
0
0
0
0
0
0
0
156113.9
156209.6
156362.4
156559.1
156772.1
0
0
0
0
0
0
0
155986.3
156096.2
156259
156480.8
156734.8
0
0
0
0
0
0
155934.9
156048.4
156229.5
156465
156748.9
0
0
0
0
0
155951.3
156076.8
156264
156519.9
156822.1
0
0
0
0
156042.3
156170.1
156371
156635.7
156959.1
0
0
0
156193.4
156329.9
156534
156814.4
157148.7
0
0
156397.1
156528.9
156742.2
157025.3
157376.9
0
156622.8
156735.3
156942.5
157234.9
157592.1
156786.6
156906.4
157093.1
157381.9
157750.2
156997.4
157192.8
157463.7
157832.2
157232.4
157512.8
157864.2
157533.4
157896.3
0
0
0
0
0
0
0
0
0
0
157526
157462.2
157395.1
157332.6
157272.7
0
0
0
0
0
0
0
0
0
0
157529
157491.8
157448.6
157409.3
157370.6
0
0
0
0
0
0
0
0
0
0
157485.3
157476.8
157465.2
157449.3
157433.4
0
0
0
0
0
0
0
0
0
0
157366.4
157382.3
157403.9
157425.7
157433.1
0
0
0
0
0
0
0
0
0
0
157140.5
157195
157249.3
157310.1
157359.5
0
0
0
0
0
0
0
0
0
0
156840.9
156916
157018.4
157120.2
157215.6
0
0
0
0
0
0
0
0
0
156532.8
156622.1
156752.9
156911.1
157056.5
0
0
0
0
0
0
0
0
156268.5
156365.7
156516.5
156710.7
156920.3
0
0
0
0
0
0
0
156065.2
156174.2
156337.2
156557.4
156809.7
0
0
0
0
0
0
155934.9
156048.4
156229.5
156465
156748.9
0
0
0
0
0
155872.6
155998.3
156186.1
156443.9
156747
0
0
0
0
155888.4
156015.7
156217.7
156484.7
156812.2
0
0
0
155970.4
156107.4
156312.9
156595.6
156935.1
0
0
156127.5
156259
156473.7
156760.9
157118.1
0
156351.7
156463.3
156672.9
156969.7
157331.2
156569.9
156689.8
156878.9
157169.7
157542.1
156854.1
157049.1
157320.6
157691.5
157140
157421.1
157775
157460.9
157824.6
157847.1
0
0
0
0
0
0
0
0
0
0
157605.2
157570.8
157526.9
157484.9
157447.8
0
0
0
0
0
0
0
0
0
0
157581.6
157575.5
157564.1
157549.2
157533.5
0
0
0
0
0
0
0
0
0
0
157517.1
157534
157556.8
157577.6
157586.5
0
0
0
0
0
0
0
0
0
0
157362.5
157417.9
157471.5
157530
157579
0
0
0
0
0
0
0
0
0
0
157117.2
157194.3
157294.4
157392.2
157483.8
0
0
0
0
0
0
0
0
0
156806.2
156896.5
157025.3
157179.4
157319.2
0
0
0
0
0
0
0
0
156493
156590.6
156740.3
156930.7
157135.4
0
0
0
0
0
0
0
156220.5
156328.5
156491.8
156708.9
156957.8
0
0
0
0
0
0
156013.6
156127
156306.8
156541.9
156823.7
0
0
0
0
0
155872.6
155998.3
156186.1
156443.9
156747
0
0
0
0
155810.9
155937.3
156139.9
156408
156738
0
0
0
155816.6
155953.9
156160
156444.8
156787.7
0
0
155904.9
156036.3
156253.1
156543.3
156904.4
0
156080.5
156193.8
156405.3
156705.5
157072.9
156297.9
156418.4
156609.4
156904.7
157282.6
156637.2
156834.8
157109.6
157483.1
156997.9
157278.8
157635.1
157370.3
157735.8
157775.5
0
0
0
0
0
0
0
0
0
0
157658.6
157652.5
157641.7
157625.1
157609.3
0
0
0
0
0
0
0
0
0
0
157612.7
157630.7
157655.3
157675
157684.7
0
0
0
0
0
0
0
0
0
0
157513.3
157568.5
157622.1
157681.4
157728.6
0
0
0
0
0
0
0
0
0
0
157338.9
157416.3
157515
157611.2
157700.3
0
0
0
0
0
0
0
0
0
157081.8
157173.2
157301
157450.6
157585.3
0
0
0
0
0
0
0
0
156765.9
156863.9
157012.4
157198.6
157397.2
0
0
0
0
0
0
0
156445.1
156552.5
156714.6
156929.1
157172.5
0
0
0
0
0
0
156168.8
156282
156459.6
156693.9
156971.7
0
0
0
0
0
155951.3
156076.8
156264
156519.9
156822.1
0
0
0
0
155810.9
155937.3
156139.9
156408
156738
0
0
0
155739.1
155876.6
156082.3
156368.3
156712.8
0
0
155750.8
155882.9
156101.1
156392.8
156757
0
155853.3
155971.7
156184.6
156488.4
156860.3
156027.8
156147.4
156342.2
156641.4
157024.5
156365
156565.8
156844.6
157223.8
156783.4
157067.8
157427.9
157229.7
157596.7
157687.8
0
0
0
0
0
0
0
0
0
0
157689.6
157708.6
157730.8
157750.1
157760.6
0
0
0
0
0
0
0
0
0
0
157610.7
157664.5
157718.6
157778.2
157823.9
0
0
0
0
0
0
0
0
0
0
157489.6
157567.1
157664.4
157760.2
157848.9
0
0
0
0
0
0
0
0
0
157303.2
157395
157520.8
157667.9
157800.3
0
0
0
0
0
0
0
0
157041.2
157139.8
157286.5
157469.6
157662.5
0
0
0
0
0
0
0
156718.2
156825.2
156985.5
157196.7
157434
0
0
0
0
0
0
156393.5
156506.1
156681.6
156913.2
157186.6
0
0
0
0
0
156106
156231.6
156417.5
156670.3
156970.5
0
0
0
0
155888.4
156015.7
156217.7
156484.7
156812.2
0
0
0
155739.1
155876.6
156082.3
156368.3
156712.8
0
0
155672.9
155805.7
156024.4
156316.4
156682.3
0
155698
155817.9
156032.6
156338.8
156713.3
155803.5
155920.5
156122
156424.2
156812.4
156094.9
156297.1
156581.7
156966.6
156513.6
156803.3
157168.6
157018.4
157389.5
157550
0
0
0
0
0
0
0
0
0
0
157686.9
157742.2
157794.8
157851
157898.7
0
0
0
0
0
0
0
0
0
0
157585.8
157665
157760.2
157854.8
157943.1
0
0
0
0
0
0
0
0
0
157453.1
157545.6
157670.4
157815.7
157946.1
0
0
0
0
0
0
0
0
157261.1
157361.3
157506
157686
157875.7
0
0
0
0
0
0
0
156992.5
157101
157259
157466.2
157699
0
0
0
0
0
0
156665.3
156779.2
156952
157179.7
157447.9
0
0
0
0
0
156329.5
156455.9
156639.7
156888.7
157184.6
0
0
0
0
156042.3
156170.1
156371
156635.7
156959.1
0
0
0
155816.6
155953.9
156160
156444.8
156787.7
0
0
155672.9
155805.7
156024.4
156316.4
156682.3
0
155620
155740.2
155956
156263.4
156638.6
155647.9
155765.7
155969.6
156274.6
156666.2
155870.9
156072.3
156365
156754.4
156245.8
156539
156911.8
156753.2
157130.7
157342.5
0
0
0
0
0
0
0
0
0
0
157661.8
157742
157836.2
157928.1
158015.4
0
0
0
0
0
0
0
0
0
157549.4
157642.4
157768
157909.5
158037.9
0
0
0
0
0
0
0
0
157410.4
157511.1
157655.5
157834
158020.2
0
0
0
0
0
0
0
157211.9
157320.9
157478.1
157682.4
157911.5
0
0
0
0
0
0
156938.8
157053.8
157225.3
157448.4
157711.4
0
0
0
0
0
156600.8
156727.6
156910.4
157154.7
157444.8
0
0
0
0
156265.3
156393.2
156593.3
156854.3
157172.4
0
0
0
155970.4
156107.4
156312.9
156595.6
156935.1
0
0
155750.7
155882.9
156101.1
156392.8
156757
0
155620
155740.2
155956
156263.4
156638.6
155568.9
155687.8
155892.7
156199.3
156592.6
155715.6
155918.8
156215
156608.2
156023.9
156317.8
156700.1
156489.8
156872.5
157083.2
0
0
0
0
0
0
0
0
0
157626.7
157719.2
157843.4
157982.6
158110.5
0
0
0
0
0
0
0
0
157507.1
157607.8
157751.9
157929.6
158111.1
0
0
0
0
0
0
0
157361.4
157470.2
157626.8
157830.2
158056.1
0
0
0
0
0
0
157158.1
157273.2
157442.9
157664.3
157923.7
0
0
0
0
0
156874.3
157001.5
157182.5
157423.3
157707.7
0
0
0
0
156536.3
156664.3
156862.7
157120.6
157432.1
0
0
0
156193.4
156329.9
156534
156814.4
157148.7
0
0
155904.9
156036.3
156253.1
156543.3
156904.4
0
155698
155817.9
156032.6
156338.8
156713.3
155568.9
155687.8
155892.7
156199.3
156592.6
155637.2
155841.8
156139.4
156534.5
155870.1
156166.8
156553.5
156271.4
156656.4
156826
0
0
0
0
0
0
0
0
157584.5
157686
157827.1
158002
158183.4
0
0
0
0
0
0
0
157457.2
157567.4
157723.2
157924.6
158148.7
0
0
0
0
0
0
157306.4
157422.7
157590.9
157811.3
158068.1
0
0
0
0
0
157092.4
157220.8
157399.6
157637.6
157919.6
0
0
0
0
156808.2
156938.2
157134.1
157388
157694.8
0
0
0
156463.5
156600.8
156802.8
157079.4
157408.7
0
0
156127.5
156259
156473.7
156760.9
157118.1
0
155853.3
155971.7
156184.6
156488.4
156860.3
155647.9
155765.7
155969.6
156274.6
156666.2
155637.2
155841.8
156139.4
156534.5
155792.4
156090.9
156479.6
156120.1
156508.8
156612.7
0
0
0
0
0
0
0
157534.3
157645.7
157799.8
157996.9
158220.3
0
0
0
0
0
0
157401.6
157518.9
157687.9
157905.8
158159.6
0
0
0
0
0
157240.4
157369.1
157547.9
157784.1
158063.3
0
0
0
0
157025.5
157156.4
157351.1
157601.9
157905.3
0
0
0
156735.2
156873.1
157074.2
157346.1
157670.4
0
0
156397.1
156528.9
156742.2
157025.3
157376.9
0
156080.5
156193.8
156405.3
156705.5
157072.9
155803.5
155920.5
156122
156424.2
156812.4
155715.6
155918.8
156215
156608.2
155792.4
156090.9
156479.6
156043.6
156434.7
156464.8
0
0
0
0
0
0
157478.5
157596.9
157764.5
157979.4
158231.1
0
0
0
0
0
157335.5
157464.7
157643.9
157879
158154.8
0
0
0
0
157173
157304.2
157498.2
157748.6
158048.4
0
0
0
156952.8
157090.5
157290.1
157559.9
157880.4
0
0
156668.8
156801
157012.1
157292.1
157637.9
0
156351.7
156463.3
156672.9
156969.7
157331.2
156027.8
156147.4
156342.2
156641.4
157024.5
155870.9
156072.3
156365
156754.4
155870.1
156166.8
156553.5
156043.6
156434.7
156390
0
0
0
0
0
157411.1
157542.5
157720.3
157952.7
158227.6
0
0
0
0
157266.1
157399.9
157593.5
157842.6
158140.4
0
0
0
157099.6
157237.9
157436.8
157705.4
158023.7
0
0
156885.2
157018.7
157227.1
157504.8
157847.8
0
156622.8
156735.3
156942.5
157234.9
157592.1
156297.9
156418.4
156609.4
156904.7
157282.6
156094.9
156297.1
156581.7
156966.6
156023.9
156317.8
156700.1
156120.1
156508.8
156390
0
0
0
0
157342.3
157476.4
157669.8
157916
158213.2
0
0
0
157192.5
157331.5
157532.1
157798.8
158114.7
0
0
157031.1
157165.5
157373.4
157649.8
157989.9
0
156839.3
156951.8
157158
157446.8
157801
156569.9
156689.8
156878.9
157169.7
157542.1
156365
156565.8
156844.6
157223.8
156245.8
156539
156911.8
156271.4
156656.4
156464.8
0
0
0
157268.6
157408.6
157607.1
157872.1
158187.3
0
0
157124.9
157258.8
157466.8
157743.2
158080.4
0
156984.3
157097.6
157303.5
157591.5
157942.8
156786.6
156906.4
157093.1
157381.9
157750.2
156637.2
156834.8
157109.6
157483.1
156513.6
156803.3
157168.6
156489.8
156872.5
156612.7
0
0
157201.3
157335.8
157542.3
157815.3
158152.8
0
157077.8
157191.9
157396.6
157682.9
158033.2
156929.9
157051.3
157237.8
157525.9
157891.5
156854.1
157049.1
157320.6
157691.5
156783.4
157067.8
157427.9
156753.2
157130.7
156826
0
157154.1
157269.2
157472.1
157755.5
158104.5
157022
157145.2
157331.8
157617.1
157980.1
156997.4
157192.8
157463.7
157832.2
156997.9
157278.8
157635.1
157018.4
157389.5
157083.2
157098
157222.4
157407.6
157689.6
158051.8
157089.9
157286.6
157555.8
157920.5
157140
157421.1
157775
157229.7
157596.7
157342.5
157166.9
157362.1
157628.7
157992.1
157232.4
157512.8
157864.2
157370.3
157735.8
157550
157308
157585.6
157936.1
157460.9
157824.6
157687.8
157533.4
157896.3
157775.5
157847.1
)
;

boundaryField
{
    airInlet
    {
        type            calculated;
        value           uniform 0;
    }
    airOutlet
    {
        type            calculated;
        value           uniform 0;
    }
    cathodeSides
    {
        type            calculated;
        value           uniform 0;
    }
    air_to_interconnect
    {
        type            calculated;
        value           uniform 0;
    }
    air_to_electrolyte
    {
        type            calculated;
        value           uniform 0;
    }
}


// ************************************************************************* //
