/*--------------------------------*- C++ -*----------------------------------*\
| =========                 |                                                 |
| \\      /  F ield         | OpenFOAM: The Open Source CFD Toolbox           |
|  \\    /   O peration     | Version:  2312                                  |
|   \\  /    A nd           | Website:  www.openfoam.com                      |
|    \\/     M anipulation  |                                                 |
\*---------------------------------------------------------------------------*/
FoamFile
{
    version     2.0;
    format      ascii;
    arch        "LSB;label=32;scalar=64";
    class       volScalarField;
    location    "2/electrolyte";
    object      T;
}
// * * * * * * * * * * * * * * * * * * * * * * * * * * * * * * * * * * * * * //

dimensions      [0 0 0 1 0 0 0];

internalField   nonuniform List<scalar> 
4000
(
313.3161
313.3149
313.3154
313.2759
313.3127
313.3142
313.2747
313.3144
313.2753
313.2409
313.3083
313.3119
313.2725
313.3131
313.274
313.2397
313.314
313.2742
313.2402
313.2104
313.2999
313.3074
313.268
313.3109
313.2718
313.2375
313.3127
313.273
313.239
313.2092
313.3138
313.2738
313.2392
313.2097
313.1837
313.2865
313.2988
313.2595
313.3063
313.2671
313.233
313.3104
313.2707
313.2368
313.207
313.3125
313.2725
313.238
313.2085
313.1826
313.3139
313.2736
313.2388
313.2087
313.183
313.2722
313.2851
313.2461
313.2976
313.2584
313.2243
313.3058
313.266
313.2321
313.2023
313.3102
313.2702
313.2357
313.2062
313.1803
313.3126
313.2724
313.2376
313.2075
313.1819
313.3141
313.2737
313.2387
313.2083
313.182
313.2606
313.2705
313.2319
313.2838
313.2447
313.2108
313.297
313.2572
313.2232
313.1936
313.3056
313.2655
313.231
313.2015
313.1756
313.3103
313.2701
313.2352
313.2052
313.1796
313.3128
313.2724
313.2374
313.2071
313.1808
313.3143
313.2739
313.2387
313.2081
313.1816
313.2528
313.2587
313.2205
313.2691
313.2302
313.1967
313.283
313.2433
313.2094
313.1801
313.2968
313.2566
313.222
313.1925
313.1668
313.3056
313.2653
313.2304
313.2004
313.1747
313.3105
313.2701
313.2351
313.2047
313.1785
313.313
313.2726
313.2375
313.2069
313.1804
313.3147
313.2742
313.2389
313.2082
313.1815
313.2491
313.2508
313.2128
313.2571
313.2185
313.1854
313.2682
313.2288
313.195
313.166
313.2827
313.2426
313.2081
313.1787
313.1531
313.2968
313.2564
313.2214
313.1913
313.1657
313.3058
313.2654
313.2303
313.1999
313.1737
313.3107
313.2703
313.2351
313.2046
313.1781
313.3134
313.2729
313.2377
313.207
313.1803
313.3152
313.2745
313.2392
313.2084
313.1816
313.2491
313.2469
313.2091
313.2491
313.2108
313.1779
313.2561
313.217
313.1835
313.1548
313.2679
313.2279
313.1936
313.1643
313.1391
313.2827
313.2423
313.2073
313.1773
313.1518
313.297
313.2564
313.2212
313.1907
313.1645
313.3061
313.2656
313.2303
313.1997
313.1732
313.3111
313.2706
313.2353
313.2046
313.178
313.3138
313.2733
313.238
313.2072
313.1804
313.3157
313.275
313.2396
313.2087
313.1818
313.2528
313.2469
313.2091
313.2452
313.207
313.1743
313.2481
313.2091
313.1759
313.1474
313.2558
313.216
313.182
313.1529
313.128
313.2679
313.2276
313.1927
313.1629
313.1375
313.2829
313.2423
313.2071
313.1765
313.1504
313.2973
313.2566
313.2212
313.1905
313.1639
313.3064
313.2659
313.2305
313.1997
313.173
313.3115
313.2709
313.2356
313.2049
313.178
313.3144
313.2737
313.2383
313.2075
313.1806
313.3159
313.2755
313.24
313.2091
313.1821
313.2606
313.2508
313.2128
313.2452
313.207
313.1743
313.2442
313.2053
313.1721
313.1438
313.2478
313.2081
313.1742
313.1454
313.1207
313.2558
313.2157
313.181
313.1514
313.1261
313.2681
313.2276
313.1924
313.162
313.1361
313.2833
313.2425
313.2071
313.1763
313.1497
313.2977
313.2569
313.2214
313.1905
313.1637
313.3069
313.2662
313.2308
313.2
313.1731
313.3121
313.2714
313.236
313.2052
313.1783
313.3146
313.2743
313.2388
313.2079
313.1809
313.3159
313.2757
313.2406
313.2096
313.1825
313.2722
313.2587
313.2205
313.2491
313.2108
313.1779
313.2442
313.2053
313.1721
313.1438
313.2438
313.2043
313.1705
313.1417
313.1171
313.2478
313.2078
313.1732
313.1438
313.1187
313.256
313.2157
313.1807
313.1504
313.1246
313.2684
313.2278
313.1924
313.1617
313.1352
313.2837
313.2428
313.2073
313.1763
313.1494
313.2981
313.2573
313.2217
313.1907
313.1638
313.3074
313.2666
313.2312
313.2003
313.1733
313.3123
313.2719
313.2364
313.2055
313.1786
313.3146
313.2745
313.2393
313.2083
313.1813
313.3159
313.2757
313.2408
313.2101
313.183
313.2865
313.2705
313.2319
313.2571
313.2185
313.1854
313.2481
313.2091
313.1759
313.1474
313.2438
313.2043
313.1705
313.1417
313.1171
313.2438
313.2039
313.1694
313.14
313.115
313.248
313.2078
313.1729
313.1427
313.1171
313.2564
313.2159
313.1806
313.1501
313.1236
313.2689
313.2281
313.1926
313.1617
313.1349
313.2841
313.2432
313.2076
313.1765
313.1495
313.2987
313.2577
313.2221
313.1911
313.164
313.3077
313.2672
313.2316
313.2006
313.1736
313.3123
313.2722
313.237
313.206
313.1789
313.3147
313.2745
313.2395
313.2089
313.1818
313.316
313.2758
313.2407
313.2103
313.1836
313.2999
313.2851
313.2461
313.2691
313.2302
313.1967
313.2561
313.217
313.1835
313.1548
313.2478
313.2081
313.1742
313.1454
313.1207
313.2438
313.2039
313.1694
313.14
313.115
313.2441
313.2039
313.1691
313.139
313.1134
313.2484
313.208
313.1729
313.1424
313.116
313.2568
313.2163
313.1809
313.1501
313.1233
313.2693
313.2286
313.193
313.1619
313.1349
313.2847
313.2437
313.208
313.1769
313.1497
313.299
313.2583
313.2225
313.1914
313.1643
313.3077
313.2675
313.2322
313.2011
313.174
313.3124
313.2722
313.2372
313.2065
313.1794
313.3148
313.2745
313.2395
313.2091
313.1824
313.3161
313.2759
313.2408
313.2102
313.1837
313.3083
313.2988
313.2595
313.2838
313.2447
313.2108
313.2682
313.2288
313.195
313.166
313.2558
313.216
313.182
313.1529
313.128
313.2478
313.2078
313.1732
313.1438
313.1187
313.2441
313.2039
313.1691
313.139
313.1134
313.2445
313.2042
313.1691
313.1386
313.1123
313.2488
313.2084
313.1731
313.1424
313.1157
313.2573
313.2167
313.1813
313.1503
313.1233
313.27
313.229
313.1934
313.1623
313.1351
313.2851
313.2443
313.2085
313.1773
313.15
313.2991
313.2586
313.2232
313.1919
313.1647
313.3078
313.2675
313.2325
313.2017
313.1744
313.3125
313.2723
313.2372
313.2068
313.18
313.3148
313.2746
313.2396
313.209
313.1825
313.3161
313.2759
313.2409
313.2103
313.1836
313.3127
313.3074
313.268
313.2976
313.2584
313.2243
313.283
313.2433
313.2094
313.1801
313.2679
313.2279
313.1936
313.1643
313.1391
313.2558
313.2157
313.181
313.1514
313.1261
313.248
313.2078
313.1729
313.1427
313.1171
313.2445
313.2042
313.1691
313.1386
313.1123
313.2449
313.2046
313.1693
313.1386
313.112
313.2493
313.2088
313.1735
313.1426
313.1157
313.258
313.2172
313.1817
313.1507
313.1235
313.2704
313.2297
313.1939
313.1627
313.1355
313.2853
313.2447
313.2091
313.1777
313.1504
313.2992
313.2587
313.2235
313.1925
313.1651
313.308
313.2676
313.2324
313.2019
313.175
313.3126
313.2724
313.2373
313.2067
313.1802
313.3149
313.2747
313.2397
313.2091
313.1825
313.3161
313.276
313.2409
313.2104
313.1837
313.3149
313.3119
313.2725
313.3063
313.2671
313.233
313.297
313.2572
313.2232
313.1936
313.2827
313.2426
313.2081
313.1787
313.1531
313.2679
313.2276
313.1927
313.1629
313.1375
313.256
313.2157
313.1807
313.1504
313.1246
313.2484
313.208
313.1729
313.1424
313.116
313.2449
313.2046
313.1693
313.1386
313.112
313.2454
313.205
313.1697
313.1389
313.112
313.25
313.2094
313.174
313.143
313.1159
313.2585
313.2179
313.1822
313.1511
313.1239
313.2706
313.2302
313.1946
313.1632
313.1359
313.2854
313.2448
313.2095
313.1784
313.1509
313.2993
313.2588
313.2235
313.1928
313.1658
313.308
313.2677
313.2325
313.2019
313.1753
313.3126
313.2724
313.2374
313.2068
313.1801
313.3149
313.2747
313.2397
313.2092
313.1825
313.3161
313.276
313.241
313.2104
313.1837
313.3161
313.3142
313.2747
313.3109
313.2718
313.2375
313.3058
313.266
313.2321
313.2023
313.2968
313.2566
313.222
313.1925
313.1668
313.2827
313.2423
313.2073
313.1773
313.1518
313.2681
313.2276
313.1924
313.162
313.1361
313.2564
313.2159
313.1806
313.1501
313.1236
313.2488
313.2084
313.1731
313.1424
313.1157
313.2454
313.205
313.1697
313.1389
313.112
313.2461
313.2055
313.1702
313.1393
313.1122
313.2505
313.2101
313.1745
313.1435
313.1163
313.2587
313.2184
313.1829
313.1516
313.1244
313.2708
313.2303
313.195
313.1639
313.1364
313.2856
313.245
313.2096
313.1788
313.1516
313.2994
313.259
313.2236
313.1929
313.1661
313.3081
313.2678
313.2327
313.202
313.1752
313.3126
313.2725
313.2374
313.2069
313.1802
313.3148
313.2747
313.2398
313.2092
313.1826
313.3161
313.276
313.241
313.2105
313.1838
313.3154
313.2759
313.3131
313.274
313.2397
313.3104
313.2707
313.2368
313.207
313.3056
313.2655
313.231
313.2015
313.1756
313.2968
313.2564
313.2214
313.1913
313.1657
313.2829
313.2423
313.2071
313.1765
313.1504
313.2684
313.2278
313.1924
313.1617
313.1352
313.2568
313.2163
313.1809
313.1501
313.1233
313.2493
313.2088
313.1735
313.1426
313.1157
313.2461
313.2055
313.1702
313.1393
313.1122
313.2466
313.2062
313.1707
313.1397
313.1126
313.2508
313.2106
313.1752
313.144
313.1168
313.2589
313.2186
313.1834
313.1523
313.1249
313.271
313.2305
313.1952
313.1644
313.1371
313.2857
313.2452
313.2098
313.1789
313.152
313.2995
313.2591
313.2238
313.193
313.1661
313.3081
313.2678
313.2327
313.2021
313.1753
313.3126
313.2725
313.2375
313.2069
313.1803
313.3148
313.2747
313.2398
313.2093
313.1826
313.3161
313.2759
313.241
313.2105
313.1838
313.3144
313.2753
313.2409
313.3127
313.273
313.239
313.2092
313.3102
313.2702
313.2357
313.2062
313.1803
313.3056
313.2653
313.2304
313.2004
313.1747
313.297
313.2564
313.2212
313.1907
313.1645
313.2833
313.2425
313.2071
313.1763
313.1497
313.2689
313.2281
313.1926
313.1617
313.1349
313.2573
313.2167
313.1813
313.1503
313.1233
313.25
313.2094
313.174
313.143
313.1159
313.2466
313.2062
313.1707
313.1397
313.1126
313.2469
313.2068
313.1714
313.1403
313.1131
313.251
313.2108
313.1757
313.1447
313.1173
313.2591
313.2188
313.1836
313.1529
313.1256
313.2711
313.2307
313.1954
313.1645
313.1376
313.2858
313.2453
313.2099
313.179
313.1521
313.2995
313.2591
313.2239
313.1931
313.1662
313.3081
313.2678
313.2328
313.2022
313.1754
313.3126
313.2724
313.2375
313.207
313.1803
313.3148
313.2747
313.2397
313.2093
313.1827
313.3161
313.2759
313.2409
313.2104
313.1838
313.314
313.2742
313.2402
313.2104
313.3125
313.2725
313.238
313.2085
313.1826
313.3103
313.2701
313.2352
313.2052
313.1796
313.3058
313.2654
313.2303
313.1999
313.1737
313.2973
313.2566
313.2212
313.1905
313.1639
313.2837
313.2428
313.2073
313.1763
313.1494
313.2693
313.2286
313.193
313.1619
313.1349
313.258
313.2172
313.1817
313.1507
313.1235
313.2505
313.2101
313.1745
313.1435
313.1163
313.2469
313.2068
313.1714
313.1403
313.1131
313.2471
313.207
313.1719
313.141
313.1136
313.2512
313.211
313.1759
313.1453
313.1181
313.2593
313.219
313.1838
313.153
313.1261
313.2712
313.2308
313.1956
313.1647
313.1377
313.2858
313.2454
313.21
313.1792
313.1522
313.2995
313.2591
313.2239
313.1932
313.1663
313.3081
313.2678
313.2328
313.2022
313.1755
313.3126
313.2724
313.2375
313.207
313.1803
313.3149
313.2747
313.2397
313.2092
313.1827
313.3162
313.276
313.2409
313.2104
313.1838
313.3138
313.2738
313.2392
313.2097
313.1837
313.3126
313.2724
313.2376
313.2075
313.1819
313.3105
313.2701
313.2351
313.2047
313.1785
313.3061
313.2656
313.2303
313.1997
313.1732
313.2977
313.2569
313.2214
313.1905
313.1637
313.2841
313.2432
313.2076
313.1765
313.1495
313.27
313.229
313.1934
313.1623
313.1351
313.2585
313.2179
313.1822
313.1511
313.1239
313.2508
313.2106
313.1752
313.144
313.1168
313.2471
313.207
313.1719
313.141
313.1136
313.2474
313.2072
313.1722
313.1415
313.1144
313.2514
313.2112
313.1761
313.1454
313.1186
313.2594
313.2192
313.184
313.1532
313.1263
313.2712
313.2309
313.1957
313.1649
313.1379
313.2857
313.2454
313.2101
313.1793
313.1523
313.2995
313.2591
313.2239
313.1932
313.1664
313.3081
313.2678
313.2327
313.2022
313.1755
313.3126
313.2724
313.2374
313.2069
313.1803
313.3149
313.2747
313.2397
313.2092
313.1826
313.3162
313.276
313.241
313.2104
313.1838
313.3139
313.2736
313.2388
313.2087
313.183
313.3128
313.2724
313.2374
313.2071
313.1808
313.3107
313.2703
313.2351
313.2046
313.1781
313.3064
313.2659
313.2305
313.1997
313.173
313.2981
313.2573
313.2217
313.1907
313.1638
313.2847
313.2437
313.208
313.1769
313.1497
313.2704
313.2297
313.1939
313.1627
313.1355
313.2587
313.2184
313.1829
313.1516
313.1244
313.251
313.2108
313.1757
313.1447
313.1173
313.2474
313.2072
313.1722
313.1415
313.1144
313.2475
313.2074
313.1724
313.1417
313.1149
313.2515
313.2114
313.1764
313.1456
313.1188
313.2594
313.2192
313.1842
313.1534
313.1265
313.2712
313.2309
313.1958
313.165
313.1381
313.2858
313.2453
313.2101
313.1794
313.1524
313.2995
313.2591
313.2239
313.1932
313.1664
313.3081
313.2678
313.2327
313.2022
313.1755
313.3127
313.2725
313.2374
313.2069
313.1803
313.3149
313.2748
313.2397
313.2092
313.1826
313.3161
313.276
313.241
313.2104
313.1838
313.314
313.2737
313.2387
313.2083
313.182
313.313
313.2726
313.2375
313.2069
313.1804
313.3111
313.2706
313.2353
313.2046
313.178
313.3069
313.2662
313.2308
313.2
313.1731
313.2987
313.2577
313.2221
313.1911
313.164
313.2851
313.2443
313.2085
313.1773
313.15
313.2706
313.2302
313.1946
313.1632
313.1359
313.2589
313.2186
313.1834
313.1523
313.1249
313.2512
313.211
313.1759
313.1452
313.1181
313.2475
313.2074
313.1724
313.1417
313.1149
313.2476
313.2076
313.1726
313.1419
313.1151
313.2515
313.2115
313.1765
313.1459
313.119
313.2593
313.2193
313.1842
313.1536
313.1267
313.2712
313.2309
313.1958
313.1651
313.1382
313.2858
313.2453
313.2101
313.1794
313.1525
313.2995
313.2591
313.2239
313.1932
313.1664
313.3081
313.2678
313.2327
313.2022
313.1755
313.3127
313.2725
313.2375
313.2069
313.1803
313.3148
313.2747
313.2398
313.2093
313.1826
313.3161
313.2759
313.241
313.2105
313.1838
313.3143
313.2739
313.2387
313.2081
313.1816
313.3134
313.2729
313.2377
313.207
313.1803
313.3115
313.2709
313.2356
313.2049
313.178
313.3074
313.2666
313.2312
313.2003
313.1733
313.299
313.2583
313.2225
313.1914
313.1643
313.2853
313.2447
313.2091
313.1777
313.1504
313.2708
313.2303
313.195
313.1639
313.1364
313.2591
313.2188
313.1836
313.1529
313.1256
313.2514
313.2112
313.1761
313.1454
313.1186
313.2476
313.2076
313.1726
313.1419
313.1151
313.2476
313.2077
313.1728
313.1422
313.1153
313.2514
313.2115
313.1766
313.146
313.1192
313.2594
313.2192
313.1842
313.1536
313.1268
313.2712
313.2309
313.1957
313.1651
313.1382
313.2858
313.2453
313.2101
313.1793
313.1525
313.2996
313.2591
313.2239
313.1932
313.1664
313.3081
313.2679
313.2328
313.2022
313.1755
313.3126
313.2725
313.2375
313.207
313.1803
313.3148
313.2747
313.2398
313.2093
313.1826
313.3161
313.2759
313.2409
313.2105
313.1838
313.3147
313.2742
313.2389
313.2082
313.1815
313.3138
313.2733
313.238
313.2072
313.1804
313.3121
313.2714
313.236
313.2051
313.1783
313.3077
313.2672
313.2316
313.2006
313.1736
313.2991
313.2586
313.2232
313.1919
313.1647
313.2854
313.2448
313.2095
313.1784
313.1509
313.271
313.2305
313.1952
313.1644
313.1371
313.2593
313.219
313.1838
313.153
313.1261
313.2515
313.2114
313.1764
313.1456
313.1188
313.2476
313.2077
313.1728
313.1422
313.1153
313.2475
313.2077
313.1728
313.1423
313.1155
313.2515
313.2114
313.1766
313.1461
313.1193
313.2594
313.2192
313.1842
313.1537
313.1269
313.2713
313.2309
313.1957
313.165
313.1383
313.2859
313.2454
313.2101
313.1793
313.1524
313.2995
313.2592
313.2239
313.1932
313.1664
313.308
313.2679
313.2328
313.2022
313.1755
313.3126
313.2724
313.2375
313.207
313.1803
313.3149
313.2747
313.2397
313.2093
313.1827
313.3161
313.276
313.2409
313.2104
313.1838
313.3152
313.2745
313.2392
313.2084
313.1816
313.3144
313.2737
313.2383
313.2075
313.1806
313.3123
313.2719
313.2364
313.2055
313.1786
313.3077
313.2675
313.2322
313.2011
313.174
313.2992
313.2587
313.2235
313.1925
313.1651
313.2856
313.245
313.2096
313.1788
313.1516
313.2711
313.2307
313.1954
313.1645
313.1376
313.2594
313.2192
313.184
313.1532
313.1263
313.2515
313.2115
313.1765
313.1459
313.119
313.2475
313.2077
313.1728
313.1423
313.1155
313.2476
313.2076
313.1729
313.1424
313.1157
313.2515
313.2115
313.1765
313.1461
313.1194
313.2594
313.2192
313.1842
313.1536
313.1269
313.2713
313.231
313.1958
313.165
313.1382
313.2858
313.2454
313.2101
313.1793
313.1524
313.2995
313.2592
313.224
313.1932
313.1664
313.3081
313.2678
313.2328
313.2022
313.1755
313.3126
313.2724
313.2374
313.207
313.1804
313.3149
313.2747
313.2397
313.2092
313.1826
313.3162
313.276
313.2409
313.2104
313.1838
313.3157
313.275
313.2396
313.2087
313.1818
313.3146
313.2743
313.2388
313.2079
313.1809
313.3123
313.2722
313.237
313.206
313.1789
313.3078
313.2675
313.2325
313.2017
313.1744
313.2993
313.2588
313.2235
313.1928
313.1658
313.2857
313.2452
313.2098
313.1789
313.152
313.2712
313.2308
313.1956
313.1647
313.1377
313.2594
313.2192
313.1842
313.1534
313.1265
313.2514
313.2115
313.1766
313.146
313.1192
313.2476
313.2076
313.1729
313.1424
313.1157
313.2476
313.2077
313.1728
313.1424
313.1157
313.2515
313.2115
313.1766
313.146
313.1194
313.2595
313.2193
313.1842
313.1536
313.1268
313.2713
313.231
313.1958
313.1651
313.1382
313.2857
313.2454
313.2102
313.1794
313.1524
313.2995
313.2591
313.2239
313.1933
313.1664
313.3081
313.2678
313.2327
313.2022
313.1755
313.3126
313.2724
313.2374
313.2069
313.1803
313.315
313.2747
313.2397
313.2092
313.1826
313.3164
313.2761
313.241
313.2104
313.1838
313.3159
313.2755
313.24
313.2091
313.1821
313.3146
313.2745
313.2393
313.2083
313.1813
313.3124
313.2722
313.2372
313.2065
313.1794
313.308
313.2676
313.2324
313.2019
313.175
313.2994
313.259
313.2236
313.1929
313.1661
313.2858
313.2453
313.2099
313.179
313.152
313.2712
313.2309
313.1957
313.1649
313.1379
313.2593
313.2193
313.1842
313.1536
313.1267
313.2515
313.2114
313.1766
313.1461
313.1193
313.2476
313.2077
313.1728
313.1424
313.1157
313.2476
313.2077
313.1728
313.1424
313.1158
313.2516
313.2115
313.1766
313.1461
313.1193
313.2595
313.2194
313.1843
313.1536
313.1269
313.2712
313.231
313.1959
313.1651
313.1382
313.2857
313.2453
313.2102
313.1794
313.1525
313.2995
313.2591
313.2239
313.1933
313.1665
313.3081
313.2678
313.2327
313.2021
313.1755
313.3127
313.2724
313.2374
313.2069
313.1803
313.3151
313.2748
313.2397
313.2092
313.1826
313.3165
313.2762
313.2411
313.2104
313.1838
313.3159
313.2757
313.2406
313.2096
313.1825
313.3147
313.2745
313.2395
313.2089
313.1818
313.3125
313.2723
313.2372
313.2068
313.18
313.308
313.2677
313.2325
313.2019
313.1753
313.2995
313.2591
313.2238
313.193
313.1661
313.2858
313.2453
313.21
313.1792
313.1522
313.2712
313.2309
313.1958
313.165
313.138
313.2594
313.2192
313.1842
313.1536
313.1268
313.2515
313.2115
313.1765
313.1461
313.1194
313.2476
313.2077
313.1728
313.1424
313.1158
313.2477
313.2077
313.1728
313.1424
313.1157
313.2516
313.2116
313.1766
313.1461
313.1194
313.2593
313.2193
313.1843
313.1537
313.1269
313.2712
313.2309
313.1958
313.1652
313.1383
313.2858
313.2453
313.2101
313.1794
313.1525
313.2995
313.2591
313.2239
313.1932
313.1665
313.3082
313.2678
313.2327
313.2021
313.1754
313.3129
313.2726
313.2374
313.2069
313.1803
313.3152
313.2749
313.2398
313.2092
313.1826
313.3165
313.2763
313.2412
313.2105
313.1838
313.3159
313.2757
313.2408
313.2101
313.183
313.3148
313.2745
313.2395
313.2091
313.1824
313.3126
313.2724
313.2373
313.2067
313.1802
313.3081
313.2678
313.2327
313.202
313.1752
313.2995
313.2591
313.2239
313.1931
313.1662
313.2857
313.2454
313.2101
313.1793
313.1523
313.2712
313.2309
313.1958
313.1651
313.1382
313.2594
313.2192
313.1842
313.1537
313.1269
313.2515
313.2115
313.1766
313.146
313.1194
313.2477
313.2077
313.1728
313.1424
313.1157
313.2477
313.2078
313.1729
313.1424
313.1157
313.2514
313.2116
313.1767
313.1461
313.1194
313.2593
313.2192
313.1843
313.1537
313.1269
313.2712
313.2309
313.1957
313.1651
313.1383
313.2858
313.2453
313.2101
313.1793
313.1525
313.2996
313.2591
313.2239
313.1932
313.1664
313.3084
313.268
313.2327
313.2022
313.1754
313.313
313.2727
313.2376
313.2069
313.1803
313.3152
313.275
313.24
313.2093
313.1826
313.3165
313.2763
313.2413
313.2107
313.1839
313.316
313.2758
313.2407
313.2103
313.1836
313.3148
313.2746
313.2396
313.209
313.1825
313.3126
313.2724
313.2374
313.2068
313.1801
313.3081
313.2678
313.2327
313.2021
313.1753
313.2995
313.2591
313.2239
313.1932
313.1663
313.2858
313.2453
313.2101
313.1794
313.1524
313.2712
313.2309
313.1957
313.1651
313.1382
313.2594
313.2192
313.1842
313.1536
313.1269
313.2516
313.2115
313.1766
313.1461
313.1193
313.2477
313.2078
313.1729
313.1424
313.1157
313.2475
313.2078
313.173
313.1424
313.1157
313.2514
313.2114
313.1767
313.1462
313.1194
313.2594
313.2192
313.1842
313.1537
313.127
313.2712
313.2309
313.1957
313.165
313.1383
313.286
313.2453
313.2101
313.1793
313.1524
313.2998
313.2592
313.2239
313.1932
313.1664
313.3085
313.2681
313.2329
313.2022
313.1755
313.313
313.2728
313.2377
313.2071
313.1803
313.3152
313.2751
313.2401
313.2095
313.1827
313.3165
313.2763
313.2413
313.2107
313.184
313.3161
313.2759
313.2408
313.2102
313.1837
313.3149
313.2747
313.2397
313.2091
313.1825
313.3126
313.2725
313.2374
313.2069
313.1802
313.3081
313.2678
313.2328
313.2022
313.1754
313.2995
313.2591
313.2239
313.1932
313.1664
313.2858
313.2453
313.2101
313.1794
313.1525
313.2713
313.2309
313.1957
313.165
313.1382
313.2595
313.2193
313.1842
313.1536
313.1268
313.2516
313.2116
313.1766
313.1461
313.1194
313.2475
313.2078
313.173
313.1424
313.1157
313.2476
313.2076
313.1729
313.1425
313.1158
313.2515
313.2114
313.1765
313.1462
313.1195
313.2594
313.2193
313.1842
313.1536
313.127
313.2714
313.2309
313.1958
313.165
313.1382
313.2862
313.2455
313.2101
313.1793
313.1524
313.2999
313.2594
313.224
313.1932
313.1664
313.3085
313.2682
313.233
313.2023
313.1755
313.313
313.2728
313.2378
313.2072
313.1804
313.3152
313.2751
313.2401
313.2096
313.1828
313.3165
313.2763
313.2413
313.2108
313.1841
313.3161
313.2759
313.2409
313.2103
313.1836
313.3149
313.2747
313.2397
313.2092
313.1825
313.3126
313.2725
313.2375
313.2069
313.1803
313.3081
313.2678
313.2328
313.2022
313.1755
313.2995
313.2591
313.2239
313.1932
313.1664
313.2858
313.2453
313.2101
313.1793
313.1525
313.2713
313.231
313.1957
313.165
313.1382
313.2595
313.2194
313.1843
313.1536
313.1269
313.2514
313.2116
313.1767
313.1461
313.1194
313.2476
313.2076
313.1729
313.1425
313.1158
313.2476
313.2076
313.1728
313.1425
313.1159
313.2515
313.2115
313.1765
313.146
313.1195
313.2596
313.2192
313.1842
313.1536
313.1268
313.2717
313.2311
313.1957
313.1651
313.1382
313.2863
313.2457
313.2103
313.1793
313.1525
313.3
313.2595
313.2242
313.1933
313.1664
313.3085
313.2683
313.2331
313.2024
313.1756
313.313
313.2728
313.2378
313.2073
313.1805
313.3152
313.2751
313.2401
313.2096
313.1829
313.3165
313.2763
313.2413
313.2108
313.1841
313.3161
313.276
313.2409
313.2104
313.1837
313.3148
313.2747
313.2398
313.2092
313.1826
313.3126
313.2724
313.2375
313.207
313.1803
313.3081
313.2678
313.2327
313.2022
313.1755
313.2995
313.2591
313.2239
313.1932
313.1664
313.2859
313.2454
313.2101
313.1793
313.1524
313.2713
313.231
313.1958
313.1651
313.1382
313.2593
313.2193
313.1843
313.1537
313.1269
313.2514
313.2114
313.1767
313.1462
313.1194
313.2476
313.2076
313.1728
313.1425
313.1159
313.2476
313.2077
313.1728
313.1423
313.1158
313.2517
313.2115
313.1766
313.146
313.1193
313.2598
313.2195
313.1842
313.1536
313.1268
313.2718
313.2313
313.196
313.165
313.1382
313.2864
313.2459
313.2105
313.1795
313.1524
313.3
313.2596
313.2243
313.1935
313.1665
313.3085
313.2683
313.2332
313.2025
313.1757
313.313
313.2728
313.2378
313.2073
313.1806
313.3153
313.2751
313.2401
313.2096
313.183
313.3166
313.2763
313.2413
313.2108
313.1841
313.3161
313.276
313.241
313.2104
313.1837
313.3148
313.2747
313.2398
313.2093
313.1826
313.3126
313.2724
313.2375
313.207
313.1803
313.3081
313.2678
313.2327
313.2022
313.1755
313.2996
313.2591
313.2239
313.1932
313.1664
313.2858
313.2454
313.2101
313.1793
313.1524
313.2712
313.231
313.1959
313.1651
313.1382
313.2593
313.2192
313.1843
313.1537
313.1269
313.2515
313.2114
313.1765
313.1462
313.1195
313.2476
313.2077
313.1728
313.1423
313.1158
313.2478
313.2077
313.1729
313.1423
313.1157
313.252
313.2117
313.1766
313.1461
313.1193
313.26
313.2197
313.1844
313.1536
313.1269
313.2719
313.2315
313.1962
313.1653
313.1382
313.2864
313.2459
313.2106
313.1797
313.1526
313.3
313.2596
313.2244
313.1936
313.1667
313.3085
313.2682
313.2332
313.2026
313.1758
313.313
313.2728
313.2378
313.2073
313.1807
313.3153
313.2751
313.2401
313.2096
313.183
313.3166
313.2764
313.2413
313.2108
313.1841
313.3161
313.276
313.241
313.2105
313.1838
313.3148
313.2747
313.2397
313.2093
313.1827
313.3126
313.2724
313.2374
313.2069
313.1803
313.3081
313.2678
313.2327
313.2022
313.1755
313.2995
313.2592
313.2239
313.1932
313.1664
313.2857
313.2454
313.2102
313.1794
313.1524
313.2712
313.2309
313.1958
313.1652
313.1382
313.2594
313.2192
313.1842
313.1537
313.127
313.2515
313.2115
313.1765
313.146
313.1195
313.2478
313.2077
313.1729
313.1423
313.1157
313.2481
313.2079
313.1728
313.1424
313.1157
313.2522
313.212
313.1768
313.1461
313.1194
313.2601
313.2199
313.1847
313.1538
313.1268
313.2719
313.2316
313.1964
313.1655
313.1384
313.2863
313.2459
313.2107
313.1798
313.1528
313.3
313.2595
313.2244
313.1937
313.1668
313.3085
313.2682
313.2331
313.2026
313.1759
313.3131
313.2729
313.2378
313.2073
313.1807
313.3153
313.2751
313.2401
313.2096
313.1829
313.3165
313.2764
313.2414
313.2108
313.1841
313.3161
313.2759
313.241
313.2105
313.1838
313.3149
313.2747
313.2397
313.2092
313.1827
313.3127
313.2725
313.2374
313.2069
313.1803
313.3081
313.2679
313.2328
313.2022
313.1755
313.2995
313.2591
313.224
313.1932
313.1664
313.2857
313.2453
313.2102
313.1794
313.1525
313.2712
313.2309
313.1957
313.1651
313.1383
313.2594
313.2193
313.1842
313.1536
313.127
313.2517
313.2115
313.1766
313.146
313.1193
313.2481
313.2079
313.1728
313.1424
313.1157
313.2483
313.2082
313.1731
313.1424
313.1157
313.2522
313.2122
313.1771
313.1463
313.1194
313.2601
313.22
313.1849
313.1541
313.1271
313.2718
313.2316
313.1964
313.1656
313.1386
313.2863
313.2459
313.2107
313.1799
313.153
313.3
313.2596
313.2243
313.1937
313.1669
313.3086
313.2682
313.2332
313.2025
313.1759
313.3131
313.2729
313.2378
313.2073
313.1806
313.3152
313.2751
313.2401
313.2096
313.183
313.3163
313.2763
313.2414
313.2108
313.1841
313.3161
313.2759
313.2409
313.2104
313.1838
313.3149
313.2747
313.2397
313.2092
313.1826
313.3127
313.2725
313.2375
313.2069
313.1803
313.308
313.2679
313.2328
313.2022
313.1755
313.2995
313.2591
313.2239
313.1933
313.1664
313.2858
313.2453
313.2101
313.1794
313.1525
313.2712
313.2309
313.1957
313.165
313.1383
313.2596
313.2192
313.1842
313.1536
313.1268
313.252
313.2117
313.1766
313.1461
313.1193
313.2483
313.2082
313.1731
313.1424
313.1157
313.2484
313.2084
313.1733
313.1426
313.1157
313.2522
313.2122
313.1773
313.1466
313.1196
313.26
313.2199
313.1849
313.1543
313.1273
313.2718
313.2315
313.1964
313.1657
313.1388
313.2863
313.2459
313.2106
313.1799
313.153
313.3
313.2596
313.2244
313.1936
313.1669
313.3086
313.2683
313.2332
313.2026
313.1758
313.313
313.2729
313.2379
313.2073
313.1807
313.3151
313.2751
313.2401
313.2096
313.183
313.2762
313.2413
313.2108
313.1842
313.3162
313.276
313.2409
313.2104
313.1838
313.3149
313.2748
313.2397
313.2092
313.1826
313.3126
313.2725
313.2375
313.207
313.1803
313.308
313.2678
313.2328
313.2022
313.1755
313.2995
313.2591
313.2239
313.1933
313.1665
313.2858
313.2453
313.2101
313.1793
313.1525
313.2714
313.2309
313.1958
313.165
313.1382
313.2598
313.2195
313.1842
313.1536
313.1268
313.2522
313.212
313.1768
313.1461
313.1194
313.2484
313.2084
313.1733
313.1426
313.1157
313.2484
313.2084
313.1735
313.1429
313.116
313.2521
313.2122
313.1773
313.1468
313.1198
313.26
313.2199
313.1849
313.1543
313.1275
313.2718
313.2315
313.1963
313.1657
313.1388
313.2864
313.2459
313.2106
313.1798
313.153
313.3
313.2596
313.2244
313.1936
313.1668
313.3085
313.2683
313.2332
313.2026
313.1759
313.3129
313.2728
313.2379
313.2074
313.1807
313.275
313.2401
313.2096
313.183
313.2412
313.2108
313.1842
313.3162
313.276
313.241
313.2104
313.1838
313.3148
313.2747
313.2398
313.2093
313.1826
313.3126
313.2724
313.2375
313.207
313.1803
313.3081
313.2678
313.2327
313.2022
313.1755
313.2995
313.2591
313.2239
313.1932
313.1664
313.286
313.2453
313.2101
313.1793
313.1524
313.2716
313.2311
313.1957
313.1651
313.1382
313.26
313.2197
313.1844
313.1536
313.1269
313.2522
313.2122
313.177
313.1463
313.1194
313.2484
313.2084
313.1735
313.1429
313.116
313.2483
313.2084
313.1736
313.1431
313.1162
313.2521
313.2121
313.1773
313.1468
313.1201
313.26
313.2199
313.1848
313.1543
313.1276
313.2719
313.2315
313.1963
313.1656
313.1388
313.2864
313.2459
313.2106
313.1798
313.1529
313.2999
313.2596
313.2244
313.1937
313.1668
313.3084
313.2682
313.2332
313.2026
313.1759
313.2727
313.2378
313.2074
313.1807
313.24
313.2096
313.183
313.2107
313.1841
313.3161
313.276
313.241
313.2104
313.1838
313.3148
313.2747
313.2398
313.2093
313.1826
313.3126
313.2724
313.2374
313.207
313.1804
313.3081
313.2678
313.2327
313.2021
313.1755
313.2996
313.2591
313.2239
313.1932
313.1664
313.2861
313.2455
313.2101
313.1793
313.1524
313.2718
313.2313
313.196
313.165
313.1382
313.2601
313.2199
313.1847
313.1538
313.1268
313.2522
313.2122
313.1773
313.1465
313.1196
313.2483
313.2084
313.1736
313.1431
313.1162
313.2483
313.2083
313.1736
313.1431
313.1164
313.2521
313.2121
313.1772
313.1468
313.1201
313.2601
313.2199
313.1848
313.1542
313.1275
313.2719
313.2316
313.1964
313.1656
313.1388
313.2862
313.246
313.2107
313.1799
313.153
313.2999
313.2595
313.2244
313.1937
313.1668
313.2682
313.2331
313.2026
313.1759
313.2378
313.2073
313.1807
313.2095
313.1829
313.1841
313.3161
313.2759
313.241
313.2105
313.1838
313.3148
313.2747
313.2397
313.2093
313.1827
313.3126
313.2724
313.2374
313.2069
313.1803
313.3082
313.2678
313.2327
313.2021
313.1754
313.2998
313.2592
313.2239
313.1932
313.1664
313.2863
313.2457
313.2103
313.1793
313.1525
313.2719
313.2315
313.1962
313.1652
313.1382
313.2601
313.22
313.1849
313.1541
313.1271
313.2521
313.2122
313.1773
313.1468
313.1198
313.2483
313.2083
313.1736
313.1431
313.1164
313.2483
313.2083
313.1735
313.1431
313.1165
313.2522
313.2121
313.1772
313.1467
313.1201
313.2601
313.2199
313.1848
313.1542
313.1275
313.2716
313.2316
313.1964
313.1656
313.1388
313.2863
313.2457
313.2107
313.1799
313.153
313.2595
313.2243
313.1937
313.1669
313.2331
313.2025
313.1759
313.2073
313.1806
313.1829
313.3161
313.2759
313.2409
313.2105
313.1838
313.3149
313.2747
313.2397
313.2092
313.1826
313.3127
313.2724
313.2374
313.2069
313.1803
313.3083
313.268
313.2327
313.2022
313.1754
313.2999
313.2594
313.224
313.1932
313.1664
313.2864
313.2459
313.2105
313.1795
313.1524
313.2719
313.2316
313.1964
313.1655
313.1384
313.26
313.2199
313.1849
313.1543
313.1273
313.2521
313.2121
313.1773
313.1468
313.1201
313.2483
313.2083
313.1735
313.1431
313.1165
313.2483
313.2083
313.1735
313.143
313.1165
313.2522
313.2122
313.1772
313.1467
313.12
313.2597
313.2199
313.1849
313.1542
313.1275
313.2718
313.2313
313.1964
313.1657
313.1388
313.2459
313.2105
313.1799
313.153
313.2243
313.1936
313.1669
313.2025
313.1758
313.1806
313.3161
313.276
313.2409
313.2104
313.1838
313.315
313.2747
313.2397
313.2092
313.1826
313.3129
313.2726
313.2374
313.2069
313.1803
313.3085
313.2681
313.2329
313.2022
313.1755
313.3
313.2595
313.2242
313.1933
313.1664
313.2864
313.2459
313.2106
313.1797
313.1526
313.2718
313.2316
313.1964
313.1656
313.1386
313.26
313.2199
313.1849
313.1543
313.1275
313.2521
313.2121
313.1772
313.1468
313.1201
313.2483
313.2083
313.1735
313.143
313.1165
313.2483
313.2084
313.1735
313.143
313.1164
313.2518
313.2122
313.1773
313.1467
313.12
313.26
313.2196
313.1849
313.1543
313.1275
313.2315
313.1961
313.1657
313.1388
313.2106
313.1797
313.153
313.1937
313.1667
313.1759
313.3162
313.276
313.2409
313.2104
313.1838
313.3151
313.2748
313.2397
313.2092
313.1826
313.313
313.2727
313.2376
313.2069
313.1803
313.3085
313.2682
313.233
313.2023
313.1755
313.3
313.2596
313.2243
313.1935
313.1665
313.2863
313.2459
313.2107
313.1798
313.1528
313.2718
313.2315
313.1964
313.1657
313.1388
313.26
313.2199
313.1848
313.1543
313.1275
313.2522
313.2121
313.1772
313.1467
313.1201
313.2483
313.2084
313.1735
313.143
313.1164
313.2479
313.2084
313.1735
313.143
313.1164
313.2521
313.2118
313.1773
313.1468
313.12
313.2199
313.1846
313.1543
313.1275
313.1964
313.1654
313.1388
313.1799
313.1528
313.1669
313.3164
313.2761
313.241
313.2104
313.1838
313.3152
313.2749
313.2398
313.2092
313.1826
313.313
313.2728
313.2377
313.2071
313.1803
313.3085
313.2683
313.2331
313.2024
313.1756
313.3
313.2596
313.2244
313.1936
313.1667
313.2863
313.2459
313.2107
313.1799
313.153
313.2718
313.2315
313.1963
313.1657
313.1388
313.2601
313.2199
313.1848
313.1542
313.1275
313.2522
313.2122
313.1772
313.1467
313.12
313.2479
313.2084
313.1735
313.143
313.1164
313.2483
313.208
313.1736
313.1431
313.1164
313.2121
313.1769
313.1468
313.1201
313.1849
313.154
313.1275
313.1657
313.1386
313.153
313.3165
313.2762
313.2411
313.2104
313.1838
313.3152
313.275
313.24
313.2093
313.1826
313.313
313.2728
313.2378
313.2072
313.1804
313.3085
313.2683
313.2332
313.2025
313.1757
313.3
313.2595
313.2244
313.1937
313.1668
313.2863
313.2459
313.2106
313.1799
313.153
313.2719
313.2315
313.1963
313.1656
313.1388
313.2601
313.2199
313.1848
313.1542
313.1275
313.2518
313.2122
313.1773
313.1467
313.12
313.2483
313.208
313.1736
313.1431
313.1164
313.2084
313.1732
313.1431
313.1164
313.1772
313.1464
313.1201
313.1543
313.1272
313.1388
313.3165
313.2763
313.2412
313.2105
313.1838
313.3152
313.2751
313.2401
313.2095
313.1827
313.313
313.2728
313.2378
313.2073
313.1805
313.3085
313.2682
313.2332
313.2026
313.1758
313.3
313.2596
313.2243
313.1937
313.1669
313.2864
313.2459
313.2106
313.1798
313.153
313.2719
313.2316
313.1963
313.1656
313.1388
313.2597
313.2199
313.1849
313.1542
313.1275
313.2521
313.2118
313.1773
313.1468
313.12
313.2084
313.1732
313.1431
313.1164
313.1735
313.1427
313.1164
313.1468
313.1197
313.1275
313.3165
313.2763
313.2413
313.2107
313.1839
313.3152
313.2751
313.2401
313.2096
313.1828
313.313
313.2728
313.2378
313.2073
313.1806
313.3085
313.2682
313.2331
313.2026
313.1759
313.3
313.2596
313.2244
313.1936
313.1669
313.2864
313.2459
313.2106
313.1798
313.1529
313.2716
313.2316
313.1964
313.1656
313.1388
313.26
313.2196
313.1849
313.1543
313.1275
313.2121
313.1769
313.1468
313.12
313.1735
313.1427
313.1164
313.1431
313.1161
313.1201
313.3165
313.2763
313.2413
313.2107
313.184
313.3152
313.2751
313.2401
313.2096
313.1829
313.313
313.2728
313.2378
313.2073
313.1807
313.3086
313.2682
313.2332
313.2025
313.1759
313.3
313.2596
313.2244
313.1936
313.1668
313.2862
313.2459
313.2107
313.1799
313.153
313.2718
313.2313
313.1964
313.1657
313.1388
313.2199
313.1846
313.1543
313.1275
313.1772
313.1464
313.1201
313.1431
313.1161
313.1165
313.3165
313.2763
313.2413
313.2108
313.1841
313.3153
313.2751
313.2401
313.2096
313.183
313.3131
313.2729
313.2378
313.2073
313.1807
313.3086
313.2683
313.2332
313.2026
313.1758
313.2999
313.2596
313.2244
313.1936
313.1668
313.2863
313.2457
313.2107
313.1799
313.153
313.2315
313.1961
313.1657
313.1388
313.1849
313.154
313.1275
313.1468
313.1197
313.1165
313.3165
313.2763
313.2413
313.2108
313.1841
313.3153
313.2751
313.2401
313.2096
313.183
313.3131
313.2729
313.2378
313.2073
313.1806
313.3084
313.2683
313.2332
313.2026
313.1759
313.2999
313.2595
313.2244
313.1937
313.1668
313.2459
313.2105
313.1799
313.153
313.1964
313.1654
313.1388
313.1543
313.1272
313.1201
313.3166
313.2763
313.2413
313.2108
313.1841
313.3153
313.2751
313.2401
313.2096
313.1829
313.313
313.2729
313.2379
313.2073
313.1807
313.3084
313.2682
313.2332
313.2026
313.1759
313.2595
313.2243
313.1937
313.1669
313.2106
313.1797
313.153
313.1657
313.1386
313.1275
313.3166
313.2764
313.2413
313.2108
313.1841
313.3152
313.2751
313.2401
313.2096
313.183
313.3129
313.2728
313.2379
313.2074
313.1807
313.2682
313.2331
313.2026
313.1759
313.2243
313.1936
313.1669
313.1799
313.1528
313.1388
313.3165
313.2764
313.2414
313.2108
313.1841
313.3151
313.2751
313.2401
313.2096
313.183
313.2727
313.2378
313.2074
313.1807
313.2331
313.2025
313.1759
313.1937
313.1667
313.153
313.3163
313.2763
313.2414
313.2108
313.1841
313.275
313.2401
313.2096
313.183
313.2378
313.2073
313.1807
313.2025
313.1758
313.1669
313.2762
313.2413
313.2108
313.1842
313.24
313.2096
313.183
313.2073
313.1806
313.1759
313.2412
313.2108
313.1842
313.2095
313.1829
313.1806
313.2107
313.1841
313.1829
313.1841
)
;

boundaryField
{
    electrolyteSides
    {
        type            zeroGradient;
    }
    electrolyte_to_fuel
    {
        type            zeroGradient;
    }
    electrolyte_to_air
    {
        type            zeroGradient;
    }
}


// ************************************************************************* //
