/*--------------------------------*- C++ -*----------------------------------*\
| =========                 |                                                 |
| \\      /  F ield         | OpenFOAM: The Open Source CFD Toolbox           |
|  \\    /   O peration     | Version:  2312                                  |
|   \\  /    A nd           | Website:  www.openfoam.com                      |
|    \\/     M anipulation  |                                                 |
\*---------------------------------------------------------------------------*/
FoamFile
{
    version     2.0;
    format      ascii;
    arch        "LSB;label=32;scalar=64";
    class       volScalarField;
    location    "2/fuel";
    object      j;
}
// * * * * * * * * * * * * * * * * * * * * * * * * * * * * * * * * * * * * * //

dimensions      [0 -3 0 0 0 1 0];

internalField   nonuniform List<scalar> 
16000
(
3.393008e+08
3.392775e+08
3.429323e+08
2.244516e+08
3.390363e+08
3.430344e+08
2.245069e+08
3.469485e+08
2.265899e+08
1.625577e+08
3.387056e+08
3.429733e+08
2.24549e+08
3.470071e+08
2.267619e+08
1.6265e+08
3.548078e+08
2.28847e+08
1.640762e+08
1.302915e+08
3.383854e+08
3.429512e+08
2.246792e+08
3.470134e+08
2.269345e+08
1.628249e+08
3.548634e+08
2.289647e+08
1.642734e+08
1.303972e+08
3.590215e+08
2.344913e+08
1.656456e+08
1.315189e+08
1.191627e+08
3.380532e+08
3.42954e+08
2.25042e+08
3.470445e+08
2.273218e+08
1.631725e+08
3.547691e+08
2.292261e+08
1.645564e+08
1.3063e+08
3.590828e+08
2.346009e+08
1.657979e+08
1.317191e+08
1.192613e+08
3.61647e+08
2.374955e+08
1.703576e+08
1.327439e+08
1.202492e+08
0
3.378704e+08
3.429654e+08
2.255155e+08
3.471583e+08
2.279093e+08
1.638565e+08
3.546552e+08
2.296284e+08
1.651338e+08
1.310715e+08
3.589959e+08
2.347449e+08
1.661607e+08
1.320488e+08
1.194964e+08
3.617304e+08
2.376068e+08
1.704923e+08
1.329167e+08
1.204358e+08
0
3.629828e+08
2.394569e+08
1.728578e+08
1.370119e+08
1.212429e+08
0
0
3.378011e+08
3.430347e+08
2.260596e+08
3.473286e+08
2.286305e+08
1.647168e+08
3.546338e+08
2.303081e+08
1.659973e+08
1.318908e+08
3.588858e+08
2.350259e+08
1.667346e+08
1.327047e+08
1.199382e+08
3.616859e+08
2.377518e+08
1.70746e+08
1.333145e+08
1.207618e+08
0
3.630926e+08
2.395837e+08
1.729928e+08
1.371543e+08
1.214176e+08
0
0
3.632292e+08
2.405588e+08
1.745384e+08
1.392723e+08
1.252526e+08
0
0
0
3.377854e+08
3.431255e+08
2.265446e+08
3.475513e+08
2.29358e+08
1.656134e+08
3.545801e+08
2.311702e+08
1.670637e+08
1.329143e+08
3.587848e+08
2.355643e+08
1.676738e+08
1.336806e+08
1.20748e+08
3.616365e+08
2.380293e+08
1.712104e+08
1.339612e+08
1.214072e+08
0
3.631004e+08
2.397588e+08
1.732454e+08
1.374543e+08
1.21812e+08
0
0
3.633647e+08
2.407053e+08
1.746865e+08
1.394141e+08
1.253858e+08
0
0
0
3.625939e+08
2.409089e+08
1.755358e+08
1.408197e+08
1.273723e+08
0
0
0
0
3.377856e+08
3.43259e+08
2.268946e+08
3.477188e+08
2.299634e+08
1.66369e+08
3.546667e+08
2.320658e+08
1.681127e+08
1.339587e+08
3.587263e+08
2.362567e+08
1.688641e+08
1.348903e+08
1.217552e+08
3.616102e+08
2.385035e+08
1.72007e+08
1.350092e+08
1.223628e+08
0
3.631314e+08
2.400798e+08
1.737039e+08
1.379952e+08
1.224537e+08
0
0
3.634262e+08
2.409199e+08
1.749644e+08
1.397113e+08
1.256839e+08
0
0
0
3.628086e+08
2.410754e+08
1.757009e+08
1.409731e+08
1.275041e+08
0
0
0
0
3.610017e+08
2.40647e+08
1.759202e+08
1.417683e+08
1.288401e+08
0
0
0
0
0
3.377856e+08
3.433012e+08
2.270756e+08
3.478332e+08
2.304676e+08
1.668985e+08
3.551558e+08
2.327442e+08
1.689707e+08
1.348272e+08
3.587856e+08
2.370275e+08
1.700763e+08
1.360715e+08
1.227796e+08
3.616785e+08
2.391795e+08
1.730499e+08
1.363347e+08
1.235452e+08
0
3.633042e+08
2.406092e+08
1.744489e+08
1.388922e+08
1.234925e+08
0
0
3.635797e+08
2.413035e+08
1.754598e+08
1.402446e+08
1.262186e+08
0
0
0
3.629609e+08
2.413326e+08
1.760134e+08
1.412931e+08
1.277974e+08
0
0
0
0
3.611694e+08
2.409122e+08
1.761031e+08
1.419375e+08
1.289823e+08
0
0
0
0
0
3.573932e+08
2.398552e+08
1.758047e+08
1.421711e+08
1.297591e+08
0
0
0
0
0
0
3.377854e+08
3.433012e+08
2.270756e+08
3.47929e+08
2.30682e+08
1.671685e+08
3.552839e+08
2.332044e+08
1.696534e+08
1.354312e+08
3.58821e+08
2.380238e+08
1.710011e+08
1.37033e+08
1.236296e+08
3.617247e+08
2.399507e+08
1.741461e+08
1.376768e+08
1.246974e+08
0
3.633908e+08
2.414188e+08
1.754727e+08
1.400797e+08
1.247931e+08
0
0
3.638257e+08
2.420588e+08
1.762524e+08
1.411003e+08
1.270882e+08
0
0
0
3.63159e+08
2.418462e+08
1.765644e+08
1.418595e+08
1.283219e+08
0
0
0
0
3.612694e+08
2.412723e+08
1.764537e+08
1.422893e+08
1.29296e+08
0
0
0
0
0
3.576404e+08
2.400366e+08
1.760911e+08
1.423567e+08
1.299158e+08
0
0
0
0
0
0
3.515511e+08
2.374419e+08
1.753133e+08
1.421277e+08
1.30173e+08
0
0
0
0
0
0
0
3.378011e+08
3.43259e+08
2.268946e+08
3.47929e+08
2.30682e+08
1.671685e+08
3.553334e+08
2.334991e+08
1.699528e+08
1.357381e+08
3.588494e+08
2.385073e+08
1.716307e+08
1.377869e+08
1.242199e+08
3.618183e+08
2.405308e+08
1.753686e+08
1.387026e+08
1.256346e+08
0
3.634852e+08
2.421404e+08
1.765788e+08
1.413084e+08
1.26111e+08
0
0
3.639966e+08
2.428375e+08
1.774106e+08
1.422647e+08
1.282545e+08
0
0
0
3.633453e+08
2.426474e+08
1.775873e+08
1.427584e+08
1.291599e+08
0
0
0
0
3.615204e+08
2.418092e+08
1.771351e+08
1.429074e+08
1.298502e+08
0
0
0
0
0
3.57959e+08
2.402738e+08
1.765465e+08
1.427444e+08
1.30259e+08
0
0
0
0
0
0
3.518403e+08
2.376857e+08
1.755052e+08
1.424167e+08
1.303452e+08
0
0
0
0
0
0
0
3.512019e+08
2.329709e+08
1.733742e+08
1.417807e+08
1.30172e+08
0
0
0
0
0
0
0
0
3.378704e+08
3.431255e+08
2.265446e+08
3.478332e+08
2.304676e+08
1.668985e+08
3.553334e+08
2.334991e+08
1.699528e+08
1.357381e+08
3.588655e+08
2.387358e+08
1.720143e+08
1.381209e+08
1.245195e+08
3.618727e+08
2.409235e+08
1.760222e+08
1.394041e+08
1.263682e+08
0
3.635673e+08
2.427831e+08
1.774211e+08
1.42609e+08
1.271146e+08
0
0
3.64154e+08
2.435904e+08
1.78456e+08
1.435036e+08
1.294562e+08
0
0
0
3.635661e+08
2.434911e+08
1.786997e+08
1.440542e+08
1.302957e+08
0
0
0
0
3.617498e+08
2.424807e+08
1.781918e+08
1.440326e+08
1.307271e+08
0
0
0
0
0
3.584033e+08
2.408339e+08
1.772442e+08
1.434907e+08
1.30861e+08
0
0
0
0
0
0
3.522917e+08
2.381002e+08
1.758194e+08
1.429079e+08
1.307219e+08
0
0
0
0
0
0
0
3.514373e+08
2.332567e+08
1.736212e+08
1.419722e+08
1.304442e+08
0
0
0
0
0
0
0
0
3.506813e+08
2.329945e+08
1.695202e+08
1.400775e+08
1.299209e+08
0
0
0
0
0
0
0
0
0
3.380532e+08
3.430347e+08
2.260596e+08
3.477188e+08
2.299634e+08
1.66369e+08
3.552839e+08
2.332044e+08
1.696534e+08
1.354312e+08
3.588655e+08
2.387358e+08
1.720143e+08
1.381209e+08
1.245195e+08
3.619025e+08
2.411219e+08
1.76337e+08
1.398215e+08
1.266936e+08
0
3.636247e+08
2.432049e+08
1.779892e+08
1.433313e+08
1.278029e+08
0
0
3.642768e+08
2.441969e+08
1.793565e+08
1.444524e+08
1.307112e+08
0
0
0
3.637708e+08
2.442918e+08
1.797704e+08
1.452294e+08
1.315017e+08
0
0
0
0
3.620677e+08
2.433471e+08
1.793636e+08
1.452786e+08
1.319864e+08
0
0
0
0
0
3.588903e+08
2.414902e+08
1.781531e+08
1.446427e+08
1.319534e+08
0
0
0
0
0
0
3.531446e+08
2.388122e+08
1.765306e+08
1.436672e+08
1.314469e+08
0
0
0
0
0
0
0
3.517552e+08
2.338543e+08
1.740944e+08
1.423159e+08
1.30921e+08
0
0
0
0
0
0
0
0
3.508998e+08
2.332348e+08
1.698082e+08
1.403205e+08
1.30096e+08
0
0
0
0
0
0
0
0
0
3.501929e+08
2.3269e+08
1.696847e+08
1.365216e+08
1.283913e+08
0
0
0
0
0
0
0
0
0
0
3.383854e+08
3.429654e+08
2.255155e+08
3.475513e+08
2.29358e+08
1.656134e+08
3.551558e+08
2.327442e+08
1.689707e+08
1.348272e+08
3.588494e+08
2.385073e+08
1.716307e+08
1.377869e+08
1.242199e+08
3.619025e+08
2.411219e+08
1.76337e+08
1.398215e+08
1.266936e+08
0
3.636537e+08
2.4342e+08
1.782755e+08
1.43681e+08
1.282116e+08
0
0
3.643581e+08
2.446104e+08
1.799554e+08
1.450913e+08
1.314167e+08
0
0
0
3.639275e+08
2.449297e+08
1.806305e+08
1.462298e+08
1.324265e+08
0
0
0
0
3.623542e+08
2.441781e+08
1.804766e+08
1.464758e+08
1.331291e+08
0
0
0
0
0
3.594251e+08
2.424186e+08
1.793346e+08
1.459465e+08
1.331634e+08
0
0
0
0
0
0
3.538912e+08
2.397042e+08
1.774069e+08
1.446695e+08
1.325623e+08
0
0
0
0
0
0
0
3.521555e+08
2.349015e+08
1.749399e+08
1.430832e+08
1.316558e+08
0
0
0
0
0
0
0
0
3.511825e+08
2.337159e+08
1.704761e+08
1.408128e+08
1.304207e+08
0
0
0
0
0
0
0
0
0
3.504028e+08
2.329182e+08
1.699309e+08
1.368062e+08
1.28615e+08
0
0
0
0
0
0
0
0
0
0
3.498407e+08
2.323895e+08
1.694676e+08
1.367426e+08
1.249976e+08
0
0
0
0
0
0
0
0
0
0
3.387056e+08
3.42954e+08
2.25042e+08
3.473286e+08
2.286305e+08
1.647168e+08
3.546667e+08
2.320658e+08
1.681127e+08
1.339587e+08
3.58821e+08
2.380238e+08
1.710011e+08
1.37033e+08
1.236296e+08
3.618727e+08
2.409235e+08
1.760222e+08
1.394041e+08
1.263682e+08
0
3.636537e+08
2.4342e+08
1.782755e+08
1.43681e+08
1.282116e+08
0
0
3.64398e+08
2.448181e+08
1.802607e+08
1.45413e+08
1.317584e+08
0
0
0
3.640297e+08
2.453618e+08
1.812163e+08
1.468996e+08
1.330488e+08
0
0
0
0
3.625684e+08
2.448383e+08
1.813648e+08
1.474371e+08
1.341e+08
0
0
0
0
0
3.598725e+08
2.433043e+08
1.804715e+08
1.47183e+08
1.343252e+08
0
0
0
0
0
0
3.547018e+08
2.408019e+08
1.786381e+08
1.459745e+08
1.338275e+08
0
0
0
0
0
0
0
3.527002e+08
2.360169e+08
1.760384e+08
1.440454e+08
1.32626e+08
0
0
0
0
0
0
0
0
3.515327e+08
2.34365e+08
1.716194e+08
1.417062e+08
1.311585e+08
0
0
0
0
0
0
0
0
0
3.506687e+08
2.333736e+08
1.70491e+08
1.37499e+08
1.290773e+08
0
0
0
0
0
0
0
0
0
0
3.500455e+08
2.326127e+08
1.69704e+08
1.369869e+08
1.252659e+08
0
0
0
0
0
0
0
0
0
0
3.495944e+08
2.321742e+08
1.692481e+08
1.365609e+08
1.252313e+08
0
0
0
0
0
0
0
0
0
0
3.390363e+08
3.429512e+08
2.246792e+08
3.471583e+08
2.279093e+08
1.638565e+08
3.545801e+08
2.311702e+08
1.670637e+08
1.329143e+08
3.587856e+08
2.370275e+08
1.700763e+08
1.360715e+08
1.227796e+08
3.618183e+08
2.405308e+08
1.753686e+08
1.387026e+08
1.256346e+08
0
3.636247e+08
2.432049e+08
1.779892e+08
1.433313e+08
1.278029e+08
0
0
3.64398e+08
2.448181e+08
1.802607e+08
1.45413e+08
1.317584e+08
0
0
0
3.640797e+08
2.455782e+08
1.815107e+08
1.47242e+08
1.333621e+08
0
0
0
0
3.627065e+08
2.452844e+08
1.819674e+08
1.480917e+08
1.347515e+08
0
0
0
0
0
3.601471e+08
2.440036e+08
1.813779e+08
1.481704e+08
1.352583e+08
0
0
0
0
0
0
3.554269e+08
2.418101e+08
1.798199e+08
1.472317e+08
1.350255e+08
0
0
0
0
0
0
0
3.533362e+08
2.373455e+08
1.774198e+08
1.453935e+08
1.338874e+08
0
0
0
0
0
0
0
0
3.520114e+08
2.353095e+08
1.729232e+08
1.428828e+08
1.320817e+08
0
0
0
0
0
0
0
0
0
3.509957e+08
2.339869e+08
1.712677e+08
1.386682e+08
1.299351e+08
0
0
0
0
0
0
0
0
0
0
3.503007e+08
2.330569e+08
1.702426e+08
1.375758e+08
1.259386e+08
0
0
0
0
0
0
0
0
0
0
3.497949e+08
2.323945e+08
1.694809e+08
1.367963e+08
1.254594e+08
0
0
0
0
0
0
0
0
0
0
3.494471e+08
2.320166e+08
1.690916e+08
1.363799e+08
1.250569e+08
0
0
0
0
0
0
0
0
0
0
3.392775e+08
3.429733e+08
2.24549e+08
3.470445e+08
2.273218e+08
1.631725e+08
3.546338e+08
2.303081e+08
1.659973e+08
1.318908e+08
3.587263e+08
2.362567e+08
1.688641e+08
1.348903e+08
1.217552e+08
3.617246e+08
2.399507e+08
1.741461e+08
1.376768e+08
1.246974e+08
0
3.635673e+08
2.427831e+08
1.774211e+08
1.42609e+08
1.271146e+08
0
0
3.643581e+08
2.446104e+08
1.799554e+08
1.450913e+08
1.314167e+08
0
0
0
3.640797e+08
2.455782e+08
1.815107e+08
1.47242e+08
1.333621e+08
0
0
0
0
3.627736e+08
2.455075e+08
1.822696e+08
1.484206e+08
1.350854e+08
0
0
0
0
0
3.60346e+08
2.444743e+08
1.81992e+08
1.488407e+08
1.358938e+08
0
0
0
0
0
0
3.562757e+08
2.42517e+08
1.807586e+08
1.482351e+08
1.359827e+08
0
0
0
0
0
0
0
3.538624e+08
2.385841e+08
1.787095e+08
1.466905e+08
1.351035e+08
0
0
0
0
0
0
0
0
3.525641e+08
2.364896e+08
1.745146e+08
1.443721e+08
1.333802e+08
0
0
0
0
0
0
0
0
0
3.51445e+08
2.348844e+08
1.724156e+08
1.400446e+08
1.31067e+08
0
0
0
0
0
0
0
0
0
0
3.506133e+08
2.33656e+08
1.709899e+08
1.384022e+08
1.270572e+08
0
0
0
0
0
0
0
0
0
0
3.500409e+08
2.328318e+08
1.70011e+08
1.373656e+08
1.260291e+08
0
0
0
0
0
0
0
0
0
0
3.496917e+08
2.322341e+08
1.693225e+08
1.366125e+08
1.252764e+08
0
0
0
0
0
0
0
0
0
0
3.493328e+08
2.319168e+08
1.68972e+08
1.362515e+08
1.24893e+08
0
0
0
0
0
0
0
0
0
0
3.393008e+08
3.430344e+08
2.245069e+08
3.470134e+08
2.269345e+08
1.628249e+08
3.546552e+08
2.296284e+08
1.651338e+08
1.310715e+08
3.587848e+08
2.355643e+08
1.676738e+08
1.336806e+08
1.20748e+08
3.616785e+08
2.391795e+08
1.730499e+08
1.363347e+08
1.235452e+08
0
3.634852e+08
2.421404e+08
1.765788e+08
1.413084e+08
1.26111e+08
0
0
3.642768e+08
2.441969e+08
1.793565e+08
1.444524e+08
1.307112e+08
0
0
0
3.640297e+08
2.453618e+08
1.812163e+08
1.468996e+08
1.330488e+08
0
0
0
0
3.627736e+08
2.455075e+08
1.822696e+08
1.484206e+08
1.350854e+08
0
0
0
0
0
3.604428e+08
2.447092e+08
1.822998e+08
1.491769e+08
1.362131e+08
0
0
0
0
0
0
3.566429e+08
2.430313e+08
1.813932e+08
1.489156e+08
1.366327e+08
0
0
0
0
0
0
0
3.542373e+08
2.397681e+08
1.796393e+08
1.477227e+08
1.360748e+08
0
0
0
0
0
0
0
0
3.530384e+08
2.375664e+08
1.760119e+08
1.457698e+08
1.346315e+08
0
0
0
0
0
0
0
0
0
3.519669e+08
2.360084e+08
1.738725e+08
1.417371e+08
1.324999e+08
0
0
0
0
0
0
0
0
0
0
3.51044e+08
2.345354e+08
1.720994e+08
1.396295e+08
1.28392e+08
0
0
0
0
0
0
0
0
0
0
3.503411e+08
2.334226e+08
1.707482e+08
1.381655e+08
1.268296e+08
0
0
0
0
0
0
0
0
0
0
3.498778e+08
2.32665e+08
1.698475e+08
1.371745e+08
1.25827e+08
0
0
0
0
0
0
0
0
0
0
3.495779e+08
2.322004e+08
1.692008e+08
1.364826e+08
1.251098e+08
0
0
0
0
0
0
0
0
0
0
3.492522e+08
2.318206e+08
1.688927e+08
1.3615e+08
1.247773e+08
0
0
0
0
0
0
0
0
0
0
3.429323e+08
2.244516e+08
3.470071e+08
2.267619e+08
1.6265e+08
3.547691e+08
2.292261e+08
1.645564e+08
1.3063e+08
3.588858e+08
2.350259e+08
1.667346e+08
1.327047e+08
1.199382e+08
3.616102e+08
2.385035e+08
1.72007e+08
1.350092e+08
1.223628e+08
0
3.633908e+08
2.414188e+08
1.754727e+08
1.400797e+08
1.247931e+08
0
0
3.64154e+08
2.435904e+08
1.78456e+08
1.435036e+08
1.294562e+08
0
0
0
3.639275e+08
2.449297e+08
1.806305e+08
1.462298e+08
1.324265e+08
0
0
0
0
3.627065e+08
2.452844e+08
1.819674e+08
1.480917e+08
1.347515e+08
0
0
0
0
0
3.604428e+08
2.447092e+08
1.822998e+08
1.491769e+08
1.362131e+08
0
0
0
0
0
0
3.568122e+08
2.43288e+08
1.817108e+08
1.492567e+08
1.369587e+08
0
0
0
0
0
0
0
3.544806e+08
2.404228e+08
1.803113e+08
1.484216e+08
1.367338e+08
0
0
0
0
0
0
0
0
3.533817e+08
2.383937e+08
1.773672e+08
1.467866e+08
1.356286e+08
0
0
0
0
0
0
0
0
0
3.524184e+08
2.37048e+08
1.752258e+08
1.433341e+08
1.338464e+08
0
0
0
0
0
0
0
0
0
0
3.515468e+08
2.356404e+08
1.735107e+08
1.411926e+08
1.300305e+08
0
0
0
0
0
0
0
0
0
0
0
3.507566e+08
2.342913e+08
1.718448e+08
1.393582e+08
1.280177e+08
0
0
0
0
0
0
0
0
0
0
3.501613e+08
2.332479e+08
1.705791e+08
1.379661e+08
1.266018e+08
0
0
0
0
0
0
0
0
0
0
3.497516e+08
2.325524e+08
1.697206e+08
1.370403e+08
1.256537e+08
0
0
0
0
0
0
0
0
0
0
3.494945e+08
2.321079e+08
1.691933e+08
1.363794e+08
1.249928e+08
0
0
0
0
0
0
0
0
0
0
3.491998e+08
2.317496e+08
1.688033e+08
1.360803e+08
1.246846e+08
0
0
0
0
0
0
0
0
0
0
3.469485e+08
2.265899e+08
1.625577e+08
3.548634e+08
2.289647e+08
1.642734e+08
1.303972e+08
3.589959e+08
2.347449e+08
1.661607e+08
1.320488e+08
1.194964e+08
3.616365e+08
2.380293e+08
1.712104e+08
1.339612e+08
1.214072e+08
0
3.633042e+08
2.406092e+08
1.744489e+08
1.388922e+08
1.234925e+08
0
0
3.639966e+08
2.428375e+08
1.774106e+08
1.422647e+08
1.282545e+08
0
0
0
3.637708e+08
2.442918e+08
1.797704e+08
1.452294e+08
1.315017e+08
0
0
0
0
3.625684e+08
2.448383e+08
1.813648e+08
1.474371e+08
1.341e+08
0
0
0
0
0
3.60346e+08
2.444743e+08
1.81992e+08
1.488407e+08
1.358938e+08
0
0
0
0
0
0
3.568122e+08
2.43288e+08
1.817108e+08
1.492567e+08
1.369587e+08
0
0
0
0
0
0
0
3.545932e+08
2.407458e+08
1.806478e+08
1.487716e+08
1.370643e+08
0
0
0
0
0
0
0
0
3.536063e+08
2.389537e+08
1.781657e+08
1.475197e+08
1.36304e+08
0
0
0
0
0
0
0
0
0
3.527474e+08
2.378522e+08
1.762797e+08
1.447462e+08
1.348229e+08
0
0
0
0
0
0
0
0
0
0
3.519841e+08
2.366657e+08
1.748335e+08
1.426541e+08
1.315765e+08
0
0
0
0
0
0
0
0
0
0
0
3.512439e+08
2.353852e+08
1.732423e+08
1.408818e+08
1.295266e+08
0
0
0
0
0
0
0
0
0
0
0
0
3.505601e+08
2.341069e+08
1.716686e+08
1.391483e+08
1.277565e+08
0
0
0
0
0
0
0
0
0
0
3.500231e+08
2.331214e+08
1.704463e+08
1.378277e+08
1.264208e+08
0
0
0
0
0
0
0
0
0
0
3.496638e+08
2.324454e+08
1.696297e+08
1.369326e+08
1.255328e+08
0
0
0
0
0
0
0
0
0
0
3.494404e+08
2.320342e+08
1.691097e+08
1.363814e+08
1.248985e+08
0
0
0
0
0
0
0
0
0
0
3.491484e+08
2.317057e+08
1.68736e+08
1.359943e+08
1.246196e+08
0
0
0
0
0
0
0
0
0
0
3.548078e+08
2.28847e+08
1.640762e+08
1.302915e+08
3.590828e+08
2.346009e+08
1.657979e+08
1.317191e+08
1.192613e+08
3.616859e+08
2.377518e+08
1.70746e+08
1.333145e+08
1.207618e+08
0
3.631314e+08
2.400798e+08
1.737039e+08
1.379952e+08
1.224537e+08
0
0
3.638257e+08
2.420588e+08
1.762524e+08
1.411003e+08
1.270882e+08
0
0
0
3.635661e+08
2.434911e+08
1.786997e+08
1.440542e+08
1.302957e+08
0
0
0
0
3.623542e+08
2.441781e+08
1.804766e+08
1.464758e+08
1.331291e+08
0
0
0
0
0
3.601471e+08
2.440036e+08
1.813779e+08
1.481704e+08
1.352583e+08
0
0
0
0
0
0
3.566429e+08
2.430313e+08
1.813932e+08
1.489156e+08
1.366327e+08
0
0
0
0
0
0
0
3.545932e+08
2.407458e+08
1.806478e+08
1.487716e+08
1.370643e+08
0
0
0
0
0
0
0
0
3.537106e+08
2.392245e+08
1.785659e+08
1.478873e+08
1.366424e+08
0
0
0
0
0
0
0
0
0
3.529644e+08
2.383983e+08
1.769983e+08
1.456002e+08
1.355302e+08
0
0
0
0
0
0
0
0
0
0
3.523039e+08
2.37461e+08
1.758684e+08
1.437971e+08
1.329254e+08
0
0
0
0
0
0
0
0
0
0
0
3.516706e+08
2.364024e+08
1.745549e+08
1.423159e+08
1.30941e+08
0
0
0
0
0
0
0
0
0
0
0
0
3.510313e+08
2.351911e+08
1.730588e+08
1.406606e+08
1.292303e+08
0
0
0
0
0
0
0
0
0
0
0
0
0
3.504076e+08
2.339673e+08
1.715285e+08
1.390044e+08
1.275657e+08
0
0
0
0
0
0
0
0
0
0
3.49929e+08
2.33004e+08
1.703427e+08
1.37715e+08
1.26296e+08
0
0
0
0
0
0
0
0
0
0
3.496072e+08
2.323681e+08
1.695298e+08
1.368519e+08
1.254343e+08
0
0
0
0
0
0
0
0
0
0
3.493881e+08
2.319885e+08
1.690398e+08
1.363026e+08
1.24902e+08
0
0
0
0
0
0
0
0
0
0
3.491087e+08
2.316762e+08
1.686958e+08
1.359288e+08
1.245372e+08
0
0
0
0
0
0
0
0
0
0
3.590215e+08
2.344913e+08
1.656456e+08
1.315189e+08
1.191627e+08
3.617304e+08
2.376068e+08
1.704923e+08
1.329167e+08
1.204358e+08
0
3.631004e+08
2.397588e+08
1.732454e+08
1.374543e+08
1.21812e+08
0
0
3.635797e+08
2.413035e+08
1.754598e+08
1.402446e+08
1.262186e+08
0
0
0
3.633453e+08
2.426474e+08
1.775873e+08
1.427584e+08
1.291599e+08
0
0
0
0
3.620677e+08
2.433471e+08
1.793636e+08
1.452786e+08
1.319864e+08
0
0
0
0
0
3.598725e+08
2.433043e+08
1.804715e+08
1.47183e+08
1.343252e+08
0
0
0
0
0
0
3.562757e+08
2.42517e+08
1.807586e+08
1.482351e+08
1.359827e+08
0
0
0
0
0
0
0
3.544806e+08
2.404228e+08
1.803113e+08
1.484216e+08
1.367338e+08
0
0
0
0
0
0
0
0
3.537106e+08
2.392245e+08
1.785659e+08
1.478873e+08
1.366424e+08
0
0
0
0
0
0
0
0
0
3.530749e+08
2.386629e+08
1.773481e+08
1.460308e+08
1.35885e+08
0
0
0
0
0
0
0
0
0
0
3.525155e+08
2.380024e+08
1.765753e+08
1.445788e+08
1.337525e+08
0
0
0
0
0
0
0
0
0
0
0
3.519916e+08
2.371925e+08
1.755834e+08
1.434417e+08
1.320481e+08
0
0
0
0
0
0
0
0
0
0
0
0
3.514468e+08
2.362018e+08
1.743661e+08
1.420864e+08
1.306184e+08
0
0
0
0
0
0
0
0
0
0
0
0
0
3.508643e+08
2.350392e+08
1.729116e+08
1.405112e+08
1.29029e+08
0
0
0
0
0
0
0
0
0
0
0
0
0
0
3.503057e+08
2.338375e+08
1.714132e+08
1.388856e+08
1.27436e+08
0
0
0
0
0
0
0
0
0
0
3.498688e+08
2.329215e+08
1.70233e+08
1.376222e+08
1.261929e+08
0
0
0
0
0
0
0
0
0
0
3.495542e+08
2.323204e+08
1.694566e+08
1.367557e+08
1.253589e+08
0
0
0
0
0
0
0
0
0
0
3.493483e+08
2.319581e+08
1.689979e+08
1.362345e+08
1.248271e+08
0
0
0
0
0
0
0
0
0
0
3.491528e+08
2.316595e+08
1.686761e+08
1.358902e+08
1.244737e+08
0
0
0
0
0
0
0
0
0
0
3.61647e+08
2.374955e+08
1.703576e+08
1.327439e+08
1.202492e+08
0
3.630926e+08
2.395837e+08
1.729928e+08
1.371543e+08
1.214176e+08
0
0
3.634262e+08
2.409199e+08
1.749644e+08
1.397113e+08
1.256839e+08
0
0
0
3.63159e+08
2.418462e+08
1.765644e+08
1.418595e+08
1.283219e+08
0
0
0
0
3.617498e+08
2.424807e+08
1.781918e+08
1.440326e+08
1.307271e+08
0
0
0
0
0
3.594251e+08
2.424186e+08
1.793346e+08
1.459465e+08
1.331634e+08
0
0
0
0
0
0
3.554268e+08
2.418101e+08
1.798199e+08
1.472317e+08
1.350255e+08
0
0
0
0
0
0
0
3.542373e+08
2.397681e+08
1.796393e+08
1.477227e+08
1.360748e+08
0
0
0
0
0
0
0
0
3.536063e+08
2.389537e+08
1.781657e+08
1.475197e+08
1.36304e+08
0
0
0
0
0
0
0
0
0
3.530749e+08
2.386629e+08
1.773481e+08
1.460308e+08
1.35885e+08
0
0
0
0
0
0
0
0
0
0
3.526233e+08
2.382795e+08
1.769199e+08
1.449597e+08
1.341702e+08
0
0
0
0
0
0
0
0
0
0
0
3.522002e+08
2.377305e+08
1.762871e+08
1.442126e+08
1.328058e+08
0
0
0
0
0
0
0
0
0
0
0
0
3.517614e+08
2.37e+08
1.753912e+08
1.432071e+08
1.317089e+08
0
0
0
0
0
0
0
0
0
0
0
0
0
3.512687e+08
2.360417e+08
1.742144e+08
1.419329e+08
1.304094e+08
0
0
0
0
0
0
0
0
0
0
0
0
0
0
3.507544e+08
2.348965e+08
1.727856e+08
1.403863e+08
1.288942e+08
0
0
0
0
0
0
0
0
0
0
0
0
0
0
0
3.502411e+08
2.337484e+08
1.712917e+08
1.387819e+08
1.273273e+08
0
0
0
0
0
0
0
0
0
0
3.498148e+08
2.32871e+08
1.701549e+08
1.375165e+08
1.261061e+08
0
0
0
0
0
0
0
0
0
0
3.495144e+08
2.322894e+08
1.694128e+08
1.366845e+08
1.252668e+08
0
0
0
0
0
0
0
0
0
0
3.493308e+08
2.319418e+08
1.689772e+08
1.361943e+08
1.247612e+08
0
0
0
0
0
0
0
0
0
0
3.490145e+08
2.317261e+08
1.686694e+08
1.358751e+08
1.24436e+08
0
0
0
0
0
0
0
0
0
0
3.629828e+08
2.394569e+08
1.728578e+08
1.370119e+08
1.212429e+08
0
0
3.633647e+08
2.407053e+08
1.746865e+08
1.394141e+08
1.253858e+08
0
0
0
3.629609e+08
2.413326e+08
1.760134e+08
1.412931e+08
1.277974e+08
0
0
0
0
3.615204e+08
2.418092e+08
1.771351e+08
1.429074e+08
1.298502e+08
0
0
0
0
0
3.588903e+08
2.414902e+08
1.781531e+08
1.446427e+08
1.319534e+08
0
0
0
0
0
0
3.547018e+08
2.408019e+08
1.786381e+08
1.459745e+08
1.338275e+08
0
0
0
0
0
0
0
3.538624e+08
2.385841e+08
1.787095e+08
1.466905e+08
1.351035e+08
0
0
0
0
0
0
0
0
3.533817e+08
2.383937e+08
1.773672e+08
1.467866e+08
1.356286e+08
0
0
0
0
0
0
0
0
0
3.529644e+08
2.383983e+08
1.769983e+08
1.456002e+08
1.355302e+08
0
0
0
0
0
0
0
0
0
0
3.526233e+08
2.382795e+08
1.769199e+08
1.449597e+08
1.341702e+08
0
0
0
0
0
0
0
0
0
0
0
3.522962e+08
2.380057e+08
1.766473e+08
1.445889e+08
1.331749e+08
0
0
0
0
0
0
0
0
0
0
0
0
3.519676e+08
2.375372e+08
1.760924e+08
1.439754e+08
1.324562e+08
0
0
0
0
0
0
0
0
0
0
0
0
0
3.515755e+08
2.368354e+08
1.752513e+08
1.430511e+08
1.31495e+08
0
0
0
0
0
0
0
0
0
0
0
0
0
0
3.51153e+08
2.358889e+08
1.740815e+08
1.418047e+08
1.302709e+08
0
0
0
0
0
0
0
0
0
0
0
0
0
0
0
3.506857e+08
2.348009e+08
1.726517e+08
1.402729e+08
1.287799e+08
0
0
0
0
0
0
0
0
0
0
0
0
0
0
0
0
3.501857e+08
2.336945e+08
1.712076e+08
1.386648e+08
1.272301e+08
0
0
0
0
0
0
0
0
0
0
3.497753e+08
2.328392e+08
1.701086e+08
1.374407e+08
1.26005e+08
0
0
0
0
0
0
0
0
0
0
3.494869e+08
2.32274e+08
1.693918e+08
1.366424e+08
1.251979e+08
0
0
0
0
0
0
0
0
0
0
3.492015e+08
2.319224e+08
1.689711e+08
1.361782e+08
1.247219e+08
0
0
0
0
0
0
0
0
0
0
3.490153e+08
2.315442e+08
1.687424e+08
1.358733e+08
1.244228e+08
0
0
0
0
0
0
0
0
0
0
3.632292e+08
2.405588e+08
1.745384e+08
1.392723e+08
1.252526e+08
0
0
0
3.628086e+08
2.410754e+08
1.757009e+08
1.409731e+08
1.275041e+08
0
0
0
0
3.612694e+08
2.412723e+08
1.764537e+08
1.422893e+08
1.29296e+08
0
0
0
0
0
3.584033e+08
2.408339e+08
1.772442e+08
1.434907e+08
1.30861e+08
0
0
0
0
0
0
3.538912e+08
2.397042e+08
1.774069e+08
1.446695e+08
1.325623e+08
0
0
0
0
0
0
0
3.533361e+08
2.373455e+08
1.774198e+08
1.453935e+08
1.338874e+08
0
0
0
0
0
0
0
0
3.530384e+08
2.375664e+08
1.760119e+08
1.457698e+08
1.346315e+08
0
0
0
0
0
0
0
0
0
3.527474e+08
2.378522e+08
1.762797e+08
1.447462e+08
1.348229e+08
0
0
0
0
0
0
0
0
0
0
3.525155e+08
2.380024e+08
1.765753e+08
1.445788e+08
1.337525e+08
0
0
0
0
0
0
0
0
0
0
0
3.522962e+08
2.380057e+08
1.766473e+08
1.445889e+08
1.331749e+08
0
0
0
0
0
0
0
0
0
0
0
0
3.520754e+08
2.377964e+08
1.764512e+08
1.443688e+08
1.328209e+08
0
0
0
0
0
0
0
0
0
0
0
0
0
3.517765e+08
2.373714e+08
1.759524e+08
1.438175e+08
1.322399e+08
0
0
0
0
0
0
0
0
0
0
0
0
0
0
3.51456e+08
2.366749e+08
1.751147e+08
1.429365e+08
1.313543e+08
0
0
0
0
0
0
0
0
0
0
0
0
0
0
0
3.510819e+08
2.357883e+08
1.739377e+08
1.416849e+08
1.301536e+08
0
0
0
0
0
0
0
0
0
0
0
0
0
0
0
0
3.506288e+08
2.347438e+08
1.725615e+08
1.401438e+08
1.286735e+08
0
0
0
0
0
0
0
0
0
0
0
0
0
0
0
0
0
3.50147e+08
2.336615e+08
1.711581e+08
1.385833e+08
1.271183e+08
0
0
0
0
0
0
0
0
0
0
3.497399e+08
2.328252e+08
1.70087e+08
1.373962e+08
1.259317e+08
0
0
0
0
0
0
0
0
0
0
3.494205e+08
2.322445e+08
1.69387e+08
1.366262e+08
1.251569e+08
0
0
0
0
0
0
0
0
0
0
3.492539e+08
2.317504e+08
1.689507e+08
1.361771e+08
1.247078e+08
0
0
0
0
0
0
0
0
0
0
3.489885e+08
2.315469e+08
1.685427e+08
1.35947e+08
1.244229e+08
0
0
0
0
0
0
0
0
0
0
3.625939e+08
2.409089e+08
1.755358e+08
1.408197e+08
1.273723e+08
0
0
0
0
3.611694e+08
2.409122e+08
1.761031e+08
1.419375e+08
1.289823e+08
0
0
0
0
0
3.57959e+08
2.402738e+08
1.765465e+08
1.427444e+08
1.30259e+08
0
0
0
0
0
0
3.531446e+08
2.388122e+08
1.765306e+08
1.436672e+08
1.314469e+08
0
0
0
0
0
0
0
3.527001e+08
2.360169e+08
1.760384e+08
1.440454e+08
1.32626e+08
0
0
0
0
0
0
0
0
3.52564e+08
2.364896e+08
1.745145e+08
1.443721e+08
1.333802e+08
0
0
0
0
0
0
0
0
0
3.524184e+08
2.37048e+08
1.752258e+08
1.433341e+08
1.338464e+08
0
0
0
0
0
0
0
0
0
0
3.523039e+08
2.37461e+08
1.758684e+08
1.437971e+08
1.329254e+08
0
0
0
0
0
0
0
0
0
0
0
3.522002e+08
2.377305e+08
1.762871e+08
1.442126e+08
1.328058e+08
0
0
0
0
0
0
0
0
0
0
0
0
3.520754e+08
2.377964e+08
1.764512e+08
1.443688e+08
1.328209e+08
0
0
0
0
0
0
0
0
0
0
0
0
0
3.518814e+08
2.376487e+08
1.762931e+08
1.442097e+08
1.326215e+08
0
0
0
0
0
0
0
0
0
0
0
0
0
0
3.516546e+08
2.372055e+08
1.758152e+08
1.43703e+08
1.320974e+08
0
0
0
0
0
0
0
0
0
0
0
0
0
0
0
3.513848e+08
2.365708e+08
1.749632e+08
1.428135e+08
1.312506e+08
0
0
0
0
0
0
0
0
0
0
0
0
0
0
0
0
3.510231e+08
2.357298e+08
1.738429e+08
1.415462e+08
1.300412e+08
0
0
0
0
0
0
0
0
0
0
0
0
0
0
0
0
0
3.505911e+08
2.347092e+08
1.725094e+08
1.400564e+08
1.285503e+08
0
0
0
0
0
0
0
0
0
0
0
0
0
0
0
0
0
0
3.50104e+08
2.336496e+08
1.711357e+08
1.385358e+08
1.270396e+08
0
0
0
0
0
0
0
0
0
0
3.496802e+08
2.327879e+08
1.700843e+08
1.373796e+08
1.258884e+08
0
0
0
0
0
0
0
0
0
0
3.494153e+08
2.321598e+08
1.693564e+08
1.366266e+08
1.251427e+08
0
0
0
0
0
0
0
0
0
0
3.491763e+08
2.318286e+08
1.687611e+08
1.361563e+08
1.247086e+08
0
0
0
0
0
0
0
0
0
0
3.489457e+08
2.315268e+08
1.685464e+08
1.357421e+08
1.244934e+08
0
0
0
0
0
0
0
0
0
0
3.610017e+08
2.40647e+08
1.759202e+08
1.417683e+08
1.288401e+08
0
0
0
0
0
3.576404e+08
2.400366e+08
1.760911e+08
1.423567e+08
1.299158e+08
0
0
0
0
0
0
3.522917e+08
2.381002e+08
1.758194e+08
1.429079e+08
1.307219e+08
0
0
0
0
0
0
0
3.521555e+08
2.349015e+08
1.749399e+08
1.430832e+08
1.316558e+08
0
0
0
0
0
0
0
0
3.520114e+08
2.353095e+08
1.729232e+08
1.428828e+08
1.320817e+08
0
0
0
0
0
0
0
0
0
3.519669e+08
2.360084e+08
1.738725e+08
1.417371e+08
1.324999e+08
0
0
0
0
0
0
0
0
0
0
3.519841e+08
2.366657e+08
1.748335e+08
1.426541e+08
1.315765e+08
0
0
0
0
0
0
0
0
0
0
0
3.519915e+08
2.371925e+08
1.755834e+08
1.434417e+08
1.320481e+08
0
0
0
0
0
0
0
0
0
0
0
0
3.519676e+08
2.375372e+08
1.760924e+08
1.439754e+08
1.324562e+08
0
0
0
0
0
0
0
0
0
0
0
0
0
3.518814e+08
2.376487e+08
1.762931e+08
1.442097e+08
1.326215e+08
0
0
0
0
0
0
0
0
0
0
0
0
0
0
3.517581e+08
2.374796e+08
1.761765e+08
1.44076e+08
1.324777e+08
0
0
0
0
0
0
0
0
0
0
0
0
0
0
0
3.515965e+08
2.37099e+08
1.756582e+08
1.435796e+08
1.319938e+08
0
0
0
0
0
0
0
0
0
0
0
0
0
0
0
0
3.51324e+08
2.365128e+08
1.748649e+08
1.426671e+08
1.311352e+08
0
0
0
0
0
0
0
0
0
0
0
0
0
0
0
0
0
3.509869e+08
2.356927e+08
1.737897e+08
1.414543e+08
1.299089e+08
0
0
0
0
0
0
0
0
0
0
0
0
0
0
0
0
0
0
3.505418e+08
2.346997e+08
1.724854e+08
1.400064e+08
1.284663e+08
0
0
0
0
0
0
0
0
0
0
0
0
0
0
0
0
0
0
0
3.500454e+08
2.336048e+08
1.711357e+08
1.385185e+08
1.269935e+08
0
0
0
0
0
0
0
0
0
0
3.496687e+08
2.327094e+08
1.700458e+08
1.373823e+08
1.258738e+08
0
0
0
0
0
0
0
0
0
0
3.493969e+08
2.321559e+08
1.692614e+08
1.365957e+08
1.251449e+08
0
0
0
0
0
0
0
0
0
0
3.491322e+08
2.317343e+08
1.688476e+08
1.359616e+08
1.246883e+08
0
0
0
0
0
0
0
0
0
0
3.489404e+08
2.314927e+08
1.685289e+08
1.357461e+08
1.24295e+08
0
0
0
0
0
0
0
0
0
0
3.573932e+08
2.398552e+08
1.758047e+08
1.421711e+08
1.297591e+08
0
0
0
0
0
0
3.518403e+08
2.376857e+08
1.755052e+08
1.424167e+08
1.303452e+08
0
0
0
0
0
0
0
3.517552e+08
2.338543e+08
1.740944e+08
1.423159e+08
1.30921e+08
0
0
0
0
0
0
0
0
3.515327e+08
2.34365e+08
1.716194e+08
1.417062e+08
1.311585e+08
0
0
0
0
0
0
0
0
0
3.51445e+08
2.348844e+08
1.724156e+08
1.400446e+08
1.31067e+08
0
0
0
0
0
0
0
0
0
0
3.515468e+08
2.356404e+08
1.735107e+08
1.411926e+08
1.300305e+08
0
0
0
0
0
0
0
0
0
0
0
3.516705e+08
2.364024e+08
1.745549e+08
1.423159e+08
1.30941e+08
0
0
0
0
0
0
0
0
0
0
0
0
3.517614e+08
2.37e+08
1.753912e+08
1.432071e+08
1.317089e+08
0
0
0
0
0
0
0
0
0
0
0
0
0
3.517765e+08
2.373714e+08
1.759524e+08
1.438175e+08
1.322399e+08
0
0
0
0
0
0
0
0
0
0
0
0
0
0
3.517581e+08
2.374796e+08
1.761765e+08
1.44076e+08
1.324777e+08
0
0
0
0
0
0
0
0
0
0
0
0
0
0
0
3.5171e+08
2.373716e+08
1.760161e+08
1.43974e+08
1.323554e+08
0
0
0
0
0
0
0
0
0
0
0
0
0
0
0
0
3.515334e+08
2.370599e+08
1.755575e+08
1.434276e+08
1.318781e+08
0
0
0
0
0
0
0
0
0
0
0
0
0
0
0
0
0
3.512972e+08
2.364732e+08
1.748125e+08
1.425719e+08
1.309957e+08
0
0
0
0
0
0
0
0
0
0
0
0
0
0
0
0
0
0
3.509337e+08
2.356857e+08
1.737632e+08
1.414035e+08
1.298207e+08
0
0
0
0
0
0
0
0
0
0
0
0
0
0
0
0
0
0
0
3.504813e+08
2.346485e+08
1.724886e+08
1.399877e+08
1.284178e+08
0
0
0
0
0
0
0
0
0
0
0
0
0
0
0
0
0
0
0
0
3.50031e+08
2.335263e+08
1.710897e+08
1.385242e+08
1.269782e+08
0
0
0
0
0
0
0
0
0
0
3.496588e+08
2.326994e+08
1.699566e+08
1.373436e+08
1.258784e+08
0
0
0
0
0
0
0
0
0
0
3.493505e+08
2.321461e+08
1.692584e+08
1.364964e+08
1.251149e+08
0
0
0
0
0
0
0
0
0
0
3.491813e+08
2.316985e+08
1.687488e+08
1.360495e+08
1.244995e+08
0
0
0
0
0
0
0
0
0
0
3.488909e+08
2.315546e+08
1.684979e+08
1.357302e+08
1.242986e+08
0
0
0
0
0
0
0
0
0
0
3.515511e+08
2.374419e+08
1.753133e+08
1.421277e+08
1.30173e+08
0
0
0
0
0
0
0
3.514373e+08
2.332567e+08
1.736212e+08
1.419722e+08
1.304442e+08
0
0
0
0
0
0
0
0
3.511825e+08
2.337159e+08
1.704761e+08
1.408128e+08
1.304207e+08
0
0
0
0
0
0
0
0
0
3.509957e+08
2.339869e+08
1.712677e+08
1.386682e+08
1.299351e+08
0
0
0
0
0
0
0
0
0
0
3.51044e+08
2.345354e+08
1.720994e+08
1.396295e+08
1.28392e+08
0
0
0
0
0
0
0
0
0
0
3.512439e+08
2.353852e+08
1.732423e+08
1.408818e+08
1.295266e+08
0
0
0
0
0
0
0
0
0
0
0
0
3.514467e+08
2.362018e+08
1.743661e+08
1.420864e+08
1.306184e+08
0
0
0
0
0
0
0
0
0
0
0
0
0
3.515755e+08
2.368354e+08
1.752513e+08
1.430511e+08
1.31495e+08
0
0
0
0
0
0
0
0
0
0
0
0
0
0
3.516546e+08
2.372055e+08
1.758152e+08
1.43703e+08
1.320974e+08
0
0
0
0
0
0
0
0
0
0
0
0
0
0
0
3.5171e+08
2.373716e+08
1.760161e+08
1.43974e+08
1.323554e+08
0
0
0
0
0
0
0
0
0
0
0
0
0
0
0
0
3.516408e+08
2.373463e+08
1.759138e+08
1.438186e+08
1.322604e+08
0
0
0
0
0
0
0
0
0
0
0
0
0
0
0
0
0
3.514985e+08
2.370174e+08
1.755262e+08
1.4333e+08
1.317332e+08
0
0
0
0
0
0
0
0
0
0
0
0
0
0
0
0
0
0
3.512417e+08
2.364808e+08
1.747832e+08
1.425219e+08
1.309043e+08
0
0
0
0
0
0
0
0
0
0
0
0
0
0
0
0
0
0
0
3.508703e+08
2.356305e+08
1.737695e+08
1.413822e+08
1.297714e+08
0
0
0
0
0
0
0
0
0
0
0
0
0
0
0
0
0
0
0
0
3.504652e+08
2.345666e+08
1.724362e+08
1.39997e+08
1.284011e+08
0
0
0
0
0
0
0
0
0
0
0
0
0
0
0
0
0
0
0
0
3.500271e+08
2.335137e+08
1.709998e+08
1.384781e+08
1.269857e+08
0
0
0
0
0
0
0
0
0
0
3.496085e+08
2.326992e+08
1.699475e+08
1.372498e+08
1.25841e+08
0
0
0
0
0
0
0
0
0
0
3.493473e+08
2.321071e+08
1.69252e+08
1.364938e+08
1.25018e+08
0
0
0
0
0
0
0
0
0
0
3.491324e+08
2.318391e+08
1.687159e+08
1.359511e+08
1.245839e+08
0
0
0
0
0
0
0
0
0
0
3.488575e+08
2.31582e+08
1.685903e+08
1.35701e+08
1.24284e+08
0
0
0
0
0
0
0
0
0
0
3.512019e+08
2.329709e+08
1.733742e+08
1.417807e+08
1.30172e+08
0
0
0
0
0
0
0
0
3.508998e+08
2.332348e+08
1.698082e+08
1.403205e+08
1.30096e+08
0
0
0
0
0
0
0
0
0
3.506687e+08
2.333736e+08
1.70491e+08
1.37499e+08
1.290773e+08
0
0
0
0
0
0
0
0
0
0
3.506133e+08
2.33656e+08
1.709899e+08
1.384022e+08
1.270572e+08
0
0
0
0
0
0
0
0
0
0
3.507566e+08
2.342913e+08
1.718448e+08
1.393582e+08
1.280177e+08
0
0
0
0
0
0
0
0
0
0
3.510313e+08
2.351911e+08
1.730588e+08
1.406606e+08
1.292303e+08
0
0
0
0
0
0
0
0
0
0
0
0
0
3.512687e+08
2.360417e+08
1.742144e+08
1.419329e+08
1.304094e+08
0
0
0
0
0
0
0
0
0
0
0
0
0
0
3.51456e+08
2.366749e+08
1.751147e+08
1.429365e+08
1.313543e+08
0
0
0
0
0
0
0
0
0
0
0
0
0
0
0
3.515965e+08
2.37099e+08
1.756582e+08
1.435796e+08
1.319938e+08
0
0
0
0
0
0
0
0
0
0
0
0
0
0
0
0
3.516407e+08
2.373463e+08
1.759138e+08
1.438186e+08
1.322604e+08
0
0
0
0
0
0
0
0
0
0
0
0
0
0
0
0
0
3.516266e+08
2.372942e+08
1.75898e+08
1.437195e+08
1.321122e+08
0
0
0
0
0
0
0
0
0
0
0
0
0
0
0
0
0
0
3.514419e+08
2.370127e+08
1.754939e+08
1.433019e+08
1.316396e+08
0
0
0
0
0
0
0
0
0
0
0
0
0
0
0
0
0
0
0
3.511753e+08
2.364231e+08
1.748069e+08
1.424978e+08
1.308559e+08
0
0
0
0
0
0
0
0
0
0
0
0
0
0
0
0
0
0
0
0
3.508529e+08
2.355441e+08
1.737129e+08
1.413948e+08
1.297522e+08
0
0
0
0
0
0
0
0
0
0
0
0
0
0
0
0
0
0
0
0
3.504663e+08
2.345527e+08
1.723418e+08
1.399445e+08
1.284121e+08
0
0
0
0
0
0
0
0
0
0
0
0
0
0
0
0
0
0
0
0
3.499718e+08
2.335212e+08
1.709883e+08
1.383833e+08
1.269413e+08
0
0
0
0
0
0
0
0
0
0
3.496076e+08
2.326549e+08
1.699513e+08
1.372413e+08
1.257494e+08
0
0
0
0
0
0
0
0
0
0
3.49303e+08
2.321721e+08
1.692154e+08
1.36489e+08
1.250154e+08
0
0
0
0
0
0
0
0
0
0
3.4904e+08
2.31867e+08
1.688946e+08
1.359199e+08
1.2449e+08
0
0
0
0
0
0
0
0
0
0
3.487449e+08
2.316442e+08
1.686522e+08
1.358073e+08
1.242569e+08
0
0
0
0
0
0
0
0
0
0
3.506813e+08
2.329945e+08
1.695202e+08
1.400775e+08
1.299209e+08
0
0
0
0
0
0
0
0
0
3.504027e+08
2.329182e+08
1.699309e+08
1.368062e+08
1.28615e+08
0
0
0
0
0
0
0
0
0
0
3.503006e+08
2.330569e+08
1.702426e+08
1.375758e+08
1.259386e+08
0
0
0
0
0
0
0
0
0
0
3.503411e+08
2.334226e+08
1.707482e+08
1.381655e+08
1.268296e+08
0
0
0
0
0
0
0
0
0
0
3.505601e+08
2.341069e+08
1.716686e+08
1.391483e+08
1.277565e+08
0
0
0
0
0
0
0
0
0
0
3.508643e+08
2.350392e+08
1.729115e+08
1.405112e+08
1.29029e+08
0
0
0
0
0
0
0
0
0
0
0
0
0
0
3.51153e+08
2.358889e+08
1.740815e+08
1.418047e+08
1.302709e+08
0
0
0
0
0
0
0
0
0
0
0
0
0
0
0
3.513848e+08
2.365708e+08
1.749632e+08
1.428135e+08
1.312506e+08
0
0
0
0
0
0
0
0
0
0
0
0
0
0
0
0
3.515333e+08
2.370599e+08
1.755575e+08
1.434276e+08
1.318781e+08
0
0
0
0
0
0
0
0
0
0
0
0
0
0
0
0
0
3.516266e+08
2.372942e+08
1.75898e+08
1.437195e+08
1.321122e+08
0
0
0
0
0
0
0
0
0
0
0
0
0
0
0
0
0
0
3.51569e+08
2.373155e+08
1.758537e+08
1.437076e+08
1.320171e+08
0
0
0
0
0
0
0
0
0
0
0
0
0
0
0
0
0
0
0
3.513731e+08
2.369538e+08
1.75503e+08
1.432746e+08
1.316123e+08
0
0
0
0
0
0
0
0
0
0
0
0
0
0
0
0
0
0
0
0
3.511495e+08
2.36332e+08
1.747478e+08
1.425291e+08
1.308338e+08
0
0
0
0
0
0
0
0
0
0
0
0
0
0
0
0
0
0
0
0
3.508579e+08
2.355291e+08
1.73613e+08
1.413383e+08
1.297664e+08
0
0
0
0
0
0
0
0
0
0
0
0
0
0
0
0
0
0
0
0
3.504054e+08
2.345672e+08
1.723292e+08
1.398448e+08
1.283615e+08
0
0
0
0
0
0
0
0
0
0
0
0
0
0
0
0
0
0
0
0
3.499786e+08
2.334697e+08
1.710004e+08
1.383724e+08
1.268487e+08
0
0
0
0
0
0
0
0
0
0
3.495703e+08
2.327239e+08
1.699086e+08
1.372468e+08
1.257411e+08
0
0
0
0
0
0
0
0
0
0
3.492056e+08
2.322055e+08
1.693117e+08
1.36454e+08
1.250114e+08
0
0
0
0
0
0
0
0
0
0
3.489271e+08
2.318463e+08
1.689571e+08
1.361139e+08
1.24461e+08
0
0
0
0
0
0
0
0
0
0
3.486412e+08
2.31571e+08
1.687528e+08
1.358852e+08
1.24365e+08
0
0
0
0
0
0
0
0
0
0
3.501929e+08
2.3269e+08
1.696847e+08
1.365215e+08
1.283913e+08
0
0
0
0
0
0
0
0
0
0
3.500455e+08
2.326127e+08
1.69704e+08
1.369869e+08
1.252659e+08
0
0
0
0
0
0
0
0
0
0
3.500409e+08
2.328318e+08
1.70011e+08
1.373656e+08
1.260291e+08
0
0
0
0
0
0
0
0
0
0
3.501613e+08
2.332479e+08
1.705791e+08
1.379661e+08
1.266017e+08
0
0
0
0
0
0
0
0
0
0
3.504076e+08
2.339673e+08
1.715285e+08
1.390044e+08
1.275657e+08
0
0
0
0
0
0
0
0
0
0
3.507544e+08
2.348965e+08
1.727856e+08
1.403863e+08
1.288942e+08
0
0
0
0
0
0
0
0
0
0
0
0
0
0
0
3.510819e+08
2.357883e+08
1.739377e+08
1.416849e+08
1.301536e+08
0
0
0
0
0
0
0
0
0
0
0
0
0
0
0
0
3.51324e+08
2.365128e+08
1.748649e+08
1.426671e+08
1.311352e+08
0
0
0
0
0
0
0
0
0
0
0
0
0
0
0
0
0
3.514985e+08
2.370174e+08
1.755262e+08
1.4333e+08
1.317332e+08
0
0
0
0
0
0
0
0
0
0
0
0
0
0
0
0
0
0
3.51569e+08
2.373155e+08
1.758537e+08
1.437076e+08
1.320171e+08
0
0
0
0
0
0
0
0
0
0
0
0
0
0
0
0
0
0
0
3.514984e+08
2.372555e+08
1.75889e+08
1.436667e+08
1.320059e+08
0
0
0
0
0
0
0
0
0
0
0
0
0
0
0
0
0
0
0
0
3.51356e+08
2.368588e+08
1.754427e+08
1.432903e+08
1.315871e+08
0
0
0
0
0
0
0
0
0
0
0
0
0
0
0
0
0
0
0
0
3.511578e+08
2.363044e+08
1.746421e+08
1.4247e+08
1.308665e+08
0
0
0
0
0
0
0
0
0
0
0
0
0
0
0
0
0
0
0
0
3.507924e+08
2.355495e+08
1.735995e+08
1.412326e+08
1.29712e+08
0
0
0
0
0
0
0
0
0
0
0
0
0
0
0
0
0
0
0
0
3.504214e+08
2.345075e+08
1.723492e+08
1.398329e+08
1.282644e+08
0
0
0
0
0
0
0
0
0
0
0
0
0
0
0
0
0
0
0
0
3.499501e+08
2.335491e+08
1.709496e+08
1.383866e+08
1.268383e+08
0
0
0
0
0
0
0
0
0
0
3.494728e+08
2.327658e+08
1.700098e+08
1.372054e+08
1.257472e+08
0
0
0
0
0
0
0
0
0
0
3.490921e+08
2.321806e+08
1.693802e+08
1.365646e+08
1.249788e+08
0
0
0
0
0
0
0
0
0
0
3.488207e+08
2.317731e+08
1.689675e+08
1.361924e+08
1.246534e+08
0
0
0
0
0
0
0
0
0
0
3.485591e+08
2.314822e+08
1.686955e+08
1.360018e+08
1.244464e+08
0
0
0
0
0
0
0
0
0
0
3.498407e+08
2.323895e+08
1.694676e+08
1.367426e+08
1.249976e+08
0
0
0
0
0
0
0
0
0
0
3.497949e+08
2.323945e+08
1.694809e+08
1.367963e+08
1.254594e+08
0
0
0
0
0
0
0
0
0
0
3.498778e+08
2.32665e+08
1.698475e+08
1.371745e+08
1.25827e+08
0
0
0
0
0
0
0
0
0
0
3.500231e+08
2.331214e+08
1.704463e+08
1.378277e+08
1.264208e+08
0
0
0
0
0
0
0
0
0
0
3.503057e+08
2.338375e+08
1.714132e+08
1.388856e+08
1.27436e+08
0
0
0
0
0
0
0
0
0
0
3.506857e+08
2.348009e+08
1.726517e+08
1.402729e+08
1.287799e+08
0
0
0
0
0
0
0
0
0
0
0
0
0
0
0
0
3.51023e+08
2.357298e+08
1.738429e+08
1.415462e+08
1.300412e+08
0
0
0
0
0
0
0
0
0
0
0
0
0
0
0
0
0
3.512972e+08
2.364731e+08
1.748125e+08
1.425719e+08
1.309957e+08
0
0
0
0
0
0
0
0
0
0
0
0
0
0
0
0
0
0
3.514419e+08
2.370127e+08
1.754939e+08
1.433019e+08
1.316396e+08
0
0
0
0
0
0
0
0
0
0
0
0
0
0
0
0
0
0
0
3.514984e+08
2.372555e+08
1.75889e+08
1.436667e+08
1.320059e+08
0
0
0
0
0
0
0
0
0
0
0
0
0
0
0
0
0
0
0
0
3.51462e+08
2.371578e+08
1.758275e+08
1.437072e+08
1.319668e+08
0
0
0
0
0
0
0
0
0
0
0
0
0
0
0
0
0
0
0
0
3.513675e+08
2.36845e+08
1.753324e+08
1.4323e+08
1.316043e+08
0
0
0
0
0
0
0
0
0
0
0
0
0
0
0
0
0
0
0
0
3.510882e+08
2.363299e+08
1.746139e+08
1.423582e+08
1.308095e+08
0
0
0
0
0
0
0
0
0
0
0
0
0
0
0
0
0
0
0
0
3.508152e+08
2.354827e+08
1.736261e+08
1.4122e+08
1.296092e+08
0
0
0
0
0
0
0
0
0
0
0
0
0
0
0
0
0
0
0
0
3.504023e+08
2.345991e+08
1.722889e+08
1.398552e+08
1.282531e+08
0
0
0
0
0
0
0
0
0
0
0
0
0
0
0
0
0
0
0
0
3.498553e+08
2.336019e+08
1.710626e+08
1.383366e+08
1.268527e+08
0
0
0
0
0
0
0
0
0
0
3.493587e+08
2.327423e+08
1.700878e+08
1.373214e+08
1.257083e+08
0
0
0
0
0
0
0
0
0
0
3.489815e+08
2.321073e+08
1.693867e+08
1.366494e+08
1.25091e+08
0
0
0
0
0
0
0
0
0
0
3.487363e+08
2.316822e+08
1.689103e+08
1.362179e+08
1.247353e+08
0
0
0
0
0
0
0
0
0
0
3.484297e+08
2.314e+08
1.686121e+08
1.359527e+08
1.245648e+08
0
0
0
0
0
0
0
0
0
0
3.495944e+08
2.321742e+08
1.692481e+08
1.365609e+08
1.252313e+08
0
0
0
0
0
0
0
0
0
0
3.496917e+08
2.322341e+08
1.693225e+08
1.366125e+08
1.252764e+08
0
0
0
0
0
0
0
0
0
0
3.497516e+08
2.325524e+08
1.697206e+08
1.370403e+08
1.256537e+08
0
0
0
0
0
0
0
0
0
0
3.49929e+08
2.33004e+08
1.703427e+08
1.37715e+08
1.26296e+08
0
0
0
0
0
0
0
0
0
0
3.502411e+08
2.337484e+08
1.712917e+08
1.387819e+08
1.273273e+08
0
0
0
0
0
0
0
0
0
0
3.506287e+08
2.347438e+08
1.725615e+08
1.401438e+08
1.286735e+08
0
0
0
0
0
0
0
0
0
0
0
0
0
0
0
0
0
3.509869e+08
2.356927e+08
1.737897e+08
1.414543e+08
1.299089e+08
0
0
0
0
0
0
0
0
0
0
0
0
0
0
0
0
0
0
3.512417e+08
2.364808e+08
1.747832e+08
1.425219e+08
1.309043e+08
0
0
0
0
0
0
0
0
0
0
0
0
0
0
0
0
0
0
0
3.513731e+08
2.369538e+08
1.75503e+08
1.432746e+08
1.316123e+08
0
0
0
0
0
0
0
0
0
0
0
0
0
0
0
0
0
0
0
0
3.514619e+08
2.371578e+08
1.758275e+08
1.437072e+08
1.319668e+08
0
0
0
0
0
0
0
0
0
0
0
0
0
0
0
0
0
0
0
0
3.514753e+08
2.3712e+08
1.75714e+08
1.436457e+08
1.320072e+08
0
0
0
0
0
0
0
0
0
0
0
0
0
0
0
0
0
0
0
0
3.512943e+08
2.368753e+08
1.753206e+08
1.431133e+08
1.315462e+08
0
0
0
0
0
0
0
0
0
0
0
0
0
0
0
0
0
0
0
0
3.511151e+08
2.362567e+08
1.746464e+08
1.423299e+08
1.307009e+08
0
0
0
0
0
0
0
0
0
0
0
0
0
0
0
0
0
0
0
0
3.508034e+08
2.355838e+08
1.735575e+08
1.412491e+08
1.295971e+08
0
0
0
0
0
0
0
0
0
0
0
0
0
0
0
0
0
0
0
0
3.503122e+08
2.34664e+08
1.724159e+08
1.397953e+08
1.282754e+08
0
0
0
0
0
0
0
0
0
0
0
0
0
0
0
0
0
0
0
0
3.497405e+08
2.33583e+08
1.711529e+08
1.384649e+08
1.268054e+08
0
0
0
0
0
0
0
0
0
0
3.492425e+08
2.326692e+08
1.700964e+08
1.37416e+08
1.258257e+08
0
0
0
0
0
0
0
0
0
0
3.488928e+08
2.320128e+08
1.693295e+08
1.366712e+08
1.251789e+08
0
0
0
0
0
0
0
0
0
0
3.486681e+08
2.315977e+08
1.68825e+08
1.361688e+08
1.247663e+08
0
0
0
0
0
0
0
0
0
0
3.483601e+08
2.312658e+08
1.68529e+08
1.358725e+08
1.245212e+08
0
0
0
0
0
0
0
0
0
0
3.494471e+08
2.320166e+08
1.690916e+08
1.363799e+08
1.250569e+08
0
0
0
0
0
0
0
0
0
0
3.495779e+08
2.322004e+08
1.692008e+08
1.364826e+08
1.251098e+08
0
0
0
0
0
0
0
0
0
0
3.496638e+08
2.324454e+08
1.696297e+08
1.369326e+08
1.255328e+08
0
0
0
0
0
0
0
0
0
0
3.498688e+08
2.329215e+08
1.70233e+08
1.376222e+08
1.261929e+08
0
0
0
0
0
0
0
0
0
0
3.501857e+08
2.336944e+08
1.712076e+08
1.386648e+08
1.272301e+08
0
0
0
0
0
0
0
0
0
0
3.505911e+08
2.347092e+08
1.725094e+08
1.400564e+08
1.285503e+08
0
0
0
0
0
0
0
0
0
0
0
0
0
0
0
0
0
0
3.509337e+08
2.356857e+08
1.737632e+08
1.414035e+08
1.298207e+08
0
0
0
0
0
0
0
0
0
0
0
0
0
0
0
0
0
0
0
3.511753e+08
2.364231e+08
1.748069e+08
1.424978e+08
1.308559e+08
0
0
0
0
0
0
0
0
0
0
0
0
0
0
0
0
0
0
0
0
3.513559e+08
2.368588e+08
1.754427e+08
1.432903e+08
1.315871e+08
0
0
0
0
0
0
0
0
0
0
0
0
0
0
0
0
0
0
0
0
3.514753e+08
2.3712e+08
1.75714e+08
1.436457e+08
1.320072e+08
0
0
0
0
0
0
0
0
0
0
0
0
0
0
0
0
0
0
0
0
3.514001e+08
2.371532e+08
1.756784e+08
1.435257e+08
1.31948e+08
0
0
0
0
0
0
0
0
0
0
0
0
0
0
0
0
0
0
0
0
3.513235e+08
2.367967e+08
1.753586e+08
1.431026e+08
1.314329e+08
0
0
0
0
0
0
0
0
0
0
0
0
0
0
0
0
0
0
0
0
3.511087e+08
2.363639e+08
1.745702e+08
1.423651e+08
1.306734e+08
0
0
0
0
0
0
0
0
0
0
0
0
0
0
0
0
0
0
0
0
3.50719e+08
2.356588e+08
1.736955e+08
1.411804e+08
1.296262e+08
0
0
0
0
0
0
0
0
0
0
0
0
0
0
0
0
0
0
0
0
3.501971e+08
2.346521e+08
1.725198e+08
1.399382e+08
1.282185e+08
0
0
0
0
0
0
0
0
0
0
0
0
0
0
0
0
0
0
0
0
3.496175e+08
2.335103e+08
1.711668e+08
1.385722e+08
1.269348e+08
0
0
0
0
0
0
0
0
0
0
3.491473e+08
2.325697e+08
1.700397e+08
1.374401e+08
1.25923e+08
0
0
0
0
0
0
0
0
0
0
3.48832e+08
2.319238e+08
1.692409e+08
1.366223e+08
1.252066e+08
0
0
0
0
0
0
0
0
0
0
3.485485e+08
2.315498e+08
1.687396e+08
1.360869e+08
1.247228e+08
0
0
0
0
0
0
0
0
0
0
3.483037e+08
2.312098e+08
1.683951e+08
1.357893e+08
1.24445e+08
0
0
0
0
0
0
0
0
0
0
3.493328e+08
2.319168e+08
1.68972e+08
1.362515e+08
1.24893e+08
0
0
0
0
0
0
0
0
0
0
3.494945e+08
2.321079e+08
1.691933e+08
1.363793e+08
1.249928e+08
0
0
0
0
0
0
0
0
0
0
3.496072e+08
2.323681e+08
1.695298e+08
1.368519e+08
1.254342e+08
0
0
0
0
0
0
0
0
0
0
3.498147e+08
2.328709e+08
1.701549e+08
1.375165e+08
1.261061e+08
0
0
0
0
0
0
0
0
0
0
3.501469e+08
2.336615e+08
1.711581e+08
1.385832e+08
1.271183e+08
0
0
0
0
0
0
0
0
0
0
3.505418e+08
2.346997e+08
1.724854e+08
1.400064e+08
1.284663e+08
0
0
0
0
0
0
0
0
0
0
0
0
0
0
0
0
0
0
0
3.508703e+08
2.356305e+08
1.737695e+08
1.413822e+08
1.297714e+08
0
0
0
0
0
0
0
0
0
0
0
0
0
0
0
0
0
0
0
0
3.511494e+08
2.363319e+08
1.747478e+08
1.425291e+08
1.308338e+08
0
0
0
0
0
0
0
0
0
0
0
0
0
0
0
0
0
0
0
0
3.513674e+08
2.36845e+08
1.753324e+08
1.4323e+08
1.316043e+08
0
0
0
0
0
0
0
0
0
0
0
0
0
0
0
0
0
0
0
0
3.514001e+08
2.371531e+08
1.756784e+08
1.435257e+08
1.31948e+08
0
0
0
0
0
0
0
0
0
0
0
0
0
0
0
0
0
0
0
0
3.514303e+08
2.370713e+08
1.757195e+08
1.434926e+08
1.318316e+08
0
0
0
0
0
0
0
0
0
0
0
0
0
0
0
0
0
0
0
0
3.513205e+08
2.369074e+08
1.752761e+08
1.431437e+08
1.314229e+08
0
0
0
0
0
0
0
0
0
0
0
0
0
0
0
0
0
0
0
0
3.510384e+08
2.364465e+08
1.747154e+08
1.422885e+08
1.307085e+08
0
0
0
0
0
0
0
0
0
0
0
0
0
0
0
0
0
0
0
0
3.50605e+08
2.356547e+08
1.738111e+08
1.41335e+08
1.295607e+08
0
0
0
0
0
0
0
0
0
0
0
0
0
0
0
0
0
0
0
0
3.500677e+08
2.345801e+08
1.725417e+08
1.400598e+08
1.283619e+08
0
0
0
0
0
0
0
0
0
0
0
0
0
0
0
0
0
0
0
0
3.495139e+08
2.334047e+08
1.711107e+08
1.386022e+08
1.270442e+08
0
0
0
0
0
0
0
0
0
0
3.490914e+08
2.324739e+08
1.699463e+08
1.373919e+08
1.259531e+08
0
0
0
0
0
0
0
0
0
0
3.487709e+08
2.318853e+08
1.691509e+08
1.365372e+08
1.251634e+08
0
0
0
0
0
0
0
0
0
0
3.484927e+08
2.314204e+08
1.686997e+08
1.360014e+08
1.24645e+08
0
0
0
0
0
0
0
0
0
0
3.481738e+08
2.311871e+08
1.683439e+08
1.356585e+08
1.243644e+08
0
0
0
0
0
0
0
0
0
0
3.492522e+08
2.318206e+08
1.688926e+08
1.3615e+08
1.247773e+08
0
0
0
0
0
0
0
0
0
0
3.494404e+08
2.320342e+08
1.691097e+08
1.363814e+08
1.248985e+08
0
0
0
0
0
0
0
0
0
0
3.495542e+08
2.323204e+08
1.694566e+08
1.367557e+08
1.253589e+08
0
0
0
0
0
0
0
0
0
0
3.497753e+08
2.328392e+08
1.701086e+08
1.374407e+08
1.26005e+08
0
0
0
0
0
0
0
0
0
0
3.50104e+08
2.336496e+08
1.711357e+08
1.385358e+08
1.270396e+08
0
0
0
0
0
0
0
0
0
0
3.504813e+08
2.346485e+08
1.724886e+08
1.399877e+08
1.284178e+08
0
0
0
0
0
0
0
0
0
0
0
0
0
0
0
0
0
0
0
0
3.508529e+08
2.355441e+08
1.737129e+08
1.413948e+08
1.297521e+08
0
0
0
0
0
0
0
0
0
0
0
0
0
0
0
0
0
0
0
0
3.511577e+08
2.363043e+08
1.746421e+08
1.4247e+08
1.308665e+08
0
0
0
0
0
0
0
0
0
0
0
0
0
0
0
0
0
0
0
0
3.512943e+08
2.368753e+08
1.753206e+08
1.431133e+08
1.315462e+08
0
0
0
0
0
0
0
0
0
0
0
0
0
0
0
0
0
0
0
0
3.514303e+08
2.370713e+08
1.757195e+08
1.434926e+08
1.318316e+08
0
0
0
0
0
0
0
0
0
0
0
0
0
0
0
0
0
0
0
0
3.514289e+08
2.371836e+08
1.756334e+08
1.435369e+08
1.318005e+08
0
0
0
0
0
0
0
0
0
0
0
0
0
0
0
0
0
0
0
0
3.512469e+08
2.369948e+08
1.754254e+08
1.430603e+08
1.314635e+08
0
0
0
0
0
0
0
0
0
0
0
0
0
0
0
0
0
0
0
0
3.509272e+08
2.364631e+08
1.748398e+08
1.424506e+08
1.306353e+08
0
0
0
0
0
0
0
0
0
0
0
0
0
0
0
0
0
0
0
0
3.504704e+08
2.355846e+08
1.738418e+08
1.414687e+08
1.297153e+08
0
0
0
0
0
0
0
0
0
0
0
0
0
0
0
0
0
0
0
0
3.499556e+08
2.344686e+08
1.724867e+08
1.400982e+08
1.284848e+08
0
0
0
0
0
0
0
0
0
0
0
0
0
0
0
0
0
0
0
0
3.494621e+08
2.332999e+08
1.710116e+08
1.385547e+08
1.270802e+08
0
0
0
0
0
0
0
0
0
0
3.490369e+08
2.324425e+08
1.698492e+08
1.373022e+08
1.259108e+08
0
0
0
0
0
0
0
0
0
0
3.487195e+08
2.31839e+08
1.691213e+08
1.36447e+08
1.250826e+08
0
0
0
0
0
0
0
0
0
0
3.483594e+08
2.313988e+08
1.685679e+08
1.359657e+08
1.245622e+08
0
0
0
0
0
0
0
0
0
0
3.479235e+08
2.310902e+08
1.683347e+08
1.356099e+08
1.242402e+08
0
0
0
0
0
0
0
0
0
0
3.491998e+08
2.317496e+08
1.688033e+08
1.360803e+08
1.246846e+08
0
0
0
0
0
0
0
0
0
0
3.493881e+08
2.319885e+08
1.690398e+08
1.363026e+08
1.24902e+08
0
0
0
0
0
0
0
0
0
0
3.495144e+08
2.322894e+08
1.694128e+08
1.366845e+08
1.252668e+08
0
0
0
0
0
0
0
0
0
0
3.497399e+08
2.328252e+08
1.70087e+08
1.373962e+08
1.259317e+08
0
0
0
0
0
0
0
0
0
0
3.500454e+08
2.336048e+08
1.711357e+08
1.385184e+08
1.269935e+08
0
0
0
0
0
0
0
0
0
0
3.504652e+08
2.345666e+08
1.724361e+08
1.39997e+08
1.284011e+08
0
0
0
0
0
0
0
0
0
0
0
0
0
0
0
0
0
0
0
0
3.508579e+08
2.355291e+08
1.73613e+08
1.413383e+08
1.297664e+08
0
0
0
0
0
0
0
0
0
0
0
0
0
0
0
0
0
0
0
0
3.510881e+08
2.363299e+08
1.746138e+08
1.423582e+08
1.308095e+08
0
0
0
0
0
0
0
0
0
0
0
0
0
0
0
0
0
0
0
0
3.513235e+08
2.367966e+08
1.753585e+08
1.431026e+08
1.314329e+08
0
0
0
0
0
0
0
0
0
0
0
0
0
0
0
0
0
0
0
0
3.514289e+08
2.371836e+08
1.756334e+08
1.435369e+08
1.318005e+08
0
0
0
0
0
0
0
0
0
0
0
0
0
0
0
0
0
0
0
0
3.513844e+08
2.372735e+08
1.757846e+08
1.434497e+08
1.318444e+08
0
0
0
0
0
0
0
0
0
0
0
0
0
0
0
0
0
0
0
0
3.511503e+08
2.370049e+08
1.755555e+08
1.432268e+08
1.313838e+08
0
0
0
0
0
0
0
0
0
0
0
0
0
0
0
0
0
0
0
0
3.507874e+08
2.363962e+08
1.748946e+08
1.425936e+08
1.307971e+08
0
0
0
0
0
0
0
0
0
0
0
0
0
0
0
0
0
0
0
0
3.503513e+08
2.354681e+08
1.737889e+08
1.415163e+08
1.298498e+08
0
0
0
0
0
0
0
0
0
0
0
0
0
0
0
0
0
0
0
0
3.499072e+08
2.343541e+08
1.723818e+08
1.40052e+08
1.285293e+08
0
0
0
0
0
0
0
0
0
0
0
0
0
0
0
0
0
0
0
0
3.494107e+08
2.332756e+08
1.70905e+08
1.384595e+08
1.270389e+08
0
0
0
0
0
0
0
0
0
0
3.489878e+08
2.324031e+08
1.698277e+08
1.37205e+08
1.258258e+08
0
0
0
0
0
0
0
0
0
0
3.485334e+08
2.318245e+08
1.690801e+08
1.36422e+08
1.249953e+08
0
0
0
0
0
0
0
0
0
0
3.481067e+08
2.312985e+08
1.685601e+08
1.358355e+08
1.245294e+08
0
0
0
0
0
0
0
0
0
0
3.478384e+08
2.308866e+08
1.682505e+08
1.356078e+08
1.24195e+08
0
0
0
0
0
0
0
0
0
0
3.491484e+08
2.317057e+08
1.68736e+08
1.359943e+08
1.246196e+08
0
0
0
0
0
0
0
0
0
0
3.493483e+08
2.319581e+08
1.689979e+08
1.362345e+08
1.248271e+08
0
0
0
0
0
0
0
0
0
0
3.494869e+08
2.32274e+08
1.693918e+08
1.366424e+08
1.251979e+08
0
0
0
0
0
0
0
0
0
0
3.496802e+08
2.327879e+08
1.700843e+08
1.373796e+08
1.258884e+08
0
0
0
0
0
0
0
0
0
0
3.50031e+08
2.335263e+08
1.710897e+08
1.385242e+08
1.269782e+08
0
0
0
0
0
0
0
0
0
0
3.504663e+08
2.345526e+08
1.723418e+08
1.399444e+08
1.284121e+08
0
0
0
0
0
0
0
0
0
0
0
0
0
0
0
0
0
0
0
0
3.507923e+08
2.355495e+08
1.735994e+08
1.412326e+08
1.297119e+08
0
0
0
0
0
0
0
0
0
0
0
0
0
0
0
0
0
0
0
0
3.511151e+08
2.362566e+08
1.746463e+08
1.423298e+08
1.307009e+08
0
0
0
0
0
0
0
0
0
0
0
0
0
0
0
0
0
0
0
0
3.513204e+08
2.369074e+08
1.75276e+08
1.431436e+08
1.314229e+08
0
0
0
0
0
0
0
0
0
0
0
0
0
0
0
0
0
0
0
0
3.513844e+08
2.372735e+08
1.757846e+08
1.434497e+08
1.318444e+08
0
0
0
0
0
0
0
0
0
0
0
0
0
0
0
0
0
0
0
0
3.5133e+08
2.373223e+08
1.759177e+08
1.436182e+08
1.31761e+08
0
0
0
0
0
0
0
0
0
0
0
0
0
0
0
0
0
0
0
0
3.510095e+08
2.369602e+08
1.756021e+08
1.433758e+08
1.315498e+08
0
0
0
0
0
0
0
0
0
0
0
0
0
0
0
0
0
0
0
0
3.506629e+08
2.362746e+08
1.748452e+08
1.426668e+08
1.309404e+08
0
0
0
0
0
0
0
0
0
0
0
0
0
0
0
0
0
0
0
0
3.503054e+08
2.353451e+08
1.736791e+08
1.414724e+08
1.299034e+08
0
0
0
0
0
0
0
0
0
0
0
0
0
0
0
0
0
0
0
0
3.498571e+08
2.343366e+08
1.72265e+08
1.399513e+08
1.284895e+08
0
0
0
0
0
0
0
0
0
0
0
0
0
0
0
0
0
0
0
0
3.493641e+08
2.332394e+08
1.70892e+08
1.383528e+08
1.269488e+08
0
0
0
0
0
0
0
0
0
0
3.488591e+08
2.323927e+08
1.697935e+08
1.371884e+08
1.257316e+08
0
0
0
0
0
0
0
0
0
0
3.482758e+08
2.31648e+08
1.690804e+08
1.363835e+08
1.249729e+08
0
0
0
0
0
0
0
0
0
0
3.48013e+08
2.31092e+08
1.684726e+08
1.358349e+08
1.244058e+08
0
0
0
0
0
0
0
0
0
0
2.309317e+08
1.68066e+08
1.355303e+08
1.241975e+08
0
0
0
0
0
0
0
0
0
0
3.491086e+08
2.316762e+08
1.686958e+08
1.359288e+08
1.245372e+08
0
0
0
0
0
0
0
0
0
0
3.493308e+08
2.319418e+08
1.689772e+08
1.361943e+08
1.247612e+08
0
0
0
0
0
0
0
0
0
0
3.494205e+08
2.322445e+08
1.69387e+08
1.366262e+08
1.251569e+08
0
0
0
0
0
0
0
0
0
0
3.496687e+08
2.327094e+08
1.700458e+08
1.373823e+08
1.258738e+08
0
0
0
0
0
0
0
0
0
0
3.50027e+08
2.335137e+08
1.709998e+08
1.384781e+08
1.269857e+08
0
0
0
0
0
0
0
0
0
0
3.504053e+08
2.345672e+08
1.723291e+08
1.398448e+08
1.283615e+08
0
0
0
0
0
0
0
0
0
0
0
0
0
0
0
0
0
0
0
0
3.508152e+08
2.354826e+08
1.73626e+08
1.412199e+08
1.296092e+08
0
0
0
0
0
0
0
0
0
0
0
0
0
0
0
0
0
0
0
0
3.511086e+08
2.36364e+08
1.745702e+08
1.423651e+08
1.306734e+08
0
0
0
0
0
0
0
0
0
0
0
0
0
0
0
0
0
0
0
0
3.512468e+08
2.369948e+08
1.754255e+08
1.430603e+08
1.314635e+08
0
0
0
0
0
0
0
0
0
0
0
0
0
0
0
0
0
0
0
0
3.5133e+08
2.373223e+08
1.759177e+08
1.436182e+08
1.317609e+08
0
0
0
0
0
0
0
0
0
0
0
0
0
0
0
0
0
0
0
0
3.511238e+08
2.373344e+08
1.760059e+08
1.437703e+08
1.319289e+08
0
0
0
0
0
0
0
0
0
0
0
0
0
0
0
0
0
0
0
0
3.508806e+08
2.368364e+08
1.755795e+08
1.434399e+08
1.316989e+08
0
0
0
0
0
0
0
0
0
0
0
0
0
0
0
0
0
0
0
0
3.506188e+08
2.361446e+08
1.747302e+08
1.426265e+08
1.310191e+08
0
0
0
0
0
0
0
0
0
0
0
0
0
0
0
0
0
0
0
0
3.50256e+08
2.353331e+08
1.735531e+08
1.413668e+08
1.29866e+08
0
0
0
0
0
0
0
0
0
0
0
0
0
0
0
0
0
0
0
0
3.498127e+08
2.343014e+08
1.722601e+08
1.398341e+08
1.283942e+08
0
0
0
0
0
0
0
0
0
0
0
0
0
0
0
0
0
0
0
0
3.492427e+08
2.332337e+08
1.708609e+08
1.383452e+08
1.268456e+08
0
0
0
0
0
0
0
0
0
0
3.485969e+08
2.322992e+08
1.697987e+08
1.371568e+08
1.257175e+08
0
0
0
0
0
0
0
0
0
0
3.481545e+08
2.314354e+08
1.689095e+08
1.363912e+08
1.249374e+08
0
0
0
0
0
0
0
0
0
0
2.311302e+08
1.682848e+08
1.357542e+08
1.244097e+08
0
0
0
0
0
0
0
0
0
0
1.681605e+08
1.353567e+08
1.241261e+08
0
0
0
0
0
0
0
0
0
0
3.491528e+08
2.316595e+08
1.68676e+08
1.358902e+08
1.244737e+08
0
0
0
0
0
0
0
0
0
0
3.492014e+08
2.319224e+08
1.689711e+08
1.361782e+08
1.247219e+08
0
0
0
0
0
0
0
0
0
0
3.494153e+08
2.321598e+08
1.693564e+08
1.366266e+08
1.251427e+08
0
0
0
0
0
0
0
0
0
0
3.496587e+08
2.326994e+08
1.699566e+08
1.373436e+08
1.258784e+08
0
0
0
0
0
0
0
0
0
0
3.499716e+08
2.335211e+08
1.709883e+08
1.383833e+08
1.269412e+08
0
0
0
0
0
0
0
0
0
0
3.504214e+08
2.345074e+08
1.723491e+08
1.398329e+08
1.282644e+08
0
0
0
0
0
0
0
0
0
0
0
0
0
0
0
0
0
0
0
0
3.508034e+08
2.355839e+08
1.735574e+08
1.412491e+08
1.295971e+08
0
0
0
0
0
0
0
0
0
0
0
0
0
0
0
0
0
0
0
0
3.510384e+08
2.364464e+08
1.747155e+08
1.422885e+08
1.307084e+08
0
0
0
0
0
0
0
0
0
0
0
0
0
0
0
0
0
0
0
0
3.511503e+08
2.370049e+08
1.755556e+08
1.432269e+08
1.313838e+08
0
0
0
0
0
0
0
0
0
0
0
0
0
0
0
0
0
0
0
0
3.511238e+08
2.373344e+08
1.760059e+08
1.437703e+08
1.319289e+08
0
0
0
0
0
0
0
0
0
0
0
0
0
0
0
0
0
0
0
0
3.509926e+08
2.371208e+08
1.760409e+08
1.438766e+08
1.320809e+08
0
0
0
0
0
0
0
0
0
0
0
0
0
0
0
0
0
0
0
0
3.50838e+08
2.367007e+08
1.754592e+08
1.434295e+08
1.317685e+08
0
0
0
0
0
0
0
0
0
0
0
0
0
0
0
0
0
0
0
0
3.505709e+08
2.361366e+08
1.745964e+08
1.425157e+08
1.309853e+08
0
0
0
0
0
0
0
0
0
0
0
0
0
0
0
0
0
0
0
0
3.502129e+08
2.352981e+08
1.73555e+08
1.412404e+08
1.297662e+08
0
0
0
0
0
0
0
0
0
0
0
0
0
0
0
0
0
0
0
0
3.496973e+08
2.343004e+08
1.722299e+08
1.398352e+08
1.282809e+08
0
0
0
0
0
0
0
0
0
0
0
0
0
0
0
0
0
0
0
0
3.48972e+08
2.331493e+08
1.708719e+08
1.383166e+08
1.268403e+08
0
0
0
0
0
0
0
0
0
0
3.483881e+08
2.320807e+08
1.697188e+08
1.371699e+08
1.256886e+08
0
0
0
0
0
0
0
0
0
0
2.314521e+08
1.687148e+08
1.362262e+08
1.249495e+08
0
0
0
0
0
0
0
0
0
0
1.68373e+08
1.355772e+08
1.243353e+08
0
0
0
0
0
0
0
0
0
0
1.354728e+08
1.23964e+08
0
0
0
0
0
0
0
0
0
0
3.490144e+08
2.317261e+08
1.686694e+08
1.358751e+08
1.24436e+08
0
0
0
0
0
0
0
0
0
0
3.492539e+08
2.317504e+08
1.689506e+08
1.361771e+08
1.247078e+08
0
0
0
0
0
0
0
0
0
0
3.493969e+08
2.321559e+08
1.692614e+08
1.365957e+08
1.251449e+08
0
0
0
0
0
0
0
0
0
0
3.496084e+08
2.326992e+08
1.699475e+08
1.372498e+08
1.25841e+08
0
0
0
0
0
0
0
0
0
0
3.499786e+08
2.334696e+08
1.710004e+08
1.383724e+08
1.268487e+08
0
0
0
0
0
0
0
0
0
0
3.504022e+08
2.345992e+08
1.722888e+08
1.398552e+08
1.28253e+08
0
0
0
0
0
0
0
0
0
0
0
0
0
0
0
0
0
0
0
0
3.50719e+08
2.356588e+08
1.736956e+08
1.411803e+08
1.296261e+08
0
0
0
0
0
0
0
0
0
0
0
0
0
0
0
0
0
0
0
0
3.509272e+08
2.364631e+08
1.748398e+08
1.424507e+08
1.306352e+08
0
0
0
0
0
0
0
0
0
0
0
0
0
0
0
0
0
0
0
0
3.510095e+08
2.369602e+08
1.756021e+08
1.433758e+08
1.315499e+08
0
0
0
0
0
0
0
0
0
0
0
0
0
0
0
0
0
0
0
0
3.509926e+08
2.371208e+08
1.760409e+08
1.438766e+08
1.320809e+08
0
0
0
0
0
0
0
0
0
0
0
0
0
0
0
0
0
0
0
0
3.509508e+08
2.36982e+08
1.758261e+08
1.439203e+08
1.321914e+08
0
0
0
0
0
0
0
0
0
0
0
0
0
0
0
0
0
0
0
0
3.508164e+08
2.366957e+08
1.753191e+08
1.433102e+08
1.317651e+08
0
0
0
0
0
0
0
0
0
0
0
0
0
0
0
0
0
0
0
0
3.505283e+08
2.361019e+08
1.746032e+08
1.423811e+08
1.308805e+08
0
0
0
0
0
0
0
0
0
0
0
0
0
0
0
0
0
0
0
0
3.501101e+08
2.353001e+08
1.735245e+08
1.412487e+08
1.296439e+08
0
0
0
0
0
0
0
0
0
0
0
0
0
0
0
0
0
0
0
0
3.494159e+08
2.342236e+08
1.722467e+08
1.398073e+08
1.282844e+08
0
0
0
0
0
0
0
0
0
0
0
0
0
0
0
0
0
0
0
0
3.487497e+08
2.32919e+08
1.708018e+08
1.38336e+08
1.268142e+08
0
0
0
0
0
0
0
0
0
0
2.319977e+08
1.695173e+08
1.370971e+08
1.257061e+08
0
0
0
0
0
0
0
0
0
0
1.687853e+08
1.360421e+08
1.247942e+08
0
0
0
0
0
0
0
0
0
0
1.356877e+08
1.2417e+08
0
0
0
0
0
0
0
0
0
0
1.24087e+08
0
0
0
0
0
0
0
0
0
0
3.490153e+08
2.315442e+08
1.687424e+08
1.358733e+08
1.244228e+08
0
0
0
0
0
0
0
0
0
0
3.491763e+08
2.318286e+08
1.687611e+08
1.361563e+08
1.247086e+08
0
0
0
0
0
0
0
0
0
0
3.493504e+08
2.32146e+08
1.692584e+08
1.364964e+08
1.251149e+08
0
0
0
0
0
0
0
0
0
0
3.496076e+08
2.326548e+08
1.699512e+08
1.372412e+08
1.257494e+08
0
0
0
0
0
0
0
0
0
0
3.499501e+08
2.335491e+08
1.709495e+08
1.383865e+08
1.268383e+08
0
0
0
0
0
0
0
0
0
0
3.503122e+08
2.34664e+08
1.724159e+08
1.397952e+08
1.282753e+08
0
0
0
0
0
0
0
0
0
0
0
0
0
0
0
0
0
0
0
0
3.50605e+08
2.356547e+08
1.738111e+08
1.413351e+08
1.295606e+08
0
0
0
0
0
0
0
0
0
0
0
0
0
0
0
0
0
0
0
0
3.507874e+08
2.363962e+08
1.748946e+08
1.425936e+08
1.307972e+08
0
0
0
0
0
0
0
0
0
0
0
0
0
0
0
0
0
0
0
0
3.508806e+08
2.368364e+08
1.755795e+08
1.434399e+08
1.316989e+08
0
0
0
0
0
0
0
0
0
0
0
0
0
0
0
0
0
0
0
0
3.509508e+08
2.36982e+08
1.758261e+08
1.439203e+08
1.321914e+08
0
0
0
0
0
0
0
0
0
0
0
0
0
0
0
0
0
0
0
0
3.50925e+08
2.369785e+08
1.756826e+08
1.437086e+08
1.322384e+08
0
0
0
0
0
0
0
0
0
0
0
0
0
0
0
0
0
0
0
0
3.5074e+08
2.366943e+08
1.753296e+08
1.431691e+08
1.316503e+08
0
0
0
0
0
0
0
0
0
0
0
0
0
0
0
0
0
0
0
0
3.504644e+08
2.361064e+08
1.745725e+08
1.423949e+08
1.307505e+08
0
0
0
0
0
0
0
0
0
0
0
0
0
0
0
0
0
0
0
0
3.498122e+08
2.35241e+08
1.735453e+08
1.412205e+08
1.296546e+08
0
0
0
0
0
0
0
0
0
0
0
0
0
0
0
0
0
0
0
0
3.491911e+08
2.339784e+08
1.721849e+08
1.39833e+08
1.28259e+08
0
0
0
0
0
0
0
0
0
0
0
0
0
0
0
0
0
0
0
0
2.328311e+08
1.705868e+08
1.382733e+08
1.26838e+08
0
0
0
0
0
0
0
0
0
0
1.694867e+08
1.369059e+08
1.256397e+08
0
0
0
0
0
0
0
0
0
0
1.361372e+08
1.246222e+08
0
0
0
0
0
0
0
0
0
0
1.242881e+08
0
0
0
0
0
0
0
0
0
0
0
0
0
0
0
0
0
0
0
0
3.489885e+08
2.315468e+08
1.685427e+08
1.35947e+08
1.244229e+08
0
0
0
0
0
0
0
0
0
0
3.491322e+08
2.317342e+08
1.688476e+08
1.359616e+08
1.246883e+08
0
0
0
0
0
0
0
0
0
0
3.493473e+08
2.32107e+08
1.692519e+08
1.364938e+08
1.25018e+08
0
0
0
0
0
0
0
0
0
0
3.495703e+08
2.327239e+08
1.699085e+08
1.372468e+08
1.25741e+08
0
0
0
0
0
0
0
0
0
0
3.498553e+08
2.336019e+08
1.710627e+08
1.383365e+08
1.268526e+08
0
0
0
0
0
0
0
0
0
0
3.501971e+08
2.346521e+08
1.725198e+08
1.399383e+08
1.282183e+08
0
0
0
0
0
0
0
0
0
0
0
0
0
0
0
0
0
0
0
0
3.504704e+08
2.355846e+08
1.738418e+08
1.414687e+08
1.297154e+08
0
0
0
0
0
0
0
0
0
0
0
0
0
0
0
0
0
0
0
0
3.506628e+08
2.362746e+08
1.748452e+08
1.426668e+08
1.309404e+08
0
0
0
0
0
0
0
0
0
0
0
0
0
0
0
0
0
0
0
0
3.50838e+08
2.367007e+08
1.754592e+08
1.434295e+08
1.317685e+08
0
0
0
0
0
0
0
0
0
0
0
0
0
0
0
0
0
0
0
0
3.50925e+08
2.369785e+08
1.756825e+08
1.437086e+08
1.322384e+08
0
0
0
0
0
0
0
0
0
0
0
0
0
0
0
0
0
0
0
0
3.508872e+08
2.369764e+08
1.75695e+08
1.43564e+08
1.320358e+08
0
0
0
0
0
0
0
0
0
0
0
0
0
0
0
0
0
0
0
0
3.506517e+08
2.366553e+08
1.753341e+08
1.431868e+08
1.315139e+08
0
0
0
0
0
0
0
0
0
0
0
0
0
0
0
0
0
0
0
0
3.501396e+08
2.360975e+08
1.745967e+08
1.423661e+08
1.307665e+08
0
0
0
0
0
0
0
0
0
0
0
0
0
0
0
0
0
0
0
0
3.496415e+08
2.349708e+08
1.735039e+08
1.412505e+08
1.296288e+08
0
0
0
0
0
0
0
0
0
0
0
0
0
0
0
0
0
0
0
0
2.338977e+08
1.719526e+08
1.39779e+08
1.28289e+08
0
0
0
0
0
0
0
0
0
0
0
0
0
0
0
0
0
0
0
0
1.705548e+08
1.38068e+08
1.267815e+08
0
0
0
0
0
0
0
0
0
0
1.369024e+08
1.25461e+08
0
0
0
0
0
0
0
0
0
0
1.247268e+08
0
0
0
0
0
0
0
0
0
0
0
0
0
0
0
0
0
0
0
0
0
0
0
0
0
0
0
0
0
3.489457e+08
2.315267e+08
1.685463e+08
1.357421e+08
1.244934e+08
0
0
0
0
0
0
0
0
0
0
3.491812e+08
2.316985e+08
1.687487e+08
1.360495e+08
1.244995e+08
0
0
0
0
0
0
0
0
0
0
3.49303e+08
2.321721e+08
1.692153e+08
1.364889e+08
1.250153e+08
0
0
0
0
0
0
0
0
0
0
3.494728e+08
2.327657e+08
1.700099e+08
1.372053e+08
1.257471e+08
0
0
0
0
0
0
0
0
0
0
3.497405e+08
2.33583e+08
1.711529e+08
1.38465e+08
1.268053e+08
0
0
0
0
0
0
0
0
0
0
3.500677e+08
2.345801e+08
1.725417e+08
1.400598e+08
1.28362e+08
0
0
0
0
0
0
0
0
0
0
0
0
0
0
0
0
0
0
0
0
3.503513e+08
2.35468e+08
1.737889e+08
1.415163e+08
1.298498e+08
0
0
0
0
0
0
0
0
0
0
0
0
0
0
0
0
0
0
0
0
3.506187e+08
2.361446e+08
1.747301e+08
1.426265e+08
1.310191e+08
0
0
0
0
0
0
0
0
0
0
0
0
0
0
0
0
0
0
0
0
3.508164e+08
2.366957e+08
1.753191e+08
1.433102e+08
1.317651e+08
0
0
0
0
0
0
0
0
0
0
0
0
0
0
0
0
0
0
0
0
3.508872e+08
2.369764e+08
1.75695e+08
1.435639e+08
1.320358e+08
0
0
0
0
0
0
0
0
0
0
0
0
0
0
0
0
0
0
0
0
3.507465e+08
2.369885e+08
1.757029e+08
1.435837e+08
1.31896e+08
0
0
0
0
0
0
0
0
0
0
0
0
0
0
0
0
0
0
0
0
3.503389e+08
2.366115e+08
1.753138e+08
1.431934e+08
1.315339e+08
0
0
0
0
0
0
0
0
0
0
0
0
0
0
0
0
0
0
0
0
3.499195e+08
2.357724e+08
1.746061e+08
1.424001e+08
1.307402e+08
0
0
0
0
0
0
0
0
0
0
0
0
0
0
0
0
0
0
0
0
2.349747e+08
1.73242e+08
1.412182e+08
1.296632e+08
0
0
0
0
0
0
0
0
0
0
0
0
0
0
0
0
0
0
0
0
1.719321e+08
1.395556e+08
1.282411e+08
0
0
0
0
0
0
0
0
0
0
0
0
0
0
0
0
0
0
0
0
1.380652e+08
1.265896e+08
0
0
0
0
0
0
0
0
0
0
1.254727e+08
0
0
0
0
0
0
0
0
0
0
0
0
0
0
0
0
0
0
0
0
0
0
0
0
0
0
0
0
0
0
0
0
0
0
0
0
0
3.489404e+08
2.314927e+08
1.685289e+08
1.357461e+08
1.24295e+08
0
0
0
0
0
0
0
0
0
0
3.491324e+08
2.318391e+08
1.687159e+08
1.359511e+08
1.245839e+08
0
0
0
0
0
0
0
0
0
0
3.492056e+08
2.322055e+08
1.693117e+08
1.364539e+08
1.250114e+08
0
0
0
0
0
0
0
0
0
0
3.493587e+08
2.327423e+08
1.700878e+08
1.373214e+08
1.257082e+08
0
0
0
0
0
0
0
0
0
0
3.496174e+08
2.335103e+08
1.711668e+08
1.385722e+08
1.269349e+08
0
0
0
0
0
0
0
0
0
0
3.499556e+08
2.344686e+08
1.724867e+08
1.400982e+08
1.284848e+08
0
0
0
0
0
0
0
0
0
0
0
0
0
0
0
0
0
0
0
0
3.503053e+08
2.353451e+08
1.736791e+08
1.414724e+08
1.299034e+08
0
0
0
0
0
0
0
0
0
0
0
0
0
0
0
0
0
0
0
0
3.505709e+08
2.361366e+08
1.745964e+08
1.425157e+08
1.309853e+08
0
0
0
0
0
0
0
0
0
0
0
0
0
0
0
0
0
0
0
0
3.5074e+08
2.366943e+08
1.753296e+08
1.431691e+08
1.316503e+08
0
0
0
0
0
0
0
0
0
0
0
0
0
0
0
0
0
0
0
0
3.507465e+08
2.369885e+08
1.757029e+08
1.435837e+08
1.31896e+08
0
0
0
0
0
0
0
0
0
0
0
0
0
0
0
0
0
0
0
0
3.504431e+08
2.36874e+08
1.757355e+08
1.435972e+08
1.31918e+08
0
0
0
0
0
0
0
0
0
0
0
0
0
0
0
0
0
0
0
0
3.500977e+08
2.363031e+08
1.752835e+08
1.431847e+08
1.315417e+08
0
0
0
0
0
0
0
0
0
0
0
0
0
0
0
0
0
0
0
0
2.357327e+08
1.742787e+08
1.42416e+08
1.307785e+08
0
0
0
0
0
0
0
0
0
0
0
0
0
0
0
0
0
0
0
0
1.733167e+08
1.409634e+08
1.296369e+08
0
0
0
0
0
0
0
0
0
0
0
0
0
0
0
0
0
0
0
0
1.395667e+08
1.280321e+08
0
0
0
0
0
0
0
0
0
0
0
0
0
0
0
0
0
0
0
0
1.266036e+08
0
0
0
0
0
0
0
0
0
0
0
0
0
0
0
0
0
0
0
0
0
0
0
0
0
0
0
0
0
0
0
0
0
0
0
0
0
0
0
0
0
0
0
0
3.488909e+08
2.315546e+08
1.68498e+08
1.357301e+08
1.242986e+08
0
0
0
0
0
0
0
0
0
0
3.4904e+08
2.31867e+08
1.688947e+08
1.3592e+08
1.2449e+08
0
0
0
0
0
0
0
0
0
0
3.490921e+08
2.321806e+08
1.693802e+08
1.365646e+08
1.249787e+08
0
0
0
0
0
0
0
0
0
0
3.492425e+08
2.326692e+08
1.700964e+08
1.37416e+08
1.258257e+08
0
0
0
0
0
0
0
0
0
0
3.495139e+08
2.334046e+08
1.711107e+08
1.386022e+08
1.270442e+08
0
0
0
0
0
0
0
0
0
0
3.499072e+08
2.34354e+08
1.723818e+08
1.40052e+08
1.285293e+08
0
0
0
0
0
0
0
0
0
0
0
0
0
0
0
0
0
0
0
0
3.50256e+08
2.353331e+08
1.735531e+08
1.413668e+08
1.29866e+08
0
0
0
0
0
0
0
0
0
0
0
0
0
0
0
0
0
0
0
0
3.505283e+08
2.361019e+08
1.746032e+08
1.423811e+08
1.308805e+08
0
0
0
0
0
0
0
0
0
0
0
0
0
0
0
0
0
0
0
0
3.506517e+08
2.366553e+08
1.753341e+08
1.431868e+08
1.315139e+08
0
0
0
0
0
0
0
0
0
0
0
0
0
0
0
0
0
0
0
0
3.504431e+08
2.36874e+08
1.757355e+08
1.435972e+08
1.31918e+08
0
0
0
0
0
0
0
0
0
0
0
0
0
0
0
0
0
0
0
0
3.501844e+08
2.365773e+08
1.756307e+08
1.436399e+08
1.319341e+08
0
0
0
0
0
0
0
0
0
0
0
0
0
0
0
0
0
0
0
0
2.362394e+08
1.749745e+08
1.431589e+08
1.315401e+08
0
0
0
0
0
0
0
0
0
0
0
0
0
0
0
0
0
0
0
0
1.743149e+08
1.420933e+08
1.307972e+08
0
0
0
0
0
0
0
0
0
0
0
0
0
0
0
0
0
0
0
0
1.410723e+08
1.293973e+08
0
0
0
0
0
0
0
0
0
0
0
0
0
0
0
0
0
0
0
0
1.280612e+08
0
0
0
0
0
0
0
0
0
0
0
0
0
0
0
0
0
0
0
0
0
0
0
0
0
0
0
0
0
0
0
0
0
0
0
0
0
0
0
0
0
0
0
0
0
0
0
0
0
0
0
0
0
0
0
0
0
0
0
0
3.488575e+08
2.31582e+08
1.685904e+08
1.35701e+08
1.242839e+08
0
0
0
0
0
0
0
0
0
0
3.489271e+08
2.318463e+08
1.689571e+08
1.361139e+08
1.244611e+08
0
0
0
0
0
0
0
0
0
0
3.489815e+08
2.321073e+08
1.693867e+08
1.366494e+08
1.25091e+08
0
0
0
0
0
0
0
0
0
0
3.491473e+08
2.325697e+08
1.700397e+08
1.374401e+08
1.25923e+08
0
0
0
0
0
0
0
0
0
0
3.494621e+08
2.332998e+08
1.710115e+08
1.385547e+08
1.270802e+08
0
0
0
0
0
0
0
0
0
0
3.498571e+08
2.343366e+08
1.722649e+08
1.399512e+08
1.284895e+08
0
0
0
0
0
0
0
0
0
0
0
0
0
0
0
0
0
0
0
0
3.502129e+08
2.35298e+08
1.73555e+08
1.412404e+08
1.297661e+08
0
0
0
0
0
0
0
0
0
0
0
0
0
0
0
0
0
0
0
0
3.504644e+08
2.361064e+08
1.745725e+08
1.423949e+08
1.307504e+08
0
0
0
0
0
0
0
0
0
0
0
0
0
0
0
0
0
0
0
0
3.503389e+08
2.366115e+08
1.753138e+08
1.431934e+08
1.315339e+08
0
0
0
0
0
0
0
0
0
0
0
0
0
0
0
0
0
0
0
0
3.501844e+08
2.365773e+08
1.756307e+08
1.436399e+08
1.319341e+08
0
0
0
0
0
0
0
0
0
0
0
0
0
0
0
0
0
0
0
0
2.364918e+08
1.753329e+08
1.435408e+08
1.31981e+08
0
0
0
0
0
0
0
0
0
0
0
0
0
0
0
0
0
0
0
0
1.749859e+08
1.428552e+08
1.315179e+08
0
0
0
0
0
0
0
0
0
0
0
0
0
0
0
0
0
0
0
0
1.421674e+08
1.304926e+08
0
0
0
0
0
0
0
0
0
0
0
0
0
0
0
0
0
0
0
0
1.295215e+08
0
0
0
0
0
0
0
0
0
0
0
0
0
0
0
0
0
0
0
0
0
0
0
0
0
0
0
0
0
0
0
0
0
0
0
0
0
0
0
0
0
0
0
0
0
0
0
0
0
0
0
0
0
0
0
0
0
0
0
0
0
0
0
0
0
0
0
0
0
0
0
0
0
0
0
3.487449e+08
2.316442e+08
1.686522e+08
1.358074e+08
1.242569e+08
0
0
0
0
0
0
0
0
0
0
3.488206e+08
2.317731e+08
1.689675e+08
1.361924e+08
1.246534e+08
0
0
0
0
0
0
0
0
0
0
3.488928e+08
2.320128e+08
1.693296e+08
1.366712e+08
1.251789e+08
0
0
0
0
0
0
0
0
0
0
3.490914e+08
2.324739e+08
1.699462e+08
1.373919e+08
1.259531e+08
0
0
0
0
0
0
0
0
0
0
3.494107e+08
2.332756e+08
1.70905e+08
1.384595e+08
1.270389e+08
0
0
0
0
0
0
0
0
0
0
3.498127e+08
2.343014e+08
1.722601e+08
1.39834e+08
1.283942e+08
0
0
0
0
0
0
0
0
0
0
0
0
0
0
0
0
0
0
0
0
3.501101e+08
2.353001e+08
1.735245e+08
1.412487e+08
1.296439e+08
0
0
0
0
0
0
0
0
0
0
0
0
0
0
0
0
0
0
0
0
3.501396e+08
2.360975e+08
1.745967e+08
1.423661e+08
1.307665e+08
0
0
0
0
0
0
0
0
0
0
0
0
0
0
0
0
0
0
0
0
3.500977e+08
2.363031e+08
1.752835e+08
1.431847e+08
1.315417e+08
0
0
0
0
0
0
0
0
0
0
0
0
0
0
0
0
0
0
0
0
2.364918e+08
1.753329e+08
1.435408e+08
1.31981e+08
0
0
0
0
0
0
0
0
0
0
0
0
0
0
0
0
0
0
0
0
1.753209e+08
1.432469e+08
1.318892e+08
0
0
0
0
0
0
0
0
0
0
0
0
0
0
0
0
0
0
0
0
1.429045e+08
1.312319e+08
0
0
0
0
0
0
0
0
0
0
0
0
0
0
0
0
0
0
0
0
1.305849e+08
0
0
0
0
0
0
0
0
0
0
0
0
0
0
0
0
0
0
0
0
0
0
0
0
0
0
0
0
0
0
0
0
0
0
0
0
0
0
0
0
0
0
0
0
0
0
0
0
0
0
0
0
0
0
0
0
0
0
0
0
0
0
0
0
0
0
0
0
0
0
0
0
0
0
0
0
0
0
0
0
0
0
0
0
0
0
0
0
0
3.486412e+08
2.31571e+08
1.687528e+08
1.358852e+08
1.243651e+08
0
0
0
0
0
0
0
0
0
0
3.487363e+08
2.316821e+08
1.689103e+08
1.362179e+08
1.247353e+08
0
0
0
0
0
0
0
0
0
0
3.48832e+08
2.319238e+08
1.692409e+08
1.366223e+08
1.252066e+08
0
0
0
0
0
0
0
0
0
0
3.490369e+08
2.324425e+08
1.698491e+08
1.373021e+08
1.259108e+08
0
0
0
0
0
0
0
0
0
0
3.493641e+08
2.332394e+08
1.70892e+08
1.383528e+08
1.269488e+08
0
0
0
0
0
0
0
0
0
0
3.496973e+08
2.343004e+08
1.722299e+08
1.398352e+08
1.282809e+08
0
0
0
0
0
0
0
0
0
0
0
0
0
0
0
0
0
0
0
0
3.498122e+08
2.35241e+08
1.735453e+08
1.412205e+08
1.296546e+08
0
0
0
0
0
0
0
0
0
0
0
0
0
0
0
0
0
0
0
0
3.499195e+08
2.357724e+08
1.746061e+08
1.424001e+08
1.307402e+08
0
0
0
0
0
0
0
0
0
0
0
0
0
0
0
0
0
0
0
0
2.362394e+08
1.749745e+08
1.431589e+08
1.315401e+08
0
0
0
0
0
0
0
0
0
0
0
0
0
0
0
0
0
0
0
0
1.753209e+08
1.432469e+08
1.318892e+08
0
0
0
0
0
0
0
0
0
0
0
0
0
0
0
0
0
0
0
0
1.432729e+08
1.316118e+08
0
0
0
0
0
0
0
0
0
0
0
0
0
0
0
0
0
0
0
0
1.313007e+08
0
0
0
0
0
0
0
0
0
0
0
0
0
0
0
0
0
0
0
0
0
0
0
0
0
0
0
0
0
0
0
0
0
0
0
0
0
0
0
0
0
0
0
0
0
0
0
0
0
0
0
0
0
0
0
0
0
0
0
0
0
0
0
0
0
0
0
0
0
0
0
0
0
0
0
0
0
0
0
0
0
0
0
0
0
0
0
0
0
0
0
0
0
0
0
0
0
0
0
0
0
0
3.485591e+08
2.314821e+08
1.686955e+08
1.360018e+08
1.244464e+08
0
0
0
0
0
0
0
0
0
0
3.486681e+08
2.315977e+08
1.68825e+08
1.361688e+08
1.247663e+08
0
0
0
0
0
0
0
0
0
0
3.487708e+08
2.318853e+08
1.691508e+08
1.365371e+08
1.251634e+08
0
0
0
0
0
0
0
0
0
0
3.489878e+08
2.324031e+08
1.698277e+08
1.372049e+08
1.258257e+08
0
0
0
0
0
0
0
0
0
0
3.492427e+08
2.332337e+08
1.708609e+08
1.383452e+08
1.268455e+08
0
0
0
0
0
0
0
0
0
0
3.494159e+08
2.342236e+08
1.722467e+08
1.398073e+08
1.282844e+08
0
0
0
0
0
0
0
0
0
0
0
0
0
0
0
0
0
0
0
0
3.496415e+08
2.349708e+08
1.735038e+08
1.412505e+08
1.296288e+08
0
0
0
0
0
0
0
0
0
0
0
0
0
0
0
0
0
0
0
0
2.357327e+08
1.742787e+08
1.42416e+08
1.307785e+08
0
0
0
0
0
0
0
0
0
0
0
0
0
0
0
0
0
0
0
0
1.749859e+08
1.428552e+08
1.315179e+08
0
0
0
0
0
0
0
0
0
0
0
0
0
0
0
0
0
0
0
0
1.432729e+08
1.316118e+08
0
0
0
0
0
0
0
0
0
0
0
0
0
0
0
0
0
0
0
0
1.316584e+08
0
0
0
0
0
0
0
0
0
0
0
0
0
0
0
0
0
0
0
0
0
0
0
0
0
0
0
0
0
0
0
0
0
0
0
0
0
0
0
0
0
0
0
0
0
0
0
0
0
0
0
0
0
0
0
0
0
0
0
0
0
0
0
0
0
0
0
0
0
0
0
0
0
0
0
0
0
0
0
0
0
0
0
0
0
0
0
0
0
0
0
0
0
0
0
0
0
0
0
0
0
0
0
0
0
0
0
0
0
0
0
0
0
0
3.484297e+08
2.314e+08
1.686121e+08
1.359527e+08
1.245649e+08
0
0
0
0
0
0
0
0
0
0
3.485485e+08
2.315498e+08
1.687396e+08
1.360869e+08
1.247228e+08
0
0
0
0
0
0
0
0
0
0
3.487195e+08
2.31839e+08
1.691213e+08
1.36447e+08
1.250826e+08
0
0
0
0
0
0
0
0
0
0
3.488591e+08
2.323927e+08
1.697935e+08
1.371884e+08
1.257316e+08
0
0
0
0
0
0
0
0
0
0
3.48972e+08
2.331493e+08
1.708719e+08
1.383165e+08
1.268403e+08
0
0
0
0
0
0
0
0
0
0
3.491911e+08
2.339784e+08
1.721848e+08
1.39833e+08
1.282589e+08
0
0
0
0
0
0
0
0
0
0
0
0
0
0
0
0
0
0
0
0
2.349747e+08
1.73242e+08
1.412182e+08
1.296632e+08
0
0
0
0
0
0
0
0
0
0
0
0
0
0
0
0
0
0
0
0
1.743149e+08
1.420933e+08
1.307972e+08
0
0
0
0
0
0
0
0
0
0
0
0
0
0
0
0
0
0
0
0
1.429045e+08
1.312319e+08
0
0
0
0
0
0
0
0
0
0
0
0
0
0
0
0
0
0
0
0
1.316584e+08
0
0
0
0
0
0
0
0
0
0
0
0
0
0
0
0
0
0
0
0
0
0
0
0
0
0
0
0
0
0
0
0
0
0
0
0
0
0
0
0
0
0
0
0
0
0
0
0
0
0
0
0
0
0
0
0
0
0
0
0
0
0
0
0
0
0
0
0
0
0
0
0
0
0
0
0
0
0
0
0
0
0
0
0
0
0
0
0
0
0
0
0
0
0
0
0
0
0
0
0
0
0
0
0
0
0
0
0
0
0
0
0
0
0
0
0
0
0
0
0
0
0
0
0
0
3.483601e+08
2.312658e+08
1.68529e+08
1.358725e+08
1.245212e+08
0
0
0
0
0
0
0
0
0
0
3.484927e+08
2.314204e+08
1.686997e+08
1.360014e+08
1.24645e+08
0
0
0
0
0
0
0
0
0
0
3.485334e+08
2.318245e+08
1.690801e+08
1.36422e+08
1.249953e+08
0
0
0
0
0
0
0
0
0
0
3.485969e+08
2.322992e+08
1.697987e+08
1.371568e+08
1.257175e+08
0
0
0
0
0
0
0
0
0
0
3.487497e+08
2.32919e+08
1.708018e+08
1.38336e+08
1.268142e+08
0
0
0
0
0
0
0
0
0
0
2.338977e+08
1.719526e+08
1.39779e+08
1.28289e+08
0
0
0
0
0
0
0
0
0
0
0
0
0
0
0
0
0
0
0
0
1.733167e+08
1.409634e+08
1.296369e+08
0
0
0
0
0
0
0
0
0
0
0
0
0
0
0
0
0
0
0
0
1.421674e+08
1.304926e+08
0
0
0
0
0
0
0
0
0
0
0
0
0
0
0
0
0
0
0
0
1.313007e+08
0
0
0
0
0
0
0
0
0
0
0
0
0
0
0
0
0
0
0
0
0
0
0
0
0
0
0
0
0
0
0
0
0
0
0
0
0
0
0
0
0
0
0
0
0
0
0
0
0
0
0
0
0
0
0
0
0
0
0
0
0
0
0
0
0
0
0
0
0
0
0
0
0
0
0
0
0
0
0
0
0
0
0
0
0
0
0
0
0
0
0
0
0
0
0
0
0
0
0
0
0
0
0
0
0
0
0
0
0
0
0
0
0
0
0
0
0
0
0
0
0
0
0
0
0
0
0
0
0
0
0
0
0
0
0
3.483037e+08
2.312098e+08
1.683951e+08
1.357893e+08
1.24445e+08
0
0
0
0
0
0
0
0
0
0
3.483594e+08
2.313988e+08
1.685678e+08
1.359657e+08
1.245621e+08
0
0
0
0
0
0
0
0
0
0
3.482758e+08
2.31648e+08
1.690804e+08
1.363835e+08
1.249729e+08
0
0
0
0
0
0
0
0
0
0
3.483881e+08
2.320807e+08
1.697188e+08
1.371699e+08
1.256886e+08
0
0
0
0
0
0
0
0
0
0
2.328311e+08
1.705868e+08
1.382733e+08
1.26838e+08
0
0
0
0
0
0
0
0
0
0
1.719321e+08
1.395556e+08
1.282411e+08
0
0
0
0
0
0
0
0
0
0
0
0
0
0
0
0
0
0
0
0
1.410723e+08
1.293973e+08
0
0
0
0
0
0
0
0
0
0
0
0
0
0
0
0
0
0
0
0
1.305849e+08
0
0
0
0
0
0
0
0
0
0
0
0
0
0
0
0
0
0
0
0
0
0
0
0
0
0
0
0
0
0
0
0
0
0
0
0
0
0
0
0
0
0
0
0
0
0
0
0
0
0
0
0
0
0
0
0
0
0
0
0
0
0
0
0
0
0
0
0
0
0
0
0
0
0
0
0
0
0
0
0
0
0
0
0
0
0
0
0
0
0
0
0
0
0
0
0
0
0
0
0
0
0
0
0
0
0
0
0
0
0
0
0
0
0
0
0
0
0
0
0
0
0
0
0
0
0
0
0
0
0
0
0
0
0
0
0
0
0
0
0
0
0
0
0
0
3.481738e+08
2.311871e+08
1.683439e+08
1.356585e+08
1.243644e+08
0
0
0
0
0
0
0
0
0
0
3.481067e+08
2.312985e+08
1.685601e+08
1.358355e+08
1.245294e+08
0
0
0
0
0
0
0
0
0
0
3.481545e+08
2.314354e+08
1.689095e+08
1.363912e+08
1.249374e+08
0
0
0
0
0
0
0
0
0
0
2.319977e+08
1.695173e+08
1.370971e+08
1.257061e+08
0
0
0
0
0
0
0
0
0
0
1.705548e+08
1.38068e+08
1.267815e+08
0
0
0
0
0
0
0
0
0
0
1.395667e+08
1.280321e+08
0
0
0
0
0
0
0
0
0
0
0
0
0
0
0
0
0
0
0
0
1.295215e+08
0
0
0
0
0
0
0
0
0
0
0
0
0
0
0
0
0
0
0
0
0
0
0
0
0
0
0
0
0
0
0
0
0
0
0
0
0
0
0
0
0
0
0
0
0
0
0
0
0
0
0
0
0
0
0
0
0
0
0
0
0
0
0
0
0
0
0
0
0
0
0
0
0
0
0
0
0
0
0
0
0
0
0
0
0
0
0
0
0
0
0
0
0
0
0
0
0
0
0
0
0
0
0
0
0
0
0
0
0
0
0
0
0
0
0
0
0
0
0
0
0
0
0
0
0
0
0
0
0
0
0
0
0
0
0
0
0
0
0
0
0
0
0
0
0
0
0
0
0
0
0
0
0
0
0
3.479235e+08
2.310902e+08
1.683347e+08
1.356099e+08
1.242402e+08
0
0
0
0
0
0
0
0
0
0
3.48013e+08
2.31092e+08
1.684726e+08
1.358349e+08
1.244058e+08
0
0
0
0
0
0
0
0
0
0
2.314521e+08
1.687148e+08
1.362262e+08
1.249495e+08
0
0
0
0
0
0
0
0
0
0
1.694867e+08
1.369059e+08
1.256397e+08
0
0
0
0
0
0
0
0
0
0
1.380652e+08
1.265896e+08
0
0
0
0
0
0
0
0
0
0
1.280612e+08
0
0
0
0
0
0
0
0
0
0
0
0
0
0
0
0
0
0
0
0
0
0
0
0
0
0
0
0
0
0
0
0
0
0
0
0
0
0
0
0
0
0
0
0
0
0
0
0
0
0
0
0
0
0
0
0
0
0
0
0
0
0
0
0
0
0
0
0
0
0
0
0
0
0
0
0
0
0
0
0
0
0
0
0
0
0
0
0
0
0
0
0
0
0
0
0
0
0
0
0
0
0
0
0
0
0
0
0
0
0
0
0
0
0
0
0
0
0
0
0
0
0
0
0
0
0
0
0
0
0
0
0
0
0
0
0
0
0
0
0
0
0
0
0
0
0
0
0
0
0
0
0
0
0
0
0
0
0
0
0
0
0
0
0
0
3.478384e+08
2.308866e+08
1.682505e+08
1.356078e+08
1.24195e+08
0
0
0
0
0
0
0
0
0
0
2.311302e+08
1.682848e+08
1.357541e+08
1.244097e+08
0
0
0
0
0
0
0
0
0
0
1.687853e+08
1.360421e+08
1.247942e+08
0
0
0
0
0
0
0
0
0
0
1.369024e+08
1.25461e+08
0
0
0
0
0
0
0
0
0
0
1.266036e+08
0
0
0
0
0
0
0
0
0
0
0
0
0
0
0
0
0
0
0
0
0
0
0
0
0
0
0
0
0
0
0
0
0
0
0
0
0
0
0
0
0
0
0
0
0
0
0
0
0
0
0
0
0
0
0
0
0
0
0
0
0
0
0
0
0
0
0
0
0
0
0
0
0
0
0
0
0
0
0
0
0
0
0
0
0
0
0
0
0
0
0
0
0
0
0
0
0
0
0
0
0
0
0
0
0
0
0
0
0
0
0
0
0
0
0
0
0
0
0
0
0
0
0
0
0
0
0
0
0
0
0
0
0
0
0
0
0
0
0
0
0
0
0
0
0
0
0
0
0
0
0
0
0
0
0
0
0
0
0
0
0
0
0
0
0
2.309317e+08
1.68066e+08
1.355303e+08
1.241975e+08
0
0
0
0
0
0
0
0
0
0
1.68373e+08
1.355772e+08
1.243353e+08
0
0
0
0
0
0
0
0
0
0
1.361372e+08
1.246222e+08
0
0
0
0
0
0
0
0
0
0
1.254727e+08
0
0
0
0
0
0
0
0
0
0
0
0
0
0
0
0
0
0
0
0
0
0
0
0
0
0
0
0
0
0
0
0
0
0
0
0
0
0
0
0
0
0
0
0
0
0
0
0
0
0
0
0
0
0
0
0
0
0
0
0
0
0
0
0
0
0
0
0
0
0
0
0
0
0
0
0
0
0
0
0
0
0
0
0
0
0
0
0
0
0
0
0
0
0
0
0
0
0
0
0
0
0
0
0
0
0
0
0
0
0
0
0
0
0
0
0
0
0
0
0
0
0
0
0
0
0
0
0
0
0
0
0
0
0
0
0
0
0
0
0
0
0
0
0
0
0
0
0
0
0
0
0
0
0
0
0
0
0
0
0
0
0
0
0
0
1.681605e+08
1.353567e+08
1.241261e+08
0
0
0
0
0
0
0
0
0
0
1.356877e+08
1.2417e+08
0
0
0
0
0
0
0
0
0
0
1.247268e+08
0
0
0
0
0
0
0
0
0
0
0
0
0
0
0
0
0
0
0
0
0
0
0
0
0
0
0
0
0
0
0
0
0
0
0
0
0
0
0
0
0
0
0
0
0
0
0
0
0
0
0
0
0
0
0
0
0
0
0
0
0
0
0
0
0
0
0
0
0
0
0
0
0
0
0
0
0
0
0
0
0
0
0
0
0
0
0
0
0
0
0
0
0
0
0
0
0
0
0
0
0
0
0
0
0
0
0
0
0
0
0
0
0
0
0
0
0
0
0
0
0
0
0
0
0
0
0
0
0
0
0
0
0
0
0
0
0
0
0
0
0
0
0
0
0
0
0
0
0
0
0
0
0
0
0
0
0
0
0
0
0
0
0
0
1.354728e+08
1.23964e+08
0
0
0
0
0
0
0
0
0
0
1.242881e+08
0
0
0
0
0
0
0
0
0
0
0
0
0
0
0
0
0
0
0
0
0
0
0
0
0
0
0
0
0
0
0
0
0
0
0
0
0
0
0
0
0
0
0
0
0
0
0
0
0
0
0
0
0
0
0
0
0
0
0
0
0
0
0
0
0
0
0
0
0
0
0
0
0
0
0
0
0
0
0
0
0
0
0
0
0
0
0
0
0
0
0
0
0
0
0
0
0
0
0
0
0
0
0
0
0
0
0
0
0
0
0
0
0
0
0
0
0
0
0
0
0
0
0
0
0
0
0
0
0
0
0
0
0
0
0
0
0
0
0
0
0
0
0
0
0
0
0
0
0
0
0
0
0
0
0
0
0
0
0
0
0
0
1.24087e+08
0
0
0
0
0
0
0
0
0
0
0
0
0
0
0
0
0
0
0
0
0
0
0
0
0
0
0
0
0
0
0
0
0
0
0
0
0
0
0
0
0
0
0
0
0
0
0
0
0
0
0
0
0
0
0
0
0
0
0
0
0
0
0
0
0
0
0
0
0
0
0
0
0
0
0
0
0
0
0
0
0
0
0
0
0
0
0
0
0
0
0
0
0
0
0
0
0
0
0
0
0
0
0
0
0
0
0
0
0
0
0
0
0
0
0
0
0
0
0
0
0
0
0
0
0
0
0
0
0
0
0
0
0
0
0
0
0
0
0
0
0
0
0
0
0
0
0
0
0
0
0
0
0
0
0
0
0
0
0
0
0
0
0
0
0
0
0
0
0
0
0
0
0
0
0
0
0
0
0
0
0
0
0
0
0
0
0
0
0
0
0
0
0
0
0
0
0
0
0
0
0
0
0
0
0
0
0
0
0
0
0
0
0
0
0
0
0
0
0
0
0
0
0
0
0
0
0
0
0
0
0
0
0
0
0
0
0
0
0
0
0
0
0
0
0
0
0
0
0
0
0
0
0
0
0
0
0
0
0
0
0
0
0
0
0
0
0
0
0
0
0
0
0
0
0
0
0
0
0
0
0
0
0
0
0
0
0
0
0
0
0
0
0
0
0
0
0
0
0
0
0
0
0
0
0
0
0
0
0
0
0
0
0
0
0
0
0
0
0
0
0
0
0
0
0
0
0
0
0
0
0
0
0
0
0
0
0
0
0
0
0
0
0
0
0
0
0
0
0
0
0
0
0
0
0
0
0
0
0
0
0
0
0
0
0
0
0
0
0
0
0
0
0
0
0
0
0
0
0
0
0
0
0
0
0
0
0
0
0
0
0
0
0
0
0
0
0
0
0
0
0
0
0
0
0
0
0
0
0
0
0
0
0
0
0
0
0
0
0
0
0
0
0
0
0
0
0
0
0
0
0
0
0
0
0
0
0
0
0
0
0
0
0
0
0
0
0
0
0
0
0
0
0
0
0
0
0
0
0
0
0
0
0
0
0
0
0
0
0
0
0
0
0
0
0
0
0
0
0
0
0
0
0
0
0
0
0
0
0
0
0
0
0
0
0
0
0
0
0
0
0
0
0
0
0
0
0
0
0
0
0
0
0
0
0
0
0
0
0
0
0
0
0
0
0
0
0
0
0
0
0
0
0
0
0
0
0
0
0
0
0
0
0
0
0
0
0
0
0
0
0
0
0
0
0
0
0
0
0
0
0
0
0
0
0
0
0
0
0
0
0
0
0
0
0
0
0
0
0
0
0
0
0
0
0
0
0
0
0
0
0
0
0
0
0
0
0
0
0
0
0
0
0
0
0
0
0
0
0
0
0
0
0
0
0
0
0
0
0
0
0
0
0
0
0
0
0
0
0
0
0
0
0
0
0
0
0
0
0
0
0
0
0
0
0
0
0
0
0
0
0
0
0
0
0
0
0
0
0
0
0
0
0
0
0
0
0
0
0
0
0
0
0
0
0
0
0
0
0
0
0
0
0
0
0
0
0
0
0
0
0
0
0
0
0
0
0
0
0
0
0
0
0
0
0
0
0
0
0
0
0
0
0
0
0
0
0
0
0
0
0
0
0
0
0
0
0
0
0
0
0
0
0
0
0
0
0
0
0
0
0
0
0
0
0
0
0
0
0
0
0
0
0
0
0
0
0
0
0
0
0
0
0
0
0
0
0
0
0
0
0
0
0
0
0
0
0
0
0
0
0
0
0
0
0
0
0
0
0
0
0
0
0
0
0
0
0
0
0
0
0
0
0
0
0
0
0
0
0
0
0
0
0
0
0
0
0
0
0
0
0
0
0
0
0
0
0
0
0
0
0
0
0
0
0
0
0
0
0
0
0
0
0
0
0
0
0
0
0
0
0
0
0
0
0
0
0
0
0
0
0
0
0
0
0
0
0
0
0
0
0
0
0
0
0
0
0
0
0
0
0
0
0
0
0
0
0
0
0
0
0
0
0
0
0
0
0
0
0
0
0
0
0
0
0
0
0
0
0
0
0
0
0
0
0
0
0
0
0
0
0
0
0
0
0
0
0
0
0
0
0
0
0
0
0
0
0
0
0
0
0
0
0
0
0
0
0
0
0
0
0
0
0
0
0
0
0
0
0
0
0
0
0
0
0
0
0
0
0
0
0
0
0
0
0
0
0
0
0
0
0
0
0
0
0
0
0
0
0
)
;

boundaryField
{
    anodeSides
    {
        type            calculated;
        value           uniform 0;
    }
    fuelInlet
    {
        type            calculated;
        value           uniform 0;
    }
    fuelOutlet
    {
        type            calculated;
        value           uniform 0;
    }
    fuel_to_electrolyte
    {
        type            calculated;
        value           uniform 0;
    }
    fuel_to_interconnect
    {
        type            calculated;
        value           uniform 0;
    }
}


// ************************************************************************* //
