/*--------------------------------*- C++ -*----------------------------------*\
| =========                 |                                                 |
| \\      /  F ield         | OpenFOAM: The Open Source CFD Toolbox           |
|  \\    /   O peration     | Version:  2312                                  |
|   \\  /    A nd           | Website:  www.openfoam.com                      |
|    \\/     M anipulation  |                                                 |
\*---------------------------------------------------------------------------*/
FoamFile
{
    version     2.0;
    format      ascii;
    arch        "LSB;label=32;scalar=64";
    class       volScalarField;
    location    "70/electrolyte";
    object      T;
}
// * * * * * * * * * * * * * * * * * * * * * * * * * * * * * * * * * * * * * //

dimensions      [0 0 0 1 0 0 0];

internalField   nonuniform List<scalar> 
4000
(
316.3178
316.3907
316.3564
316.2827
316.5566
316.4346
316.3557
316.3948
316.3215
316.2461
316.8557
316.6122
316.5214
316.4759
316.3997
316.319
316.4268
316.3598
316.285
316.2081
317.3321
316.9312
316.8201
316.6597
316.5772
316.4845
316.5101
316.4408
316.3631
316.2808
316.4529
316.3917
316.3232
316.2471
316.169
317.9746
317.4404
317.2954
316.9896
316.8958
316.7825
316.699
316.6246
316.5404
316.446
316.5379
316.475
316.4041
316.325
316.2414
316.4744
316.4177
316.355
316.2851
316.2079
318.6135
318.1305
317.936
317.5154
317.4041
317.2568
317.0377
316.9542
316.8586
316.7433
316.7305
316.6638
316.5877
316.5019
316.4061
316.5607
316.5026
316.4382
316.3659
316.2856
316.4922
316.4391
316.3808
316.3169
316.2459
319.1364
318.8194
318.5737
318.2264
318.0922
317.8963
317.5771
317.4791
317.366
317.2167
317.076
317.0022
316.9169
316.8196
316.7025
316.7564
316.6952
316.6268
316.5492
316.4621
316.5797
316.5254
316.4657
316.3999
316.3264
316.5078
316.4569
316.4021
316.3426
316.2774
319.4961
319.3854
319.096
318.934
318.7797
318.5332
318.3063
318.1883
318.0529
317.8556
317.6259
317.5408
317.441
317.3262
317.1752
317.107
317.0404
316.9648
316.8778
316.779
316.7778
316.721
316.6581
316.5881
316.5092
316.5961
316.5443
316.4883
316.4273
316.3602
316.521
316.4723
316.4198
316.3638
316.303
319.6778
319.7727
319.4555
319.5136
319.3447
319.0553
319.0317
318.8948
318.7393
318.4923
318.369
318.2682
318.1491
318.0126
317.8141
317.6652
317.5896
317.5026
317.4013
317.285
317.1327
317.0714
317.0029
316.9255
316.8371
316.7962
316.7424
316.6837
316.6193
316.548
316.6101
316.5606
316.5072
316.4498
316.3875
316.5327
316.4855
316.4352
316.3814
316.3241
319.6778
319.9679
319.6371
319.9126
319.7318
319.4147
319.6259
319.4738
319.3037
319.0142
319.1083
318.9925
318.8549
318.6986
318.451
318.4193
318.331
318.2291
318.109
317.9714
317.6975
317.6289
317.5514
317.4628
317.36
317.1546
317.097
317.0338
316.9636
316.8847
316.812
316.7606
316.7051
316.6449
316.5791
316.6224
316.5746
316.5234
316.4686
316.4099
316.5431
316.4972
316.4483
316.3967
316.3416
319.4962
319.9679
319.6371
320.1141
319.927
319.5962
320.0349
319.8726
319.6907
319.3736
319.7136
319.5862
319.4336
319.2626
318.973
319.1693
319.0691
318.9528
318.8146
318.6575
318.4602
318.3812
318.2918
318.189
318.0681
317.7247
317.661
317.5906
317.5115
317.4214
317.1733
317.1188
317.0593
316.9944
316.9226
316.8257
316.7764
316.7232
316.6661
316.6045
316.6333
316.5868
316.5374
316.4847
316.4286
316.5522
316.5075
316.46
316.4097
316.3568
319.1364
319.7727
319.4556
320.1141
319.927
319.5962
320.2415
320.074
319.8859
319.5552
320.1304
319.995
319.8323
319.6495
319.3325
319.7834
319.674
319.5461
319.3933
319.2213
319.2188
319.1301
319.0294
318.9126
318.7741
318.4947
318.4221
318.342
318.2517
318.1481
317.748
317.6882
317.6227
317.5506
317.47
317.1896
317.1375
317.081
317.0198
316.9533
316.8378
316.7901
316.7389
316.6842
316.6256
316.643
316.5977
316.5495
316.4986
316.4446
316.5604
316.5165
316.4702
316.4213
316.3698
318.6135
319.3854
319.096
319.9126
319.7319
319.4147
320.2415
320.074
319.8859
319.5552
320.341
320.2015
320.0337
319.8447
319.5141
320.2062
320.0906
319.9549
319.792
319.6084
319.8399
319.7437
319.634
319.5059
319.3529
319.2603
319.1796
319.0903
318.9893
318.8722
318.524
318.4565
318.3829
318.3018
318.2108
317.7683
317.7115
317.6498
317.5826
317.509
317.2039
317.1537
317.0996
317.0414
316.9786
316.8486
316.8021
316.7525
316.6998
316.6436
316.6517
316.6073
316.5603
316.5107
316.4584
316.5679
316.5247
316.4792
316.4315
316.3813
317.9746
318.8194
318.5737
319.5136
319.3447
319.0553
320.0349
319.8725
319.6908
319.3736
320.341
320.2016
320.0337
319.8447
319.5141
320.4198
320.3011
320.1614
319.9934
319.8035
320.2676
320.1664
320.0505
319.9147
319.7517
319.8873
319.8003
319.7038
319.5939
319.4657
319.2957
319.2211
319.1399
319.0502
318.9488
318.5495
318.4858
318.4172
318.3427
318.2609
317.786
317.7317
317.673
317.6096
317.5409
317.2166
317.168
317.1158
317.0599
317.0001
316.8582
316.8128
316.7645
316.7133
316.6591
316.6595
316.6159
316.5699
316.5214
316.4704
316.5747
316.5322
316.4874
316.4404
316.3914
317.3322
318.1304
317.936
318.9341
318.7796
318.5332
319.6259
319.4738
319.3037
319.0142
320.1305
319.995
319.8323
319.6496
319.3325
320.4198
320.3011
320.1614
319.9934
319.8036
320.4836
320.3799
320.261
320.1213
319.9531
320.3189
320.2278
320.1264
320.0104
319.8746
319.9275
319.8476
319.7603
319.6637
319.5537
319.3263
319.2564
319.1813
319.0997
319.0098
318.5718
318.5113
318.4465
318.377
318.3017
317.8017
317.7494
317.6932
317.6328
317.5679
317.2278
317.1806
317.13
317.0761
317.0186
316.8669
316.8224
316.7752
316.7252
316.6726
316.6667
316.6237
316.5785
316.5309
316.4811
316.5809
316.539
316.4948
316.4485
316.4003
316.8557
317.4403
317.2954
318.2264
318.0921
317.8963
319.0317
318.8948
318.7393
318.4923
319.7137
319.5862
319.4336
319.2625
318.973
320.2062
320.0906
319.9549
319.7919
319.6084
320.4836
320.38
320.2611
320.1213
319.9531
320.5369
320.4437
320.3399
320.2209
320.0812
320.3624
320.2791
320.1877
320.0863
319.9704
319.9623
319.8878
319.8076
319.7202
319.6235
319.353
319.287
319.2167
319.1412
319.0593
318.5914
318.5335
318.472
318.4063
318.336
317.8156
317.765
317.7108
317.6529
317.591
317.2381
317.1918
317.1426
317.0902
317.0346
316.8748
316.8311
316.7847
316.7359
316.6844
316.6731
316.6309
316.5862
316.5394
316.4905
316.5865
316.5451
316.5015
316.4559
316.4083
316.5565
316.9312
316.82
317.5154
317.404
317.2569
318.3063
318.1883
318.0528
317.8556
319.1083
318.9926
318.855
318.6985
318.451
319.7834
319.674
319.5461
319.3933
319.2213
320.2676
320.1664
320.0505
319.9147
319.7516
320.5369
320.4437
320.3399
320.221
320.0812
320.5822
320.497
320.4037
320.2999
320.181
320.4002
320.3226
320.239
320.1477
320.0463
319.9926
319.9226
319.8478
319.7675
319.6801
319.3766
319.3137
319.2472
319.1765
319.1008
318.6089
318.5531
318.4941
318.4317
318.3652
317.8283
317.7789
317.7264
317.6705
317.611
317.2474
317.2021
317.1538
317.1027
317.0486
316.882
316.839
316.7934
316.7454
316.695
316.679
316.6373
316.5933
316.5471
316.499
316.5916
316.5507
316.5076
316.4626
316.4156
316.3908
316.6122
316.5214
316.9897
316.8959
316.7825
317.5771
317.4792
317.3659
317.2168
318.3691
318.2682
318.1492
318.0125
317.8142
319.1692
319.0692
318.9528
318.8147
318.6575
319.8399
319.7437
319.634
319.5059
319.3529
320.3188
320.2278
320.1263
320.0105
319.8746
320.5822
320.497
320.4037
320.2999
320.181
320.6214
320.5422
320.457
320.3637
320.26
320.433
320.3603
320.2825
320.199
320.1077
320.0195
319.9529
319.8826
319.8077
319.7274
319.3976
319.3373
319.2739
319.207
319.136
318.6247
318.5706
318.5137
318.4538
318.3906
317.8397
317.7915
317.7403
317.686
317.6285
317.2558
317.2114
317.164
317.1139
317.0611
316.8885
316.8461
316.8012
316.754
316.7044
316.6844
316.6432
316.5997
316.5542
316.5066
316.5963
316.5558
316.5132
316.4686
316.4223
316.3179
316.4346
316.3557
316.6597
316.5772
316.4844
317.0376
316.9542
316.8586
316.7433
317.626
317.5408
317.4411
317.3261
317.1752
318.4192
318.3311
318.2291
318.1091
317.9713
319.2188
319.1301
319.0294
318.9126
318.7741
319.8872
319.8003
319.7038
319.5939
319.4657
320.3625
320.279
320.1877
320.0863
319.9704
320.6214
320.5423
320.457
320.3637
320.26
320.6554
320.5815
320.5022
320.417
320.3238
320.462
320.3931
320.3202
320.2425
320.159
320.0432
319.9797
319.9129
319.8424
319.7676
319.4164
319.3582
319.2974
319.2336
319.1665
318.6389
318.5863
318.5311
318.4734
318.4126
317.85
317.8029
317.7528
317.6998
317.644
317.2635
317.2197
317.1732
317.124
317.0722
316.8945
316.8526
316.8083
316.7617
316.713
316.6894
316.6485
316.6055
316.5606
316.5137
316.6008
316.5605
316.5182
316.4741
316.4283
316.3563
316.2828
316.4757
316.3996
316.319
316.6989
316.6245
316.5403
316.4459
317.076
317.0022
316.9169
316.8196
316.7025
317.6653
317.5896
317.5026
317.4013
317.2849
318.4602
318.3812
318.2919
318.189
318.0681
319.2603
319.1796
319.0903
318.9893
318.8722
319.9274
319.8475
319.7603
319.6637
319.5537
320.4002
320.3226
320.239
320.1477
320.0463
320.6555
320.5814
320.5022
320.4169
320.3238
320.6856
320.6155
320.5414
320.4622
320.3771
320.4878
320.4221
320.353
320.2802
320.2025
320.0646
320.0034
319.9396
319.8727
319.8023
319.4334
319.377
319.3183
319.2571
319.1931
318.6518
318.6006
318.5468
318.4907
318.4322
317.8594
317.8133
317.7642
317.7124
317.6578
317.2705
317.2274
317.1816
317.1332
317.0823
316.9
316.8586
316.8148
316.7688
316.7207
316.694
316.6535
316.6109
316.5664
316.52
316.6047
316.5648
316.5229
316.4792
316.4338
316.3947
316.3214
316.2462
316.51
316.4407
316.363
316.2809
316.7305
316.6637
316.5876
316.5019
316.4061
317.1072
317.0404
316.9647
316.8778
316.779
317.6974
317.6289
317.5514
317.4628
317.36
318.4945
318.4221
318.342
318.2518
318.1481
319.2956
319.221
319.1399
319.0502
318.9489
319.9623
319.8877
319.8075
319.7202
319.6235
320.433
320.3603
320.2825
320.1989
320.1077
320.6856
320.6155
320.5414
320.4622
320.3771
320.7123
320.6456
320.5754
320.5014
320.4223
320.5108
320.4478
320.382
320.3129
320.2402
320.0839
320.0247
319.9634
319.8994
319.8326
319.4488
319.394
319.3371
319.278
319.2166
318.6634
318.6134
318.561
318.5064
318.4495
317.868
317.8226
317.7745
317.7237
317.6703
317.2769
317.2344
317.1891
317.1415
317.0915
316.9052
316.864
316.8207
316.7752
316.7277
316.6982
316.6581
316.6158
316.5716
316.5257
316.6087
316.5688
316.5272
316.4838
316.4388
316.4268
316.3597
316.2849
316.2082
316.5379
316.4749
316.404
316.3249
316.2415
316.7564
316.6952
316.6267
316.5491
316.4621
317.1327
317.0715
317.0029
316.9255
316.8371
317.7246
317.661
317.5906
317.5115
317.4214
318.524
318.4564
318.3829
318.3018
318.2109
319.3263
319.2564
319.1813
319.0997
319.0098
319.9926
319.9225
319.8477
319.7674
319.6801
320.462
320.3931
320.3202
320.2425
320.159
320.7123
320.6456
320.5754
320.5013
320.4223
320.7362
320.6723
320.6055
320.5353
320.4615
320.5317
320.4708
320.4077
320.3419
320.2729
320.1013
320.044
319.9846
319.9232
319.8593
319.4627
319.4094
319.3541
319.2968
319.2375
318.6742
318.625
318.5738
318.5206
318.4652
317.8759
317.8312
317.7838
317.7339
317.6815
317.283
317.2408
317.1961
317.1491
317.0997
316.9098
316.8692
316.8261
316.7812
316.7341
316.7023
316.6622
316.6204
316.5765
316.531
316.6122
316.5727
316.5311
316.4881
316.4434
316.4528
316.3916
316.3231
316.247
316.169
316.5606
316.5026
316.4381
316.3658
316.2856
316.7777
316.721
316.6581
316.588
316.5091
317.1545
317.097
317.0339
316.9635
316.8847
317.748
317.6881
317.6226
317.5506
317.47
318.5494
318.4858
318.4171
318.3427
318.2609
319.353
319.287
319.2166
319.1411
319.0593
320.0194
319.9529
319.8825
319.8076
319.7273
320.4878
320.4221
320.353
320.2801
320.2025
320.7362
320.6723
320.6055
320.5354
320.4614
320.7578
320.6962
320.6322
320.5654
320.4954
320.5505
320.4917
320.4307
320.3675
320.3019
320.1171
320.0614
320.0039
319.9444
319.883
319.4755
319.4233
319.3694
319.3137
319.2562
318.684
318.6357
318.5854
318.5334
318.4793
317.8833
317.8391
317.7924
317.7432
317.6917
317.2884
317.2468
317.2025
317.156
317.1072
316.9142
316.8738
316.8313
316.7865
316.74
316.706
316.6663
316.6245
316.5811
316.5358
316.6155
316.5762
316.5351
316.492
316.4477
316.4743
316.4176
316.3549
316.2851
316.2079
316.5795
316.5253
316.4657
316.3998
316.3263
316.796
316.7422
316.6838
316.6193
316.5479
317.1732
317.1187
317.0593
316.9945
316.9226
317.7682
317.7114
317.6497
317.5826
317.509
318.5717
318.5112
318.4465
318.3769
318.3017
319.3766
319.3137
319.2472
319.1764
319.1007
320.0432
319.9796
319.9128
319.8424
319.7675
320.5108
320.4478
320.382
320.3129
320.2402
320.7579
320.6962
320.6322
320.5654
320.4955
320.7774
320.7178
320.6561
320.5921
320.5255
320.5676
320.5105
320.4515
320.3905
320.3275
320.1316
320.0772
320.0213
319.9637
319.9042
319.4873
319.4361
319.3833
319.329
319.2732
318.6931
318.6456
318.5961
318.5449
318.492
317.89
317.8465
317.8002
317.7517
317.701
317.2935
317.2522
317.2085
317.1623
317.1141
316.9184
316.8782
316.8359
316.7916
316.7453
316.7095
316.67
316.6286
316.5852
316.5404
316.6186
316.5795
316.5385
316.4959
316.4515
316.4921
316.439
316.3808
316.3168
316.2458
316.5959
316.5442
316.4883
316.4273
316.3601
316.8118
316.7605
316.7049
316.6449
316.5791
317.1895
317.1374
317.0809
317.0198
316.9534
317.786
317.7316
317.673
317.6095
317.5409
318.5914
318.5334
318.4719
318.4062
318.3359
319.3976
319.3373
319.2738
319.207
319.136
320.0645
320.0034
319.9396
319.8727
319.8023
320.5316
320.4708
320.4077
320.3419
320.2729
320.7774
320.7178
320.6561
320.5921
320.5255
320.7951
320.7373
320.6776
320.616
320.5521
320.5833
320.5275
320.4703
320.4113
320.3505
320.1449
320.0917
320.037
319.981
319.9234
319.4981
319.4478
319.3961
319.3429
319.2884
318.7015
318.6547
318.6059
318.5556
318.5036
317.8963
317.853
317.8076
317.7596
317.7095
317.2985
317.2573
317.2139
317.1683
317.1204
316.9223
316.8824
316.8403
316.7962
316.7504
316.7128
316.6735
316.6322
316.5892
316.5444
316.6216
316.5826
316.5418
316.4994
316.4554
316.5077
316.4568
316.4021
316.3425
316.2774
316.61
316.5605
316.507
316.4498
316.3875
316.8256
316.7762
316.7231
316.666
316.6045
317.2038
317.1536
317.0995
317.0413
316.9786
317.8016
317.7493
317.6931
317.6328
317.5678
318.6089
318.5531
318.4941
318.4316
318.3652
319.4163
319.3582
319.2974
319.2336
319.1665
320.0838
320.0247
319.9633
319.8994
319.8325
320.5505
320.4916
320.4307
320.3675
320.3019
320.7952
320.7373
320.6776
320.6159
320.5522
320.8115
320.755
320.6971
320.6375
320.576
320.5976
320.5432
320.4873
320.4301
320.3713
320.1572
320.105
320.0515
319.9968
319.9408
319.5082
319.4586
319.4078
319.3557
319.3023
318.7094
318.663
318.615
318.5654
318.5142
317.9023
317.8594
317.8141
317.7669
317.7173
317.303
317.2622
317.219
317.1737
317.1264
316.9259
316.8862
316.8444
316.8006
316.7549
316.7158
316.6767
316.6357
316.5929
316.5485
316.6242
316.5855
316.5449
316.5026
316.4588
316.521
316.4722
316.4197
316.3637
316.303
316.6224
316.5745
316.5233
316.4684
316.4099
316.8377
316.7899
316.7388
316.684
316.6255
317.2164
317.1679
317.1157
317.0599
317
317.8157
317.765
317.7108
317.6528
317.5909
318.6246
318.5706
318.5137
318.4537
318.3905
319.4333
319.377
319.3183
319.2571
319.1931
320.1012
320.0439
319.9846
319.9232
319.8593
320.5676
320.5105
320.4514
320.3905
320.3275
320.8115
320.7551
320.6971
320.6375
320.576
320.8264
320.7714
320.7148
320.657
320.5975
320.6109
320.5576
320.503
320.4471
320.39
320.1686
320.1172
320.0647
320.0112
319.9565
319.5176
319.4686
319.4186
319.3673
319.315
318.7167
318.6709
318.6233
318.5744
318.524
317.9077
317.8653
317.8205
317.7734
317.7246
317.3072
317.2667
317.2238
317.1787
317.1317
316.9292
316.8898
316.8482
316.8047
316.7593
316.7186
316.6798
316.6389
316.5963
316.5521
316.6269
316.5882
316.5478
316.5057
316.462
316.5327
316.4855
316.4351
316.3813
316.3241
316.6332
316.5868
316.5373
316.4846
316.4284
316.8484
316.802
316.7524
316.6996
316.6434
317.2279
317.1805
317.1299
317.076
317.0185
317.8282
317.779
317.7263
317.6704
317.6109
318.6388
318.5863
318.5311
318.4733
318.4126
319.4487
319.3939
319.337
319.278
319.2166
320.1171
320.0614
320.0038
319.9444
319.883
320.5833
320.5276
320.4703
320.4113
320.3505
320.8264
320.7714
320.7149
320.657
320.5975
320.8401
320.7862
320.7311
320.6747
320.617
320.6232
320.5708
320.5173
320.4628
320.4071
320.1792
320.1286
320.077
320.0244
319.9709
319.5263
319.4781
319.4286
319.3781
319.3267
318.7236
318.6782
318.6312
318.5827
318.533
317.9129
317.8708
317.8264
317.7797
317.7311
317.3111
317.2709
317.2283
317.1836
317.1367
316.9324
316.8931
316.8518
316.8085
316.7634
316.7214
316.6826
316.642
316.5995
316.5555
316.6294
316.5909
316.5505
316.5086
316.4651
316.543
316.4972
316.4483
316.3966
316.3415
316.6429
316.5976
316.5495
316.4985
316.4445
316.8581
316.8127
316.7644
316.7132
316.659
317.2381
317.1919
317.1425
317.0901
317.0345
317.8397
317.7915
317.7403
317.686
317.6285
318.6517
318.6005
318.5468
318.4908
318.4321
319.4628
319.4093
319.354
319.2967
319.2375
320.1316
320.0772
320.0212
319.9636
319.9042
320.5977
320.5432
320.4874
320.4301
320.3712
320.8402
320.7863
320.7311
320.6747
320.617
320.8529
320.8
320.746
320.691
320.6347
320.6348
320.5831
320.5305
320.4771
320.4227
320.1891
320.1393
320.0883
320.0367
319.9841
319.5344
319.4868
319.438
319.3881
319.3375
318.7299
318.685
318.6385
318.5906
318.5413
317.9177
317.8759
317.8318
317.7856
317.7374
317.3148
317.2747
317.2325
317.188
317.1415
316.9355
316.8963
316.8551
316.812
316.7671
316.724
316.6854
316.6447
316.6025
316.5587
316.6317
316.5933
316.5531
316.5112
316.468
316.5522
316.5074
316.4599
316.4097
316.3567
316.6516
316.6072
316.5602
316.5106
316.4583
316.8668
316.8224
316.7751
316.7251
316.6724
317.2474
317.202
317.1538
317.1026
317.0486
317.85
317.8029
317.7528
317.6999
317.644
318.6635
318.6133
318.561
318.5063
318.4495
319.4756
319.4233
319.3693
319.3137
319.2562
320.1449
320.0917
320.037
319.981
319.9234
320.611
320.5576
320.503
320.4472
320.39
320.853
320.8
320.746
320.691
320.6347
320.8649
320.8128
320.7597
320.7058
320.6509
320.6455
320.5946
320.5428
320.4903
320.437
320.1983
320.1491
320.099
320.048
319.9964
319.5421
319.4949
319.4467
319.3975
319.3474
318.7359
318.6914
318.6453
318.5979
318.5491
317.9223
317.8807
317.8369
317.7911
317.7432
317.3184
317.2784
317.2363
317.1922
317.146
316.9383
316.8994
316.8582
316.8153
316.7707
316.7265
316.688
316.6475
316.6053
316.5617
316.6338
316.5956
316.5555
316.5138
316.4706
316.5605
316.5165
316.4701
316.4213
316.3698
316.6595
316.6159
316.5698
316.5213
316.4704
316.8748
316.831
316.7847
316.7357
316.6843
317.2558
317.2113
317.1639
317.1139
317.061
317.8594
317.8132
317.7642
317.7123
317.6578
318.6742
318.6251
318.5738
318.5205
318.4651
319.4873
319.4361
319.3833
319.329
319.2731
320.1572
320.105
320.0515
319.9968
319.9407
320.6233
320.5709
320.5173
320.4628
320.4071
320.8649
320.8128
320.7597
320.7058
320.6509
320.876
320.8247
320.7725
320.7195
320.6657
320.6554
320.6053
320.5543
320.5026
320.4502
320.2069
320.1583
320.1088
320.0586
320.0077
319.5492
319.5025
319.4548
319.4062
319.3568
318.7415
318.6973
318.6517
318.6046
318.5564
317.9266
317.8852
317.8417
317.7962
317.7486
317.3217
317.2821
317.24
317.196
317.1501
316.9411
316.9022
316.8613
316.8184
316.7739
316.7286
316.6904
316.6501
316.6081
316.5644
316.636
316.5977
316.5578
316.5162
316.4732
316.5679
316.5248
316.4792
316.4313
316.3812
316.6666
316.6237
316.5784
316.5308
316.481
316.8819
316.8389
316.7933
316.7453
316.6948
317.2635
317.2197
317.1732
317.124
317.0722
317.8681
317.8226
317.7744
317.7236
317.6702
318.684
318.6358
318.5855
318.5333
318.4792
319.4981
319.4478
319.3961
319.3429
319.2884
320.1686
320.1173
320.0648
320.0112
319.9565
320.6348
320.5832
320.5306
320.4771
320.4227
320.876
320.8247
320.7725
320.7195
320.6658
320.8863
320.8358
320.7844
320.7323
320.6794
320.6646
320.6152
320.565
320.514
320.4624
320.215
320.1669
320.118
320.0685
320.0183
319.5559
319.5096
319.4623
319.4142
319.3654
318.7469
318.7029
318.6576
318.611
318.5631
317.9307
317.8896
317.8462
317.8009
317.7537
317.3248
317.2854
317.2437
317.1997
317.1539
316.9434
316.9049
316.8641
316.8215
316.777
316.731
316.6925
316.6525
316.6106
316.5672
316.638
316.5999
316.5599
316.5185
316.4756
316.5748
316.5322
316.4874
316.4404
316.3913
316.6731
316.6309
316.5862
316.5394
316.4904
316.8885
316.8461
316.8012
316.7539
316.7044
317.2705
317.2273
317.1815
317.1332
317.0823
317.876
317.8312
317.7838
317.7338
317.6815
318.6931
318.6456
318.5962
318.545
318.492
319.5082
319.4586
319.4078
319.3557
319.3023
320.1793
320.1286
320.077
320.0245
319.971
320.6455
320.5947
320.5429
320.4903
320.437
320.8862
320.8358
320.7844
320.7323
320.6795
320.8959
320.846
320.7955
320.7442
320.6922
320.6734
320.6244
320.5749
320.5247
320.4739
320.2226
320.1749
320.1266
320.0776
320.0281
319.5623
319.5163
319.4694
319.4218
319.3735
318.752
318.7083
318.6632
318.6169
318.5695
317.9345
317.8936
317.8506
317.8054
317.7584
317.3277
317.2885
317.2469
317.2033
317.1575
316.9461
316.9073
316.8668
316.8243
316.7801
316.7331
316.6949
316.6546
316.613
316.5697
316.6399
316.6018
316.562
316.5205
316.4778
316.5808
316.539
316.4948
316.4485
316.4002
316.679
316.6372
316.5933
316.5472
316.499
316.8946
316.8526
316.8083
316.7617
316.7129
317.277
317.2344
317.1891
317.1414
317.0914
317.8832
317.8391
317.7924
317.7432
317.6916
318.7015
318.6546
318.6059
318.5556
318.5036
319.5177
319.4687
319.4186
319.3674
319.315
320.1892
320.1393
320.0884
320.0367
319.9842
320.6554
320.6054
320.5544
320.5026
320.4502
320.8959
320.846
320.7955
320.7442
320.6922
320.9049
320.8557
320.8057
320.7552
320.7041
320.6816
320.6332
320.5841
320.5345
320.4845
320.2298
320.1825
320.1346
320.0861
320.0372
319.5683
319.5227
319.4761
319.4289
319.381
318.7567
318.7133
318.6686
318.6225
318.5753
317.938
317.8975
317.8546
317.8097
317.7629
317.3307
317.2913
317.25
317.2065
317.1611
316.9484
316.9099
316.8692
316.827
316.7828
316.7351
316.6969
316.657
316.6151
316.5721
316.6416
316.6038
316.564
316.5227
316.4798
316.5865
316.545
316.5015
316.4559
316.4083
316.6845
316.6431
316.5997
316.5542
316.5067
316.9001
316.8586
316.8147
316.7688
316.7207
317.2829
317.2408
317.1961
317.149
317.0996
317.89
317.8464
317.8002
317.7518
317.701
318.7095
318.663
318.615
318.5654
318.5143
319.5265
319.4781
319.4286
319.3781
319.3267
320.1984
320.1492
320.099
320.0481
319.9964
320.6647
320.6152
320.565
320.5141
320.4625
320.9049
320.8557
320.8057
320.7552
320.7041
320.9135
320.8647
320.8153
320.7654
320.7151
320.6894
320.6414
320.5928
320.5438
320.4944
320.2366
320.1897
320.1422
320.0942
320.0458
319.574
319.5286
319.4825
319.4356
319.3881
318.7611
318.7181
318.6735
318.6278
318.5809
317.9417
317.9009
317.8584
317.8137
317.7672
317.3334
317.2944
317.2528
317.2096
317.1644
316.9504
316.9122
316.8718
316.8293
316.7855
316.7368
316.6989
316.659
316.6175
316.5742
316.6432
316.6054
316.566
316.5247
316.482
316.5917
316.5506
316.5075
316.4626
316.4156
316.6895
316.6486
316.6055
316.5605
316.5137
316.9051
316.8641
316.8208
316.7752
316.7277
317.2885
317.2467
317.2025
317.156
317.1072
317.8964
317.8531
317.8075
317.7596
317.7095
318.7169
318.671
318.6234
318.5744
318.524
319.5345
319.4869
319.438
319.3882
319.3375
320.2069
320.1583
320.1089
320.0587
320.0077
320.6734
320.6245
320.5749
320.5247
320.4739
320.9135
320.8647
320.8153
320.7654
320.7152
320.9215
320.8732
320.8243
320.775
320.7253
320.6967
320.6491
320.601
320.5525
320.5036
320.243
320.1965
320.1494
320.1018
320.0538
319.5792
319.5343
319.4885
319.4419
319.3948
318.7656
318.7225
318.6783
318.6328
318.5863
317.945
317.9046
317.8619
317.8175
317.7712
317.3358
317.297
317.2558
317.2124
317.1674
316.9524
316.9142
316.874
316.8319
316.7878
316.7385
316.7006
316.661
316.6195
316.5765
316.6449
316.6071
316.5676
316.5266
316.4839
316.5965
316.5559
316.5131
316.4686
316.4223
316.694
316.6536
316.611
316.5663
316.5199
316.9098
316.8692
316.8262
316.7812
316.734
317.2937
317.2522
317.2084
317.1624
317.1141
317.9024
317.8595
317.8142
317.7668
317.7173
318.7236
318.6783
318.6313
318.5828
318.533
319.5421
319.4949
319.4468
319.3976
319.3475
320.215
320.1669
320.118
320.0686
320.0183
320.6816
320.6332
320.5841
320.5346
320.4846
320.9215
320.8732
320.8243
320.775
320.7253
320.9291
320.8813
320.8329
320.784
320.7349
320.7036
320.6565
320.6088
320.5607
320.5122
320.249
320.2029
320.1561
320.1089
320.0614
319.5845
319.5396
319.4941
319.4479
319.4011
318.7696
318.7269
318.6827
318.6376
318.5912
317.948
317.9079
317.8655
317.821
317.775
317.3381
317.2994
317.2585
317.2154
317.1702
316.9544
316.9162
316.8761
316.8341
316.7904
316.7403
316.7024
316.6627
316.6214
316.5785
316.6464
316.6088
316.5692
316.5282
316.4859
316.6008
316.5606
316.5183
316.4741
316.4282
316.6982
316.6581
316.6159
316.5718
316.5257
316.9143
316.8738
316.8313
316.7866
316.74
317.2986
317.2574
317.2139
317.1683
317.1205
317.9078
317.8655
317.8206
317.7735
317.7245
318.73
318.6851
318.6387
318.5907
318.5413
319.5492
319.5025
319.4548
319.4063
319.3568
320.2226
320.175
320.1266
320.0776
320.0282
320.6894
320.6414
320.5928
320.5438
320.4944
320.9291
320.8813
320.8329
320.784
320.7349
320.9364
320.8889
320.8409
320.7926
320.7439
320.7101
320.6634
320.6161
320.5684
320.5205
320.2548
320.2089
320.1625
320.1157
320.0685
319.5893
319.5448
319.4994
319.4535
319.4071
318.7734
318.7309
318.6871
318.6419
318.596
317.9507
317.9109
317.8688
317.8246
317.7784
317.3404
317.3017
317.2609
317.218
317.1732
316.9563
316.9182
316.878
316.8362
316.7926
316.7419
316.7042
316.6644
316.6231
316.5804
316.6476
316.6103
316.5709
316.5299
316.4875
316.6048
316.5649
316.523
316.4793
316.4337
316.7023
316.6623
316.6204
316.5766
316.5311
316.9185
316.8783
316.8359
316.7916
316.7454
317.3029
317.2623
317.2191
317.1737
317.1263
317.9129
317.8708
317.8265
317.7799
317.7312
318.736
318.6914
318.6454
318.598
318.5492
319.5559
319.5096
319.4624
319.4143
319.3656
320.2298
320.1825
320.1346
320.0862
320.0373
320.6967
320.6491
320.601
320.5525
320.5036
320.9364
320.8889
320.8409
320.7925
320.7439
320.9431
320.8961
320.8485
320.8006
320.7524
320.7164
320.6699
320.623
320.5757
320.5282
320.2603
320.2147
320.1685
320.1221
320.0753
319.5938
319.5496
319.5046
319.4588
319.4127
318.7768
318.7347
318.6911
318.6463
318.6003
317.9535
317.9136
317.8718
317.8279
317.782
317.3426
317.304
317.2631
317.2204
317.1758
316.958
316.9201
316.88
316.8381
316.7947
316.7432
316.7057
316.6662
316.6249
316.5821
316.6491
316.6115
316.5724
316.5315
316.4891
316.6087
316.5689
316.5273
316.4839
316.4389
316.7061
316.6663
316.6246
316.5811
316.5359
316.9222
316.8825
316.8403
316.7962
316.7504
317.3071
317.2667
317.224
317.1789
317.1317
317.9178
317.8759
317.8319
317.7858
317.7375
318.7416
318.6974
318.6517
318.6047
318.5565
319.5623
319.5163
319.4695
319.4219
319.3736
320.2366
320.1897
320.1422
320.0942
320.0458
320.7037
320.6564
320.6088
320.5607
320.5123
320.9431
320.8961
320.8485
320.8006
320.7524
320.9496
320.9028
320.8557
320.8081
320.7604
320.7223
320.6762
320.6294
320.5826
320.5354
320.2655
320.2202
320.1743
320.128
320.0816
319.5979
319.5541
319.5093
319.464
319.4179
318.7803
318.7382
318.6949
318.6503
318.6047
317.9562
317.9164
317.8745
317.8308
317.7853
317.3446
317.3062
317.2654
317.2227
317.1782
316.9595
316.9218
316.8819
316.8401
316.7966
316.7448
316.707
316.6678
316.6266
316.5839
316.613
316.5736
316.533
316.4907
316.6122
316.5728
316.5312
316.4882
316.4435
316.7094
316.6701
316.6286
316.5852
316.5404
316.9259
316.8862
316.8445
316.8006
316.7549
317.3111
317.2708
317.2283
317.1837
317.1369
317.9223
317.8808
317.8369
317.7911
317.7434
318.7469
318.703
318.6576
318.611
318.5632
319.5683
319.5227
319.4761
319.4289
319.3811
320.243
320.1965
320.1494
320.1018
320.0538
320.7101
320.6634
320.616
320.5684
320.5204
320.9496
320.9028
320.8557
320.8081
320.7604
320.9557
320.9093
320.8624
320.8153
320.768
320.7279
320.682
320.6357
320.589
320.5423
320.2702
320.2253
320.1798
320.1339
320.0876
319.602
319.5582
319.5139
319.4687
319.4231
318.7836
318.7416
318.6983
318.6541
318.6087
317.9587
317.9191
317.8773
317.8336
317.7882
317.3465
317.3082
317.2676
317.2249
317.1804
316.9614
316.9233
316.8836
316.842
316.7985
316.7087
316.669
316.6282
316.5856
316.5751
316.5342
316.4922
316.6155
316.5763
316.5351
316.4921
316.4477
316.7128
316.6734
316.6324
316.5892
316.5445
316.9292
316.8898
316.8482
316.8048
316.7594
317.3148
317.2748
317.2324
317.188
317.1417
317.9266
317.8853
317.8418
317.7962
317.7487
318.752
318.7083
318.6632
318.6169
318.5695
319.574
319.5287
319.4825
319.4356
319.3882
320.2491
320.2029
320.1562
320.1089
320.0614
320.7165
320.6699
320.623
320.5757
320.5282
320.9557
320.9093
320.8624
320.8153
320.768
320.9615
320.9154
320.8689
320.822
320.7751
320.733
320.6876
320.6416
320.5953
320.5488
320.2748
320.23
320.1849
320.1393
320.0934
319.6059
319.5623
319.518
319.4733
319.4279
318.7867
318.7449
318.7017
318.6575
318.6125
317.961
317.9215
317.8799
317.8363
317.791
317.3487
317.31
317.2696
317.2271
317.1827
316.9252
316.8851
316.8437
316.8004
316.6707
316.6295
316.5871
316.5357
316.4934
316.6187
316.5795
316.5386
316.4959
316.4516
316.7158
316.6768
316.6356
316.593
316.5485
316.9324
316.8932
316.8518
316.8084
316.7635
317.3183
317.2785
317.2364
317.1921
317.1459
317.9307
317.8896
317.8463
317.801
317.7537
318.7568
318.7134
318.6685
318.6225
318.5754
319.5794
319.5344
319.4885
319.4419
319.3948
320.2549
320.209
320.1626
320.1157
320.0685
320.7223
320.6762
320.6295
320.5826
320.5354
320.9615
320.9154
320.8689
320.822
320.7751
320.9668
320.9212
320.8749
320.8285
320.7818
320.738
320.6927
320.6472
320.6012
320.555
320.2792
320.2346
320.1896
320.1444
320.0988
319.6097
319.5662
319.5221
319.4774
319.4324
318.7895
318.748
318.705
318.6609
318.6158
317.9638
317.9238
317.8824
317.839
317.7937
317.3123
317.2714
317.2291
317.1848
316.887
316.8451
316.8021
316.6311
316.5884
316.4949
316.6215
316.5827
316.5418
316.4994
316.4554
316.7186
316.6798
316.639
316.5963
316.5522
316.9354
316.8963
316.8551
316.812
316.7671
317.3217
317.282
317.2401
317.1961
317.1501
317.9345
317.8937
317.8505
317.8054
317.7585
318.7613
318.7181
318.6736
318.6278
318.581
319.5845
319.5397
319.4942
319.4479
319.4011
320.2603
320.2148
320.1686
320.1221
320.0753
320.7279
320.682
320.6358
320.5891
320.5424
320.9668
320.9212
320.8749
320.8285
320.7818
320.972
320.9265
320.8807
320.8346
320.7883
320.7427
320.6977
320.6522
320.6067
320.5609
320.2834
320.239
320.1942
320.1491
320.1039
319.613
319.5699
319.5259
319.4814
319.4365
318.7932
318.7508
318.7081
318.6642
318.6193
317.9267
317.8847
317.8414
317.7963
317.2737
317.2309
317.1868
316.847
316.8036
316.59
316.6242
316.5855
316.545
316.5026
316.4589
316.7214
316.6826
316.6419
316.5996
316.5555
316.9384
316.8993
316.8583
316.8153
316.7707
317.3248
317.2854
317.2435
317.1997
317.154
317.9382
317.8974
317.8546
317.8097
317.7629
318.7656
318.7227
318.6783
318.6329
318.5862
319.5893
319.5448
319.4995
319.4536
319.4071
320.2655
320.2202
320.1744
320.1281
320.0817
320.733
320.6876
320.6416
320.5953
320.5488
320.9719
320.9265
320.8807
320.8345
320.7883
320.9769
320.9316
320.886
320.8403
320.7944
320.7473
320.7024
320.6572
320.6118
320.5664
320.2873
320.2432
320.1986
320.1537
320.1086
319.6176
319.5733
319.5297
319.4853
319.4405
318.7545
318.7109
318.6673
318.6225
317.8875
317.8437
317.7988
317.2332
317.1886
316.8054
316.6269
316.5882
316.5478
316.5057
316.462
316.724
316.6853
316.6447
316.6025
316.5587
316.941
316.9022
316.8612
316.8185
316.7739
317.3279
317.2885
317.2469
317.2032
317.1576
317.9417
317.9012
317.8584
317.8138
317.7672
318.7696
318.7269
318.6829
318.6376
318.5913
319.5938
319.5496
319.5046
319.4589
319.4127
320.2703
320.2253
320.1798
320.1339
320.0877
320.738
320.6927
320.6471
320.6012
320.5551
320.9769
320.9316
320.886
320.8403
320.7943
320.9817
320.9365
320.8912
320.8456
320.8001
320.7515
320.707
320.6619
320.6168
320.5715
320.2925
320.2471
320.2028
320.158
320.1132
319.5779
319.533
319.489
319.4444
318.7146
318.6701
318.6256
317.8465
317.801
317.1909
316.6294
316.5908
316.5504
316.5085
316.4652
316.7265
316.688
316.6475
316.6053
316.5617
316.9437
316.9049
316.8641
316.8214
316.777
317.3307
317.2915
317.25
317.2065
317.161
317.9449
317.9046
317.8621
317.8175
317.7712
318.7735
318.7309
318.6871
318.6421
318.596
319.5981
319.5542
319.5093
319.464
319.4181
320.2749
320.2301
320.1849
320.1393
320.0934
320.7427
320.6977
320.6523
320.6067
320.5609
320.9817
320.9365
320.8911
320.8457
320.8001
320.986
320.9413
320.8961
320.8507
320.8054
320.7573
320.7112
320.6665
320.6215
320.5764
320.2524
320.2067
320.1623
320.1175
319.5376
319.4924
319.4481
318.6738
318.6284
317.8038
316.6318
316.5934
316.553
316.5112
316.4679
316.7288
316.6904
316.6501
316.608
316.5644
316.9461
316.9075
316.8668
316.8243
316.78
317.3334
317.2943
317.253
317.2096
317.1644
317.9481
317.9079
317.8655
317.8212
317.775
318.777
318.7348
318.6911
318.6463
318.6005
319.6021
319.5584
319.5139
319.4687
319.4231
320.2792
320.2347
320.1897
320.1444
320.0988
320.7473
320.7024
320.6572
320.6119
320.5664
320.9861
320.9413
320.8961
320.8507
320.8054
320.992
320.9457
320.9008
320.8557
320.8105
320.7169
320.6707
320.626
320.5812
320.2119
320.1661
320.1217
319.4969
319.4515
318.6321
316.634
316.5957
316.5556
316.5138
316.4705
316.7311
316.6927
316.6525
316.6106
316.5671
316.9484
316.9099
316.8694
316.8269
316.7829
317.336
317.297
317.2558
317.2126
317.1674
317.9509
317.911
317.8688
317.8246
317.7786
318.7804
318.7383
318.6949
318.6503
318.6047
319.606
319.5624
319.5181
319.4733
319.4279
320.2835
320.2391
320.1943
320.1492
320.1039
320.7516
320.707
320.662
320.6168
320.5716
320.9921
320.9457
320.9008
320.8557
320.8105
320.9517
320.9052
320.8604
320.8154
320.6764
320.6302
320.5857
320.1713
320.1256
319.456
316.6361
316.5979
316.5579
316.5163
316.4731
316.7332
316.695
316.6548
316.613
316.5697
316.9506
316.9122
316.8718
316.8295
316.7855
317.3383
317.2996
317.2585
317.2154
317.1704
317.9537
317.9138
317.8719
317.8278
317.782
318.7837
318.7417
318.6985
318.6541
318.6087
319.6098
319.5663
319.5222
319.4775
319.4324
320.2874
320.2433
320.1986
320.1538
320.1087
320.7573
320.7112
320.6665
320.6215
320.5765
320.9517
320.9052
320.8604
320.8154
320.9112
320.8647
320.8202
320.6359
320.5899
320.1308
316.638
316.6
316.5601
316.5186
316.4756
316.7351
316.6971
316.657
316.6153
316.5721
316.9526
316.9144
316.8741
316.8319
316.7881
317.3406
317.3019
317.2611
317.2181
317.1732
317.9564
317.9166
317.8747
317.8309
317.7852
318.7868
318.745
318.7019
318.6577
318.6125
319.6132
319.57
319.526
319.4815
319.4366
320.2927
320.2472
320.2029
320.1581
320.1133
320.717
320.6708
320.6261
320.5812
320.9112
320.8648
320.8202
320.8707
320.8245
320.5956
316.6399
316.6019
316.5622
316.5208
316.4779
316.737
316.699
316.6591
316.6175
316.5744
316.9546
316.9164
316.8763
316.8342
316.7904
317.3428
317.3042
317.2634
317.2206
317.1758
317.9588
317.9192
317.8774
317.8338
317.7883
318.7897
318.7481
318.7051
318.661
318.616
319.6178
319.5735
319.5298
319.4854
319.4406
320.2525
320.2068
320.1623
320.1176
320.6765
320.6303
320.5858
320.8707
320.8245
320.8305
316.6418
316.6038
316.5641
316.5228
316.4801
316.7388
316.7009
316.6611
316.6196
316.5766
316.9564
316.9184
316.8783
316.8364
316.7927
317.3448
317.3064
317.2656
317.2229
317.1784
317.9612
317.9217
317.8801
317.8365
317.7912
318.7935
318.751
318.7083
318.6643
318.6194
319.5781
319.5332
319.4891
319.4445
320.212
320.1662
320.1218
320.636
320.59
320.8305
316.6435
316.6056
316.566
316.5248
316.4821
316.7404
316.7026
316.6629
316.6215
316.5786
316.9582
316.9202
316.8802
316.8383
316.7948
317.3468
317.3083
317.2678
317.2251
317.1807
317.9641
317.9241
317.8825
317.8391
317.7939
318.7547
318.7111
318.6674
318.6226
319.5378
319.4925
319.4482
320.1715
320.1257
320.5957
316.645
316.6073
316.5678
316.5266
316.484
316.7421
316.7043
316.6647
316.6233
316.5805
316.9599
316.922
316.882
316.8403
316.7968
317.349
317.3103
317.2698
317.2273
317.1829
317.9269
317.8849
317.8416
317.7965
318.7148
318.6703
318.6257
319.4971
319.4516
320.1309
316.6466
316.6089
316.5695
316.5284
316.4859
316.7436
316.7059
316.6663
316.6251
316.5823
316.9617
316.9237
316.8838
316.8421
316.7987
317.3125
317.2717
317.2293
317.185
317.8878
317.8439
317.7989
318.674
318.6286
319.4562
316.6481
316.6104
316.571
316.5301
316.4876
316.7451
316.7074
316.6679
316.6267
316.5841
316.9254
316.8855
316.8438
316.8005
317.2739
317.2312
317.187
317.8468
317.8012
318.6323
316.6495
316.6119
316.5725
316.5316
316.4893
316.709
316.6694
316.6283
316.5857
316.8872
316.8455
316.8023
317.2334
317.1889
317.8041
316.6133
316.574
316.5331
316.4908
316.671
316.6298
316.5873
316.8472
316.8039
317.1911
316.5754
316.5346
316.4923
316.6314
316.5888
316.8057
316.536
316.4938
316.5903
316.4952
)
;

boundaryField
{
    electrolyteSides
    {
        type            zeroGradient;
    }
    electrolyte_to_fuel
    {
        type            zeroGradient;
    }
    electrolyte_to_air
    {
        type            zeroGradient;
    }
}


// ************************************************************************* //
