/*--------------------------------*- C++ -*----------------------------------*\
| =========                 |                                                 |
| \\      /  F ield         | OpenFOAM: The Open Source CFD Toolbox           |
|  \\    /   O peration     | Version:  2312                                  |
|   \\  /    A nd           | Website:  www.openfoam.com                      |
|    \\/     M anipulation  |                                                 |
\*---------------------------------------------------------------------------*/
FoamFile
{
    version     2.0;
    format      ascii;
    arch        "LSB;label=32;scalar=64";
    class       volScalarField;
    location    "40/phiI";
    object      act;
}
// * * * * * * * * * * * * * * * * * * * * * * * * * * * * * * * * * * * * * //

dimensions      [0 0 0 0 0 0 0];

internalField   nonuniform List<scalar> 
12000
(
2.899617
2.896015
2.897127
2.906058
2.898183
2.906617
2.900017
2.895472
2.902662
2.906372
2.897309
2.896026
2.907085
2.89949
2.90982
2.899641
2.898039
2.901918
2.903823
2.909757
2.899215
2.899981
2.905162
2.90296
2.900962
2.906647
2.901502
2.905397
2.908355
2.903577
2.900235
2.902777
2.903007
2.906825
2.911904
2.90402
2.9036
2.907332
2.897983
2.909131
2.905072
2.899402
2.908287
2.90087
2.910764
2.899404
2.90711
2.904498
2.910986
2.905717
2.910033
2.905348
2.900937
2.906812
2.908927
0
2.904938
2.897182
2.911216
2.894915
2.910556
2.906735
2.900555
2.903475
2.907752
2.909084
2.902981
2.904752
2.906561
2.904903
2.912774
2.900689
2.903648
2.904518
2.907052
2.912506
0
2.900215
2.912027
2.90319
2.9042
2.90878
0
0
2.903633
2.900645
2.911425
2.897558
2.904747
2.912121
2.90035
2.901346
2.910864
2.910695
2.894059
2.90625
2.903863
2.911648
2.91094
2.900118
2.909692
2.904387
2.910164
2.907168
0
2.908381
2.906175
2.902011
2.907086
2.908262
0
0
2.902357
2.906583
2.910454
2.906136
2.906139
0
0
0
2.906213
2.903625
2.910114
2.901816
2.908291
2.91094
2.890972
2.903626
2.907741
2.916573
2.887203
2.907143
2.90335
2.914975
2.91259
2.8928
2.898543
2.906177
2.908861
2.913474
0
2.898712
2.902254
2.908526
2.907804
2.911585
0
0
2.898731
2.911982
2.906366
2.905001
2.908192
0
0
0
2.895149
2.909407
2.905353
2.912478
2.90742
0
0
0
0
2.906427
2.899281
2.915246
2.896918
2.911826
2.910358
2.899291
2.908066
2.909107
2.914627
2.896869
2.899346
2.903622
2.912867
2.918973
2.894999
2.895741
2.907648
2.906816
2.917288
0
2.894072
2.898543
2.899217
2.910253
2.911048
0
0
2.899282
2.904255
2.901083
2.911688
2.909587
0
0
0
2.9017
2.90569
2.910171
2.909341
2.90642
0
0
0
0
2.906297
2.898376
2.907965
2.908768
2.913872
0
0
0
0
0
2.905323
2.902412
2.913152
2.899927
2.907563
2.914724
2.894961
2.903841
2.912707
2.913839
2.895401
2.908896
2.90825
2.914106
2.916302
2.897532
2.905864
2.90215
2.908469
2.915674
0
2.891871
2.900019
2.898791
2.912084
2.908805
0
0
2.890768
2.898303
2.898727
2.903259
2.911697
0
0
0
2.901335
2.906016
2.902659
2.904216
2.913137
0
0
0
0
2.900946
2.908186
2.905167
2.911998
2.910967
0
0
0
0
0
2.909979
2.910384
2.89477
2.911081
2.91051
0
0
0
0
0
1.672825
2.902876
2.899143
2.911836
2.903144
2.91022
2.912026
2.904771
2.907268
2.907303
2.919268
2.902286
2.901913
2.903915
2.917436
2.915939
2.895868
2.903156
2.908691
2.91267
2.916736
0
2.895407
2.905185
2.906256
2.906493
2.91111
0
0
2.899599
2.89569
2.901475
2.904493
2.913996
0
0
0
2.881107
2.895555
2.899816
2.902527
2.905325
0
0
0
0
2.902645
2.905714
2.905038
2.905465
2.905838
0
0
0
0
0
2.903124
2.905981
2.907198
2.908433
2.913329
0
0
0
0
0
1.661796
2.897508
2.911527
2.908553
2.896993
2.912632
0
0
0
0
0
1.935018
1.672304
2.904917
2.905425
2.910142
2.902497
2.90756
2.910779
2.904133
2.909652
2.910488
2.915662
2.901697
2.912505
2.909606
2.911613
2.921312
2.898463
2.908617
2.904272
2.908875
2.919848
0
2.901177
2.90352
2.906003
2.913841
2.914868
0
0
2.903042
2.900195
2.904442
2.910698
2.908669
0
0
0
2.886476
2.906293
2.899122
2.906609
2.907593
0
0
0
0
2.898304
2.889493
2.894802
2.90462
2.904335
0
0
0
0
0
2.90478
2.906668
2.903254
2.908314
2.907117
0
0
0
0
0
1.63991
2.899672
2.908587
2.903695
2.91074
2.910337
0
0
0
0
0
1.928026
1.661272
2.894077
2.903998
2.909966
2.910828
2.898101
0
0
0
0
0
2.194663
1.934627
1.671187
2.89447
2.904789
2.912848
2.901297
2.913617
2.909573
2.900646
2.907803
2.907455
2.914415
2.899049
2.911872
2.909387
2.913988
2.917367
2.895852
2.910487
2.912077
2.91482
2.913702
0
2.895491
2.907552
2.909229
2.908357
2.911378
0
0
2.901615
2.907359
2.905137
2.910767
2.916192
0
0
0
2.900346
2.908515
2.901788
2.907997
2.91249
0
0
0
0
2.900794
2.89391
2.904823
2.904496
2.908719
0
0
0
0
0
2.901095
2.904397
2.891223
2.899286
2.906809
0
0
0
0
0
1.607667
2.894661
2.908542
2.904002
2.90621
2.909855
0
0
0
0
0
1.914286
1.639379
2.908681
2.905783
2.906579
2.9064
2.912432
0
0
0
0
0
2.189294
1.927636
1.660152
2.896745
2.899013
2.904243
2.912359
2.912162
0
0
0
0
0
2.418615
2.194404
1.933727
1.669547
2.903249
2.900845
2.901114
2.903059
2.912836
2.91414
2.902119
2.906009
2.912629
2.913465
2.901793
2.905855
2.909714
2.91124
2.916072
2.891855
2.908286
2.911684
2.91408
2.915451
0
2.901121
2.904569
2.909969
2.916555
2.917493
0
0
2.896763
2.902982
2.907965
2.912793
2.910628
0
0
0
2.893613
2.909465
2.906895
2.909911
2.913454
0
0
0
0
2.902735
2.906298
2.907918
2.906723
2.909563
0
0
0
0
0
2.895677
2.90825
2.893871
2.908612
2.907313
0
0
0
0
0
1.567101
2.898601
2.907978
2.901198
2.8958
2.901189
0
0
0
0
0
1.894132
1.607122
2.898172
2.898607
2.906756
2.906456
2.907382
0
0
0
0
0
2.178781
1.913893
1.638246
2.894265
2.910927
2.904478
2.909654
2.907513
0
0
0
0
0
2.41432
2.189036
1.926736
1.658509
2.899354
2.902092
2.89793
2.907762
2.913832
0
0
0
0
0
2.618718
2.418472
2.193722
1.932375
1.667407
2.902535
2.901325
2.910561
2.902645
2.907259
2.904034
2.902583
2.911758
2.912122
2.918613
2.889827
2.907891
2.906462
2.916757
2.915423
2.89717
2.909515
2.906006
2.915107
2.912712
0
2.892726
2.9008
2.908954
2.916356
2.916201
0
0
2.895663
2.906923
2.904656
2.913884
2.918589
0
0
0
2.902859
2.903782
2.9028
2.91246
2.914932
0
0
0
0
2.897551
2.899259
2.909177
2.911354
2.912515
0
0
0
0
0
2.90366
2.910018
2.906393
2.911938
2.908815
0
0
0
0
0
1.524569
2.896383
2.901688
2.906277
2.89901
2.910282
0
0
0
0
0
1.868745
1.56653
2.901005
2.905239
2.905742
2.903614
2.897837
0
0
0
0
0
2.163298
1.893731
1.605964
2.904976
2.903065
2.895941
2.909406
2.907725
0
0
0
0
0
2.405931
2.178522
1.912988
1.636586
2.902482
2.898769
2.908827
2.907638
2.911025
0
0
0
0
0
2.615383
2.414179
2.188357
1.925388
1.656364
2.899328
2.90369
2.899878
2.900662
2.909594
0
0
0
0
0
2.828943
2.618684
2.417982
2.192663
1.930589
2.900174
2.894038
2.91026
2.895579
2.910348
2.912996
2.900408
2.911346
2.906613
2.908199
2.90192
2.911161
2.910936
2.916544
2.920711
2.896594
2.898333
2.909191
2.910837
2.918536
0
2.899161
2.904447
2.909942
2.910215
2.917267
0
0
2.899389
2.899964
2.904407
2.913838
2.918525
0
0
0
2.901431
2.902429
2.906773
2.908787
2.915782
0
0
0
0
2.898638
2.909413
2.906024
2.90701
2.914781
0
0
0
0
0
2.903049
2.9045
2.899678
2.913862
2.913141
0
0
0
0
0
1.492176
2.894175
2.911127
2.909014
2.910538
2.913634
0
0
0
0
0
1.841968
1.523959
2.900149
2.90356
2.90291
2.909521
2.901704
0
0
0
0
0
2.143712
1.868331
1.565327
2.893203
2.906742
2.904224
2.90881
2.904416
0
0
0
0
0
2.39357
2.163036
1.892813
1.604269
2.892162
2.909163
2.902388
2.89737
2.910741
0
0
0
0
0
2.608909
2.40579
2.177841
1.911633
1.634421
2.898661
2.907539
2.899091
2.910832
2.909323
0
0
0
0
0
2.826074
2.615352
2.413694
2.187304
1.923605
2.902471
2.902479
2.901431
2.902741
2.90233
0
0
0
0
0
3.256053
2.829037
2.618383
2.417185
2.191239
2.900776
2.901106
2.906508
2.894061
2.899088
2.912276
2.900848
2.905081
2.910979
2.918528
2.888729
2.906551
2.91044
2.910984
2.91068
2.896699
2.910846
2.910328
2.915263
2.918488
0
2.897245
2.903642
2.899522
2.914275
2.913006
0
0
2.898757
2.907475
2.905756
2.914478
2.912352
0
0
0
2.90274
2.90833
2.900228
2.908863
2.916225
0
0
0
0
2.894228
2.908452
2.901553
2.910772
2.910843
0
0
0
0
0
2.900665
2.904528
2.908984
2.910538
2.908985
0
0
0
0
0
1.471055
2.898839
2.910426
2.904993
2.903858
2.915919
0
0
0
0
0
1.821205
1.491551
2.894642
2.898596
2.909894
2.913254
2.912103
0
0
0
0
0
2.12287
1.841531
1.522686
2.89998
2.905845
2.902775
2.906911
2.910775
0
0
0
0
0
2.377839
2.143441
1.867388
1.563568
2.89405
2.901016
2.906051
2.908061
2.910173
0
0
0
0
0
2.599326
2.393428
2.162348
1.891438
1.60206
2.904155
2.899403
2.906446
2.906078
2.898104
0
0
0
0
0
2.820581
2.608879
2.405307
2.176785
1.909842
2.902016
2.903561
2.905533
2.902224
2.912264
0
0
0
0
0
3.248642
2.826171
2.615057
2.412904
2.185887
2.897345
2.907173
2.899056
2.903601
2.904119
0
0
0
0
0
3.58575
3.255636
2.828966
2.617844
2.416087
2.893254
2.895888
2.907103
2.893543
2.908917
2.90581
2.891905
2.901503
2.899811
2.916942
2.889924
2.908326
2.906083
2.915336
2.921248
2.901221
2.894535
2.90718
2.914514
2.912804
0
2.896358
2.904193
2.910136
2.914479
2.917291
0
0
2.893034
2.906558
2.903701
2.904255
2.916312
0
0
0
2.892939
2.908353
2.906666
2.911242
2.91665
0
0
0
0
2.901227
2.910962
2.908702
2.904748
2.911079
0
0
0
0
0
2.900791
2.900081
2.907047
2.905571
2.912694
0
0
0
0
0
1.458748
2.902664
2.907651
2.902525
2.913178
2.912991
0
0
0
0
0
1.807379
1.470423
2.896471
2.902307
2.909688
2.909769
2.905796
0
0
0
0
0
2.106619
1.82076
1.49025
2.899632
2.901883
2.900715
2.91389
2.915061
0
0
0
0
0
2.360992
2.122582
1.840547
1.520826
2.898376
2.905536
2.904612
2.906395
2.909056
0
0
0
0
0
2.587061
2.377692
2.142734
1.865977
1.561277
2.890988
2.901761
2.90116
2.909715
2.909847
0
0
0
0
0
2.812537
2.599298
2.39294
2.161281
1.889622
2.899486
2.906382
2.899247
2.908854
2.908106
0
0
0
0
0
3.235587
2.820681
2.608586
2.404518
2.175365
2.897218
2.908257
2.902515
2.908588
2.90391
0
0
0
0
0
3.579199
3.248231
2.826107
2.614526
2.411815
2.902931
2.900518
2.905075
2.900969
2.904734
0
0
0
0
0
3.856266
3.58547
3.254509
2.828752
2.617072
2.899019
2.898044
2.898998
2.904366
2.90146
2.906874
2.898437
2.901214
2.907243
2.909542
2.900156
2.900692
2.901197
2.904482
2.919405
2.900135
2.896234
2.908748
2.910636
2.917792
0
2.903568
2.90971
2.895239
2.911849
2.91653
0
0
2.900835
2.901291
2.904196
2.914659
2.916353
0
0
0
2.897948
2.901324
2.906047
2.908233
2.906738
0
0
0
0
2.902764
2.900296
2.908287
2.910942
2.913772
0
0
0
0
0
2.894283
2.910141
2.910199
2.913425
2.907382
0
0
0
0
0
1.453094
2.894947
2.907885
2.898652
2.911006
2.907551
0
0
0
0
0
1.799202
1.458111
2.901263
2.909947
2.908583
2.905668
2.914923
0
0
0
0
0
2.095679
1.806931
1.469113
2.887735
2.906169
2.903089
2.914094
2.911916
0
0
0
0
0
2.347698
2.106324
1.819762
1.488354
2.893977
2.907768
2.900686
2.905645
2.915623
0
0
0
0
0
2.573836
2.360832
2.121845
1.839078
1.518406
2.891694
2.905907
2.904666
2.90858
2.908298
0
0
0
0
0
2.802201
2.587031
2.377193
2.141642
1.864115
2.898722
2.895725
2.901256
2.904796
2.911178
0
0
0
0
0
3.238367
2.812638
2.599006
2.392145
2.159846
2.897108
2.905303
2.903845
2.901924
2.910079
0
0
0
0
0
3.565821
3.235157
2.820621
2.608059
2.40343
2.902225
2.898999
2.906367
2.905396
2.90991
0
0
0
0
0
3.849484
3.578917
3.247115
2.825902
2.613764
2.902044
2.905709
2.899211
2.907944
2.90193
0
0
0
0
0
4.083246
3.856058
3.584579
3.252703
2.8284
2.898288
2.902859
2.896109
2.904584
2.899125
2.901949
2.909385
2.898146
2.910614
2.897343
2.905803
2.9035
2.910717
2.911495
2.899954
2.908527
2.902191
2.90516
2.906903
0
2.900377
2.907513
2.898319
2.912883
2.912885
0
0
2.896695
2.910986
2.90849
2.900922
2.914014
0
0
0
2.885531
2.907539
2.901771
2.907736
2.916703
0
0
0
0
2.897539
2.908268
2.903314
2.909899
2.910396
0
0
0
0
0
2.902606
2.910187
2.898095
2.912933
2.912687
0
0
0
0
0
1.453101
2.901022
2.901647
2.909122
2.914456
2.915669
0
0
0
0
0
1.795416
1.452456
2.895927
2.899928
2.907237
2.902789
2.912515
0
0
0
0
0
2.089138
1.798751
1.456795
2.90302
2.907256
2.909564
2.913222
2.907482
0
0
0
0
0
2.338669
2.095381
1.805928
1.467205
2.902992
2.895022
2.906377
2.907537
2.915963
0
0
0
0
0
2.563228
2.347532
2.105574
1.818274
1.485889
2.893725
2.897563
2.906723
2.904265
2.90792
0
0
0
0
0
2.79094
2.573796
2.36031
2.120709
1.837141
2.893318
2.899131
2.904694
2.908909
2.910441
0
0
0
0
0
3.201871
2.802303
2.586735
2.376382
2.140174
2.897002
2.903183
2.895905
2.904636
2.907003
0
0
0
0
0
3.545587
3.237306
2.81258
2.598478
2.39105
2.906678
2.901454
2.903599
2.906135
2.903445
0
0
0
0
0
3.83614
3.565539
3.234018
2.820422
2.607301
2.895742
2.905721
2.896983
2.90945
2.907079
0
0
0
0
0
4.076973
3.849281
3.578021
3.245329
2.825561
2.902953
2.906465
2.904997
2.901347
2.909288
0
0
0
0
0
4.283562
4.083099
3.855279
3.583128
3.250175
2.901376
2.902611
2.904125
2.905966
2.902047
2.904178
2.902936
2.902505
2.907006
2.907656
2.901088
2.912652
2.898283
2.90147
2.904166
2.907925
2.912357
0
2.896866
2.907596
2.907727
2.907013
2.907351
0
0
2.901696
2.908864
2.906643
2.902839
2.915208
0
0
0
2.900881
2.902444
2.910151
2.912567
2.903782
0
0
0
0
2.893145
2.893463
2.907514
2.905904
2.90946
0
0
0
0
0
2.897204
2.905666
2.908036
2.9071
2.91208
0
0
0
0
0
1.458755
2.900568
2.911039
2.90936
2.90018
2.915103
0
0
0
0
0
1.795434
1.452463
2.899557
2.907348
2.904023
2.913245
2.916333
0
0
0
0
0
2.086092
1.794964
1.451138
2.899992
2.900639
2.900877
2.911573
2.904974
0
0
0
0
0
2.333232
2.088838
1.797744
1.45488
2.901977
2.909712
2.908401
2.913904
2.915435
0
0
0
0
0
2.55592
2.338501
2.094628
1.804435
1.464727
2.901773
2.909734
2.895226
2.910779
2.909221
0
0
0
0
0
2.781775
2.563185
2.347001
2.104421
1.816314
2.897838
2.899658
2.89825
2.910515
2.906345
0
0
0
0
0
3.105907
2.791037
2.573483
2.359465
2.119185
2.89439
2.902466
2.899952
2.908511
2.910673
0
0
0
0
0
3.51969
3.200856
2.802244
2.5862
2.375265
2.897485
2.904306
2.900942
2.898354
2.906216
0
0
0
0
0
3.816366
3.545307
3.234985
2.812381
2.59772
2.889553
2.909246
2.902145
2.907171
2.907239
0
0
0
0
0
4.064628
3.83594
3.564642
3.232205
2.820088
2.904552
2.900949
2.905406
2.899426
2.910843
0
0
0
0
0
4.277964
4.076831
3.84851
3.576562
3.242829
2.909073
2.906607
2.907283
2.908157
2.902134
0
0
0
0
0
4.462803
4.283464
4.082417
3.85398
3.581104
2.89976
2.90598
2.901301
2.907578
2.901314
2.911153
2.900214
2.907478
2.905517
2.902702
2.906664
2.90589
2.911015
2.902463
0
2.898351
2.906494
2.898802
2.907572
2.910369
0
0
2.889056
2.903694
2.907134
2.912242
2.909379
0
0
0
2.900922
2.909182
2.908262
2.911015
2.905242
0
0
0
0
2.900903
2.908662
2.902369
2.91439
2.91441
0
0
0
0
0
2.895918
2.902189
2.89496
2.912265
2.908153
0
0
0
0
0
1.471074
2.88946
2.905242
2.904872
2.91195
2.909067
0
0
0
0
0
1.799224
1.458118
2.892487
2.907316
2.910278
2.913721
2.900605
0
0
0
0
0
2.086094
1.794981
1.451144
2.898211
2.906675
2.906781
2.908408
2.915138
0
0
0
0
0
2.330669
2.085791
1.793955
1.44922
2.902007
2.908544
2.901221
2.904096
2.913588
0
0
0
0
0
2.551438
2.333062
2.088082
1.796246
1.452394
2.903244
2.909148
2.9096
2.912983
2.915661
0
0
0
0
0
2.775327
2.555875
2.337967
2.09347
1.80247
2.902895
2.908825
2.909679
2.89944
2.913252
0
0
0
0
0
3.073007
2.781869
2.562865
2.346144
2.102875
2.892418
2.904834
2.898828
2.902877
2.912387
0
0
0
0
0
3.492363
3.106116
2.790967
2.572924
2.358305
2.898525
2.903118
2.90218
2.904579
2.910234
0
0
0
0
0
3.791164
3.519408
3.198621
2.802043
2.585433
2.892463
2.903449
2.903576
2.903998
2.899946
0
0
0
0
0
4.046309
3.816171
3.544412
3.231421
2.812048
2.903822
2.898215
2.908072
2.905143
2.908758
0
0
0
0
0
4.266479
4.06449
3.835176
3.563178
3.229675
2.89504
2.908777
2.90171
2.908502
2.900748
0
0
0
0
0
4.457276
4.277866
4.076156
3.847223
3.574525
2.90244
2.912501
2.904678
2.91108
2.909936
0
0
0
0
0
4.624743
4.462741
4.282857
4.081253
3.852153
2.897341
2.903352
2.903788
2.904511
2.909857
2.896594
2.905141
2.909416
2.903273
2.909576
0
2.902929
2.905523
2.904904
2.909724
2.912519
0
0
2.898809
2.906193
2.906445
2.90197
2.909332
0
0
0
2.892278
2.896717
2.902345
2.911438
2.914116
0
0
0
0
2.890584
2.907986
2.908796
2.912721
2.912856
0
0
0
0
0
2.891015
2.908424
2.90818
2.906585
2.916198
0
0
0
0
0
1.492198
2.895561
2.905309
2.900944
2.900744
2.914396
0
0
0
0
0
1.807407
1.470442
2.900636
2.898341
2.904803
2.909201
2.913643
0
0
0
0
0
2.089154
1.798773
1.456802
2.899377
2.900779
2.906192
2.914725
2.915671
0
0
0
0
0
2.330669
2.085793
1.793971
1.449226
2.892955
2.906192
2.90598
2.910551
2.910678
0
0
0
0
0
2.549308
2.330498
2.085033
1.792454
1.446732
2.891827
2.909827
2.908057
2.906193
2.905833
0
0
0
0
0
2.771319
2.551391
2.332525
2.086921
1.794275
2.896165
2.911137
2.910656
2.913829
2.914963
0
0
0
0
0
3.05458
2.77542
2.555553
2.337106
2.091919
2.895491
2.909389
2.907986
2.913968
2.901784
0
0
0
0
0
3.470408
3.073203
2.781795
2.562299
2.34497
2.900537
2.899513
2.904635
2.902848
2.905276
0
0
0
0
0
3.764172
3.492059
3.106273
2.790752
2.572127
2.892622
2.906928
2.902252
2.906165
2.907095
0
0
0
0
0
4.022885
3.790967
3.518509
3.195182
2.801706
2.901034
2.900904
2.901853
2.907545
2.905577
0
0
0
0
0
4.249334
4.046173
3.815411
3.54295
3.226545
2.90002
2.907769
2.899498
2.910389
2.906673
0
0
0
0
0
4.446376
4.266385
4.063821
3.833897
3.561133
2.90185
2.899708
2.905904
2.906354
2.909905
0
0
0
0
0
4.619479
4.457218
4.277257
4.075002
3.84541
2.898924
2.905607
2.910391
2.907829
2.913042
0
0
0
0
0
4.771346
4.624715
4.462185
4.281792
4.079596
2.893861
2.902815
2.902082
2.906614
2.906159
0
2.904763
2.90277
2.902532
2.912182
2.904993
0
0
2.903691
2.909891
2.902327
2.90835
2.911566
0
0
0
2.885797
2.905037
2.906105
2.91089
2.903166
0
0
0
0
2.896432
2.90253
2.897712
2.90624
2.9134
0
0
0
0
0
2.898492
2.899319
2.907157
2.913373
2.914634
0
0
0
0
0
1.524585
2.899306
2.901955
2.907374
2.91269
2.909015
0
0
0
0
0
1.821243
1.491573
2.897648
2.899459
2.907682
2.905339
2.903915
0
0
0
0
0
2.095692
1.806958
1.469131
2.899071
2.907578
2.899279
2.909583
2.911191
0
0
0
0
0
2.33323
2.088853
1.797765
1.454887
2.902303
2.906531
2.903043
2.910061
2.91678
0
0
0
0
0
2.549315
2.330498
2.085035
1.792469
1.446737
2.901829
2.900139
2.904569
2.90996
2.912215
0
0
0
0
0
2.769414
2.549261
2.32996
2.083869
1.79048
2.895073
2.898525
2.909102
2.912323
2.908778
0
0
0
0
0
3.044306
2.771411
2.551067
2.33166
2.085366
2.900248
2.903851
2.910468
2.914914
2.915738
0
0
0
0
0
3.455545
3.054773
2.775344
2.554983
2.335927
2.898876
2.902816
2.908877
2.912207
2.915755
0
0
0
0
0
3.743149
3.470101
3.073318
2.781574
2.561492
2.891548
2.905606
2.900022
2.907971
2.904927
0
0
0
0
0
3.997894
3.76396
3.491117
3.106393
2.790396
2.895308
2.898479
2.906825
2.906421
2.908174
0
0
0
0
0
4.227251
4.022748
3.790203
3.517039
3.190467
2.899842
2.907192
2.902106
2.904989
2.909554
0
0
0
0
0
4.430143
4.249243
4.045509
3.814138
3.540908
2.907128
2.904707
2.905256
2.903876
2.911972
0
0
0
0
0
4.609075
4.446322
4.265781
4.062674
3.832095
2.900809
2.906102
2.898617
2.908163
2.908766
0
0
0
0
0
4.766301
4.619454
4.456669
4.276188
4.073359
2.899081
2.904789
2.90264
2.912488
2.909176
0
0
0
0
0
4.905114
4.771348
4.624204
4.461184
4.280261
2.896748
2.899059
2.902013
2.905862
2.907685
0
0
2.904574
2.910152
2.902047
2.904747
2.913665
0
0
0
2.904614
2.910722
2.907842
2.903975
2.909782
0
0
0
0
2.88534
2.895458
2.904123
2.91035
2.912822
0
0
0
0
0
2.891634
2.901231
2.904145
2.901572
2.908068
0
0
0
0
0
1.567117
2.89981
2.905082
2.901824
2.911148
2.915341
0
0
0
0
0
1.842006
1.523976
2.901163
2.90622
2.901479
2.911175
2.914667
0
0
0
0
0
2.106641
1.820798
1.490271
2.901183
2.903337
2.898975
2.912242
2.90749
0
0
0
0
0
2.338668
2.095393
1.805955
1.467222
2.899409
2.906072
2.907261
2.904405
2.912197
0
0
0
0
0
2.551439
2.333059
2.088096
1.796267
1.452401
2.902742
2.909221
2.905212
2.906938
2.911645
0
0
0
0
0
2.769413
2.549268
2.32996
2.083871
1.790494
2.890754
2.910183
2.900754
2.908181
2.911747
0
0
0
0
0
3.039678
2.769505
2.548936
2.329094
2.082312
2.896513
2.902541
2.900058
2.913356
2.914689
0
0
0
0
0
3.447184
3.044497
2.771332
2.550495
2.330477
2.900027
2.907529
2.903835
2.914638
2.916935
0
0
0
0
0
3.728535
3.455239
3.054876
2.775119
2.554172
2.899766
2.906634
2.901959
2.913136
2.91414
0
0
0
0
0
3.977756
3.742927
3.469156
3.073361
2.781211
2.897531
2.899019
2.903981
2.904297
2.909808
0
0
0
0
0
4.203327
3.997739
3.763173
3.489584
3.106422
2.898181
2.903113
2.897836
2.910628
2.908331
0
0
0
0
0
4.40923
4.227159
4.022079
3.788924
3.514985
2.895722
2.904918
2.904326
2.906282
2.906877
0
0
0
0
0
4.593607
4.430093
4.248642
4.044366
3.812344
2.896585
2.910297
2.902629
2.907936
2.906142
0
0
0
0
0
4.756371
4.609055
4.445779
4.264719
4.061041
2.896703
2.905224
2.902915
2.902499
2.909183
0
0
0
0
0
4.900285
4.766308
4.618951
4.455678
4.274652
2.896219
2.903939
2.904027
2.905097
2.913864
0
0
0
0
0
5.028602
4.905146
4.770881
4.623263
4.459732
2.909578
2.901361
2.899369
2.905405
2.907541
0
0
0
2.901582
2.909459
2.907836
2.905989
2.905926
0
0
0
0
2.906613
2.910663
2.908998
2.911187
2.904751
0
0
0
0
0
2.890643
2.892678
2.899712
2.908191
2.912181
0
0
0
0
0
1.607693
2.897002
2.897821
2.900738
2.908114
2.903244
0
0
0
0
0
1.868783
1.566546
2.896182
2.905473
2.903744
2.905863
2.91307
0
0
0
0
0
2.122878
1.84157
1.522702
2.903855
2.907554
2.905998
2.905014
2.912857
0
0
0
0
0
2.347702
2.106345
1.819798
1.488375
2.900723
2.907917
2.904492
2.90297
2.914606
0
0
0
0
0
2.555919
2.3385
2.09464
1.804461
1.464743
2.895265
2.906392
2.906067
2.91194
2.907228
0
0
0
0
0
2.771322
2.551393
2.332522
2.086934
1.794295
2.894057
2.910514
2.90911
2.909091
2.909064
0
0
0
0
0
3.039678
2.769503
2.548942
2.329094
2.082314
2.90082
2.900018
2.909415
2.904993
2.909767
0
0
0
0
0
3.443049
3.039868
2.769424
2.548363
2.32791
2.89503
2.904612
2.903357
2.903338
2.915089
0
0
0
0
0
3.719605
3.446869
3.044593
2.771105
2.549681
2.894418
2.908368
2.90755
2.90797
2.916538
0
0
0
0
0
3.963853
3.728314
3.454297
3.0549
2.774753
2.896489
2.906773
2.906673
2.905061
2.91502
0
0
0
0
0
4.184167
3.977597
3.742122
3.46762
3.073339
2.895914
2.904733
2.899642
2.906984
2.906558
0
0
0
0
0
4.386499
4.203224
3.997037
3.76186
3.487445
2.900633
2.902577
2.903406
2.901514
2.912812
0
0
0
0
0
4.573599
4.409181
4.226557
4.020929
3.78712
2.895902
2.899197
2.903758
2.907013
2.908181
0
0
0
0
0
4.741556
4.593591
4.429554
4.247584
4.042737
2.899844
2.902322
2.908113
2.905878
2.90912
0
0
0
0
0
4.890759
4.756382
4.608559
4.444796
4.263191
2.905209
2.901173
2.903217
2.905671
2.904656
0
0
0
0
0
5.023923
4.900321
4.765849
4.618019
4.454238
2.896479
2.900194
2.90207
2.907702
2.906142
0
0
0
0
0
5.142137
5.028656
4.904718
4.769995
4.621883
2.903232
2.912293
2.899214
2.902979
2.907097
0
0
0
0
2.899717
2.906323
2.907849
2.910349
2.908091
0
0
0
0
0
2.90178
2.912279
2.90887
2.912473
2.912597
0
0
0
0
0
1.639939
2.884486
2.894493
2.891751
2.904921
2.909859
0
0
0
0
0
1.894182
1.607147
2.898759
2.904166
2.900908
2.904127
2.910003
0
0
0
0
0
2.143717
1.868368
1.565343
2.896621
2.902968
2.904096
2.908011
2.908141
0
0
0
0
0
2.360996
2.12259
1.840585
1.520842
2.897526
2.909647
2.907959
2.910587
2.906413
0
0
0
0
0
2.56324
2.347536
2.105595
1.818309
1.485909
2.892519
2.907987
2.908658
2.909441
2.905701
0
0
0
0
0
2.775337
2.555874
2.337966
2.093482
1.802495
2.900172
2.902624
2.908136
2.910473
2.913729
0
0
0
0
0
3.044307
2.771414
2.551068
2.331658
2.085379
2.892584
2.902702
2.91033
2.913345
2.910905
0
0
0
0
0
3.44305
3.039868
2.769423
2.548368
2.327909
2.892854
2.906042
2.900425
2.913788
2.907444
0
0
0
0
0
3.715388
3.442733
3.03996
2.769194
2.547548
2.894098
2.902908
2.904414
2.908335
2.905133
0
0
0
0
0
3.95536
3.719385
3.445907
3.044604
2.770734
2.899477
2.89946
2.907192
2.911569
2.910165
0
0
0
0
0
4.170906
3.963694
3.727512
3.452765
3.054851
2.897005
2.90365
2.905821
2.910304
2.906545
0
0
0
0
0
4.368216
4.18406
3.97689
3.740783
3.465477
2.894877
2.902191
2.902501
2.903808
2.908328
0
0
0
0
0
4.551797
4.386437
4.2026
3.995838
3.760013
2.899337
2.906366
2.902148
2.907491
2.90387
0
0
0
0
0
4.722369
4.573584
4.40864
4.225493
4.01929
2.893217
2.900351
2.8983
2.907552
2.908467
0
0
0
0
0
4.876577
4.741572
4.593099
4.428576
4.246059
2.899627
2.9037
2.901588
2.910725
2.907621
0
0
0
0
0
5.014707
4.8908
4.755929
4.607637
4.443366
2.90583
2.909433
2.901311
2.906701
2.906843
0
0
0
0
0
5.137611
5.023982
4.899901
4.764973
4.616651
2.906079
2.900281
2.899313
2.904895
2.909437
0
0
0
0
0
5.246958
5.142213
5.028259
4.903882
4.768681
2.903902
2.906536
2.910423
2.902003
2.904877
0
0
0
0
0
2.898177
2.902919
2.905277
2.911245
2.911638
0
0
0
0
0
1.661822
2.903753
2.906893
2.910259
2.912389
2.913941
0
0
0
0
0
1.914334
1.639407
2.898862
2.892699
2.894646
2.89525
2.90743
0
0
0
0
0
2.163304
1.893781
1.605988
2.894704
2.906532
2.903203
2.905307
2.905314
0
0
0
0
0
2.377835
2.143445
1.867425
1.563584
2.899676
2.9025
2.902023
2.907656
2.909694
0
0
0
0
0
2.573848
2.360836
2.121853
1.839115
1.518422
2.895522
2.905145
2.909064
2.912189
2.912679
0
0
0
0
0
2.781785
2.563197
2.347005
2.10444
1.816348
2.897768
2.901223
2.908062
2.91309
2.911709
0
0
0
0
0
3.05459
2.775429
2.555552
2.337105
2.091931
2.902184
2.909894
2.903532
2.91292
2.912354
0
0
0
0
0
3.447195
3.044499
2.771335
2.550496
2.330475
2.898886
2.902016
2.905872
2.915163
2.91535
0
0
0
0
0
3.71539
3.442735
3.03996
2.769193
2.547553
2.903044
2.900513
2.90657
2.905179
2.915703
0
0
0
0
0
3.951352
3.715169
3.441772
3.039965
2.76882
2.897899
2.900974
2.90401
2.908846
2.910982
0
0
0
0
0
4.162767
3.955202
3.718585
3.444346
3.044539
2.90106
2.908707
2.900322
2.911383
2.913582
0
0
0
0
0
4.355513
4.170798
3.96299
3.726178
3.450629
2.903316
2.902115
2.903463
2.909531
2.912101
0
0
0
0
0
4.534168
4.36815
4.183432
3.975685
3.738902
2.891557
2.900851
2.900929
2.906183
2.906223
0
0
0
0
0
4.701384
4.55177
4.385876
4.201507
3.994134
2.897526
2.906372
2.906202
2.906137
2.909753
0
0
0
0
0
4.858242
4.722385
4.573091
4.407657
4.223961
2.899603
2.897589
2.899167
2.900998
2.909263
0
0
0
0
0
5.000947
4.876621
4.741124
4.592181
4.427151
2.898963
2.905472
2.900895
2.90384
2.911992
0
0
0
0
0
5.128663
5.01477
4.890387
4.755062
4.60628
2.889248
2.908336
2.9077
2.904775
2.908306
0
0
0
0
0
5.242599
5.137691
5.023592
4.899075
4.763673
2.906343
2.90992
2.896643
2.902581
2.90632
0
0
0
0
0
5.343573
5.247055
5.141844
5.02746
4.90263
2.904427
2.907364
2.904503
2.91238
2.903548
0
0
0
0
0
1.67284
2.900524
2.904716
2.901946
2.907843
2.912983
0
0
0
0
0
1.92807
1.661298
2.895354
2.909738
2.904696
2.913114
2.913855
0
0
0
0
0
2.178785
1.913941
1.638274
2.896683
2.903763
2.895129
2.899117
2.897269
0
0
0
0
0
2.393576
2.163041
1.892862
1.604293
2.89373
2.898819
2.905605
2.907294
2.907809
0
0
0
0
0
2.587073
2.377688
2.142739
1.866014
1.561293
2.900406
2.90836
2.901001
2.904281
2.909458
0
0
0
0
0
2.790954
2.573808
2.360314
2.120717
1.837178
2.900522
2.902986
2.904976
2.912819
2.914017
0
0
0
0
0
3.073019
2.781879
2.562877
2.346148
2.102894
2.892523
2.904737
2.902447
2.912222
2.914942
0
0
0
0
0
3.455561
3.054783
2.775353
2.554982
2.335927
2.90252
2.91048
2.909225
2.907583
2.915069
0
0
0
0
0
3.719607
3.446879
3.044595
2.771108
2.549682
2.901062
2.908323
2.902866
2.910094
2.917398
0
0
0
0
0
3.951349
3.71517
3.441774
3.039964
2.768819
2.896532
2.910455
2.902176
2.911148
2.907466
0
0
0
0
0
4.158918
3.951194
3.714371
3.44021
3.039889
2.890681
2.904541
2.900403
2.90753
2.911106
0
0
0
0
0
4.347714
4.162659
3.9545
3.717257
3.442168
2.898063
2.909211
2.908113
2.906059
2.913033
0
0
0
0
0
4.521872
4.355448
4.170172
3.961791
3.724304
2.896565
2.908453
2.902661
2.907347
2.911306
0
0
0
0
0
4.684352
4.534137
4.367584
4.182333
3.973975
2.898413
2.898715
2.901727
2.904696
2.907683
0
0
0
0
0
4.837981
4.701388
4.551256
4.384865
4.199937
2.900449
2.905703
2.904696
2.910551
2.90785
0
0
0
0
0
4.983147
4.858284
4.721936
4.572169
4.406225
2.900011
2.906099
2.895097
2.903018
2.902178
0
0
0
0
0
5.115306
5.001015
4.876211
4.740261
4.590828
2.904629
2.904099
2.903547
2.903831
2.904563
0
0
0
0
0
5.234039
5.128748
5.014388
4.889571
4.753772
2.900721
2.89481
2.906444
2.91032
2.906368
0
0
0
0
0
5.339292
5.2427
5.13733
5.022804
4.897836
2.899701
2.908154
2.908462
2.899249
2.904648
0
0
0
0
0
5.431683
5.343686
5.246714
5.141082
5.026251
2.896527
2.907922
2.904373
2.907483
2.91385
0
0
0
0
0
1.935061
1.672319
2.908499
2.904732
2.904121
2.905487
2.908942
0
0
0
0
0
2.189292
1.927679
1.660178
2.900218
2.900111
2.907306
2.907578
2.9145
0
0
0
0
0
2.405945
2.178527
1.913036
1.636613
2.894809
2.902135
2.903289
2.899595
2.901418
0
0
0
0
0
2.599333
2.393434
2.162353
1.891486
1.602084
2.893193
2.901705
2.897179
2.909204
2.90903
0
0
0
0
0
2.802218
2.587043
2.37719
2.141647
1.864152
2.885266
2.908713
2.906782
2.903283
2.905294
0
0
0
0
0
3.105928
2.791051
2.573495
2.359469
2.119193
2.902465
2.909101
2.902224
2.909103
2.91474
0
0
0
0
0
3.47042
3.073215
2.781805
2.56231
2.344973
2.903427
2.899057
2.903041
2.906126
2.914152
0
0
0
0
0
3.728535
3.455255
3.054886
2.775128
2.554172
2.891351
2.911024
2.909693
2.913656
2.909871
0
0
0
0
0
3.955358
3.719386
3.445918
3.044606
2.770737
2.89296
2.909641
2.908932
2.907042
2.912343
0
0
0
0
0
4.158923
3.951191
3.714372
3.440212
3.039889
2.895356
2.90375
2.909774
2.906234
2.913266
0
0
0
0
0
4.344101
4.158811
3.950492
3.713044
3.438033
2.902455
2.896818
2.9053
2.904516
2.909095
0
0
0
0
0
4.514282
4.347648
4.162035
3.953304
3.715389
2.895294
2.905729
2.908909
2.912541
2.90888
0
0
0
0
0
4.67248
4.52184
4.354882
4.169078
3.960089
2.899738
2.903053
2.90873
2.907062
2.909598
0
0
0
0
0
4.82144
4.684352
4.533619
4.366567
4.180757
2.898006
2.907108
2.901603
2.906984
2.906572
0
0
0
0
0
4.963397
4.838012
4.700919
4.550307
4.383396
2.894923
2.906984
2.904302
2.908569
2.912288
0
0
0
0
0
5.097958
4.983213
4.857869
4.72107
4.570812
2.897116
2.905979
2.905489
2.89843
2.904731
0
0
0
0
0
5.22105
5.115396
5.000637
4.875399
4.738976
2.892922
2.907707
2.901601
2.906992
2.905247
0
0
0
0
0
5.330833
5.234143
5.128394
5.013608
4.888342
2.901997
2.905949
2.893288
2.909376
2.911871
0
0
0
0
0
5.427518
5.33941
5.242366
5.136577
5.021608
2.90333
2.903294
2.905259
2.911006
2.900667
0
0
0
0
0
5.510614
5.431814
5.343366
5.245986
5.139914
2.901627
2.900643
2.905462
2.90685
2.909237
0
0
0
0
0
2.19466
1.93467
1.671202
2.903314
2.913266
2.903129
2.907592
2.907278
0
0
0
0
0
2.414336
2.189034
1.92678
1.658534
2.903879
2.906022
2.897888
2.910463
2.908631
0
0
0
0
0
2.608916
2.405804
2.177846
1.91168
1.634447
2.903044
2.897413
2.901715
2.907609
2.901853
0
0
0
0
0
2.812556
2.599305
2.392946
2.161286
1.889669
2.897473
2.898645
2.90124
2.900597
2.910846
0
0
0
0
0
3.20189
2.80232
2.586746
2.376379
2.140179
2.902886
2.892706
2.907738
2.910776
2.904752
0
0
0
0
0
3.492382
3.106136
2.790981
2.572936
2.358309
2.903316
2.91075
2.908496
2.906391
2.911039
0
0
0
0
0
3.743157
3.470113
3.073329
2.781584
2.561503
2.893631
2.911242
2.900841
2.90718
2.907927
0
0
0
0
0
3.963846
3.728314
3.454312
3.054909
2.774761
2.901163
2.898522
2.910349
2.914118
2.915732
0
0
0
0
0
4.162765
3.9552
3.718587
3.444356
3.044541
2.894432
2.898764
2.909059
2.913631
2.90924
0
0
0
0
0
4.344095
4.158815
3.950489
3.713046
3.438035
2.901442
2.904385
2.902116
2.913869
2.908329
0
0
0
0
0
4.510668
4.344033
4.158186
3.949297
3.71118
2.897767
2.909625
2.899289
2.909698
2.907153
0
0
0
0
0
4.66529
4.51425
4.347084
4.160943
3.951606
2.898175
2.901621
2.905828
2.913582
2.914489
0
0
0
0
0
4.809805
4.672479
4.521323
4.353868
4.167507
2.898722
2.907568
2.901471
2.913099
2.909467
0
0
0
0
0
4.94723
4.821466
4.683878
4.532663
4.365091
2.897858
2.903159
2.90614
2.905893
2.9097
0
0
0
0
0
5.078676
4.963451
4.837576
4.700026
4.548912
2.893536
2.899847
2.905679
2.908382
2.909989
0
0
0
0
0
5.204044
5.098047
4.982829
4.857046
4.71978
2.902047
2.901937
2.904285
2.908895
2.900257
0
0
0
0
0
5.318155
5.221158
5.115046
4.999863
4.874174
2.904867
2.897383
2.905829
2.904313
2.908584
0
0
0
0
0
5.419277
5.330956
5.233811
5.127651
5.012423
2.900324
2.907265
2.9039
2.896489
2.910776
0
0
0
0
0
5.50662
5.427653
5.339097
5.241646
5.135422
2.895304
2.909667
2.901694
2.906532
2.91246
0
0
0
0
0
5.579472
5.510762
5.431514
5.342661
5.244859
2.903324
2.906317
2.899985
2.90776
2.908207
0
0
0
0
0
2.418617
2.1944
1.933769
1.669563
2.90371
2.909146
2.911902
2.906096
2.909362
0
0
0
0
0
2.615393
2.414195
2.188355
1.925431
1.656389
2.908021
2.906797
2.904866
2.900702
2.911704
0
0
0
0
0
2.820599
2.608886
2.40532
2.17679
1.909888
2.89257
2.908176
2.895674
2.905267
2.909399
0
0
0
0
0
3.238397
2.812658
2.599013
2.392151
2.159851
2.896468
2.904328
2.896834
2.905691
2.902145
0
0
0
0
0
3.519709
3.200875
2.802261
2.586211
2.375263
2.892501
2.909138
2.894916
2.911757
2.912617
0
0
0
0
0
3.764184
3.492078
3.106293
2.790765
2.572138
2.900825
2.91158
2.909993
2.912903
2.908338
0
0
0
0
0
3.977754
3.742935
3.469168
3.073372
2.781221
2.900357
2.90057
2.909922
2.905384
2.909221
0
0
0
0
0
4.170889
3.963688
3.727512
3.45278
3.054861
2.89918
2.908608
2.900379
2.914673
2.916059
0
0
0
0
0
4.347705
4.162658
3.954498
3.717258
3.442177
2.894746
2.900919
2.899119
2.913282
2.915783
0
0
0
0
0
4.510675
4.344027
4.15819
3.949294
3.711182
2.894487
2.909486
2.905268
2.905271
2.915814
0
0
0
0
0
4.661835
4.510636
4.343465
4.157095
3.9476
2.894517
2.905578
2.908477
2.903283
2.912133
0
0
0
0
0
4.802597
4.665286
4.513733
4.346071
4.159377
2.893858
2.902097
2.903569
2.910232
2.915537
0
0
0
0
0
4.935818
4.809831
4.672005
4.520369
4.352397
2.898761
2.907259
2.906782
2.905098
2.914919
0
0
0
0
0
5.062854
4.94728
4.821025
4.68298
4.531262
2.894671
2.901424
2.90114
2.910296
2.907982
0
0
0
0
0
5.185181
5.078753
4.963047
4.836725
4.6987
2.889559
2.898488
2.899367
2.909649
2.910148
0
0
0
0
0
5.301657
5.204153
5.097692
4.982043
4.855805
2.898942
2.905905
2.899862
2.908015
2.910655
0
0
0
0
0
5.406926
5.318283
5.220831
5.114306
4.998682
2.899901
2.906791
2.897056
2.908396
2.905452
0
0
0
0
0
5.498756
5.419417
5.33065
5.233094
5.126507
2.902448
2.904226
2.904759
2.907166
2.898143
0
0
0
0
0
5.575612
5.506772
5.427361
5.338402
5.24053
2.90831
2.900011
2.907879
2.904584
2.907496
0
0
0
0
0
5.638836
5.579637
5.510487
5.430835
5.341562
2.905833
2.906733
2.904381
2.903572
2.908856
0
0
0
0
0
2.618725
2.418473
2.193718
1.932418
1.667424
2.903078
2.907911
2.90796
2.913988
2.907435
0
0
0
0
0
2.826081
2.615362
2.41371
2.187302
1.923648
2.893022
2.911125
2.903691
2.907956
2.90192
0
0
0
0
0
3.23561
2.820699
2.608594
2.404531
2.175369
2.897092
2.896638
2.905679
2.898692
2.907147
0
0
0
0
0
3.545622
3.237336
2.812599
2.598485
2.391055
2.893056
2.903353
2.903799
2.899968
2.907991
0
0
0
0
0
3.791177
3.519427
3.19864
2.80206
2.585444
2.901504
2.900919
2.908067
2.899429
2.913548
0
0
0
0
0
3.997891
3.763973
3.491136
3.106412
2.790409
2.89757
2.906996
2.91082
2.914407
2.914919
0
0
0
0
0
4.184158
3.977594
3.74213
3.467632
3.07335
2.897055
2.907158
2.900391
2.91392
2.907904
0
0
0
0
0
4.355509
4.170781
3.962985
3.726179
3.450644
2.89605
2.906608
2.907673
2.904352
2.916647
0
0
0
0
0
4.514288
4.347639
4.162033
3.953302
3.715391
2.891862
2.900929
2.900283
2.90337
2.915313
0
0
0
0
0
4.661839
4.510643
4.34346
4.157099
3.947598
2.90178
2.900504
2.908378
2.909576
2.90677
0
0
0
0
0
4.799139
4.66183
4.510119
4.342447
4.15553
2.897471
2.902077
2.906211
2.912586
2.905619
0
0
0
0
0
4.928713
4.802622
4.664806
4.512781
4.344602
2.896756
2.901853
2.902477
2.906848
2.912399
0
0
0
0
0
5.051648
4.935867
4.809391
4.671107
4.518972
2.894618
2.902742
2.906827
2.911306
2.906729
0
0
0
0
0
5.169796
5.062926
4.94687
4.820167
4.681648
2.894655
2.900009
2.9017
2.904406
2.91226
0
0
0
0
0
5.283191
5.185279
5.078379
4.962235
4.835449
2.891072
2.89674
2.898319
2.903503
2.911263
0
0
0
0
0
5.390809
5.301784
5.203824
5.096943
4.980847
2.897925
2.905681
2.903875
2.903276
2.909557
0
0
0
0
0
5.486782
5.407071
5.317982
5.220118
5.113167
2.89904
2.906286
2.904282
2.900544
2.909755
0
0
0
0
0
5.567969
5.498911
5.419133
5.329964
5.23198
2.899634
2.909268
2.904216
2.907195
2.908603
0
0
0
0
0
5.635158
5.575782
5.506503
5.426691
5.337315
2.906807
2.912938
2.899906
2.910513
2.90623
0
0
0
0
0
5.68518
5.639016
5.579387
5.509838
5.429766
2.904102
2.910073
2.90426
2.907588
2.905453
0
0
0
0
0
2.828944
2.618691
2.417984
2.19266
1.930631
2.906797
2.907103
2.906868
2.911744
2.9154
0
0
0
0
0
3.248657
2.826178
2.615066
2.412919
2.185885
2.902652
2.897651
2.908459
2.906041
2.909181
0
0
0
0
0
3.565863
3.235181
2.820639
2.608066
2.403442
2.898674
2.901892
2.895129
2.908701
2.899854
0
0
0
0
0
3.816407
3.545341
3.235014
2.8124
2.597728
2.892367
2.899085
2.903469
2.908285
2.901948
0
0
0
0
0
4.022871
3.79098
3.518528
3.195201
2.801722
2.90154
2.907157
2.903039
2.911972
2.901873
0
0
0
0
0
4.203303
3.997736
3.763186
3.489602
3.10644
2.901677
2.90306
2.906677
2.9151
2.916321
0
0
0
0
0
4.368214
4.18405
3.976887
3.740791
3.465489
2.898309
2.904559
2.906489
2.904763
2.915673
0
0
0
0
0
4.521887
4.355443
4.170156
3.961786
3.724305
2.897334
2.904222
2.906973
2.911878
2.906408
0
0
0
0
0
4.665299
4.514256
4.347075
4.160941
3.951604
2.900987
2.896843
2.902122
2.904378
2.905974
0
0
0
0
0
4.799134
4.661833
4.510126
4.342442
4.155533
2.893019
2.909227
2.902271
2.912455
2.91199
0
0
0
0
0
4.925307
4.799164
4.661349
4.509168
4.340972
2.894372
2.907204
2.903327
2.910913
2.914308
0
0
0
0
0
5.044633
4.928762
4.802181
4.663899
4.511385
2.898573
2.90392
2.902303
2.906657
2.908899
0
0
0
0
0
5.158788
5.051719
4.935457
4.808535
4.669776
2.901449
2.899375
2.90145
2.911148
2.913175
0
0
0
0
0
5.267968
5.169886
5.062546
4.946051
4.818884
2.902604
2.900942
2.899584
2.905886
2.905634
0
0
0
0
0
5.37274
5.283306
5.184932
5.077604
4.961005
2.897524
2.894824
2.896973
2.902435
2.905238
0
0
0
0
0
5.471015
5.390953
5.301477
5.203107
5.09579
2.896319
2.904864
2.904138
2.907108
2.904411
0
0
0
0
0
5.556454
5.486943
5.406791
5.317301
5.219008
2.903173
2.90379
2.903675
2.906166
2.902249
0
0
0
0
0
5.627882
5.568144
5.498646
5.418473
5.328888
2.898587
2.903773
2.907531
2.907944
2.908368
0
0
0
0
0
5.681779
5.635343
5.575539
5.505862
5.425634
2.901159
2.910576
2.910711
2.903143
2.912099
0
0
0
0
0
5.719632
5.685383
5.638789
5.57877
5.508805
2.897895
2.906726
2.908508
2.906482
2.908906
0
0
0
0
0
3.256056
2.829038
2.61839
2.417188
2.191236
2.899707
2.913309
2.904364
2.909588
2.913388
0
0
0
0
0
3.57923
3.248246
2.826114
2.614535
2.411829
2.904909
2.908051
2.897767
2.910708
2.907027
0
0
0
0
0
3.836173
3.56558
3.234042
2.820439
2.607308
2.896711
2.904487
2.898479
2.89887
2.910018
0
0
0
0
0
4.046299
3.81621
3.544446
3.23145
2.812066
2.901869
2.896949
2.901123
2.907829
2.910248
0
0
0
0
0
4.227225
4.022735
3.790217
3.517058
3.190485
2.897242
2.90845
2.906959
2.906712
2.913648
0
0
0
0
0
4.386501
4.2032
3.997034
3.761873
3.487463
2.900278
2.909545
2.903356
2.910649
2.917162
0
0
0
0
0
4.534192
4.368148
4.183422
3.975683
3.738909
2.894908
2.906962
2.90476
2.910618
2.906762
0
0
0
0
0
4.672502
4.521855
4.354878
4.169062
3.960084
2.895214
2.905617
2.904547
2.911389
2.913639
0
0
0
0
0
4.802597
4.665295
4.513739
4.346063
4.159375
2.89008
2.908512
2.896776
2.906158
2.906252
0
0
0
0
0
4.925293
4.799158
4.661352
4.509174
4.340967
2.901495
2.898437
2.908688
2.90605
2.914248
0
0
0
0
0
5.041262
4.925355
4.798723
4.66044
4.507773
2.899171
2.899557
2.906193
2.907587
2.91335
0
0
0
0
0
5.151884
5.044704
4.928353
4.801325
4.662557
2.900026
2.905132
2.903644
2.906983
2.908962
0
0
0
0
0
5.257182
5.158877
5.051338
4.93464
4.807254
2.895085
2.909006
2.901049
2.904707
2.913416
0
0
0
0
0
5.357796
5.268078
5.169528
5.061764
4.944813
2.901465
2.909459
2.901888
2.904229
2.908216
0
0
0
0
0
5.453365
5.372873
5.282981
5.18419
5.076418
2.891298
2.902617
2.895712
2.90188
2.90415
0
0
0
0
0
5.541298
5.471177
5.390669
5.300786
5.201992
2.89264
2.902224
2.903848
2.908039
2.908495
0
0
0
0
0
5.616914
5.556634
5.486683
5.406136
5.31623
2.900422
2.908374
2.901433
2.906707
2.907239
0
0
0
0
0
5.675042
5.628073
5.567909
5.49801
5.417427
2.90906
2.903977
2.902484
2.910772
2.910064
0
0
0
0
0
5.716546
5.681986
5.635123
5.574932
5.50484
2.900655
2.903642
2.909295
2.91261
2.905261
0
0
0
0
0
5.757046
5.719864
5.685193
5.638202
5.577777
2.902255
2.900998
2.903853
2.911135
2.907612
0
0
0
0
0
3.585767
3.25564
2.828968
2.617851
2.41609
2.910546
2.902646
2.911258
2.906884
2.910948
0
0
0
0
0
3.849523
3.578947
3.247131
2.82591
2.613773
2.904258
2.909856
2.905916
2.900367
2.911969
0
0
0
0
0
4.064633
3.835974
3.564682
3.232228
2.820104
2.898344
2.900989
2.903324
2.901084
2.900596
0
0
0
0
0
4.249323
4.046164
3.81545
3.542983
3.226572
2.899179
2.907661
2.895503
2.906795
2.909619
0
0
0
0
0
4.409237
4.227135
4.022067
3.788938
3.515004
2.895249
2.903279
2.907094
2.911243
2.90833
0
0
0
0
0
4.551823
4.386439
4.202577
3.995835
3.760025
2.900877
2.906519
2.907943
2.908062
2.912316
0
0
0
0
0
4.684379
4.53416
4.367582
4.182324
3.973973
2.895164
2.903944
2.906901
2.908789
2.912207
0
0
0
0
0
4.809813
4.672501
4.521338
4.353864
4.167493
2.900742
2.900335
2.905308
2.909454
2.913529
0
0
0
0
0
4.928704
4.802621
4.664814
4.512787
4.344594
2.895788
2.899945
2.907646
2.900755
2.908405
0
0
0
0
0
5.041262
4.925341
4.798718
4.660443
4.507779
2.896189
2.909281
2.898653
2.913255
2.907989
0
0
0
0
0
5.148566
5.041333
4.924946
4.797868
4.659097
2.888737
2.909198
2.901562
2.910598
2.909836
0
0
0
0
0
5.250445
5.151973
5.044324
4.927535
4.800044
2.891133
2.909293
2.905857
2.908353
2.909357
0
0
0
0
0
5.347103
5.257289
5.158519
5.050556
4.933404
2.902075
2.902802
2.908129
2.904684
2.906269
0
0
0
0
0
5.438753
5.357923
5.267747
5.168771
5.060568
2.88713
2.908219
2.907988
2.905986
2.906404
0
0
0
0
0
5.524357
5.453516
5.37257
5.282265
5.183043
2.897474
2.897479
2.902164
2.899205
2.904443
0
0
0
0
0
5.602377
5.54148
5.470916
5.390005
5.299701
2.887255
2.898413
2.899838
2.907387
2.909751
0
0
0
0
0
5.664857
5.61711
5.556404
5.486052
5.405095
2.900712
2.906887
2.905502
2.904668
2.907963
0
0
0
0
0
5.710447
5.675255
5.62786
5.567311
5.496991
2.901957
2.912511
2.904462
2.905845
2.912515
0
0
0
0
0
5.754106
5.716784
5.681803
5.634546
5.57395
2.901329
2.900209
2.900685
2.912127
2.914052
0
0
0
0
0
5.79194
5.757287
5.71973
5.684658
5.637246
2.901807
2.906669
2.899258
2.906269
2.912607
0
0
0
0
0
3.856292
3.585486
3.254512
2.828754
2.61708
2.900434
2.913312
2.899047
2.913576
2.907922
0
0
0
0
0
4.07698
3.849319
3.578051
3.245345
2.825569
2.898589
2.910486
2.907378
2.909314
2.901692
0
0
0
0
0
4.26648
4.064494
3.835209
3.563217
3.229697
2.896511
2.903592
2.900101
2.906897
2.901728
0
0
0
0
0
4.430153
4.249232
4.045499
3.814176
3.54094
2.889147
2.906834
2.905583
2.899084
2.909643
0
0
0
0
0
4.573629
4.409187
4.226533
4.020918
3.787135
2.894879
2.900651
2.902122
2.910912
2.912966
0
0
0
0
0
4.701417
4.551795
4.385878
4.201485
3.994131
2.893549
2.908675
2.906379
2.911712
2.910339
0
0
0
0
0
4.821446
4.684379
4.533641
4.366565
4.180747
2.897045
2.902062
2.90412
2.911296
2.910853
0
0
0
0
0
4.935818
4.809839
4.672026
4.520384
4.352393
2.898107
2.908197
2.899355
2.909779
2.911832
0
0
0
0
0
5.044639
4.928753
4.802181
4.663908
4.511391
2.893083
2.902179
2.899393
2.911994
2.902805
0
0
0
0
0
5.14856
5.041333
4.924933
4.797863
4.6591
2.901719
2.903113
2.908206
2.90315
2.915183
0
0
0
0
0
5.247185
5.148654
5.040954
4.924129
4.796588
2.901626
2.895281
2.909111
2.904759
2.912679
0
0
0
0
0
5.340427
5.250551
5.151615
5.043543
4.9263
2.896059
2.899556
2.909269
2.911137
2.910343
0
0
0
0
0
5.428319
5.347229
5.256955
5.157763
5.049362
2.898681
2.909986
2.903004
2.91244
2.906966
0
0
0
0
0
5.510207
5.438898
5.357613
5.267023
5.167605
2.896628
2.895826
2.907244
2.911925
2.908281
0
0
0
0
0
5.585968
5.524526
5.453238
5.371881
5.281148
2.896182
2.907132
2.899045
2.906413
2.901093
0
0
0
0
0
5.651348
5.602575
5.541249
5.470283
5.388951
2.889284
2.893049
2.896848
2.902452
2.908776
0
0
0
0
0
5.70117
5.665075
5.616902
5.555813
5.485038
2.902907
2.908293
2.904752
2.908054
2.90584
0
0
0
0
0
5.748276
5.71069
5.67508
5.627293
5.566341
2.910561
2.906421
2.91139
2.907174
2.907567
0
0
0
0
0
5.789104
5.754351
5.716657
5.681278
5.633601
2.906981
2.90473
2.897286
2.902263
2.913631
0
0
0
0
0
5.823851
5.792189
5.757164
5.719275
5.683768
2.907278
2.907095
2.905998
2.902912
2.907808
0
0
0
0
0
4.083247
3.856084
3.584596
3.252707
2.828402
2.909153
2.905107
2.911016
2.901532
2.915014
0
0
0
0
0
4.277964
4.076837
3.848548
3.576591
3.242844
2.903929
2.902716
2.908127
2.910218
2.910607
0
0
0
0
0
4.44638
4.266385
4.063826
3.83393
3.561171
2.899365
2.902154
2.900454
2.903332
2.908319
0
0
0
0
0
4.593632
4.430104
4.248632
4.044357
3.81238
2.898812
2.895981
2.904595
2.909001
2.901242
0
0
0
0
0
4.722409
4.573614
4.408646
4.22547
4.019279
2.899972
2.90151
2.899949
2.905648
2.912538
0
0
0
0
0
4.838002
4.701421
4.551281
4.384867
4.199916
2.893924
2.900149
2.907574
2.910636
2.91335
0
0
0
0
0
4.947231
4.821472
4.683905
4.532685
4.365089
2.891988
2.90582
2.904054
2.908403
2.913327
0
0
0
0
0
5.051653
4.935867
4.809398
4.671127
4.518986
2.900341
2.906521
2.907192
2.902973
2.911897
0
0
0
0
0
5.151884
5.04471
4.928344
4.801325
4.662566
2.899036
2.902925
2.904374
2.903018
2.91385
0
0
0
0
0
5.247188
5.148649
5.040954
4.924117
4.796584
2.903005
2.908276
2.902515
2.911893
2.905493
0
0
0
0
0
5.337293
5.247291
5.148297
5.040174
4.922894
2.897801
2.908989
2.8965
2.913806
2.906715
0
0
0
0
0
5.421801
5.340552
5.250215
5.150859
5.042351
2.895884
2.903181
2.900273
2.914069
2.913686
0
0
0
0
0
5.499999
5.428461
5.346919
5.256229
5.156598
2.894559
2.904684
2.909234
2.906966
2.91425
0
0
0
0
0
5.572258
5.51037
5.438613
5.356914
5.265895
2.898267
2.903484
2.894826
2.911121
2.913626
0
0
0
0
0
5.636005
5.586154
5.524275
5.452581
5.370795
2.890899
2.903597
2.90506
2.902134
2.908594
0
0
0
0
0
5.68877
5.651568
5.602367
5.540655
5.469265
2.889803
2.892481
2.890467
2.899468
2.903251
0
0
0
0
0
5.739398
5.701419
5.664906
5.61634
5.554849
2.899313
2.907498
2.905338
2.90806
2.909363
0
0
0
0
0
5.783462
5.748527
5.710571
5.674565
5.626359
2.906512
2.912643
2.90502
2.913957
2.908571
0
0
0
0
0
5.821093
5.789356
5.754235
5.716212
5.680401
2.904142
2.908456
2.903651
2.898744
2.90336
0
0
0
0
0
5.852914
5.824106
5.792076
5.756723
5.71849
2.903237
2.911362
2.905394
2.909168
2.904799
0
0
0
0
0
4.283556
4.0831
3.855305
3.583145
3.25018
2.904158
2.912585
2.903043
2.913119
2.902509
0
0
0
0
0
4.45728
4.277866
4.076163
3.84726
3.574554
2.902647
2.90896
2.899208
2.911066
2.911449
0
0
0
0
0
4.609111
4.446326
4.265781
4.062678
3.832128
2.888486
2.905859
2.900613
2.903182
2.904996
0
0
0
0
0
4.7416
4.593617
4.429564
4.247573
4.042729
2.896927
2.904431
2.897848
2.908011
2.910353
0
0
0
0
0
4.85827
4.722425
4.573121
4.407663
4.223939
2.896594
2.906109
2.902436
2.903789
2.907502
0
0
0
0
0
4.963405
4.838032
4.700952
4.550331
4.383398
2.899903
2.89924
2.900196
2.911198
2.912481
0
0
0
0
0
5.06286
4.947281
4.821031
4.683005
4.531284
2.899969
2.900285
2.906489
2.908226
2.910556
0
0
0
0
0
5.158789
5.051724
4.935458
4.808542
4.669796
2.896032
2.908839
2.906308
2.911324
2.904972
0
0
0
0
0
5.250451
5.151973
5.04433
4.927527
4.800044
2.897833
2.907158
2.90103
2.907595
2.905175
0
0
0
0
0
5.337292
5.247294
5.148292
5.040175
4.922884
2.896437
2.908998
2.908161
2.906564
2.913681
0
0
0
0
0
5.418652
5.337415
5.246955
5.147542
5.038984
2.894497
2.907286
2.9084
2.900506
2.915987
0
0
0
0
0
5.493539
5.421941
5.340241
5.249486
5.149696
2.893792
2.904335
2.906186
2.904419
2.916269
0
0
0
0
0
5.562337
5.500161
5.428174
5.346222
5.255099
2.894261
2.902175
2.90291
2.913541
2.909241
0
0
0
0
0
5.623095
5.572439
5.510111
5.437946
5.355817
2.895229
2.904866
2.903152
2.898067
2.912975
0
0
0
0
0
5.67456
5.636214
5.585931
5.523652
5.451533
2.896936
2.898875
2.904716
2.908663
2.903575
0
0
0
0
0
5.727477
5.689022
5.651398
5.601803
5.539686
2.899103
2.896687
2.89049
2.893525
2.90065
0
0
0
0
0
5.774848
5.739655
5.701307
5.664398
5.615411
2.902011
2.902605
2.905401
2.908032
2.909406
0
0
0
0
0
5.81561
5.783721
5.74842
5.710135
5.6737
2.898111
2.911383
2.911219
2.907954
2.915474
0
0
0
0
0
5.850227
5.821352
5.78925
5.753804
5.715439
2.903153
2.911114
2.905561
2.906062
2.899569
0
0
0
0
0
5.879372
5.853176
5.824003
5.791648
5.755955
2.90249
2.908545
2.909324
2.908626
2.910565
0
0
0
0
0
4.46282
4.283458
4.082418
3.854007
3.581122
2.900124
2.908949
2.910437
2.905692
2.914407
0
0
0
0
0
4.619523
4.457222
4.277256
4.075008
3.845446
2.903082
2.90714
2.906396
2.901359
2.912393
0
0
0
0
0
4.756411
4.609092
4.445783
4.264719
4.061044
2.891574
2.892899
2.905085
2.903365
2.903864
0
0
0
0
0
4.876609
4.741616
4.593125
4.428586
4.246048
2.899942
2.902953
2.903208
2.902678
2.909485
0
0
0
0
0
4.983162
4.858312
4.721975
4.572199
4.406231
2.901928
2.901561
2.90518
2.906805
2.905484
0
0
0
0
0
5.078679
4.963459
4.837596
4.700058
4.548936
2.892787
2.908621
2.900198
2.90429
2.913166
0
0
0
0
0
5.169809
5.062932
4.946872
4.820174
4.681673
2.894356
2.907267
2.900768
2.910809
2.910468
0
0
0
0
0
5.257184
5.158879
5.051344
4.93464
4.807261
2.89627
2.902643
2.907623
2.910974
2.913144
0
0
0
0
0
5.340421
5.250557
5.151615
5.043549
4.926293
2.90157
2.904538
2.907214
2.904543
2.909064
0
0
0
0
0
5.41865
5.337415
5.246958
5.147537
5.038984
2.895661
2.903221
2.908613
2.912379
2.908562
0
0
0
0
0
5.490444
5.418793
5.3371
5.246226
5.14638
2.898857
2.901244
2.907083
2.912509
2.90249
0
0
0
0
0
5.556039
5.4937
5.421651
5.339542
5.248352
2.895273
2.901362
2.90433
2.911176
2.906865
0
0
0
0
0
5.613694
5.562517
5.499901
5.427506
5.345127
2.895887
2.899807
2.902396
2.906899
2.915338
0
0
0
0
0
5.662483
5.623297
5.572207
5.509478
5.436887
2.898123
2.901189
2.90404
2.907106
2.899909
0
0
0
0
0
5.713756
5.674803
5.636027
5.585344
5.522646
2.892263
2.903218
2.899431
2.908654
2.910187
0
0
0
0
0
5.763259
5.727738
5.688912
5.650886
5.60087
2.890072
2.905681
2.897217
2.893529
2.895062
0
0
0
0
0
5.80723
5.775114
5.739555
5.700879
5.663539
2.899436
2.905787
2.900716
2.908397
2.909255
0
0
0
0
0
5.84491
5.815876
5.783624
5.747999
5.709374
2.903135
2.90189
2.909304
2.913112
2.909481
0
0
0
0
0
5.876762
5.850493
5.821256
5.788832
5.753048
2.906912
2.91016
2.907039
2.907716
0
0
0
0
0
5.903572
5.879639
5.853081
5.823587
5.790897
2.901407
2.90731
2.907125
2.911326
2.910322
0
0
0
0
0
4.624795
4.462758
4.28285
4.081254
3.852179
2.89971
2.904838
2.906042
2.912328
2.907266
0
0
0
0
0
4.766362
4.619498
4.456673
4.276188
4.073365
2.899766
2.90791
2.904143
2.909047
2.902518
0
0
0
0
0
4.890805
4.756423
4.608595
4.4448
4.26319
2.898168
2.896376
2.890668
2.908309
2.904269
0
0
0
0
0
5.00097
4.876653
4.741167
4.592206
4.42716
2.899788
2.906863
2.901398
2.906306
2.904973
0
0
0
0
0
5.097968
4.983228
4.857897
4.721109
4.57084
2.901022
2.909482
2.901079
2.909119
2.908951
0
0
0
0
0
5.185202
5.078757
4.963055
4.836745
4.698732
2.894484
2.89793
2.90777
2.903886
2.906703
0
0
0
0
0
5.267976
5.1699
5.062552
4.946053
4.818891
2.897477
2.902996
2.905963
2.905046
2.912855
0
0
0
0
0
5.347106
5.257292
5.158521
5.050561
4.933405
2.896433
2.901721
2.90142
2.911681
2.913172
0
0
0
0
0
5.421805
5.340546
5.250221
5.15086
5.042357
2.901439
2.909559
2.903246
2.911275
2.906359
0
0
0
0
0
5.49044
5.41879
5.3371
5.246229
5.146376
2.896321
2.902984
2.902311
2.913068
2.914302
0
0
0
0
0
5.553001
5.490604
5.418501
5.336397
5.245093
2.892066
2.906525
2.898856
2.91147
2.914395
0
0
0
0
0
5.607669
5.556218
5.49344
5.420979
5.338446
2.899495
2.903467
2.902363
2.908153
2.913795
0
0
0
0
0
5.653646
5.613894
5.562284
5.499267
5.426444
2.901711
2.904566
2.899623
2.906442
2.908417
0
0
0
0
0
5.702034
5.66272
5.623101
5.571611
5.508459
2.891154
2.906138
2.900004
2.907723
2.908876
0
0
0
0
0
5.749865
5.714007
5.674678
5.635491
5.584383
2.89179
2.90028
2.902412
2.903456
2.910383
0
0
0
0
0
5.795922
5.763527
5.727639
5.688484
5.650021
2.895886
2.896793
2.903854
2.9003
2.894984
0
0
0
0
0
5.836757
5.807503
5.775024
5.739142
5.700127
2.896645
2.905648
2.903501
2.903628
2.909682
0
0
0
0
0
5.871585
5.845182
5.815789
5.783216
5.747255
2.909571
2.899194
2.911902
2.914451
0
0
0
0
0
5.901023
5.877033
5.850405
5.820849
5.788092
2.905638
2.912627
2.907877
0
0
0
0
0
5.925717
5.903844
5.879552
5.852676
5.82285
2.897349
2.907905
2.905208
2.910308
2.912686
0
0
0
0
0
4.771397
4.624767
4.462201
4.281785
4.079598
2.898195
2.905327
2.902744
2.908799
2.913598
0
0
0
0
0
4.900337
4.766369
4.618995
4.455683
4.274651
2.898637
2.905082
2.904997
2.906627
2.910248
0
0
0
0
0
5.014725
4.890845
4.75597
4.607673
4.44337
2.889259
2.903319
2.897189
2.893233
2.909448
0
0
0
0
0
5.115308
5.001037
4.876244
4.740304
4.590854
2.888696
2.906743
2.905797
2.905054
2.907649
0
0
0
0
0
5.20407
5.098056
4.982843
4.857073
4.719818
2.888064
2.90866
2.908327
2.904838
2.910949
0
0
0
0
0
5.283193
5.185299
5.078383
4.962243
4.835468
2.900304
2.90213
2.898215
2.911894
2.906079
0
0
0
0
0
5.357801
5.268086
5.169541
5.061769
4.944815
2.893916
2.906484
2.902526
2.910107
2.907403
0
0
0
0
0
5.428322
5.347232
5.256958
5.157765
5.049367
2.900749
2.903267
2.902307
2.905384
2.913521
0
0
0
0
0
5.493534
5.421946
5.340235
5.249491
5.149697
2.892624
2.909533
2.908859
2.906207
2.913158
0
0
0
0
0
5.552999
5.4906
5.4185
5.336397
5.245096
2.898938
2.902903
2.902086
2.905757
2.915037
0
0
0
0
0
5.604765
5.55318
5.490343
5.417828
5.335294
2.897818
2.899883
2.905579
2.901877
2.913345
0
0
0
0
0
5.647969
5.607869
5.555986
5.492808
5.419913
2.890453
2.907979
2.903788
2.906474
2.909888
0
0
0
0
0
5.693422
5.653881
5.613696
5.561688
5.49825
2.897315
2.908008
2.904033
2.903073
2.908357
0
0
0
0
0
5.738385
5.70228
5.662588
5.622554
5.570639
2.894386
2.894987
2.905433
2.903129
2.909355
0
0
0
0
0
5.782816
5.750124
5.713894
5.674232
5.634597
2.891798
2.898726
2.899436
2.906706
2.90554
0
0
0
0
0
5.825704
5.796198
5.763439
5.727227
5.68773
2.888833
2.901125
2.89631
2.907306
2.901855
0
0
0
0
0
5.86363
5.837035
5.807423
5.774625
5.738407
2.901336
2.903006
2.906317
2.905481
0
0
0
0
0
5.895967
5.871863
5.845102
5.815393
5.782488
2.907313
2.902272
2.913385
0
0
0
0
0
5.923235
5.901299
5.876954
5.850011
5.820124
2.907982
2.914428
0
0
0
0
0
5.946168
5.925993
5.903765
5.879158
5.851952
2.897343
2.903274
2.905362
2.908564
2.911766
0
0
0
0
0
4.905177
4.7714
4.624256
4.4612
4.280255
2.907517
2.902775
2.902882
2.905713
2.909799
0
0
0
0
0
5.023941
4.900373
4.765908
4.618063
4.454243
2.902029
2.904134
2.901978
2.907322
2.90769
0
0
0
0
0
5.128675
5.014789
4.890432
4.755103
4.606316
2.897058
2.897625
2.900396
2.900816
2.894367
0
0
0
0
0
5.221086
5.115398
5.000659
4.875431
4.739019
2.89914
2.893684
2.906335
2.909905
2.906671
0
0
0
0
0
5.301662
5.204179
5.097701
4.982058
4.855833
2.897628
2.893846
2.90731
2.912364
2.906858
0
0
0
0
0
5.372748
5.283308
5.184952
5.077608
4.961013
2.887965
2.906308
2.900512
2.902667
2.913856
0
0
0
0
0
5.438757
5.357928
5.267754
5.168784
5.060574
2.895428
2.9034
2.905721
2.906827
2.911909
0
0
0
0
0
5.500003
5.428464
5.346922
5.256231
5.1566
2.901334
2.909336
2.905169
2.90669
2.907198
0
0
0
0
0
5.556034
5.493696
5.421655
5.339538
5.248358
2.897921
2.897187
2.908992
2.913338
2.907885
0
0
0
0
0
5.604766
5.553177
5.490339
5.417826
5.335294
2.899449
2.906933
2.903177
2.90643
2.907572
0
0
0
0
0
5.645216
5.604964
5.552947
5.489709
5.416761
2.892634
2.904671
2.898458
2.909713
2.903216
0
0
0
0
0
5.687888
5.648203
5.607671
5.55539
5.491791
2.895959
2.897809
2.907821
2.907812
2.908389
0
0
0
0
0
5.729935
5.693665
5.653748
5.613147
5.560716
2.899353
2.906192
2.908065
2.908141
2.904795
0
0
0
0
0
5.771561
5.738639
5.702161
5.662134
5.621646
2.899984
2.901082
2.895431
2.909292
2.904496
0
0
0
0
0
5.812849
5.783082
5.750022
5.713463
5.673454
2.889406
2.899856
2.899156
2.903493
2.908476
0
0
0
0
0
5.852831
5.825986
5.79612
5.763041
5.726491
2.892486
2.898153
2.900058
2.908867
0
0
0
0
0
5.8882
5.863914
5.836963
5.807036
5.773906
2.899822
2.906186
2.907474
0
0
0
0
0
5.918279
5.89625
5.871791
5.844718
5.81468
2.909661
2.903663
0
0
0
0
0
5.943728
5.923516
5.901227
5.876569
5.849299
2.909436
0
0
0
0
0
5.965136
5.946449
5.925921
5.90338
5.878447
2.899571
2.903009
2.901596
2.908546
2.910027
0
0
0
0
0
5.028619
4.905207
4.770932
4.623314
4.459747
2.899173
2.912234
2.901499
2.906228
2.906965
0
0
0
0
0
5.137632
5.024
4.899952
4.765032
4.616694
2.901704
2.908202
2.90282
2.90495
2.90831
0
0
0
0
0
5.234083
5.128761
5.014406
4.889615
4.753813
2.901828
2.902731
2.897799
2.90342
2.902599
0
0
0
0
0
5.318166
5.221194
5.115048
4.999883
4.874206
2.895929
2.906375
2.894374
2.910763
2.911676
0
0
0
0
0
5.39082
5.301788
5.20385
5.096952
4.980861
2.897059
2.904661
2.894003
2.911246
2.914078
0
0
0
0
0
5.453374
5.37288
5.282983
5.18421
5.076422
2.899529
2.896493
2.906568
2.903972
2.905138
0
0
0
0
0
5.51021
5.438902
5.357617
5.26703
5.167617
2.90019
2.899597
2.903123
2.909803
2.908889
0
0
0
0
0
5.562327
5.500164
5.428177
5.346225
5.255101
2.895665
2.907537
2.908404
2.908518
2.90923
0
0
0
0
0
5.607671
5.556213
5.493436
5.420983
5.338442
2.896639
2.904712
2.897421
2.913432
2.915242
0
0
0
0
0
5.645215
5.604966
5.552945
5.489706
5.416759
2.891506
2.904663
2.906395
2.907579
2.908705
0
0
0
0
0
5.685182
5.64545
5.604767
5.552351
5.488692
2.900102
2.900911
2.905918
2.902519
2.911526
0
0
0
0
0
5.724476
5.688131
5.64807
5.607124
5.554419
2.893504
2.903743
2.899804
2.912225
2.90955
0
0
0
0
0
5.763221
5.730185
5.693544
5.653291
5.612236
2.894701
2.90686
2.905989
2.912285
2.910096
0
0
0
0
0
5.801774
5.771821
5.73853
5.701721
5.661347
2.900676
2.907253
2.901782
2.8997
2.911076
0
0
0
0
0
5.840226
5.813122
5.782991
5.749606
5.712705
2.893878
2.899494
2.902892
2.905079
0
0
0
0
0
5.877624
5.853118
5.825917
5.795734
5.762322
2.89084
2.900587
2.901903
0
0
0
0
0
5.910674
5.88849
5.86385
5.836587
5.806333
2.902113
2.907715
0
0
0
0
0
5.938882
5.918567
5.896186
5.871417
5.844018
2.910958
0
0
0
0
0
5.962744
5.944014
5.92345
5.900852
5.87587
0
0
0
0
0
5.982892
5.965421
5.946382
5.925544
5.902679
2.903283
2.905682
2.902189
2.904971
2.910003
0
0
0
0
0
5.142169
5.028673
4.904779
4.770046
4.621932
2.90589
2.904481
2.910655
2.903954
2.907649
0
0
0
0
0
5.242648
5.137712
5.02361
4.899126
4.76373
2.897785
2.907583
2.906461
2.906548
2.906039
0
0
0
0
0
5.330843
5.234187
5.128407
5.013626
4.888386
2.894533
2.90764
2.901284
2.902648
2.905021
0
0
0
0
0
5.40693
5.318294
5.220866
5.114309
4.998702
2.880998
2.901125
2.904846
2.898115
2.912607
0
0
0
0
0
5.471029
5.390964
5.301482
5.203133
5.095799
2.894511
2.903087
2.903803
2.898742
2.912918
0
0
0
0
0
5.524357
5.453524
5.372577
5.282268
5.183062
2.89488
2.908085
2.899588
2.911185
2.905441
0
0
0
0
0
5.572252
5.510372
5.438617
5.356919
5.265902
2.898972
2.908355
2.899576
2.907271
2.911757
0
0
0
0
0
5.613688
5.562507
5.499904
5.427509
5.345129
2.899014
2.900314
2.906736
2.91278
2.910589
0
0
0
0
0
5.647973
5.607871
5.555981
5.492804
5.419917
2.898256
2.903602
2.90503
2.900608
2.915394
0
0
0
0
0
5.685181
5.645449
5.604768
5.552349
5.488689
2.901099
2.899687
2.905829
2.910309
2.909766
0
0
0
0
0
5.721805
5.685424
5.645316
5.604219
5.551381
2.898191
2.907794
2.904041
2.910226
2.904899
0
0
0
0
0
5.757841
5.724726
5.688009
5.647613
5.606216
2.889899
2.902864
2.903275
2.905298
2.914274
0
0
0
0
0
5.793557
5.763479
5.730074
5.693103
5.652502
2.900683
2.902639
2.90544
2.910304
2.914347
0
0
0
0
0
5.82932
5.80204
5.771721
5.738105
5.700953
2.908206
2.90599
2.905692
2.902341
0
0
0
0
0
5.865243
5.840504
5.813039
5.782587
5.748864
2.892191
2.903172
2.904348
0
0
0
0
0
5.9003
5.877917
5.853057
5.825542
5.795031
2.893973
2.901371
0
0
0
0
0
5.93142
5.910968
5.888433
5.863485
5.835896
2.903384
0
0
0
0
0
5.957991
5.939174
5.91851
5.895821
5.87073
0
0
0
0
0
5.980538
5.963033
5.943954
5.923082
5.900164
0
0
0
0
5.999623
5.98318
5.965358
5.946013
5.924855
2.895542
2.908051
2.904664
2.905562
2.90664
0
0
0
0
0
5.247006
5.142245
5.028276
4.903943
4.768732
2.908075
2.911697
2.905553
2.913139
2.905319
0
0
0
0
0
5.339304
5.242748
5.13735
5.022822
4.897886
2.899698
2.902624
2.905415
2.91018
2.908337
0
0
0
0
0
5.41928
5.330966
5.233855
5.127663
5.012441
2.899424
2.900127
2.906446
2.905467
2.905207
0
0
0
0
0
5.486796
5.407075
5.317993
5.220152
5.11317
2.897837
2.889532
2.899309
2.908739
2.900131
0
0
0
0
0
5.541295
5.471191
5.390679
5.300791
5.202017
2.899342
2.901322
2.901954
2.908039
2.901359
0
0
0
0
0
5.58596
5.524526
5.453246
5.371888
5.281151
2.89511
2.901074
2.907092
2.904749
2.913256
0
0
0
0
0
5.623091
5.572433
5.510113
5.43795
5.355822
2.893337
2.905182
2.907228
2.903321
2.909342
0
0
0
0
0
5.653651
5.613888
5.562275
5.49927
5.426448
2.900007
2.907659
2.900359
2.910678
2.914757
0
0
0
0
0
5.68789
5.648208
5.607673
5.555385
5.491788
2.895565
2.906836
2.902984
2.909675
2.902511
0
0
0
0
0
5.721807
5.685424
5.645315
5.60422
5.551378
2.90217
2.909945
2.900978
2.91075
2.912161
0
0
0
0
0
5.755206
5.722055
5.685302
5.644859
5.60331
2.888625
2.906806
2.907339
2.908343
2.912403
0
0
0
0
0
5.788241
5.758097
5.724614
5.687567
5.646825
2.894674
2.895724
2.903879
2.906743
2.908072
0
0
0
0
0
5.821231
5.793821
5.763377
5.729646
5.692333
2.908257
2.903233
2.908885
2.912193
0
0
0
0
0
5.854503
5.829592
5.80195
5.771308
5.737353
2.907103
2.910042
2.907831
0
0
0
0
0
5.888123
5.865526
5.840429
5.812647
5.781861
2.896266
2.904339
0
0
0
0
0
5.92122
5.900598
5.877863
5.852693
5.824852
2.895243
0
0
0
0
0
5.950632
5.931718
5.910919
5.888077
5.862807
0
0
0
0
0
5.975849
5.958287
5.939123
5.918154
5.895145
0
0
0
0
5.997299
5.980831
5.962978
5.943594
5.922404
0
0
0
6.015554
5.999914
5.983123
5.964996
5.945332
2.903052
2.902615
2.906901
2.908039
2.907072
0
0
0
0
0
5.343582
5.247103
5.141876
5.027477
4.902689
2.90493
2.9122
2.91027
2.908893
2.914608
0
0
0
0
0
5.427513
5.339423
5.242413
5.136597
5.021626
2.899237
2.904633
2.899923
2.908619
2.911831
0
0
0
0
0
5.498767
5.41942
5.33066
5.233137
5.12652
2.889443
2.90478
2.89848
2.910418
2.906971
0
0
0
0
0
5.556453
5.486956
5.406795
5.317311
5.219042
2.890834
2.903304
2.891468
2.902924
2.91042
0
0
0
0
0
5.602366
5.541477
5.47093
5.390015
5.299706
2.893542
2.906925
2.900849
2.906303
2.910052
0
0
0
0
0
5.636
5.586147
5.524275
5.452589
5.370802
2.8999
2.900727
2.900007
2.911567
2.907453
0
0
0
0
0
5.662483
5.623293
5.572201
5.509479
5.436891
2.89489
2.900526
2.904659
2.911339
2.905592
0
0
0
0
0
5.693424
5.653886
5.61369
5.561679
5.498253
2.903427
2.907923
2.906934
2.904088
2.91231
0
0
0
0
0
5.724478
5.688132
5.648074
5.607125
5.554415
2.891958
2.90234
2.90689
2.907075
2.911801
0
0
0
0
0
5.755207
5.722057
5.685301
5.644859
5.603311
2.899637
2.909598
2.909289
2.905286
2.912745
0
0
0
0
0
5.785649
5.755462
5.721943
5.684861
5.64407
2.893708
2.898094
2.906243
2.911877
2.910268
0
0
0
0
0
5.815991
5.788505
5.757995
5.724185
5.686796
2.901542
2.899381
2.909389
2.908884
0
0
0
0
0
5.846515
5.8215
5.793729
5.762962
5.728891
2.907483
2.907353
2.910785
0
0
0
0
0
5.877546
5.854781
5.829511
5.801548
5.77057
2.911092
2.911731
0
0
0
0
0
5.909214
5.888411
5.865459
5.840048
5.811936
2.898454
0
0
0
0
0
5.940579
5.921521
5.900552
5.877508
5.852016
0
0
0
0
0
5.968576
5.950935
5.931675
5.910572
5.88741
0
0
0
0
5.992667
5.976147
5.95824
5.938773
5.917489
0
0
0
6.013246
5.997595
5.98078
5.962625
5.942925
0
0
6.030525
6.015848
5.999861
5.982766
5.964323
2.90098
2.908186
2.902788
2.909918
2.909777
0
0
0
0
0
5.431675
5.343696
5.246762
5.141112
5.026268
2.903128
2.91122
2.910618
2.913319
2.910844
0
0
0
0
0
5.506638
5.427648
5.339109
5.241693
5.135442
2.905373
2.905727
2.903494
2.902565
2.909913
0
0
0
0
0
5.567971
5.498922
5.419136
5.329974
5.232022
2.894743
2.897554
2.902061
2.902422
2.911917
0
0
0
0
0
5.616905
5.556634
5.486696
5.40614
5.31624
2.898782
2.894938
2.904503
2.896096
2.904401
0
0
0
0
0
5.651337
5.602563
5.541246
5.470296
5.388961
2.898456
2.899938
2.906068
2.905257
2.90789
0
0
0
0
0
5.674558
5.636208
5.585923
5.523653
5.451541
2.897646
2.90732
2.899708
2.903199
2.913507
0
0
0
0
0
5.702033
5.66272
5.623097
5.571605
5.508461
2.896913
2.902075
2.899047
2.909005
2.913473
0
0
0
0
0
5.729937
5.693668
5.653752
5.613141
5.560707
2.899236
2.910273
2.907423
2.911155
2.906271
0
0
0
0
0
5.757842
5.724728
5.68801
5.647617
5.606217
2.894255
2.897098
2.905086
2.911727
2.908725
0
0
0
0
0
5.785645
5.755463
5.721945
5.68486
5.64407
2.892681
2.908577
2.909893
2.91381
2.907655
0
0
0
0
0
5.813419
5.785911
5.75536
5.721515
5.68409
2.90123
2.898667
2.910591
2.913979
0
0
0
0
0
5.841337
5.816259
5.788411
5.757579
5.723431
2.900804
2.903671
2.912169
0
0
0
0
0
5.869656
5.84679
5.821416
5.793325
5.762223
2.911699
2.909756
0
0
0
0
0
5.898762
5.877828
5.854707
5.82912
5.800826
2.912879
0
0
0
0
0
5.928713
5.909506
5.888352
5.865087
5.839349
0
0
0
0
0
5.958637
5.940885
5.92148
5.900206
5.876843
0
0
0
0
5.985483
5.968882
5.950896
5.931334
5.909916
0
0
0
6.008642
5.992969
5.976104
5.957896
5.938117
0
0
6.028227
6.013544
5.997548
5.980432
5.961964
0
6.043977
6.030822
6.015798
5.999509
5.982099
2.902121
2.906085
2.905785
2.906664
2.911434
0
0
0
0
0
5.510641
5.431806
5.343375
5.246033
5.139944
2.897793
2.907953
2.909228
2.913562
2.914886
0
0
0
0
0
5.575616
5.50679
5.427356
5.338414
5.240576
2.889297
2.907736
2.903898
2.906845
2.903876
0
0
0
0
0
5.62787
5.568146
5.498657
5.418476
5.328898
2.888426
2.899434
2.898942
2.904979
2.904201
0
0
0
0
0
5.664844
5.6171
5.556404
5.486065
5.405099
2.888135
2.90569
2.896294
2.908744
2.898651
0
0
0
0
0
5.68877
5.651557
5.602356
5.540653
5.469277
2.898045
2.906642
2.901989
2.9104
2.907291
0
0
0
0
0
5.713752
5.674801
5.636021
5.585336
5.522647
2.893982
2.906515
2.906137
2.904023
2.904453
0
0
0
0
0
5.738399
5.702279
5.662589
5.62255
5.570633
2.897103
2.904865
2.901463
2.90224
2.910731
0
0
0
0
0
5.763221
5.730188
5.693546
5.653295
5.612231
2.894719
2.907918
2.910145
2.911741
2.912983
0
0
0
0
0
5.788242
5.758099
5.724616
5.687568
5.646829
2.899736
2.901036
2.89759
2.909635
2.913953
0
0
0
0
0
5.813415
5.785908
5.755361
5.721517
5.68409
2.898962
2.908502
2.914549
2.915834
0
0
0
0
0
5.838795
5.813687
5.785817
5.754944
5.720762
2.902385
2.903987
2.912618
0
0
0
0
0
5.864536
5.841611
5.816173
5.788007
5.756839
2.905084
2.906403
0
0
0
0
0
5.890941
5.869936
5.846713
5.821023
5.7926
2.913602
0
0
0
0
0
5.91836
5.899049
5.87776
5.854326
5.828412
0
0
0
0
0
5.946889
5.92901
5.909452
5.887989
5.864401
0
0
0
0
5.97562
5.958946
5.940849
5.921141
5.899552
0
0
0
6.001504
5.985791
5.968848
5.950562
5.930687
0
0
6.023659
6.008946
5.99293
5.975766
5.957247
0
6.041704
6.028528
6.0135
5.997205
5.979776
6.053744
6.044276
6.030774
6.015449
5.998849
2.897647
2.906153
2.904594
2.908554
2.908978
0
0
0
0
0
5.57947
5.510788
5.431507
5.342671
5.244905
2.908282
2.903615
2.905809
2.912475
2.915118
0
0
0
0
0
5.635146
5.575786
5.506521
5.426687
5.337326
2.902987
2.893193
2.905859
2.907478
2.908508
0
0
0
0
0
5.67503
5.62806
5.56791
5.498021
5.41743
2.896398
2.893804
2.900146
2.902259
2.906159
0
0
0
0
0
5.701164
5.665062
5.616893
5.555813
5.485052
2.883232
2.893416
2.905321
2.90134
2.910566
0
0
0
0
0
5.727481
5.689022
5.651387
5.601791
5.539684
2.893967
2.905811
2.9055
2.905696
2.912251
0
0
0
0
0
5.749876
5.714003
5.674676
5.635486
5.584376
2.898904
2.901672
2.906215
2.910169
2.905921
0
0
0
0
0
5.771557
5.738652
5.70216
5.662134
5.621641
2.896927
2.906045
2.905131
2.905462
2.904074
0
0
0
0
0
5.793555
5.763479
5.730077
5.693105
5.652506
2.896466
2.901142
2.90758
2.914733
2.913592
0
0
0
0
0
5.815984
5.788505
5.757996
5.724187
5.686797
2.905803
2.899638
2.902469
2.912156
0
0
0
0
0
5.838794
5.813683
5.785814
5.754945
5.720764
2.899317
2.913199
2.916639
0
0
0
0
0
5.862029
5.839069
5.813601
5.785412
5.754205
2.906555
2.906734
0
0
0
0
0
5.885869
5.864815
5.841533
5.815779
5.787282
2.907237
0
0
0
0
0
5.910625
5.891225
5.869866
5.84633
5.820311
0
0
0
0
0
5.936623
5.91865
5.898987
5.877388
5.85363
0
0
0
0
5.963958
5.947189
5.928961
5.909097
5.887315
0
0
0
5.991703
5.975932
5.958915
5.940516
5.920495
0
0
6.016562
6.001815
5.985761
5.96852
5.949924
0
6.037178
6.023966
6.008911
5.992596
5.975123
6.051531
6.042007
6.028487
6.013161
5.996556
6.054044
6.04423
6.030429
6.014793
2.900223
2.902962
2.903927
2.907963
2.909767
0
0
0
0
0
5.63882
5.579636
5.510513
5.430828
5.341571
2.898852
2.908899
2.903134
2.909209
2.913958
0
0
0
0
0
5.681751
5.635332
5.575542
5.50588
5.425629
2.90135
2.906345
2.895349
2.90844
2.909048
0
0
0
0
0
5.710437
5.675243
5.627848
5.567313
5.497002
2.894091
2.902991
2.892454
2.904105
2.9037
0
0
0
0
0
5.739403
5.701414
5.664894
5.61633
5.554849
2.885869
2.893436
2.895613
2.909707
2.9042
0
0
0
0
0
5.763269
5.727741
5.688911
5.650875
5.600859
2.896665
2.902182
2.90508
2.909587
2.907664
0
0
0
0
0
5.782815
5.750134
5.713891
5.67423
5.634591
2.894211
2.907515
2.900899
2.910705
2.911951
0
0
0
0
0
5.801769
5.771817
5.738543
5.701721
5.661347
2.896778
2.905783
2.906688
2.910176
2.907359
0
0
0
0
0
5.821222
5.793819
5.763378
5.729648
5.692335
2.902387
2.90141
2.911627
2.91685
0
0
0
0
0
5.841334
5.816252
5.788412
5.75758
5.723433
2.9067
2.903155
2.905023
0
0
0
0
0
5.86203
5.839067
5.813598
5.78541
5.754206
2.903952
2.915639
0
0
0
0
0
5.883385
5.862307
5.83899
5.813206
5.784687
2.908977
0
0
0
0
0
5.905594
5.886152
5.864743
5.841148
5.815066
0
0
0
0
0
5.928941
5.910913
5.891161
5.869491
5.84563
0
0
0
0
5.95376
5.936917
5.918594
5.898622
5.876702
0
0
0
5.980094
5.964261
5.947145
5.928613
5.908431
0
0
6.006803
5.992018
5.975904
5.958588
5.939878
0
6.030153
6.016876
6.001787
5.985437
5.967888
6.047129
6.037487
6.023933
6.008581
5.991959
6.051835
6.041968
6.028151
6.012515
6.054
6.043887
6.029775
2.900536
2.905748
2.902926
2.906883
2.910065
0
0
0
0
0
5.685155
5.639001
5.579386
5.509863
5.429758
2.901688
2.905121
2.906947
2.906248
2.910664
0
0
0
0
0
5.716535
5.681959
5.635112
5.574935
5.504857
2.897354
2.904824
2.904526
2.899407
2.909734
0
0
0
0
0
5.748282
5.71068
5.675068
5.627281
5.566342
2.895014
2.901241
2.901427
2.89576
2.906241
0
0
0
0
0
5.774865
5.73966
5.701302
5.664385
5.615402
2.884369
2.890526
2.896497
2.901696
2.911458
0
0
0
0
0
5.795926
5.763537
5.727642
5.688483
5.650011
2.891687
2.904438
2.900842
2.909233
2.911266
0
0
0
0
0
5.812845
5.783081
5.750033
5.71346
5.673453
2.89304
2.900171
2.907698
2.904646
2.912584
0
0
0
0
0
5.829311
5.802035
5.771717
5.738117
5.700952
2.902868
2.907168
2.911445
2.912456
0
0
0
0
0
5.846523
5.821492
5.793727
5.762962
5.728894
2.903699
2.905363
2.913617
0
0
0
0
0
5.864542
5.841608
5.816167
5.788007
5.75684
2.911164
2.905009
0
0
0
0
0
5.883384
5.862307
5.838988
5.813203
5.784684
2.906419
0
0
0
0
0
5.90313
5.883667
5.862235
5.838605
5.812494
0
0
0
0
0
5.923942
5.90588
5.886086
5.864367
5.840446
0
0
0
0
5.946112
5.929232
5.910853
5.890794
5.868801
0
0
0
5.969949
5.954057
5.936865
5.918237
5.897945
0
0
5.995243
5.980399
5.964221
5.946802
5.927955
0
6.020466
6.00712
5.991993
5.975583
5.957957
6.040281
6.030468
6.016851
6.001467
5.984809
6.047439
6.037456
6.023606
6.007947
6.051798
6.041634
6.027509
6.053659
6.043236
2.903705
2.906816
2.906121
2.90704
2.908111
0
0
0
0
0
5.719616
5.685358
5.638774
5.57877
5.508829
2.9033
2.906546
2.903309
2.908704
2.907756
0
0
0
0
0
5.754113
5.716772
5.681776
5.634535
5.573953
2.896491
2.901379
2.902211
2.90711
2.901612
0
0
0
0
0
5.783484
5.748533
5.710561
5.674552
5.626348
2.892659
2.900012
2.899428
2.904605
2.897192
0
0
0
0
0
5.807234
5.77513
5.73956
5.700874
5.663526
2.888364
2.894395
2.888477
2.901394
2.904853
0
0
0
0
0
5.825706
5.796202
5.76345
5.72723
5.687729
2.891675
2.900685
2.904019
2.90394
2.911104
0
0
0
0
0
5.840218
5.813118
5.78299
5.749616
5.712702
2.899915
2.900696
2.912527
2.906876
0
0
0
0
0
5.854508
5.829583
5.801945
5.771304
5.737365
2.903891
2.912018
2.913886
0
0
0
0
0
5.869661
5.846797
5.821408
5.793323
5.762223
2.908014
2.907362
0
0
0
0
0
5.885876
5.86482
5.84153
5.815772
5.787282
2.913211
0
0
0
0
0
5.903133
5.883666
5.862235
5.838604
5.812491
0
0
0
0
0
5.921486
5.903416
5.883601
5.861858
5.837904
0
0
0
0
5.941131
5.924232
5.90582
5.885717
5.863676
0
0
0
5.962324
5.946406
5.929177
5.910493
5.890114
0
0
5.985135
5.970248
5.954009
5.936513
5.917569
0
6.009003
5.995551
5.980363
5.963884
5.946151
6.030808
6.020785
6.007098
5.991675
5.974957
6.040598
6.030445
6.016533
6.000843
6.04741
6.037131
6.022975
6.051466
6.040994
6.05301
2.895621
2.909905
2.907369
2.910493
2.908983
0
0
0
0
0
5.757046
5.719849
5.685168
5.638187
5.577776
2.894856
2.909625
2.90416
2.906759
2.909866
0
0
0
0
0
5.789123
5.754358
5.716645
5.681252
5.63359
2.898243
2.902576
2.900596
2.904402
2.908368
0
0
0
0
0
5.815617
5.783743
5.748426
5.710126
5.673686
2.888017
2.899486
2.898149
2.903054
2.906095
0
0
0
0
0
5.836758
5.807506
5.775041
5.739146
5.700122
2.886332
2.898653
2.896672
2.891569
2.902979
0
0
0
0
0
5.852823
5.825988
5.796124
5.763051
5.726494
2.896724
2.90069
2.908441
2.9052
0
0
0
0
0
5.865248
5.840496
5.813036
5.782586
5.748874
2.900442
2.905333
2.914748
0
0
0
0
0
5.877547
5.854785
5.829502
5.801544
5.770567
2.90838
2.914751
0
0
0
0
0
5.890956
5.869941
5.84672
5.821015
5.792598
2.910371
0
0
0
0
0
5.905599
5.886158
5.864749
5.841145
5.81506
0
0
0
0
0
5.921484
5.903418
5.8836
5.861858
5.837903
0
0
0
0
5.938696
5.921774
5.903354
5.883231
5.861167
0
0
0
5.957362
5.941424
5.924175
5.905457
5.885036
0
0
5.977533
5.962621
5.946355
5.928822
5.909821
0
5.998932
5.985436
5.970203
5.953662
5.935852
6.019594
6.009312
5.995517
5.980029
5.963239
6.031129
6.020765
6.006783
5.991053
6.040576
6.030129
6.015913
6.047087
6.036502
6.050827
2.903282
2.899715
2.908462
2.910991
2.912798
0
0
0
0
0
5.791966
5.757287
5.719715
5.684634
5.637231
2.903181
2.897421
2.908435
2.906603
2.908456
0
0
0
0
0
5.821099
5.789375
5.754242
5.7162
5.680375
2.900199
2.901884
2.901092
2.903428
2.9057
0
0
0
0
0
5.84491
5.815882
5.783645
5.748005
5.709366
2.895472
2.894966
2.898395
2.901669
2.904604
0
0
0
0
0
5.863618
5.837036
5.807426
5.774641
5.738412
2.894487
2.89983
2.901723
2.892655
0
0
0
0
0
5.87763
5.85311
5.825919
5.795738
5.762332
2.897953
2.904664
2.910402
0
0
0
0
0
5.888136
5.865531
5.840421
5.812644
5.781861
2.90464
2.90778
0
0
0
0
0
5.898763
5.877829
5.854711
5.829112
5.800822
2.910676
0
0
0
0
0
5.910633
5.891239
5.869871
5.846336
5.820303
0
0
0
0
0
5.923943
5.905885
5.886092
5.864372
5.840444
0
0
0
0
5.9387
5.921772
5.903357
5.88323
5.861167
0
0
0
5.954908
5.938988
5.921718
5.902991
5.882549
0
0
5.972572
5.957656
5.941372
5.923819
5.904784
0
5.99135
5.977831
5.962573
5.946005
5.928157
6.009688
5.999235
5.985394
5.96986
5.953006
6.019905
6.009279
5.995187
5.979389
6.031111
6.020452
6.006165
6.040261
6.02951
6.046459
2.895514
2.906662
2.90027
2.911658
2.912849
0
0
0
0
0
5.823851
5.792214
5.757164
5.719261
5.683745
2.901385
2.908054
2.895396
2.911481
2.907717
0
0
0
0
0
5.850237
5.821358
5.78927
5.75381
5.715428
2.898356
2.904426
2.900263
2.904528
2.904992
0
0
0
0
0
5.871569
5.845182
5.815794
5.783237
5.747261
2.899096
2.896274
2.90172
2.902954
0
0
0
0
0
5.888214
5.863903
5.836964
5.807039
5.773923
2.892603
2.903676
2.904358
0
0
0
0
0
5.900315
5.877923
5.853049
5.825544
5.795035
2.901639
2.906695
0
0
0
0
0
5.909212
5.888424
5.865464
5.84004
5.811933
2.906783
0
0
0
0
0
5.91836
5.89905
5.877762
5.854331
5.828404
0
0
0
0
0
5.928946
5.910921
5.891174
5.869496
5.845636
0
0
0
0
5.941144
5.924233
5.905824
5.885723
5.863681
0
0
0
5.954909
5.938992
5.921716
5.902993
5.882549
0
0
5.970139
5.955203
5.938935
5.92136
5.902317
0
5.986407
5.97287
5.957607
5.941021
5.923152
6.002244
5.991651
5.977787
5.962227
5.945346
6.009993
5.999195
5.985054
5.969208
6.019873
6.00895
5.99455
6.0308
6.019836
6.039643
2.897889
2.901067
2.905282
2.903494
2.913365
0
0
0
0
0
5.852921
5.824106
5.792101
5.756723
5.718476
2.899726
2.906207
2.906316
2.897987
2.913164
0
0
0
0
0
5.876751
5.850503
5.821262
5.788851
5.753054
2.901964
2.902138
2.903232
2.905851
0
0
0
0
0
5.895986
5.871847
5.845102
5.815399
5.782509
2.896715
2.899394
2.902925
0
0
0
0
0
5.910684
5.888503
5.863839
5.836588
5.806336
2.895438
2.905516
0
0
0
0
0
5.921206
5.900612
5.877869
5.852685
5.824854
2.904224
0
0
0
0
0
5.928715
5.909505
5.888364
5.865093
5.839342
0
0
0
0
0
5.936627
5.91865
5.898988
5.877391
5.853634
0
0
0
0
5.946124
5.929237
5.910861
5.890806
5.868806
0
0
0
5.95736
5.941436
5.924176
5.905461
5.885041
0
0
5.970138
5.955203
5.938939
5.921359
5.902319
0
5.983996
5.970436
5.955154
5.938583
5.920693
5.997384
5.986707
5.972824
5.957259
5.94036
6.002546
5.991609
5.977444
5.961572
6.009955
5.998857
5.984405
6.019545
6.008314
6.030186
2.893062
2.901684
2.901988
2.907814
2.90554
0
0
0
0
0
5.879357
5.853182
5.824003
5.791673
5.755956
2.904422
2.904894
2.909214
2.899563
0
0
0
0
0
5.901047
5.877023
5.850415
5.820855
5.788111
2.900108
2.90477
2.904376
0
0
0
0
0
5.918288
5.896269
5.871776
5.844718
5.814686
2.89925
2.901208
0
0
0
0
0
5.931406
5.910978
5.888446
5.863474
5.835897
2.896323
0
0
0
0
0
5.940577
5.921508
5.900565
5.877514
5.852008
0
0
0
0
0
5.946885
5.929011
5.909451
5.888001
5.864406
0
0
0
0
5.953772
5.936921
5.918594
5.898623
5.876705
0
0
0
5.962325
5.946418
5.929182
5.9105
5.890126
0
0
5.972573
5.957655
5.941384
5.923819
5.904787
0
5.984
5.970434
5.955154
5.938586
5.920692
5.995013
5.984294
5.97039
5.954806
5.937921
5.997685
5.986664
5.97248
5.956602
6.002506
5.991269
5.976792
6.00962
5.998211
6.018909
2.897775
2.898706
2.90454
2.909503
0
0
0
0
0
5.90359
5.879624
5.853087
5.823588
5.790921
2.902453
2.907734
2.910668
0
0
0
0
0
5.92324
5.901324
5.876943
5.85002
5.820129
2.901915
2.905951
0
0
0
0
0
5.938861
5.918576
5.896204
5.871402
5.844019
2.900386
0
0
0
0
0
5.950628
5.931705
5.910929
5.88809
5.862796
0
0
0
0
0
5.958636
5.940882
5.921467
5.900219
5.876849
0
0
0
0
5.963968
5.947185
5.928962
5.909095
5.887326
0
0
0
5.969947
5.954068
5.936869
5.918237
5.897946
0
0
5.977533
5.962621
5.946367
5.928827
5.909827
0
5.986409
5.97287
5.957606
5.941032
5.923152
5.995015
5.984299
5.970388
5.954806
5.937924
5.995313
5.98425
5.970045
5.95415
5.997644
5.986323
5.971828
6.002168
5.990621
6.008976
2.897226
2.900611
2.905932
0
0
0
0
0
5.925725
5.903862
5.879538
5.852682
5.822851
2.904833
2.909226
0
0
0
0
0
5.943703
5.923522
5.901251
5.876559
5.849308
2.90276
0
0
0
0
0
5.957982
5.939153
5.918519
5.895839
5.870715
0
0
0
0
0
5.968576
5.95093
5.931661
5.910581
5.887423
0
0
0
0
5.975628
5.958945
5.940846
5.921129
5.899564
0
0
0
5.980084
5.96427
5.947141
5.928614
5.908429
0
0
5.985135
5.970246
5.95402
5.936517
5.917569
0
5.991346
5.977831
5.962574
5.946017
5.928161
5.997386
5.986708
5.972824
5.957258
5.940371
5.995316
5.984255
5.970044
5.95415
5.995271
5.983908
5.969393
5.997306
5.985675
6.001522
2.90052
2.901339
0
0
0
0
0
5.946147
5.926001
5.903782
5.879144
5.851958
2.905961
0
0
0
0
0
5.962741
5.943989
5.923455
5.900875
5.87586
0
0
0
0
0
5.975842
5.958277
5.939101
5.918163
5.895163
0
0
0
0
5.985495
5.968882
5.950892
5.93132
5.909926
0
0
0
5.991692
5.97594
5.958914
5.940514
5.920483
0
0
5.995241
5.98039
5.96423
5.946799
5.927956
0
5.99892
5.985436
5.970201
5.953673
5.935855
6.002241
5.991647
5.977787
5.962227
5.945357
5.997687
5.986665
5.97248
5.956601
5.995274
5.983912
5.969391
5.994932
5.983259
5.99666
2.902448
0
0
0
0
0
5.965123
5.946428
5.925928
5.903397
5.878433
0
0
0
0
0
5.980521
5.96303
5.943929
5.923088
5.900186
0
0
0
0
5.992679
5.97614
5.95823
5.938753
5.917498
0
0
0
6.001486
5.985804
5.968848
5.950558
5.930674
0
0
6.006795
5.992006
5.975913
5.958587
5.939876
0
6.008982
5.995548
5.980353
5.963893
5.946148
6.009678
5.999223
5.985394
5.969858
5.953016
6.002543
5.991604
5.977444
5.961572
5.997646
5.986324
5.971828
5.994934
5.983262
5.994285
0
0
0
0
0
5.982879
5.965408
5.946361
5.925552
5.902697
0
0
0
0
5.997318
5.980814
5.962975
5.94357
5.92241
0
0
0
6.008623
5.992981
5.976098
5.957887
5.938097
0
0
6.016548
6.001797
5.985773
5.968519
5.949919
0
6.020437
6.007112
5.991982
5.975591
5.957956
6.01958
6.009291
5.995515
5.98002
5.963247
6.009983
5.999183
5.985054
5.969205
6.002503
5.991264
5.976792
5.997307
5.985675
5.994286
0
0
0
0
5.999638
5.983167
5.965346
5.945992
5.924862
0
0
0
6.013229
5.997613
5.980764
5.962621
5.942901
0
0
6.023634
6.008928
5.992942
5.97576
5.957238
0
6.030108
6.016862
6.00177
5.985448
5.967887
6.030791
6.020756
6.00709
5.991664
5.974965
6.01989
6.009259
5.995184
5.97938
6.009945
5.998845
5.984405
6.002165
5.990616
5.996661
0
0
0
6.015534
5.999929
5.98311
5.964984
5.945311
0
0
6.028214
6.013527
5.997566
5.980416
5.961959
0
6.037128
6.023941
6.008892
5.992609
5.975116
6.040257
6.030424
6.016837
6.00145
5.98482
6.031111
6.020737
6.006775
5.991042
6.019859
6.00893
5.994547
6.00961
5.998199
6.001519
0
0
6.030509
6.015828
5.999876
5.982753
5.964311
0
6.041653
6.028515
6.013484
5.997223
5.979761
6.04709
6.037437
6.023909
6.008563
5.991971
6.040573
6.030401
6.016519
6.000827
6.031093
6.020424
6.006157
6.019531
6.008294
6.008966
0
6.043912
6.030805
6.015778
5.999524
5.982087
6.05147
6.041956
6.028474
6.013144
5.996573
6.0474
6.037406
6.023583
6.007929
6.040551
6.030086
6.015899
6.030782
6.019808
6.018895
6.053693
6.044211
6.030757
6.01543
5.998864
6.051775
6.041917
6.028138
6.012498
6.047371
6.037082
6.022953
6.040236
6.029468
6.030168
6.053993
6.044166
6.030412
6.014774
6.051739
6.041583
6.027495
6.047048
6.036454
6.039618
6.053949
6.043824
6.029759
6.051408
6.040944
6.046421
6.053608
6.043174
6.050771
6.05296
)
;

boundaryField
{
    cathodeSides
    {
        type            zeroGradient;
    }
    electrolyteSides
    {
        type            zeroGradient;
    }
    anodeSides
    {
        type            zeroGradient;
    }
    phiI_to_phiI0
    {
        type            zeroGradient;
    }
}


// ************************************************************************* //
