/*--------------------------------*- C++ -*----------------------------------*\
| =========                 |                                                 |
| \\      /  F ield         | OpenFOAM: The Open Source CFD Toolbox           |
|  \\    /   O peration     | Version:  2312                                  |
|   \\  /    A nd           | Website:  www.openfoam.com                      |
|    \\/     M anipulation  |                                                 |
\*---------------------------------------------------------------------------*/
FoamFile
{
    version     2.0;
    format      ascii;
    arch        "LSB;label=32;scalar=64";
    class       volScalarField;
    location    "40/phiI";
    object      dmdt;
}
// * * * * * * * * * * * * * * * * * * * * * * * * * * * * * * * * * * * * * //

dimensions      [0 -3 -1 0 1 0 0];

internalField   nonuniform List<scalar> 
12000
(
1628.155
1639.77
1560.034
1728.377
1655.802
1589.319
1731.162
1484.599
1650.565
1844.366
1674.243
1576.613
1765.987
1501.169
1672.629
1844.87
1431.491
1572.507
1755.142
2010.779
1698.55
1597.96
1781.476
1515.696
1665.804
1881.557
1449.379
1587.894
1769.761
2013.703
1386.455
1507.837
1663.963
1896.438
2280.734
1714.925
1618.976
1808.287
1512.159
1703.131
1900.02
1452.893
1600.472
1767.807
2053.884
1396.047
1529.831
1673.485
1912.227
2284.441
1370.569
1460.051
1577.419
1786.35
2131.153
0
1741.498
1601.873
1822.522
1510.796
1717.156
1927.623
1452.651
1597.68
1802.103
2074.74
1402.427
1532.567
1684.028
1915.815
2328.216
1351.935
1466.757
1598.106
1793.169
2148.147
0
1304.375
1430.523
1519.578
1679.381
1987.911
0
0
1733.394
1625.84
1847.476
1521.799
1702.606
1949.877
1460.369
1600.287
1823.673
2106.111
1384.143
1533.613
1689.395
1951.735
2352.505
1359.254
1482.977
1609.237
1809.193
2155.416
0
1341.456
1424.26
1528.494
1699.313
1994.412
0
0
1284.136
1376.161
1485.152
1605.666
1853.603
0
0
0
1728.979
1634.031
1839.678
1539.621
1727.722
1971.293
1437.709
1610.169
1820.012
2134.737
1372.924
1546.115
1698.574
1976.679
2389.518
1335.974
1456.237
1612.427
1820.882
2192.926
0
1317.489
1419.268
1548.007
1714.438
2014.073
0
0
1283.696
1404.713
1485.598
1615.461
1872.856
0
0
0
1257.333
1357.063
1424.747
1555.946
1755.787
0
0
0
0
1726.625
1617.913
1844.322
1537.507
1738.231
1966.976
1471.239
1629.691
1838.685
2155.419
1403.723
1529.25
1702.452
1979.103
2426.747
1359.638
1459.839
1628.174
1826.174
2223.366
0
1308.725
1408.733
1527.665
1722.073
2030.669
0
0
1295.711
1386.799
1475.844
1637.735
1891.979
0
0
0
1280.184
1356.758
1452.535
1560.522
1767.22
0
0
0
0
1286.44
1315.819
1403.498
1488.931
1688.435
0
0
0
0
0
1721.811
1630.881
1833.884
1533.339
1722.001
1969.614
1460.494
1629.456
1850.43
2152.203
1410.178
1567.655
1723.979
1999.216
2447.705
1363.765
1493.155
1619.944
1837.187
2231.249
0
1310.487
1430.339
1540.502
1740.881
2037.634
0
0
1271.06
1372.919
1470.514
1621.203
1901.701
0
0
0
1285.785
1368.295
1435.14
1551.976
1792.528
0
0
0
0
1279.037
1351.719
1406.652
1512.5
1694.786
0
0
0
0
0
1298.4
1350.271
1355.243
1466.252
1605.755
0
0
0
0
0
-2050.849
1720.078
1603.803
1828.261
1546.053
1733.852
1957.385
1484.745
1627.202
1829.994
2159.93
1424.861
1547.43
1722.919
2011.573
2448.802
1364.704
1495.485
1648.558
1858.805
2253.226
0
1319.135
1444.855
1565.798
1733.375
2054.298
0
0
1305.969
1373.743
1497.382
1641.258
1924.671
0
0
0
1232.912
1335.204
1432.46
1550.094
1779.588
0
0
0
0
1289.622
1349.678
1417.009
1498.992
1687.527
0
0
0
0
0
1285.319
1345.974
1402.226
1469.956
1629.519
0
0
0
0
0
-2052.851
1262.003
1353.727
1399.963
1417.619
1585.507
0
0
0
0
0
-1774.388
-1770.036
1732.879
1626.851
1829.136
1538.058
1708.302
1952.059
1490.993
1636.89
1844.078
2145.064
1431.078
1574.786
1729.604
1989.737
2458.269
1372.482
1505.491
1637.497
1859.51
2267.058
0
1350.261
1445.807
1577.116
1766.292
2076.34
0
0
1318.454
1386.151
1505.286
1663.922
1919.72
0
0
0
1252.023
1378.626
1440.713
1582.726
1805.333
0
0
0
0
1278.867
1310.284
1383.842
1504.009
1688.054
0
0
0
0
0
1298.254
1353.234
1395.152
1480.797
1618.151
0
0
0
0
0
-2066.97
1276.133
1354.567
1394.214
1471.426
1590.184
0
0
0
0
0
-1771.286
-1771.303
1254.598
1334.8
1406.62
1468.449
1541.191
0
0
0
0
0
-1485.629
-1543.235
-1584.314
1703.213
1631.099
1844.592
1537.298
1731.079
1954.31
1480.873
1624.482
1817.233
2139.788
1424.877
1581.146
1729.963
2000.984
2442.991
1363.246
1520.706
1655.468
1868.382
2244.162
0
1326.871
1459.159
1579.726
1751.637
2078.022
0
0
1311.134
1423.054
1514.769
1676.869
1955.153
0
0
0
1295.296
1386.886
1447.49
1586.792
1825.674
0
0
0
0
1287.517
1326.326
1426.332
1515.367
1723.106
0
0
0
0
0
1280.613
1349.936
1369.88
1451.856
1626.041
0
0
0
0
0
-2091.586
1266.132
1361.934
1400.513
1462.782
1600.267
0
0
0
0
0
-1776.852
-1782.239
1303.952
1348.328
1405.686
1464.844
1599.851
0
0
0
0
0
-1479.788
-1539.472
-1585.064
1270.754
1322.296
1394.848
1479.577
1601.545
0
0
0
0
0
-1220.868
-1302.095
-1392.585
-1449.46
1716.486
1620.684
1809.381
1557.126
1734.833
1976.198
1479.319
1621.62
1837.139
2142.2
1421.303
1561.665
1725.556
1975.814
2437.467
1342.364
1515.704
1662.573
1866.694
2252.962
0
1347.15
1448.282
1591.042
1771.813
2089.365
0
0
1301.308
1404.432
1524.496
1676.257
1940.555
0
0
0
1280.33
1388.183
1477.632
1601.217
1842.505
0
0
0
0
1302.3
1365.629
1437.78
1521.932
1727.706
0
0
0
0
0
1270.972
1363.89
1380.252
1493.439
1641.215
0
0
0
0
0
-2124
1276.72
1355.047
1395.502
1442.855
1573.242
0
0
0
0
0
-1792.594
-1801.803
1277.19
1330.176
1414.354
1470.897
1590.163
0
0
0
0
0
-1482.801
-1543.813
-1593.793
1276.92
1363.302
1403.792
1480.658
1598.162
0
0
0
0
0
-1212.994
-1296.115
-1388.483
-1449.905
1285.314
1340.495
1378.586
1473.425
1619.402
0
0
0
0
0
-952.2757
-1076.836
-1185.174
-1279.842
-1374.453
1705.932
1611.287
1824.486
1536.746
1717.84
1944.928
1488.149
1656.53
1841.628
2165.413
1396.722
1562.065
1717.048
1997.053
2439.721
1362.428
1506.867
1644.034
1865.242
2229.042
0
1320.485
1427.894
1589.986
1779.202
2085.302
0
0
1291.008
1418.728
1512.072
1688.526
1961.112
0
0
0
1298.631
1375.303
1460.312
1610.56
1841.451
0
0
0
0
1278.001
1348.774
1440.715
1550.739
1746.818
0
0
0
0
0
1295.737
1377.962
1421.566
1505.532
1647.029
0
0
0
0
0
-2163.428
1277.52
1342.393
1414.707
1456.368
1615.683
0
0
0
0
0
-1812.193
-1827.475
1286.794
1350.942
1405.896
1466.163
1573.346
0
0
0
0
0
-1491.581
-1556.515
-1609.798
1302.708
1345.358
1380.415
1488.41
1605.736
0
0
0
0
0
-1212.502
-1297.982
-1391.936
-1457.29
1299.123
1344.189
1417.465
1482.239
1619.485
0
0
0
0
0
-943.5016
-1069.434
-1179.216
-1275.634
-1374.773
1285.141
1352.207
1394.307
1456.226
1617.18
0
0
0
0
0
-597.4085
-842.4196
-987.9299
-1093.86
-1215.668
1679.915
1591.927
1814.784
1521.774
1717.658
1957.323
1472.643
1635.597
1823.717
2130.506
1434.516
1581.582
1747.672
2002.007
2462.25
1367.39
1484.378
1648.724
1852.61
2251.541
0
1341.37
1441.988
1580.738
1758.833
2084.71
0
0
1299.748
1396.59
1504.278
1690.67
1968.165
0
0
0
1291.057
1363.52
1474.724
1596.62
1852.146
0
0
0
0
1290.704
1371.154
1436.449
1533.154
1755.738
0
0
0
0
0
1299.263
1352.044
1404.536
1511.78
1674.922
0
0
0
0
0
-2190.866
1276.902
1372.857
1431.483
1495.499
1627.163
0
0
0
0
0
-1835.032
-1859.018
1302.286
1353.635
1405.688
1489.533
1590.553
0
0
0
0
0
-1506.236
-1572.065
-1630.76
1270.767
1358.271
1408.07
1481.998
1600.054
0
0
0
0
0
-1218.855
-1304.995
-1402.486
-1471.106
1270.293
1369.406
1404.444
1452.621
1627.75
0
0
0
0
0
-942.0832
-1068.336
-1180.326
-1278.536
-1381.552
1291.732
1369.119
1407.627
1494.274
1626.759
0
0
0
0
0
-587.9705
-834.1678
-980.9481
-1088.018
-1211.514
1298.63
1348.034
1407.19
1474.515
1602.22
0
0
0
0
0
-2661.075
-519.5164
-777.7677
-914.5627
-1040.466
1656.584
1590.228
1782.153
1518.832
1682.577
1943.895
1469.917
1623.197
1827.071
2145.847
1385.224
1556.757
1726.064
1982.115
2425.319
1364.536
1524.558
1660.791
1882.408
2256.157
0
1331.724
1446.598
1559.944
1766.992
2071.455
0
0
1298.926
1421.813
1510.223
1680.973
1947.298
0
0
0
1305.388
1380.265
1453.311
1590.154
1855.694
0
0
0
0
1269.298
1364.944
1412.898
1546.789
1740.736
0
0
0
0
0
1286.391
1360.938
1424.965
1506.41
1658.597
0
0
0
0
0
-2213.443
1299.514
1376.093
1410.85
1476.695
1635.834
0
0
0
0
0
-1849.488
-1881.334
1283.002
1343.225
1428.178
1508.43
1626.958
0
0
0
0
0
-1522.328
-1590.403
-1656.832
1298.001
1373.572
1411.473
1485.517
1626.495
0
0
0
0
0
-1227.154
-1316.711
-1415.2
-1489.219
1274.1
1350.091
1417.903
1490.163
1622.546
0
0
0
0
0
-942.768
-1072.81
-1186.073
-1287.753
-1394.366
1310.48
1348.072
1423.023
1487.605
1593.988
0
0
0
0
0
-585.702
-832.0209
-979.4517
-1088.701
-1214.162
1303.507
1361.279
1426.037
1489.524
1641.747
0
0
0
0
0
-2642.974
-510.7909
-769.9371
-907.9227
-1034.782
1291.626
1367.53
1399.669
1487.058
1622.232
0
0
0
0
0
-2328.002
-2569.069
-477.516
-720.1686
-870.5117
1623.627
1571.011
1757.597
1494.679
1690.427
1898.849
1440.834
1611.817
1789.909
2125.402
1384.291
1558.77
1719.283
1983.723
2438.584
1392.503
1462.446
1640.647
1859.75
2233.246
0
1328.898
1445.276
1594.122
1775.408
2099.369
0
0
1278.87
1415.726
1510.412
1659.586
1955.938
0
0
0
1279.874
1381.892
1475.245
1599.865
1846.43
0
0
0
0
1278.931
1383.766
1434.315
1526.714
1735.079
0
0
0
0
0
1285.53
1338.71
1414.997
1480.183
1672.062
0
0
0
0
0
-2231.065
1296.096
1361.6
1410.363
1498.431
1631.203
0
0
0
0
0
-1861.191
-1899.587
1286.324
1362.471
1433.087
1490.164
1606.436
0
0
0
0
0
-1536.533
-1601.908
-1675.462
1293.628
1359.903
1411.605
1508.912
1645.166
0
0
0
0
0
-1238.425
-1329.41
-1430.389
-1512.024
1293.643
1369.314
1430.946
1492.93
1629.288
0
0
0
0
0
-944.2726
-1079.168
-1195.726
-1298.761
-1411.25
1278.873
1353.193
1413.506
1501.525
1636.959
0
0
0
0
0
-588.7383
-831.9473
-982.6562
-1093.671
-1222.756
1303.624
1370.973
1411.631
1504.035
1637.966
0
0
0
0
0
-2625.116
-508.6099
-767.35
-906.2243
-1035.306
1299.089
1378.429
1421.973
1510.527
1639.232
0
0
0
0
0
-2334.665
-2552.023
-469.3635
-712.6741
-864.1107
1303.373
1354.97
1424.835
1479.919
1637.078
0
0
0
0
0
-2224.798
-2160.676
-2519.307
-435.0833
-684.8215
1631.426
1560.015
1721.261
1519.477
1661.794
1873.976
1445.059
1588.051
1788.437
2072.878
1417.693
1533.507
1701.444
1944.233
2411.531
1373.493
1463.448
1641.241
1852.655
2234.745
0
1347.245
1477.104
1535.704
1756.724
2076.793
0
0
1308.412
1397.057
1508.97
1693.608
1963.016
0
0
0
1280.257
1356.84
1470.13
1596.355
1824.466
0
0
0
0
1286.882
1354.603
1434.452
1548.047
1746.077
0
0
0
0
0
1265.505
1360.058
1435.797
1504.351
1654.193
0
0
0
0
0
-2238.066
1272.292
1360.79
1389.78
1487.405
1601.582
0
0
0
0
0
-1873.08
-1913.924
1306.273
1372.91
1424.383
1483.217
1629.093
0
0
0
0
0
-1545.444
-1611.224
-1690.624
1269.579
1372.284
1426.029
1515.094
1628.912
0
0
0
0
0
-1247.2
-1341.102
-1439.797
-1528.351
1275.234
1374.608
1417.464
1497.953
1652.47
0
0
0
0
0
-951.9505
-1088.019
-1206.063
-1312.079
-1432.7
1273.664
1372.498
1429.567
1515.318
1640.541
0
0
0
0
0
-590.1311
-832.495
-987.6448
-1102.085
-1233.033
1296.169
1347.546
1415.512
1498.638
1650.428
0
0
0
0
0
-2663.231
-510.8964
-766.7504
-908.6982
-1039.923
1294.619
1376.999
1427.146
1495.149
1654.774
0
0
0
0
0
-2333.896
-2534.658
-467.2906
-709.886
-862.3741
1311.929
1357.577
1437.304
1506.729
1663.331
0
0
0
0
0
-2209.056
-2169.69
-2503.123
-427.3756
-677.5788
1301.415
1365.946
1415.425
1509.981
1631.281
0
0
0
0
0
-2150.795
-2045.038
-2050.393
-2455.527
-409.1994
1561.04
1722.239
1491.472
1654.549
1836.782
1451.1
1603.278
1751.971
2045.293
1406.166
1532.137
1686.218
1936.986
2351.258
1370.375
1504.747
1618.459
1830.047
2190.398
0
1331.166
1453.412
1541.366
1754.206
2067.593
0
0
1304.198
1424.719
1536.138
1638.441
1945.13
0
0
0
1250.804
1381.005
1454.934
1591.528
1857.633
0
0
0
0
1276.109
1366.051
1416.424
1541.602
1740.782
0
0
0
0
0
1284.274
1362.695
1400.75
1504.166
1672.599
0
0
0
0
0
-2238.62
1284.951
1341.574
1413.543
1508.617
1627.078
0
0
0
0
0
-1878.805
-1919.746
1273.058
1340.426
1417.574
1465.966
1616.994
0
0
0
0
0
-1554.373
-1621.143
-1702.609
1304.106
1378.734
1432.718
1507.249
1619.69
0
0
0
0
0
-1255.04
-1348.634
-1447.42
-1541.567
1305.923
1346.555
1435.156
1510.31
1658.758
0
0
0
0
0
-956.5068
-1095.044
-1215.938
-1320.218
-1447.929
1278.72
1339.146
1434.52
1500.62
1646.799
0
0
0
0
0
-595.8629
-837.9389
-994.7769
-1111.051
-1245.588
1279.482
1351.861
1432.336
1517.553
1665.203
0
0
0
0
0
-2635.103
-512.0531
-766.6128
-912.8873
-1047.803
1295.103
1364.398
1412.231
1501.846
1652.735
0
0
0
0
0
-2320.826
-2586.737
-469.0723
-709.0038
-864.565
1327.83
1362.864
1436.657
1510.818
1649.321
0
0
0
0
0
-2196.816
-2172.337
-2486.179
-425.4267
-674.7783
1290.435
1377.348
1415.823
1524.281
1662.252
0
0
0
0
0
-2136.063
-2030.61
-2060.953
-2440.064
-401.7986
1318.878
1369.96
1429.325
1498.71
1665.102
0
0
0
0
0
-2103.857
-1966.493
-1925.367
-1950.603
-2377.916
1499.983
1646.968
1841.443
1456.017
1577.811
1754.901
2005.387
1400.987
1529.533
1686.812
1895.898
2320.378
1347.547
1477.061
1605.175
1815.493
2178.239
0
1333.126
1451.381
1572.282
1731.817
2041.109
0
0
1308.027
1412.041
1513.253
1639.092
1941.422
0
0
0
1292.252
1373.263
1478.43
1619.598
1804.582
0
0
0
0
1273.487
1326.821
1434.128
1527.333
1734.552
0
0
0
0
0
1273.14
1354.266
1420.209
1482.884
1668.172
0
0
0
0
0
-2231.155
1284.064
1364.345
1416.858
1464.856
1626.503
0
0
0
0
0
-1880.798
-1920.153
1288.161
1357.834
1408.849
1490.666
1638.577
0
0
0
0
0
-1559.181
-1626.093
-1707.603
1286.636
1339.992
1404.319
1499.016
1603.562
0
0
0
0
0
-1263.283
-1355.943
-1455.904
-1552.063
1302.123
1379.618
1444.696
1517.4
1652.206
0
0
0
0
0
-963.7402
-1101.458
-1222.419
-1326.803
-1460.181
1301.515
1382.101
1409.833
1521.712
1656.368
0
0
0
0
0
-600.3051
-841.448
-1000.54
-1119.806
-1253.154
1299.694
1351.703
1405.298
1521.292
1651.351
0
0
0
0
0
-2671.089
-516.3971
-770.5044
-919.0255
-1056.247
1285.475
1364.188
1419.1
1520.035
1670.996
0
0
0
0
0
-2301.224
-2558.895
-470.0488
-708.5028
-868.4407
1299.136
1373.848
1422.034
1495.441
1656.869
0
0
0
0
0
-2182.155
-2159.778
-2548.766
-426.952
-673.8187
1272.873
1390.737
1431.359
1525.763
1665.732
0
0
0
0
0
-2125.325
-2019.307
-2066.453
-2423.577
-399.9562
1329.511
1361.773
1442.733
1500.928
1680.803
0
0
0
0
0
-2107.194
-1952.981
-1912.013
-1961.891
-2363.075
1343.957
1385.228
1439.141
1517.356
1653.009
0
0
0
0
0
-2089.286
-1917.667
-1843.763
-1820.771
-1871.342
1439.78
1581.072
1742.761
2007.753
1399.123
1535.249
1659.592
1899.388
2278.265
1368.335
1471.978
1603.659
1811.114
2132.412
0
1312.028
1429.713
1536.476
1712.301
2026.191
0
0
1275.719
1407.815
1512.182
1669.015
1916.35
0
0
0
1298.391
1383.509
1466.092
1597.478
1802.29
0
0
0
0
1289.498
1368.906
1425.648
1551.551
1761.532
0
0
0
0
0
1276.492
1355.067
1385.779
1505.252
1653.79
0
0
0
0
0
-2214.458
1263.261
1351.525
1408.234
1492.344
1604.32
0
0
0
0
0
-1874.216
-1913.938
1258.978
1358.328
1420.839
1494.73
1588.29
0
0
0
0
0
-1559.23
-1627.384
-1707.907
1280.466
1364.299
1416.079
1489.915
1628.389
0
0
0
0
0
-1265.989
-1359.939
-1460.255
-1556.533
1294.193
1368.107
1403.278
1484.138
1642.797
0
0
0
0
0
-968.5849
-1108.418
-1228.577
-1334.369
-1469.932
1306.104
1379.851
1442.61
1531.379
1665.096
0
0
0
0
0
-606.3932
-847.2141
-1005.901
-1125.612
-1259.241
1308.447
1378.818
1446.319
1496.792
1674.415
0
0
0
0
0
-2715.859
-520.1383
-773.2168
-924.0357
-1064.47
1278.31
1377.194
1413.158
1495.927
1675.546
0
0
0
0
0
-2321.504
-2608.879
-473.4575
-711.5311
-874.2151
1297.803
1369.037
1428.385
1510.381
1675.178
0
0
0
0
0
-2166.55
-2141.401
-2521.155
-427.885
-673.2308
1282.656
1373.405
1437.273
1509.558
1651.013
0
0
0
0
0
-2114.409
-2006.341
-2054.339
-2494.203
-401.4163
1329.341
1356.6
1453.866
1518.972
1683.678
0
0
0
0
0
-2096.84
-1943.195
-1901.457
-1969.218
-2347.156
1316.097
1398.578
1431.178
1531.296
1658.142
0
0
0
0
0
-2075.833
-1922.598
-1831.243
-1808.249
-1882.59
1336.347
1410.962
1445.552
1530.111
1676.804
0
0
0
0
0
-2073.333
-1902.87
-1793.873
-1738.028
-1742.891
1378.907
1511.901
1660.83
1884.822
2277.729
1338.365
1469.187
1606.799
1780.768
2137.105
0
1324.706
1431.601
1534.673
1710.897
2016.362
0
0
1287.576
1389.925
1491.276
1626.258
1892.944
0
0
0
1277.48
1351.31
1458.057
1595.004
1828.724
0
0
0
0
1255.965
1372.737
1435.295
1539.224
1739.322
0
0
0
0
0
1265.943
1365.927
1422.21
1494.088
1677.093
0
0
0
0
0
-2192.042
1280.332
1360.569
1407.249
1463.498
1629.446
0
0
0
0
0
-1862.382
-1900.272
1286.972
1345.164
1408.72
1485.658
1622.475
0
0
0
0
0
-1555.469
-1621.876
-1702.578
1279.948
1339.278
1414.505
1502.776
1632.502
0
0
0
0
0
-1266.13
-1359.921
-1461.113
-1556.775
1270.799
1359.762
1423.332
1497.463
1633.643
0
0
0
0
0
-970.8964
-1110.871
-1231.966
-1338.317
-1474.119
1275.06
1373.622
1428.626
1491.327
1630.162
0
0
0
0
0
-612.3549
-851.5108
-1011.913
-1131.056
-1266.329
1286.837
1386.681
1449.466
1530.689
1681.53
0
0
0
0
0
-2701.723
-525.3091
-777.9363
-928.7471
-1069.921
1291.663
1384.023
1440.662
1536
1650.717
0
0
0
0
0
-2307.232
-2667.597
-476.6825
-713.7788
-878.8937
1310.316
1356.011
1441.831
1502.495
1653.529
0
0
0
0
0
-2153.706
-2165.835
-2580.914
-430.8384
-675.9873
1293.754
1380.862
1431.971
1518.819
1669.538
0
0
0
0
0
-2099.753
-1991.511
-2036.912
-2467.041
-402.4014
1317.107
1365.697
1434.528
1528.492
1667.986
0
0
0
0
0
-2088.759
-1933.255
-1889.719
-1957.539
-2420.774
1331.215
1397.24
1428.344
1540.749
1677.586
0
0
0
0
0
-2065.784
-1913.262
-1822.202
-1798.28
-1890.353
1348.566
1386.417
1456.296
1526.016
1690.342
0
0
0
0
0
-2060.325
-1890.464
-1799.925
-1726.275
-1730.946
1346.255
1402.151
1472.302
1535.286
1691.362
0
0
0
0
0
-2056.037
-1886.644
-1779.027
-1687.945
-1661.682
1324.029
1453.659
1583.432
1779.977
2118.035
0
1332.724
1412.463
1528.134
1709.124
1983.729
0
0
1297.933
1399.491
1481.339
1625.338
1889.657
0
0
0
1238.89
1357.863
1444.56
1573.726
1780.34
0
0
0
0
1285.172
1363.309
1407.26
1527.195
1735.551
0
0
0
0
0
1288.159
1336.481
1425.201
1505.394
1664.026
0
0
0
0
0
-2163.377
1294.857
1355.117
1419.45
1496.556
1618.235
0
0
0
0
0
-1851.23
-1882.12
1283.716
1344.1
1428.456
1484.555
1597.885
0
0
0
0
0
-1545.615
-1611.976
-1691.08
1293.967
1362.458
1408.389
1491.519
1623.197
0
0
0
0
0
-1262.922
-1356.733
-1456.386
-1552.012
1306.74
1356.284
1408.855
1496.201
1646.75
0
0
0
0
0
-972.0727
-1110.938
-1231.923
-1338.938
-1474.336
1291.931
1347.638
1415.943
1507.612
1642.871
0
0
0
0
0
-617.1087
-853.4063
-1014.129
-1134.056
-1270.053
1276.686
1350.668
1434.776
1515.418
1643.93
0
0
0
0
0
-2694.093
-530.6006
-781.7552
-934.1496
-1075.01
1303.156
1366.371
1449.241
1538.803
1684.627
0
0
0
0
0
-2299.347
-2652.678
-481.1699
-717.87
-883.2899
1306.341
1370.124
1447.721
1531.137
1691.468
0
0
0
0
0
-2171.357
-2152.147
-2648.211
-433.8053
-678.0522
1284.117
1381.277
1423.719
1529.859
1660.284
0
0
0
0
0
-2109.486
-1979.367
-2064.505
-2536.207
-405.2842
1307.062
1367.486
1447.012
1524.11
1678.351
0
0
0
0
0
-2073.55
-1919.622
-1875.532
-1940.918
-2394.461
1327.962
1392.607
1437.195
1524.107
1689.054
0
0
0
0
0
-2056.156
-1905.551
-1813.009
-1787.412
-1879.1
1363.957
1402.34
1456.24
1522.986
1701.763
0
0
0
0
0
-2047.883
-1881.161
-1791.375
-1717.802
-1721.399
1360.429
1418.363
1450.507
1543.743
1689.887
0
0
0
0
0
-2040.858
-1874.558
-1767.488
-1694.589
-1650.467
1394.024
1422.826
1460.627
1560.367
1695.531
0
0
0
0
0
-2038.231
-1869.304
-1762.771
-1673.099
-1612.708
1299.941
1394.021
1517.82
1687.146
1978.951
0
0
1296.839
1401.931
1469.894
1612.761
1884.803
0
0
0
1290.415
1371.463
1446.762
1552.221
1780.078
0
0
0
0
1244.553
1321.672
1407.117
1514.888
1712.878
0
0
0
0
0
1270.649
1351.55
1423.976
1474.01
1648.924
0
0
0
0
0
-2123.768
1301.192
1361.519
1402.256
1498.424
1628.486
0
0
0
0
0
-1836.305
-1859.05
1302.066
1369.997
1412.496
1495.401
1628.075
0
0
0
0
0
-1538.1
-1603.068
-1675.987
1294.172
1354.537
1402.121
1510.904
1622.289
0
0
0
0
0
-1254.619
-1348.798
-1447.893
-1541.89
1283.733
1370.064
1423.187
1494.337
1637.301
0
0
0
0
0
-968.3655
-1108.184
-1229.157
-1334.713
-1469.876
1309.798
1383.086
1413.692
1492.927
1641.426
0
0
0
0
0
-616.6232
-854.1403
-1014.152
-1134.005
-1270.591
1275.892
1373.585
1412.687
1499.759
1656.768
0
0
0
0
0
-2691.1
-534.591
-783.3246
-936.1955
-1077.817
1282.705
1355.315
1419.877
1523.631
1669.065
0
0
0
0
0
-2336.276
-2644.633
-485.9465
-721.3606
-888.3749
1296.712
1381.662
1431.255
1539.425
1694.763
0
0
0
0
0
-2165.822
-2144.785
-2632.742
-437.8958
-681.8554
1309.178
1387.038
1432.299
1539.399
1688.941
0
0
0
0
0
-2101.078
-1998.816
-2051.292
-2614.72
-408.1877
1309.864
1363.351
1441.977
1516.312
1688.354
0
0
0
0
0
-2060.888
-1930.876
-1863.934
-1970.208
-2470.292
1326.599
1388.628
1431.395
1538.597
1684.675
0
0
0
0
0
-2042.374
-1891.628
-1800.187
-1773.827
-1863.155
1336.384
1400.362
1450.055
1531.227
1686.193
0
0
0
0
0
-2040.918
-1872.462
-1783.994
-1709.189
-1711.063
1358.266
1430.822
1463.997
1545.273
1687.406
0
0
0
0
0
-2031.21
-1863.393
-1758.79
-1686.629
-1642.376
1394.059
1431.924
1476.257
1544.39
1703.923
0
0
0
0
0
-2024.235
-1855.748
-1751.47
-1662.245
-1619.378
1385.608
1469.603
1491.263
1550.354
1723.414
0
0
0
0
0
-2034.198
-1851.852
-1745.575
-1656.913
-1598.189
1314.371
1364.923
1454.191
1605.235
1860.431
0
0
0
1276.686
1362.368
1447.568
1547.925
1763.908
0
0
0
0
1292.556
1360.845
1417.859
1513.079
1684.485
0
0
0
0
0
1249.552
1319.003
1391.142
1474.715
1636.623
0
0
0
0
0
-2092.216
1277.06
1342.6
1406.878
1496.057
1595.547
0
0
0
0
0
-1812.41
-1827.321
1280.033
1372.062
1415.825
1478.534
1631.026
0
0
0
0
0
-1521.958
-1591.259
-1656.891
1304.915
1376.078
1429.761
1490.615
1632.473
0
0
0
0
0
-1247.462
-1342.221
-1440.576
-1528.725
1297.679
1369.61
1420.374
1484.418
1656.188
0
0
0
0
0
-962.6206
-1101.21
-1222.564
-1327.122
-1460.456
1281.694
1360.063
1432.263
1510.573
1643.583
0
0
0
0
0
-612.1932
-851.3974
-1011.757
-1131.509
-1266.625
1281.383
1389.643
1445.986
1498.775
1643.414
0
0
0
0
0
-2690.987
-534.2989
-783.7942
-936.1974
-1077.766
1289.837
1360.721
1435.261
1500.498
1649.446
0
0
0
0
0
-2335.314
-2641.567
-489.3917
-722.7251
-890.318
1283.052
1363.594
1423.033
1505.285
1677.946
0
0
0
0
0
-2163.606
-2185.347
-2624.345
-442.3471
-685.1601
1298.603
1378.983
1447.056
1521.736
1696.652
0
0
0
0
0
-2094.68
-1993.504
-2044.277
-2599.027
-412.113
1308.611
1387.042
1453.433
1519.329
1698.606
0
0
0
0
0
-2052.83
-1922.954
-1884.578
-1957.488
-2564.287
1316.199
1389.003
1431.763
1530.509
1678.377
0
0
0
0
0
-2030.451
-1879.923
-1812.383
-1762.747
-1892.294
1341.878
1396.176
1457.062
1522.254
1701.3
0
0
0
0
0
-2026.04
-1859.987
-1771.044
-1697.059
-1698.003
1357.481
1403.257
1465.467
1539.206
1694.556
0
0
0
0
0
-2022.918
-1856.982
-1750.795
-1679.57
-1634.155
1406.366
1435.172
1493.52
1556.875
1706.104
0
0
0
0
0
-2012.843
-1846.585
-1741.289
-1654.033
-1611.804
1416.033
1468.469
1496.334
1567.452
1709.877
0
0
0
0
0
-2019.456
-1839.101
-1733.266
-1646.248
-1587.823
1392.834
1457.365
1538.001
1588.579
1712.895
0
0
0
0
0
-2027.445
-1847.739
-1728.554
-1639.92
-1582.398
1279.171
1372.911
1409.492
1529.574
1756.556
0
0
0
0
1270.274
1342.169
1408.633
1509.488
1683.895
0
0
0
0
0
1281.496
1362.546
1409.334
1482.98
1632.229
0
0
0
0
0
-2067.927
1227.508
1311.653
1371.611
1467.178
1596.292
0
0
0
0
0
-1794.399
-1802.223
1286.599
1353.029
1412.174
1481.272
1627.194
0
0
0
0
0
-1505.672
-1572.247
-1630.657
1289.687
1355.432
1427.782
1496.878
1617.133
0
0
0
0
0
-1238.6
-1329.269
-1430.966
-1512.087
1299.079
1377.365
1439.666
1514.737
1631.296
0
0
0
0
0
-957.4826
-1095.233
-1216.748
-1320.781
-1448.25
1270.837
1375.36
1435.647
1508.794
1634.582
0
0
0
0
0
-606.952
-846.5789
-1005.757
-1125.74
-1259.507
1290.012
1359.81
1430.081
1519.011
1660.731
0
0
0
0
0
-2693.758
-530.5279
-781.6986
-934.0368
-1075.415
1279.097
1364.203
1453.204
1533.905
1649.78
0
0
0
0
0
-2335.15
-2641.46
-489.2194
-723.0537
-890.3138
1279.707
1360.33
1426.333
1525.635
1655.856
0
0
0
0
0
-2161.862
-2184.39
-2621.175
-445.4584
-686.4295
1281.331
1363.581
1427.802
1516.585
1659.767
0
0
0
0
0
-2094.623
-1991.225
-2087.667
-2590.435
-416.3945
1304.451
1368.325
1440.906
1537.473
1680.941
0
0
0
0
0
-2048.722
-1917.191
-1879.469
-1950.787
-2548.801
1322.178
1387.557
1450.065
1543.809
1676.133
0
0
0
0
0
-2023.313
-1872.832
-1804.861
-1783.897
-1880.068
1329.3
1392.454
1448.705
1524.645
1689.632
0
0
0
0
0
-2016.453
-1849.129
-1760.062
-1709.68
-1687.381
1364.436
1417.02
1463.445
1550.756
1685.402
0
0
0
0
0
-2010.343
-1843.753
-1739.293
-1667.396
-1622.56
1387.796
1429.141
1469.251
1560.725
1701.491
0
0
0
0
0
-2007.784
-1839.342
-1735.297
-1646.577
-1605.023
1415.016
1478.714
1504.687
1585.695
1722.46
0
0
0
0
0
-2009.093
-1828.757
-1724.568
-1636.791
-1579.964
1424.439
1490.212
1544.688
1593.713
1731.078
0
0
0
0
0
-2014.543
-1834.488
-1716.812
-1628.513
-1572.2
1424.335
1463.746
1528.569
1637.693
1757.986
0
0
0
0
0
-2019.393
-1841.514
-1724.486
-1623.281
-1565.866
1281.921
1338.837
1418.263
1470.687
1662.8
0
0
0
0
0
1261.843
1330.4
1392.636
1472.804
1625.873
0
0
0
0
0
-2053.488
1288.212
1349.425
1412.831
1479.614
1603.149
0
0
0
0
0
-1778.088
-1782.835
1280.966
1306.502
1369.841
1445.188
1599.928
0
0
0
0
0
-1491.791
-1557.683
-1610.08
1280.142
1365.474
1410.397
1492.797
1616.982
0
0
0
0
0
-1225.999
-1316.44
-1415.343
-1489.145
1291.799
1362.151
1414.055
1508.789
1639.604
0
0
0
0
0
-952.3412
-1088.174
-1206.042
-1312.495
-1432.762
1288.552
1378.151
1438.917
1525.462
1663.132
0
0
0
0
0
-599.9393
-842.1037
-1000.682
-1120.431
-1253.64
1287.597
1353.678
1439.556
1524.502
1660.84
0
0
0
0
0
-2702.187
-525.6932
-777.586
-928.6567
-1070.041
1296.473
1376.937
1427.042
1521.032
1669.814
0
0
0
0
0
-2336.971
-2644.426
-485.9256
-721.3312
-888.2773
1291.495
1364.842
1439.993
1544.655
1687.855
0
0
0
0
0
-2161.967
-2184.283
-2621.074
-445.3505
-686.7099
1298.816
1359.03
1427.309
1517.934
1682.216
0
0
0
0
0
-2095.842
-1990.032
-2086.711
-2587.191
-419.3499
1297.904
1357.659
1432.879
1519.49
1677.494
0
0
0
0
0
-2047.977
-1916.822
-1877.137
-1995.517
-2540.247
1330.539
1390.591
1436.721
1533.261
1696.46
0
0
0
0
0
-2020.302
-1868.873
-1799.527
-1779.024
-1873.659
1353.569
1394.171
1454.032
1541.159
1704.035
0
0
0
0
0
-2009.19
-1842.84
-1753.625
-1702.553
-1708.185
1336.046
1404.982
1456.338
1541.393
1688.397
0
0
0
0
0
-2001.321
-1834.797
-1729.199
-1657.029
-1635.01
1401.043
1445.684
1486.318
1559.013
1715.182
0
0
0
0
0
-2006.513
-1827.941
-1723.253
-1635.827
-1593.397
1403.628
1461.327
1496.483
1560.402
1726.831
0
0
0
0
0
-2002.289
-1824.08
-1718.074
-1631.143
-1572.861
1412.918
1494.575
1544.772
1598.021
1751.388
0
0
0
0
0
-2003.035
-1824.927
-1707.301
-1620.238
-1563.202
1375.549
1491.986
1560.14
1647.603
1763.886
0
0
0
0
0
-2007.425
-1829.634
-1712.404
-1612.307
-1555.025
1426.547
1496.651
1524.763
1629.164
1813.242
0
0
0
0
0
-2023.212
-1833.98
-1718.729
-1619.213
-1549.737
1284.721
1342.925
1384.822
1476.904
1586.081
0
0
0
0
0
-2050.204
1282.449
1334.62
1383.367
1458.39
1593.17
0
0
0
0
0
-1771.705
-1771.723
1277.228
1360.198
1400.146
1485.493
1608.823
0
0
0
0
0
-1482.981
-1544.587
-1594.167
1279.72
1348.837
1375.135
1450.207
1582.534
0
0
0
0
0
-1218.997
-1305.097
-1403.247
-1471.307
1277.68
1345.647
1424.32
1493.758
1637.018
0
0
0
0
0
-944.6193
-1078.423
-1195.611
-1298.875
-1411.187
1298.117
1374.727
1419.748
1492.827
1655.413
0
0
0
0
0
-596.1186
-838.2788
-994.9136
-1111.084
-1245.946
1297.971
1367.02
1441.398
1525.734
1675.611
0
0
0
0
0
-2716.303
-520.0273
-773.6652
-924.1518
-1065.025
1284.539
1364.197
1422.417
1528.346
1678.263
0
0
0
0
0
-2300.475
-2653.048
-481.4427
-717.6675
-883.217
1300.281
1378.386
1439.751
1515.821
1677.111
0
0
0
0
0
-2163.468
-2185.839
-2624.229
-442.3524
-685.1389
1295.504
1377.37
1432.386
1530.111
1701.543
0
0
0
0
0
-2095.419
-1990.131
-2086.638
-2587.096
-419.2632
1292.413
1377.744
1429.695
1519.856
1675.716
0
0
0
0
0
-2048.837
-1917.712
-1876.265
-1994.596
-2537.004
1298.528
1374.338
1420.972
1521.615
1679.204
0
0
0
0
0
-2021.122
-1868.153
-1798.922
-1776.711
-1917.767
1329.098
1413.521
1455.635
1534.077
1692.863
0
0
0
0
0
-2006.087
-1839.767
-1749.781
-1697.562
-1703.533
1350.951
1426.474
1463.911
1546.705
1702.16
0
0
0
0
0
-1993.315
-1828.34
-1723.477
-1651.086
-1628.207
1402.775
1417.43
1477.407
1550.562
1703.605
0
0
0
0
0
-1999.317
-1819.512
-1714.769
-1626.351
-1583.489
1411.524
1488.815
1511.668
1584.403
1724.715
0
0
0
0
0
-2003.654
-1824.038
-1707.558
-1619.972
-1562.617
1411.349
1485.442
1527.99
1595.341
1724.308
0
0
0
0
0
-1998.812
-1819.092
-1702.915
-1614.276
-1557.801
1431.43
1490.112
1563.512
1646.529
1765.158
0
0
0
0
0
-2007.078
-1819.296
-1703.502
-1603.429
-1547.087
1419.999
1452.831
1560.779
1660.296
1824.895
0
0
0
0
0
-2009.836
-1823.031
-1707.681
-1607.991
-1539.278
1405.807
1491.786
1566.255
1622.295
1806.256
0
0
0
0
0
-2021.879
-1837.439
-1711.674
-1613.726
-1545.761
1256.232
1346.782
1387.923
1450.822
1595.638
0
0
0
0
0
-1774.962
-1769.582
1301.423
1347.605
1390.626
1457.262
1584.558
0
0
0
0
0
-1479.341
-1539.755
-1585.346
1288.639
1344.841
1412.266
1475.109
1621.889
0
0
0
0
0
-1213.479
-1298.113
-1392.418
-1457.543
1282.02
1350.022
1408.812
1458.975
1593.59
0
0
0
0
0
-942.3463
-1072.886
-1186.114
-1288.287
-1394.539
1282.575
1357.954
1402.389
1507.989
1641.048
0
0
0
0
0
-590.5276
-832.7884
-987.1553
-1102.044
-1233.135
1259.42
1380.013
1433.381
1500.283
1640.344
0
0
0
0
0
-2672.047
-516.6316
-770.794
-919.1485
-1056.294
1304.286
1381.132
1428.656
1529.702
1680.388
0
0
0
0
0
-2306.985
-2667.839
-476.6978
-714.1099
-878.9993
1307.444
1359.75
1422.982
1510.365
1683.815
0
0
0
0
0
-2165.07
-2145.55
-2633.043
-438.1058
-681.6998
1285.624
1383.122
1441.107
1531.673
1673.081
0
0
0
0
0
-2094.623
-1991.187
-2088.02
-2590.374
-416.4072
1280.963
1378.509
1444.796
1522.378
1688.466
0
0
0
0
0
-2049.854
-1917.416
-1876.355
-1994.541
-2536.913
1297.385
1370.534
1441.262
1519.702
1679.487
0
0
0
0
0
-2029.481
-1868.943
-1799.587
-1776.024
-1916.909
1340.36
1373.691
1443.27
1512.689
1679.055
0
0
0
0
0
-2008.169
-1840.332
-1749.051
-1696.85
-1701.29
1341.463
1410.882
1480.457
1550.445
1697.539
0
0
0
0
0
-1992.455
-1825.627
-1720.393
-1647.399
-1623.457
1406.563
1429.656
1496.746
1559.523
1710.494
0
0
0
0
0
-1992.78
-1812.513
-1708.882
-1621.066
-1577.857
1413.552
1492.631
1499.259
1578.293
1716.052
0
0
0
0
0
-1995.219
-1817.14
-1699.568
-1611.924
-1553.579
1408.989
1493.54
1559.987
1610.845
1751.801
0
0
0
0
0
-1997.975
-1820.933
-1703.692
-1604.452
-1547.184
1419.84
1491.261
1559.362
1630.923
1766.155
0
0
0
0
0
-2002.226
-1815.271
-1698.341
-1599.294
-1541.438
1387.576
1501.221
1556.986
1666.291
1824.431
0
0
0
0
0
-1999.881
-1823.258
-1698.245
-1599.616
-1530.818
1418.897
1497.16
1521.422
1661.246
1837.788
0
0
0
0
0
-2008.449
-1825.333
-1701.554
-1603.331
-1535.088
1412.921
1476.509
1556.098
1663.836
1796.144
0
0
0
0
0
-2009.938
-1836.164
-1714.907
-1606.979
-1540.486
1277.775
1320.527
1396.197
1456.678
1577.703
0
0
0
0
0
-1485.543
-1543.536
-1583.979
1287.81
1370.116
1401.885
1467.234
1593.394
0
0
0
0
0
-1214.035
-1295.771
-1388.67
-1450.109
1311.809
1360.79
1398.295
1491.745
1613.987
0
0
0
0
0
-942.0766
-1068.941
-1180.423
-1278.855
-1381.764
1303.773
1342.671
1411.073
1494.547
1607.187
0
0
0
0
0
-589.4626
-831.7321
-982.6882
-1093.683
-1223.211
1293.909
1353.491
1420.127
1486.821
1657.934
0
0
0
0
0
-2634.888
-512.3802
-766.8563
-912.5385
-1047.784
1309.871
1337.31
1441.57
1522.034
1651.862
0
0
0
0
0
-2322.229
-2609.594
-473.6622
-711.7836
-874.3308
1318.138
1386.438
1444.635
1518.277
1684.58
0
0
0
0
0
-2171.72
-2152.047
-2648.35
-433.8747
-678.3412
1291.793
1388.072
1430.663
1513.625
1666.7
0
0
0
0
0
-2093.95
-1993.039
-2044.814
-2599.285
-412.2998
1308.553
1363.435
1446.43
1533.44
1690.909
0
0
0
0
0
-2048.333
-1916.826
-1877.153
-1995.788
-2540.203
1304.525
1353.681
1442.177
1537.78
1680.496
0
0
0
0
0
-2028.852
-1869.611
-1799.372
-1776.105
-1916.86
1332.84
1382.99
1430.566
1533.154
1678.189
0
0
0
0
0
-2008.26
-1848.365
-1749.751
-1697.395
-1700.679
1346.461
1420.464
1449.572
1536.918
1675.634
0
0
0
0
0
-2006.99
-1826.975
-1720.736
-1646.69
-1622.738
1405.779
1419.692
1480.23
1577.114
1713.608
0
0
0
0
0
-1989.722
-1811.601
-1706.394
-1618.064
-1574.323
1407.402
1493.052
1495.008
1594.116
1725.463
0
0
0
0
0
-1989.759
-1811.349
-1693.235
-1606.487
-1548.572
1408.702
1490.395
1565.62
1599.666
1748.515
0
0
0
0
0
-1989.33
-1813.05
-1697.031
-1596.872
-1539.483
1401.525
1484.74
1564.998
1666.127
1780.811
0
0
0
0
0
-1994.593
-1815.385
-1700.479
-1600.565
-1532.082
1417.636
1495.246
1561.104
1662.891
1810.253
0
0
0
0
0
-1994.406
-1818.957
-1694.397
-1594.925
-1526.869
1434.271
1461.427
1570.062
1656.877
1843.544
0
0
0
0
0
-1997.598
-1816.247
-1702.188
-1594.561
-1527.085
1411.932
1496.526
1564.685
1621.307
1837.294
0
0
0
0
0
-1998.413
-1824.051
-1703.81
-1597.498
-1530.554
1400.796
1494.231
1544.73
1648.701
1837.772
0
0
0
0
0
-1992.93
-1825.187
-1713.733
-1609.974
-1533.993
1288.596
1344.3
1377.233
1468.394
1589.547
0
0
0
0
0
-1220.199
-1301.891
-1392.709
-1449.191
1297.972
1359.884
1427.213
1479.521
1608.025
0
0
0
0
0
-943.7777
-1070.171
-1178.945
-1275.764
-1374.95
1318.043
1374.389
1419.851
1477.713
1636.442
0
0
0
0
0
-586.2344
-831.986
-979.8319
-1088.778
-1214.427
1287.606
1374.426
1400.383
1495.797
1644.584
0
0
0
0
0
-2664.651
-511.4191
-766.645
-908.7058
-1039.926
1293.332
1370.297
1411.039
1509.873
1638.98
0
0
0
0
0
-2300.793
-2558.837
-470.3243
-708.7104
-868.1409
1289.637
1385.108
1409.673
1531.414
1677.929
0
0
0
0
0
-2153.721
-2166.322
-2581.458
-431.0184
-676.2224
1306.617
1400.717
1449.536
1536.993
1675.171
0
0
0
0
0
-2101.108
-1999.008
-2051.269
-2614.811
-408.2698
1309.689
1368.915
1449.551
1522.181
1672.721
0
0
0
0
0
-2046.904
-1916.714
-1879.175
-1951.194
-2549.039
1326.067
1387.958
1435.317
1538.673
1692.831
0
0
0
0
0
-2019.737
-1868.409
-1798.933
-1776.752
-1918.006
1313.148
1380.769
1420.372
1534.231
1697.628
0
0
0
0
0
-2009.241
-1847.887
-1750.198
-1697.225
-1700.755
1338.863
1415.925
1453.496
1519.063
1693.715
0
0
0
0
0
-2010.381
-1827.274
-1728.462
-1647.33
-1623.238
1392.72
1429.787
1485.526
1542.77
1700.36
0
0
0
0
0
-1993.222
-1825.594
-1707.242
-1618.293
-1573.646
1397.232
1477.969
1497.365
1577.611
1741.591
0
0
0
0
0
-1987.187
-1808.747
-1692.292
-1604.184
-1545.684
1422.159
1496.507
1566.36
1592.271
1760.638
0
0
0
0
0
-1985.547
-1808.216
-1691.737
-1591.035
-1534.334
1409.059
1479.722
1558.9
1672.465
1771.791
0
0
0
0
0
-1985.153
-1807.537
-1693.021
-1594.184
-1524.829
1395.034
1477.188
1558.158
1670.458
1845.786
0
0
0
0
0
-1997.388
-1811.98
-1695.137
-1597.242
-1528.269
1412.542
1489.903
1562.808
1665.225
1842.317
0
0
0
0
0
-1992.985
-1811.383
-1698.273
-1590.899
-1522.661
1416.584
1500.25
1535.095
1669.164
1832.012
0
0
0
0
0
-1997.103
-1814.232
-1695.42
-1598.375
-1522.209
1417.499
1484.211
1562.696
1664.939
1796.47
0
0
0
0
0
-1979.89
-1814.546
-1702.654
-1599.633
-1524.954
1434.08
1475.844
1562.364
1642.56
1820.086
0
0
0
0
0
-1977.342
-1808.995
-1703.548
-1608.828
-1536.84
1292.752
1351.643
1397.602
1455.998
1606.287
0
0
0
0
0
-952.1289
-1076.344
-1184.923
-1279.868
-1374.21
1304.598
1365.002
1418.581
1504.505
1622.661
0
0
0
0
0
-587.7558
-834.3315
-981.4849
-1087.791
-1211.623
1280.616
1382.015
1427.64
1503.153
1623.755
0
0
0
0
0
-2625.702
-509.0551
-767.3018
-906.4848
-1035.375
1289.497
1353.906
1430.884
1485.13
1648.922
0
0
0
0
0
-2322.15
-2587.769
-469.4588
-708.9508
-864.5652
1284.157
1370.43
1433.685
1496.599
1666.945
0
0
0
0
0
-2165.209
-2141.169
-2521.182
-428.1258
-673.4223
1309.253
1372.61
1447.908
1501.335
1688.738
0
0
0
0
0
-2109.919
-1979.423
-2064.842
-2536.648
-405.4521
1311.841
1381.394
1464.427
1542.094
1696.825
0
0
0
0
0
-2052.953
-1922.986
-1884.682
-1957.5
-2564.364
1314.301
1387.033
1434.042
1541.336
1682.196
0
0
0
0
0
-2019.819
-1867.643
-1799.219
-1778.821
-1874.017
1326.668
1406.562
1451.101
1525.825
1698.669
0
0
0
0
0
-2007.958
-1839.462
-1749.235
-1696.867
-1701.337
1335.316
1389.056
1445.428
1512.654
1694.738
0
0
0
0
0
-2010.636
-1827.939
-1728.093
-1647.654
-1623.085
1404.83
1415.412
1480.954
1548.432
1677.945
0
0
0
0
0
-1993.355
-1828.596
-1707.641
-1625.742
-1574.256
1394.673
1477.822
1502.712
1581.813
1707.146
0
0
0
0
0
-1988.847
-1811.634
-1705.774
-1604.77
-1545.884
1397.845
1483.769
1554.573
1593.028
1745.221
0
0
0
0
0
-1983.98
-1806.005
-1689.426
-1590.135
-1532.157
1395.755
1494.681
1570.707
1674.141
1761.45
0
0
0
0
0
-1992.615
-1804.066
-1688.613
-1589.282
-1519.304
1402.485
1486.238
1556.229
1661.268
1853.309
0
0
0
0
0
-1988.455
-1803.299
-1687.842
-1590.185
-1522.153
1396.648
1478.569
1551.492
1662.649
1849.23
0
0
0
0
0
-1994.152
-1814.718
-1691.789
-1592.02
-1524.984
1409.424
1494.949
1558.143
1664.15
1843.109
0
0
0
0
0
-1992.39
-1810.049
-1691.012
-1594.752
-1518.703
1430.573
1497.996
1566.752
1636.9
1844.987
0
0
0
0
0
-1970.32
-1813.914
-1693.659
-1591.782
-1525.884
1422.119
1500.661
1558.804
1660.247
1839.103
0
0
0
0
0
-1963.864
-1797.301
-1693.646
-1598.516
-1526.993
1430.198
1509.818
1549.045
1659.638
1816.091
0
0
0
0
0
-1926.689
-1794.03
-1688.117
-1599.212
-1535.728
1300.002
1359.517
1404.653
1476.969
1599.913
0
0
0
0
0
-596.7179
-842.3422
-987.5586
-1093.597
-1215.665
1310.167
1371.21
1425.426
1503.983
1651.919
0
0
0
0
0
-2643.018
-510.6216
-770.0296
-908.3425
-1034.573
1304.289
1349.362
1438.128
1510.016
1653.745
0
0
0
0
0
-2336.058
-2535.114
-467.6607
-709.8332
-862.5943
1298.384
1358.719
1413.46
1517.626
1638.025
0
0
0
0
0
-2184.452
-2160.693
-2549.541
-427.2576
-673.7814
1286.556
1357.396
1436.863
1525.898
1653.197
0
0
0
0
0
-2098.135
-1990.683
-2036.801
-2467.109
-402.6263
1318.693
1382.296
1446.539
1539.81
1661.581
0
0
0
0
0
-2059.014
-1931.118
-1864.007
-1970.461
-2470.69
1329.289
1384.449
1446.893
1557.341
1701.909
0
0
0
0
0
-2023.204
-1872.955
-1804.895
-1783.96
-1880.09
1344.298
1394.626
1451.775
1526.821
1701.627
0
0
0
0
0
-2007.152
-1839.461
-1748.942
-1697.35
-1703.362
1342.286
1410.135
1475.632
1544.088
1685.614
0
0
0
0
0
-2006.496
-1826.836
-1720.184
-1646.831
-1622.756
1403.922
1407.867
1461.648
1538.879
1675.606
0
0
0
0
0
-1992.042
-1828.734
-1708.096
-1625.441
-1574.535
1391.676
1489.532
1491.848
1576.956
1713.919
0
0
0
0
0
-1990.054
-1811.83
-1708.451
-1605.22
-1553.066
1391.745
1487.497
1557.445
1603.526
1747.603
0
0
0
0
0
-1984.059
-1807.535
-1691.835
-1603.157
-1532.66
1405.484
1481.457
1560.28
1660.131
1763.096
0
0
0
0
0
-1989.732
-1802.676
-1686.617
-1587.2
-1518.459
1418.351
1470.728
1565.088
1677.109
1854.191
0
0
0
0
0
-1984.496
-1810.874
-1684.582
-1586.124
-1517.508
1422.184
1483.288
1559.653
1661.89
1837.556
0
0
0
0
0
-1987.124
-1806.508
-1683.677
-1585.184
-1518.248
1411.247
1467.908
1553.723
1655.813
1839.628
0
0
0
0
0
-1985.164
-1812.131
-1694.516
-1588.681
-1519.923
1416.734
1492.839
1564.531
1659.663
1838.08
0
0
0
0
0
-1965.209
-1809.634
-1689.792
-1587.724
-1522.448
1433.992
1506.334
1563.836
1662.76
1813.512
0
0
0
0
0
-1954.41
-1788.483
-1693.494
-1590.146
-1519.505
1418.099
1495.518
1569.449
1660.677
1833.701
0
0
0
0
0
-1913.753
-1781.943
-1677.442
-1589.898
-1525.913
1426.663
1502.493
1576.518
1647.249
1833.244
0
0
0
0
0
-1831.759
-1745.274
-1673.721
-1584.435
-1526.521
1279.67
1361.12
1417.519
1482.854
1621.886
0
0
0
0
0
-2660.076
-519.0275
-777.728
-914.2632
-1040.207
1307.207
1386.716
1426.224
1508.917
1655.589
0
0
0
0
0
-2335.369
-2552.095
-469.2317
-712.7281
-864.4859
1317.183
1376.234
1415.184
1522.163
1662.196
0
0
0
0
0
-2197.315
-2173.819
-2486.547
-425.7448
-674.7256
1305.005
1372.049
1412.349
1502.632
1674.005
0
0
0
0
0
-2113.095
-2008.025
-2054.985
-2494.826
-401.6911
1321.353
1355.075
1430.383
1529.591
1685.27
0
0
0
0
0
-2071.21
-1918.583
-1875.024
-1940.872
-2394.539
1329.033
1397.04
1448.709
1537.05
1700.335
0
0
0
0
0
-2030.256
-1878.594
-1812.518
-1762.825
-1892.516
1345.978
1411.552
1452.458
1539.348
1718.868
0
0
0
0
0
-2010.256
-1842.729
-1753.73
-1702.587
-1708.235
1343.346
1429.839
1463.086
1545.412
1687.572
0
0
0
0
0
-1993.6
-1826.284
-1720.194
-1646.786
-1623.279
1387.665
1427.232
1479.954
1570.946
1705.152
0
0
0
0
0
-1992.947
-1825.373
-1707.15
-1617.915
-1573.77
1377.84
1488.963
1477.439
1556.994
1701.49
0
0
0
0
0
-1987.419
-1810.949
-1708.523
-1605.554
-1552.794
1412.298
1468.681
1563.037
1588.546
1742.763
0
0
0
0
0
-1983.066
-1808.341
-1692.027
-1605.616
-1533.118
1400.497
1468.343
1559.085
1662.91
1775.221
0
0
0
0
0
-1990.542
-1802.755
-1687.971
-1589.321
-1531.026
1414.528
1486.902
1555.57
1666.913
1840.336
0
0
0
0
0
-1987.955
-1808.387
-1683.271
-1584.305
-1515.561
1411.263
1503.923
1551.393
1666.433
1857.677
0
0
0
0
0
-1985.523
-1803.346
-1691.178
-1582.136
-1514.409
1420.61
1505.462
1561.732
1665.852
1842.339
0
0
0
0
0
-1976.485
-1805.457
-1686.831
-1581.061
-1513.416
1408.152
1487.805
1545.332
1659.928
1832.741
0
0
0
0
0
-1959.308
-1803.444
-1692.406
-1591.301
-1516.666
1407.82
1496.423
1564.451
1667.899
1835.762
0
0
0
0
0
-1951.601
-1783.828
-1689.549
-1586.537
-1515.665
1425.293
1511.816
1572.876
1663.74
1836.324
0
0
0
0
0
-1902.99
-1773.281
-1669.25
-1590.04
-1517.948
1445.023
1496.268
1565.394
1669.61
1837.424
0
0
0
0
0
-1818.579
-1733.476
-1662.703
-1574.501
-1517.628
1429.996
1493.7
1572.574
1670.97
1821.144
0
0
0
0
0
-1832.564
-1654.296
-1626.688
-1570.574
-1512.306
1299.247
1341.746
1414.766
1499.905
1630.389
0
0
0
0
0
-2326.755
-2568.318
-477.1569
-720.1471
-870.2405
1333.702
1369.967
1445.655
1509.951
1662.257
0
0
0
0
0
-2210.391
-2170.14
-2503.201
-427.2681
-677.6204
1321.061
1388.294
1435.029
1500.668
1678.27
0
0
0
0
0
-2126.146
-2019.683
-2067.492
-2423.891
-400.2509
1308.11
1373.259
1434.949
1498.696
1660.521
0
0
0
0
0
-2088.501
-1932.402
-1890.973
-1958.029
-2421.336
1333.973
1395.505
1415.833
1528.1
1689.653
0
0
0
0
0
-2042.631
-1890.064
-1799.517
-1773.493
-1863.129
1337.93
1404.624
1460.181
1542.913
1696.492
0
0
0
0
0
-2017.465
-1849.041
-1759.103
-1709.76
-1687.457
1364.448
1422.857
1474.295
1548.063
1700.544
0
0
0
0
0
-1994.806
-1829.147
-1723.382
-1651.174
-1628.241
1389.147
1431.299
1498.479
1557.336
1707.037
0
0
0
0
0
-1990.195
-1812.408
-1706.808
-1617.923
-1573.793
1403.446
1463.657
1496.847
1578.466
1735.306
0
0
0
0
0
-1988.054
-1811.409
-1705.698
-1604.704
-1545.566
1400.671
1470.999
1561.308
1574.473
1724.005
0
0
0
0
0
-1983.173
-1806.581
-1691.427
-1605.654
-1533.407
1392.26
1498.487
1543.817
1670.099
1757.267
0
0
0
0
0
-1991.22
-1802.2
-1688.52
-1589.507
-1533.366
1379.063
1494.477
1550.09
1665.112
1842.08
0
0
0
0
0
-1993.266
-1808.891
-1683.332
-1585.544
-1517.549
1391.796
1506.157
1564.38
1662.424
1846.482
0
0
0
0
0
-1981.918
-1806.311
-1688.945
-1580.915
-1512.703
1428.849
1497.351
1576.147
1653.999
1842.545
0
0
0
0
0
-1974.828
-1804.134
-1684.169
-1588.44
-1510.525
1394.801
1503.54
1575.896
1666.124
1844.337
0
0
0
0
0
-1959.408
-1795.191
-1686.015
-1584.075
-1509.409
1412.575
1488.583
1561.043
1646.272
1838.464
0
0
0
0
0
-1946.19
-1778.658
-1684.045
-1589.435
-1519.182
1398.671
1487.035
1562.785
1666.362
1844.56
0
0
0
0
0
-1898.702
-1771.134
-1664.945
-1586.37
-1514.515
1425.971
1507.102
1576.792
1672.666
1838.002
0
0
0
0
0
-1809.201
-1724.003
-1654.694
-1566.811
-1517.857
1431.72
1516.806
1572.526
1665.069
1844.853
0
0
0
0
0
-1819.881
-1642.247
-1615.809
-1560.335
-1502.849
1433.721
1486.663
1556.55
1670.333
1843.674
0
0
0
0
0
-1832.163
-1654.395
-1539.174
-1525.213
-1498.949
1306.088
1367.454
1399.515
1496.998
1652.495
0
0
0
0
0
-2224.487
-2159.825
-2518.735
-434.7985
-684.8054
1306.333
1397.25
1422.83
1530.723
1663.475
0
0
0
0
0
-2136.758
-2031.603
-2061.248
-2440.14
-401.7012
1312.263
1396.996
1446.916
1524.659
1657.564
0
0
0
0
0
-2097.748
-1943.738
-1901.751
-1970.001
-2347.447
1317.916
1379.909
1436.968
1526.354
1654.578
0
0
0
0
0
-2056.814
-1905.388
-1812.455
-1788.404
-1879.531
1313.812
1415.735
1455.838
1506.353
1692.767
0
0
0
0
0
-2027.321
-1860.155
-1769.982
-1696.594
-1697.729
1352.169
1411.613
1468.725
1553.756
1705.21
0
0
0
0
0
-2002.262
-1835.463
-1729.166
-1656.29
-1635.072
1396.219
1448.324
1491.624
1568.348
1712.193
0
0
0
0
0
-1991.588
-1813.467
-1709.496
-1620.985
-1577.936
1409.069
1472.155
1502.637
1595.135
1722.125
0
0
0
0
0
-1987.538
-1809.083
-1692.869
-1604.469
-1545.564
1398.63
1488.218
1535.164
1596.894
1745.712
0
0
0
0
0
-1984.721
-1806.893
-1691.656
-1603.148
-1532.602
1389.705
1481.764
1543.709
1667.514
1742.778
0
0
0
0
0
-1989.644
-1802.217
-1687.322
-1589.067
-1533.394
1408.023
1474.746
1569.701
1649.14
1849.077
0
0
0
0
0
-1993.427
-1809.333
-1683.007
-1585.963
-1517.732
1408.612
1459.755
1569.123
1650.812
1843.989
0
0
0
0
0
-1986.176
-1811.721
-1689.222
-1580.989
-1513.882
1414.161
1480.003
1581.077
1673.004
1840.654
0
0
0
0
0
-1976.476
-1801.025
-1686.764
-1586.416
-1509.374
1417.716
1515.933
1572.652
1681.444
1833.03
0
0
0
0
0
-1959.529
-1794.035
-1684.827
-1581.766
-1516.576
1420.513
1484.071
1575.543
1680.176
1845.259
0
0
0
0
0
-1937.043
-1779.18
-1676.151
-1583.356
-1512.298
1414.424
1505.804
1568.421
1665.334
1822.319
0
0
0
0
0
-1896.468
-1766.126
-1660.278
-1581.354
-1517.434
1403.674
1477.006
1555.967
1660.689
1841.462
0
0
0
0
0
-1803.436
-1720.192
-1652.966
-1562.791
-1514.372
1438.476
1512.142
1574.385
1674.597
1845.158
0
0
0
0
0
-1808.975
-1633.741
-1607.294
-1552.841
-1495.508
1457.617
1506.634
1588.179
1669.785
1838.892
0
0
0
0
0
-1820.22
-1642.779
-1528.042
-1515.035
-1489.208
1447.123
1504.818
1549.879
1648.268
1843.156
0
0
0
0
0
-1832.977
-1653.675
-1538.769
-1440.946
-1455.206
1320.094
1377.591
1430.736
1487.088
1650.84
0
0
0
0
0
-2150.421
-2044.781
-2049.797
-2455.065
-408.9428
1339.63
1376.27
1456.211
1508.119
1688.357
0
0
0
0
0
-2107.919
-1953.467
-1912.769
-1962.101
-2363.148
1340.955
1380.121
1456.36
1535.956
1683.27
0
0
0
0
0
-2065.379
-1913.919
-1822.569
-1798.525
-1891.041
1339.478
1392.265
1436.186
1527.075
1687.165
0
0
0
0
0
-2040.458
-1872.971
-1783.895
-1708.804
-1711.95
1368.354
1392.451
1476.661
1547.62
1669.025
0
0
0
0
0
-2011.498
-1844.605
-1739.407
-1666.619
-1622.166
1409.465
1431.729
1478.164
1561.597
1717.07
0
0
0
0
0
-1999.709
-1820.248
-1715.222
-1626.344
-1582.835
1401.777
1478.14
1515.652
1588.448
1732.571
0
0
0
0
0
-1989.16
-1810.592
-1693.867
-1606.98
-1548.497
1382.057
1499.195
1554.795
1601.791
1761.127
0
0
0
0
0
-1984.393
-1806.222
-1689.669
-1590.576
-1532.397
1403.211
1486.782
1559.979
1638.56
1767.561
0
0
0
0
0
-1990.463
-1803.234
-1687.459
-1589.173
-1531.035
1403.179
1482.709
1564.27
1646.222
1846.031
0
0
0
0
0
-1993.872
-1808.367
-1682.986
-1585.083
-1517.351
1414.739
1489.526
1547.123
1672.65
1827.396
0
0
0
0
0
-1995.072
-1811.997
-1689.503
-1580.789
-1514.257
1401.544
1493.093
1537.903
1675.56
1827.707
0
0
0
0
0
-1983.455
-1804.55
-1692.139
-1586.587
-1509.46
1409.373
1497.903
1556.823
1687.648
1852.984
0
0
0
0
0
-1957.421
-1795.44
-1682.026
-1584.16
-1514.686
1406.482
1497.271
1588.411
1675.537
1858.877
0
0
0
0
0
-1936.624
-1779.57
-1675.266
-1582.296
-1510.17
1423.965
1503.67
1554.644
1679.251
1857.636
0
0
0
0
0
-1891.647
-1757.863
-1661.049
-1573.842
-1511.625
1405.609
1499.639
1573.421
1667.331
1843.176
0
0
0
0
0
-1797.672
-1718.395
-1648.277
-1558.51
-1509.638
1397.023
1472.743
1541.316
1653.319
1832.54
0
0
0
0
0
-1804.277
-1628.674
-1603.818
-1551.383
-1491.681
1432.723
1514.042
1576.691
1674.547
1848.396
0
0
0
0
0
-1809.679
-1633.262
-1520.235
-1507.199
-1482.062
1450.459
1524.86
1576.297
1685.893
1842.412
0
0
0
0
0
-1821.076
-1642.795
-1528.033
-1430.516
-1445.5
1439.363
1511.197
1574.873
1641.269
1817.758
0
0
0
0
0
-1833.855
-1654.046
-1537.817
-1440.294
-1373.989
1310.201
1388.206
1437.358
1518.443
1643.975
0
0
0
0
0
-2103.294
-1966.257
-1925.161
-1950.153
-2377.499
1339.441
1406.291
1435.913
1541.931
1663.908
0
0
0
0
0
-2075.094
-1923.087
-1831.596
-1808.86
-1882.771
1353.488
1413.717
1434.808
1546.248
1696.159
0
0
0
0
0
-2048.141
-1880.83
-1791.874
-1718.071
-1721.623
1340.245
1417.393
1455.779
1525.248
1688.704
0
0
0
0
0
-2023.823
-1856.608
-1751.201
-1679.509
-1633.831
1399.516
1444.673
1468.158
1570.065
1709.561
0
0
0
0
0
-2006.919
-1828.786
-1723.837
-1635.913
-1592.725
1411.533
1490.157
1506.422
1573.362
1726.146
0
0
0
0
0
-1995.291
-1817.457
-1700.141
-1612.258
-1553.578
1410.269
1479.173
1553.624
1613.112
1754.756
0
0
0
0
0
-1985.84
-1807.845
-1691.246
-1591.495
-1534.777
1418.356
1469.485
1577.025
1660.591
1772.238
0
0
0
0
0
-1988.865
-1802.916
-1686.744
-1587.388
-1518.848
1402.974
1491.685
1560.976
1665.228
1817.288
0
0
0
0
0
-1993.845
-1808.773
-1683.688
-1585.121
-1517.414
1411.45
1490.483
1550.251
1664.82
1824.039
0
0
0
0
0
-1994.911
-1812.307
-1688.902
-1580.755
-1513.495
1403.692
1494.152
1563.933
1650.855
1849.617
0
0
0
0
0
-1986.495
-1813.004
-1692.458
-1586.79
-1509.305
1407.301
1493.353
1565.787
1640.441
1853.904
0
0
0
0
0
-1957.311
-1802.319
-1685.034
-1589.452
-1514.831
1416.911
1497.777
1582.798
1660.023
1865.818
0
0
0
0
0
-1934.892
-1777.738
-1676.477
-1579.74
-1512.461
1416.831
1492.132
1565.571
1693.044
1852.814
0
0
0
0
0
-1893.995
-1757.632
-1661.521
-1573.153
-1510.644
1413.379
1506.259
1577.273
1654.208
1856.765
0
0
0
0
0
-1788.157
-1714.218
-1640.637
-1559.463
-1502.45
1422.382
1492.412
1578.465
1675.168
1840.631
0
0
0
0
0
-1797.802
-1623.685
-1602.313
-1546.988
-1487.638
1425.738
1480.042
1539.263
1639.194
1825.551
0
0
0
0
0
-1803.681
-1628.806
-1515.678
-1503.977
-1480.725
1437.035
1503.012
1581.844
1674.716
1848.14
0
0
0
0
0
-1810.13
-1633.396
-1519.532
-1423.241
-1438.069
1432.664
1527.574
1595.159
1674.445
1859.913
0
0
0
0
0
-1819.989
-1643.057
-1527.793
-1430.237
-1364.039
1444.157
1523.914
1575.007
1669.769
1809.671
0
0
0
0
0
-1833.51
-1654.298
-1537.835
-1439.257
-1373.283
1325.145
1382.388
1447.9
1525.386
1675.947
0
0
0
0
0
-2090.196
-1917.302
-1843.617
-1820.602
-1870.946
1340.557
1410.664
1466.956
1523.802
1701.318
0
0
0
0
0
-2061.04
-1889.932
-1800.271
-1726.552
-1731.498
1374.193
1424.658
1474.012
1521.497
1707.687
0
0
0
0
0
-2030.723
-1863.641
-1758.529
-1687.037
-1642.609
1383.688
1411.563
1484.345
1547.01
1684.538
0
0
0
0
0
-2007.755
-1840.023
-1734.992
-1646.92
-1604.974
1405.276
1479.489
1512.033
1566.976
1734.745
0
0
0
0
0
-2004.057
-1824.399
-1708.19
-1620.407
-1562.693
1416.914
1487.935
1563.235
1606.863
1739.143
0
0
0
0
0
-1989.067
-1813.11
-1697.285
-1597.337
-1539.774
1400.508
1500.214
1557.775
1658.912
1783.811
0
0
0
0
0
-1993.097
-1804.272
-1688.378
-1588.938
-1519.701
1402.186
1502.712
1545.931
1682.57
1840.933
0
0
0
0
0
-1987.6
-1807.811
-1683.413
-1584.382
-1515.727
1396.591
1484.544
1562.311
1667.485
1843.416
0
0
0
0
0
-1984.375
-1812.128
-1689.096
-1581.272
-1513.498
1415.252
1493.428
1565.407
1651.485
1839.41
0
0
0
0
0
-1985.931
-1812.957
-1692.687
-1586.383
-1509.27
1399.477
1485.915
1567.418
1668.346
1827.977
0
0
0
0
0
-1961.198
-1804.794
-1693.108
-1589.797
-1515.01
1412.725
1489.13
1567.004
1669.667
1816.255
0
0
0
0
0
-1934.648
-1777.626
-1683.193
-1582.449
-1517.605
1410.518
1502.531
1572.069
1688.656
1837.485
0
0
0
0
0
-1894.489
-1755.977
-1659.857
-1574.28
-1508.242
1414.212
1495.171
1567.436
1668.558
1869.528
0
0
0
0
0
-1785.184
-1716.545
-1640.466
-1559.999
-1501.852
1424.131
1493.001
1578.217
1679.902
1829.209
0
0
0
0
0
-1788.602
-1614.954
-1598.583
-1539.855
-1488.64
1411.161
1503.393
1568.472
1680.976
1850.242
0
0
0
0
0
-1797.659
-1623.295
-1511.221
-1502.695
-1476.541
1408.232
1507.858
1556.324
1637.332
1811.874
0
0
0
0
0
-1803.655
-1628.027
-1515.31
-1419.059
-1435.01
1432.018
1509.558
1570.68
1680.95
1847.721
0
0
0
0
0
-1811.8
-1633.359
-1519.256
-1422.442
-1357.111
1448.591
1504.522
1595.317
1690.223
1847.658
0
0
0
0
0
-1820.691
-1642.022
-1527.623
-1429.881
-1363.69
1516.612
1595.25
1667.077
1841.313
0
0
0
0
0
-1834.57
-1653.737
-1537.658
-1439.094
-1372.252
1331.612
1396.191
1444.634
1532.985
1683.881
0
0
0
0
0
-2074.609
-1903.561
-1793.636
-1737.932
-1742.739
1371.862
1411.922
1469.006
1553.602
1684.786
0
0
0
0
0
-2043.24
-1875.138
-1767.101
-1694.856
-1650.714
1407.355
1448.046
1483.957
1565.131
1682.123
0
0
0
0
0
-2013.404
-1846.244
-1741.508
-1653.822
-1612.175
1403.919
1458.868
1474.699
1578.1
1709.908
0
0
0
0
0
-2003.695
-1824.081
-1718.605
-1630.885
-1573.175
1414.699
1488.7
1550.026
1608.078
1735.172
0
0
0
0
0
-1998.263
-1821.224
-1704.006
-1604.956
-1547.564
1421.005
1502.748
1561.822
1669.266
1778.817
0
0
0
0
0
-1985.652
-1807.326
-1693.072
-1594.395
-1525.249
1399.542
1476.79
1572.989
1661.043
1839.515
0
0
0
0
0
-1985.121
-1811.199
-1684.73
-1585.961
-1517.215
1412.53
1491.074
1572.877
1651.059
1860.835
0
0
0
0
0
-1982.312
-1806.082
-1688.552
-1581.007
-1512.762
1398.932
1473.647
1554.521
1666.498
1846.194
0
0
0
0
0
-1983.711
-1803.455
-1692.442
-1586.465
-1509.714
1419.943
1501.949
1562.833
1669.009
1826.924
0
0
0
0
0
-1960.158
-1804.404
-1693.121
-1589.98
-1514.67
1401.394
1483.095
1556.664
1672.317
1845.22
0
0
0
0
0
-1936.03
-1780.718
-1685.233
-1590.206
-1517.956
1399.032
1498.184
1554.2
1671.234
1846.288
0
0
0
0
0
-1892.293
-1755.689
-1659.712
-1580.827
-1510.806
1430.717
1498.32
1580.189
1673.921
1866.348
0
0
0
0
0
-1784.747
-1716.99
-1638.859
-1558.49
-1502.944
1443.229
1503.886
1568.857
1670.252
1843.424
0
0
0
0
0
-1785.61
-1612.488
-1600.809
-1539.752
-1489.197
1410.718
1511.853
1563.298
1680.057
1855.134
0
0
0
0
0
-1789.109
-1614.92
-1503.083
-1499.323
-1469.759
1411.614
1498.041
1575.318
1670.425
1856.152
0
0
0
0
0
-1797.937
-1622.953
-1510.461
-1414.993
-1433.839
1423.941
1490.615
1576.185
1655.157
1810.099
0
0
0
0
0
-1806.833
-1627.786
-1514.376
-1418.445
-1353.152
1432.32
1513.257
1576.559
1668.783
1853.951
0
0
0
0
0
-1811.804
-1634.21
-1518.873
-1421.969
-1356.307
1531.403
1569.09
1692.62
1863.241
0
0
0
0
0
-1821.494
-1642.167
-1526.591
-1429.497
-1363.311
1586.362
1691.314
1836.514
0
0
0
0
0
-1833.497
-1654.336
-1536.95
-1438.716
-1372.042
1352.791
1409.004
1457.009
1534.827
1692.193
0
0
0
0
0
-2056.208
-1887.651
-1779.564
-1687.78
-1661.605
1398.007
1448.068
1473.713
1559.55
1715.28
0
0
0
0
0
-2025.152
-1857.449
-1751.947
-1661.945
-1619.614
1409.193
1484.875
1510.057
1575.146
1729.218
0
0
0
0
0
-2009.465
-1829.265
-1724.33
-1636.985
-1579.774
1381.264
1480.593
1537.411
1568.241
1743.016
0
0
0
0
0
-1997.218
-1820.006
-1702.929
-1614.717
-1557.564
1389.847
1498.126
1561.172
1654.554
1777.172
0
0
0
0
0
-1994.763
-1815.631
-1700.697
-1600.843
-1532.535
1388.776
1507.093
1574.757
1665.906
1849.561
0
0
0
0
0
-1987.667
-1803.668
-1687.674
-1590.23
-1522.345
1425.798
1485.34
1552.221
1678.484
1840.004
0
0
0
0
0
-1986.02
-1803.817
-1691.41
-1582.25
-1514.27
1396.809
1503.081
1563.785
1676.898
1830.595
0
0
0
0
0
-1976.383
-1801.287
-1686.622
-1586.127
-1509.45
1414.652
1481.345
1549.701
1657.258
1843.63
0
0
0
0
0
-1956.473
-1802.541
-1684.371
-1589.696
-1514.713
1398.91
1507.182
1573.91
1661.343
1845.427
0
0
0
0
0
-1935.821
-1780.04
-1684.965
-1590.247
-1518.12
1408.887
1482.813
1553.534
1656.896
1848.927
0
0
0
0
0
-1893.689
-1756.831
-1662.249
-1582.601
-1518.278
1410.963
1484.392
1568.946
1652.201
1847.014
0
0
0
0
0
-1784.489
-1714.986
-1638.515
-1558.351
-1509.286
1403.113
1519.787
1573.863
1682.237
1848.69
0
0
0
0
0
-1784.306
-1612.359
-1601.171
-1538.238
-1487.789
1420.179
1524.681
1576.698
1669.048
1845.987
0
0
0
0
0
-1785.512
-1612.413
-1500.927
-1501.495
-1469.692
1419.24
1482.607
1584.563
1662.871
1855.185
0
0
0
0
0
-1788.684
-1614.851
-1502.664
-1407.359
-1430.682
1416.266
1495.035
1569.285
1678.914
1845.815
0
0
0
0
0
-1799.276
-1622.719
-1509.913
-1414.064
-1349.314
1411.62
1501.139
1563.075
1676.867
1828.919
0
0
0
0
0
-1806.176
-1629.762
-1513.917
-1417.463
-1352.483
1508.294
1578.956
1674.943
1843.057
0
0
0
0
0
-1811.75
-1633.974
-1519.162
-1421.428
-1355.79
1598.542
1667.093
1866.053
0
0
0
0
0
-1822.682
-1642.563
-1526.376
-1428.507
-1362.877
1681.56
1864.522
0
0
0
0
0
-1834.7
-1653.542
-1537.229
-1437.968
-1371.617
1386.723
1429.576
1468.78
1549.089
1696.108
0
0
0
0
0
-2040.266
-1869.468
-1763.579
-1673.542
-1612.569
1420.358
1472.967
1510.908
1565.784
1721.677
0
0
0
0
0
-2019.532
-1839.786
-1734.524
-1646.656
-1587.557
1411.903
1487.442
1549.976
1604.088
1739.521
0
0
0
0
0
-2003.064
-1825.157
-1707.749
-1620.061
-1563.383
1408.731
1469.231
1545.769
1641.371
1735.691
0
0
0
0
0
-2003.439
-1814.181
-1698.953
-1599.313
-1541.84
1412.421
1465.671
1572.443
1667.451
1833.36
0
0
0
0
0
-1997.041
-1812.159
-1695.345
-1597.415
-1528.528
1412.239
1466.973
1578.022
1680.392
1845.002
0
0
0
0
0
-1987.903
-1806.03
-1683.957
-1585.047
-1518.29
1385.301
1505.615
1554.718
1657.193
1857.544
0
0
0
0
0
-1974.632
-1804.422
-1684.529
-1588.62
-1510.625
1408.807
1488.75
1574.862
1667.863
1853.267
0
0
0
0
0
-1958.238
-1795.376
-1682.206
-1584.07
-1514.435
1417.53
1503.576
1562.233
1653.924
1832.632
0
0
0
0
0
-1934.129
-1777.044
-1683.382
-1582.019
-1517.825
1405.827
1472.715
1579.586
1678.402
1835.17
0
0
0
0
0
-1893.884
-1756.688
-1661.797
-1582.405
-1518.326
1414.68
1495.477
1557.76
1656.786
1831.285
0
0
0
0
0
-1786.05
-1716.291
-1639.467
-1560.558
-1510.942
1413.124
1493.541
1552.63
1671.67
1823.982
0
0
0
0
0
-1786.425
-1612.015
-1599.293
-1537.89
-1487.665
1421.879
1487.475
1593.641
1676.186
1856.259
0
0
0
0
0
-1787.146
-1611.648
-1500.943
-1501.836
-1468.261
1437.048
1510.64
1599.549
1679.794
1842.991
0
0
0
0
0
-1788.788
-1612.148
-1500.474
-1405.444
-1432.796
1434.873
1502.038
1558.309
1687.208
1836.797
0
0
0
0
0
-1789.709
-1614.329
-1502.201
-1406.744
-1342.043
1410.362
1503.555
1571.179
1671.425
1853.855
0
0
0
0
0
-1800.155
-1623.599
-1509.336
-1413.419
-1348.363
1482.779
1565.059
1663.891
1851.334
0
0
0
0
0
-1806.882
-1629.04
-1515.096
-1416.899
-1351.516
1577.708
1678.58
1847.56
0
0
0
0
0
-1810.017
-1633.713
-1518.738
-1421.433
-1355.22
1694.811
1838.796
0
0
0
0
0
-1821.708
-1643.329
-1526.489
-1428.132
-1361.928
1853.01
0
0
0
0
0
-1834.814
-1654.277
-1536.59
-1438.093
-1370.88
1393.633
1464.84
1494.365
1561.155
1711.952
0
0
0
0
0
-2034.01
-1853.329
-1745.739
-1657.592
-1598.592
1397.293
1496.374
1544.082
1607.203
1729.908
0
0
0
0
0
-2015.224
-1834.528
-1717.345
-1629.511
-1572.578
1412.663
1492.625
1558.538
1651.903
1772.818
0
0
0
0
0
-2008.485
-1819.285
-1703.649
-1603.83
-1546.934
1414.994
1487.158
1544.938
1647.376
1820.417
0
0
0
0
0
-1995.088
-1819.735
-1693.633
-1595.371
-1526.889
1408.56
1496.813
1542.845
1678.924
1847.206
0
0
0
0
0
-1995.592
-1814.494
-1691.961
-1592.2
-1525.141
1410.561
1495.875
1541.691
1682.615
1859.351
0
0
0
0
0
-1976.698
-1805.948
-1686.536
-1581.289
-1513.292
1424.955
1473.621
1581.457
1656.681
1835.912
0
0
0
0
0
-1959.897
-1793.914
-1684.995
-1582.057
-1516.736
1418.778
1481.715
1562.098
1678.077
1844.539
0
0
0
0
0
-1933.257
-1778.285
-1676.433
-1579.874
-1512.389
1411.91
1497.812
1574.7
1662.548
1832.255
0
0
0
0
0
-1892.859
-1755.389
-1659.306
-1580.992
-1510.456
1416.053
1488.008
1546.765
1683.511
1854.094
0
0
0
0
0
-1785.853
-1716.441
-1639.365
-1560.23
-1510.773
1399.641
1491.064
1567.588
1661.335
1833.026
0
0
0
0
0
-1785.379
-1613.214
-1600.487
-1538.73
-1489.722
1420.717
1501.194
1572.03
1654.153
1846.404
0
0
0
0
0
-1787.016
-1613.039
-1500.502
-1500.08
-1467.929
1413.281
1508.439
1568.44
1697.084
1850.46
0
0
0
0
0
-1787.048
-1613.272
-1500.014
-1405.563
-1433.136
1414.398
1522.569
1584.695
1702.656
1855.565
0
0
0
0
0
-1788.234
-1614.269
-1500.047
-1404.806
-1340.262
1435.633
1519.861
1579.402
1661.476
1862.887
0
0
0
0
0
-1791.038
-1614.673
-1501.555
-1406.102
-1341.387
1484.249
1576.716
1672.434
1845.149
0
0
0
0
0
-1801.058
-1623.896
-1509.844
-1412.696
-1347.707
1550.888
1661.53
1838.025
0
0
0
0
0
-1805.432
-1629.381
-1514.318
-1417.66
-1350.937
1673.712
1852.412
0
0
0
0
0
-1811.856
-1632.479
-1518.343
-1420.936
-1355.144
1867.135
0
0
0
0
0
-1822.201
-1642.685
-1526.956
-1428.115
-1361.52
0
0
0
0
0
-1834.984
-1654.241
-1537.045
-1437.566
-1370.958
1401.679
1473.505
1536.983
1589.812
1725.524
0
0
0
0
0
-2029.201
-1847.645
-1729.664
-1640.083
-1583.021
1416.989
1474.847
1566.957
1643.412
1775.506
0
0
0
0
0
-2008.401
-1830.024
-1712.427
-1612.749
-1555.92
1411.138
1492.418
1562.391
1662.455
1828.606
0
0
0
0
0
-2000.164
-1824.272
-1698.225
-1599.719
-1531.192
1407.05
1494.162
1557.235
1652.291
1825.522
0
0
0
0
0
-1992.777
-1811.847
-1698.784
-1590.321
-1523.047
1361.812
1485.37
1566.691
1645.403
1857.736
0
0
0
0
0
-1986.136
-1813.085
-1694.371
-1588.842
-1520.089
1408.7
1490.332
1567.994
1647.526
1860.558
0
0
0
0
0
-1959.097
-1795.346
-1686.333
-1583.876
-1509.615
1417.263
1514.113
1558.842
1687.114
1832.213
0
0
0
0
0
-1936.37
-1779.771
-1675.195
-1582.402
-1510.432
1419.275
1506.231
1555.64
1665.377
1854.258
0
0
0
0
0
-1893.561
-1754.966
-1660.235
-1574.248
-1508.359
1411.971
1486.498
1569.34
1678.678
1838.844
0
0
0
0
0
-1785.633
-1715.377
-1638.337
-1558.048
-1509.439
1414.548
1499.037
1563.212
1645.052
1858.748
0
0
0
0
0
-1785.474
-1613.07
-1600.597
-1538.651
-1489.44
1425.916
1486.867
1569.233
1669.365
1837.12
0
0
0
0
0
-1785.944
-1612.406
-1501.452
-1501.198
-1468.719
1420.388
1506.584
1586.277
1675.121
1829.55
0
0
0
0
0
-1788.047
-1613.114
-1500.893
-1405.091
-1431.473
1407.625
1505.078
1580.939
1675.458
1872.007
0
0
0
0
0
-1786.759
-1612.839
-1500.798
-1404.545
-1340.42
1445.982
1501.464
1591.945
1688.495
1878.139
0
0
0
0
0
-1787.176
-1613.38
-1501.365
-1404.314
-1339.587
1521.682
1590.553
1681.839
1839.255
0
0
0
0
0
-1791.41
-1615.286
-1501.445
-1405.41
-1340.713
1552.13
1677.491
1845.819
0
0
0
0
0
-1799.586
-1624.315
-1509.76
-1413.005
-1346.964
1649.224
1832.296
0
0
0
0
0
-1806.992
-1628.259
-1514.398
-1416.889
-1351.558
1845.992
0
0
0
0
0
-1813.794
-1633.692
-1517.415
-1420.503
-1354.64
0
0
0
0
0
-1823.871
-1643.084
-1526.514
-1428.431
-1361.468
0
0
0
0
-1834.069
-1654.579
-1536.917
-1437.895
-1370.48
1384.908
1477.178
1544.824
1638.77
1757.773
0
0
0
0
0
-2020.292
-1842.786
-1724.452
-1624.174
-1566.025
1428.238
1496.683
1554.214
1666.821
1820.01
0
0
0
0
0
-2010.261
-1823.82
-1707.898
-1608.006
-1539.681
1414.357
1486.836
1560.56
1666.477
1840.672
0
0
0
0
0
-1997.864
-1816.379
-1702.944
-1594.543
-1527.174
1413.806
1485.152
1565.419
1662.061
1832.744
0
0
0
0
0
-1992.843
-1809.96
-1691.332
-1595.117
-1518.195
1418.172
1449.66
1553.814
1670.465
1822.638
0
0
0
0
0
-1958.408
-1804.057
-1693.05
-1591.2
-1516.818
1417.058
1491.455
1561.386
1672.732
1826.794
0
0
0
0
0
-1936.565
-1779.077
-1676.272
-1583.58
-1512.133
1421.34
1497.686
1585.384
1665.685
1864.385
0
0
0
0
0
-1893.871
-1757.478
-1661.636
-1573.111
-1510.73
1408.873
1499.618
1576.622
1657.065
1841.727
0
0
0
0
0
-1785.662
-1716.386
-1638.228
-1558.773
-1502.917
1421.371
1501.089
1560.242
1671.652
1854.379
0
0
0
0
0
-1786.655
-1612.711
-1599.568
-1537.774
-1487.402
1409.388
1503.309
1570.755
1667.652
1818.675
0
0
0
0
0
-1786.141
-1612.376
-1501.343
-1501.28
-1468.649
1433.041
1516.09
1564.892
1674.519
1843.969
0
0
0
0
0
-1787.557
-1612.333
-1500.491
-1405.902
-1432.542
1406.349
1509.714
1579.331
1688.514
1850.721
0
0
0
0
0
-1787.045
-1613.489
-1500.581
-1405.151
-1339.959
1425.135
1486.769
1582.748
1680.846
1852.729
0
0
0
0
0
-1787.545
-1612.376
-1500.122
-1404.878
-1339.405
1532.33
1578.071
1692.117
1864.027
0
0
0
0
0
-1787.503
-1612.332
-1500.246
-1405.193
-1339.092
1593.088
1693.737
1858.437
0
0
0
0
0
-1789.44
-1615.384
-1501.581
-1405.084
-1340.027
1654.195
1849.584
0
0
0
0
0
-1801.834
-1623.255
-1509.857
-1412.746
-1347.207
1820.854
0
0
0
0
0
-1806.501
-1629.378
-1513.488
-1416.847
-1350.813
0
0
0
0
0
-1815.021
-1635.388
-1518.222
-1419.775
-1354.211
0
0
0
0
-1823.133
-1644.303
-1526.858
-1428.125
-1361.732
0
0
0
-1835.122
-1654.002
-1537.351
-1437.741
-1370.766
1408.518
1468.296
1548.312
1646.351
1814.952
0
0
0
0
0
-2022.838
-1834.675
-1719.666
-1619.211
-1550.542
1423.773
1501.91
1567.385
1656.308
1844.351
0
0
0
0
0
-2007.961
-1825.611
-1702.192
-1603.456
-1535.101
1408.666
1490.58
1552.274
1662.472
1844.632
0
0
0
0
0
-1996.773
-1814.456
-1695.471
-1598.981
-1522.193
1399.545
1491.462
1554.002
1669.707
1838.649
0
0
0
0
0
-1965.214
-1809.959
-1689.765
-1587.96
-1522.761
1403.162
1496.119
1530.438
1655.864
1847.629
0
0
0
0
0
-1945.197
-1778.078
-1684.442
-1589.904
-1519.097
1406.891
1502.796
1564.711
1666.307
1850.504
0
0
0
0
0
-1891.471
-1757.61
-1661.053
-1573.942
-1511.816
1429.196
1499.566
1568.087
1690.1
1844.555
0
0
0
0
0
-1784.992
-1716.492
-1640.373
-1560.074
-1501.82
1420.269
1492.564
1572.125
1679.656
1833.477
0
0
0
0
0
-1784.417
-1612.972
-1600.778
-1537.812
-1488.037
1433.975
1508.026
1572.826
1660.664
1845.907
0
0
0
0
0
-1786.967
-1613.172
-1500.926
-1500.287
-1467.834
1412.584
1491.907
1577.475
1672.499
1843.174
0
0
0
0
0
-1787.412
-1612.509
-1500.401
-1405.815
-1432.613
1428.769
1518.199
1588.174
1667.13
1849.5
0
0
0
0
0
-1788.539
-1613.095
-1499.997
-1404.882
-1340.712
1428.527
1498.298
1582.103
1683.45
1861.694
0
0
0
0
0
-1789.358
-1612.477
-1500.498
-1404.649
-1339.922
1508.109
1573.659
1690.023
1855.919
0
0
0
0
0
-1787.115
-1612.7
-1499.512
-1404.105
-1339.599
1604.546
1681.046
1866.907
0
0
0
0
0
-1788.402
-1612.471
-1499.161
-1403.993
-1339.821
1696.205
1868.953
0
0
0
0
0
-1791.25
-1613.981
-1501.482
-1404.987
-1339.65
1830.036
0
0
0
0
0
-1802.274
-1624.695
-1509.042
-1412.693
-1346.907
0
0
0
0
0
-1806.946
-1629.122
-1514.287
-1416.093
-1350.738
0
0
0
0
-1815.04
-1636.399
-1519.743
-1420.375
-1353.563
0
0
0
-1824.73
-1644.006
-1527.801
-1428.457
-1361.475
0
0
-1836.435
-1655.267
-1537.038
-1438.23
-1370.61
1412.445
1484.981
1543.301
1648.582
1823.039
0
0
0
0
0
-2021.089
-1837.253
-1712.23
-1614.463
-1545.769
1422.051
1504.968
1571.846
1668.462
1834.608
0
0
0
0
0
-1998.855
-1823.645
-1704.003
-1598.036
-1530.65
1440.547
1490.361
1561.807
1650.972
1838.865
0
0
0
0
0
-1970.458
-1813.64
-1693.854
-1591.795
-1526.43
1407.109
1486.834
1556.911
1656.901
1846.511
0
0
0
0
0
-1951.919
-1783.829
-1689.786
-1586.538
-1515.87
1421.716
1475.526
1575.258
1635.173
1831.065
0
0
0
0
0
-1896.062
-1765.526
-1659.907
-1581.635
-1517.839
1426.736
1488.491
1575.02
1669.457
1842.265
0
0
0
0
0
-1788.012
-1714.192
-1640.513
-1559.513
-1502.542
1424.645
1514.36
1570.112
1667.217
1866.409
0
0
0
0
0
-1785.171
-1612.467
-1600.799
-1539.693
-1489.259
1418.134
1504.256
1560.95
1675.709
1856.049
0
0
0
0
0
-1786.738
-1611.783
-1501.358
-1501.562
-1467.906
1423.827
1516.902
1580.552
1675.902
1835.216
0
0
0
0
0
-1788.39
-1613.061
-1500.969
-1405.37
-1431.654
1410.777
1488.628
1575.644
1682.247
1844.974
0
0
0
0
0
-1787.733
-1613.077
-1500.133
-1404.768
-1340.635
1418.953
1519.227
1593.745
1692.212
1842.098
0
0
0
0
0
-1788.854
-1613.498
-1500.165
-1404.198
-1339.703
1514.342
1573.85
1685.49
1858.938
0
0
0
0
0
-1789.273
-1613.843
-1499.455
-1404.34
-1339.38
1579.726
1676.256
1867.765
0
0
0
0
0
-1787.599
-1612.291
-1499.494
-1403.444
-1338.822
1707.803
1858.302
0
0
0
0
0
-1789.5
-1612.772
-1499.189
-1402.918
-1338.631
1871.926
0
0
0
0
0
-1791.591
-1615.2
-1500.42
-1404.805
-1339.489
0
0
0
0
0
-1802.594
-1625.228
-1509.969
-1412.041
-1346.814
0
0
0
0
-1809.553
-1629.5
-1514.186
-1416.72
-1350.052
0
0
0
-1816.173
-1636.615
-1520.613
-1421.795
-1354.089
0
0
-1824.239
-1645.475
-1527.808
-1429.259
-1361.797
0
-1836.637
-1656.414
-1538.423
-1438.092
-1371.103
1411.384
1488.796
1550.934
1645.57
1824.321
0
0
0
0
0
-2011.55
-1835.525
-1714.832
-1607.449
-1541.143
1404.599
1497.62
1573.076
1672.11
1845.33
0
0
0
0
0
-1980.717
-1814.849
-1702.328
-1599.78
-1525.448
1391.376
1508.191
1559.053
1663.209
1825.628
0
0
0
0
0
-1954.057
-1788.579
-1693.277
-1590.323
-1519.508
1397.197
1481.939
1566.182
1656.57
1832.733
0
0
0
0
0
-1898.65
-1771.317
-1664.947
-1586.556
-1514.524
1391.705
1504.945
1554.261
1679.16
1813.379
0
0
0
0
0
-1798.233
-1718.159
-1647.916
-1558.257
-1509.878
1424.53
1514.796
1570.695
1679.899
1846.285
0
0
0
0
0
-1787.725
-1614.869
-1598.635
-1539.796
-1488.702
1419.347
1514.975
1584.827
1673.292
1839.435
0
0
0
0
0
-1786.931
-1612.157
-1500.989
-1501.507
-1469.644
1421.104
1504.777
1576.039
1659.6
1850.119
0
0
0
0
0
-1786.709
-1612.989
-1500.148
-1405.864
-1432.904
1417.665
1513.53
1590.759
1683.752
1850.623
0
0
0
0
0
-1787.216
-1613.699
-1500.535
-1405.197
-1340.188
1431.865
1492.981
1563.484
1679.332
1857.752
0
0
0
0
0
-1788.106
-1612.965
-1500.206
-1404.3
-1339.587
1499.597
1593.194
1698.24
1867.421
0
0
0
0
0
-1788.833
-1613.503
-1500.158
-1404.062
-1338.985
1592.579
1679.626
1860.723
0
0
0
0
0
-1788.719
-1613.644
-1500.184
-1403.319
-1339.015
1682.602
1853.342
0
0
0
0
0
-1786.565
-1612.374
-1499.077
-1403.257
-1338.164
1882.987
0
0
0
0
0
-1788.361
-1613.738
-1499.096
-1402.918
-1337.59
0
0
0
0
0
-1792.685
-1615.457
-1501.24
-1403.961
-1339.291
0
0
0
0
-1803.287
-1625.63
-1510.54
-1412.706
-1346.229
0
0
0
-1810.629
-1631.723
-1514.549
-1416.727
-1350.613
0
0
-1817.352
-1637.751
-1520.975
-1422.593
-1355.443
0
-1825.572
-1645.54
-1529.205
-1429.448
-1362.539
-1836.383
-1657.054
-1539.516
-1439.522
-1371.023
1400.608
1483.712
1557.626
1649.113
1822.784
0
0
0
0
0
-1992.81
-1826.308
-1713.214
-1609.957
-1534.425
1446.603
1483.755
1564.755
1673.806
1848.328
0
0
0
0
0
-1963.995
-1797.814
-1693.861
-1598.247
-1527.124
1436.428
1463.399
1576.895
1661.168
1839.478
0
0
0
0
0
-1903.761
-1773.027
-1669.326
-1589.865
-1518.114
1414.978
1474.132
1558.933
1665.903
1830.795
0
0
0
0
0
-1803.314
-1720.132
-1653.081
-1562.796
-1514.538
1380.913
1467.886
1578.517
1660.202
1855.121
0
0
0
0
0
-1798.24
-1624.075
-1602.175
-1546.754
-1487.426
1426.24
1511.189
1585.686
1672.59
1856.798
0
0
0
0
0
-1789.28
-1614.335
-1503.036
-1499.41
-1469.721
1428.271
1505.153
1588.469
1687.497
1847.921
0
0
0
0
0
-1787.663
-1613.089
-1500.318
-1405.539
-1432.814
1429.183
1511.807
1579.917
1677.548
1833.34
0
0
0
0
0
-1786.672
-1612.678
-1500.601
-1404.67
-1340.68
1420.685
1498.823
1586.766
1694.934
1858.184
0
0
0
0
0
-1788.759
-1612.604
-1500.626
-1404.609
-1339.959
1511.918
1561.743
1667.332
1855.9
0
0
0
0
0
-1788.622
-1613.047
-1499.8
-1404.124
-1339.074
1574.443
1697.637
1873.565
0
0
0
0
0
-1789.507
-1613.363
-1499.937
-1403.851
-1338.766
1694.503
1855.917
0
0
0
0
0
-1789.158
-1613.207
-1499.885
-1403.715
-1338.032
1857.749
0
0
0
0
0
-1788.566
-1611.734
-1498.915
-1402.862
-1337.934
0
0
0
0
0
-1789.498
-1612.77
-1499.945
-1402.639
-1337.586
0
0
0
0
-1793.008
-1616.271
-1501.456
-1404.572
-1338.535
0
0
0
-1804.716
-1626.246
-1510.988
-1413.303
-1346.802
0
0
-1811.359
-1632.746
-1516.512
-1417.1
-1350.655
0
-1817.992
-1638.971
-1522.119
-1423.046
-1356.2
-1824.82
-1646.879
-1529.661
-1430.797
-1362.777
-1657.132
-1540.455
-1440.59
-1372.427
1411.393
1477.493
1549.883
1657.338
1822.119
0
0
0
0
0
-1976.851
-1808.877
-1704.345
-1608.391
-1536.84
1416.469
1508.216
1556.58
1665.285
1849.018
0
0
0
0
0
-1911.66
-1782.023
-1677.761
-1590.062
-1525.67
1434.559
1507.478
1545.403
1675.156
1837.001
0
0
0
0
0
-1808.873
-1724.517
-1654.505
-1566.876
-1517.701
1409.451
1497.077
1543.032
1661.436
1839.195
0
0
0
0
0
-1804.339
-1628.638
-1603.746
-1551.465
-1491.687
1396.145
1475.238
1549.358
1682.779
1838.927
0
0
0
0
0
-1797.738
-1623.581
-1511.497
-1502.608
-1476.351
1427.176
1514.612
1583.57
1688.952
1848.673
0
0
0
0
0
-1788.7
-1614.969
-1502.271
-1407.333
-1430.775
1415.062
1517.921
1576.394
1692.568
1862.416
0
0
0
0
0
-1787.852
-1613.538
-1500.689
-1404.7
-1340.363
1427.725
1519.748
1588.623
1685.764
1851.169
0
0
0
0
0
-1786.925
-1612.326
-1500.054
-1404.734
-1339.524
1500.241
1573.763
1689.102
1870.422
0
0
0
0
0
-1788.674
-1613.45
-1499.546
-1404.424
-1339.344
1589.354
1661.495
1842.598
0
0
0
0
0
-1789.172
-1613.184
-1499.646
-1403.593
-1338.832
1677.816
1874.121
0
0
0
0
0
-1790.17
-1613.858
-1499.682
-1403.532
-1338.503
1869.542
0
0
0
0
0
-1789.915
-1613.383
-1499.492
-1403.386
-1338.321
0
0
0
0
0
-1788.887
-1613.054
-1498.504
-1402.604
-1337.559
0
0
0
0
-1789.933
-1613.67
-1499.098
-1403.425
-1337.26
0
0
0
-1793.161
-1616.75
-1502.105
-1404.786
-1339.07
0
0
-1805.008
-1627.74
-1511.59
-1413.782
-1347.392
0
-1813.657
-1633.923
-1517.529
-1418.905
-1351.024
-1817.894
-1639.856
-1523.391
-1424.187
-1356.67
-1646.686
-1531.009
-1431.469
-1364.077
-1540.784
-1441.68
-1373.462
1412.881
1488.861
1551.258
1647.94
1832.647
0
0
0
0
0
-1925.678
-1793.659
-1688.001
-1599.819
-1535.328
1434.421
1497.379
1576.452
1655.88
1839.197
0
0
0
0
0
-1818.422
-1732.059
-1662.755
-1574.714
-1517.774
1427.901
1505.903
1576.056
1647.948
1849.356
0
0
0
0
0
-1809.256
-1633.494
-1607.643
-1552.69
-1495.569
1424.281
1493.158
1566.259
1642.215
1838.182
0
0
0
0
0
-1804.003
-1628.886
-1515.689
-1503.9
-1480.796
1392.455
1470.112
1560.263
1658.767
1858.309
0
0
0
0
0
-1798.071
-1622.931
-1510.656
-1415.202
-1433.769
1412.664
1513.888
1584.634
1687.056
1864.222
0
0
0
0
0
-1789.211
-1614.255
-1502.289
-1406.461
-1342.024
1431.094
1494.659
1593.477
1677.202
1867.645
0
0
0
0
0
-1786.745
-1613.091
-1500.874
-1404.787
-1339.498
1507.904
1599.105
1693.656
1862.034
0
0
0
0
0
-1788.537
-1612.255
-1499.476
-1404.08
-1339.475
1579.148
1675.32
1864.194
0
0
0
0
0
-1789.582
-1613.175
-1499.923
-1403.387
-1339.085
1692.912
1835.179
0
0
0
0
0
-1789.502
-1613.669
-1499.538
-1403.327
-1338.281
1852.993
0
0
0
0
0
-1791.217
-1614.259
-1500.057
-1403.233
-1338.167
0
0
0
0
0
-1791.009
-1614.039
-1499.519
-1403.037
-1337.994
0
0
0
0
-1789.121
-1613.455
-1499.395
-1402.335
-1337.283
0
0
0
-1792.257
-1614.417
-1499.859
-1402.679
-1338.009
0
0
-1793.872
-1617.192
-1502.69
-1405.36
-1339.28
0
-1806.009
-1628.299
-1513.116
-1414.393
-1347.868
-1813.956
-1636.022
-1518.985
-1419.92
-1352.735
-1640.392
-1524.456
-1425.478
-1357.78
-1531.218
-1432.803
-1364.797
-1442.146
-1374.567
1425.868
1493.799
1563.878
1653.144
1819.916
0
0
0
0
0
-1831.256
-1744.616
-1673.441
-1584.322
-1527.056
1437.275
1510.574
1565.454
1671.135
1829.921
0
0
0
0
0
-1820.42
-1642.093
-1614.817
-1560.372
-1503.026
1421.097
1501.002
1571.329
1673.713
1824.351
0
0
0
0
0
-1810.817
-1633.478
-1520.044
-1507.453
-1481.926
1416.371
1500.54
1561.089
1666.004
1815.2
0
0
0
0
0
-1803.876
-1628.339
-1515.39
-1419.093
-1434.933
1398.399
1486.42
1536.058
1665.223
1838.512
0
0
0
0
0
-1799.952
-1622.876
-1509.855
-1414.211
-1349.497
1406.351
1503.536
1587.367
1683.688
1862.96
0
0
0
0
0
-1790.596
-1614.346
-1501.454
-1406.174
-1341.144
1514.333
1570.798
1699.164
1852.612
0
0
0
0
0
-1787.634
-1611.965
-1500.024
-1404.834
-1339.504
1585.896
1704.194
1870.612
0
0
0
0
0
-1787.927
-1613.184
-1499.171
-1403.414
-1338.809
1682.414
1849.79
0
0
0
0
0
-1789.982
-1613.755
-1499.517
-1403.528
-1338.091
1867.779
0
0
0
0
0
-1791.382
-1613.839
-1499.953
-1403.116
-1337.992
0
0
0
0
0
-1790.988
-1615.045
-1500.281
-1403.566
-1337.865
0
0
0
0
-1789.166
-1614.879
-1500.086
-1403.014
-1337.669
0
0
0
-1790.272
-1613.78
-1499.838
-1403.006
-1337.065
0
0
-1792.579
-1616.409
-1500.794
-1403.374
-1337.314
0
-1797.686
-1618.02
-1503.329
-1406.007
-1339.819
-1806.391
-1629.501
-1513.883
-1415.918
-1348.469
-1636.929
-1520.979
-1421.506
-1353.724
-1525.423
-1426.632
-1359.044
-1433.234
-1366.09
-1375.061
1411.582
1506.745
1569.977
1666.492
1827.392
0
0
0
0
0
-1831.865
-1653.867
-1626.238
-1570.352
-1512.197
1414.889
1519.146
1576.482
1665.507
1843.728
0
0
0
0
0
-1820.513
-1643.184
-1527.899
-1514.282
-1489.24
1437.154
1501.62
1572.641
1667.075
1846.942
0
0
0
0
0
-1810.736
-1634.175
-1519.703
-1423.084
-1438.289
1408.94
1499.199
1568.326
1662.014
1840.289
0
0
0
0
0
-1806.802
-1627.886
-1514.653
-1418.521
-1353.191
1405.388
1494.018
1568.533
1633.862
1838.733
0
0
0
0
0
-1800.289
-1623.963
-1509.488
-1413.353
-1348.491
1483.042
1578.101
1691.674
1856.077
0
0
0
0
0
-1791.307
-1615.022
-1501.223
-1405.307
-1340.779
1590.373
1675.407
1875.919
0
0
0
0
0
-1787.335
-1612.579
-1498.86
-1403.813
-1339.509
1689.754
1881.773
0
0
0
0
0
-1789.477
-1612.594
-1499.64
-1403.009
-1338.137
1858.905
0
0
0
0
0
-1790.182
-1613.932
-1499.851
-1403.084
-1338.161
0
0
0
0
0
-1790.259
-1615.186
-1500.013
-1403.504
-1337.759
0
0
0
0
-1791.128
-1614.946
-1500.896
-1403.711
-1338.179
0
0
0
-1792.292
-1613.912
-1500.776
-1403.536
-1337.635
0
0
-1790.982
-1614.914
-1500.241
-1403.477
-1337.655
0
-1794.614
-1617.053
-1502.594
-1404.404
-1337.974
-1800.213
-1621.621
-1504.264
-1406.753
-1340.468
-1630.107
-1515.222
-1416.802
-1349.953
-1522.28
-1423.421
-1355.306
-1427.82
-1360.194
-1366.576
1436.34
1484.321
1575.863
1670.127
1841.73
0
0
0
0
0
-1833.258
-1653.903
-1538.812
-1524.874
-1498.75
1439.023
1482.112
1589.834
1672.589
1839.225
0
0
0
0
0
-1821.614
-1642.955
-1528.347
-1430.386
-1444.837
1439.25
1508.776
1571.2
1670.319
1839.605
0
0
0
0
0
-1810.917
-1633.703
-1519.809
-1422.584
-1356.967
1428.6
1492.785
1569.693
1668.545
1836.032
0
0
0
0
0
-1805.554
-1629.76
-1513.967
-1417.705
-1352.555
1493.147
1572.907
1673.891
1804.81
0
0
0
0
0
-1800.588
-1623.924
-1510.043
-1412.835
-1347.642
1561.983
1680.362
1867.721
0
0
0
0
0
-1790.817
-1615.349
-1501.419
-1404.921
-1339.928
1692.603
1852.703
0
0
0
0
0
-1789.229
-1612.1
-1499.271
-1402.666
-1338.469
1865.845
0
0
0
0
0
-1789.78
-1613.657
-1499.067
-1403.245
-1337.715
0
0
0
0
0
-1791.073
-1614.259
-1499.889
-1403.293
-1337.72
0
0
0
0
-1791.535
-1614.48
-1501.011
-1403.525
-1338.131
0
0
0
-1790.399
-1615.38
-1500.893
-1404.243
-1338.299
0
0
-1791.031
-1616.242
-1500.368
-1404.156
-1338.131
0
-1790.862
-1615.758
-1501.379
-1403.934
-1338.123
-1793.309
-1618.892
-1503.453
-1406.091
-1339.005
-1624.132
-1507.709
-1407.748
-1341.228
-1516.009
-1418.196
-1350.85
-1424.914
-1357.149
-1361.418
1409.225
1507.392
1559.733
1674.405
1843.863
0
0
0
0
0
-1832.926
-1654.429
-1538.429
-1440.633
-1454.907
1437.66
1515.456
1548.679
1688.481
1843.863
0
0
0
0
0
-1821.62
-1643.388
-1527.876
-1430.496
-1363.916
1442.001
1513.452
1577.576
1671.479
1843.315
0
0
0
0
0
-1810.982
-1633.618
-1519.067
-1422.394
-1356.436
1500.208
1571.89
1669.208
1840.942
0
0
0
0
0
-1807.453
-1628.652
-1515.115
-1416.93
-1351.741
1560.786
1674.744
1850.853
0
0
0
0
0
-1800.775
-1624.024
-1509.732
-1413.125
-1347.095
1663.513
1856.091
0
0
0
0
0
-1792.124
-1614.906
-1501.48
-1404.877
-1339.508
1867.303
0
0
0
0
0
-1788.006
-1613.6
-1498.674
-1402.981
-1337.359
0
0
0
0
0
-1789.808
-1613.91
-1499.799
-1402.716
-1337.879
0
0
0
0
-1791.097
-1614.888
-1500.261
-1403.282
-1337.889
0
0
0
-1790.505
-1615.633
-1500.582
-1404.339
-1338.143
0
0
-1791.227
-1614.805
-1501.503
-1404.311
-1338.795
0
-1789.697
-1615.529
-1502.218
-1404.064
-1338.716
-1791.708
-1615.917
-1502.328
-1405.071
-1338.586
-1618.396
-1505.187
-1407.058
-1340.617
-1510.21
-1411.053
-1342.215
-1419.078
-1352.225
-1358.659
1433.991
1487.577
1576.661
1657.425
1847.448
0
0
0
0
0
-1834.266
-1653.907
-1538.354
-1440.047
-1373.699
1448.4
1513.951
1584.054
1644.817
1861.917
0
0
0
0
0
-1820.981
-1643.069
-1527.836
-1429.925
-1363.925
1514.222
1580.327
1675.785
1844.272
0
0
0
0
0
-1812.584
-1633.354
-1518.757
-1421.546
-1356.167
1566.22
1670.358
1841.33
0
0
0
0
0
-1805.452
-1629.749
-1514.066
-1417.69
-1350.962
1658.249
1849.92
0
0
0
0
0
-1800.483
-1624.027
-1509.673
-1412.692
-1347.302
1841.753
0
0
0
0
0
-1792.21
-1615.724
-1501.056
-1404.817
-1339.397
0
0
0
0
0
-1789.955
-1612.551
-1499.877
-1402.354
-1337.642
0
0
0
0
-1789.845
-1614.067
-1500.011
-1403.278
-1337.381
0
0
0
-1792.012
-1615.142
-1500.757
-1403.679
-1337.866
0
0
-1790.595
-1614.92
-1501.665
-1404.083
-1338.883
0
-1791.559
-1615.793
-1501.089
-1405.014
-1338.885
-1789.859
-1614.94
-1501.904
-1405.648
-1338.721
-1616.801
-1502.699
-1406.072
-1339.694
-1505.238
-1408.719
-1341.59
-1413.509
-1345.393
-1353.114
1413.871
1506.231
1564.748
1672.436
1830.408
0
0
0
0
0
-1832.59
-1654.545
-1537.663
-1439.67
-1373.072
1524.617
1584.002
1682.169
1817.191
0
0
0
0
0
-1822.76
-1642.345
-1527.279
-1429.65
-1363.344
1582.475
1677.844
1847.432
0
0
0
0
0
-1810.719
-1634.303
-1518.276
-1421.134
-1355.313
1662.956
1844.019
0
0
0
0
0
-1807.112
-1628.356
-1514.635
-1416.709
-1351.59
1828.544
0
0
0
0
0
-1802.33
-1623.819
-1509.55
-1412.568
-1346.848
0
0
0
0
0
-1791.662
-1615.871
-1501.562
-1404.433
-1339.306
0
0
0
0
-1790.772
-1614.038
-1498.968
-1403.39
-1337.024
0
0
0
-1791.056
-1614.326
-1500.25
-1403.48
-1337.879
0
0
-1791.173
-1616.09
-1501.166
-1404.124
-1338.26
0
-1792.737
-1615.446
-1501.199
-1405.127
-1338.686
-1791.623
-1616.452
-1502.189
-1404.72
-1339.596
-1615.463
-1501.801
-1405.571
-1340.186
-1503.625
-1406.56
-1340.684
-1409.066
-1343.186
-1347.771
1488.857
1569.554
1660.463
1844.634
0
0
0
0
0
-1834.723
-1653.126
-1537.811
-1438.916
-1372.618
1592.388
1681.804
1855.119
0
0
0
0
0
-1822.367
-1643.532
-1526.489
-1428.999
-1363.009
1676.609
1850.279
0
0
0
0
0
-1811.199
-1632.872
-1518.771
-1420.573
-1354.885
1834.731
0
0
0
0
0
-1806.677
-1629.408
-1513.607
-1417.012
-1350.658
0
0
0
0
0
-1802.986
-1625.249
-1509.391
-1412.402
-1346.709
0
0
0
0
-1793.158
-1615.611
-1501.733
-1404.788
-1338.945
0
0
0
-1792.255
-1615.007
-1500.15
-1402.598
-1337.985
0
0
-1791.33
-1615.426
-1500.653
-1403.775
-1338.074
0
-1790.71
-1615.655
-1502.139
-1404.625
-1338.682
-1792.517
-1617.237
-1502
-1404.822
-1339.692
-1616.911
-1503.082
-1405.87
-1339.348
-1502.575
-1405.728
-1340.182
-1407.497
-1341.194
-1343.613
1560.352
1662.582
1831.66
0
0
0
0
0
-1833.968
-1654.435
-1536.545
-1438.82
-1371.868
1688.267
1854.815
0
0
0
0
0
-1820.968
-1643.113
-1527.237
-1428.211
-1362.35
1847.05
0
0
0
0
0
-1813.028
-1633.17
-1517.628
-1420.837
-1354.318
0
0
0
0
0
-1807.955
-1629.231
-1514.275
-1416.212
-1350.877
0
0
0
0
-1803.071
-1625.863
-1510.546
-1412.293
-1346.537
0
0
0
-1792.32
-1616.898
-1501.674
-1404.984
-1339.25
0
0
-1793.028
-1616.51
-1501.221
-1403.613
-1337.25
0
-1790.911
-1615.972
-1501.72
-1404.263
-1338.379
-1791.272
-1615.544
-1502.013
-1405.606
-1339.198
-1617.465
-1503.608
-1405.76
-1339.444
-1503.8
-1406.883
-1340.481
-1406.628
-1340.411
-1342.108
1658.324
1830.583
0
0
0
0
0
-1834.549
-1653.812
-1537.294
-1437.681
-1371.705
1859.383
0
0
0
0
0
-1823.178
-1641.963
-1526.808
-1428.724
-1361.587
0
0
0
0
0
-1814.874
-1634.813
-1517.8
-1419.896
-1354.508
0
0
0
0
-1810.012
-1630.155
-1514.261
-1416.69
-1350.167
0
0
0
-1804.617
-1626.175
-1511.129
-1413.303
-1346.448
0
0
-1793.975
-1616.651
-1502.827
-1405.056
-1339.449
0
-1794.312
-1617.373
-1502.731
-1404.737
-1338.191
-1792.208
-1616.009
-1502.466
-1405.317
-1338.881
-1616.281
-1502.164
-1405.666
-1340.155
-1504.148
-1407.26
-1340.397
-1407.726
-1341.503
-1341.324
1831.107
0
0
0
0
0
-1834.038
-1654.154
-1536.751
-1438.139
-1370.636
0
0
0
0
0
-1822.057
-1643.737
-1525.844
-1428.324
-1362.017
0
0
0
0
-1814.814
-1636.323
-1519.304
-1420.018
-1353.654
0
0
0
-1809.271
-1632.038
-1514.98
-1416.784
-1350.579
0
0
-1804.706
-1627.67
-1511.591
-1413.875
-1347.391
0
-1797.135
-1618.162
-1502.974
-1406.133
-1339.561
-1792.826
-1618.703
-1503.692
-1406.233
-1339.301
-1617.122
-1502.807
-1406.171
-1339.906
-1503.05
-1405.965
-1340.27
-1407.962
-1341.826
-1342.36
0
0
0
0
0
-1834.668
-1653.675
-1536.933
-1437.673
-1370.998
0
0
0
0
-1823.913
-1643.089
-1527.297
-1427.509
-1361.639
0
0
0
-1815.499
-1636.542
-1520.574
-1421.441
-1353.761
0
0
-1811.022
-1631.887
-1516.735
-1417.408
-1350.706
0
-1805.986
-1628.192
-1513.067
-1414.425
-1347.945
-1800.201
-1621.285
-1504.418
-1406.501
-1340.588
-1618.107
-1505.071
-1407.251
-1340.755
-1503.832
-1406.671
-1340.769
-1406.926
-1340.606
-1342.558
0
0
0
0
-1834.182
-1654.289
-1536.491
-1437.788
-1370.57
0
0
0
-1824.552
-1644.65
-1526.978
-1428.774
-1360.893
0
0
-1815.273
-1637.231
-1520.982
-1422.571
-1355.124
0
-1811.44
-1633.685
-1516.979
-1419.075
-1351.287
-1806.488
-1629.441
-1513.877
-1415.883
-1348.509
-1624.135
-1507.504
-1407.9
-1341.013
-1505.055
-1408.641
-1341.764
-1407.639
-1341.302
-1341.564
0
0
0
-1834.93
-1654.182
-1537.099
-1437.396
-1370.664
0
0
-1825.165
-1645.383
-1528.336
-1428.659
-1362.07
0
-1816.591
-1637.534
-1521.71
-1423.09
-1356.183
-1814.492
-1634.56
-1518.818
-1419.54
-1352.884
-1630.218
-1515.152
-1416.84
-1349.923
-1510.225
-1410.918
-1342.362
-1408.936
-1343.122
-1342.228
0
0
-1836.227
-1655.002
-1537.247
-1438.01
-1370.299
0
-1825.247
-1646.159
-1529.155
-1429.896
-1362.021
-1817.376
-1638.806
-1522.377
-1423.847
-1356.723
-1637.286
-1519.997
-1421.382
-1353.404
-1516.109
-1418.126
-1350.9
-1413.531
-1345.281
-1343.501
0
-1834.193
-1656.292
-1538.137
-1438.308
-1370.898
-1821.88
-1646.619
-1530.07
-1430.766
-1363.188
-1639.993
-1523.653
-1424.71
-1357.47
-1522.523
-1422.709
-1355.198
-1419.163
-1352.157
-1347.794
-1835.574
-1655.217
-1539.449
-1439.238
-1371.234
-1644.451
-1530.809
-1431.755
-1364.052
-1525.099
-1425.979
-1358.369
-1425.092
-1356.535
-1353.192
-1656.553
-1539.039
-1440.553
-1372.152
-1529.484
-1432.643
-1365.038
-1427.542
-1359.604
-1358.813
-1540.365
-1440.522
-1373.435
-1431.812
-1365.947
-1361.16
-1441.823
-1373.518
-1365.287
-1374.776
)
;

boundaryField
{
    cathodeSides
    {
        type            zeroGradient;
    }
    electrolyteSides
    {
        type            zeroGradient;
    }
    anodeSides
    {
        type            zeroGradient;
    }
    phiI_to_phiI0
    {
        type            zeroGradient;
    }
}


// ************************************************************************* //
