/*--------------------------------*- C++ -*----------------------------------*\
| =========                 |                                                 |
| \\      /  F ield         | OpenFOAM: The Open Source CFD Toolbox           |
|  \\    /   O peration     | Version:  2312                                  |
|   \\  /    A nd           | Website:  www.openfoam.com                      |
|    \\/     M anipulation  |                                                 |
\*---------------------------------------------------------------------------*/
FoamFile
{
    version     2.0;
    format      ascii;
    arch        "LSB;label=32;scalar=64";
    class       volScalarField;
    location    "80/phiI";
    object      dmdt;
}
// * * * * * * * * * * * * * * * * * * * * * * * * * * * * * * * * * * * * * //

dimensions      [0 -3 -1 0 1 0 0];

internalField   nonuniform List<scalar> 
12000
(
10720.86
10739.65
10726.37
11537.55
10764.14
10756.02
11549.96
10745.64
11543.43
13119.99
10809.37
10781.96
11573.06
10775.47
11567.88
13128.5
10777.06
11567.15
13132.72
15533.51
10874.28
10828.86
11613.98
10802.51
11592.02
13144.89
10791.39
11588.75
13148.74
15537.38
10793.6
11590.39
13159.51
15555.75
19092.12
10967.6
10900.02
11672.6
10851.22
11634.88
13171.79
10819.38
11613.58
13165.97
15538.6
10803.92
11605.53
13172.42
15562.06
19083.92
10802.44
11609.9
13176.5
15586.34
19123.7
0
11065.69
10991.17
11758.26
10925.1
11699.31
13210.03
10869.85
11658.28
13195.46
15534.13
10833.69
11631.57
13189.95
15563.48
19053.6
10815.46
11619.37
13191.6
15590.53
19115.41
0
10798.88
11620.34
13201.02
15602.86
19161.26
0
0
11164.9
11098.21
11851.44
11021.5
11780.65
13270.03
10945.94
11725.31
13238.16
15529.41
10885.18
11677.77
13220.96
15564.17
18982.28
10845.12
11646.82
13210
15591.77
19085.13
0
10824.17
11631.07
13207.73
15613.79
19151.01
0
0
10814.06
11613.9
13214.23
15633.79
19182.13
0
0
0
11206.65
11200.97
11949.07
11132.09
11881.81
13340.86
11045.02
11812.47
13288.26
15534.58
10963.08
11746.96
13265.93
15560.7
18896.28
10897.41
11694.06
13242.37
15593.35
19029.39
0
10854.11
11658.87
13227.28
15615.62
19119.85
0
0
10832.22
11640.61
13220.79
15633.87
19180.6
0
0
0
10810.23
11632.23
13209.59
15650.95
19220.67
0
0
0
0
11229.24
11246.91
11988.21
11234.14
11982.38
13423.7
11158.6
11916.93
13364.74
15554.63
11064.28
11836.65
13323.38
15543.84
18798.02
10976.67
11764.9
13289.15
15591.46
18936.11
0
10907.48
11706.97
13260.47
15618.14
19063.74
0
0
10862.82
11668.55
13240.89
15636.37
19149.44
0
0
0
10838.95
11649.42
13231.53
15649.71
19206.38
0
0
0
0
10831.46
11628.12
13229.96
15651.37
19242.93
0
0
0
0
0
11229.24
11270.58
12009.28
11279
12025.52
13449.65
11266.26
12015.87
13448.65
15600.46
11179.75
11944.1
13401.91
15564.44
18719.61
11079.57
11856.52
13348.66
15586.13
18785.29
0
10987.96
11779.06
13308.58
15617.35
18971.01
0
0
10916.54
11717.6
13274.77
15639.33
19093.4
0
0
0
10869.45
11677.63
13251.89
15652.8
19175.38
0
0
0
0
10845.69
11656.15
13241.76
15662.9
19226.8
0
0
0
0
0
10838.28
11651.51
13229.54
15671.82
19248.81
0
0
0
0
0
-14529.34
11206.58
11270.65
12009.27
11302.93
12047.45
13463.91
11314.07
12057.09
13477.73
15597.12
11289.11
12049.29
13481.5
15607.16
18690.13
11196.57
11965.72
13430.33
15605.49
18695.94
0
11092.23
11872.26
13369.57
15613.14
18844.96
0
0
10997.77
11790.89
13323.91
15639.26
19000.39
0
0
0
10923.96
11727.07
13286.63
15656.15
19119.04
0
0
0
0
10876.1
11685.01
13262.01
15666.23
19196.13
0
0
0
0
0
10849.79
11663.95
13249.25
15675.55
19243.91
0
0
0
0
0
-14553.67
10842.6
11656.64
13249.45
15677.11
19271.18
0
0
0
0
0
-14494.48
-14488.42
11165.03
11246.92
11988.13
11303.02
12047.52
13463.92
11337.4
12079.09
13492.24
15596.55
11339.14
12093.52
13506.66
15604.94
18631.19
11307.44
12072.48
13517.62
15637.86
18654.73
0
11210.54
11982.87
13452.56
15636.31
18746.02
0
0
11103.09
11885.37
13386.15
15635.68
18873.74
0
0
0
11006.12
11801.13
13336.83
15656.65
19025.59
0
0
0
0
10930.7
11735.01
13297.12
15670.25
19139.62
0
0
0
0
0
10881.3
11691.81
13270.6
15678.37
19213.31
0
0
0
0
0
-14639.97
10853.31
11668.54
13258.31
15684.5
19260.14
0
0
0
0
0
-14497.54
-14515.13
10833.72
11663.17
13254.31
15694.14
19281.62
0
0
0
0
0
-14510.19
-14457.28
-14172.04
11065.7
11200.98
11949.2
11278.95
12025.53
13449.56
11337.43
12079.19
13492.32
15596.59
11364.08
12114.61
13520.75
15603.48
18602.71
11358.19
12119.11
13545.51
15627.5
18593.03
0
11322.54
12091.07
13541.09
15679.57
18680.1
0
0
11222.42
11997.18
13470.21
15659.34
18781.13
0
0
0
11112.46
11896.6
13400.09
15653.68
18898.02
0
0
0
0
11013.41
11809.9
13347.97
15671.47
19045.84
0
0
0
0
0
10936.34
11742.06
13306.08
15682.62
19157.05
0
0
0
0
0
-14226.16
10885.96
11697.22
13278.15
15688.98
19228.71
0
0
0
0
0
-14492.19
-14607.24
10857.9
11673.15
13263.23
15695.3
19271.85
0
0
0
0
0
-14512.38
-14462.11
-14201.7
10845.22
11657.79
13260.74
15699.46
19299.31
0
0
0
0
0
-14523.01
-14476.02
-14142.75
-13666.18
10967.61
11098.23
11851.41
11234.11
11982.4
13423.83
11314.12
12057.03
13477.74
15597.01
11364.12
12114.64
13520.86
15603.56
18602.77
11383.63
12142
13557.83
15624.61
18561.74
0
11374.03
12138.35
13572.1
15671.07
18600.49
0
0
11335.35
12106.45
13559.96
15703.21
18734.3
0
0
0
11232.65
12009.36
13485.08
15677.74
18804.42
0
0
0
0
11120.57
11906.31
13412.05
15669.02
18917.73
0
0
0
0
0
11019.68
11817.52
13357.61
15684.27
19063.34
0
0
0
0
0
-14538.85
10941.42
11748.01
13313.9
15693.38
19172.36
0
0
0
0
0
-14479.71
-14298.57
10889.99
11702.35
13284.26
15698.07
19242.3
0
0
0
0
0
-14507.13
-14461.68
-14301.21
10862.8
11677.17
13269.4
15701.54
19285.31
0
0
0
0
0
-14526.71
-14480.47
-14150.12
-13698.26
10856.96
11658.56
13261.51
15705.8
19306.62
0
0
0
0
0
-14537.39
-14491.92
-14162.85
-13638.18
-13253.8
10874.29
10991.21
11758.25
11131.96
11881.82
13340.79
11266.25
12015.86
13448.68
15600.59
11339.04
12093.55
13506.58
15604.94
18631.06
11383.56
12142.06
13557.85
15624.72
18561.83
0
11399.77
12161.72
13586.7
15664.48
18565.77
0
0
11387.45
12154.4
13591.41
15699.7
18654.58
0
0
0
11346.39
12119.49
13575.7
15722.36
18757.19
0
0
0
0
11241.52
12019.83
13497.78
15693.48
18823.33
0
0
0
0
0
11127.56
11914.7
13422.42
15682.25
18934.8
0
0
0
0
0
-14732.57
11025.31
11824.07
13365.95
15695.42
19078.55
0
0
0
0
0
-14507.33
-14568.87
10945.83
11753.39
13320.57
15702.68
19185.78
0
0
0
0
0
-14495.43
-14458.43
-14082.35
10893.96
11706.61
13290.09
15705.56
19253.91
0
0
0
0
0
-14522.16
-14480.28
-14156.18
-13803.9
10865.81
11682.04
13273.48
15709.44
19293.85
0
0
0
0
0
-14540.27
-14497.63
-14170.24
-13647.91
-13287.07
10849.08
11674.41
13254.43
15711.57
19314.1
0
0
0
0
0
-14548.2
-14508.65
-14180.27
-13658.86
-13226.91
10809.43
10900.08
11672.6
11021.35
11780.68
13269.98
11158.52
11916.78
13364.75
15554.53
11289.06
12049.29
13481.51
15607.19
18690.26
11358.2
12119.01
13545.52
15627.4
18593.02
0
11399.73
12161.65
13586.79
15664.5
18565.89
0
0
11413.41
12178.04
13606.42
15696.49
18611.69
0
0
0
11398.94
12168.05
13607.66
15718.87
18687.41
0
0
0
0
11355.95
12130.75
13589.09
15738.54
18775.95
0
0
0
0
0
11249.18
12028.92
13508.72
15707.04
18839.9
0
0
0
0
0
-14885.39
11133.8
11921.93
13431.41
15693.79
18949.7
0
0
0
0
0
-14152.36
-14717.88
11030.25
11829.98
13373.14
15705.09
19091.9
0
0
0
0
0
-14469.83
-14500.97
-14327.68
10950.15
11758.07
13326.62
15710.69
19197.38
0
0
0
0
0
-14509.85
-14477.9
-14164.84
-13647.6
10897.67
11710.95
13295.11
15712.71
19263.63
0
0
0
0
0
-14535.34
-14498.42
-14176.72
-13659.88
-13396.01
10868.65
11684.97
13279.07
15714.56
19304.12
0
0
0
0
0
-14550.73
-14513.77
-14188.75
-13668.88
-13238.11
10859.71
11671.33
13272.47
15702.28
19323.5
0
0
0
0
0
-14555.57
-14521.87
-14198.03
-13676.96
-13247.8
10764.54
10828.98
11613.95
10924.99
11699.32
13210
11044.92
11812.3
13288.28
15534.5
11179.55
11944.02
13401.74
15564.44
18719.49
11307.37
12072.45
13517.62
15637.89
18654.77
0
11374.03
12138.4
13571.99
15671.07
18600.37
0
0
11413.4
12177.99
13606.34
15696.62
18611.71
0
0
0
11425.15
12191.87
13622.84
15715.92
18650.59
0
0
0
0
11409
12179.74
13621.57
15735.28
18705.52
0
0
0
0
0
11364.3
12140.48
13600.7
15752.45
18792.21
0
0
0
0
0
-15000.09
11255.99
12036.76
13518.23
15718.77
18854.39
0
0
0
0
0
-14619.12
-14836.66
11139.34
11928.39
13439.15
15703.84
18962.83
0
0
0
0
0
-14445.4
-14255.28
-14452.16
11034.93
11835.16
13379.66
15713.47
19103.52
0
0
0
0
0
-14484.89
-14467.03
-14226.73
-13882.7
10953.97
11762.7
13331.89
15717.97
19207.47
0
0
0
0
0
-14523.23
-14495.71
-14186.38
-13679.3
-13275.42
10900.61
11714.82
13300.02
15719.02
19272.84
0
0
0
0
0
-14545.84
-14514.32
-14196.43
-13681.42
-13253.69
10870.88
11687.73
13282.27
15721.59
19310.99
0
0
0
0
0
-14559.77
-14526.38
-14206.09
-13687.98
-13259.39
10861.05
11680.54
13274.67
15720.94
19314.54
0
0
0
0
0
-14564.77
-14530.55
-14212.43
-13695.1
-13266.11
10737.8
10782.18
11573.11
10851.19
11634.94
13171.76
10945.79
11725.16
13238.15
15529.36
11064.02
11836.53
13323.17
15543.87
18797.92
11196.56
11965.52
13430.24
15605.29
18695.95
0
11322.54
12091.03
13541.07
15679.57
18680.14
0
0
11387.45
12154.42
13591.5
15699.57
18654.58
0
0
0
11425.15
12191.86
13622.79
15715.83
18650.76
0
0
0
0
11435.38
12203.79
13636.88
15732.34
18668.67
0
0
0
0
0
11417.69
12189.94
13633.54
15749.51
18721.49
0
0
0
0
0
-15050.68
11371.68
12149
13610.73
15764.61
18806.45
0
0
0
0
0
-14922.23
-14928.45
11262.03
12043.74
13526.45
15729.04
18867.07
0
0
0
0
0
-12878.32
-14692.26
-14553.55
11144.48
11934.12
13446.09
15712.52
18974.32
0
0
0
0
0
-14452.93
-14462.81
-14078.15
-13999.92
11039.07
11840.11
13385.37
15721.08
19113.66
0
0
0
0
0
-14498.11
-14485.93
-14194.5
-13758.62
-13509.04
10957.19
11766.77
13337.16
15724.32
19216.63
0
0
0
0
0
-14533.04
-14512.08
-14206.07
-13701.97
-13279.71
10903.08
11718.1
13304.44
15725.01
19281.07
0
0
0
0
0
-14554.84
-14527.12
-14213.68
-13701.89
-13275.66
10873.77
11690.91
13285.63
15725.62
19320.06
0
0
0
0
0
-14568.13
-14537.22
-14219.7
-13705.81
-13278.69
10854.97
11680.17
13281.37
15726.47
19334.73
0
0
0
0
0
-14571.59
-14541.52
-14221.59
-13709.99
-13284.33
10724.42
10756.48
11548.48
10802.29
11592.04
13144.94
10869.65
11658.19
13195.44
15534.1
10962.84
11746.81
13265.72
15560.67
18896.22
11079.48
11856.22
13348.51
15585.87
18785.32
0
11210.5
11982.9
13452.33
15636.21
18745.79
0
0
11335.4
12106.43
13559.95
15703.21
18734.3
0
0
0
11398.91
12168.04
13607.69
15718.99
18687.26
0
0
0
0
11435.4
12203.77
13636.86
15732.27
18668.56
0
0
0
0
0
11444.32
12214.16
13649
15746.56
18684.39
0
0
0
0
0
-15072.74
11425.44
12198.79
13643.98
15761.85
18735.68
0
0
0
0
0
-15013.22
-14967.64
11378.26
12156.52
13619.57
15775.15
18819.09
0
0
0
0
0
-13953.76
-14974.34
-14634.44
11267.54
12049.92
13533.78
15737.94
18878.26
0
0
0
0
0
-14439.59
-12985.47
-14501.8
-14097.3
11149.05
11939.48
13452.24
15720.33
18984.33
0
0
0
0
0
-14466.09
-14474.1
-14216.15
-13679.25
-13628.75
11042.67
11844.49
13390.86
15727.75
19122.9
0
0
0
0
0
-14509.49
-14502.51
-14215.72
-13727.34
-13369.79
10959.97
11770.23
13341.76
15730.68
19224.65
0
0
0
0
0
-14542.38
-14524.35
-14224.03
-13722.68
-13302.88
10905.66
11720.74
13308.24
15730.42
19288.72
0
0
0
0
0
-14562.97
-14537.99
-14227.61
-13719.75
-13296.41
10875.25
11693.95
13289.34
15729.9
19325.63
0
0
0
0
0
-14574.59
-14547.14
-14231.38
-13719.83
-13296.65
10863.02
11679.5
13278.56
15732.99
19343.07
0
0
0
0
0
-14579.92
-14549.61
-14233.36
-13719.3
-13299.33
10728.3
11539.18
10773.77
11568.14
13126.85
10819.22
11613.55
13165.9
15538.69
10885
11677.59
13220.83
15564.11
18982.25
10976.58
11764.58
13288.99
15591.18
18936.08
0
11092.16
11872.22
13369.22
15612.96
18844.65
0
0
11222.44
11997.11
13470.28
15659.08
18781.02
0
0
0
11346.34
12119.52
13575.66
15722.36
18757.2
0
0
0
0
11408.96
12179.68
13621.56
15735.32
18705.66
0
0
0
0
0
11444.31
12214.19
13648.97
15746.53
18684.32
0
0
0
0
0
-15071.95
11452.23
12223.25
13659.58
15758.94
18698.35
0
0
0
0
0
-15043.81
-14984.68
11432.35
12206.67
13653.08
15772.64
18748.16
0
0
0
0
0
-14442.28
-15052.73
-14669.44
11384.1
12163.22
13627.37
15784.52
18830.14
0
0
0
0
0
-14443.66
-14074.65
-14774.62
-14176.36
11272.47
12055.6
13540.27
15745.92
18888.02
0
0
0
0
0
-14453.05
-14478.63
-12822.14
-14100.56
-13728.56
11153.09
11944.25
13458.05
15727.25
18993.36
0
0
0
0
0
-14475.94
-14491.14
-14229.59
-13772.56
-13328.25
11045.77
11848.28
13395.73
15734.18
19131.01
0
0
0
0
0
-14518.11
-14516.71
-14234.27
-13749.93
-13338.88
10962.54
11773.11
13345.68
15736.24
19232.61
0
0
0
0
0
-14550.97
-14535.75
-14237.61
-13741.45
-13324.03
10907.76
11723.26
13311.22
15735.11
19295.67
0
0
0
0
0
-14569.31
-14547.75
-14239.4
-13734.2
-13314.47
10877.11
11695.48
13292.56
15734.42
19331.31
0
0
0
0
0
-14579.26
-14554.95
-14242.01
-13731.84
-13310.78
10867.14
11682.86
13284.18
15727.74
19350.44
0
0
0
0
0
-14582.54
-14558.97
-14242.04
-13731.37
-13308.68
10763.58
11544.95
13120.77
10790.29
11587.68
13149.44
15535.99
10833.46
11631.39
13189.85
15563.32
19053.72
10897.22
11693.73
13242.18
15593.16
19029.33
0
10987.87
11778.98
13308.17
15617.17
18970.66
0
0
11103.08
11885.27
13386.14
15635.28
18873.52
0
0
0
11232.52
12009.33
13484.98
15677.85
18804.13
0
0
0
0
11355.93
12130.69
13589.09
15738.49
18775.96
0
0
0
0
0
11417.72
12189.91
13633.44
15749.48
18721.56
0
0
0
0
0
-15050.96
11452.16
12223.23
13659.62
15758.9
18698.31
0
0
0
0
0
-15044.19
-14983.86
11459.29
12231.28
13668.89
15769.79
18710.69
0
0
0
0
0
-14522.43
-15077.59
-14684.9
11438.5
12213.67
13661.17
15782.12
18759.19
0
0
0
0
0
-13035.29
-14558.48
-14848.15
-14212.14
11389.37
12169.19
13634.31
15792.79
18840.06
0
0
0
0
0
-14447.89
-14495.96
-13927.81
-14371.83
-13809.57
11276.85
12060.68
13546.29
15752.98
18896.84
0
0
0
0
0
-14463.06
-14496.41
-14257.49
-12446.46
-13751.14
11156.57
11948.45
13463.23
15733.84
19001.39
0
0
0
0
0
-14486.05
-14504.1
-14249.08
-13787.12
-13398.85
11048.58
11851.49
13399.93
15739.92
19138.81
0
0
0
0
0
-14526.25
-14527.57
-14250.09
-13769.6
-13362.11
10964.87
11775.71
13348.88
15741
19239.62
0
0
0
0
0
-14557.58
-14546.08
-14250.08
-13755.7
-13343.12
10909.64
11725.55
13313.9
15738.8
19301.74
0
0
0
0
0
-14575.57
-14555.44
-14249.93
-13746.38
-13329.09
10879.6
11697.27
13294.75
15738.08
19337.12
0
0
0
0
0
-14585.52
-14560.77
-14250.42
-13742.75
-13322.87
10866.53
11681.71
13284.47
15737.15
19344.3
0
0
0
0
0
-14584.89
-14562.54
-14251.75
-13740.27
-13320.79
10775.16
11578.73
13131.64
15535.72
10804.46
11604.96
13171.72
15562.99
19082.58
10844.78
11646.42
13209.88
15591.63
19084.94
0
10907.39
11706.75
13259.98
15617.92
19063.49
0
0
10997.72
11790.76
13323.85
15638.76
19000.18
0
0
0
11112.26
11896.54
13399.95
15653.71
18897.57
0
0
0
0
11241.47
12019.65
13497.7
15693.34
18823.47
0
0
0
0
0
11364.24
12140.49
13600.62
15752.43
18792.16
0
0
0
0
0
-15000.74
11425.42
12198.8
13643.95
15761.71
18735.65
0
0
0
0
0
-15013.39
-14967.94
11459.25
12231.21
13668.87
15769.86
18710.64
0
0
0
0
0
-14522.55
-15077.98
-14684.06
11465.58
12238.43
13677.11
15779.44
18721.63
0
0
0
0
0
-13373.31
-14632.58
-14871.01
-14228.32
11444.01
12219.94
13668.37
15790.57
18768.98
0
0
0
0
0
-14424.6
-13169.19
-14412.25
-14445.89
-13847.46
11394.14
12174.58
13640.53
15800.16
18848.88
0
0
0
0
0
-14458.25
-14504.34
-14292.87
-13561.24
-14023.11
11280.67
12065.16
13551.67
15759.58
18904.66
0
0
0
0
0
-14472.42
-14509.89
-14278.14
-13836.51
-12121.93
11159.7
11951.99
13467.75
15739.72
19009.05
0
0
0
0
0
-14494.17
-14516.82
-14264
-13808.14
-13413.68
11051.16
11854.38
13403.44
15744.86
19145.8
0
0
0
0
0
-14533.41
-14537.64
-14262.24
-13786.33
-13382.28
10966.9
11778.18
13351.71
15744.85
19245.65
0
0
0
0
0
-14564.28
-14554.18
-14261.33
-13768.7
-13357.64
10911.3
11727.45
13316.54
15742.01
19306.62
0
0
0
0
0
-14581.5
-14562.91
-14258.27
-13757.25
-13341.4
10881.05
11699.6
13296.41
15741.12
19341.71
0
0
0
0
0
-14590.31
-14568.02
-14256.77
-13751.39
-13333.84
10865.29
11687.52
13278.44
15738.21
19356.17
0
0
0
0
0
-14590.97
-14566.09
-14255.77
-13750.03
-13329.73
10793.66
11592.9
13166.04
15552.49
19095.57
10815.09
11619.97
13191.25
15590.22
19116.46
0
10853.89
11658.49
13226.65
15615.52
19119.66
0
0
10916.38
11717.46
13274.53
15638.71
19093.15
0
0
0
11005.91
11801.05
13336.64
15656.61
19025.01
0
0
0
0
11120.49
11906.03
13411.94
15668.84
18917.76
0
0
0
0
0
11249.08
12028.87
13508.48
15706.92
18839.73
0
0
0
0
0
-14885.13
11371.59
12148.94
13610.77
15764.51
18806.43
0
0
0
0
0
-14922.24
-14929.12
11432.3
12206.65
13653.07
15772.62
18748
0
0
0
0
0
-14441.7
-15052.92
-14669.75
11465.55
12238.41
13677.04
15779.41
18721.71
0
0
0
0
0
-13373.62
-14632.72
-14871.41
-14227.47
11471.2
12244.84
13684.43
15787.96
18731.49
0
0
0
0
0
-14410.15
-13514.05
-14484.24
-14469.33
-13864.8
11449.05
12225.57
13674.84
15798.11
18777.77
0
0
0
0
0
-14435.13
-14491.3
-13037.94
-14047.03
-14099.19
11398.45
12179.44
13646.16
15806.81
18856.76
0
0
0
0
0
-14467.58
-14518.39
-14303.8
-13888.89
-13232.66
11284.19
12069.03
13556.38
15765.49
18912.03
0
0
0
0
0
-14480.45
-14522.1
-14293.93
-13859.02
-13476.41
11162.58
11955.19
13471.51
15744.84
19015.91
0
0
0
0
0
-14500.67
-14527.1
-14278.34
-13824.28
-13435.44
11053.52
11857.08
13406.57
15748.97
19151.84
0
0
0
0
0
-14540.28
-14546.45
-14273.39
-13799.19
-13399.41
10968.88
11780.34
13354.49
15748.23
19250.59
0
0
0
0
0
-14569.22
-14562.19
-14270.18
-13780.37
-13370.83
10913.56
11729.31
13318.8
15745.31
19310.81
0
0
0
0
0
-14585.99
-14569.93
-14266.3
-13765.85
-13352.36
10883.19
11701.54
13299.05
15743.12
19345.92
0
0
0
0
0
-14594.55
-14573.65
-14264.45
-13757.96
-13342.54
10866.08
11685.04
13290.54
15729.47
19358.96
0
0
0
0
0
-14597.22
-14572.59
-14259.96
-13754.26
-13339.45
10800.36
11607.22
13182.83
15591.43
19119.35
0
10824.03
11630.99
13208.05
15613.68
19150.88
0
0
10862.64
11668.38
13240.46
15635.55
19149.34
0
0
0
10923.72
11726.94
13286.47
15655.9
19118.31
0
0
0
0
11013.33
11809.6
13347.87
15671.23
19045.82
0
0
0
0
0
11127.44
11914.62
13422.07
15682.09
18934.6
0
0
0
0
0
-14732.36
11255.88
12036.65
13518.19
15718.49
18854.24
0
0
0
0
0
-14618.91
-14836.4
11378.19
12156.43
13619.5
15775.22
18818.98
0
0
0
0
0
-13953.89
-14974.35
-14635.13
11438.46
12213.64
13661.16
15782.1
18759.17
0
0
0
0
0
-13035.27
-14557.89
-14848.35
-14212.46
11471.18
12244.8
13684.44
15787.89
18731.46
0
0
0
0
0
-14409.88
-13514.38
-14484.39
-14469.73
-13863.96
11476.33
12250.57
13691.05
15795.56
18740.24
0
0
0
0
0
-14420.36
-14482.05
-13390.37
-14119.43
-14123.84
11453.58
12230.7
13680.68
15804.92
18785.65
0
0
0
0
0
-14444.37
-14505.7
-14303.91
-12689.38
-13717
11402.42
12183.81
13651.21
15812.85
18863.91
0
0
0
0
0
-14475.48
-14530.76
-14320.4
-13901.28
-13539.76
11287.4
12072.57
13560.41
15770.64
18918.63
0
0
0
0
0
-14487.02
-14532.51
-14308.01
-13876.3
-13499.85
11165.27
11958.15
13474.9
15749.08
19021.9
0
0
0
0
0
-14507.29
-14535.42
-14289.94
-13839.58
-13452.17
11055.73
11859.52
13409.53
15752.63
19156.91
0
0
0
0
0
-14545.75
-14554.77
-14283.12
-13810.92
-13412.59
10971.03
11782.41
13356.94
15751.61
19254.92
0
0
0
0
0
-14574.84
-14568.24
-14278.84
-13789.58
-13382.65
10915.2
11731.74
13320.91
15748.17
19315.14
0
0
0
0
0
-14590.23
-14575.33
-14273.82
-13774.11
-13361.04
10885.69
11703.94
13301.22
15746.36
19348.74
0
0
0
0
0
-14598.83
-14578.75
-14270.43
-13765.78
-13349.16
10872.38
11687.06
13286.42
15746.19
19349.21
0
0
0
0
0
-14597.56
-14579.71
-14266.52
-13758.76
-13343.76
10798.44
11616.71
13196.09
15612.36
19166.14
0
0
10832.01
11640.49
13220.61
15633.85
19180.52
0
0
0
10869.21
11677.46
13251.67
15652.34
19174.42
0
0
0
0
10930.49
11734.64
13296.99
15670.04
19139.33
0
0
0
0
0
11019.55
11817.43
13357.21
15684.15
19063.06
0
0
0
0
0
-14537.78
11133.64
11921.79
13431.32
15693.36
18949.51
0
0
0
0
0
-14151.43
-14717.67
11261.93
12043.62
13526.33
15729.01
18866.74
0
0
0
0
0
-12878
-14692.05
-14553.3
11384.05
12163.15
13627.28
15784.42
18830.23
0
0
0
0
0
-14443.98
-14074.78
-14774.63
-14177.05
11444.01
12219.9
13668.36
15790.57
18768.96
0
0
0
0
0
-14424.66
-13169.17
-14411.66
-14446.09
-13847.77
11476.34
12250.53
13690.99
15795.59
18740.16
0
0
0
0
0
-14420.52
-14481.74
-13390.7
-14119.58
-14124.24
11480.95
12255.78
13696.96
15802.5
18748.09
0
0
0
0
0
-14429.37
-14496.19
-14301.3
-13046.56
-13790.35
11457.7
12235.3
13685.98
15811.11
18792.82
0
0
0
0
0
-14452.43
-14518.12
-14321.03
-13913.51
-12377.88
11406.01
12187.83
13655.74
15818.25
18870.45
0
0
0
0
0
-14482.79
-14541.2
-14334.84
-13919.58
-13552.61
11290.34
12075.85
13564.09
15775.05
18924.4
0
0
0
0
0
-14493.35
-14541.09
-14319.96
-13891.57
-13517.9
11167.82
11960.9
13478.07
15752.9
19026.89
0
0
0
0
0
-14512.86
-14543.66
-14299.36
-13851.96
-13467.91
11058.09
11861.81
13412.21
15756.11
19161.44
0
0
0
0
0
-14549.81
-14561.5
-14292.22
-13821.13
-13424.56
10972.95
11784.75
13359.26
15754.6
19259.24
0
0
0
0
0
-14578.92
-14574.9
-14285.45
-13798.55
-13391.99
10916.74
11733.54
13323.73
15750.85
19318.93
0
0
0
0
0
-14595.53
-14580.37
-14279.64
-13781.84
-13369.36
10884.79
11705.38
13304.35
15748.93
19352.95
0
0
0
0
0
-14603.85
-14583.67
-14275.91
-13771.88
-13357
10852.94
11694.01
13289.77
15740.68
19369.21
0
0
0
0
0
-14606.43
-14580.76
-14273.98
-13765.24
-13348.36
10815.45
11613.02
13210.16
15627.01
19193.5
0
0
0
10838.6
11649.62
13231.4
15649.32
19206.13
0
0
0
0
10875.55
11684.49
13261.88
15665.98
19195.64
0
0
0
0
0
10936.11
11741.87
13305.57
15682.49
19156.81
0
0
0
0
0
-14224.43
11025.12
11823.92
13365.87
15694.93
19078.41
0
0
0
0
0
-14507.9
-14567.77
11139.22
11928.22
13438.98
15703.74
18962.34
0
0
0
0
0
-14445.09
-14254.32
-14451.96
11267.26
12049.82
13533.65
15737.81
18878.23
0
0
0
0
0
-14439.61
-12985.17
-14501.59
-14097.06
11389.35
12169.13
13634.25
15792.69
18839.95
0
0
0
0
0
-14447.82
-14496.29
-13927.94
-14371.84
-13810.25
11449.01
12225.56
13674.8
15798.12
18777.77
0
0
0
0
0
-14435.84
-14491.38
-13037.92
-14046.45
-14099.4
11481.04
12255.78
13696.9
15802.41
18748.13
0
0
0
0
0
-14429.12
-14496.35
-14300.97
-13046.89
-13790.5
11485.24
12260.46
13702.32
15808.7
18755.32
0
0
0
0
0
-14437.16
-14508.42
-14318.21
-13917.01
-12734.78
11461.54
12239.45
13690.73
15816.7
18799.36
0
0
0
0
0
-14459.73
-14528.81
-14335.64
-13932.47
-13572.42
11409.33
12191.48
13659.91
15823.1
18876.29
0
0
0
0
0
-14489.05
-14550.68
-14346.98
-13935.37
-13571.79
11293.1
12078.8
13567.52
15779.04
18929.34
0
0
0
0
0
-14499
-14549.19
-14329.84
-13904.48
-13533.74
11170.31
11963.48
13480.99
15756.48
19031.38
0
0
0
0
0
-14517.75
-14550.65
-14308.55
-13862.02
-13480.65
11060.09
11864.32
13414.72
15759.26
19165.73
0
0
0
0
0
-14554.79
-14566.61
-14299.64
-13830.65
-13434.97
10974.56
11786.73
13361.92
15757.43
19263.09
0
0
0
0
0
-14583.99
-14579.87
-14292.62
-13805.42
-13401.06
10918.4
11735.2
13325.75
15754.23
19322.49
0
0
0
0
0
-14599.18
-14586.45
-14285.04
-13787.83
-13377.14
10886.2
11706.05
13304.97
15752.88
19356.25
0
0
0
0
0
-14607.13
-14589.26
-14281.09
-13777.5
-13363.12
10873.31
11675.85
13298.11
15746.01
19362.97
0
0
0
0
0
-14606.28
-14589.87
-14275.43
-13772.8
-13354.79
10820.49
11632.09
13209.35
15646.71
19212.53
0
0
0
0
10844.51
11655.67
13242.26
15662.68
19226.24
0
0
0
0
0
10880.86
11691.25
13269.83
15678.26
19213.02
0
0
0
0
0
-14639.46
10941.08
11747.79
13313.73
15692.74
19172.2
0
0
0
0
0
-14479.54
-14296.78
11030.13
11829.76
13372.95
15705.01
19091.34
0
0
0
0
0
-14470.36
-14501.57
-14326.57
11144.08
11934
13445.9
15712.31
18974.23
0
0
0
0
0
-14452.48
-14462.51
-14077.17
-13999.72
11272.19
12055.27
13540.17
15745.77
18887.87
0
0
0
0
0
-14452.59
-14478.67
-12821.85
-14100.35
-13728.32
11394.16
12174.54
13640.45
15800.1
18848.76
0
0
0
0
0
-14458.49
-14504.27
-14293.21
-13561.37
-14023.12
11453.5
12230.65
13680.67
15804.88
18785.67
0
0
0
0
0
-14444.07
-14506.44
-14304
-12689.35
-13716.43
11485.25
12260.58
13702.31
15808.62
18755.22
0
0
0
0
0
-14437.36
-14508.16
-14318.39
-13916.67
-12735.1
11489.12
12264.81
13707.12
15814.3
18761.8
0
0
0
0
0
-14444.03
-14518.87
-14332.69
-13935.82
-13579.74
11464.96
12243.37
13695
15821.72
18805.28
0
0
0
0
0
-14466.35
-14538.35
-14348.13
-13948.54
-13592.32
11412.38
12194.82
13663.69
15827.55
18881.55
0
0
0
0
0
-14494.92
-14558.8
-14357.88
-13948.61
-13588.26
11295.77
12081.56
13570.57
15782.8
18933.83
0
0
0
0
0
-14503.79
-14556.4
-14339.05
-13915.16
-13547.13
11172.51
11966.1
13483.73
15759.78
19035.59
0
0
0
0
0
-14521.88
-14556.77
-14316.37
-13871.76
-13491.03
11061.89
11866.41
13417.52
15762.21
19169.61
0
0
0
0
0
-14560.09
-14572.61
-14305.31
-13838.42
-13444.65
10976.21
11788.45
13364.13
15760.63
19266.72
0
0
0
0
0
-14587.74
-14585.73
-14298.02
-13812.82
-13408.02
10919.36
11736.89
13327.63
15756.74
19326.75
0
0
0
0
0
-14602.21
-14590.72
-14291.47
-13793.36
-13383.17
10887.34
11707.24
13306.98
15753.25
19361.21
0
0
0
0
0
-14608.08
-14593.15
-14286.88
-13782.76
-13368.77
10865.8
11693.22
13286.69
15754.94
19370.21
0
0
0
0
0
-14609.14
-14590.37
-14284.47
-13774.46
-13362.32
10817.6
11633.13
13229.97
15650.9
19238.79
0
0
0
0
0
10849.02
11662.7
13248.85
15676.08
19243.64
0
0
0
0
0
-14554.65
10885.57
11696.93
13277.61
15688.02
19228.6
0
0
0
0
0
-14492.39
-14606.72
10945.61
11753.07
13320.33
15702.53
19185.02
0
0
0
0
0
-14494.82
-14458.24
-14080.52
11034.49
11835.05
13379.4
15713.23
19103.45
0
0
0
0
0
-14484.02
-14467.62
-14227.34
-13881.58
11148.62
11939.01
13452.1
15720.11
18984.09
0
0
0
0
0
-14465.95
-14473.67
-14215.86
-13678.27
-13628.56
11276.66
12060.31
13545.9
15752.88
18896.67
0
0
0
0
0
-14463.32
-14495.96
-14257.54
-12446.18
-13750.93
11398.46
12179.45
13646.09
15806.72
18856.7
0
0
0
0
0
-14467.22
-14518.64
-14303.73
-13889.23
-13232.79
11457.67
12235.22
13685.93
15811.09
18792.77
0
0
0
0
0
-14452.45
-14517.79
-14321.78
-13913.61
-12377.85
11489.17
12264.83
13707.28
15814.29
18761.7
0
0
0
0
0
-14444.54
-14519.09
-14332.43
-13936
-13579.4
11492.69
12268.75
13711.6
15819.34
18767.67
0
0
0
0
0
-14451.33
-14528.02
-14344.99
-13951.81
-13599.54
11468.14
12246.8
13699.07
15826.21
18810.63
0
0
0
0
0
-14471.8
-14546.91
-14359.18
-13962.2
-13609.14
11415.18
12197.91
13667.13
15831.61
18886.39
0
0
0
0
0
-14499.92
-14566.31
-14367.23
-13960.43
-13602.06
11298.1
12084.31
13573.44
15786.11
18938.06
0
0
0
0
0
-14508.67
-14562.54
-14347.23
-13925.06
-13558.21
11174.51
11968.37
13486.59
15762.87
19039.48
0
0
0
0
0
-14526.5
-14562
-14323.23
-13880.07
-13501.01
11063.66
11868.29
13419.82
15765.51
19173.26
0
0
0
0
0
-14563.91
-14578.79
-14311.85
-13844.39
-13452.56
10977.47
11790.24
13366.07
15763.28
19270.75
0
0
0
0
0
-14591
-14590.16
-14304.25
-13818.4
-13415.48
10920.61
11738.06
13329.59
15759.04
19330.03
0
0
0
0
0
-14605.1
-14594.35
-14296
-13799.91
-13388.74
10887.89
11708.51
13308.26
15756.61
19361.99
0
0
0
0
0
-14611.03
-14594.61
-14291.03
-13788.58
-13374.04
10867.58
11686.12
13297.58
15748.96
19379.87
0
0
0
0
0
-14610.11
-14593.71
-14285.35
-13783.33
-13364.07
10835.1
11634.72
13227.65
15672.17
19247.89
0
0
0
0
0
-14531.25
10853.49
11667.67
13256.88
15684.28
19260.71
0
0
0
0
0
-14497.58
-14516.18
10889.43
11701.83
13284.01
15697.55
19241.19
0
0
0
0
0
-14506.63
-14461.87
-14300.69
10949.61
11757.9
13326.28
15710.41
19197.25
0
0
0
0
0
-14509.25
-14477.3
-14164.64
-13645.77
11038.63
11839.59
13385.25
15720.78
19113.38
0
0
0
0
0
-14498.11
-14485.06
-14195.14
-13759.24
-13507.94
11152.73
11943.71
13457.47
15727.09
18993.1
0
0
0
0
0
-14476.49
-14491.03
-14229.16
-13772.29
-13327.28
11280.57
12064.89
13551.19
15759.12
18904.55
0
0
0
0
0
-14471.91
-14510.14
-14277.71
-13836.56
-12121.65
11402.38
12183.83
13651.22
15812.75
18863.82
0
0
0
0
0
-14475.42
-14530.4
-14320.66
-13901.22
-13540.1
11461.48
12239.42
13690.64
15816.65
18799.34
0
0
0
0
0
-14459.61
-14528.83
-14335.3
-13933.21
-13572.52
11492.74
12268.84
13711.63
15819.54
18767.65
0
0
0
0
0
-14451.27
-14528.55
-14345.21
-13951.55
-13599.72
11495.96
12272.35
13715.67
15824.05
18772.97
0
0
0
0
0
-14456.52
-14537.32
-14355.68
-13965.33
-13616.32
11471.11
12250
13702.55
15830.55
18815.39
0
0
0
0
0
-14476.92
-14554.04
-14369.03
-13974.23
-13623.41
11417.74
12200.76
13670.33
15835.28
18890.81
0
0
0
0
0
-14504.72
-14572.74
-14375.79
-13970.55
-13614.33
11300.2
12086.68
13576.35
15789.23
18941.77
0
0
0
0
0
-14513.14
-14568.65
-14354.21
-13933.83
-13568.43
11176.49
11970.42
13489.03
15766.14
19043.13
0
0
0
0
0
-14531.27
-14567.59
-14329.09
-13887.33
-13509.53
11065.16
11870.15
13421.89
15768.21
19177.3
0
0
0
0
0
-14567.84
-14583.37
-14318.49
-13851.19
-13458.66
10978.67
11791.61
13368.1
15765.67
19274.09
0
0
0
0
0
-14593.83
-14594.08
-14308.99
-13824.79
-13421.14
10921.63
11739.2
13331.05
15761.43
19333.03
0
0
0
0
0
-14607.26
-14597.81
-14299.89
-13804.54
-13395.3
10889.66
11709.18
13309.69
15758.2
19366.47
0
0
0
0
0
-14613.76
-14598.12
-14292.73
-13792.84
-13379.83
10872.93
11685.38
13292.7
15755.34
19376.58
0
0
0
0
0
-14615.01
-14595.36
-14288.79
-13784.43
-13372.8
10835.63
11654.69
13234.65
15671.14
19271.48
0
0
0
0
0
-14494.36
-14490.32
10857.57
11672.08
13263.09
15694.06
19271.73
0
0
0
0
0
-14511.71
-14462.14
-14202.79
10893.4
11706.25
13289.62
15705.31
19253.39
0
0
0
0
0
-14521.47
-14479.82
-14156.38
-13803.39
10953.48
11762.12
13331.76
15717.6
19207.14
0
0
0
0
0
-14522.61
-14495.13
-14185.8
-13679.09
-13273.61
11042.3
11843.9
13390.23
15727.62
19122.55
0
0
0
0
0
-14509.05
-14502.56
-14214.85
-13728
-13370.4
11156.33
11947.99
13462.52
15733.15
19001.21
0
0
0
0
0
-14485.56
-14504.66
-14249
-13786.71
-13398.58
11284.19
12068.91
13556.02
15764.9
18911.5
0
0
0
0
0
-14479.89
-14521.59
-14294.18
-13858.59
-13476.46
11406.07
12187.79
13655.76
15818.25
18870.33
0
0
0
0
0
-14482.57
-14541.14
-14334.47
-13919.84
-13552.55
11464.98
12243.33
13694.96
15821.62
18805.23
0
0
0
0
0
-14466.16
-14538.23
-14348.14
-13948.19
-13593.06
11496.06
12272.42
13715.81
15824.09
18773.2
0
0
0
0
0
-14457.05
-14537.25
-14356.22
-13965.56
-13616.06
11499
12275.64
13719.35
15828.35
18777.93
0
0
0
0
0
-14462.72
-14544.2
-14366.32
-13977.04
-13630.48
11473.83
12253.02
13705.84
15834.19
18820.03
0
0
0
0
0
-14481.86
-14560.64
-14377.27
-13984.91
-13635.94
11420.11
12203.35
13673.31
15838.71
18894.81
0
0
0
0
0
-14508.96
-14578.82
-14383.14
-13979.77
-13624.83
11302.23
12088.81
13578.84
15792.44
18945.29
0
0
0
0
0
-14517.15
-14574.19
-14361.07
-13941.32
-13577.48
11178.15
11972.45
13491.22
15768.92
19046.97
0
0
0
0
0
-14534.38
-14573.24
-14335.22
-13893.55
-13516.97
11066.41
11871.73
13423.95
15770.67
19180.62
0
0
0
0
0
-14569.41
-14588.04
-14323.45
-13858.05
-13465.56
10979.79
11792.78
13369.67
15768.09
19277.16
0
0
0
0
0
-14596.3
-14597.52
-14313.23
-13829.65
-13427.56
10922.65
11740.31
13332.18
15763.34
19336.09
0
0
0
0
0
-14608.69
-14600.53
-14303.6
-13808.52
-13399.94
10890.14
11710.57
13310.56
15760.03
19368.66
0
0
0
0
0
-14615.29
-14601.32
-14296.47
-13794.65
-13384.11
10862.9
11694.75
13290.11
15753.44
19381.49
0
0
0
0
0
-14613.43
-14600.18
-14290.86
-13787.84
-13373.99
10842.57
11655.04
13253.78
15681.37
19273.96
0
0
0
0
0
-14508.52
-14457.19
-14173.93
10860.68
11676.52
13267.58
15702
19284.23
0
0
0
0
0
-14526.3
-14479.82
-14150.15
-13699.36
10897.06
11710.25
13294.78
15712.25
19263.36
0
0
0
0
0
-14534.25
-14497.76
-14176.29
-13660.07
-13395.51
10956.79
11766.09
13336.45
15724.23
19216.22
0
0
0
0
0
-14534.64
-14511.5
-14205.51
-13701.41
-13279.5
11045.49
11847.8
13394.96
15733.43
19130.86
0
0
0
0
0
-14518.56
-14516.23
-14234.36
-13749.07
-13339.54
11159.72
11951.72
13467.16
15738.86
19008.26
0
0
0
0
0
-14493.58
-14516.32
-14264.57
-13808.08
-13413.27
11287.53
12072.58
13560.26
15770.2
18917.96
0
0
0
0
0
-14486.66
-14531.95
-14307.5
-13876.55
-13499.44
11409.39
12191.57
13659.86
15823.12
18876.29
0
0
0
0
0
-14489.22
-14550.46
-14346.92
-13935
-13572.04
11468.13
12246.85
13699.04
15826.16
18810.51
0
0
0
0
0
-14471.58
-14546.72
-14359.07
-13962.22
-13608.8
11499.05
12275.78
13719.46
15828.53
18777.97
0
0
0
0
0
-14462.18
-14544.75
-14366.25
-13977.58
-13630.7
11501.8
12278.7
13722.71
15832.19
18782.47
0
0
0
0
0
-14467.3
-14551.94
-14374.33
-13988.55
-13642.71
11476.35
12255.76
13708.96
15837.65
18823.9
0
0
0
0
0
-14486.2
-14566.9
-14384.83
-13993.87
-13647.04
11422.35
12205.74
13675.98
15841.91
18898.56
0
0
0
0
0
-14513.1
-14584.19
-14390.03
-13987.69
-13634.38
11304.04
12090.86
13581.05
15795.18
18948.92
0
0
0
0
0
-14520.55
-14579.16
-14367.26
-13948.63
-13585.22
11179.56
11974.16
13493.39
15771.41
19050.26
0
0
0
0
0
-14536.66
-14577.15
-14341.38
-13899.99
-13523.36
11067.75
11872.97
13425.7
15773.08
19183.67
0
0
0
0
0
-14571.33
-14590.23
-14328.51
-13863.21
-13472.49
10981.08
11793.99
13370.9
15770.04
19280.21
0
0
0
0
0
-14597.9
-14600.57
-14316.97
-13834.03
-13432.47
10923.88
11741.54
13333.55
15764.66
19338.64
0
0
0
0
0
-14611.13
-14602.41
-14306.59
-13812.34
-13403.96
10891.47
11712.13
13312.16
15761.2
19371.11
0
0
0
0
0
-14616.69
-14603.25
-14299.88
-13798.47
-13385.97
10877.53
11681.84
13300.91
15750.27
19381.6
0
0
0
0
0
-14619.23
-14599.31
-14295.45
-13790.13
-13377.38
10847.23
11654.8
13254.66
15701.07
19287.26
0
0
0
0
0
-14522.39
-14474.79
-14142.67
-13668.05
10865.52
11680.48
13273.18
15707.43
19294.68
0
0
0
0
0
-14539.12
-14497.32
-14169.63
-13647.94
-13288.16
10900.2
11714.13
13299.24
15718.7
19272.35
0
0
0
0
0
-14545.72
-14513.25
-14195.8
-13681.01
-13253.88
10959.6
11769.7
13340.86
15729.84
19224.57
0
0
0
0
0
-14542.52
-14526.01
-14223.49
-13722.13
-13302.34
11048.6
11851.17
13399.31
15738.98
19137.96
0
0
0
0
0
-14525.08
-14528.07
-14249.6
-13769.71
-13361.27
11162.8
11955.2
13471.18
15744.12
19014.93
0
0
0
0
0
-14500.07
-14526.51
-14277.85
-13824.84
-13435.39
11290.51
12075.98
13564.1
15774.86
18923.88
0
0
0
0
0
-14493.47
-14540.76
-14319.4
-13891.07
-13518.14
11412.49
12194.92
13663.82
15827.5
18881.58
0
0
0
0
0
-14494.64
-14558.98
-14357.67
-13948.55
-13587.9
11471.1
12250.01
13702.63
15830.53
18815.33
0
0
0
0
0
-14477.05
-14553.81
-14368.84
-13974.13
-13623.43
11501.74
12278.78
13722.9
15832.33
18782.7
0
0
0
0
0
-14467.12
-14551.38
-14374.89
-13988.47
-13643.24
11504.37
12281.54
13725.85
15835.72
18786.52
0
0
0
0
0
-14471.17
-14557.85
-14383.08
-13997.28
-13654.64
11478.68
12258.32
13711.77
15840.97
18827.6
0
0
0
0
0
-14489.93
-14572.41
-14391.95
-14002.04
-13656.35
11424.39
12208.01
13678.46
15844.77
18902.06
0
0
0
0
0
-14516.53
-14589.36
-14396.12
-13995.09
-13642.58
11305.6
12092.7
13583.19
15797.6
18952.02
0
0
0
0
0
-14523.29
-14583.44
-14372.8
-13955.2
-13592.73
11181.08
11975.57
13495.23
15773.86
19053.19
0
0
0
0
0
-14539.51
-14580.16
-14345.73
-13906.42
-13529.93
11069.11
11874.4
13427.02
15775.16
19186.62
0
0
0
0
0
-14573.8
-14592.74
-14331.02
-13868.45
-13477.72
10982.22
11795.37
13372.3
15771.49
19282.72
0
0
0
0
0
-14600.46
-14602.67
-14320.31
-13837.91
-13436.89
10924.69
11742.74
13334.93
15766.42
19340.41
0
0
0
0
0
-14612.87
-14605.29
-14308.67
-13815.44
-13407.8
10892.57
11712.92
13314.19
15763.23
19372.71
0
0
0
0
0
-14620.31
-14605.01
-14301.99
-13801.94
-13389.79
10880.47
11700.48
13290.38
15761.59
19378.42
0
0
0
0
0
-14616.99
-14605.23
-14295.02
-13794.52
-13379.74
10854.03
11667.3
13252.5
15703.65
19309.26
0
0
0
0
0
-14536.31
-14491.32
-14161.96
-13638.1
-13255.64
10867.46
11684.89
13278.17
15714.61
19301.98
0
0
0
0
0
-14549.65
-14512.67
-14188.5
-13668.3
-13238.13
10902.84
11717.51
13303.49
15724.08
19280.71
0
0
0
0
0
-14554.05
-14526.99
-14212.64
-13701.29
-13275.26
10962.51
11772.7
13345
15735.13
19231.66
0
0
0
0
0
-14550.73
-14535.92
-14239.31
-13740.93
-13323.49
11051.34
11854.41
13403.04
15744.09
19144.71
0
0
0
0
0
-14532.6
-14536.45
-14262.78
-13785.83
-13382.4
11165.53
11958.38
13474.91
15748.69
19021.07
0
0
0
0
0
-14506.96
-14534.84
-14289.36
-13839.09
-13452.72
11293.23
12079
13567.68
15779.06
18929.13
0
0
0
0
0
-14499.06
-14549.32
-14329.51
-13903.93
-13533.25
11415.23
12198.05
13667.27
15831.77
18886.33
0
0
0
0
0
-14499.86
-14566.03
-14367.4
-13960.22
-13602
11473.8
12253
13705.88
15834.3
18820.02
0
0
0
0
0
-14482.04
-14560.78
-14377.04
-13984.72
-13635.84
11504.33
12281.48
13725.95
15835.95
18786.68
0
0
0
0
0
-14471.55
-14557.66
-14382.52
-13997.85
-13654.56
11506.76
12284.14
13728.77
15839
18790.25
0
0
0
0
0
-14475.21
-14562.88
-14389.87
-14006.68
-13663.75
11480.84
12260.66
13714.42
15843.94
18831.14
0
0
0
0
0
-14494.05
-14577.19
-14398.22
-14009.71
-13664.83
11426.28
12210.08
13680.81
15847.43
18905.17
0
0
0
0
0
-14519.74
-14593.71
-14401.93
-14001.62
-13650.21
11307.23
12094.23
13585.11
15799.95
18954.76
0
0
0
0
0
-14525.79
-14586.99
-14377.62
-13961.08
-13599.48
11182.56
11977.13
13496.7
15775.95
19056.07
0
0
0
0
0
-14542.03
-14583.72
-14349.17
-13911.02
-13536.46
11070.3
11875.84
13428.61
15776.69
19189.2
0
0
0
0
0
-14577.27
-14595.79
-14333.84
-13871.13
-13483.03
10983.15
11796.55
13373.87
15773.22
19284.62
0
0
0
0
0
-14602.45
-14605.71
-14322.64
-13841.38
-13440.81
10926.06
11743.65
13336.28
15768.15
19342.73
0
0
0
0
0
-14616.11
-14607.44
-14311.75
-13817.61
-13410.94
10892.39
11713.92
13315.22
15765.61
19375.42
0
0
0
0
0
-14621.93
-14608.98
-14303.88
-13804.12
-13393.27
10882.94
11700.37
13306.8
15754.38
19390.59
0
0
0
0
0
-14621.39
-14603.65
-14300.9
-13794.34
-13384.03
10848.77
11669.27
13268.1
15703.29
19314.48
0
0
0
0
0
-14548.96
-14507.74
-14179.72
-13658.18
-13226.83
10869.48
11687.37
13282.44
15720.99
19311.35
0
0
0
0
0
-14557.68
-14525.31
-14205.04
-13687.78
-13258.83
10905.63
11720.28
13307.48
15729.23
19287.67
0
0
0
0
0
-14562.5
-14537.21
-14227.49
-13718.74
-13295.82
10965.01
11775.76
13348.39
15740.14
19238.33
0
0
0
0
0
-14557.75
-14545.87
-14250.28
-13757.4
-13342.62
11053.75
11857.27
13406.6
15748.49
19150.95
0
0
0
0
0
-14539.23
-14545.65
-14272.19
-13799.74
-13398.91
11167.99
11961.18
13478.32
15752.91
19026.43
0
0
0
0
0
-14512.33
-14543.33
-14298.8
-13851.39
-13467.43
11295.76
12081.72
13570.81
15782.98
18933.84
0
0
0
0
0
-14503.75
-14556.48
-14339.18
-13914.85
-13546.59
11417.7
12200.82
13670.52
15835.46
18891
0
0
0
0
0
-14504.55
-14572.69
-14375.51
-13970.71
-13614.12
11476.32
12255.74
13708.95
15837.72
18824.02
0
0
0
0
0
-14486.06
-14567.09
-14384.98
-13993.64
-13646.85
11506.77
12284.09
13728.7
15839.13
18790.52
0
0
0
0
0
-14475.53
-14563.29
-14389.67
-14006.11
-13664.31
11509.02
12286.55
13731.44
15842.08
18793.71
0
0
0
0
0
-14479.29
-14567.99
-14395.65
-14014.02
-13673.45
11482.87
12262.85
13716.83
15846.75
18834.31
0
0
0
0
0
-14497
-14582.26
-14403.66
-14016.45
-13672.76
11428.08
12211.96
13682.96
15849.95
18908.09
0
0
0
0
0
-14522.75
-14597.76
-14406.85
-14007.81
-13656.96
11308.79
12095.88
13586.67
15802.05
18957.41
0
0
0
0
0
-14528.67
-14590.23
-14381.66
-13966.21
-13605.52
11183.84
11978.67
13498.37
15777.6
19058.56
0
0
0
0
0
-14543.96
-14586.88
-14353.13
-13914.7
-13541.18
11071.38
11877.06
13430.21
15778.58
19191.13
0
0
0
0
0
-14579.25
-14599.82
-14337.2
-13874.12
-13485.79
10984.46
11797.56
13375.15
15775.13
19286.84
0
0
0
0
0
-14605.24
-14608.13
-14325.91
-13843.83
-13444.32
10926.74
11745.12
13337.38
15769.76
19344.99
0
0
0
0
0
-14618.01
-14611.03
-14314.06
-13820.76
-13413.14
10894.26
11714.2
13316.06
15767.06
19378.23
0
0
0
0
0
-14623.9
-14610.93
-14307.99
-13806.05
-13395.47
10882.29
11698.74
13305.28
15767.3
19384.91
0
0
0
0
0
-14624.46
-14608.21
-14299.71
-13800.13
-13383.97
10855.88
11670.96
13266.23
15718.65
19316.61
0
0
0
0
0
-14556.74
-14522.12
-14197.23
-13676.47
-13247.2
10873.02
11689.71
13285.73
15725.67
19319.58
0
0
0
0
0
-14567.14
-14535.08
-14218.65
-13704.81
-13278.51
10907.81
11723.23
13310.69
15734.16
19294.28
0
0
0
0
0
-14568.86
-14547.3
-14238.63
-13734.08
-13313.48
10967.11
11778.37
13351.82
15744.27
19244.65
0
0
0
0
0
-14563.49
-14554.41
-14261.13
-13768.91
-13359.32
11055.92
11859.79
13409.76
15752.66
19156.36
0
0
0
0
0
-14545.83
-14553.69
-14282.32
-13809.73
-13413.13
11170.32
11963.68
13481.32
15756.77
19031.38
0
0
0
0
0
-14517.71
-14550.11
-14308.22
-13861.48
-13480.09
11298.08
12084.31
13573.62
15786.4
18938.25
0
0
0
0
0
-14508.68
-14562.51
-14347.31
-13925.2
-13557.91
11420.05
12203.32
13673.38
15838.94
18895.01
0
0
0
0
0
-14508.91
-14578.65
-14383.09
-13979.49
-13624.99
11478.69
12258.28
13711.76
15840.96
18827.68
0
0
0
0
0
-14490.26
-14572.27
-14392.15
-14002.19
-13656.12
11509
12286.54
13731.38
15842
18793.86
0
0
0
0
0
-14478.6
-14568.33
-14396.08
-14013.82
-13672.89
11511.11
12288.84
13733.91
15844.88
18796.97
0
0
0
0
0
-14481.52
-14573.05
-14401.46
-14020.28
-13681.07
11484.78
12264.87
13719.07
15849.29
18837.33
0
0
0
0
0
-14500.22
-14586.06
-14409.35
-14022.31
-13679.74
11429.79
12213.77
13684.88
15852.26
18910.85
0
0
0
0
0
-14525.49
-14601.54
-14411.42
-14013.08
-13663.34
11310.11
12097.45
13588.38
15803.73
18959.8
0
0
0
0
0
-14530.54
-14593.81
-14385.35
-13970.55
-13610.79
11185.02
11979.97
13500.03
15779.5
19060.53
0
0
0
0
0
-14545.7
-14589.37
-14356.65
-13918.87
-13544.97
11072.66
11878.19
13431.52
15780.48
19193.46
0
0
0
0
0
-14581.22
-14602.27
-14341.52
-13877.62
-13488.85
10985.2
11798.94
13376.3
15776.64
19289.27
0
0
0
0
0
-14607.78
-14611.29
-14328.54
-13847.19
-13446.81
10927.54
11745.84
13338.97
15771.14
19347.04
0
0
0
0
0
-14619.73
-14613.25
-14317.8
-13823.14
-13416.3
10893.95
11715.33
13316.67
15768.1
19380.26
0
0
0
0
0
-14626
-14613.15
-14310.06
-13810.19
-13397.42
10866.41
11701.65
13299.18
15765.38
19396.76
0
0
0
0
0
-14625.22
-14611.5
-14304.3
-13799.16
-13389.66
10849.35
11676.7
13274.97
15713.88
19332.41
0
0
0
0
0
-14561.37
-14531.88
-14212.29
-13694.36
-13265.65
10874.96
11692.53
13288.29
15730.15
19325.53
0
0
0
0
0
-14573.52
-14546.15
-14229.22
-13718.81
-13295.67
10909.89
11725.64
13313.97
15738.17
19300.63
0
0
0
0
0
-14575.78
-14555.04
-14249.5
-13745.63
-13328.97
10969.08
11780.61
13354.74
15748.38
19249.91
0
0
0
0
0
-14569.73
-14561.38
-14270.45
-13780.19
-13371.05
11058.07
11862.03
13412.55
15756.38
19161.45
0
0
0
0
0
-14550.15
-14561.6
-14291.12
-13820.36
-13423.38
11172.48
11966.11
13483.96
15760.17
19035.92
0
0
0
0
0
-14521.74
-14556.75
-14315.85
-13871.44
-13490.49
11300.15
12086.69
13576.36
15789.44
18942.11
0
0
0
0
0
-14512.56
-14568.67
-14354.19
-13933.92
-13568.57
11422.35
12205.69
13675.96
15842
18898.81
0
0
0
0
0
-14512.59
-14584.16
-14389.87
-13987.65
-13634.1
11480.86
12260.65
13714.38
15843.93
18831.13
0
0
0
0
0
-14494.1
-14577.53
-14398.08
-14009.9
-13664.98
11511.14
12288.8
13733.87
15844.81
18796.89
0
0
0
0
0
-14482.27
-14572.34
-14401.81
-14020.72
-13680.87
11513.08
12290.93
13736.26
15847.48
18799.95
0
0
0
0
0
-14485.79
-14576.11
-14407.15
-14026.52
-13687.58
11486.58
12266.8
13721.13
15851.66
18840.05
0
0
0
0
0
-14503.17
-14590.08
-14413.68
-14028.37
-13685.8
11431.33
12215.49
13686.72
15854.29
18913.38
0
0
0
0
0
-14527.8
-14604.99
-14415.68
-14017.97
-13668.78
11311.33
12098.78
13590.01
15805.59
18961.7
0
0
0
0
0
-14532.5
-14596.3
-14389.34
-13974.5
-13615.27
11186.34
11981.18
13501.39
15781.39
19062.76
0
0
0
0
0
-14548.7
-14591.61
-14359.46
-13922.6
-13549.24
11073.61
11879.57
13432.78
15782.01
19195.8
0
0
0
0
0
-14584.18
-14604.61
-14344.2
-13882.08
-13492.42
10986.05
11799.79
13377.89
15778.06
19291.17
0
0
0
0
0
-14609.37
-14614.21
-14331.86
-13849.9
-13450.21
10928.04
11746.53
13339.92
15773.03
19348.87
0
0
0
0
0
-14622.27
-14615.28
-14320.14
-13826.91
-13418.7
10895.91
11715.71
13317.32
15769.09
19381.75
0
0
0
0
0
-14628.04
-14615.53
-14312.38
-13812.3
-13401.53
10880.11
11685.01
13306.21
15756.38
19395.06
0
0
0
0
0
-14625.47
-14612.49
-14307.58
-13803.72
-13388.8
10862.12
11668.08
13278.76
15728.26
19327.04
0
0
0
0
0
-14572.73
-14538.63
-14223.02
-13709.62
-13283.61
10877.04
11695.12
13291.4
15733.49
19331.61
0
0
0
0
0
-14579.03
-14553.86
-14241.01
-13729.7
-13309.78
10911.61
11727.71
13316.69
15742.14
19305.89
0
0
0
0
0
-14580.67
-14563.14
-14257.9
-13756.83
-13340.66
10971.08
11782.65
13357.27
15751.91
19255.1
0
0
0
0
0
-14574.19
-14568.82
-14278.01
-13789.88
-13382.48
11060.03
11864.31
13414.97
15759.67
19166.03
0
0
0
0
0
-14553.9
-14567
-14299.76
-13829.55
-13434.21
11174.43
11968.38
13486.6
15763.13
19039.92
0
0
0
0
0
-14525.71
-14561.87
-14323.21
-13879.54
-13500.69
11302.21
12088.76
13578.87
15792.47
18945.53
0
0
0
0
0
-14516
-14573.64
-14361.1
-13941.31
-13577.57
11424.41
12207.99
13678.4
15844.76
18902.15
0
0
0
0
0
-14516.68
-14588.85
-14396.1
-13994.93
-13642.54
11482.91
12262.86
13716.78
15846.7
18834.31
0
0
0
0
0
-14497.06
-14582.32
-14404.01
-14016.31
-13672.96
11513.12
12290.96
13736.21
15847.43
18799.87
0
0
0
0
0
-14486.29
-14576.87
-14406.41
-14026.88
-13688.01
11514.91
12292.91
13738.4
15849.96
18802.7
0
0
0
0
0
-14489.01
-14581.22
-14410.74
-14032.6
-13694.04
11488.2
12268.61
13723.11
15853.82
18842.59
0
0
0
0
0
-14505.5
-14593.74
-14418.21
-14033.03
-13692.04
11432.77
12217.05
13688.5
15856.26
18915.6
0
0
0
0
0
-14530.28
-14607.94
-14419.56
-14022.52
-13673.82
11312.68
12100.03
13591.39
15807.37
18963.8
0
0
0
0
0
-14534.89
-14598.83
-14392.21
-13978.73
-13619.34
11187.46
11982.59
13502.69
15782.92
19065
0
0
0
0
0
-14550.51
-14595.1
-14361.98
-13925.58
-13553.05
11074.5
11880.59
13434.35
15783.5
19197.68
0
0
0
0
0
-14585.49
-14607.99
-14346.72
-13884.88
-13496.91
10986.74
11800.62
13378.91
15779.96
19293.01
0
0
0
0
0
-14610.89
-14616.12
-14334.94
-13853.28
-13452.95
10928.68
11747.31
13340.64
15774.33
19351.24
0
0
0
0
0
-14622.93
-14618.12
-14322.29
-13829.3
-13422.46
10896.29
11717.15
13318.32
15769.54
19383.18
0
0
0
0
0
-14628.5
-14617.84
-14314.86
-13814.63
-13403.64
10865.84
11703.96
13293.58
15766.39
19384.83
0
0
0
0
0
-14628.03
-14613.05
-14308.7
-13806.93
-13393.31
10860.17
11681.55
13269.34
15731.54
19345.21
0
0
0
0
0
-14578.29
-14550.62
-14230.9
-13720.77
-13298.89
10878.88
11697.61
13294.24
15737.42
19336.17
0
0
0
0
0
-14584.99
-14560.48
-14249.34
-13741.76
-13320.77
10913.43
11729.66
13319.11
15745.52
19310.97
0
0
0
0
0
-14585.53
-14569.11
-14266.54
-13765.51
-13351.95
10972.81
11784.82
13359.54
15755.01
19259.6
0
0
0
0
0
-14578.77
-14574.26
-14286.06
-13797.72
-13392.3
11061.71
11866.4
13417.51
15762.5
19170.09
0
0
0
0
0
-14558.18
-14571.71
-14305.72
-13838.55
-13443.56
11176.36
11970.36
13489.07
15766.16
19043.42
0
0
0
0
0
-14529.71
-14566.83
-14328.98
-13887.32
-13509.02
11303.96
12090.83
13581.01
15795.24
18948.95
0
0
0
0
0
-14519.63
-14578.04
-14366.73
-13948.67
-13585.2
11426.34
12210.07
13680.76
15847.37
18905.16
0
0
0
0
0
-14519.79
-14593.87
-14401.43
-14001.6
-13650.06
11484.8
12264.91
13719.07
15849.22
18837.28
0
0
0
0
0
-14500.46
-14586.14
-14409.42
-14022.66
-13679.59
11514.96
12292.94
13738.42
15849.9
18802.63
0
0
0
0
0
-14488.92
-14581.73
-14411.5
-14031.87
-13694.39
11516.61
12294.75
13740.42
15852.19
18805.34
0
0
0
0
0
-14491.12
-14585.17
-14416.37
-14036.54
-13700.3
11489.72
12270.25
13724.97
15855.91
18844.9
0
0
0
0
0
-14507.96
-14596.74
-14422.31
-14037.87
-13696.87
11434.13
12218.51
13690.11
15858.16
18917.75
0
0
0
0
0
-14532.6
-14611.01
-14422.9
-14026.66
-13678.51
11313.79
12101.42
13592.7
15808.87
18965.81
0
0
0
0
0
-14536.93
-14601.73
-14395.06
-13981.82
-13623.68
11188.44
11983.74
13504.25
15784.4
19066.81
0
0
0
0
0
-14552.22
-14597.33
-14365.72
-13928.26
-13556.12
11075.33
11881.48
13435.49
15785.36
19199.54
0
0
0
0
0
-14587.67
-14609.66
-14350.31
-13887.47
-13499.75
10987.44
11801.36
13379.79
15781.26
19295.37
0
0
0
0
0
-14612.69
-14617.93
-14336.99
-13856.42
-13456.33
10929.65
11747.86
13341.54
15775.2
19352.98
0
0
0
0
0
-14623.71
-14619.02
-14325.26
-13831.48
-13424.86
10896.1
11717.9
13319.32
15771.13
19383.8
0
0
0
0
0
-14629.15
-14618.55
-14317.26
-13817.14
-13405.98
10881.25
11695.35
13311.84
15757.89
19396.54
0
0
0
0
0
-14628.08
-14615.56
-14309.37
-13808.13
-13396.47
10863.32
11679.01
13282.86
15721.8
19349.65
0
0
0
0
0
-14581.34
-14557.33
-14242.92
-13729.2
-13310.15
10879.43
11699.04
13297.14
15740.7
19341.4
0
0
0
0
0
-14589.28
-14567.47
-14256.44
-13750.33
-13332.86
10915.04
11731.74
13321.32
15748.55
19315.39
0
0
0
0
0
-14589.55
-14574.89
-14273.02
-13774.36
-13360.71
10974.34
11786.68
13362.01
15757.73
19263.57
0
0
0
0
0
-14581.6
-14579.74
-14291.99
-13806.05
-13400.24
11063.49
11868.15
13419.86
15765.49
19173.59
0
0
0
0
0
-14562.26
-14576.9
-14310.94
-13844.81
-13452.69
11178.01
11972.35
13491.18
15768.99
19046.98
0
0
0
0
0
-14533.32
-14571.72
-14334.51
-13893.45
-13516.97
11305.6
12092.58
13583.15
15797.57
18952.08
0
0
0
0
0
-14523.17
-14582.54
-14371.71
-13954.69
-13592.77
11428.15
12212.01
13682.92
15849.88
18908.02
0
0
0
0
0
-14522.79
-14597.82
-14407.02
-14007.32
-13656.94
11486.51
12266.81
13721.17
15851.66
18839.97
0
0
0
0
0
-14503.33
-14590.34
-14413.77
-14028.43
-13686.15
11516.62
12294.82
13740.44
15852.22
18805.27
0
0
0
0
0
-14491.9
-14585.05
-14416.88
-14037.29
-13699.57
11518.25
12296.47
13742.29
15854.31
18807.7
0
0
0
0
0
-14493.55
-14587.94
-14420.78
-14042.48
-13704.43
11491.23
12271.77
13726.65
15857.87
18847.14
0
0
0
0
0
-14510.61
-14599.81
-14425.73
-14042.24
-13701.86
11435.42
12219.89
13691.62
15859.88
18919.82
0
0
0
0
0
-14534.72
-14613.88
-14426.33
-14030.24
-13682.77
11314.83
12102.53
13594.19
15810.32
18967.5
0
0
0
0
0
-14538.73
-14604.25
-14398.26
-13984.87
-13626.87
11189.41
11984.73
13505.48
15786.21
19068.57
0
0
0
0
0
-14553.9
-14599.45
-14368.19
-13932.13
-13558.86
11076.11
11882.34
13436.45
15786.71
19201.79
0
0
0
0
0
-14589.12
-14612.18
-14352.14
-13891.15
-13502.38
10988.39
11802.07
13380.63
15782.32
19297.05
0
0
0
0
0
-14613.31
-14620.04
-14338.91
-13858.53
-13459.48
10930
11748.98
13342.18
15776.31
19354.18
0
0
0
0
0
-14625.77
-14620.07
-14326.26
-13834.49
-13427.05
10897.24
11717.71
13320.63
15771.99
19385.93
0
0
0
0
0
-14630.83
-14619.44
-14318.08
-13819.57
-13408.48
10881.18
11701.52
13306.19
15774.04
19389.94
0
0
0
0
0
-14632.44
-14616.09
-14311.77
-13808.81
-13397.7
10867.1
11685.11
13279.36
15735.79
19339.68
0
0
0
0
0
-14587.17
-14561.45
-14250.15
-13741.05
-13318.75
10882.46
11700.34
13298.54
15744.27
19345.57
0
0
0
0
0
-14594.33
-14572.6
-14263.88
-13757.62
-13341.5
10916.6
11733.33
13323.73
15751.27
19319.4
0
0
0
0
0
-14593
-14579.71
-14279.22
-13781.06
-13369.6
10976.03
11788.31
13364.15
15760.72
19267.05
0
0
0
0
0
-14586.07
-14583.34
-14297.9
-13812.19
-13408.65
11064.95
11870.03
13421.78
15768.3
19177.26
0
0
0
0
0
-14566.05
-14581.76
-14316.62
-13850.3
-13459.08
11179.51
11974
13493.31
15771.36
19050.33
0
0
0
0
0
-14536.79
-14576.13
-14339.9
-13899.3
-13523.26
11307.28
12094.23
13584.95
15799.89
18954.72
0
0
0
0
0
-14526.19
-14586.89
-14376.74
-13960.02
-13598.98
11429.77
12213.84
13684.92
15852.19
18910.76
0
0
0
0
0
-14525.79
-14601.58
-14411.49
-14013.26
-13662.86
11488.17
12268.53
13723.11
15853.86
18842.59
0
0
0
0
0
-14506.05
-14593.9
-14418.47
-14033.12
-13692.11
11518.2
12296.49
13742.38
15854.33
18807.72
0
0
0
0
0
-14494.06
-14588.73
-14420.65
-14043
-13705.16
11519.81
12298.13
13744.07
15856.26
18809.94
0
0
0
0
0
-14496.11
-14590.98
-14423.96
-14047.18
-13710.51
11492.61
12273.29
13728.2
15859.65
18849.23
0
0
0
0
0
-14512.85
-14603.04
-14429.18
-14045.92
-13706.36
11436.67
12221.19
13693.05
15861.5
18921.7
0
0
0
0
0
-14536.58
-14616.5
-14429.53
-14033.88
-13686.46
11315.84
12103.57
13595.32
15811.97
18969.14
0
0
0
0
0
-14540.68
-14606.51
-14401.06
-13988.24
-13630.02
11190.27
11985.67
13506.52
15787.59
19070.69
0
0
0
0
0
-14555.67
-14601.51
-14370.53
-13934.72
-13562.78
11077.07
11883.14
13437.36
15787.84
19203.46
0
0
0
0
0
-14590.54
-14613.95
-14354.82
-13893.07
-13506.08
10988.87
11803.08
13381.4
15783.33
19298.43
0
0
0
0
0
-14615.97
-14620.93
-14341.16
-13860.49
-13461.61
10930.72
11749.26
13343.39
15777.12
19355.6
0
0
0
0
0
-14627.71
-14622.38
-14327.42
-13835.52
-13430.04
10898.47
11718.74
13320.21
15773.75
19386.95
0
0
0
0
0
-14633.04
-14621.25
-14319.05
-13820.43
-13410.9
11704.79
13305.36
15769.3
19405.62
0
0
0
0
0
-14629.01
-14620.46
-14312.59
-13811.12
-13398.39
10867.61
11689.3
13288.73
15730.53
19355.38
0
0
0
0
0
-14591.35
-14567.76
-14254.78
-13748.49
-13330.47
10882.97
11702.57
13300.86
15746.02
19350.17
0
0
0
0
0
-14597.66
-14578.46
-14269.36
-13765.22
-13348.83
10918.21
11734.97
13325.62
15754.23
19322.93
0
0
0
0
0
-14597.12
-14583.91
-14284.39
-13787.42
-13376.37
10977.32
11790.12
13365.97
15763.38
19270.82
0
0
0
0
0
-14589.71
-14588.55
-14301.89
-13818.3
-13414.87
11066.28
11871.5
13423.87
15770.56
19180.73
0
0
0
0
0
-14569.38
-14586.27
-14321.88
-13856.21
-13464.68
11181.16
11975.52
13495.04
15773.79
19053.14
0
0
0
0
0
-14539.4
-14580.33
-14344.75
-13904.97
-13529.26
11308.77
12095.93
13586.67
15801.84
18957.34
0
0
0
0
0
-14528.66
-14590.64
-14381.57
-13965.36
-13604.48
11431.29
12215.5
13686.8
15854.33
18913.29
0
0
0
0
0
-14528.15
-14605.28
-14415.72
-14018.04
-13668.96
11489.73
12270.21
13724.87
15855.91
18844.94
0
0
0
0
0
-14508.4
-14597.3
-14422.47
-14038.14
-13696.96
11519.8
12298.07
13744.08
15856.37
18809.95
0
0
0
0
0
-14496.24
-14591.48
-14424.76
-14047.03
-13711.01
11521.24
12299.69
13745.77
15858.14
18812.01
0
0
0
0
0
-14498.38
-14594.12
-14427.39
-14050.62
-13715.34
11493.94
12274.67
13729.76
15861.27
18851.13
0
0
0
0
0
-14514.79
-14605.8
-14432.76
-14049.6
-13710.17
11437.91
12222.45
13694.4
15863.03
18923.46
0
0
0
0
0
-14538.33
-14618.84
-14432.46
-14037.28
-13690.21
11316.86
12104.54
13596.38
15813.19
18971.01
0
0
0
0
0
-14542.44
-14608.88
-14403.6
-13991.2
-13633.47
11191.26
11986.56
13507.49
15788.77
19072.32
0
0
0
0
0
-14556.74
-14603.64
-14372.78
-13937.19
-13565.43
11077.74
11884.14
13438.24
15788.9
19204.87
0
0
0
0
0
-14592.02
-14615.69
-14356.75
-13895.82
-13508.04
10989.44
11803.53
13382.51
15784.27
19299.72
0
0
0
0
0
-14617.28
-14623.88
-14342.18
-13862.8
-13463.59
10932.65
11749.81
13343.67
15778.51
19356.72
0
0
0
0
0
-14628.84
-14624.54
-14329.82
-13836.74
-13431.1
11720.3
13321.49
15773.22
19389.15
0
0
0
0
0
-14633.56
-14623.74
-14320.89
-13821.43
-13411.78
13310.92
15764.04
19401.19
0
0
0
0
0
-14633.61
-14617.49
-14316.83
-13812.1
-13400.66
10867.01
11683.75
13293.34
15744.16
19349.52
0
0
0
0
0
-14592.44
-14573.13
-14261.18
-13753.33
-13337.95
10884.85
11703.99
13302.92
15749.47
19352.68
0
0
0
0
0
-14602.17
-14582.58
-14275.57
-13770.82
-13356.45
10919.33
11736.73
13327.48
15756.68
19326.75
0
0
0
0
0
-14600.77
-14588.71
-14288.93
-13792.73
-13382.77
10978.47
11791.36
13368.01
15765.57
19274.24
0
0
0
0
0
-14593.31
-14592.83
-14307.44
-13822.47
-13421.04
11067.81
11872.87
13425.44
15773.02
19183.54
0
0
0
0
0
-14572.29
-14590.25
-14326.76
-13861.68
-13470.68
11182.61
11977.22
13496.64
15775.73
19056.01
0
0
0
0
0
-14541.7
-14583.61
-14349.38
-13910.07
-13535.05
11310.14
12097.47
13588.44
15803.73
18959.55
0
0
0
0
0
-14530.69
-14593.78
-14385.77
-13970.46
-13609.95
11432.76
12217.02
13688.53
15856.35
18915.63
0
0
0
0
0
-14530.49
-14608.28
-14419.84
-14022.57
-13673.89
11491.25
12271.77
13726.6
15857.75
18847.13
0
0
0
0
0
-14510.49
-14600.27
-14426.29
-14042.41
-13702.13
11521.23
12299.66
13745.69
15858.15
18812.12
0
0
0
0
0
-14498.15
-14594.25
-14427.89
-14051.42
-13715.19
11522.63
12301.13
13747.34
15859.93
18814
0
0
0
0
0
-14500.13
-14596.92
-14430.89
-14054.29
-13718.91
11495.21
12276.01
13731.15
15862.91
18852.86
0
0
0
0
0
-14516.21
-14608.22
-14435.84
-14053.39
-13713.96
11439.1
12223.66
13695.68
15864.47
18925.13
0
0
0
0
0
-14540.32
-14621.02
-14435.08
-14040.39
-13693.7
11318.04
12105.56
13597.35
15814.34
18972.39
0
0
0
0
0
-14543.23
-14611.05
-14406.21
-13993.88
-13636.5
11192.14
11987.57
13508.43
15789.82
19073.71
0
0
0
0
0
-14558.84
-14605.06
-14375.12
-13939.54
-13567.95
11078.32
11884.8
13439.33
15789.95
19206.18
0
0
0
0
0
-14593.63
-14617.44
-14358.66
-13897.82
-13510.81
10992.16
11804.05
13382.98
15785.55
19300.96
0
0
0
0
0
-14618.05
-14625.39
-14345.26
-13863.87
-13465.91
11751.97
13344.18
15778.92
19358.4
0
0
0
0
0
-14629.84
-14625.88
-14332.07
-13839.16
-13432.33
13323.18
15774.7
19388.73
0
0
0
0
0
-14635.51
-14624.4
-14323.5
-13823.25
-13412.79
15771.74
19393.89
0
0
0
0
0
-14634.94
-14621.96
-14314.18
-13816.19
-13401.68
10872.9
11688.74
13283.14
15749.83
19366.33
0
0
0
0
0
-14600.52
-14575.05
-14267.21
-13759.69
-13342.86
10887.15
11706.01
13304.67
15751.71
19357.32
0
0
0
0
0
-14605.36
-14587.67
-14280.09
-13777.15
-13362.07
10920.29
11737.77
13329.5
15758.92
19330.01
0
0
0
0
0
-14603.55
-14592.96
-14294.04
-13797.41
-13388.12
10979.89
11792.59
13369.36
15768.04
19277.05
0
0
0
0
0
-14595.42
-14597.05
-14312.02
-13828.16
-13425.28
11069.21
11874.48
13426.93
15774.86
19186.56
0
0
0
0
0
-14574.54
-14593.76
-14331.08
-13866.73
-13476.22
11183.92
11978.75
13498.47
15777.54
19058.3
0
0
0
0
0
-14544.25
-14586.5
-14353.02
-13914.92
-13540.25
11311.45
12098.84
13590.07
15805.66
18961.69
0
0
0
0
0
-14532.77
-14596.43
-14389.3
-13974.92
-13615.18
11434.18
12218.51
13690.09
15858.21
18917.84
0
0
0
0
0
-14532.68
-14611.21
-14423.24
-14026.94
-13678.55
11492.64
12273.29
13728.18
15859.58
18849.09
0
0
0
0
0
-14512.61
-14602.91
-14429.64
-14046.48
-13706.52
11522.68
12301.11
13747.3
15859.83
18814
0
0
0
0
0
-14499.97
-14596.69
-14431.01
-14054.78
-13719.7
11523.98
12302.52
13748.81
15861.56
18815.88
0
0
0
0
0
-14501.92
-14599.14
-14434.01
-14058.01
-13722.7
11496.47
12277.27
13732.52
15864.37
18854.6
0
0
0
0
0
-14518.22
-14610.08
-14438.55
-14056.67
-13717.85
11440.44
12224.85
13696.9
15865.83
18926.7
0
0
0
0
0
-14541.75
-14623.42
-14437.51
-14043.17
-13696.9
11319.34
12106.74
13598.39
15815.36
18973.68
0
0
0
0
0
-14544.84
-14612.19
-14408.6
-13996.63
-13639.25
11192.52
11988.42
13509.51
15790.91
19074.95
0
0
0
0
0
-14560.12
-14607.49
-14376.73
-13941.98
-13570.35
11081.91
11885.35
13440.02
15791.19
19207.5
0
0
0
0
0
-14594.67
-14619.3
-14360.53
-13899.81
-13512.84
11806.92
13383.49
15786.15
19302.52
0
0
0
0
0
-14619.06
-14626.38
-14346.84
-13866.99
-13467.01
13346.6
15779.47
19359.07
0
0
0
0
0
-14632.13
-14627.06
-14333.48
-13841.42
-13434.74
15776.78
19390.48
0
0
0
0
0
-14637.72
-14626.45
-14324.18
-13825.9
-13414.6
19403
0
0
0
0
0
-14636.24
-14623.56
-14318.43
-13813.76
-13405.69
10876.57
11694.18
13292.9
15737.3
19373.15
0
0
0
0
0
-14601.15
-14583.62
-14269.52
-13766.04
-13349.19
10886.83
11707.58
13307
15753.85
19360.22
0
0
0
0
0
-14608.42
-14591.4
-14285.38
-13781.83
-13368.41
10921.64
11738.98
13330.59
15761.39
19332.91
0
0
0
0
0
-14607.25
-14596.29
-14298.55
-13802.63
-13392.85
10981.21
11794.1
13370.74
15769.68
19280.17
0
0
0
0
0
-14597.85
-14599.66
-14316.54
-13832.86
-13431.01
11070.43
11875.97
13428.71
15776.62
19188.86
0
0
0
0
0
-14577.2
-14596.54
-14334.89
-13871.22
-13481.35
11185.19
11980.08
13500.14
15779.61
19060.45
0
0
0
0
0
-14545.76
-14589.62
-14356.25
-13918.77
-13545.2
11312.7
12100.16
13591.48
15807.46
18963.87
0
0
0
0
0
-14535.24
-14599.09
-14392.32
-13978.68
-13619.76
11435.46
12219.93
13691.64
15859.87
18919.88
0
0
0
0
0
-14534.86
-14613.95
-14426.53
-14030.57
-13683.04
11494.03
12274.69
13729.73
15861.23
18851.05
0
0
0
0
0
-14514.8
-14605.55
-14432.63
-14050.06
-13710.73
11523.98
12302.56
13748.79
15861.5
18815.77
0
0
0
0
0
-14502.05
-14598.98
-14433.79
-14058.13
-13723.18
11525.3
12303.89
13750.22
15863.09
18817.59
0
0
0
0
0
-14504.03
-14601.39
-14436.53
-14061.33
-13726.52
11497.75
12278.54
13733.79
15865.8
18856.15
0
0
0
0
0
-14520
-14612.51
-14440.67
-14059.55
-13721.22
11442.17
12226.23
13698.12
15867.12
18928.18
0
0
0
0
0
-14543.18
-14625.22
-14440.16
-14045.75
-13699.76
11320.11
12107.99
13599.62
15816.48
18974.82
0
0
0
0
0
-14546.29
-14614.15
-14409.96
-13999.15
-13642.06
11198.04
11988.77
13510.37
15792.11
19076.25
0
0
0
0
0
-14560.94
-14609.04
-14379.32
-13943.69
-13572.83
11889.12
13440.59
15792.01
19208.98
0
0
0
0
0
-14595.53
-14620.58
-14362.49
-13901.72
-13514.85
13386.67
15786.73
19303.37
0
0
0
0
0
-14621.03
-14627.58
-14347.92
-13868.6
-13470.12
15782.27
19359.8
0
0
0
0
0
-14632.98
-14629.49
-14334.72
-13842.85
-13437
19393.07
0
0
0
0
0
-14638.86
-14628.84
-14326.24
-13826.57
-13417.24
0
0
0
0
0
-14635.13
-14624.68
-14320.2
-13817.83
-13403.38
10871.52
11692.92
13298.07
15750.28
19360.06
0
0
0
0
0
-14606.83
-14584.99
-14278.16
-13768.52
-13355.62
10888.51
11707.5
13308.28
15756.69
19362.99
0
0
0
0
0
-14611.85
-14595.01
-14289.31
-13787.16
-13373.14
10922.95
11740.35
13331.98
15762.8
19336.08
0
0
0
0
0
-14609.84
-14600.52
-14302.11
-13807.23
-13398.08
10982.46
11795.56
13372.45
15771.35
19282.32
0
0
0
0
0
-14601.29
-14602.58
-14319.38
-13837.52
-13435.75
11071.52
11877.22
13430.38
15778.71
19191.06
0
0
0
0
0
-14579.5
-14599.71
-14337.94
-13875.17
-13485.89
11186.39
11981.41
13501.55
15781.52
19062.89
0
0
0
0
0
-14548.51
-14591.66
-14359.69
-13922.18
-13549.13
11313.77
12101.44
13592.86
15808.99
18965.91
0
0
0
0
0
-14537.63
-14602.08
-14395.32
-13981.92
-13623.63
11436.77
12221.2
13693.09
15861.52
18921.69
0
0
0
0
0
-14536.65
-14616.65
-14429.6
-14034.08
-13686.8
11495.25
12276.08
13731.17
15862.86
18852.79
0
0
0
0
0
-14516.39
-14608.23
-14435.59
-14053.26
-13714.42
11525.26
12303.87
13750.25
15863.06
18817.52
0
0
0
0
0
-14503.43
-14601.53
-14436.38
-14061.1
-13726.64
11526.57
12305.2
13751.64
15864.56
18819.21
0
0
0
0
0
-14505.31
-14603.92
-14439.06
-14064.03
-13729.94
11499.31
12279.85
13735.1
15867.13
18857.67
0
0
0
0
0
-14521.23
-14614.68
-14443.36
-14061.84
-13724.19
11443.35
12227.97
13699.57
15868.41
18929.57
0
0
0
0
0
-14544.85
-14627.01
-14442.18
-14048.54
-13702.42
11327.75
12108.67
13600.86
15817.81
18976.09
0
0
0
0
0
-14547.67
-14615.91
-14412.1
-14000.63
-13644.64
11994.61
13510.69
15793.07
19077.63
0
0
0
0
0
-14562.18
-14610.12
-14381
-13946.36
-13574.59
13444.72
15792.64
19210.03
0
0
0
0
0
-14597.76
-14621.64
-14363.88
-13903.73
-13516.79
15790.34
19304.1
0
0
0
0
0
-14622.83
-14629.69
-14349.19
-13869.71
-13471.74
19363.09
0
0
0
0
0
-14633.78
-14630.49
-14337.17
-13844.1
-13438.43
0
0
0
0
0
-14637.88
-14630.14
-14328.69
-13828.59
-13417.91
0
0
0
0
-14635.82
-14624.06
-14321.11
-13819.68
-13407.34
10864.61
11693.81
13291.21
15755.03
19375.26
0
0
0
0
0
-14608.58
-14590.81
-14279.96
-13777.07
-13358.16
10889.16
11709.58
13308.74
15758.09
19366.63
0
0
0
0
0
-14613.89
-14598.93
-14293.16
-13791.15
-13378.45
10924.15
11741.82
13333.6
15764.5
19338.04
0
0
0
0
0
-14611.82
-14603.56
-14306.58
-13810.89
-13402.7
10983.28
11796.79
13374.12
15773.4
19284.49
0
0
0
0
0
-14603.37
-14606.53
-14322.52
-13840.45
-13440.43
11072.65
11878.4
13431.72
15780.68
19193.61
0
0
0
0
0
-14582.46
-14602.5
-14341.37
-13878.36
-13489.9
11187.44
11982.64
13502.99
15783.12
19065.14
0
0
0
0
0
-14551.08
-14594.89
-14362.01
-13925.79
-13552.63
11314.89
12102.47
13594.2
15810.5
18967.64
0
0
0
0
0
-14539.09
-14604.97
-14398.62
-13985.12
-13626.97
11437.99
12222.51
13694.37
15863.07
18923.49
0
0
0
0
0
-14538.43
-14618.92
-14432.62
-14037.35
-13690.4
11496.54
12277.3
13732.58
15864.38
18854.53
0
0
0
0
0
-14518.19
-14610.26
-14438.57
-14056.42
-13717.72
11526.59
12305.15
13751.59
15864.58
18819.17
0
0
0
0
0
-14505.63
-14603.31
-14439.2
-14063.88
-13729.72
11528.09
12306.48
13752.96
15866.06
18820.75
0
0
0
0
0
-14507.17
-14605.57
-14441.85
-14066.72
-13732.73
11500.38
12281.45
13736.45
15868.5
18859.08
0
0
0
0
0
-14522.91
-14616.26
-14445.76
-14064.67
-13726.56
11449.39
12229.11
13701.38
15869.97
18930.98
0
0
0
0
0
-14546.13
-14629
-14444.17
-14050.7
-13705.27
12117.06
13601.47
15819.13
18977.55
0
0
0
0
0
-14549.13
-14617.6
-14414.04
-14002.88
-13646.19
13517.14
15793.38
19078.78
0
0
0
0
0
-14564.4
-14611.62
-14382.23
-13948.11
-13577.29
15797.29
19210.8
0
0
0
0
0
-14599.21
-14624.06
-14365.03
-13905.17
-13518.81
19308.28
0
0
0
0
0
-14622.83
-14631.71
-14351.34
-13871
-13472.86
0
0
0
0
0
-14634.76
-14631.42
-14338.22
-13846.53
-13439.68
0
0
0
0
-14639.45
-14629.21
-14330.04
-13831.04
-13419.91
0
0
0
-14640.88
-14624.75
-14320.8
-13820.43
-13409.21
10873.6
11683.66
13298.33
15744.23
19380.1
0
0
0
0
0
-14613.66
-14593.53
-14285.7
-13779.1
-13366.6
10891.24
11710.53
13310.99
15759.14
19368.5
0
0
0
0
0
-14616.78
-14601.4
-14297.29
-13795.08
-13382.45
10924.82
11743.06
13335.31
15766.52
19340.26
0
0
0
0
0
-14614
-14605.96
-14309.82
-13815.44
-13406.38
10984.4
11797.74
13375.44
15775.43
19287.06
0
0
0
0
0
-14605.25
-14609.05
-14326.71
-13843.69
-13443.4
11073.58
11879.59
13433.07
15782.25
19196.02
0
0
0
0
0
-14584.42
-14605.91
-14344.42
-13881.91
-13493.14
11188.5
11983.67
13504.32
15784.77
19067.03
0
0
0
0
0
-14552.61
-14597.91
-14365.51
-13928.28
-13556.32
11315.95
12103.6
13595.22
15811.97
18969.35
0
0
0
0
0
-14540.65
-14606.88
-14401.8
-13988.59
-13630.27
11439.24
12223.75
13695.72
15864.42
18925.16
0
0
0
0
0
-14539.97
-14621.13
-14435.16
-14040.55
-13693.77
11497.84
12278.63
13733.83
15865.86
18856.16
0
0
0
0
0
-14520.02
-14612.48
-14440.87
-14059.57
-13720.98
11528.14
12306.49
13752.91
15865.99
18820.78
0
0
0
0
0
-14507.26
-14605.91
-14441.23
-14066.87
-13732.59
11529.19
12308.04
13754.27
15867.44
18822.35
0
0
0
0
0
-14508.24
-14607.81
-14443.73
-14069.67
-13735.51
11506
12282.56
13738.14
15869.94
18860.56
0
0
0
0
0
-14524.48
-14618.27
-14447.55
-14067.22
-13729.47
12235.85
13702.51
15871.93
18932.67
0
0
0
0
0
-14547.42
-14630.59
-14446.35
-14052.8
-13707.49
13610.98
15819.7
18979.04
0
0
0
0
0
-14550.65
-14619.35
-14415.9
-14004.92
-13648.49
15800.61
19079.12
0
0
0
0
0
-14564.81
-14614.06
-14383.85
-13949.42
-13579.08
19216.05
0
0
0
0
0
-14600.59
-14625.71
-14367.52
-13906.36
-13520.28
0
0
0
0
0
-14624.63
-14631.82
-14353.44
-13873.14
-13474.16
0
0
0
0
-14636.09
-14632.57
-14339.18
-13847.59
-13442.09
0
0
0
-14640.73
-14630.93
-14329.09
-13832.4
-13422.34
0
0
-14639.33
-14629.93
-14321.45
-13820.31
-13409.91
10879.24
11696.9
13287.64
15756.26
19367.69
0
0
0
0
0
-14610.45
-14598.63
-14288.91
-13784.71
-13368.72
10892.05
11712.7
13312.53
15761.76
19370.21
0
0
0
0
0
-14617.25
-14604.68
-14299.93
-13799.28
-13386.4
10925.99
11743.75
13336.58
15768.6
19342.87
0
0
0
0
0
-14615.87
-14608.58
-14312.4
-13818.74
-13410.93
10985.27
11798.94
13376.57
15776.98
19289.61
0
0
0
0
0
-14607.68
-14611.3
-14329.45
-13847.97
-13446.68
11074.52
11880.49
13434.39
15783.86
19197.96
0
0
0
0
0
-14586.06
-14608.23
-14348.05
-13885.08
-13496.73
11189.47
11984.78
13505.37
15786.27
19068.99
0
0
0
0
0
-14554.66
-14599.86
-14368.78
-13931.92
-13558.89
11317.05
12104.67
13596.39
15813.06
18971.01
0
0
0
0
0
-14541.91
-14608.86
-14403.97
-13991.93
-13633.81
11440.55
12225.01
13697
15865.85
18926.64
0
0
0
0
0
-14541.86
-14623.07
-14437.62
-14043.26
-13697.05
11499.36
12279.91
13735.2
15867.16
18857.72
0
0
0
0
0
-14521.22
-14614.7
-14443.33
-14062.04
-13724.21
11529.2
12308.09
13754.27
15867.37
18822.26
0
0
0
0
0
-14508.54
-14607.91
-14444.08
-14069.05
-13735.66
11534.19
12309.2
13755.91
15868.79
18823.8
0
0
0
0
0
-14510
-14609.21
-14446.18
-14071.69
-13738.53
12288.67
13739.31
15871.76
18862.07
0
0
0
0
0
-14525.41
-14620.16
-14449.75
-14069.13
-13732.08
13710.17
15873.09
18934.83
0
0
0
0
0
-14548.8
-14632.16
-14448.11
-14055.09
-13709.65
15830.53
18979.59
0
0
0
0
0
-14551.23
-14621.1
-14417.8
-14006.87
-13650.57
19087.22
0
0
0
0
0
-14566.53
-14614.66
-14386.39
-13951.1
-13580.42
0
0
0
0
0
-14600.84
-14627.29
-14369.26
-13908.86
-13521.48
0
0
0
0
-14625.03
-14633.84
-14353.57
-13875.27
-13476.29
0
0
0
-14637.04
-14634.04
-14340.4
-13848.54
-13443.15
0
0
-14641.73
-14632.36
-14330.84
-13831.45
-13423.69
0
-14639.43
-14628.28
-14326.58
-13820.91
-13409.85
10870.48
11698.62
13302.92
15747.09
19382.76
0
0
0
0
0
-14617.05
-14595.99
-14293.89
-13788.14
-13374.25
10892.05
11712.72
13314.45
15763.82
19373.4
0
0
0
0
0
-14620.15
-14605.56
-14303.35
-13801.98
-13390.6
10926.88
11745.06
13337.56
15770.09
19345.5
0
0
0
0
0
-14618.7
-14610.78
-14315.21
-13821.39
-13414.25
10986.06
11799.74
13377.92
15778.43
19291.58
0
0
0
0
0
-14608.94
-14614.08
-14331.87
-13850.81
-13450.97
11075.44
11881.52
13435.34
15785.41
19199.96
0
0
0
0
0
-14588.24
-14610.26
-14350.55
-13888.81
-13499.95
11190.51
11985.78
13506.57
15787.44
19070.75
0
0
0
0
0
-14555.45
-14602.3
-14370.95
-13935.31
-13562.57
11318.09
12105.76
13597.5
15814.33
18972.23
0
0
0
0
0
-14543.75
-14610.53
-14406.19
-13994.26
-13637.22
11442.23
12226.31
13698.3
15867.23
18928.19
0
0
0
0
0
-14543.26
-14625.34
-14439.81
-14045.87
-13699.84
11500.44
12281.48
13736.51
15868.63
18859.11
0
0
0
0
0
-14523.1
-14616.25
-14445.79
-14064.65
-13726.76
11534.22
12309.2
13755.95
15868.78
18823.74
0
0
0
0
0
-14509.83
-14609.52
-14446.29
-14072.04
-13737.92
12314.56
13757.14
15870.55
18825.21
0
0
0
0
0
-14512.03
-14611.28
-14447.78
-14074.28
-13740.63
13746.1
15873.02
18864.07
0
0
0
0
0
-14526.94
-14621.38
-14451.83
-14071.45
-13734.06
15881.78
18936.02
0
0
0
0
0
-14550.16
-14633.8
-14449.84
-14056.96
-13711.99
18991.75
0
0
0
0
0
-14552.51
-14621.92
-14419.67
-14008.85
-13652.56
0
0
0
0
0
-14566.52
-14616.6
-14387.08
-13953.67
-13582.12
0
0
0
0
-14601.77
-14627.69
-14370.91
-13910.63
-13523.98
0
0
0
-14625.49
-14634.35
-14355.68
-13875.4
-13478.41
0
0
-14637.07
-14635.08
-14341.9
-13849.78
-13444.1
0
-14641.77
-14633.46
-14332.33
-13833.19
-13422.76
-14637.06
-14628.66
-14324.85
-13825.93
-13410.44
10879.24
11686.1
13301.6
15762.63
19374.71
0
0
0
0
0
-14618.09
-14602.71
-14291.61
-13792.98
-13377.74
10893.59
11713.6
13314.5
15765.78
19376.11
0
0
0
0
0
-14622.66
-14608.79
-14304.43
-13805.43
-13393.31
10927.58
11745.78
13339.01
15771.44
19347.43
0
0
0
0
0
-14619.1
-14613.95
-14317.54
-13824.28
-13416.91
10986.96
11800.68
13378.74
15780.04
19293.45
0
0
0
0
0
-14610.89
-14615.69
-14334.78
-13853.29
-13453.84
11076.33
11882.48
13436.51
15786.52
19201.85
0
0
0
0
0
-14589.28
-14612.78
-14352.77
-13891.39
-13503.71
11191.36
11986.83
13507.64
15788.81
19072.14
0
0
0
0
0
-14556.76
-14603.44
-14373.6
-13937.6
-13566.01
11319.57
12106.74
13598.61
15815.54
18973.66
0
0
0
0
0
-14545.16
-14612.74
-14408.09
-13996.61
-13639.63
11443.42
12228.02
13699.62
15868.62
18929.7
0
0
0
0
0
-14544.95
-14627.09
-14442.31
-14048.2
-13702.53
11506.11
12282.63
13738.16
15869.98
18860.7
0
0
0
0
0
-14524.1
-14618.5
-14447.55
-14067.24
-13729.44
12314.59
13757.12
15870.6
18825.19
0
0
0
0
0
-14511.1
-14611.12
-14448.09
-14074.38
-13740.97
13763.03
15871.86
18827.11
0
0
0
0
0
-14512.82
-14613.64
-14450.04
-14075.99
-13743.28
15880.59
18865.37
0
0
0
0
0
-14528.17
-14623.18
-14453.21
-14073.64
-13736.43
18945.72
0
0
0
0
0
-14551.43
-14635.42
-14451.63
-14058.78
-13713.91
0
0
0
0
0
-14553.32
-14623.42
-14420.61
-14010.79
-13654.58
0
0
0
0
-14567.72
-14616.76
-14389.13
-13954.41
-13584.7
0
0
0
-14602.38
-14628.77
-14371.36
-13912.31
-13525.76
0
0
-14625.42
-14634.89
-14356.21
-13877.54
-13478.56
0
-14636.79
-14635.23
-14342.96
-13851.28
-13445.34
-14641.38
-14633.58
-14333.43
-13834.68
-13424.48
-14626.46
-14325.34
-13824.17
-13415.37
10880.37
11701.89
13290.02
15759.23
19390.84
0
0
0
0
0
-14619.34
-14604.25
-14298.23
-13790.95
-13382.49
10893.58
11714.93
13316.15
15766.16
19378.46
0
0
0
0
0
-14623.64
-14611.59
-14307.77
-13806.6
-13396.75
10928.47
11746.66
13339.7
15773.16
19349.26
0
0
0
0
0
-14621.86
-14614.63
-14320.84
-13826.66
-13419.82
10987.71
11801.62
13379.87
15781.02
19295.48
0
0
0
0
0
-14612.32
-14617.93
-14336.56
-13856.26
-13456.34
11077.11
11883.41
13437.55
15787.91
19203.24
0
0
0
0
0
-14590.31
-14614.14
-14355.45
-13893.7
-13506.32
11192.43
11987.66
13508.75
15790.03
19073.76
0
0
0
0
0
-14558.15
-14605.09
-14374.93
-13940.35
-13568.36
11320.39
12108.25
13599.57
15816.73
18975.02
0
0
0
0
0
-14546.93
-14614.48
-14410.52
-13998.65
-13642.05
11449.5
12229.17
13701.41
15869.99
18931.22
0
0
0
0
0
-14546.08
-14629.11
-14444.25
-14050.82
-13704.93
12288.75
13739.4
15871.78
18862.12
0
0
0
0
0
-14525.89
-14619.78
-14450.01
-14069.13
-13732.11
13763.04
15871.82
18827.18
0
0
0
0
0
-14512.88
-14612.69
-14449.88
-14076.3
-13743.38
15878.37
18828.45
0
0
0
0
0
-14513.9
-14614.68
-14452.59
-14078.36
-13745.06
18873.68
0
0
0
0
0
-14529.77
-14624.66
-14455.17
-14075.12
-13738.68
0
0
0
0
0
-14552.31
-14636.91
-14453.38
-14060.65
-13715.77
0
0
0
0
-14554.25
-14624.44
-14422.23
-14011.8
-13656.54
0
0
0
-14568.67
-14618.14
-14389.36
-13956.51
-13585.48
0
0
-14603.1
-14629.49
-14372.5
-13912.79
-13527.44
0
-14626.93
-14634.94
-14356.77
-13878.07
-13480.69
-14638.06
-14635
-14343.12
-13852.33
-13446.83
-14633.2
-14333.57
-13835.75
-13425.97
-14323.3
-13824.7
-13413.64
10878.67
11699.37
13307.93
15750.91
19386.44
0
0
0
0
0
-14622.88
-14605.7
-14300.03
-13797.4
-13380.6
10894.61
11715.04
13317.08
15768.46
19379.31
0
0
0
0
0
-14626.4
-14612.9
-14310.68
-13809.95
-13397.96
10928.95
11747.62
13340.83
15773.97
19351.42
0
0
0
0
0
-14623.04
-14617.7
-14321.64
-13829.99
-13422.21
10988.45
11802.36
13380.9
15782.42
19296.76
0
0
0
0
0
-14613.19
-14619.67
-14338.92
-13858.11
-13459.32
11078.06
11884.18
13438.57
15789.12
19204.96
0
0
0
0
0
-14592.22
-14615.47
-14356.96
-13896.45
-13508.67
11192.9
11988.81
13509.58
15791.27
19075.19
0
0
0
0
0
-14560.45
-14606.77
-14376.77
-13941.8
-13571.15
11327.94
12109.01
13601.16
15817.72
18976.36
0
0
0
0
0
-14547.92
-14616.57
-14412.44
-14001.2
-13644.15
12235.93
13702.56
15871.95
18932.68
0
0
0
0
0
-14547.7
-14630.54
-14446.47
-14052.89
-13707.62
13746.16
15873.11
18864.08
0
0
0
0
0
-14527.17
-14621.89
-14451.46
-14071.71
-13734.06
15878.35
18828.41
0
0
0
0
0
-14513.92
-14614.75
-14451.62
-14078.21
-13745.36
18835.53
0
0
0
0
0
-14515.45
-14615.99
-14453.77
-14081.01
-13747.48
0
0
0
0
0
-14530.8
-14626.51
-14456.79
-14077.16
-13740.21
0
0
0
0
-14553.18
-14638
-14455
-14062.47
-13717.68
0
0
0
-14555.07
-14625.57
-14423.36
-14013.48
-13657.59
0
0
-14569.2
-14619.22
-14390.83
-13956.79
-13587.59
0
-14604.42
-14630.37
-14373.25
-13913.95
-13527.94
-14627.6
-14636.58
-14356.84
-13878.63
-13481.23
-14636.34
-14342.91
-13852.49
-13447.87
-14333.18
-13835.91
-13427.03
-13822.79
-13414.18
10878.36
11700.69
13300.66
15767.78
19380.44
0
0
0
0
0
-14621.62
-14609.4
-14301.54
-13799.32
-13386.94
10896.04
11716.36
13317.48
15769.11
19382.23
0
0
0
0
0
-14627.5
-14615.92
-14312.12
-13812.88
-13401.3
10929.71
11748.18
13341.89
15775.42
19352.55
0
0
0
0
0
-14623.85
-14619.15
-14324.83
-13830.84
-13425.53
10989.23
11803.13
13381.76
15783.62
19298.54
0
0
0
0
0
-14615.66
-14620.8
-14340.8
-13860.5
-13461.19
11078.75
11885.26
13439.36
15790.34
19206.43
0
0
0
0
0
-14593.91
-14617.64
-14358.44
-13898.04
-13511.44
11198.36
11989.23
13510.87
15792.17
19076.65
0
0
0
0
0
-14561.99
-14609.37
-14378.59
-13943.73
-13572.65
12117.25
13601.89
15819.47
18977.43
0
0
0
0
0
-14549.1
-14617.85
-14414.71
-14003.22
-13646.75
13710.24
15873.13
18934.84
0
0
0
0
0
-14549.21
-14632.46
-14448.06
-14055.21
-13709.74
15880.62
18865.47
0
0
0
0
0
-14528.34
-14623.43
-14453.75
-14073.27
-13736.7
18835.5
0
0
0
0
0
-14515.42
-14616.03
-14453.84
-14080.04
-13747.33
0
0
0
0
0
-14516.42
-14617.8
-14455.22
-14082.28
-13750.18
0
0
0
0
-14531.68
-14627.75
-14458.78
-14078.87
-13742.3
0
0
0
-14554.28
-14639.06
-14456.18
-14064.15
-13719.54
0
0
-14555.8
-14626.54
-14424.59
-14014.67
-13659.31
0
-14570.05
-14619.92
-14391.96
-13958.28
-13587.9
-14605.52
-14631.81
-14374.18
-13914.7
-13529.11
-14637.25
-14358.54
-13878.71
-13481.79
-14344.25
-13852.28
-13448.05
-13835.5
-13427.2
-13412.34
10882.81
11701.78
13306.31
15756.22
19396.85
0
0
0
0
0
-14625.74
-14608.71
-14305.23
-13800.86
-13388.89
10895.95
11717.41
13318.97
15769.94
19383
0
0
0
0
0
-14627.71
-14617.35
-14315.23
-13814.39
-13404.21
10930.26
11749.01
13342.51
15776.67
19354.42
0
0
0
0
0
-14626.24
-14620.22
-14326.4
-13834.05
-13426.41
10989.83
11804.05
13382.57
15784.7
19300.05
0
0
0
0
0
-14616.74
-14623.55
-14342.05
-13862.45
-13463.6
11082.29
11885.9
13440.63
15791.22
19207.95
0
0
0
0
0
-14595.23
-14619.58
-14360.72
-13899.59
-13513.06
11994.98
13511.26
15793.66
19077.7
0
0
0
0
0
-14563.17
-14611.19
-14381.34
-13945.62
-13574.64
13611.19
15820.19
18979.4
0
0
0
0
0
-14550.86
-14619.3
-14416.14
-14005.58
-13648.82
15881.84
18936.05
0
0
0
0
0
-14549.98
-14634.23
-14450.14
-14056.91
-13712.11
18873.7
0
0
0
0
0
-14529.78
-14624.84
-14455.43
-14075.66
-13738.32
0
0
0
0
0
-14516.17
-14617.77
-14455.26
-14082.36
-13749.22
0
0
0
0
-14517.64
-14618.95
-14457.16
-14083.81
-13751.5
0
0
0
-14533.42
-14628.82
-14460.13
-14080.93
-13744.05
0
0
-14555.9
-14640.3
-14457.35
-14065.4
-13721.26
0
-14556.44
-14627.44
-14425.62
-14015.94
-13660.53
-14572.58
-14620.92
-14392.72
-13959.44
-13589.41
-14632.9
-14375.68
-13915.65
-13529.87
-14359.17
-13880.42
-13481.88
-13853.61
-13447.85
-13426.8
10882.89
11699.53
13307.78
15766.61
19383.12
0
0
0
0
0
-14625.69
-14612.82
-14304.89
-13804.47
-13390.44
10897.08
11717.81
13319.97
15771.85
19384.3
0
0
0
0
0
-14630.43
-14617.75
-14316.81
-13817.5
-13405.74
10931.16
11749.74
13343.44
15777.54
19355.99
0
0
0
0
0
-14627.6
-14622.85
-14327.58
-13835.67
-13429.61
10992.63
11804.62
13383.68
15785.64
19301.47
0
0
0
0
0
-14617.67
-14624.81
-14344.9
-13863.75
-13465.56
11889.57
13441.28
15792.76
19209.02
0
0
0
0
0
-14596.85
-14621.14
-14362.77
-13901.91
-13514.64
13517.57
15794.05
19079.46
0
0
0
0
0
-14564.63
-14612.6
-14383.3
-13948.45
-13576.56
15830.74
18980.14
0
0
0
0
0
-14551.05
-14621.32
-14417.74
-14007.11
-13651.22
18945.76
0
0
0
0
0
-14551.37
-14635.23
-14452.06
-14059.08
-13713.86
0
0
0
0
0
-14530.33
-14626.51
-14456.98
-14077.43
-13740.75
0
0
0
0
-14517.09
-14618.71
-14457.13
-14083.86
-13751.58
0
0
0
-14518.27
-14620.39
-14458.42
-14085.83
-13753.08
0
0
-14534.18
-14630.74
-14461.29
-14082.34
-13746.14
0
-14556.65
-14642.08
-14458.66
-14066.62
-13722.54
-14560.77
-14628.21
-14426.59
-14017.01
-13661.83
-14623.34
-14393.81
-13960.23
-13590.58
-14376.72
-13917.17
-13530.83
-13881.01
-13483.59
-13449.17
10881.06
11705.05
13299.34
15768.6
19396.64
0
0
0
0
0
-14624.08
-14613.06
-14308.86
-13804.34
-13393.99
10898.19
11719.72
13320.5
15772.79
19386.7
0
0
0
0
0
-14631.5
-14620.68
-14317.27
-13819.15
-13408.83
10933.28
11750.43
13344.55
15778.62
19357.23
0
0
0
0
0
-14628.87
-14624.39
-14330.29
-13836.89
-13431.24
11807.46
13384.27
15787.01
19302.62
0
0
0
0
0
-14620.59
-14625.95
-14346.24
-13866.63
-13466.89
13445.25
15793.48
19210.89
0
0
0
0
0
-14598.1
-14622.96
-14364.44
-13904
-13516.97
15801.1
19079.89
0
0
0
0
0
-14564.52
-14614.29
-14384.82
-13950.47
-13579.41
18991.97
0
0
0
0
0
-14552.49
-14621.74
-14419.9
-14008.79
-13652.8
0
0
0
0
0
-14552.38
-14636.86
-14453.19
-14061.08
-13716.07
0
0
0
0
-14531.84
-14627.26
-14458.78
-14079.06
-13742.57
0
0
0
-14518.39
-14619.82
-14458.17
-14085.8
-13753.12
0
0
-14520.13
-14621.17
-14459.96
-14087.15
-13755.13
0
-14535.01
-14631.64
-14463.31
-14083.56
-13747.59
-14559.49
-14642.94
-14460.5
-14067.97
-13723.79
-14632.28
-14427.44
-14018.02
-13662.92
-14396.09
-13961.36
-13591.39
-13918.18
-13532.34
-13484.18
10875.9
11703.07
13310.85
15755.93
19399.05
0
0
0
0
0
-14630.94
-14611.8
-14309.26
-13808.16
-13393.96
10899.64
11719.11
13323.45
15773.58
19387.83
0
0
0
0
0
-14633.03
-14621.97
-14320.27
-13819.62
-13410.49
11752.68
13345.1
15780.17
19358.56
0
0
0
0
0
-14630.98
-14625.86
-14331.88
-13839.62
-13432.48
13387.31
15787.71
19304.34
0
0
0
0
0
-14620.99
-14629.1
-14347.45
-13867.98
-13469.76
15797.89
19211.75
0
0
0
0
0
-14598.87
-14624.41
-14366.34
-13905.72
-13519.08
19087.77
0
0
0
0
0
-14565.92
-14614.37
-14386.63
-13952.05
-13581.46
0
0
0
0
0
-14553.46
-14623.41
-14420.44
-14011.02
-13654.52
0
0
0
0
-14553.57
-14638.06
-14454.94
-14062.29
-13718.11
0
0
0
-14532.58
-14628.98
-14459.63
-14080.93
-13744.24
0
0
-14519.98
-14621.29
-14459.38
-14086.91
-13755.1
0
-14521.27
-14623.22
-14460.82
-14088.76
-13756.49
-14538.36
-14632.55
-14464.26
-14085.63
-13748.85
-14645.69
-14461.41
-14069.83
-13725.17
-14431.27
-14018.91
-13663.95
-13963.55
-13592.54
-13533.36
10888.14
11693.43
13309.08
15771.35
19384.49
0
0
0
0
0
-14631.88
-14618.79
-14308.19
-13808.65
-13397.69
11721.51
13321.29
15777.71
19388.97
0
0
0
0
0
-14633.94
-14623.67
-14321.64
-13822.61
-13410.98
13347.48
15780.67
19360.61
0
0
0
0
0
-14631.87
-14628.17
-14333.43
-13841.22
-13435.2
15791.09
19305.26
0
0
0
0
0
-14622.24
-14629.66
-14350.7
-13869.22
-13471.12
19216.74
0
0
0
0
0
-14600.14
-14625.38
-14367.88
-13907.65
-13520.81
0
0
0
0
0
-14567.39
-14615.97
-14386.8
-13953.91
-13583.06
0
0
0
0
-14554.41
-14624.57
-14422.23
-14011.63
-13656.77
0
0
0
-14554.48
-14639.45
-14456.24
-14064.1
-13719.37
0
0
-14534.25
-14629.86
-14461.45
-14081.84
-13746.14
0
-14521.25
-14623.06
-14460.95
-14088.18
-13756.26
-14523.03
-14624.46
-14462.96
-14089.66
-13758.13
-14635.95
-14465.21
-14086.61
-13750.94
-14464.07
-14070.78
-13727.04
-14022.57
-13664.87
-13594.7
11708.82
13298.27
15770.34
19402.03
0
0
0
0
0
-14633.31
-14620.1
-14315.14
-13807.71
-13398.22
13324.69
15774.33
19393.92
0
0
0
0
0
-14636.28
-14624.72
-14323.39
-13824.01
-13413.94
15783.31
19361.21
0
0
0
0
0
-14633.12
-14629.22
-14335.8
-13842.77
-13436.79
19309.13
0
0
0
0
0
-14623.76
-14631.1
-14351.31
-13872.49
-13472.37
0
0
0
0
0
-14601.68
-14626.82
-14368.92
-13909.22
-13522.75
0
0
0
0
-14567.85
-14617.63
-14388.49
-13954.14
-13584.94
0
0
0
-14554.75
-14625.72
-14423.48
-14013.48
-13657.43
0
0
-14555.73
-14640.51
-14457.73
-14065.46
-13721.21
0
-14535.42
-14631.71
-14462.41
-14083.72
-13747.1
-14523.28
-14624.44
-14462.78
-14089.8
-13757.56
-14626.29
-14464.24
-14091.84
-13759.07
-14468.62
-14087.59
-13751.94
-14073.37
-13728.02
-13668.46
13313.17
15760.43
19401.83
0
0
0
0
0
-14630.58
-14621.33
-14316.59
-13814.53
-13397.34
15778.36
19390.09
0
0
0
0
0
-14637.95
-14627.26
-14324.46
-13825.76
-13415.36
19364.27
0
0
0
0
0
-14634.76
-14630.62
-14336.9
-13845.15
-13438.35
0
0
0
0
0
-14624.79
-14632.78
-14352.82
-13873.11
-13475.63
0
0
0
0
-14602.09
-14628.53
-14370.43
-13910.3
-13524.33
0
0
0
-14568.55
-14618.25
-14390.23
-13955.87
-13585.21
0
0
-14556.07
-14626.21
-14424.73
-14014.79
-13659.31
0
-14556.62
-14641.92
-14458.87
-14067
-13722.6
-14538.07
-14632.97
-14464.33
-14084.73
-13749
-14626.55
-14464.23
-14091.67
-13759.2
-14466.11
-14093.16
-13761.27
-14090.99
-13752.95
-13730.6
15772.9
19392.48
0
0
0
0
0
-14635.77
-14619.12
-14317.66
-13816.02
-13404.04
19394.71
0
0
0
0
0
-14638.61
-14629.09
-14327.07
-13826.82
-13417.09
0
0
0
0
0
-14635.08
-14632.44
-14338.35
-13846.26
-13440.71
0
0
0
0
-14625.24
-14633.95
-14354.55
-13874.65
-13476.26
0
0
0
-14603.38
-14629.06
-14372.2
-13911.82
-13525.43
0
0
-14570.14
-14619.1
-14390.91
-13957.65
-13586.96
0
-14557.16
-14627.69
-14425.3
-14016.08
-13660.64
-14559.59
-14642.92
-14460.33
-14068.18
-13724.17
-14635.65
-14465.64
-14086.68
-13750.05
-14466.37
-14093.15
-13761.09
-14095.06
-13762.61
-13756.35
19403.61
0
0
0
0
0
-14636.27
-14624.22
-14315.82
-13816.98
-13405.54
0
0
0
0
0
-14639.2
-14629.86
-14328.93
-13829.43
-13418.15
0
0
0
0
-14636.68
-14632.85
-14340.21
-13847.72
-13441.82
0
0
0
-14626.61
-14634.51
-14355.77
-13876.38
-13477.8
0
0
-14604.8
-14630.51
-14372.76
-13913.62
-13526.96
0
-14570.71
-14620.84
-14391.83
-13958.35
-13588.75
-14561.15
-14628.92
-14426.83
-14016.69
-13661.96
-14645.79
-14461.39
-14069.67
-13725.38
-14468.31
-14088.01
-13752.01
-14095.32
-13762.6
-13764.55
0
0
0
0
0
-14636.36
-14624.82
-14320.69
-13815.39
-13406.47
0
0
0
0
-14640.55
-14630.56
-14329.73
-13831.29
-13420.74
0
0
0
-14637.1
-14634.59
-14340.64
-13849.58
-13443.28
0
0
-14627.63
-14636.03
-14356.34
-13877.61
-13479.53
0
-14605.83
-14632.06
-14374.29
-13914.19
-13528.76
-14573.41
-14621.54
-14393.62
-13959.31
-13589.48
-14632.67
-14428.13
-14018.25
-13662.61
-14464.17
-14070.76
-13726.88
-14090.68
-13753.37
-13764.81
0
0
0
0
-14639.8
-14625.15
-14321.34
-13820.04
-13404.99
0
0
0
-14641.8
-14632.11
-14330.46
-13832.08
-13422.58
0
0
-14638.6
-14635.11
-14342.41
-13850
-13445.13
0
-14628.06
-14637.16
-14357.92
-13878.17
-13480.76
-14606.77
-14633.17
-14375.86
-13915.74
-13529.34
-14624.15
-14394.38
-13961.11
-13590.45
-14431.66
-14019.59
-13664.17
-14073.47
-13728
-13756.05
0
0
0
-14638.12
-14628.48
-14321.77
-13820.71
-13409.52
0
0
-14640.68
-14633.39
-14332.09
-13832.81
-13423.37
0
-14639.38
-14636.69
-14342.97
-13851.76
-13445.56
-14629
-14637.64
-14359.06
-13879.77
-13481.32
-14634.13
-14377.01
-13917.3
-13530.89
-14396.89
-13961.91
-13592.25
-14022.96
-13665.54
-13730.7
0
0
-14640.07
-14627.31
-14324.91
-13821.18
-13410.21
0
-14643.06
-14632.7
-14333.34
-13834.46
-13424.1
-14639.41
-14637.57
-14344.53
-13852.33
-13447.3
-14638.63
-14359.54
-13880.9
-13482.92
-14377.93
-13918.45
-13532.45
-13964.33
-13593.08
-13668.85
0
-14639.31
-14628.95
-14324.14
-13824.17
-13410.69
-14643.39
-14634.8
-14332.94
-13835.66
-13425.75
-14637.66
-14345.44
-13853.85
-13447.88
-14360.52
-13881.37
-13484.04
-13919.36
-13533.6
-13595.47
-14638.41
-14628.48
-14325.47
-13823.64
-13413.59
-14635.23
-14334.72
-13835.45
-13426.93
-14345.53
-13854.76
-13449.38
-13882.34
-13484.52
-13534.52
-14628.01
-14325.19
-13824.75
-13413.16
-14335.19
-13837.01
-13426.79
-13854.85
-13450.28
-13485.49
-14324.97
-13824.6
-13414.19
-13837.48
-13428.26
-13450.38
-13824.51
-13414.1
-13428.74
-13414.05
)
;

boundaryField
{
    cathodeSides
    {
        type            zeroGradient;
    }
    electrolyteSides
    {
        type            zeroGradient;
    }
    anodeSides
    {
        type            zeroGradient;
    }
    phiI_to_phiI0
    {
        type            zeroGradient;
    }
}


// ************************************************************************* //
