/*--------------------------------*- C++ -*----------------------------------*\
| =========                 |                                                 |
| \\      /  F ield         | OpenFOAM: The Open Source CFD Toolbox           |
|  \\    /   O peration     | Version:  2312                                  |
|   \\  /    A nd           | Website:  www.openfoam.com                      |
|    \\/     M anipulation  |                                                 |
\*---------------------------------------------------------------------------*/
FoamFile
{
    version     2.0;
    format      ascii;
    arch        "LSB;label=32;scalar=64";
    class       volScalarField;
    location    "60/fuel";
    object      j;
}
// * * * * * * * * * * * * * * * * * * * * * * * * * * * * * * * * * * * * * //

dimensions      [0 -3 0 0 0 1 0];

internalField   nonuniform List<scalar> 
16000
(
1.148458e+09
1.146865e+09
1.151793e+09
5.42539e+08
1.143033e+09
1.150488e+09
5.417488e+08
1.162238e+09
5.386629e+08
3.358298e+08
1.136865e+09
1.147641e+09
5.399218e+08
1.160967e+09
5.383567e+08
3.352887e+08
1.171398e+09
5.413617e+08
3.312797e+08
2.47125e+08
1.127668e+09
1.142953e+09
5.371152e+08
1.158107e+09
5.376874e+08
3.340715e+08
1.170137e+09
5.410762e+08
3.311825e+08
2.466804e+08
1.179548e+09
5.442682e+08
3.323017e+08
2.425639e+08
2.116493e+08
1.116774e+09
1.135376e+09
5.331874e+08
1.153485e+09
5.365684e+08
3.322441e+08
1.167331e+09
5.404162e+08
3.309709e+08
2.456977e+08
1.178281e+09
5.439875e+08
3.322175e+08
2.425304e+08
2.112398e+08
1.186764e+09
5.468799e+08
3.337296e+08
2.430637e+08
2.070875e+08
0
1.106367e+09
1.126328e+09
5.288547e+08
1.146028e+09
5.34755e+08
3.297827e+08
1.16264e+09
5.393997e+08
3.306047e+08
2.442385e+08
1.175587e+09
5.43351e+08
3.320156e+08
2.424589e+08
2.103422e+08
1.185497e+09
5.466012e+08
3.336489e+08
2.430399e+08
2.070749e+08
0
1.193349e+09
5.491837e+08
3.350268e+08
2.439952e+08
2.074196e+08
0
0
1.098123e+09
1.123925e+09
5.249512e+08
1.136977e+09
5.330309e+08
3.27179e+08
1.155315e+09
5.376904e+08
3.300185e+08
2.423151e+08
1.170907e+09
5.423234e+08
3.317365e+08
2.423239e+08
2.090153e+08
1.182802e+09
5.460147e+08
3.334589e+08
2.429772e+08
2.070493e+08
0
1.192114e+09
5.489029e+08
3.349483e+08
2.439744e+08
2.074155e+08
0
0
1.199156e+09
5.512509e+08
3.361694e+08
2.448496e+08
2.081781e+08
0
0
0
1.092606e+09
1.115666e+09
5.220003e+08
1.127881e+09
5.3888e+08
3.249411e+08
1.146391e+09
5.358161e+08
3.297564e+08
2.40325e+08
1.163501e+09
5.406882e+08
3.312273e+08
2.421165e+08
2.072815e+08
1.178051e+09
5.450026e+08
3.33179e+08
2.429187e+08
2.06991e+08
0
1.189419e+09
5.483237e+08
3.347879e+08
2.43919e+08
2.073982e+08
0
0
1.198071e+09
5.509856e+08
3.360885e+08
2.448307e+08
2.081765e+08
0
0
0
1.204459e+09
5.530781e+08
3.3718e+08
2.456017e+08
2.088777e+08
0
0
0
0
1.089751e+09
1.110085e+09
5.200901e+08
1.120671e+09
5.361512e+08
3.233184e+08
1.137454e+09
5.339134e+08
3.361655e+08
2.386703e+08
1.154669e+09
5.388397e+08
3.308044e+08
2.422783e+08
2.055023e+08
1.170728e+09
5.433552e+08
3.327177e+08
2.427742e+08
2.069077e+08
0
1.184687e+09
5.473003e+08
3.345191e+08
2.438626e+08
2.074108e+08
0
0
1.195211e+09
5.50415e+08
3.359346e+08
2.447969e+08
2.08165e+08
0
0
0
1.20329e+09
5.528779e+08
3.371091e+08
2.455804e+08
2.088781e+08
0
0
0
0
1.209285e+09
5.547554e+08
3.38078e+08
2.462596e+08
2.094937e+08
0
0
0
0
0
1.089818e+09
1.107338e+09
5.191133e+08
1.115621e+09
5.342414e+08
3.222998e+08
1.130126e+09
5.324204e+08
3.347826e+08
2.375074e+08
1.14575e+09
5.369026e+08
3.303747e+08
2.485612e+08
2.040498e+08
1.161971e+09
5.415813e+08
3.322958e+08
2.427779e+08
2.072002e+08
0
1.177419e+09
5.457058e+08
3.340572e+08
2.437549e+08
2.073844e+08
0
0
1.190748e+09
5.494059e+08
3.356668e+08
2.44749e+08
2.081806e+08
0
0
0
1.200697e+09
5.522439e+08
3.369633e+08
2.455525e+08
2.088852e+08
0
0
0
0
1.208174e+09
5.545207e+08
3.380448e+08
2.462462e+08
2.094917e+08
0
0
0
0
0
1.213802e+09
5.562847e+08
3.389066e+08
2.468476e+08
2.100292e+08
0
0
0
0
0
0
1.092624e+09
1.107315e+09
5.191402e+08
1.113088e+09
5.333187e+08
3.217882e+08
1.125211e+09
5.312995e+08
3.337831e+08
2.367943e+08
1.138438e+09
5.352789e+08
3.300573e+08
2.476348e+08
2.030466e+08
1.153125e+09
5.39679e+08
3.318029e+08
2.427862e+08
2.13408e+08
0
1.168585e+09
5.439832e+08
3.336909e+08
2.437523e+08
2.075209e+08
0
0
1.183413e+09
5.478497e+08
3.352402e+08
2.446442e+08
2.081868e+08
0
0
0
1.196064e+09
5.513516e+08
3.367045e+08
2.455094e+08
2.089081e+08
0
0
0
0
1.205291e+09
5.539999e+08
3.378653e+08
2.462256e+08
2.095042e+08
0
0
0
0
0
1.212512e+09
5.560756e+08
3.388539e+08
2.46861e+08
2.100343e+08
0
0
0
0
0
0
1.217666e+09
5.577264e+08
3.396648e+08
2.473923e+08
2.105095e+08
0
0
0
0
0
0
0
1.098177e+09
1.110191e+09
5.201033e+08
1.113047e+09
5.333116e+08
3.218025e+08
1.122682e+09
5.307264e+08
3.33309e+08
2.364423e+08
1.133499e+09
5.341858e+08
3.297659e+08
2.469471e+08
2.024395e+08
1.145834e+09
5.380825e+08
3.313743e+08
2.428186e+08
2.126391e+08
0
1.159882e+09
5.421439e+08
3.332253e+08
2.436932e+08
2.076682e+08
0
0
1.17461e+09
5.461105e+08
3.349078e+08
2.446875e+08
2.083153e+08
0
0
0
1.188818e+09
5.49782e+08
3.363043e+08
2.454318e+08
2.089183e+08
0
0
0
0
1.200879e+09
5.530436e+08
3.376738e+08
2.461889e+08
2.095329e+08
0
0
0
0
0
1.209848e+09
5.554304e+08
3.387388e+08
2.46818e+08
2.100536e+08
0
0
0
0
0
0
1.216517e+09
5.574426e+08
3.396273e+08
2.473922e+08
2.105374e+08
0
0
0
0
0
0
0
1.22135e+09
5.589315e+08
3.403839e+08
2.478924e+08
2.109555e+08
0
0
0
0
0
0
0
0
1.10643e+09
1.11571e+09
5.220255e+08
1.115558e+09
5.342895e+08
3.223102e+08
1.122734e+09
5.307078e+08
3.333063e+08
2.364518e+08
1.13102e+09
5.336172e+08
3.296097e+08
2.466257e+08
2.021426e+08
1.140919e+09
5.370099e+08
3.310826e+08
2.427799e+08
2.12059e+08
0
1.15267e+09
5.405784e+08
3.328175e+08
2.436275e+08
2.078119e+08
0
0
1.165793e+09
5.443582e+08
3.344903e+08
2.446513e+08
2.083962e+08
0
0
0
1.180053e+09
5.480778e+08
3.35965e+08
2.455014e+08
2.090887e+08
0
0
0
0
1.193719e+09
5.515204e+08
3.372703e+08
2.461322e+08
2.095672e+08
0
0
0
0
0
1.20538e+09
5.545712e+08
3.385131e+08
2.468291e+08
2.100877e+08
0
0
0
0
0
0
1.213896e+09
5.56891e+08
3.394383e+08
2.473941e+08
2.105382e+08
0
0
0
0
0
0
0
1.220295e+09
5.587124e+08
3.403027e+08
2.479033e+08
2.109719e+08
0
0
0
0
0
0
0
0
1.224696e+09
5.600961e+08
3.409758e+08
2.483689e+08
2.113654e+08
0
0
0
0
0
0
0
0
0
1.116703e+09
1.123987e+09
5.249805e+08
1.120634e+09
5.361694e+08
3.233337e+08
1.125278e+09
5.312715e+08
3.338124e+08
2.368032e+08
1.131018e+09
5.336378e+08
3.295985e+08
2.466246e+08
2.021505e+08
1.138414e+09
5.364671e+08
3.309299e+08
2.427516e+08
2.117902e+08
0
1.147615e+09
5.395294e+08
3.325512e+08
2.435798e+08
2.078556e+08
0
0
1.158581e+09
5.428413e+08
3.341068e+08
2.446028e+08
2.084488e+08
0
0
0
1.171259e+09
5.46287e+08
3.356066e+08
2.455053e+08
2.091908e+08
0
0
0
0
1.185045e+09
5.49844e+08
3.36959e+08
2.461979e+08
2.097612e+08
0
0
0
0
0
1.198212e+09
5.530949e+08
3.381384e+08
2.46772e+08
2.101407e+08
0
0
0
0
0
0
1.209529e+09
5.560109e+08
3.392695e+08
2.473825e+08
2.10613e+08
0
0
0
0
0
0
0
1.217627e+09
5.581826e+08
3.401682e+08
2.478515e+08
2.110107e+08
0
0
0
0
0
0
0
0
1.223608e+09
5.599131e+08
3.409353e+08
2.483481e+08
2.113914e+08
0
0
0
0
0
0
0
0
0
1.227932e+09
5.611516e+08
3.415542e+08
2.487575e+08
2.117571e+08
0
0
0
0
0
0
0
0
0
0
1.127671e+09
1.126454e+09
5.288255e+08
1.12796e+09
5.389118e+08
3.249589e+08
1.13028e+09
5.324077e+08
3.347925e+08
2.375186e+08
1.133569e+09
5.342134e+08
3.297487e+08
2.469689e+08
2.024476e+08
1.138363e+09
5.364702e+08
3.309406e+08
2.427435e+08
2.117895e+08
0
1.145068e+09
5.389822e+08
3.324124e+08
2.435545e+08
2.078691e+08
0
0
1.153624e+09
5.417417e+08
3.33857e+08
2.445805e+08
2.084814e+08
0
0
0
1.164113e+09
5.447912e+08
3.352545e+08
2.454772e+08
2.092592e+08
0
0
0
0
1.176287e+09
5.480887e+08
3.365787e+08
2.462485e+08
2.098999e+08
0
0
0
0
0
1.189579e+09
5.514729e+08
3.378457e+08
2.468618e+08
2.103321e+08
0
0
0
0
0
0
1.202209e+09
5.545461e+08
3.389249e+08
2.473472e+08
2.106665e+08
0
0
0
0
0
0
0
1.213053e+09
5.573445e+08
3.399872e+08
2.478809e+08
2.110668e+08
0
0
0
0
0
0
0
0
1.221057e+09
5.593635e+08
3.408152e+08
2.483355e+08
2.113841e+08
0
0
0
0
0
0
0
0
0
1.226834e+09
5.609506e+08
3.415325e+08
2.487677e+08
2.117558e+08
0
0
0
0
0
0
0
0
0
0
1.230916e+09
5.621872e+08
3.420792e+08
2.491402e+08
2.120751e+08
0
0
0
0
0
0
0
0
0
0
1.136875e+09
1.135292e+09
5.331912e+08
1.137045e+09
5.330916e+08
3.271628e+08
1.1374e+09
5.339525e+08
3.361866e+08
2.386836e+08
1.138514e+09
5.353366e+08
3.300516e+08
2.476414e+08
2.030564e+08
1.140969e+09
5.370395e+08
3.31098e+08
2.427669e+08
2.12078e+08
0
1.145126e+09
5.389623e+08
3.324165e+08
2.435614e+08
2.078622e+08
0
0
1.151115e+09
5.411894e+08
3.337183e+08
2.44564e+08
2.084977e+08
0
0
0
1.159081e+09
5.437484e+08
3.349771e+08
2.454675e+08
2.093161e+08
0
0
0
0
1.169123e+09
5.466332e+08
3.362462e+08
2.462442e+08
2.099871e+08
0
0
0
0
0
1.180719e+09
5.497453e+08
3.374952e+08
2.468965e+08
2.105126e+08
0
0
0
0
0
0
1.19363e+09
5.529549e+08
3.386691e+08
2.474512e+08
2.108802e+08
0
0
0
0
0
0
0
1.205973e+09
5.558171e+08
3.396559e+08
2.478683e+08
2.111394e+08
0
0
0
0
0
0
0
0
1.216673e+09
5.58449e+08
3.40657e+08
2.483558e+08
2.114752e+08
0
0
0
0
0
0
0
0
0
1.224248e+09
5.604562e+08
3.414003e+08
2.487664e+08
2.117821e+08
0
0
0
0
0
0
0
0
0
0
1.229774e+09
5.61981e+08
3.42045e+08
2.491627e+08
2.121008e+08
0
0
0
0
0
0
0
0
0
0
1.233554e+09
5.631356e+08
3.425996e+08
2.494884e+08
2.123893e+08
0
0
0
0
0
0
0
0
0
0
1.143037e+09
1.142936e+09
5.37129e+08
1.146044e+09
5.347223e+08
3.297862e+08
1.146405e+09
5.358467e+08
3.297957e+08
2.403139e+08
1.145811e+09
5.368803e+08
3.304001e+08
2.485777e+08
2.040615e+08
1.145933e+09
5.381201e+08
3.314028e+08
2.428153e+08
2.126448e+08
0
1.147675e+09
5.395534e+08
3.325675e+08
2.435904e+08
2.078442e+08
0
0
1.151148e+09
5.412157e+08
3.337078e+08
2.445681e+08
2.085034e+08
0
0
0
1.156594e+09
5.432144e+08
3.348412e+08
2.454527e+08
2.093398e+08
0
0
0
0
1.164115e+09
5.455619e+08
3.360073e+08
2.462154e+08
2.100552e+08
0
0
0
0
0
1.173615e+09
5.482973e+08
3.37189e+08
2.469099e+08
2.106207e+08
0
0
0
0
0
0
1.184965e+09
5.511905e+08
3.383374e+08
2.47512e+08
2.110471e+08
0
0
0
0
0
0
0
1.197278e+09
5.542588e+08
3.394215e+08
2.480019e+08
2.113658e+08
0
0
0
0
0
0
0
0
1.20952e+09
5.570286e+08
3.402879e+08
2.483565e+08
2.115677e+08
0
0
0
0
0
0
0
0
0
1.219846e+09
5.596223e+08
3.412027e+08
2.488023e+08
2.118654e+08
0
0
0
0
0
0
0
0
0
0
1.227153e+09
5.614697e+08
3.419473e+08
2.491525e+08
2.12137e+08
0
0
0
0
0
0
0
0
0
0
1.232506e+09
5.629164e+08
3.425617e+08
2.495009e+08
2.124253e+08
0
0
0
0
0
0
0
0
0
0
1.236092e+09
5.639676e+08
3.43073e+08
2.498359e+08
2.126755e+08
0
0
0
0
0
0
0
0
0
0
1.146825e+09
1.147628e+09
5.399307e+08
1.153411e+09
5.36562e+08
3.322564e+08
1.15536e+09
5.376951e+08
3.300017e+08
2.423184e+08
1.154684e+09
5.38848e+08
3.308225e+08
2.423086e+08
2.054931e+08
1.153109e+09
5.39708e+08
3.317899e+08
2.428057e+08
2.134226e+08
0
1.152527e+09
5.406195e+08
3.32842e+08
2.436452e+08
2.078094e+08
0
0
1.153673e+09
5.417695e+08
3.338721e+08
2.445915e+08
2.084903e+08
0
0
0
1.156586e+09
5.432285e+08
3.348571e+08
2.454458e+08
2.093436e+08
0
0
0
0
1.161568e+09
5.450468e+08
3.358812e+08
2.462056e+08
2.100809e+08
0
0
0
0
0
1.168647e+09
5.472462e+08
3.369328e+08
2.469117e+08
2.106729e+08
0
0
0
0
0
0
1.177745e+09
5.497773e+08
3.380405e+08
2.475453e+08
2.111718e+08
0
0
0
0
0
0
0
1.188732e+09
5.525907e+08
3.390684e+08
2.480769e+08
2.115568e+08
0
0
0
0
0
0
0
0
1.200831e+09
5.554342e+08
3.400752e+08
2.485069e+08
2.118208e+08
0
0
0
0
0
0
0
0
0
1.212803e+09
5.581722e+08
3.408974e+08
2.487749e+08
2.119707e+08
0
0
0
0
0
0
0
0
0
0
1.222756e+09
5.606273e+08
3.417965e+08
2.491626e+08
2.122335e+08
0
0
0
0
0
0
0
0
0
0
1.229849e+09
5.623951e+08
3.424524e+08
2.495167e+08
2.124537e+08
0
0
0
0
0
0
0
0
0
0
1.235032e+09
5.637847e+08
3.430306e+08
2.498453e+08
2.127025e+08
0
0
0
0
0
0
0
0
0
0
1.238474e+09
5.647749e+08
3.434889e+08
2.501504e+08
2.12962e+08
0
0
0
0
0
0
0
0
0
0
1.148587e+09
1.150566e+09
5.417348e+08
1.158214e+09
5.37682e+08
3.340797e+08
1.162676e+09
5.393686e+08
3.306009e+08
2.442494e+08
1.163532e+09
5.407114e+08
3.312287e+08
2.421059e+08
2.072847e+08
1.161993e+09
5.415892e+08
3.323019e+08
2.427911e+08
2.072269e+08
0
1.159832e+09
5.421336e+08
3.332436e+08
2.436837e+08
2.076853e+08
0
0
1.158651e+09
5.427781e+08
3.341302e+08
2.446217e+08
2.08463e+08
0
0
0
1.159124e+09
5.437699e+08
3.349947e+08
2.454789e+08
2.093253e+08
0
0
0
0
1.161559e+09
5.450395e+08
3.358891e+08
2.462172e+08
2.100752e+08
0
0
0
0
0
1.166134e+09
5.467008e+08
3.368217e+08
2.469082e+08
2.107039e+08
0
0
0
0
0
0
1.172777e+09
5.487508e+08
3.377992e+08
2.475339e+08
2.112513e+08
0
0
0
0
0
0
0
1.181592e+09
5.511343e+08
3.387941e+08
2.481195e+08
2.116989e+08
0
0
0
0
0
0
0
0
1.192167e+09
5.538226e+08
3.397821e+08
2.485664e+08
2.120244e+08
0
0
0
0
0
0
0
0
0
1.204153e+09
5.565897e+08
3.406688e+08
2.48942e+08
2.122388e+08
0
0
0
0
0
0
0
0
0
0
1.215822e+09
5.592343e+08
3.414724e+08
2.491818e+08
2.123145e+08
0
0
0
0
0
0
0
0
0
0
1.225609e+09
5.615546e+08
3.42296e+08
2.495606e+08
2.125291e+08
0
0
0
0
0
0
0
0
0
0
1.232455e+09
5.632471e+08
3.429182e+08
2.498517e+08
2.127536e+08
0
0
0
0
0
0
0
0
0
0
1.237339e+09
5.645876e+08
3.434662e+08
2.501581e+08
2.129862e+08
0
0
0
0
0
0
0
0
0
0
1.240701e+09
5.65535e+08
3.438949e+08
2.504277e+08
2.132207e+08
0
0
0
0
0
0
0
0
0
0
1.151869e+09
5.426036e+08
1.161086e+09
5.383893e+08
3.352819e+08
1.167416e+09
5.404584e+08
3.309679e+08
2.457049e+08
1.170809e+09
5.423438e+08
3.317184e+08
2.423211e+08
2.090252e+08
1.17076e+09
5.433719e+08
3.327331e+08
2.427746e+08
2.068991e+08
0
1.168663e+09
5.439951e+08
3.336961e+08
2.437575e+08
2.075322e+08
0
0
1.165839e+09
5.443366e+08
3.344826e+08
2.446651e+08
2.08388e+08
0
0
0
1.16399e+09
5.448231e+08
3.352168e+08
2.454938e+08
2.092758e+08
0
0
0
0
1.164022e+09
5.455853e+08
3.360195e+08
2.462289e+08
2.100652e+08
0
0
0
0
0
1.166089e+09
5.467007e+08
3.368153e+08
2.469136e+08
2.107139e+08
0
0
0
0
0
0
1.170327e+09
5.482306e+08
3.376666e+08
2.475432e+08
2.112875e+08
0
0
0
0
0
0
0
1.176645e+09
5.501239e+08
3.385687e+08
2.481204e+08
2.117669e+08
0
0
0
0
0
0
0
0
1.1851e+09
5.524114e+08
3.394833e+08
2.486262e+08
2.121756e+08
0
0
0
0
0
0
0
0
0
1.195538e+09
5.549409e+08
3.404086e+08
2.490466e+08
2.124293e+08
0
0
0
0
0
0
0
0
0
0
1.207361e+09
5.576742e+08
3.41253e+08
2.493402e+08
2.125975e+08
0
0
0
0
0
0
0
0
0
0
0
1.218641e+09
5.602141e+08
3.420092e+08
2.495652e+08
2.126501e+08
0
0
0
0
0
0
0
0
0
0
1.228028e+09
5.624786e+08
3.427616e+08
2.498914e+08
2.128579e+08
0
0
0
0
0
0
0
0
0
0
1.23482e+09
5.640876e+08
3.433432e+08
2.501639e+08
2.13029e+08
0
0
0
0
0
0
0
0
0
0
1.239609e+09
5.65324e+08
3.438695e+08
2.504492e+08
2.132441e+08
0
0
0
0
0
0
0
0
0
0
1.2428e+09
5.662527e+08
3.442781e+08
2.506998e+08
2.134491e+08
0
0
0
0
0
0
0
0
0
0
1.162308e+09
5.386956e+08
3.358724e+08
1.170242e+09
5.411247e+08
3.312012e+08
2.466764e+08
1.175418e+09
5.433887e+08
3.320382e+08
2.424567e+08
2.103489e+08
1.178082e+09
5.449624e+08
3.331936e+08
2.429057e+08
2.069885e+08
0
1.177429e+09
5.457244e+08
3.340696e+08
2.43767e+08
2.073845e+08
0
0
1.174651e+09
5.461503e+08
3.349163e+08
2.446916e+08
2.0832e+08
0
0
0
1.171244e+09
5.463081e+08
3.355941e+08
2.454989e+08
2.092028e+08
0
0
0
0
1.169037e+09
5.465819e+08
3.362657e+08
2.462167e+08
2.100012e+08
0
0
0
0
0
1.16865e+09
5.472089e+08
3.369493e+08
2.469202e+08
2.106847e+08
0
0
0
0
0
0
1.170307e+09
5.482113e+08
3.376686e+08
2.475375e+08
2.11292e+08
0
0
0
0
0
0
0
1.174096e+09
5.49632e+08
3.384555e+08
2.481118e+08
2.118149e+08
0
0
0
0
0
0
0
0
1.180226e+09
5.514078e+08
3.392743e+08
2.48639e+08
2.122547e+08
0
0
0
0
0
0
0
0
0
1.188422e+09
5.535659e+08
3.401398e+08
2.490888e+08
2.125955e+08
0
0
0
0
0
0
0
0
0
0
1.198625e+09
5.560513e+08
3.409768e+08
2.494682e+08
2.128272e+08
0
0
0
0
0
0
0
0
0
0
0
1.209985e+09
5.587389e+08
3.418037e+08
2.497313e+08
2.129268e+08
0
0
0
0
0
0
0
0
0
0
0
0
1.221074e+09
5.611281e+08
3.425074e+08
2.499249e+08
2.129664e+08
0
0
0
0
0
0
0
0
0
0
1.230518e+09
5.632452e+08
3.43231e+08
2.502026e+08
2.131298e+08
0
0
0
0
0
0
0
0
0
0
1.23712e+09
5.648393e+08
3.437707e+08
2.504467e+08
2.132869e+08
0
0
0
0
0
0
0
0
0
0
1.241704e+09
5.660554e+08
3.442435e+08
2.507191e+08
2.134842e+08
0
0
0
0
0
0
0
0
0
0
1.244763e+09
5.669271e+08
3.446447e+08
2.509568e+08
2.136737e+08
0
0
0
0
0
0
0
0
0
0
1.171488e+09
5.413915e+08
3.312991e+08
2.471584e+08
1.178329e+09
5.440306e+08
3.322445e+08
2.425437e+08
2.112368e+08
1.182781e+09
5.459499e+08
3.334823e+08
2.429925e+08
2.070474e+08
0
1.184696e+09
5.473129e+08
3.344972e+08
2.438746e+08
2.073997e+08
0
0
1.183332e+09
5.478528e+08
3.35254e+08
2.446549e+08
2.081974e+08
0
0
0
1.180072e+09
5.480962e+08
3.359925e+08
2.455083e+08
2.090924e+08
0
0
0
0
1.17615e+09
5.480822e+08
3.365915e+08
2.462396e+08
2.098942e+08
0
0
0
0
0
1.173548e+09
5.482585e+08
3.371603e+08
2.469246e+08
2.10597e+08
0
0
0
0
0
0
1.17288e+09
5.487541e+08
3.377787e+08
2.475473e+08
2.112586e+08
0
0
0
0
0
0
0
1.174039e+09
5.496197e+08
3.384446e+08
2.481145e+08
2.118097e+08
0
0
0
0
0
0
0
0
1.177623e+09
5.508779e+08
3.391772e+08
2.486471e+08
2.122865e+08
0
0
0
0
0
0
0
0
0
1.183368e+09
5.526019e+08
3.399316e+08
2.49117e+08
2.126851e+08
0
0
0
0
0
0
0
0
0
0
1.19141e+09
5.546684e+08
3.407286e+08
2.495338e+08
2.129786e+08
0
0
0
0
0
0
0
0
0
0
0
1.201403e+09
5.570753e+08
3.415427e+08
2.498509e+08
2.131767e+08
0
0
0
0
0
0
0
0
0
0
0
0
1.21257e+09
5.595776e+08
3.423522e+08
2.501013e+08
2.132501e+08
0
0
0
0
0
0
0
0
0
0
0
0
0
1.223527e+09
5.618976e+08
3.429723e+08
2.502605e+08
2.132637e+08
0
0
0
0
0
0
0
0
0
0
1.232801e+09
5.640546e+08
3.436179e+08
2.505187e+08
2.133865e+08
0
0
0
0
0
0
0
0
0
0
1.239148e+09
5.655862e+08
3.441481e+08
2.507353e+08
2.135197e+08
0
0
0
0
0
0
0
0
0
0
1.24364e+09
5.667258e+08
3.446157e+08
2.50972e+08
2.137068e+08
0
0
0
0
0
0
0
0
0
0
1.246603e+09
5.675594e+08
3.449878e+08
2.512055e+08
2.138859e+08
0
0
0
0
0
0
0
0
0
0
1.179551e+09
5.443072e+08
3.323189e+08
2.425779e+08
2.11679e+08
1.185567e+09
5.466197e+08
3.33673e+08
2.430587e+08
2.070863e+08
0
1.189363e+09
5.48318e+08
3.347542e+08
2.439368e+08
2.074109e+08
0
0
1.190599e+09
5.494074e+08
3.356745e+08
2.447345e+08
2.081913e+08
0
0
0
1.188771e+09
5.497456e+08
3.363059e+08
2.454432e+08
2.08928e+08
0
0
0
0
1.184926e+09
5.498574e+08
3.369704e+08
2.462201e+08
2.097674e+08
0
0
0
0
0
1.180751e+09
5.496858e+08
3.374915e+08
2.469061e+08
2.105049e+08
0
0
0
0
0
0
1.177812e+09
5.497488e+08
3.380169e+08
2.475255e+08
2.111847e+08
0
0
0
0
0
0
0
1.176625e+09
5.501672e+08
3.385716e+08
2.481061e+08
2.11779e+08
0
0
0
0
0
0
0
0
1.177639e+09
5.508511e+08
3.391682e+08
2.486395e+08
2.122892e+08
0
0
0
0
0
0
0
0
0
1.180978e+09
5.520514e+08
3.398138e+08
2.491363e+08
2.127321e+08
0
0
0
0
0
0
0
0
0
0
1.186548e+09
5.536389e+08
3.405466e+08
2.495608e+08
2.130825e+08
0
0
0
0
0
0
0
0
0
0
0
1.194279e+09
5.556514e+08
3.412953e+08
2.499306e+08
2.133486e+08
0
0
0
0
0
0
0
0
0
0
0
0
1.204107e+09
5.57979e+08
3.420711e+08
2.502314e+08
2.134939e+08
0
0
0
0
0
0
0
0
0
0
0
0
0
1.215149e+09
5.604082e+08
3.427754e+08
2.504735e+08
2.135564e+08
0
0
0
0
0
0
0
0
0
0
0
0
0
0
1.225756e+09
5.626969e+08
3.433582e+08
2.50574e+08
2.135415e+08
0
0
0
0
0
0
0
0
0
0
1.234839e+09
5.647896e+08
3.440305e+08
2.507795e+08
2.136482e+08
0
0
0
0
0
0
0
0
0
0
1.241157e+09
5.662356e+08
3.445306e+08
2.509878e+08
2.137586e+08
0
0
0
0
0
0
0
0
0
0
1.245489e+09
5.673491e+08
3.449547e+08
2.512237e+08
2.139162e+08
0
0
0
0
0
0
0
0
0
0
1.248366e+09
5.681551e+08
3.453103e+08
2.514375e+08
2.140923e+08
0
0
0
0
0
0
0
0
0
0
1.186797e+09
5.468807e+08
3.337526e+08
2.43076e+08
2.070995e+08
0
1.192197e+09
5.489267e+08
3.349581e+08
2.439912e+08
2.074313e+08
0
0
1.195224e+09
5.503887e+08
3.359336e+08
2.44775e+08
2.081806e+08
0
0
0
1.196044e+09
5.512901e+08
3.367043e+08
2.455152e+08
2.088961e+08
0
0
0
0
1.193645e+09
5.515018e+08
3.37248e+08
2.461334e+08
2.095774e+08
0
0
0
0
0
1.189493e+09
5.514306e+08
3.378565e+08
2.468705e+08
2.10352e+08
0
0
0
0
0
0
1.184945e+09
5.51206e+08
3.383024e+08
2.475094e+08
2.110555e+08
0
0
0
0
0
0
0
1.181519e+09
5.51166e+08
3.387777e+08
2.48102e+08
2.116823e+08
0
0
0
0
0
0
0
0
1.180166e+09
5.513982e+08
3.39299e+08
2.486416e+08
2.122426e+08
0
0
0
0
0
0
0
0
0
1.180959e+09
5.520574e+08
3.397973e+08
2.491288e+08
2.127256e+08
0
0
0
0
0
0
0
0
0
0
1.183942e+09
5.531749e+08
3.404178e+08
2.495658e+08
2.131391e+08
0
0
0
0
0
0
0
0
0
0
0
1.189355e+09
5.547008e+08
3.410802e+08
2.499779e+08
2.134511e+08
0
0
0
0
0
0
0
0
0
0
0
0
1.196971e+09
5.566005e+08
3.417985e+08
2.503146e+08
2.136777e+08
0
0
0
0
0
0
0
0
0
0
0
0
0
1.206473e+09
5.588759e+08
3.425297e+08
2.505912e+08
2.138092e+08
0
0
0
0
0
0
0
0
0
0
0
0
0
0
1.217302e+09
5.612661e+08
3.431932e+08
2.507581e+08
2.138659e+08
0
0
0
0
0
0
0
0
0
0
0
0
0
0
0
1.227912e+09
5.634124e+08
3.437679e+08
2.508326e+08
2.138013e+08
0
0
0
0
0
0
0
0
0
0
1.236876e+09
5.654478e+08
3.444032e+08
2.510578e+08
2.138639e+08
0
0
0
0
0
0
0
0
0
0
1.242929e+09
5.668872e+08
3.448611e+08
2.512472e+08
2.139669e+08
0
0
0
0
0
0
0
0
0
0
1.247127e+09
5.679502e+08
3.452737e+08
2.514515e+08
2.141248e+08
0
0
0
0
0
0
0
0
0
0
1.249834e+09
5.687321e+08
3.456165e+08
2.516559e+08
2.142844e+08
0
0
0
0
0
0
0
0
0
0
1.1933e+09
5.491942e+08
3.350265e+08
2.440119e+08
2.074302e+08
0
0
1.198002e+09
5.510182e+08
3.360992e+08
2.448373e+08
2.081908e+08
0
0
0
1.200615e+09
5.522482e+08
3.369462e+08
2.45553e+08
2.088672e+08
0
0
0
0
1.201041e+09
5.530334e+08
3.376386e+08
2.461883e+08
2.095379e+08
0
0
0
0
0
1.198189e+09
5.530739e+08
3.381283e+08
2.467554e+08
2.101417e+08
0
0
0
0
0
0
1.19367e+09
5.52922e+08
3.386492e+08
2.474606e+08
2.108878e+08
0
0
0
0
0
0
0
1.188785e+09
5.525818e+08
3.390785e+08
2.480517e+08
2.115547e+08
0
0
0
0
0
0
0
0
1.185146e+09
5.523791e+08
3.395035e+08
2.486147e+08
2.121604e+08
0
0
0
0
0
0
0
0
0
1.183381e+09
5.525717e+08
3.399254e+08
2.491344e+08
2.126874e+08
0
0
0
0
0
0
0
0
0
0
1.184061e+09
5.531673e+08
3.404208e+08
2.495535e+08
2.131323e+08
0
0
0
0
0
0
0
0
0
0
0
1.186918e+09
5.541557e+08
3.40998e+08
2.499755e+08
2.134956e+08
0
0
0
0
0
0
0
0
0
0
0
0
1.191951e+09
5.556355e+08
3.416262e+08
2.503407e+08
2.137981e+08
0
0
0
0
0
0
0
0
0
0
0
0
0
1.199321e+09
5.575026e+08
3.422858e+08
2.506552e+08
2.139971e+08
0
0
0
0
0
0
0
0
0
0
0
0
0
0
1.208819e+09
5.596464e+08
3.429929e+08
2.508996e+08
2.141089e+08
0
0
0
0
0
0
0
0
0
0
0
0
0
0
0
1.219549e+09
5.619658e+08
3.436383e+08
2.510374e+08
2.141014e+08
0
0
0
0
0
0
0
0
0
0
0
0
0
0
0
0
1.230058e+09
5.641189e+08
3.441294e+08
2.511108e+08
2.140148e+08
0
0
0
0
0
0
0
0
0
0
1.238735e+09
5.661128e+08
3.44741e+08
2.513087e+08
2.140942e+08
0
0
0
0
0
0
0
0
0
0
1.244718e+09
5.674589e+08
3.451948e+08
2.514711e+08
2.141821e+08
0
0
0
0
0
0
0
0
0
0
1.24876e+09
5.68478e+08
3.455832e+08
2.516685e+08
2.14313e+08
0
0
0
0
0
0
0
0
0
0
1.251432e+09
5.691891e+08
3.459161e+08
2.518648e+08
2.144654e+08
0
0
0
0
0
0
0
0
0
0
1.199198e+09
5.51229e+08
3.361733e+08
2.448489e+08
2.081924e+08
0
0
0
1.203305e+09
5.528502e+08
3.371263e+08
2.455865e+08
2.088836e+08
0
0
0
0
1.205463e+09
5.539637e+08
3.378667e+08
2.462121e+08
2.095051e+08
0
0
0
0
0
1.205322e+09
5.546406e+08
3.385061e+08
2.46804e+08
2.10087e+08
0
0
0
0
0
0
1.20237e+09
5.545404e+08
3.389192e+08
2.473402e+08
2.106521e+08
0
0
0
0
0
0
0
1.19749e+09
5.5428e+08
3.394046e+08
2.479901e+08
2.113744e+08
0
0
0
0
0
0
0
0
1.192287e+09
5.538466e+08
3.397771e+08
2.485744e+08
2.120029e+08
0
0
0
0
0
0
0
0
0
1.188291e+09
5.535841e+08
3.401204e+08
2.491043e+08
2.125858e+08
0
0
0
0
0
0
0
0
0
0
1.186486e+09
5.53645e+08
3.405265e+08
2.49556e+08
2.130973e+08
0
0
0
0
0
0
0
0
0
0
0
1.186846e+09
5.542047e+08
3.40994e+08
2.499774e+08
2.134849e+08
0
0
0
0
0
0
0
0
0
0
0
0
1.189482e+09
5.551615e+08
3.415023e+08
2.503697e+08
2.138365e+08
0
0
0
0
0
0
0
0
0
0
0
0
0
1.194382e+09
5.564921e+08
3.421103e+08
2.507103e+08
2.141002e+08
0
0
0
0
0
0
0
0
0
0
0
0
0
0
1.201731e+09
5.582655e+08
3.427558e+08
2.509855e+08
2.1428e+08
0
0
0
0
0
0
0
0
0
0
0
0
0
0
0
1.210995e+09
5.60426e+08
3.433869e+08
2.512151e+08
2.143643e+08
0
0
0
0
0
0
0
0
0
0
0
0
0
0
0
0
1.221632e+09
5.627092e+08
3.43999e+08
2.513418e+08
2.143319e+08
0
0
0
0
0
0
0
0
0
0
0
0
0
0
0
0
0
1.231797e+09
5.648306e+08
3.444936e+08
2.513534e+08
2.142458e+08
0
0
0
0
0
0
0
0
0
0
1.240394e+09
5.667173e+08
3.450836e+08
2.51539e+08
2.143019e+08
0
0
0
0
0
0
0
0
0
0
1.246404e+09
5.680425e+08
3.454892e+08
2.516977e+08
2.143677e+08
0
0
0
0
0
0
0
0
0
0
1.250363e+09
5.690024e+08
3.458558e+08
2.518798e+08
2.14493e+08
0
0
0
0
0
0
0
0
0
0
1.252779e+09
5.697234e+08
3.461455e+08
2.520707e+08
2.14639e+08
0
0
0
0
0
0
0
0
0
0
1.204509e+09
5.530954e+08
3.371668e+08
2.456032e+08
2.088769e+08
0
0
0
0
1.208161e+09
5.5453e+08
3.380295e+08
2.462575e+08
2.094963e+08
0
0
0
0
0
1.209801e+09
5.555039e+08
3.387171e+08
2.468182e+08
2.100417e+08
0
0
0
0
0
0
1.209319e+09
5.559974e+08
3.393104e+08
2.473769e+08
2.105916e+08
0
0
0
0
0
0
0
1.205993e+09
5.55885e+08
3.396551e+08
2.478679e+08
2.111334e+08
0
0
0
0
0
0
0
0
1.200989e+09
5.5552e+08
3.400901e+08
2.484961e+08
2.118116e+08
0
0
0
0
0
0
0
0
0
1.195498e+09
5.549896e+08
3.404237e+08
2.490432e+08
2.124363e+08
0
0
0
0
0
0
0
0
0
0
1.191468e+09
5.546148e+08
3.407386e+08
2.495196e+08
2.129922e+08
0
0
0
0
0
0
0
0
0
0
0
1.189361e+09
5.546782e+08
3.410841e+08
2.499621e+08
2.134469e+08
0
0
0
0
0
0
0
0
0
0
0
0
1.189572e+09
5.551286e+08
3.415298e+08
2.503672e+08
2.13838e+08
0
0
0
0
0
0
0
0
0
0
0
0
0
1.191937e+09
5.5601e+08
3.420264e+08
2.507122e+08
2.141648e+08
0
0
0
0
0
0
0
0
0
0
0
0
0
0
1.196721e+09
5.573041e+08
3.425501e+08
2.510408e+08
2.144074e+08
0
0
0
0
0
0
0
0
0
0
0
0
0
0
0
1.203879e+09
5.590833e+08
3.431435e+08
2.513077e+08
2.145547e+08
0
0
0
0
0
0
0
0
0
0
0
0
0
0
0
0
1.212968e+09
5.611477e+08
3.437913e+08
2.514824e+08
2.146269e+08
0
0
0
0
0
0
0
0
0
0
0
0
0
0
0
0
0
1.223382e+09
5.633988e+08
3.443823e+08
2.515886e+08
2.145857e+08
0
0
0
0
0
0
0
0
0
0
0
0
0
0
0
0
0
0
1.233616e+09
5.653904e+08
3.44863e+08
2.516018e+08
2.144462e+08
0
0
0
0
0
0
0
0
0
0
1.242129e+09
5.672472e+08
3.45394e+08
2.517727e+08
2.144933e+08
0
0
0
0
0
0
0
0
0
0
1.247851e+09
5.685928e+08
3.457901e+08
2.518991e+08
2.145557e+08
0
0
0
0
0
0
0
0
0
0
1.251761e+09
5.695309e+08
3.461238e+08
2.520668e+08
2.146688e+08
0
0
0
0
0
0
0
0
0
0
1.254234e+09
5.701624e+08
3.464286e+08
2.522253e+08
2.148106e+08
0
0
0
0
0
0
0
0
0
0
1.209356e+09
5.547755e+08
3.380875e+08
2.4625e+08
2.094945e+08
0
0
0
0
0
1.212518e+09
5.56071e+08
3.388609e+08
2.468504e+08
2.100435e+08
0
0
0
0
0
0
1.213877e+09
5.568766e+08
3.394817e+08
2.473783e+08
2.10538e+08
0
0
0
0
0
0
0
1.21315e+09
5.572582e+08
3.39986e+08
2.479106e+08
2.110618e+08
0
0
0
0
0
0
0
0
1.209518e+09
5.570366e+08
3.403272e+08
2.483575e+08
2.115686e+08
0
0
0
0
0
0
0
0
0
1.20418e+09
5.566564e+08
3.407153e+08
2.489543e+08
2.1223e+08
0
0
0
0
0
0
0
0
0
0
1.198587e+09
5.560366e+08
3.41003e+08
2.494798e+08
2.128245e+08
0
0
0
0
0
0
0
0
0
0
0
1.194247e+09
5.556777e+08
3.41266e+08
2.499375e+08
2.133365e+08
0
0
0
0
0
0
0
0
0
0
0
0
1.191966e+09
5.556381e+08
3.416153e+08
2.503439e+08
2.137841e+08
0
0
0
0
0
0
0
0
0
0
0
0
0
1.192007e+09
5.560438e+08
3.420065e+08
2.507315e+08
2.141627e+08
0
0
0
0
0
0
0
0
0
0
0
0
0
0
1.194284e+09
5.568276e+08
3.424643e+08
2.510707e+08
2.144498e+08
0
0
0
0
0
0
0
0
0
0
0
0
0
0
0
1.198951e+09
5.580833e+08
3.429731e+08
2.513394e+08
2.14683e+08
0
0
0
0
0
0
0
0
0
0
0
0
0
0
0
0
1.205948e+09
5.597956e+08
3.435749e+08
2.515694e+08
2.148238e+08
0
0
0
0
0
0
0
0
0
0
0
0
0
0
0
0
0
1.214804e+09
5.61798e+08
3.441651e+08
2.51759e+08
2.148491e+08
0
0
0
0
0
0
0
0
0
0
0
0
0
0
0
0
0
0
1.225182e+09
5.639617e+08
3.447392e+08
2.518491e+08
2.147913e+08
0
0
0
0
0
0
0
0
0
0
0
0
0
0
0
0
0
0
0
1.235307e+09
5.659892e+08
3.451504e+08
2.518546e+08
2.146528e+08
0
0
0
0
0
0
0
0
0
0
1.243676e+09
5.678154e+08
3.456647e+08
2.51984e+08
2.146877e+08
0
0
0
0
0
0
0
0
0
0
1.249298e+09
5.690565e+08
3.460746e+08
2.521046e+08
2.147232e+08
0
0
0
0
0
0
0
0
0
0
1.253105e+09
5.69989e+08
3.463993e+08
2.522491e+08
2.148244e+08
0
0
0
0
0
0
0
0
0
0
1.255574e+09
5.70647e+08
3.46659e+08
2.524227e+08
2.149381e+08
0
0
0
0
0
0
0
0
0
0
1.213592e+09
5.563137e+08
3.389177e+08
2.46854e+08
2.10021e+08
0
0
0
0
0
0
1.216512e+09
5.574406e+08
3.396247e+08
2.473979e+08
2.105285e+08
0
0
0
0
0
0
0
1.217611e+09
5.581736e+08
3.401629e+08
2.478833e+08
2.109971e+08
0
0
0
0
0
0
0
0
1.216554e+09
5.584887e+08
3.406078e+08
2.483588e+08
2.115008e+08
0
0
0
0
0
0
0
0
0
1.212806e+09
5.581717e+08
3.40902e+08
2.48803e+08
2.11972e+08
0
0
0
0
0
0
0
0
0
0
1.207149e+09
5.576855e+08
3.41291e+08
2.493716e+08
2.126085e+08
0
0
0
0
0
0
0
0
0
0
0
1.201376e+09
5.570577e+08
3.415353e+08
2.498684e+08
2.131869e+08
0
0
0
0
0
0
0
0
0
0
0
0
1.196949e+09
5.565918e+08
3.418149e+08
2.502948e+08
2.136837e+08
0
0
0
0
0
0
0
0
0
0
0
0
0
1.194521e+09
5.56497e+08
3.421119e+08
2.507038e+08
2.14103e+08
0
0
0
0
0
0
0
0
0
0
0
0
0
0
1.194295e+09
5.568559e+08
3.424809e+08
2.510561e+08
2.144661e+08
0
0
0
0
0
0
0
0
0
0
0
0
0
0
0
1.1965e+09
5.576186e+08
3.428873e+08
2.513692e+08
2.14749e+08
0
0
0
0
0
0
0
0
0
0
0
0
0
0
0
0
1.200982e+09
5.58839e+08
3.433761e+08
2.516297e+08
2.149315e+08
0
0
0
0
0
0
0
0
0
0
0
0
0
0
0
0
0
1.207761e+09
5.604915e+08
3.43943e+08
2.518679e+08
2.150407e+08
0
0
0
0
0
0
0
0
0
0
0
0
0
0
0
0
0
0
1.216667e+09
5.624025e+08
3.445021e+08
2.520145e+08
2.150798e+08
0
0
0
0
0
0
0
0
0
0
0
0
0
0
0
0
0
0
0
1.226975e+09
5.645645e+08
3.450271e+08
2.52093e+08
2.15008e+08
0
0
0
0
0
0
0
0
0
0
0
0
0
0
0
0
0
0
0
0
1.236781e+09
5.665434e+08
3.45461e+08
2.52051e+08
2.148636e+08
0
0
0
0
0
0
0
0
0
0
1.245147e+09
5.683252e+08
3.459577e+08
2.521684e+08
2.148631e+08
0
0
0
0
0
0
0
0
0
0
1.250671e+09
5.695354e+08
3.463131e+08
2.522993e+08
2.148941e+08
0
0
0
0
0
0
0
0
0
0
1.25451e+09
5.704346e+08
3.466399e+08
2.524389e+08
2.149756e+08
0
0
0
0
0
0
0
0
0
0
1.256823e+09
5.710941e+08
3.469139e+08
2.52583e+08
2.151038e+08
0
0
0
0
0
0
0
0
0
0
1.217645e+09
5.576317e+08
3.396813e+08
2.473999e+08
2.105148e+08
0
0
0
0
0
0
0
1.22025e+09
5.587024e+08
3.40299e+08
2.479014e+08
2.10977e+08
0
0
0
0
0
0
0
0
1.22103e+09
5.593562e+08
3.408089e+08
2.483335e+08
2.114116e+08
0
0
0
0
0
0
0
0
0
1.219907e+09
5.595682e+08
3.41225e+08
2.487674e+08
2.118693e+08
0
0
0
0
0
0
0
0
0
0
1.215672e+09
5.592387e+08
3.414718e+08
2.491851e+08
2.123385e+08
0
0
0
0
0
0
0
0
0
0
1.210122e+09
5.586481e+08
3.418103e+08
2.49758e+08
2.129529e+08
0
0
0
0
0
0
0
0
0
0
0
0
1.204044e+09
5.579724e+08
3.420602e+08
2.50227e+08
2.135084e+08
0
0
0
0
0
0
0
0
0
0
0
0
0
1.19941e+09
5.574902e+08
3.422831e+08
2.506678e+08
2.139806e+08
0
0
0
0
0
0
0
0
0
0
0
0
0
0
1.196802e+09
5.573581e+08
3.42552e+08
2.510421e+08
2.144023e+08
0
0
0
0
0
0
0
0
0
0
0
0
0
0
0
1.19656e+09
5.576196e+08
3.429032e+08
2.513795e+08
2.147366e+08
0
0
0
0
0
0
0
0
0
0
0
0
0
0
0
0
1.198523e+09
5.583637e+08
3.433015e+08
2.516579e+08
2.149978e+08
0
0
0
0
0
0
0
0
0
0
0
0
0
0
0
0
0
1.202984e+09
5.595185e+08
3.437735e+08
2.519045e+08
2.151739e+08
0
0
0
0
0
0
0
0
0
0
0
0
0
0
0
0
0
0
1.209586e+09
5.610898e+08
3.443078e+08
2.52119e+08
2.152911e+08
0
0
0
0
0
0
0
0
0
0
0
0
0
0
0
0
0
0
0
1.218373e+09
5.630345e+08
3.448149e+08
2.522455e+08
2.152928e+08
0
0
0
0
0
0
0
0
0
0
0
0
0
0
0
0
0
0
0
0
1.228484e+09
5.651656e+08
3.453455e+08
2.522894e+08
2.152113e+08
0
0
0
0
0
0
0
0
0
0
0
0
0
0
0
0
0
0
0
0
1.238363e+09
5.670212e+08
3.457476e+08
2.522639e+08
2.15027e+08
0
0
0
0
0
0
0
0
0
0
1.24648e+09
5.688133e+08
3.462246e+08
2.523683e+08
2.150163e+08
0
0
0
0
0
0
0
0
0
0
1.251969e+09
5.699956e+08
3.46566e+08
2.52463e+08
2.150561e+08
0
0
0
0
0
0
0
0
0
0
1.255766e+09
5.709105e+08
3.46876e+08
2.526062e+08
2.15134e+08
0
0
0
0
0
0
0
0
0
0
1.257864e+09
5.715133e+08
3.471509e+08
2.527596e+08
2.152378e+08
0
0
0
0
0
0
0
0
0
0
1.221275e+09
5.589192e+08
3.403252e+08
2.479042e+08
2.109618e+08
0
0
0
0
0
0
0
0
1.223609e+09
5.598941e+08
3.40925e+08
2.483441e+08
2.113898e+08
0
0
0
0
0
0
0
0
0
1.224234e+09
5.604449e+08
3.413954e+08
2.487613e+08
2.11781e+08
0
0
0
0
0
0
0
0
0
0
1.222777e+09
5.606573e+08
3.417622e+08
2.491781e+08
2.122039e+08
0
0
0
0
0
0
0
0
0
0
1.218622e+09
5.60151e+08
3.420136e+08
2.495645e+08
2.12653e+08
0
0
0
0
0
0
0
0
0
0
1.212682e+09
5.596355e+08
3.42299e+08
2.501062e+08
2.132727e+08
0
0
0
0
0
0
0
0
0
0
0
0
0
1.206522e+09
5.588503e+08
3.425286e+08
2.50583e+08
2.138057e+08
0
0
0
0
0
0
0
0
0
0
0
0
0
0
1.201751e+09
5.583081e+08
3.427468e+08
2.509849e+08
2.142911e+08
0
0
0
0
0
0
0
0
0
0
0
0
0
0
0
1.199022e+09
5.581224e+08
3.430019e+08
2.513403e+08
2.146842e+08
0
0
0
0
0
0
0
0
0
0
0
0
0
0
0
0
1.198535e+09
5.583883e+08
3.432997e+08
2.516691e+08
2.150061e+08
0
0
0
0
0
0
0
0
0
0
0
0
0
0
0
0
0
1.200461e+09
5.590467e+08
3.436893e+08
2.519429e+08
2.152385e+08
0
0
0
0
0
0
0
0
0
0
0
0
0
0
0
0
0
0
1.204657e+09
5.602019e+08
3.441278e+08
2.521787e+08
2.15403e+08
0
0
0
0
0
0
0
0
0
0
0
0
0
0
0
0
0
0
0
1.211265e+09
5.617049e+08
3.44618e+08
2.523705e+08
2.155003e+08
0
0
0
0
0
0
0
0
0
0
0
0
0
0
0
0
0
0
0
0
1.220054e+09
5.636029e+08
3.451505e+08
2.524596e+08
2.154856e+08
0
0
0
0
0
0
0
0
0
0
0
0
0
0
0
0
0
0
0
0
1.229958e+09
5.656628e+08
3.456607e+08
2.525107e+08
2.153746e+08
0
0
0
0
0
0
0
0
0
0
0
0
0
0
0
0
0
0
0
0
1.239626e+09
5.675584e+08
3.459947e+08
2.5246e+08
2.152044e+08
0
0
0
0
0
0
0
0
0
0
1.247898e+09
5.692559e+08
3.464819e+08
2.525531e+08
2.151824e+08
0
0
0
0
0
0
0
0
0
0
1.25331e+09
5.704236e+08
3.468118e+08
2.526394e+08
2.151923e+08
0
0
0
0
0
0
0
0
0
0
1.256891e+09
5.713294e+08
3.471303e+08
2.527714e+08
2.15274e+08
0
0
0
0
0
0
0
0
0
0
1.258944e+09
5.718515e+08
3.473752e+08
2.529253e+08
2.153856e+08
0
0
0
0
0
0
0
0
0
0
1.224665e+09
5.600638e+08
3.409664e+08
2.483247e+08
2.113755e+08
0
0
0
0
0
0
0
0
0
1.226813e+09
5.609513e+08
3.415216e+08
2.48758e+08
2.11752e+08
0
0
0
0
0
0
0
0
0
0
1.227224e+09
5.614662e+08
3.419403e+08
2.491485e+08
2.121324e+08
0
0
0
0
0
0
0
0
0
0
1.225548e+09
5.615728e+08
3.423158e+08
2.495343e+08
2.125421e+08
0
0
0
0
0
0
0
0
0
0
1.221142e+09
5.61117e+08
3.424713e+08
2.499291e+08
2.129657e+08
0
0
0
0
0
0
0
0
0
0
1.2151e+09
5.604624e+08
3.428092e+08
2.504352e+08
2.135606e+08
0
0
0
0
0
0
0
0
0
0
0
0
0
0
1.208841e+09
5.596749e+08
3.429784e+08
2.509004e+08
2.141017e+08
0
0
0
0
0
0
0
0
0
0
0
0
0
0
0
1.203858e+09
5.590847e+08
3.431713e+08
2.513004e+08
2.145545e+08
0
0
0
0
0
0
0
0
0
0
0
0
0
0
0
0
1.201026e+09
5.588671e+08
3.434013e+08
2.516491e+08
2.149321e+08
0
0
0
0
0
0
0
0
0
0
0
0
0
0
0
0
0
1.200483e+09
5.590492e+08
3.437031e+08
2.519404e+08
2.15248e+08
0
0
0
0
0
0
0
0
0
0
0
0
0
0
0
0
0
0
1.202227e+09
5.597056e+08
3.440487e+08
2.522085e+08
2.154769e+08
0
0
0
0
0
0
0
0
0
0
0
0
0
0
0
0
0
0
0
1.206431e+09
5.607543e+08
3.444894e+08
2.524222e+08
2.156326e+08
0
0
0
0
0
0
0
0
0
0
0
0
0
0
0
0
0
0
0
0
1.212988e+09
5.62268e+08
3.449421e+08
2.525834e+08
2.157108e+08
0
0
0
0
0
0
0
0
0
0
0
0
0
0
0
0
0
0
0
0
1.22146e+09
5.641755e+08
3.454483e+08
2.526937e+08
2.15664e+08
0
0
0
0
0
0
0
0
0
0
0
0
0
0
0
0
0
0
0
0
1.231442e+09
5.661581e+08
3.459205e+08
2.527281e+08
2.155602e+08
0
0
0
0
0
0
0
0
0
0
0
0
0
0
0
0
0
0
0
0
1.240994e+09
5.67978e+08
3.462812e+08
2.526299e+08
2.153676e+08
0
0
0
0
0
0
0
0
0
0
1.249053e+09
5.697339e+08
3.467172e+08
2.52732e+08
2.153369e+08
0
0
0
0
0
0
0
0
0
0
1.254398e+09
5.708779e+08
3.470369e+08
2.528121e+08
2.153402e+08
0
0
0
0
0
0
0
0
0
0
1.257853e+09
5.71704e+08
3.473531e+08
2.529496e+08
2.154126e+08
0
0
0
0
0
0
0
0
0
0
1.259993e+09
5.722147e+08
3.475538e+08
2.53083e+08
2.155245e+08
0
0
0
0
0
0
0
0
0
0
1.227965e+09
5.611366e+08
3.415346e+08
2.487495e+08
2.117187e+08
0
0
0
0
0
0
0
0
0
0
1.229776e+09
5.619759e+08
3.42045e+08
2.491549e+08
2.120917e+08
0
0
0
0
0
0
0
0
0
0
1.229964e+09
5.624261e+08
3.424521e+08
2.495114e+08
2.124501e+08
0
0
0
0
0
0
0
0
0
0
1.228198e+09
5.624592e+08
3.427773e+08
2.49907e+08
2.128349e+08
0
0
0
0
0
0
0
0
0
0
1.223568e+09
5.61926e+08
3.429644e+08
2.502352e+08
2.132677e+08
0
0
0
0
0
0
0
0
0
0
1.217414e+09
5.612486e+08
3.432284e+08
2.507825e+08
2.138331e+08
0
0
0
0
0
0
0
0
0
0
0
0
0
0
0
1.211009e+09
5.604395e+08
3.434076e+08
2.512049e+08
2.143655e+08
0
0
0
0
0
0
0
0
0
0
0
0
0
0
0
0
1.205948e+09
5.597899e+08
3.435713e+08
2.51591e+08
2.148172e+08
0
0
0
0
0
0
0
0
0
0
0
0
0
0
0
0
0
1.202897e+09
5.595392e+08
3.437886e+08
2.519238e+08
2.151902e+08
0
0
0
0
0
0
0
0
0
0
0
0
0
0
0
0
0
0
1.202189e+09
5.59715e+08
3.440489e+08
2.522181e+08
2.154744e+08
0
0
0
0
0
0
0
0
0
0
0
0
0
0
0
0
0
0
0
1.203907e+09
5.602979e+08
3.443975e+08
2.524571e+08
2.156987e+08
0
0
0
0
0
0
0
0
0
0
0
0
0
0
0
0
0
0
0
0
1.208113e+09
5.61361e+08
3.447768e+08
2.526729e+08
2.158362e+08
0
0
0
0
0
0
0
0
0
0
0
0
0
0
0
0
0
0
0
0
1.214508e+09
5.628587e+08
3.452388e+08
2.528077e+08
2.158884e+08
0
0
0
0
0
0
0
0
0
0
0
0
0
0
0
0
0
0
0
0
1.222931e+09
5.646431e+08
3.457523e+08
2.528993e+08
2.158607e+08
0
0
0
0
0
0
0
0
0
0
0
0
0
0
0
0
0
0
0
0
1.232822e+09
5.666617e+08
3.461838e+08
2.529078e+08
2.157419e+08
0
0
0
0
0
0
0
0
0
0
0
0
0
0
0
0
0
0
0
0
1.242311e+09
5.684302e+08
3.465064e+08
2.528302e+08
2.155092e+08
0
0
0
0
0
0
0
0
0
0
1.250235e+09
5.701129e+08
3.469708e+08
2.528971e+08
2.154867e+08
0
0
0
0
0
0
0
0
0
0
1.255504e+09
5.712382e+08
3.472796e+08
2.529685e+08
2.154853e+08
0
0
0
0
0
0
0
0
0
0
1.258941e+09
5.720173e+08
3.475531e+08
2.531056e+08
2.155622e+08
0
0
0
0
0
0
0
0
0
0
1.260904e+09
5.725723e+08
3.477494e+08
2.532084e+08
2.15657e+08
0
0
0
0
0
0
0
0
0
0
1.230764e+09
5.621991e+08
3.420688e+08
2.491256e+08
2.120678e+08
0
0
0
0
0
0
0
0
0
0
1.232481e+09
5.629189e+08
3.425611e+08
2.495007e+08
2.124186e+08
0
0
0
0
0
0
0
0
0
0
1.23254e+09
5.632973e+08
3.429372e+08
2.498526e+08
2.12749e+08
0
0
0
0
0
0
0
0
0
0
1.230617e+09
5.633142e+08
3.43223e+08
2.502167e+08
2.131436e+08
0
0
0
0
0
0
0
0
0
0
1.225825e+09
5.627105e+08
3.433746e+08
2.505677e+08
2.135202e+08
0
0
0
0
0
0
0
0
0
0
1.219586e+09
5.620068e+08
3.436293e+08
2.510647e+08
2.141223e+08
0
0
0
0
0
0
0
0
0
0
0
0
0
0
0
0
1.213064e+09
5.611518e+08
3.438009e+08
2.514994e+08
2.146183e+08
0
0
0
0
0
0
0
0
0
0
0
0
0
0
0
0
0
1.207833e+09
5.604894e+08
3.439415e+08
2.518627e+08
2.150599e+08
0
0
0
0
0
0
0
0
0
0
0
0
0
0
0
0
0
0
1.204743e+09
5.60166e+08
3.441408e+08
2.52189e+08
2.154198e+08
0
0
0
0
0
0
0
0
0
0
0
0
0
0
0
0
0
0
0
1.203983e+09
5.602836e+08
3.444029e+08
2.524566e+08
2.157068e+08
0
0
0
0
0
0
0
0
0
0
0
0
0
0
0
0
0
0
0
0
1.205488e+09
5.608613e+08
3.44708e+08
2.526995e+08
2.15907e+08
0
0
0
0
0
0
0
0
0
0
0
0
0
0
0
0
0
0
0
0
1.209597e+09
5.619413e+08
3.451e+08
2.528708e+08
2.160464e+08
0
0
0
0
0
0
0
0
0
0
0
0
0
0
0
0
0
0
0
0
1.215798e+09
5.633798e+08
3.455527e+08
2.530137e+08
2.160764e+08
0
0
0
0
0
0
0
0
0
0
0
0
0
0
0
0
0
0
0
0
1.224249e+09
5.651477e+08
3.459991e+08
2.531108e+08
2.160326e+08
0
0
0
0
0
0
0
0
0
0
0
0
0
0
0
0
0
0
0
0
1.234016e+09
5.671324e+08
3.464518e+08
2.530919e+08
2.158922e+08
0
0
0
0
0
0
0
0
0
0
0
0
0
0
0
0
0
0
0
0
1.243462e+09
5.688839e+08
3.467425e+08
2.529898e+08
2.156774e+08
0
0
0
0
0
0
0
0
0
0
1.251322e+09
5.705141e+08
3.47171e+08
2.530739e+08
2.156254e+08
0
0
0
0
0
0
0
0
0
0
1.256571e+09
5.716108e+08
3.474722e+08
2.531385e+08
2.156163e+08
0
0
0
0
0
0
0
0
0
0
1.259981e+09
5.723901e+08
3.477199e+08
2.532466e+08
2.156932e+08
0
0
0
0
0
0
0
0
0
0
1.261832e+09
5.728758e+08
3.47945e+08
2.533471e+08
2.157621e+08
0
0
0
0
0
0
0
0
0
0
1.233517e+09
5.630746e+08
3.426057e+08
2.4948e+08
2.123766e+08
0
0
0
0
0
0
0
0
0
0
1.235043e+09
5.6378e+08
3.430334e+08
2.498463e+08
2.127023e+08
0
0
0
0
0
0
0
0
0
0
1.234973e+09
5.641233e+08
3.433733e+08
2.501783e+08
2.130302e+08
0
0
0
0
0
0
0
0
0
0
1.232743e+09
5.640916e+08
3.43656e+08
2.505146e+08
2.133995e+08
0
0
0
0
0
0
0
0
0
0
1.227933e+09
5.634414e+08
3.437734e+08
2.508443e+08
2.137957e+08
0
0
0
0
0
0
0
0
0
0
1.221616e+09
5.627214e+08
3.44019e+08
2.513356e+08
2.143559e+08
0
0
0
0
0
0
0
0
0
0
0
0
0
0
0
0
0
1.214927e+09
5.618401e+08
3.441665e+08
2.517667e+08
2.148644e+08
0
0
0
0
0
0
0
0
0
0
0
0
0
0
0
0
0
0
1.209611e+09
5.611203e+08
3.443053e+08
2.52119e+08
2.152858e+08
0
0
0
0
0
0
0
0
0
0
0
0
0
0
0
0
0
0
0
1.206465e+09
5.60793e+08
3.444694e+08
2.524321e+08
2.156412e+08
0
0
0
0
0
0
0
0
0
0
0
0
0
0
0
0
0
0
0
0
1.205574e+09
5.608946e+08
3.44701e+08
2.527032e+08
2.159064e+08
0
0
0
0
0
0
0
0
0
0
0
0
0
0
0
0
0
0
0
0
1.207124e+09
5.614043e+08
3.450043e+08
2.529138e+08
2.161106e+08
0
0
0
0
0
0
0
0
0
0
0
0
0
0
0
0
0
0
0
0
1.210916e+09
5.624437e+08
3.454107e+08
2.530963e+08
2.162117e+08
0
0
0
0
0
0
0
0
0
0
0
0
0
0
0
0
0
0
0
0
1.217276e+09
5.638123e+08
3.458323e+08
2.53232e+08
2.162491e+08
0
0
0
0
0
0
0
0
0
0
0
0
0
0
0
0
0
0
0
0
1.225599e+09
5.655917e+08
3.462698e+08
2.532829e+08
2.162101e+08
0
0
0
0
0
0
0
0
0
0
0
0
0
0
0
0
0
0
0
0
1.235233e+09
5.675273e+08
3.467049e+08
2.53279e+08
2.160468e+08
0
0
0
0
0
0
0
0
0
0
0
0
0
0
0
0
0
0
0
0
1.244608e+09
5.692716e+08
3.46989e+08
2.531529e+08
2.158121e+08
0
0
0
0
0
0
0
0
0
0
1.25248e+09
5.708791e+08
3.473881e+08
2.532141e+08
2.157736e+08
0
0
0
0
0
0
0
0
0
0
1.25758e+09
5.719763e+08
3.47673e+08
2.532746e+08
2.157589e+08
0
0
0
0
0
0
0
0
0
0
1.260824e+09
5.727457e+08
3.479235e+08
2.533645e+08
2.158117e+08
0
0
0
0
0
0
0
0
0
0
1.262806e+09
5.731964e+08
3.481089e+08
2.534872e+08
2.158789e+08
0
0
0
0
0
0
0
0
0
0
1.236294e+09
5.639536e+08
3.430394e+08
2.4984e+08
2.126679e+08
0
0
0
0
0
0
0
0
0
0
1.237394e+09
5.645986e+08
3.434665e+08
2.501612e+08
2.129877e+08
0
0
0
0
0
0
0
0
0
0
1.237121e+09
5.649043e+08
3.43791e+08
2.504689e+08
2.132994e+08
0
0
0
0
0
0
0
0
0
0
1.234997e+09
5.647684e+08
3.440499e+08
2.508056e+08
2.136451e+08
0
0
0
0
0
0
0
0
0
0
1.229932e+09
5.641268e+08
3.441465e+08
2.511132e+08
2.140247e+08
0
0
0
0
0
0
0
0
0
0
1.22346e+09
5.633949e+08
3.443875e+08
2.516007e+08
2.145806e+08
0
0
0
0
0
0
0
0
0
0
0
0
0
0
0
0
0
0
1.216647e+09
5.624541e+08
3.445269e+08
2.52015e+08
2.150867e+08
0
0
0
0
0
0
0
0
0
0
0
0
0
0
0
0
0
0
0
1.211337e+09
5.617183e+08
3.446357e+08
2.523681e+08
2.155006e+08
0
0
0
0
0
0
0
0
0
0
0
0
0
0
0
0
0
0
0
0
1.208042e+09
5.613724e+08
3.448006e+08
2.52659e+08
2.158448e+08
0
0
0
0
0
0
0
0
0
0
0
0
0
0
0
0
0
0
0
0
1.207042e+09
5.614368e+08
3.450235e+08
2.529095e+08
2.161137e+08
0
0
0
0
0
0
0
0
0
0
0
0
0
0
0
0
0
0
0
0
1.208445e+09
5.619745e+08
3.45296e+08
2.531192e+08
2.162898e+08
0
0
0
0
0
0
0
0
0
0
0
0
0
0
0
0
0
0
0
0
1.212398e+09
5.628923e+08
3.456774e+08
2.533136e+08
2.164012e+08
0
0
0
0
0
0
0
0
0
0
0
0
0
0
0
0
0
0
0
0
1.218505e+09
5.64325e+08
3.460632e+08
2.534286e+08
2.164323e+08
0
0
0
0
0
0
0
0
0
0
0
0
0
0
0
0
0
0
0
0
1.226846e+09
5.660608e+08
3.465066e+08
2.53473e+08
2.163546e+08
0
0
0
0
0
0
0
0
0
0
0
0
0
0
0
0
0
0
0
0
1.236378e+09
5.679473e+08
3.469129e+08
2.534574e+08
2.162039e+08
0
0
0
0
0
0
0
0
0
0
0
0
0
0
0
0
0
0
0
0
1.245717e+09
5.696597e+08
3.471978e+08
2.533277e+08
2.159483e+08
0
0
0
0
0
0
0
0
0
0
1.253461e+09
5.71275e+08
3.47585e+08
2.533681e+08
2.158911e+08
0
0
0
0
0
0
0
0
0
0
1.258496e+09
5.723219e+08
3.47873e+08
2.53417e+08
2.158734e+08
0
0
0
0
0
0
0
0
0
0
1.261828e+09
5.7303e+08
3.481169e+08
2.5351e+08
2.159107e+08
0
0
0
0
0
0
0
0
0
0
1.263658e+09
5.735345e+08
3.482873e+08
2.536039e+08
2.159974e+08
0
0
0
0
0
0
0
0
0
0
1.238524e+09
5.648617e+08
3.434815e+08
2.501273e+08
2.129655e+08
0
0
0
0
0
0
0
0
0
0
1.239649e+09
5.653464e+08
3.438796e+08
2.504511e+08
2.132471e+08
0
0
0
0
0
0
0
0
0
0
1.239204e+09
5.655909e+08
3.441862e+08
2.507496e+08
2.135388e+08
0
0
0
0
0
0
0
0
0
0
1.236876e+09
5.655092e+08
3.443932e+08
2.510707e+08
2.138858e+08
0
0
0
0
0
0
0
0
0
0
1.23185e+09
5.647771e+08
3.44498e+08
2.513661e+08
2.142474e+08
0
0
0
0
0
0
0
0
0
0
1.225233e+09
5.639974e+08
3.447384e+08
2.518522e+08
2.148011e+08
0
0
0
0
0
0
0
0
0
0
0
0
0
0
0
0
0
0
0
1.218422e+09
5.630223e+08
3.448445e+08
2.522635e+08
2.152931e+08
0
0
0
0
0
0
0
0
0
0
0
0
0
0
0
0
0
0
0
0
1.212953e+09
5.623006e+08
3.449511e+08
2.525959e+08
2.157084e+08
0
0
0
0
0
0
0
0
0
0
0
0
0
0
0
0
0
0
0
0
1.209578e+09
5.619138e+08
3.45105e+08
2.528886e+08
2.160348e+08
0
0
0
0
0
0
0
0
0
0
0
0
0
0
0
0
0
0
0
0
1.208555e+09
5.619391e+08
3.453123e+08
2.531327e+08
2.162865e+08
0
0
0
0
0
0
0
0
0
0
0
0
0
0
0
0
0
0
0
0
1.209931e+09
5.624212e+08
3.45603e+08
2.533242e+08
2.16462e+08
0
0
0
0
0
0
0
0
0
0
0
0
0
0
0
0
0
0
0
0
1.213616e+09
5.634084e+08
3.459196e+08
2.534999e+08
2.165842e+08
0
0
0
0
0
0
0
0
0
0
0
0
0
0
0
0
0
0
0
0
1.219775e+09
5.647433e+08
3.463394e+08
2.535911e+08
2.16598e+08
0
0
0
0
0
0
0
0
0
0
0
0
0
0
0
0
0
0
0
0
1.228018e+09
5.664905e+08
3.467614e+08
2.536392e+08
2.165147e+08
0
0
0
0
0
0
0
0
0
0
0
0
0
0
0
0
0
0
0
0
1.237448e+09
5.683378e+08
3.471429e+08
2.536025e+08
2.163543e+08
0
0
0
0
0
0
0
0
0
0
0
0
0
0
0
0
0
0
0
0
1.246755e+09
5.700416e+08
3.474063e+08
2.534757e+08
2.160958e+08
0
0
0
0
0
0
0
0
0
0
1.254422e+09
5.716153e+08
3.477981e+08
2.53508e+08
2.16021e+08
0
0
0
0
0
0
0
0
0
0
1.259441e+09
5.72633e+08
3.480625e+08
2.535601e+08
2.159934e+08
0
0
0
0
0
0
0
0
0
0
1.262624e+09
5.733802e+08
3.482735e+08
2.536478e+08
2.160337e+08
0
0
0
0
0
0
0
0
0
0
1.264518e+09
5.738286e+08
3.484733e+08
2.537334e+08
2.160957e+08
0
0
0
0
0
0
0
0
0
0
1.240753e+09
5.655604e+08
3.439462e+08
2.504229e+08
2.132015e+08
0
0
0
0
0
0
0
0
0
0
1.241689e+09
5.660727e+08
3.442563e+08
2.507286e+08
2.134863e+08
0
0
0
0
0
0
0
0
0
0
1.241169e+09
5.66256e+08
3.445357e+08
2.510154e+08
2.137707e+08
0
0
0
0
0
0
0
0
0
0
1.238764e+09
5.661088e+08
3.447744e+08
2.51303e+08
2.141051e+08
0
0
0
0
0
0
0
0
0
0
1.233536e+09
5.65409e+08
3.448315e+08
2.516051e+08
2.144572e+08
0
0
0
0
0
0
0
0
0
0
1.226963e+09
5.645807e+08
3.45049e+08
2.520933e+08
2.150105e+08
0
0
0
0
0
0
0
0
0
0
0
0
0
0
0
0
0
0
0
0
1.219996e+09
5.636217e+08
3.451413e+08
2.524808e+08
2.155009e+08
0
0
0
0
0
0
0
0
0
0
0
0
0
0
0
0
0
0
0
0
1.214413e+09
5.62849e+08
3.45259e+08
2.52815e+08
2.15899e+08
0
0
0
0
0
0
0
0
0
0
0
0
0
0
0
0
0
0
0
0
1.211009e+09
5.624369e+08
3.453969e+08
2.53099e+08
2.162272e+08
0
0
0
0
0
0
0
0
0
0
0
0
0
0
0
0
0
0
0
0
1.209828e+09
5.624666e+08
3.455823e+08
2.533345e+08
2.164734e+08
0
0
0
0
0
0
0
0
0
0
0
0
0
0
0
0
0
0
0
0
1.211137e+09
5.629403e+08
3.45842e+08
2.535397e+08
2.166348e+08
0
0
0
0
0
0
0
0
0
0
0
0
0
0
0
0
0
0
0
0
1.214781e+09
5.638306e+08
3.461973e+08
2.536717e+08
2.167407e+08
0
0
0
0
0
0
0
0
0
0
0
0
0
0
0
0
0
0
0
0
1.220952e+09
5.651905e+08
3.465644e+08
2.537853e+08
2.167348e+08
0
0
0
0
0
0
0
0
0
0
0
0
0
0
0
0
0
0
0
0
1.228887e+09
5.668951e+08
3.469947e+08
2.538197e+08
2.166545e+08
0
0
0
0
0
0
0
0
0
0
0
0
0
0
0
0
0
0
0
0
1.238535e+09
5.687036e+08
3.473534e+08
2.537669e+08
2.164758e+08
0
0
0
0
0
0
0
0
0
0
0
0
0
0
0
0
0
0
0
0
1.247777e+09
5.703974e+08
3.476142e+08
2.536227e+08
2.162205e+08
0
0
0
0
0
0
0
0
0
0
1.255256e+09
5.719429e+08
3.479882e+08
2.536581e+08
2.16139e+08
0
0
0
0
0
0
0
0
0
0
1.260262e+09
5.729544e+08
3.482326e+08
2.536962e+08
2.161144e+08
0
0
0
0
0
0
0
0
0
0
1.263508e+09
5.736471e+08
3.484666e+08
2.537609e+08
2.161501e+08
0
0
0
0
0
0
0
0
0
0
1.26511e+09
5.741246e+08
3.486356e+08
2.538667e+08
2.162058e+08
0
0
0
0
0
0
0
0
0
0
1.242772e+09
5.662744e+08
3.442955e+08
2.507372e+08
2.134452e+08
0
0
0
0
0
0
0
0
0
0
1.243669e+09
5.667238e+08
3.446259e+08
2.509812e+08
2.137156e+08
0
0
0
0
0
0
0
0
0
0
1.243037e+09
5.668926e+08
3.448715e+08
2.512522e+08
2.139906e+08
0
0
0
0
0
0
0
0
0
0
1.240499e+09
5.667286e+08
3.450794e+08
2.51562e+08
2.142976e+08
0
0
0
0
0
0
0
0
0
0
1.235236e+09
5.659569e+08
3.45159e+08
2.518318e+08
2.146558e+08
0
0
0
0
0
0
0
0
0
0
1.228597e+09
5.651572e+08
3.45351e+08
2.523055e+08
2.152118e+08
0
0
0
0
0
0
0
0
0
0
0
0
0
0
0
0
0
0
0
0
1.221457e+09
5.641524e+08
3.454578e+08
2.526857e+08
2.156821e+08
0
0
0
0
0
0
0
0
0
0
0
0
0
0
0
0
0
0
0
0
1.215906e+09
5.633399e+08
3.4555e+08
2.53029e+08
2.160829e+08
0
0
0
0
0
0
0
0
0
0
0
0
0
0
0
0
0
0
0
0
1.212327e+09
5.629294e+08
3.456745e+08
2.533053e+08
2.164033e+08
0
0
0
0
0
0
0
0
0
0
0
0
0
0
0
0
0
0
0
0
1.211094e+09
5.629039e+08
3.458676e+08
2.535249e+08
2.166431e+08
0
0
0
0
0
0
0
0
0
0
0
0
0
0
0
0
0
0
0
0
1.212428e+09
5.633569e+08
3.461222e+08
2.53708e+08
2.168165e+08
0
0
0
0
0
0
0
0
0
0
0
0
0
0
0
0
0
0
0
0
1.216055e+09
5.642249e+08
3.46429e+08
2.538663e+08
2.16886e+08
0
0
0
0
0
0
0
0
0
0
0
0
0
0
0
0
0
0
0
0
1.221991e+09
5.656011e+08
3.468112e+08
2.539442e+08
2.168985e+08
0
0
0
0
0
0
0
0
0
0
0
0
0
0
0
0
0
0
0
0
1.23007e+09
5.671899e+08
3.472143e+08
2.539854e+08
2.168069e+08
0
0
0
0
0
0
0
0
0
0
0
0
0
0
0
0
0
0
0
0
1.239551e+09
5.690786e+08
3.475522e+08
2.539157e+08
2.166151e+08
0
0
0
0
0
0
0
0
0
0
0
0
0
0
0
0
0
0
0
0
1.248642e+09
5.707539e+08
3.478091e+08
2.537707e+08
2.163443e+08
0
0
0
0
0
0
0
0
0
0
1.256101e+09
5.722253e+08
3.481668e+08
2.537965e+08
2.162652e+08
0
0
0
0
0
0
0
0
0
0
1.261043e+09
5.732393e+08
3.484064e+08
2.538181e+08
2.162297e+08
0
0
0
0
0
0
0
0
0
0
1.264075e+09
5.739633e+08
3.486111e+08
2.538997e+08
2.162458e+08
0
0
0
0
0
0
0
0
0
0
1.265788e+09
5.743286e+08
3.487982e+08
2.539837e+08
2.163185e+08
0
0
0
0
0
0
0
0
0
0
1.244702e+09
5.669182e+08
3.446572e+08
2.509709e+08
2.137059e+08
0
0
0
0
0
0
0
0
0
0
1.245525e+09
5.673632e+08
3.449557e+08
2.51231e+08
2.139241e+08
0
0
0
0
0
0
0
0
0
0
1.244809e+09
5.674996e+08
3.451985e+08
2.514779e+08
2.141869e+08
0
0
0
0
0
0
0
0
0
0
1.242068e+09
5.672973e+08
3.454002e+08
2.51769e+08
2.145127e+08
0
0
0
0
0
0
0
0
0
0
1.236836e+09
5.665131e+08
3.454427e+08
2.52056e+08
2.148442e+08
0
0
0
0
0
0
0
0
0
0
1.229962e+09
5.657097e+08
3.456537e+08
2.525122e+08
2.153884e+08
0
0
0
0
0
0
0
0
0
0
0
0
0
0
0
0
0
0
0
0
1.22297e+09
5.646423e+08
3.457398e+08
2.529054e+08
2.158535e+08
0
0
0
0
0
0
0
0
0
0
0
0
0
0
0
0
0
0
0
0
1.217112e+09
5.638578e+08
3.458095e+08
2.532318e+08
2.162624e+08
0
0
0
0
0
0
0
0
0
0
0
0
0
0
0
0
0
0
0
0
1.213687e+09
5.633818e+08
3.459394e+08
2.534984e+08
2.165777e+08
0
0
0
0
0
0
0
0
0
0
0
0
0
0
0
0
0
0
0
0
1.212412e+09
5.633356e+08
3.461055e+08
2.53726e+08
2.168039e+08
0
0
0
0
0
0
0
0
0
0
0
0
0
0
0
0
0
0
0
0
1.213586e+09
5.63813e+08
3.463502e+08
2.53905e+08
2.169583e+08
0
0
0
0
0
0
0
0
0
0
0
0
0
0
0
0
0
0
0
0
1.217164e+09
5.646794e+08
3.466396e+08
2.540324e+08
2.170498e+08
0
0
0
0
0
0
0
0
0
0
0
0
0
0
0
0
0
0
0
0
1.223076e+09
5.659544e+08
3.47036e+08
2.541213e+08
2.170325e+08
0
0
0
0
0
0
0
0
0
0
0
0
0
0
0
0
0
0
0
0
1.231102e+09
5.67599e+08
3.473793e+08
2.541412e+08
2.16947e+08
0
0
0
0
0
0
0
0
0
0
0
0
0
0
0
0
0
0
0
0
1.240503e+09
5.694364e+08
3.477563e+08
2.540574e+08
2.167404e+08
0
0
0
0
0
0
0
0
0
0
0
0
0
0
0
0
0
0
0
0
1.249497e+09
5.710482e+08
3.480061e+08
2.539105e+08
2.164692e+08
0
0
0
0
0
0
0
0
0
0
1.25701e+09
5.725215e+08
3.483214e+08
2.539241e+08
2.16383e+08
0
0
0
0
0
0
0
0
0
0
1.261795e+09
5.735039e+08
3.485654e+08
2.539413e+08
2.163326e+08
0
0
0
0
0
0
0
0
0
0
1.264783e+09
5.741559e+08
3.487908e+08
2.540027e+08
2.163635e+08
0
0
0
0
0
0
0
0
0
0
5.745494e+08
3.489132e+08
2.541006e+08
2.164177e+08
0
0
0
0
0
0
0
0
0
0
1.246575e+09
5.675416e+08
3.449841e+08
2.512146e+08
2.138985e+08
0
0
0
0
0
0
0
0
0
0
1.247251e+09
5.679672e+08
3.452826e+08
2.514535e+08
2.141312e+08
0
0
0
0
0
0
0
0
0
0
1.24633e+09
5.68081e+08
3.455105e+08
2.517008e+08
2.143734e+08
0
0
0
0
0
0
0
0
0
0
1.243712e+09
5.677941e+08
3.456962e+08
2.519885e+08
2.146843e+08
0
0
0
0
0
0
0
0
0
0
1.238253e+09
5.670496e+08
3.4573e+08
2.52251e+08
2.15031e+08
0
0
0
0
0
0
0
0
0
0
1.23143e+09
5.661558e+08
3.459473e+08
2.527218e+08
2.155607e+08
0
0
0
0
0
0
0
0
0
0
0
0
0
0
0
0
0
0
0
0
1.224228e+09
5.651629e+08
3.459986e+08
2.531024e+08
2.160376e+08
0
0
0
0
0
0
0
0
0
0
0
0
0
0
0
0
0
0
0
0
1.218521e+09
5.64257e+08
3.460899e+08
2.534124e+08
2.164327e+08
0
0
0
0
0
0
0
0
0
0
0
0
0
0
0
0
0
0
0
0
1.21478e+09
5.638551e+08
3.461839e+08
2.536848e+08
2.167397e+08
0
0
0
0
0
0
0
0
0
0
0
0
0
0
0
0
0
0
0
0
1.213495e+09
5.638043e+08
3.463361e+08
2.538955e+08
2.169735e+08
0
0
0
0
0
0
0
0
0
0
0
0
0
0
0
0
0
0
0
0
1.214712e+09
5.642146e+08
3.466009e+08
2.540683e+08
2.171243e+08
0
0
0
0
0
0
0
0
0
0
0
0
0
0
0
0
0
0
0
0
1.218241e+09
5.650649e+08
3.468914e+08
2.541806e+08
2.171907e+08
0
0
0
0
0
0
0
0
0
0
0
0
0
0
0
0
0
0
0
0
1.224073e+09
5.663387e+08
3.472267e+08
2.542817e+08
2.171828e+08
0
0
0
0
0
0
0
0
0
0
0
0
0
0
0
0
0
0
0
0
1.23196e+09
5.67969e+08
3.475986e+08
2.542625e+08
2.170784e+08
0
0
0
0
0
0
0
0
0
0
0
0
0
0
0
0
0
0
0
0
1.241403e+09
5.697665e+08
3.479559e+08
2.542026e+08
2.168602e+08
0
0
0
0
0
0
0
0
0
0
0
0
0
0
0
0
0
0
0
0
1.250344e+09
5.71347e+08
3.481668e+08
2.540522e+08
2.165876e+08
0
0
0
0
0
0
0
0
0
0
1.257678e+09
5.728364e+08
3.484881e+08
2.540351e+08
2.164907e+08
0
0
0
0
0
0
0
0
0
0
1.262439e+09
5.737777e+08
3.487114e+08
2.540571e+08
2.164363e+08
0
0
0
0
0
0
0
0
0
0
5.74382e+08
3.488988e+08
2.541345e+08
2.164501e+08
0
0
0
0
0
0
0
0
0
0
3.490286e+08
2.541853e+08
2.165165e+08
0
0
0
0
0
0
0
0
0
0
1.248264e+09
5.681497e+08
3.453038e+08
2.514357e+08
2.141001e+08
0
0
0
0
0
0
0
0
0
0
1.248905e+09
5.685273e+08
3.455941e+08
2.516753e+08
2.143151e+08
0
0
0
0
0
0
0
0
0
0
1.247865e+09
5.685629e+08
3.458125e+08
2.519134e+08
2.145586e+08
0
0
0
0
0
0
0
0
0
0
1.245241e+09
5.683421e+08
3.459481e+08
2.521921e+08
2.148671e+08
0
0
0
0
0
0
0
0
0
0
1.239748e+09
5.675211e+08
3.460143e+08
2.524476e+08
2.151935e+08
0
0
0
0
0
0
0
0
0
0
1.232713e+09
5.666602e+08
3.461802e+08
2.529268e+08
2.157361e+08
0
0
0
0
0
0
0
0
0
0
0
0
0
0
0
0
0
0
0
0
1.225488e+09
5.655808e+08
3.462781e+08
2.532826e+08
2.162031e+08
0
0
0
0
0
0
0
0
0
0
0
0
0
0
0
0
0
0
0
0
1.219724e+09
5.647525e+08
3.463012e+08
2.536106e+08
2.165841e+08
0
0
0
0
0
0
0
0
0
0
0
0
0
0
0
0
0
0
0
0
1.2161e+09
5.642254e+08
3.464403e+08
2.53858e+08
2.168968e+08
0
0
0
0
0
0
0
0
0
0
0
0
0
0
0
0
0
0
0
0
1.214712e+09
5.641748e+08
3.465946e+08
2.540572e+08
2.171171e+08
0
0
0
0
0
0
0
0
0
0
0
0
0
0
0
0
0
0
0
0
1.215706e+09
5.646102e+08
3.468191e+08
2.542473e+08
2.172629e+08
0
0
0
0
0
0
0
0
0
0
0
0
0
0
0
0
0
0
0
0
1.219148e+09
5.654497e+08
3.471015e+08
2.543614e+08
2.173155e+08
0
0
0
0
0
0
0
0
0
0
0
0
0
0
0
0
0
0
0
0
1.224878e+09
5.666957e+08
3.474406e+08
2.544169e+08
2.173186e+08
0
0
0
0
0
0
0
0
0
0
0
0
0
0
0
0
0
0
0
0
1.23292e+09
5.682623e+08
3.478076e+08
2.54416e+08
2.17182e+08
0
0
0
0
0
0
0
0
0
0
0
0
0
0
0
0
0
0
0
0
1.242243e+09
5.700857e+08
3.481375e+08
2.543472e+08
2.169829e+08
0
0
0
0
0
0
0
0
0
0
0
0
0
0
0
0
0
0
0
0
1.251038e+09
5.716393e+08
3.483346e+08
2.541673e+08
2.167076e+08
0
0
0
0
0
0
0
0
0
0
1.2584e+09
5.730736e+08
3.486613e+08
2.541572e+08
2.165845e+08
0
0
0
0
0
0
0
0
0
0
5.739778e+08
3.488679e+08
2.541629e+08
2.165347e+08
0
0
0
0
0
0
0
0
0
0
3.490137e+08
2.542141e+08
2.165626e+08
0
0
0
0
0
0
0
0
0
0
2.542653e+08
2.165889e+08
0
0
0
0
0
0
0
0
0
0
1.249942e+09
5.686935e+08
3.456164e+08
2.516533e+08
2.142831e+08
0
0
0
0
0
0
0
0
0
0
1.250404e+09
5.69062e+08
3.458829e+08
2.518883e+08
2.144991e+08
0
0
0
0
0
0
0
0
0
0
1.249398e+09
5.690671e+08
3.460582e+08
2.521208e+08
2.147352e+08
0
0
0
0
0
0
0
0
0
0
1.246543e+09
5.688523e+08
3.462354e+08
2.52363e+08
2.150369e+08
0
0
0
0
0
0
0
0
0
0
1.241031e+09
5.680222e+08
3.462646e+08
2.526457e+08
2.153571e+08
0
0
0
0
0
0
0
0
0
0
1.234054e+09
5.67085e+08
3.464532e+08
2.530881e+08
2.159083e+08
0
0
0
0
0
0
0
0
0
0
0
0
0
0
0
0
0
0
0
0
1.226745e+09
5.660134e+08
3.46499e+08
2.534788e+08
2.163542e+08
0
0
0
0
0
0
0
0
0
0
0
0
0
0
0
0
0
0
0
0
1.221027e+09
5.651661e+08
3.465713e+08
2.537586e+08
2.167517e+08
0
0
0
0
0
0
0
0
0
0
0
0
0
0
0
0
0
0
0
0
1.217092e+09
5.646988e+08
3.466404e+08
2.540391e+08
2.170431e+08
0
0
0
0
0
0
0
0
0
0
0
0
0
0
0
0
0
0
0
0
1.215574e+09
5.646109e+08
3.467957e+08
2.542421e+08
2.172531e+08
0
0
0
0
0
0
0
0
0
0
0
0
0
0
0
0
0
0
0
0
1.216722e+09
5.64956e+08
3.470369e+08
2.544022e+08
2.174146e+08
0
0
0
0
0
0
0
0
0
0
0
0
0
0
0
0
0
0
0
0
1.220181e+09
5.657621e+08
3.47317e+08
2.545108e+08
2.17469e+08
0
0
0
0
0
0
0
0
0
0
0
0
0
0
0
0
0
0
0
0
1.225828e+09
5.669692e+08
3.476419e+08
2.545715e+08
2.174327e+08
0
0
0
0
0
0
0
0
0
0
0
0
0
0
0
0
0
0
0
0
1.233793e+09
5.68608e+08
3.479689e+08
2.545687e+08
2.17311e+08
0
0
0
0
0
0
0
0
0
0
0
0
0
0
0
0
0
0
0
0
1.24287e+09
5.703739e+08
3.483167e+08
2.544776e+08
2.171058e+08
0
0
0
0
0
0
0
0
0
0
0
0
0
0
0
0
0
0
0
0
1.251675e+09
5.7189e+08
3.484959e+08
2.5429e+08
2.168048e+08
0
0
0
0
0
0
0
0
0
0
5.733036e+08
3.487964e+08
2.542816e+08
2.166885e+08
0
0
0
0
0
0
0
0
0
0
3.489691e+08
2.542779e+08
2.166245e+08
0
0
0
0
0
0
0
0
0
0
2.54292e+08
2.166307e+08
0
0
0
0
0
0
0
0
0
0
2.166558e+08
0
0
0
0
0
0
0
0
0
0
1.251449e+09
5.692402e+08
3.458958e+08
2.518663e+08
2.144639e+08
0
0
0
0
0
0
0
0
0
0
1.251823e+09
5.69555e+08
3.461576e+08
2.520856e+08
2.146764e+08
0
0
0
0
0
0
0
0
0
0
1.250745e+09
5.695769e+08
3.46322e+08
2.522882e+08
2.149082e+08
0
0
0
0
0
0
0
0
0
0
1.247856e+09
5.692839e+08
3.465042e+08
2.525613e+08
2.151784e+08
0
0
0
0
0
0
0
0
0
0
1.242264e+09
5.684531e+08
3.465283e+08
2.528212e+08
2.155232e+08
0
0
0
0
0
0
0
0
0
0
1.235207e+09
5.675476e+08
3.466765e+08
2.532813e+08
2.160433e+08
0
0
0
0
0
0
0
0
0
0
0
0
0
0
0
0
0
0
0
0
1.227852e+09
5.664484e+08
3.46734e+08
2.53633e+08
2.165195e+08
0
0
0
0
0
0
0
0
0
0
0
0
0
0
0
0
0
0
0
0
1.222096e+09
5.656339e+08
3.467952e+08
2.539501e+08
2.168759e+08
0
0
0
0
0
0
0
0
0
0
0
0
0
0
0
0
0
0
0
0
1.218266e+09
5.650366e+08
3.469028e+08
2.541813e+08
2.17196e+08
0
0
0
0
0
0
0
0
0
0
0
0
0
0
0
0
0
0
0
0
1.216761e+09
5.649041e+08
3.470376e+08
2.543852e+08
2.1741e+08
0
0
0
0
0
0
0
0
0
0
0
0
0
0
0
0
0
0
0
0
1.217697e+09
5.653178e+08
3.472274e+08
2.545582e+08
2.175454e+08
0
0
0
0
0
0
0
0
0
0
0
0
0
0
0
0
0
0
0
0
1.220932e+09
5.661377e+08
3.474886e+08
2.54667e+08
2.175953e+08
0
0
0
0
0
0
0
0
0
0
0
0
0
0
0
0
0
0
0
0
1.226832e+09
5.673118e+08
3.477935e+08
2.547183e+08
2.175641e+08
0
0
0
0
0
0
0
0
0
0
0
0
0
0
0
0
0
0
0
0
1.234497e+09
5.689086e+08
3.481634e+08
2.546852e+08
2.174413e+08
0
0
0
0
0
0
0
0
0
0
0
0
0
0
0
0
0
0
0
0
1.243663e+09
5.706001e+08
3.484752e+08
2.546081e+08
2.172161e+08
0
0
0
0
0
0
0
0
0
0
0
0
0
0
0
0
0
0
0
0
5.720818e+08
3.486402e+08
2.544064e+08
2.169094e+08
0
0
0
0
0
0
0
0
0
0
3.489136e+08
2.543813e+08
2.167938e+08
0
0
0
0
0
0
0
0
0
0
2.543469e+08
2.167229e+08
0
0
0
0
0
0
0
0
0
0
2.166952e+08
0
0
0
0
0
0
0
0
0
0
0
0
0
0
0
0
0
0
0
0
1.252869e+09
5.697374e+08
3.461785e+08
2.520572e+08
2.146408e+08
0
0
0
0
0
0
0
0
0
0
1.253148e+09
5.700191e+08
3.46417e+08
2.52273e+08
2.148403e+08
0
0
0
0
0
0
0
0
0
0
1.252033e+09
5.700227e+08
3.465897e+08
2.524708e+08
2.150469e+08
0
0
0
0
0
0
0
0
0
0
1.249021e+09
5.697179e+08
3.467345e+08
2.527477e+08
2.15344e+08
0
0
0
0
0
0
0
0
0
0
1.243435e+09
5.68869e+08
3.467589e+08
2.530036e+08
2.156707e+08
0
0
0
0
0
0
0
0
0
0
1.236375e+09
5.679309e+08
3.469272e+08
2.534365e+08
2.162063e+08
0
0
0
0
0
0
0
0
0
0
0
0
0
0
0
0
0
0
0
0
1.229053e+09
5.668283e+08
3.469706e+08
2.538002e+08
2.166489e+08
0
0
0
0
0
0
0
0
0
0
0
0
0
0
0
0
0
0
0
0
1.223144e+09
5.659997e+08
3.470555e+08
2.541088e+08
2.170377e+08
0
0
0
0
0
0
0
0
0
0
0
0
0
0
0
0
0
0
0
0
1.219141e+09
5.654619e+08
3.470865e+08
2.543695e+08
2.173161e+08
0
0
0
0
0
0
0
0
0
0
0
0
0
0
0
0
0
0
0
0
1.21768e+09
5.653324e+08
3.471999e+08
2.545589e+08
2.175309e+08
0
0
0
0
0
0
0
0
0
0
0
0
0
0
0
0
0
0
0
0
1.218553e+09
5.656628e+08
3.474295e+08
2.546951e+08
2.176777e+08
0
0
0
0
0
0
0
0
0
0
0
0
0
0
0
0
0
0
0
0
1.221997e+09
5.663938e+08
3.477017e+08
2.547905e+08
2.177284e+08
0
0
0
0
0
0
0
0
0
0
0
0
0
0
0
0
0
0
0
0
1.227465e+09
5.676702e+08
3.479862e+08
2.54829e+08
2.176894e+08
0
0
0
0
0
0
0
0
0
0
0
0
0
0
0
0
0
0
0
0
1.235306e+09
5.691684e+08
3.483281e+08
2.548265e+08
2.175401e+08
0
0
0
0
0
0
0
0
0
0
0
0
0
0
0
0
0
0
0
0
5.708514e+08
3.486066e+08
2.547221e+08
2.173273e+08
0
0
0
0
0
0
0
0
0
0
0
0
0
0
0
0
0
0
0
0
3.487347e+08
2.545134e+08
2.17008e+08
0
0
0
0
0
0
0
0
0
0
2.54461e+08
2.168792e+08
0
0
0
0
0
0
0
0
0
0
2.167801e+08
0
0
0
0
0
0
0
0
0
0
0
0
0
0
0
0
0
0
0
0
0
0
0
0
0
0
0
0
0
1.254212e+09
5.701978e+08
3.464403e+08
2.522509e+08
2.147996e+08
0
0
0
0
0
0
0
0
0
0
1.254479e+09
5.704513e+08
3.466593e+08
2.524536e+08
2.14996e+08
0
0
0
0
0
0
0
0
0
0
1.253261e+09
5.704515e+08
3.468254e+08
2.526561e+08
2.151996e+08
0
0
0
0
0
0
0
0
0
0
1.250293e+09
5.701047e+08
3.469621e+08
2.529101e+08
2.155e+08
0
0
0
0
0
0
0
0
0
0
1.244707e+09
5.69261e+08
3.469827e+08
2.53166e+08
2.158232e+08
0
0
0
0
0
0
0
0
0
0
1.237443e+09
5.683361e+08
3.471302e+08
2.536141e+08
2.163363e+08
0
0
0
0
0
0
0
0
0
0
0
0
0
0
0
0
0
0
0
0
1.230118e+09
5.672518e+08
3.471776e+08
2.539683e+08
2.167903e+08
0
0
0
0
0
0
0
0
0
0
0
0
0
0
0
0
0
0
0
0
1.224085e+09
5.663684e+08
3.472534e+08
2.542959e+08
2.171718e+08
0
0
0
0
0
0
0
0
0
0
0
0
0
0
0
0
0
0
0
0
1.220244e+09
5.657581e+08
3.473249e+08
2.545008e+08
2.174759e+08
0
0
0
0
0
0
0
0
0
0
0
0
0
0
0
0
0
0
0
0
1.218594e+09
5.656578e+08
3.474369e+08
2.546771e+08
2.176783e+08
0
0
0
0
0
0
0
0
0
0
0
0
0
0
0
0
0
0
0
0
1.219424e+09
5.659709e+08
3.476209e+08
2.548415e+08
2.177938e+08
0
0
0
0
0
0
0
0
0
0
0
0
0
0
0
0
0
0
0
0
1.222546e+09
5.667832e+08
3.478433e+08
2.549463e+08
2.17833e+08
0
0
0
0
0
0
0
0
0
0
0
0
0
0
0
0
0
0
0
0
1.22826e+09
5.679014e+08
3.481853e+08
2.549687e+08
2.177837e+08
0
0
0
0
0
0
0
0
0
0
0
0
0
0
0
0
0
0
0
0
5.69434e+08
3.484792e+08
2.549446e+08
2.176604e+08
0
0
0
0
0
0
0
0
0
0
0
0
0
0
0
0
0
0
0
0
3.487329e+08
2.548207e+08
2.174238e+08
0
0
0
0
0
0
0
0
0
0
0
0
0
0
0
0
0
0
0
0
2.545768e+08
2.170999e+08
0
0
0
0
0
0
0
0
0
0
2.169454e+08
0
0
0
0
0
0
0
0
0
0
0
0
0
0
0
0
0
0
0
0
0
0
0
0
0
0
0
0
0
0
0
0
0
0
0
0
0
1.255486e+09
5.706386e+08
3.466781e+08
2.52433e+08
2.149607e+08
0
0
0
0
0
0
0
0
0
0
1.255719e+09
5.708962e+08
3.468849e+08
2.526212e+08
2.151472e+08
0
0
0
0
0
0
0
0
0
0
1.254476e+09
5.708606e+08
3.470535e+08
2.528208e+08
2.153545e+08
0
0
0
0
0
0
0
0
0
0
1.251364e+09
5.705396e+08
3.47169e+08
2.530679e+08
2.156366e+08
0
0
0
0
0
0
0
0
0
0
1.245759e+09
5.697025e+08
3.471919e+08
2.533244e+08
2.159598e+08
0
0
0
0
0
0
0
0
0
0
1.238607e+09
5.686962e+08
3.473522e+08
2.537563e+08
2.164861e+08
0
0
0
0
0
0
0
0
0
0
0
0
0
0
0
0
0
0
0
0
1.23114e+09
5.676241e+08
3.474106e+08
2.541161e+08
2.169325e+08
0
0
0
0
0
0
0
0
0
0
0
0
0
0
0
0
0
0
0
0
1.225072e+09
5.66696e+08
3.47458e+08
2.544363e+08
2.173309e+08
0
0
0
0
0
0
0
0
0
0
0
0
0
0
0
0
0
0
0
0
1.22104e+09
5.66164e+08
3.474859e+08
2.546732e+08
2.175871e+08
0
0
0
0
0
0
0
0
0
0
0
0
0
0
0
0
0
0
0
0
1.21945e+09
5.659881e+08
3.476195e+08
2.548464e+08
2.177791e+08
0
0
0
0
0
0
0
0
0
0
0
0
0
0
0
0
0
0
0
0
1.220158e+09
5.662845e+08
3.477964e+08
2.549796e+08
2.179185e+08
0
0
0
0
0
0
0
0
0
0
0
0
0
0
0
0
0
0
0
0
1.223575e+09
5.669805e+08
3.480626e+08
2.550492e+08
2.179661e+08
0
0
0
0
0
0
0
0
0
0
0
0
0
0
0
0
0
0
0
0
5.681561e+08
3.483197e+08
2.55112e+08
2.179026e+08
0
0
0
0
0
0
0
0
0
0
0
0
0
0
0
0
0
0
0
0
3.486186e+08
2.550572e+08
2.177603e+08
0
0
0
0
0
0
0
0
0
0
0
0
0
0
0
0
0
0
0
0
2.549054e+08
2.175087e+08
0
0
0
0
0
0
0
0
0
0
0
0
0
0
0
0
0
0
0
0
2.171522e+08
0
0
0
0
0
0
0
0
0
0
0
0
0
0
0
0
0
0
0
0
0
0
0
0
0
0
0
0
0
0
0
0
0
0
0
0
0
0
0
0
0
0
0
0
1.256755e+09
5.710621e+08
3.469093e+08
2.525961e+08
2.151132e+08
0
0
0
0
0
0
0
0
0
0
1.256836e+09
5.713169e+08
3.471215e+08
2.527772e+08
2.152872e+08
0
0
0
0
0
0
0
0
0
0
1.255522e+09
5.71275e+08
3.472709e+08
2.529807e+08
2.154925e+08
0
0
0
0
0
0
0
0
0
0
1.252534e+09
5.709057e+08
3.474037e+08
2.532141e+08
2.157685e+08
0
0
0
0
0
0
0
0
0
0
1.246748e+09
5.700613e+08
3.474318e+08
2.534715e+08
2.160934e+08
0
0
0
0
0
0
0
0
0
0
1.239566e+09
5.691077e+08
3.47545e+08
2.539148e+08
2.166056e+08
0
0
0
0
0
0
0
0
0
0
0
0
0
0
0
0
0
0
0
0
1.232037e+09
5.67983e+08
3.476158e+08
2.542826e+08
2.170575e+08
0
0
0
0
0
0
0
0
0
0
0
0
0
0
0
0
0
0
0
0
1.225972e+09
5.670443e+08
3.476392e+08
2.54584e+08
2.174493e+08
0
0
0
0
0
0
0
0
0
0
0
0
0
0
0
0
0
0
0
0
1.221974e+09
5.664418e+08
3.477166e+08
2.547885e+08
2.177338e+08
0
0
0
0
0
0
0
0
0
0
0
0
0
0
0
0
0
0
0
0
1.220202e+09
5.662904e+08
3.478064e+08
2.549796e+08
2.179225e+08
0
0
0
0
0
0
0
0
0
0
0
0
0
0
0
0
0
0
0
0
1.221081e+09
5.665507e+08
3.479759e+08
2.551088e+08
2.180357e+08
0
0
0
0
0
0
0
0
0
0
0
0
0
0
0
0
0
0
0
0
5.673326e+08
3.481785e+08
2.552081e+08
2.180536e+08
0
0
0
0
0
0
0
0
0
0
0
0
0
0
0
0
0
0
0
0
3.484507e+08
2.552126e+08
2.180241e+08
0
0
0
0
0
0
0
0
0
0
0
0
0
0
0
0
0
0
0
0
2.551542e+08
2.178573e+08
0
0
0
0
0
0
0
0
0
0
0
0
0
0
0
0
0
0
0
0
2.175787e+08
0
0
0
0
0
0
0
0
0
0
0
0
0
0
0
0
0
0
0
0
0
0
0
0
0
0
0
0
0
0
0
0
0
0
0
0
0
0
0
0
0
0
0
0
0
0
0
0
0
0
0
0
0
0
0
0
0
0
0
0
1.257858e+09
5.714901e+08
3.471349e+08
2.527565e+08
2.152489e+08
0
0
0
0
0
0
0
0
0
0
1.257866e+09
5.71686e+08
3.473491e+08
2.52943e+08
2.154174e+08
0
0
0
0
0
0
0
0
0
0
1.256692e+09
5.716243e+08
3.474957e+08
2.531329e+08
2.156267e+08
0
0
0
0
0
0
0
0
0
0
1.253417e+09
5.713049e+08
3.476049e+08
2.533799e+08
2.158916e+08
0
0
0
0
0
0
0
0
0
0
1.247677e+09
5.703965e+08
3.476272e+08
2.536415e+08
2.16217e+08
0
0
0
0
0
0
0
0
0
0
1.240508e+09
5.694389e+08
3.477724e+08
2.540505e+08
2.167397e+08
0
0
0
0
0
0
0
0
0
0
0
0
0
0
0
0
0
0
0
0
1.232875e+09
5.682911e+08
3.478144e+08
2.544299e+08
2.171984e+08
0
0
0
0
0
0
0
0
0
0
0
0
0
0
0
0
0
0
0
0
1.226816e+09
5.673665e+08
3.478323e+08
2.547147e+08
2.175748e+08
0
0
0
0
0
0
0
0
0
0
0
0
0
0
0
0
0
0
0
0
1.222725e+09
5.667714e+08
3.478716e+08
2.549566e+08
2.178313e+08
0
0
0
0
0
0
0
0
0
0
0
0
0
0
0
0
0
0
0
0
1.221106e+09
5.665691e+08
3.479764e+08
2.55116e+08
2.18036e+08
0
0
0
0
0
0
0
0
0
0
0
0
0
0
0
0
0
0
0
0
5.6686e+08
3.481259e+08
2.552415e+08
2.181462e+08
0
0
0
0
0
0
0
0
0
0
0
0
0
0
0
0
0
0
0
0
3.483647e+08
2.552958e+08
2.181888e+08
0
0
0
0
0
0
0
0
0
0
0
0
0
0
0
0
0
0
0
0
2.553027e+08
2.181107e+08
0
0
0
0
0
0
0
0
0
0
0
0
0
0
0
0
0
0
0
0
2.179387e+08
0
0
0
0
0
0
0
0
0
0
0
0
0
0
0
0
0
0
0
0
0
0
0
0
0
0
0
0
0
0
0
0
0
0
0
0
0
0
0
0
0
0
0
0
0
0
0
0
0
0
0
0
0
0
0
0
0
0
0
0
0
0
0
0
0
0
0
0
0
0
0
0
0
0
0
1.259006e+09
5.718534e+08
3.473641e+08
2.529151e+08
2.153829e+08
0
0
0
0
0
0
0
0
0
0
1.259046e+09
5.720312e+08
3.475454e+08
2.531045e+08
2.155566e+08
0
0
0
0
0
0
0
0
0
0
1.257668e+09
5.720265e+08
3.476839e+08
2.532927e+08
2.157544e+08
0
0
0
0
0
0
0
0
0
0
1.254385e+09
5.716043e+08
3.478192e+08
2.535246e+08
2.160313e+08
0
0
0
0
0
0
0
0
0
0
1.248717e+09
5.70719e+08
3.478093e+08
2.53781e+08
2.163605e+08
0
0
0
0
0
0
0
0
0
0
1.241392e+09
5.697749e+08
3.479551e+08
2.542135e+08
2.168537e+08
0
0
0
0
0
0
0
0
0
0
0
0
0
0
0
0
0
0
0
0
1.23385e+09
5.685887e+08
3.479833e+08
2.545728e+08
2.173234e+08
0
0
0
0
0
0
0
0
0
0
0
0
0
0
0
0
0
0
0
0
1.227562e+09
5.676613e+08
3.480138e+08
2.54854e+08
2.176858e+08
0
0
0
0
0
0
0
0
0
0
0
0
0
0
0
0
0
0
0
0
1.223565e+09
5.670532e+08
3.480549e+08
2.550695e+08
2.179748e+08
0
0
0
0
0
0
0
0
0
0
0
0
0
0
0
0
0
0
0
0
5.668715e+08
3.481365e+08
2.552403e+08
2.181525e+08
0
0
0
0
0
0
0
0
0
0
0
0
0
0
0
0
0
0
0
0
3.482885e+08
2.553506e+08
2.1826e+08
0
0
0
0
0
0
0
0
0
0
0
0
0
0
0
0
0
0
0
0
2.55425e+08
2.182646e+08
0
0
0
0
0
0
0
0
0
0
0
0
0
0
0
0
0
0
0
0
2.181861e+08
0
0
0
0
0
0
0
0
0
0
0
0
0
0
0
0
0
0
0
0
0
0
0
0
0
0
0
0
0
0
0
0
0
0
0
0
0
0
0
0
0
0
0
0
0
0
0
0
0
0
0
0
0
0
0
0
0
0
0
0
0
0
0
0
0
0
0
0
0
0
0
0
0
0
0
0
0
0
0
0
0
0
0
0
0
0
0
0
0
1.259991e+09
5.722402e+08
3.475572e+08
2.530763e+08
2.155162e+08
0
0
0
0
0
0
0
0
0
0
1.260092e+09
5.72436e+08
3.477329e+08
2.532426e+08
2.156928e+08
0
0
0
0
0
0
0
0
0
0
1.258627e+09
5.723585e+08
3.479018e+08
2.534265e+08
2.158894e+08
0
0
0
0
0
0
0
0
0
0
1.255409e+09
5.719306e+08
3.479854e+08
2.536753e+08
2.161539e+08
0
0
0
0
0
0
0
0
0
0
1.24954e+09
5.710854e+08
3.479891e+08
2.539109e+08
2.164784e+08
0
0
0
0
0
0
0
0
0
0
1.242204e+09
5.700857e+08
3.481453e+08
2.543454e+08
2.169919e+08
0
0
0
0
0
0
0
0
0
0
0
0
0
0
0
0
0
0
0
0
1.23451e+09
5.689405e+08
3.48152e+08
2.546941e+08
2.174446e+08
0
0
0
0
0
0
0
0
0
0
0
0
0
0
0
0
0
0
0
0
1.228452e+09
5.679385e+08
3.481786e+08
2.549863e+08
2.17804e+08
0
0
0
0
0
0
0
0
0
0
0
0
0
0
0
0
0
0
0
0
5.673304e+08
3.482188e+08
2.552021e+08
2.180709e+08
0
0
0
0
0
0
0
0
0
0
0
0
0
0
0
0
0
0
0
0
3.482955e+08
2.553582e+08
2.182584e+08
0
0
0
0
0
0
0
0
0
0
0
0
0
0
0
0
0
0
0
0
2.554633e+08
2.18353e+08
0
0
0
0
0
0
0
0
0
0
0
0
0
0
0
0
0
0
0
0
2.183732e+08
0
0
0
0
0
0
0
0
0
0
0
0
0
0
0
0
0
0
0
0
0
0
0
0
0
0
0
0
0
0
0
0
0
0
0
0
0
0
0
0
0
0
0
0
0
0
0
0
0
0
0
0
0
0
0
0
0
0
0
0
0
0
0
0
0
0
0
0
0
0
0
0
0
0
0
0
0
0
0
0
0
0
0
0
0
0
0
0
0
0
0
0
0
0
0
0
0
0
0
0
0
0
1.261028e+09
5.725741e+08
3.477638e+08
2.532121e+08
2.156517e+08
0
0
0
0
0
0
0
0
0
0
1.260994e+09
5.727962e+08
3.479507e+08
2.533766e+08
2.158088e+08
0
0
0
0
0
0
0
0
0
0
1.259475e+09
5.726889e+08
3.480834e+08
2.535807e+08
2.160021e+08
0
0
0
0
0
0
0
0
0
0
1.256233e+09
5.722909e+08
3.481607e+08
2.537962e+08
2.162806e+08
0
0
0
0
0
0
0
0
0
0
1.250463e+09
5.713741e+08
3.481915e+08
2.540416e+08
2.165879e+08
0
0
0
0
0
0
0
0
0
0
1.243011e+09
5.703663e+08
3.483189e+08
2.544846e+08
2.171037e+08
0
0
0
0
0
0
0
0
0
0
0
0
0
0
0
0
0
0
0
0
1.235381e+09
5.691755e+08
3.483509e+08
2.548182e+08
2.175474e+08
0
0
0
0
0
0
0
0
0
0
0
0
0
0
0
0
0
0
0
0
5.682337e+08
3.48339e+08
2.551063e+08
2.179169e+08
0
0
0
0
0
0
0
0
0
0
0
0
0
0
0
0
0
0
0
0
3.483642e+08
2.553238e+08
2.181835e+08
0
0
0
0
0
0
0
0
0
0
0
0
0
0
0
0
0
0
0
0
2.554685e+08
2.183594e+08
0
0
0
0
0
0
0
0
0
0
0
0
0
0
0
0
0
0
0
0
2.184476e+08
0
0
0
0
0
0
0
0
0
0
0
0
0
0
0
0
0
0
0
0
0
0
0
0
0
0
0
0
0
0
0
0
0
0
0
0
0
0
0
0
0
0
0
0
0
0
0
0
0
0
0
0
0
0
0
0
0
0
0
0
0
0
0
0
0
0
0
0
0
0
0
0
0
0
0
0
0
0
0
0
0
0
0
0
0
0
0
0
0
0
0
0
0
0
0
0
0
0
0
0
0
0
0
0
0
0
0
0
0
0
0
0
0
0
1.261977e+09
5.729307e+08
3.479469e+08
2.533571e+08
2.157658e+08
0
0
0
0
0
0
0
0
0
0
1.2619e+09
5.731011e+08
3.481484e+08
2.535299e+08
2.159221e+08
0
0
0
0
0
0
0
0
0
0
1.260357e+09
5.729804e+08
3.482655e+08
2.53711e+08
2.161321e+08
0
0
0
0
0
0
0
0
0
0
1.257097e+09
5.725765e+08
3.483603e+08
2.539201e+08
2.163833e+08
0
0
0
0
0
0
0
0
0
0
1.251155e+09
5.71694e+08
3.483543e+08
2.541867e+08
2.166991e+08
0
0
0
0
0
0
0
0
0
0
1.243769e+09
5.706622e+08
3.484753e+08
2.546109e+08
2.172227e+08
0
0
0
0
0
0
0
0
0
0
0
0
0
0
0
0
0
0
0
0
5.694637e+08
3.484838e+08
2.549633e+08
2.176535e+08
0
0
0
0
0
0
0
0
0
0
0
0
0
0
0
0
0
0
0
0
3.484932e+08
2.552251e+08
2.18019e+08
0
0
0
0
0
0
0
0
0
0
0
0
0
0
0
0
0
0
0
0
2.554249e+08
2.182883e+08
0
0
0
0
0
0
0
0
0
0
0
0
0
0
0
0
0
0
0
0
2.184521e+08
0
0
0
0
0
0
0
0
0
0
0
0
0
0
0
0
0
0
0
0
0
0
0
0
0
0
0
0
0
0
0
0
0
0
0
0
0
0
0
0
0
0
0
0
0
0
0
0
0
0
0
0
0
0
0
0
0
0
0
0
0
0
0
0
0
0
0
0
0
0
0
0
0
0
0
0
0
0
0
0
0
0
0
0
0
0
0
0
0
0
0
0
0
0
0
0
0
0
0
0
0
0
0
0
0
0
0
0
0
0
0
0
0
0
0
0
0
0
0
0
0
0
0
0
0
1.262921e+09
5.732517e+08
3.481423e+08
2.534889e+08
2.158875e+08
0
0
0
0
0
0
0
0
0
0
1.262798e+09
5.73413e+08
3.483148e+08
2.536717e+08
2.160509e+08
0
0
0
0
0
0
0
0
0
0
1.261133e+09
5.732821e+08
3.484276e+08
2.538421e+08
2.162423e+08
0
0
0
0
0
0
0
0
0
0
1.2578e+09
5.728802e+08
3.485198e+08
2.540638e+08
2.164875e+08
0
0
0
0
0
0
0
0
0
0
1.251928e+09
5.719468e+08
3.485298e+08
2.543059e+08
2.16822e+08
0
0
0
0
0
0
0
0
0
0
5.709053e+08
3.486441e+08
2.547247e+08
2.173302e+08
0
0
0
0
0
0
0
0
0
0
0
0
0
0
0
0
0
0
0
0
3.486351e+08
2.550607e+08
2.177771e+08
0
0
0
0
0
0
0
0
0
0
0
0
0
0
0
0
0
0
0
0
2.553318e+08
2.18121e+08
0
0
0
0
0
0
0
0
0
0
0
0
0
0
0
0
0
0
0
0
2.183732e+08
0
0
0
0
0
0
0
0
0
0
0
0
0
0
0
0
0
0
0
0
0
0
0
0
0
0
0
0
0
0
0
0
0
0
0
0
0
0
0
0
0
0
0
0
0
0
0
0
0
0
0
0
0
0
0
0
0
0
0
0
0
0
0
0
0
0
0
0
0
0
0
0
0
0
0
0
0
0
0
0
0
0
0
0
0
0
0
0
0
0
0
0
0
0
0
0
0
0
0
0
0
0
0
0
0
0
0
0
0
0
0
0
0
0
0
0
0
0
0
0
0
0
0
0
0
0
0
0
0
0
0
0
0
0
0
1.263749e+09
5.735836e+08
3.483162e+08
2.536288e+08
2.159991e+08
0
0
0
0
0
0
0
0
0
0
1.263592e+09
5.737281e+08
3.484867e+08
2.537909e+08
2.161709e+08
0
0
0
0
0
0
0
0
0
0
1.261824e+09
5.735519e+08
3.485918e+08
2.539599e+08
2.163534e+08
0
0
0
0
0
0
0
0
0
0
1.25854e+09
5.731323e+08
3.486903e+08
2.5418e+08
2.166093e+08
0
0
0
0
0
0
0
0
0
0
5.721913e+08
3.486768e+08
2.544318e+08
2.169236e+08
0
0
0
0
0
0
0
0
0
0
3.487696e+08
2.548485e+08
2.174269e+08
0
0
0
0
0
0
0
0
0
0
0
0
0
0
0
0
0
0
0
0
2.551658e+08
2.178603e+08
0
0
0
0
0
0
0
0
0
0
0
0
0
0
0
0
0
0
0
0
2.182105e+08
0
0
0
0
0
0
0
0
0
0
0
0
0
0
0
0
0
0
0
0
0
0
0
0
0
0
0
0
0
0
0
0
0
0
0
0
0
0
0
0
0
0
0
0
0
0
0
0
0
0
0
0
0
0
0
0
0
0
0
0
0
0
0
0
0
0
0
0
0
0
0
0
0
0
0
0
0
0
0
0
0
0
0
0
0
0
0
0
0
0
0
0
0
0
0
0
0
0
0
0
0
0
0
0
0
0
0
0
0
0
0
0
0
0
0
0
0
0
0
0
0
0
0
0
0
0
0
0
0
0
0
0
0
0
0
0
0
0
0
0
0
0
0
0
0
1.264628e+09
5.738703e+08
3.485022e+08
2.537525e+08
2.161175e+08
0
0
0
0
0
0
0
0
0
0
1.264263e+09
5.740009e+08
3.486619e+08
2.539148e+08
2.162716e+08
0
0
0
0
0
0
0
0
0
0
1.262554e+09
5.737905e+08
3.487441e+08
2.540769e+08
2.164534e+08
0
0
0
0
0
0
0
0
0
0
5.733683e+08
3.488343e+08
2.543043e+08
2.167082e+08
0
0
0
0
0
0
0
0
0
0
3.487998e+08
2.545416e+08
2.170301e+08
0
0
0
0
0
0
0
0
0
0
2.54935e+08
2.175328e+08
0
0
0
0
0
0
0
0
0
0
0
0
0
0
0
0
0
0
0
0
2.179486e+08
0
0
0
0
0
0
0
0
0
0
0
0
0
0
0
0
0
0
0
0
0
0
0
0
0
0
0
0
0
0
0
0
0
0
0
0
0
0
0
0
0
0
0
0
0
0
0
0
0
0
0
0
0
0
0
0
0
0
0
0
0
0
0
0
0
0
0
0
0
0
0
0
0
0
0
0
0
0
0
0
0
0
0
0
0
0
0
0
0
0
0
0
0
0
0
0
0
0
0
0
0
0
0
0
0
0
0
0
0
0
0
0
0
0
0
0
0
0
0
0
0
0
0
0
0
0
0
0
0
0
0
0
0
0
0
0
0
0
0
0
0
0
0
0
0
0
0
0
0
0
0
0
0
0
0
1.265295e+09
5.741759e+08
3.486615e+08
2.538879e+08
2.162217e+08
0
0
0
0
0
0
0
0
0
0
1.264891e+09
5.74236e+08
3.488137e+08
2.540412e+08
2.163766e+08
0
0
0
0
0
0
0
0
0
0
5.740296e+08
3.488757e+08
2.541889e+08
2.165521e+08
0
0
0
0
0
0
0
0
0
0
3.489543e+08
2.544105e+08
2.168139e+08
0
0
0
0
0
0
0
0
0
0
2.546243e+08
2.171246e+08
0
0
0
0
0
0
0
0
0
0
2.176052e+08
0
0
0
0
0
0
0
0
0
0
0
0
0
0
0
0
0
0
0
0
0
0
0
0
0
0
0
0
0
0
0
0
0
0
0
0
0
0
0
0
0
0
0
0
0
0
0
0
0
0
0
0
0
0
0
0
0
0
0
0
0
0
0
0
0
0
0
0
0
0
0
0
0
0
0
0
0
0
0
0
0
0
0
0
0
0
0
0
0
0
0
0
0
0
0
0
0
0
0
0
0
0
0
0
0
0
0
0
0
0
0
0
0
0
0
0
0
0
0
0
0
0
0
0
0
0
0
0
0
0
0
0
0
0
0
0
0
0
0
0
0
0
0
0
0
0
0
0
0
0
0
0
0
0
0
0
0
0
0
0
0
0
0
0
0
1.26594e+09
5.744112e+08
3.488306e+08
2.540034e+08
2.163369e+08
0
0
0
0
0
0
0
0
0
0
5.744326e+08
3.48946e+08
2.541517e+08
2.164838e+08
0
0
0
0
0
0
0
0
0
0
3.49001e+08
2.542838e+08
2.166476e+08
0
0
0
0
0
0
0
0
0
0
2.54492e+08
2.169048e+08
0
0
0
0
0
0
0
0
0
0
2.17193e+08
0
0
0
0
0
0
0
0
0
0
0
0
0
0
0
0
0
0
0
0
0
0
0
0
0
0
0
0
0
0
0
0
0
0
0
0
0
0
0
0
0
0
0
0
0
0
0
0
0
0
0
0
0
0
0
0
0
0
0
0
0
0
0
0
0
0
0
0
0
0
0
0
0
0
0
0
0
0
0
0
0
0
0
0
0
0
0
0
0
0
0
0
0
0
0
0
0
0
0
0
0
0
0
0
0
0
0
0
0
0
0
0
0
0
0
0
0
0
0
0
0
0
0
0
0
0
0
0
0
0
0
0
0
0
0
0
0
0
0
0
0
0
0
0
0
0
0
0
0
0
0
0
0
0
0
0
0
0
0
0
0
0
0
0
0
5.746129e+08
3.489637e+08
2.541252e+08
2.16435e+08
0
0
0
0
0
0
0
0
0
0
3.490461e+08
2.542485e+08
2.165777e+08
0
0
0
0
0
0
0
0
0
0
2.543707e+08
2.167281e+08
0
0
0
0
0
0
0
0
0
0
2.169726e+08
0
0
0
0
0
0
0
0
0
0
0
0
0
0
0
0
0
0
0
0
0
0
0
0
0
0
0
0
0
0
0
0
0
0
0
0
0
0
0
0
0
0
0
0
0
0
0
0
0
0
0
0
0
0
0
0
0
0
0
0
0
0
0
0
0
0
0
0
0
0
0
0
0
0
0
0
0
0
0
0
0
0
0
0
0
0
0
0
0
0
0
0
0
0
0
0
0
0
0
0
0
0
0
0
0
0
0
0
0
0
0
0
0
0
0
0
0
0
0
0
0
0
0
0
0
0
0
0
0
0
0
0
0
0
0
0
0
0
0
0
0
0
0
0
0
0
0
0
0
0
0
0
0
0
0
0
0
0
0
0
0
0
0
0
0
3.490655e+08
2.54223e+08
2.165381e+08
0
0
0
0
0
0
0
0
0
0
2.543171e+08
2.166603e+08
0
0
0
0
0
0
0
0
0
0
2.168009e+08
0
0
0
0
0
0
0
0
0
0
0
0
0
0
0
0
0
0
0
0
0
0
0
0
0
0
0
0
0
0
0
0
0
0
0
0
0
0
0
0
0
0
0
0
0
0
0
0
0
0
0
0
0
0
0
0
0
0
0
0
0
0
0
0
0
0
0
0
0
0
0
0
0
0
0
0
0
0
0
0
0
0
0
0
0
0
0
0
0
0
0
0
0
0
0
0
0
0
0
0
0
0
0
0
0
0
0
0
0
0
0
0
0
0
0
0
0
0
0
0
0
0
0
0
0
0
0
0
0
0
0
0
0
0
0
0
0
0
0
0
0
0
0
0
0
0
0
0
0
0
0
0
0
0
0
0
0
0
0
0
0
0
0
0
2.542919e+08
2.166217e+08
0
0
0
0
0
0
0
0
0
0
2.167173e+08
0
0
0
0
0
0
0
0
0
0
0
0
0
0
0
0
0
0
0
0
0
0
0
0
0
0
0
0
0
0
0
0
0
0
0
0
0
0
0
0
0
0
0
0
0
0
0
0
0
0
0
0
0
0
0
0
0
0
0
0
0
0
0
0
0
0
0
0
0
0
0
0
0
0
0
0
0
0
0
0
0
0
0
0
0
0
0
0
0
0
0
0
0
0
0
0
0
0
0
0
0
0
0
0
0
0
0
0
0
0
0
0
0
0
0
0
0
0
0
0
0
0
0
0
0
0
0
0
0
0
0
0
0
0
0
0
0
0
0
0
0
0
0
0
0
0
0
0
0
0
0
0
0
0
0
0
0
0
0
0
0
0
2.166787e+08
0
0
0
0
0
0
0
0
0
0
0
0
0
0
0
0
0
0
0
0
0
0
0
0
0
0
0
0
0
0
0
0
0
0
0
0
0
0
0
0
0
0
0
0
0
0
0
0
0
0
0
0
0
0
0
0
0
0
0
0
0
0
0
0
0
0
0
0
0
0
0
0
0
0
0
0
0
0
0
0
0
0
0
0
0
0
0
0
0
0
0
0
0
0
0
0
0
0
0
0
0
0
0
0
0
0
0
0
0
0
0
0
0
0
0
0
0
0
0
0
0
0
0
0
0
0
0
0
0
0
0
0
0
0
0
0
0
0
0
0
0
0
0
0
0
0
0
0
0
0
0
0
0
0
0
0
0
0
0
0
0
0
0
0
0
0
0
0
0
0
0
0
0
0
0
0
0
0
0
0
0
0
0
0
0
0
0
0
0
0
0
0
0
0
0
0
0
0
0
0
0
0
0
0
0
0
0
0
0
0
0
0
0
0
0
0
0
0
0
0
0
0
0
0
0
0
0
0
0
0
0
0
0
0
0
0
0
0
0
0
0
0
0
0
0
0
0
0
0
0
0
0
0
0
0
0
0
0
0
0
0
0
0
0
0
0
0
0
0
0
0
0
0
0
0
0
0
0
0
0
0
0
0
0
0
0
0
0
0
0
0
0
0
0
0
0
0
0
0
0
0
0
0
0
0
0
0
0
0
0
0
0
0
0
0
0
0
0
0
0
0
0
0
0
0
0
0
0
0
0
0
0
0
0
0
0
0
0
0
0
0
0
0
0
0
0
0
0
0
0
0
0
0
0
0
0
0
0
0
0
0
0
0
0
0
0
0
0
0
0
0
0
0
0
0
0
0
0
0
0
0
0
0
0
0
0
0
0
0
0
0
0
0
0
0
0
0
0
0
0
0
0
0
0
0
0
0
0
0
0
0
0
0
0
0
0
0
0
0
0
0
0
0
0
0
0
0
0
0
0
0
0
0
0
0
0
0
0
0
0
0
0
0
0
0
0
0
0
0
0
0
0
0
0
0
0
0
0
0
0
0
0
0
0
0
0
0
0
0
0
0
0
0
0
0
0
0
0
0
0
0
0
0
0
0
0
0
0
0
0
0
0
0
0
0
0
0
0
0
0
0
0
0
0
0
0
0
0
0
0
0
0
0
0
0
0
0
0
0
0
0
0
0
0
0
0
0
0
0
0
0
0
0
0
0
0
0
0
0
0
0
0
0
0
0
0
0
0
0
0
0
0
0
0
0
0
0
0
0
0
0
0
0
0
0
0
0
0
0
0
0
0
0
0
0
0
0
0
0
0
0
0
0
0
0
0
0
0
0
0
0
0
0
0
0
0
0
0
0
0
0
0
0
0
0
0
0
0
0
0
0
0
0
0
0
0
0
0
0
0
0
0
0
0
0
0
0
0
0
0
0
0
0
0
0
0
0
0
0
0
0
0
0
0
0
0
0
0
0
0
0
0
0
0
0
0
0
0
0
0
0
0
0
0
0
0
0
0
0
0
0
0
0
0
0
0
0
0
0
0
0
0
0
0
0
0
0
0
0
0
0
0
0
0
0
0
0
0
0
0
0
0
0
0
0
0
0
0
0
0
0
0
0
0
0
0
0
0
0
0
0
0
0
0
0
0
0
0
0
0
0
0
0
0
0
0
0
0
0
0
0
0
0
0
0
0
0
0
0
0
0
0
0
0
0
0
0
0
0
0
0
0
0
0
0
0
0
0
0
0
0
0
0
0
0
0
0
0
0
0
0
0
0
0
0
0
0
0
0
0
0
0
0
0
0
0
0
0
0
0
0
0
0
0
0
0
0
0
0
0
0
0
0
0
0
0
0
0
0
0
0
0
0
0
0
0
0
0
0
0
0
0
0
0
0
0
0
0
0
0
0
0
0
0
0
0
0
0
0
0
0
0
0
0
0
0
0
0
0
0
0
0
0
0
0
0
0
0
0
0
0
0
0
0
0
0
0
0
0
0
0
0
0
0
0
0
0
0
0
0
0
0
0
0
0
0
0
0
0
0
0
0
0
0
0
0
0
0
0
0
0
0
0
0
0
0
0
0
0
0
0
0
0
0
0
0
0
0
0
0
0
0
0
0
0
0
0
0
0
0
0
0
0
0
0
0
0
0
0
0
0
0
0
0
0
0
0
0
0
0
0
0
0
0
0
0
0
0
0
0
0
0
0
0
0
0
0
0
0
0
0
0
0
0
0
0
0
0
0
)
;

boundaryField
{
    anodeSides
    {
        type            calculated;
        value           uniform 0;
    }
    fuelInlet
    {
        type            calculated;
        value           uniform 0;
    }
    fuelOutlet
    {
        type            calculated;
        value           uniform 0;
    }
    fuel_to_electrolyte
    {
        type            calculated;
        value           uniform 0;
    }
    fuel_to_interconnect
    {
        type            calculated;
        value           uniform 0;
    }
}


// ************************************************************************* //
