/*--------------------------------*- C++ -*----------------------------------*\
| =========                 |                                                 |
| \\      /  F ield         | OpenFOAM: The Open Source CFD Toolbox           |
|  \\    /   O peration     | Version:  2312                                  |
|   \\  /    A nd           | Website:  www.openfoam.com                      |
|    \\/     M anipulation  |                                                 |
\*---------------------------------------------------------------------------*/
FoamFile
{
    version     2.0;
    format      ascii;
    arch        "LSB;label=32;scalar=64";
    class       volScalarField;
    location    "1.5/phiEA";
    object      J;
}
// * * * * * * * * * * * * * * * * * * * * * * * * * * * * * * * * * * * * * //

dimensions      [0 -3 0 0 0 1 0];

internalField   nonuniform List<scalar> 
20000
(
2.378059e+08
2.37765e+08
2.423634e+08
1.303578e+08
2.375193e+08
2.422945e+08
1.30446e+08
2.489451e+08
1.335659e+08
7.19126e+07
2.371782e+08
2.421259e+08
1.305428e+08
2.489464e+08
1.336577e+08
7.20656e+07
2.517129e+08
1.385405e+08
7.46938e+07
4.000987e+07
2.368323e+08
2.419455e+08
1.307734e+08
2.488086e+08
1.338181e+08
7.232531e+07
2.517368e+08
1.386556e+08
7.48523e+07
4.019451e+07
2.53125e+08
1.405286e+08
7.911035e+07
4.262544e+07
2.775326e+07
2.364753e+08
2.418103e+08
1.313038e+08
2.486676e+08
1.342131e+08
7.283309e+07
2.516142e+08
1.388465e+08
7.5171e+07
4.053556e+07
2.53178e+08
1.406638e+08
7.929117e+07
4.280963e+07
2.793654e+07
2.533555e+08
1.415896e+08
8.082943e+07
4.682204e+07
3.020883e+07
0
2.362701e+08
2.41697e+08
1.320153e+08
2.488613e+08
1.349035e+08
7.379659e+07
2.51455e+08
1.392391e+08
7.584423e+07
4.118211e+07
2.531131e+08
1.408515e+08
7.963402e+07
4.320824e+07
2.828948e+07
2.534348e+08
1.417478e+08
8.102342e+07
4.70386e+07
3.039336e+07
0
2.527024e+08
1.418065e+08
8.176267e+07
4.844154e+07
3.424749e+07
0
0
2.361796e+08
2.416626e+08
1.328045e+08
2.486749e+08
1.358122e+08
7.504725e+07
2.512933e+08
1.402088e+08
7.694472e+07
4.236411e+07
2.530384e+08
1.412179e+08
8.029125e+07
4.402357e+07
2.895287e+07
2.534228e+08
1.419816e+08
8.136298e+07
4.7455e+07
3.080427e+07
0
2.528022e+08
1.419861e+08
8.197768e+07
4.866406e+07
3.446563e+07
0
0
2.514209e+08
1.413768e+08
8.196762e+07
4.932975e+07
3.581086e+07
0
0
0
2.361472e+08
2.416675e+08
1.334907e+08
2.482403e+08
1.367433e+08
7.63472e+07
2.511654e+08
1.410605e+08
7.838035e+07
4.388382e+07
2.52982e+08
1.418506e+08
8.164566e+07
4.53293e+07
3.015649e+07
2.534268e+08
1.424162e+08
8.199026e+07
4.824437e+07
3.164328e+07
0
2.528325e+08
1.422631e+08
8.235946e+07
4.90787e+07
3.48893e+07
0
0
2.515315e+08
1.415738e+08
8.220229e+07
4.957246e+07
3.602908e+07
0
0
0
2.497567e+08
1.404692e+08
8.160746e+07
4.953602e+07
3.668064e+07
0
0
0
0
2.361382e+08
2.417311e+08
1.33979e+08
2.481068e+08
1.375126e+08
7.7437e+07
2.511036e+08
1.416389e+08
7.981262e+07
4.543923e+07
2.529661e+08
1.427529e+08
8.302524e+07
4.703262e+07
3.169022e+07
2.534716e+08
1.431356e+08
8.302294e+07
4.978299e+07
3.296592e+07
0
2.529022e+08
1.427626e+08
8.30495e+07
4.98349e+07
3.568813e+07
0
0
2.515849e+08
1.418871e+08
8.262413e+07
5.00278e+07
3.644905e+07
0
0
0
2.498982e+08
1.406765e+08
8.185854e+07
4.979787e+07
3.69183e+07
0
0
0
0
2.466892e+08
1.392761e+08
8.082205e+07
4.920881e+07
3.690148e+07
0
0
0
0
0
2.361382e+08
2.417392e+08
1.342297e+08
2.47951e+08
1.381258e+08
7.819779e+07
2.51081e+08
1.422909e+08
8.098134e+07
4.673095e+07
2.530473e+08
1.436715e+08
8.412302e+07
4.871545e+07
3.325417e+07
2.536141e+08
1.441335e+08
8.444961e+07
5.142228e+07
3.468112e+07
0
2.531124e+08
1.435669e+08
8.416234e+07
5.106475e+07
3.721543e+07
0
0
2.517108e+08
1.424444e+08
8.337437e+07
5.084455e+07
3.721142e+07
0
0
0
2.499682e+08
1.410118e+08
8.231458e+07
5.029228e+07
3.737742e+07
0
0
0
0
2.469266e+08
1.395432e+08
8.108307e+07
4.948691e+07
3.715787e+07
0
0
0
0
0
2.455304e+08
1.369723e+08
7.978363e+07
4.847495e+07
3.661091e+07
0
0
0
0
0
0
2.361472e+08
2.417392e+08
1.342297e+08
2.476636e+08
1.383931e+08
7.858483e+07
2.510742e+08
1.426801e+08
8.188101e+07
4.762792e+07
2.530833e+08
1.444275e+08
8.51801e+07
5.00835e+07
3.454997e+07
2.537064e+08
1.452138e+08
8.587176e+07
5.27827e+07
3.636702e+07
0
2.532727e+08
1.447367e+08
8.567868e+07
5.274844e+07
3.885628e+07
0
0
2.519395e+08
1.434602e+08
8.456678e+07
5.215187e+07
3.844527e+07
0
0
0
2.502002e+08
1.416492e+08
8.311982e+07
5.116778e+07
3.819803e+07
0
0
0
0
2.474597e+08
1.399213e+08
8.156065e+07
5.001527e+07
3.765527e+07
0
0
0
0
0
2.457067e+08
1.372871e+08
8.011545e+07
4.876322e+07
3.688361e+07
0
0
0
0
0
0
2.449763e+08
1.362984e+08
7.774338e+07
4.750064e+07
3.592473e+07
0
0
0
0
0
0
0
2.361796e+08
2.417311e+08
1.33979e+08
2.476636e+08
1.383931e+08
7.858483e+07
2.510722e+08
1.427344e+08
8.228427e+07
4.808303e+07
2.53107e+08
1.449482e+08
8.585094e+07
5.112742e+07
3.54484e+07
2.538099e+08
1.460259e+08
8.702955e+07
5.403767e+07
3.773577e+07
0
2.534307e+08
1.457864e+08
8.726875e+07
5.441716e+07
4.023916e+07
0
0
2.52145e+08
1.445987e+08
8.626296e+07
5.392266e+07
4.012697e+07
0
0
0
2.504697e+08
1.426743e+08
8.454099e+07
5.255304e+07
3.950643e+07
0
0
0
0
2.479456e+08
1.40645e+08
8.24555e+07
5.094568e+07
3.853345e+07
0
0
0
0
0
2.459038e+08
1.380346e+08
8.064519e+07
4.931378e+07
3.74152e+07
0
0
0
0
0
0
2.451338e+08
1.365562e+08
7.810638e+07
4.786785e+07
3.620817e+07
0
0
0
0
0
0
0
2.44444e+08
1.35931e+08
7.723958e+07
4.557415e+07
3.500835e+07
0
0
0
0
0
0
0
0
2.362701e+08
2.416675e+08
1.334907e+08
2.47951e+08
1.381258e+08
7.819779e+07
2.510722e+08
1.427344e+08
8.228427e+07
4.808303e+07
2.531188e+08
1.452109e+08
8.60738e+07
5.159835e+07
3.590388e+07
2.538571e+08
1.465739e+08
8.782329e+07
5.484898e+07
3.878283e+07
0
2.535518e+08
1.466762e+08
8.84848e+07
5.577139e+07
4.149074e+07
0
0
2.523565e+08
1.456989e+08
8.780733e+07
5.576099e+07
4.179125e+07
0
0
0
2.508022e+08
1.438491e+08
8.618851e+07
5.450979e+07
4.127229e+07
0
0
0
0
2.486859e+08
1.416233e+08
8.387872e+07
5.256918e+07
3.991842e+07
0
0
0
0
0
2.462495e+08
1.389692e+08
8.162256e+07
5.034166e+07
3.834903e+07
0
0
0
0
0
0
2.45332e+08
1.369981e+08
7.897287e+07
4.847823e+07
3.676344e+07
0
0
0
0
0
0
0
2.445931e+08
1.361755e+08
7.754636e+07
4.596378e+07
3.537891e+07
0
0
0
0
0
0
0
0
2.439435e+08
1.35568e+08
7.693029e+07
4.514055e+07
3.318426e+07
0
0
0
0
0
0
0
0
0
2.364753e+08
2.416626e+08
1.328045e+08
2.481068e+08
1.375126e+08
7.7437e+07
2.510742e+08
1.426801e+08
8.188101e+07
4.762792e+07
2.531188e+08
1.452109e+08
8.60738e+07
5.159835e+07
3.590388e+07
2.538773e+08
1.468491e+08
8.822305e+07
5.515478e+07
3.925356e+07
0
2.536298e+08
1.472522e+08
8.930439e+07
5.669829e+07
4.230601e+07
0
0
2.525167e+08
1.465755e+08
8.909181e+07
5.717724e+07
4.31407e+07
0
0
0
2.510976e+08
1.449945e+08
8.777867e+07
5.629683e+07
4.310412e+07
0
0
0
0
2.492347e+08
1.428974e+08
8.556328e+07
5.447244e+07
4.18712e+07
0
0
0
0
0
2.466687e+08
1.403086e+08
8.297256e+07
5.196058e+07
3.99777e+07
0
0
0
0
0
0
2.455692e+08
1.37809e+08
8.014758e+07
4.958673e+07
3.780295e+07
0
0
0
0
0
0
0
2.447732e+08
1.366637e+08
7.812011e+07
4.688925e+07
3.600411e+07
0
0
0
0
0
0
0
0
2.440866e+08
1.358067e+08
7.722564e+07
4.547333e+07
3.356896e+07
0
0
0
0
0
0
0
0
0
2.435045e+08
1.352188e+08
7.662281e+07
4.485102e+07
3.27913e+07
0
0
0
0
0
0
0
0
0
0
2.368323e+08
2.41697e+08
1.320153e+08
2.482403e+08
1.367433e+08
7.63472e+07
2.51081e+08
1.422909e+08
8.098134e+07
4.673095e+07
2.53107e+08
1.449482e+08
8.585094e+07
5.112742e+07
3.54484e+07
2.538773e+08
1.468491e+08
8.822305e+07
5.515478e+07
3.925356e+07
0
2.536673e+08
1.475381e+08
8.971597e+07
5.716482e+07
4.262622e+07
0
0
2.526192e+08
1.471683e+08
8.994394e+07
5.81291e+07
4.406379e+07
0
0
0
2.513132e+08
1.459041e+08
8.904872e+07
5.776786e+07
4.451682e+07
0
0
0
0
2.496615e+08
1.441086e+08
8.719628e+07
5.630357e+07
4.365033e+07
0
0
0
0
0
2.471756e+08
1.417612e+08
8.474179e+07
5.390723e+07
4.187788e+07
0
0
0
0
0
0
2.459141e+08
1.389089e+08
8.181804e+07
5.112514e+07
3.942516e+07
0
0
0
0
0
0
0
2.449861e+08
1.373484e+08
7.917632e+07
4.819264e+07
3.711704e+07
0
0
0
0
0
0
0
0
2.442539e+08
1.362815e+08
7.786355e+07
4.611647e+07
3.447626e+07
0
0
0
0
0
0
0
0
0
2.43642e+08
1.354538e+08
7.691332e+07
4.517326e+07
3.311838e+07
0
0
0
0
0
0
0
0
0
0
2.432138e+08
1.349103e+08
7.632243e+07
4.456751e+07
3.25124e+07
0
0
0
0
0
0
0
0
0
0
0
2.371782e+08
2.418103e+08
1.313038e+08
2.486749e+08
1.358122e+08
7.504725e+07
2.511036e+08
1.416389e+08
7.981261e+07
4.543922e+07
2.530833e+08
1.444275e+08
8.51801e+07
5.00835e+07
3.454996e+07
2.538571e+08
1.465739e+08
8.782329e+07
5.484898e+07
3.878283e+07
0
2.536673e+08
1.475381e+08
8.971597e+07
5.716482e+07
4.262622e+07
0
0
2.526684e+08
1.474648e+08
9.03708e+07
5.860701e+07
4.452827e+07
0
0
0
2.51449e+08
1.465178e+08
8.990987e+07
5.875581e+07
4.546393e+07
0
0
0
0
2.499565e+08
1.450621e+08
8.849776e+07
5.776633e+07
4.51117e+07
0
0
0
0
0
2.476636e+08
1.430812e+08
8.643508e+07
5.578137e+07
4.369947e+07
0
0
0
0
0
0
2.463293e+08
1.40326e+08
8.375321e+07
5.314219e+07
4.137539e+07
0
0
0
0
0
0
0
2.453003e+08
1.383897e+08
8.063923e+07
5.003245e+07
3.865286e+07
0
0
0
0
0
0
0
0
2.4445e+08
1.369496e+08
7.878383e+07
4.730279e+07
3.57838e+07
0
0
0
0
0
0
0
0
0
2.437976e+08
1.359194e+08
7.753924e+07
4.589139e+07
3.376162e+07
0
0
0
0
0
0
0
0
0
0
2.433457e+08
1.351417e+08
7.660983e+07
4.488531e+07
3.282959e+07
0
0
0
0
0
0
0
0
0
0
0
2.430002e+08
1.347104e+08
7.605553e+07
4.428781e+07
3.224968e+07
0
0
0
0
0
0
0
0
0
0
0
0
2.375193e+08
2.419455e+08
1.307734e+08
2.488613e+08
1.349035e+08
7.379659e+07
2.511654e+08
1.410605e+08
7.838035e+07
4.388382e+07
2.530473e+08
1.436715e+08
8.412302e+07
4.871545e+07
3.325417e+07
2.538099e+08
1.460259e+08
8.702955e+07
5.403767e+07
3.773577e+07
0
2.536298e+08
1.472522e+08
8.930439e+07
5.669829e+07
4.230601e+07
0
0
2.526684e+08
1.474648e+08
9.03708e+07
5.860701e+07
4.452827e+07
0
0
0
2.515139e+08
1.468242e+08
9.034135e+07
5.925502e+07
4.593929e+07
0
0
0
0
2.501371e+08
1.457022e+08
8.937872e+07
5.875842e+07
4.609663e+07
0
0
0
0
0
2.482928e+08
1.441004e+08
8.777692e+07
5.727565e+07
4.515368e+07
0
0
0
0
0
0
2.466921e+08
1.416951e+08
8.554797e+07
5.50751e+07
4.324076e+07
0
0
0
0
0
0
0
2.456834e+08
1.397346e+08
8.254181e+07
5.221329e+07
4.066053e+07
0
0
0
0
0
0
0
0
2.447432e+08
1.379698e+08
8.01934e+07
4.895439e+07
3.760208e+07
0
0
0
0
0
0
0
0
0
2.439779e+08
1.365768e+08
7.844544e+07
4.693495e+07
3.49538e+07
0
0
0
0
0
0
0
0
0
0
2.434891e+08
1.355988e+08
7.722769e+07
4.559215e+07
3.355446e+07
0
0
0
0
0
0
0
0
0
0
0
2.43126e+08
1.349378e+08
7.633992e+07
4.460287e+07
3.256281e+07
0
0
0
0
0
0
0
0
0
0
0
0
2.429262e+08
1.345529e+08
7.588447e+07
4.403846e+07
3.198933e+07
0
0
0
0
0
0
0
0
0
0
0
0
0
2.37765e+08
2.421259e+08
1.305428e+08
2.486676e+08
1.342131e+08
7.283309e+07
2.512933e+08
1.402088e+08
7.694472e+07
4.236411e+07
2.529661e+08
1.427529e+08
8.302524e+07
4.703262e+07
3.169022e+07
2.537064e+08
1.452138e+08
8.587176e+07
5.27827e+07
3.636702e+07
0
2.535518e+08
1.466762e+08
8.84848e+07
5.577138e+07
4.149074e+07
0
0
2.526191e+08
1.471683e+08
8.994394e+07
5.81291e+07
4.406379e+07
0
0
0
2.515139e+08
1.468242e+08
9.034135e+07
5.925502e+07
4.593929e+07
0
0
0
0
2.502222e+08
1.460211e+08
8.981973e+07
5.925565e+07
4.659754e+07
0
0
0
0
0
2.485569e+08
1.447775e+08
8.868228e+07
5.828765e+07
4.613959e+07
0
0
0
0
0
0
2.469544e+08
1.429613e+08
8.695101e+07
5.66089e+07
4.472698e+07
0
0
0
0
0
0
0
2.460224e+08
1.410032e+08
8.438163e+07
5.424682e+07
4.258305e+07
0
0
0
0
0
0
0
0
2.451048e+08
1.392926e+08
8.203059e+07
5.110544e+07
3.977434e+07
0
0
0
0
0
0
0
0
0
2.442515e+08
1.375837e+08
7.983722e+07
4.853498e+07
3.660636e+07
0
0
0
0
0
0
0
0
0
0
2.436527e+08
1.36246e+08
7.812511e+07
4.662288e+07
3.46022e+07
0
0
0
0
0
0
0
0
0
0
0
2.432569e+08
1.353857e+08
7.69502e+07
4.530222e+07
3.327713e+07
0
0
0
0
0
0
0
0
0
0
0
0
2.43094e+08
1.347758e+08
7.616544e+07
4.435083e+07
3.230009e+07
0
0
0
0
0
0
0
0
0
0
0
0
0
2.429074e+08
1.344972e+08
7.574609e+07
4.387986e+07
3.175712e+07
0
0
0
0
0
0
0
0
0
0
0
0
0
0
2.378059e+08
2.422946e+08
1.30446e+08
2.488086e+08
1.338181e+08
7.232531e+07
2.51455e+08
1.392391e+08
7.584423e+07
4.118211e+07
2.52982e+08
1.418506e+08
8.164566e+07
4.53293e+07
3.015649e+07
2.536141e+08
1.441335e+08
8.444961e+07
5.142228e+07
3.468112e+07
0
2.534307e+08
1.457864e+08
8.726875e+07
5.441716e+07
4.023916e+07
0
0
2.525167e+08
1.465755e+08
8.909181e+07
5.717724e+07
4.314069e+07
0
0
0
2.51449e+08
1.465177e+08
8.990987e+07
5.875581e+07
4.546393e+07
0
0
0
0
2.502222e+08
1.460211e+08
8.981973e+07
5.925565e+07
4.659754e+07
0
0
0
0
0
2.486713e+08
1.451132e+08
8.913477e+07
5.879446e+07
4.66336e+07
0
0
0
0
0
0
2.471197e+08
1.437065e+08
8.789085e+07
5.764483e+07
4.573311e+07
0
0
0
0
0
0
0
2.462696e+08
1.419963e+08
8.599629e+07
5.584133e+07
4.410802e+07
0
0
0
0
0
0
0
0
2.454282e+08
1.405447e+08
8.377911e+07
5.31841e+07
4.179866e+07
0
0
0
0
0
0
0
0
0
2.445929e+08
1.388925e+08
8.165558e+07
5.062318e+07
3.875291e+07
0
0
0
0
0
0
0
0
0
0
2.439052e+08
1.372401e+08
7.950594e+07
4.820677e+07
3.620415e+07
0
0
0
0
0
0
0
0
0
0
0
2.434041e+08
1.360213e+08
7.783912e+07
4.632527e+07
3.431324e+07
0
0
0
0
0
0
0
0
0
0
0
0
2.431706e+08
1.352137e+08
7.676739e+07
4.504311e+07
3.30077e+07
0
0
0
0
0
0
0
0
0
0
0
0
0
2.430737e+08
1.347897e+08
7.602308e+07
4.418907e+07
3.206556e+07
0
0
0
0
0
0
0
0
0
0
0
0
0
0
2.429293e+08
1.344658e+08
7.569768e+07
4.374859e+07
3.161037e+07
0
0
0
0
0
0
0
0
0
0
0
0
0
0
0
2.423634e+08
1.303578e+08
2.489464e+08
1.336577e+08
7.20656e+07
2.516142e+08
1.388465e+08
7.5171e+07
4.053556e+07
2.530384e+08
1.412179e+08
8.029125e+07
4.402357e+07
2.895287e+07
2.534716e+08
1.431356e+08
8.302294e+07
4.978299e+07
3.296592e+07
0
2.532727e+08
1.447367e+08
8.567868e+07
5.274844e+07
3.885628e+07
0
0
2.523565e+08
1.456989e+08
8.780733e+07
5.576099e+07
4.179125e+07
0
0
0
2.513132e+08
1.459041e+08
8.904872e+07
5.776786e+07
4.451682e+07
0
0
0
0
2.501371e+08
1.457022e+08
8.937872e+07
5.875842e+07
4.609664e+07
0
0
0
0
0
2.486713e+08
1.451132e+08
8.913477e+07
5.879446e+07
4.66336e+07
0
0
0
0
0
0
2.472054e+08
1.440663e+08
8.835888e+07
5.81629e+07
4.623685e+07
0
0
0
0
0
0
0
2.464327e+08
1.426614e+08
8.699849e+07
5.691149e+07
4.51377e+07
0
0
0
0
0
0
0
0
2.45666e+08
1.415275e+08
8.515909e+07
5.497043e+07
4.338519e+07
0
0
0
0
0
0
0
0
0
2.449015e+08
1.401346e+08
8.339008e+07
5.261421e+07
4.082456e+07
0
0
0
0
0
0
0
0
0
0
2.442243e+08
1.385359e+08
8.131285e+07
5.027793e+07
3.828934e+07
0
0
0
0
0
0
0
0
0
0
2.436368e+08
1.370005e+08
7.920931e+07
4.789962e+07
3.590062e+07
0
0
0
0
0
0
0
0
0
0
0
0
2.433066e+08
1.358369e+08
7.764626e+07
4.605864e+07
3.403736e+07
0
0
0
0
0
0
0
0
0
0
0
0
0
2.431413e+08
1.351472e+08
7.661595e+07
4.487343e+07
3.276685e+07
0
0
0
0
0
0
0
0
0
0
0
0
0
0
2.430955e+08
1.347593e+08
7.605427e+07
4.405403e+07
3.19159e+07
0
0
0
0
0
0
0
0
0
0
0
0
0
0
0
2.429658e+08
1.344733e+08
7.566364e+07
4.370258e+07
3.148337e+07
0
0
0
0
0
0
0
0
0
0
0
0
0
0
0
0
2.489451e+08
1.335659e+08
7.19126e+07
2.517368e+08
1.386556e+08
7.48523e+07
4.019451e+07
2.531131e+08
1.408515e+08
7.963402e+07
4.320824e+07
2.828948e+07
2.534268e+08
1.424162e+08
8.199026e+07
4.824437e+07
3.164328e+07
0
2.531124e+08
1.435669e+08
8.416234e+07
5.106475e+07
3.721543e+07
0
0
2.52145e+08
1.445987e+08
8.626295e+07
5.392266e+07
4.012697e+07
0
0
0
2.510976e+08
1.449945e+08
8.777866e+07
5.629683e+07
4.310412e+07
0
0
0
0
2.499565e+08
1.450621e+08
8.849776e+07
5.776632e+07
4.51117e+07
0
0
0
0
0
2.485569e+08
1.447775e+08
8.868228e+07
5.828765e+07
4.613959e+07
0
0
0
0
0
0
2.472054e+08
1.440663e+08
8.835888e+07
5.81629e+07
4.623685e+07
0
0
0
0
0
0
0
2.465074e+08
1.430041e+08
8.748892e+07
5.744499e+07
4.565255e+07
0
0
0
0
0
0
0
0
2.458236e+08
1.42198e+08
8.60888e+07
5.610143e+07
4.444961e+07
0
0
0
0
0
0
0
0
0
2.451301e+08
1.411113e+08
8.476149e+07
5.418835e+07
4.258263e+07
0
0
0
0
0
0
0
0
0
0
2.445158e+08
1.397683e+08
8.303909e+07
5.225639e+07
4.02756e+07
0
0
0
0
0
0
0
0
0
0
2.439362e+08
1.382807e+08
8.100529e+07
4.996085e+07
3.797057e+07
0
0
0
0
0
0
0
0
0
0
2.435272e+08
1.368016e+08
7.900366e+07
4.762363e+07
3.561686e+07
0
0
0
0
0
0
0
0
0
0
0
0
0
2.432666e+08
1.357604e+08
7.748399e+07
4.587974e+07
3.379021e+07
0
0
0
0
0
0
0
0
0
0
0
0
0
0
2.431636e+08
1.351047e+08
7.655749e+07
4.472968e+07
3.26098e+07
0
0
0
0
0
0
0
0
0
0
0
0
0
0
0
2.431326e+08
1.347662e+08
7.602547e+07
4.409117e+07
3.178529e+07
0
0
0
0
0
0
0
0
0
0
0
0
0
0
0
0
2.430043e+08
1.34501e+08
7.566773e+07
4.366554e+07
3.143651e+07
0
0
0
0
0
0
0
0
0
0
0
0
0
0
0
0
0
2.517129e+08
1.385405e+08
7.46938e+07
4.000987e+07
2.53178e+08
1.406638e+08
7.929117e+07
4.280963e+07
2.793654e+07
2.534228e+08
1.419816e+08
8.136298e+07
4.7455e+07
3.080427e+07
0
2.529022e+08
1.427626e+08
8.30495e+07
4.98349e+07
3.568813e+07
0
0
2.519395e+08
1.434602e+08
8.456678e+07
5.215187e+07
3.844527e+07
0
0
0
2.508022e+08
1.438491e+08
8.618851e+07
5.450979e+07
4.127229e+07
0
0
0
0
2.496615e+08
1.441086e+08
8.719628e+07
5.630357e+07
4.365033e+07
0
0
0
0
0
2.482928e+08
1.441004e+08
8.777691e+07
5.727565e+07
4.515368e+07
0
0
0
0
0
0
2.471197e+08
1.437065e+08
8.789084e+07
5.764482e+07
4.573311e+07
0
0
0
0
0
0
0
2.465074e+08
1.430041e+08
8.748892e+07
5.744499e+07
4.565255e+07
0
0
0
0
0
0
0
0
2.45896e+08
1.425257e+08
8.656985e+07
5.665708e+07
4.498015e+07
0
0
0
0
0
0
0
0
0
2.452829e+08
1.417779e+08
8.570259e+07
5.525017e+07
4.3708e+07
0
0
0
0
0
0
0
0
0
0
2.447333e+08
1.40739e+08
8.440548e+07
5.382303e+07
4.184504e+07
0
0
0
0
0
0
0
0
0
0
2.442128e+08
1.395011e+08
8.272345e+07
5.193224e+07
3.994576e+07
0
0
0
0
0
0
0
0
0
0
2.438148e+08
1.380672e+08
8.078618e+07
4.967529e+07
3.76787e+07
0
0
0
0
0
0
0
0
0
0
2.434732e+08
1.367148e+08
7.88286e+07
4.743301e+07
3.536195e+07
0
0
0
0
0
0
0
0
0
0
0
0
0
0
2.432891e+08
1.357069e+08
7.741615e+07
4.572579e+07
3.362478e+07
0
0
0
0
0
0
0
0
0
0
0
0
0
0
0
2.432025e+08
1.351114e+08
7.651229e+07
4.467363e+07
3.247078e+07
0
0
0
0
0
0
0
0
0
0
0
0
0
0
0
0
2.431705e+08
1.347939e+08
7.602864e+07
4.406409e+07
3.18217e+07
0
0
0
0
0
0
0
0
0
0
0
0
0
0
0
0
0
2.428961e+08
1.345429e+08
7.569387e+07
4.366714e+07
3.139402e+07
0
0
0
0
0
0
0
0
0
0
0
0
0
0
0
0
0
0
2.53125e+08
1.405286e+08
7.911035e+07
4.262544e+07
2.775326e+07
2.534348e+08
1.417478e+08
8.102342e+07
4.70386e+07
3.039336e+07
0
2.528325e+08
1.422631e+08
8.235946e+07
4.90787e+07
3.48893e+07
0
0
2.517108e+08
1.424444e+08
8.337437e+07
5.084455e+07
3.721142e+07
0
0
0
2.504697e+08
1.426743e+08
8.454099e+07
5.255304e+07
3.950643e+07
0
0
0
0
2.492347e+08
1.428974e+08
8.556328e+07
5.447243e+07
4.18712e+07
0
0
0
0
0
2.476636e+08
1.430812e+08
8.643507e+07
5.578137e+07
4.369947e+07
0
0
0
0
0
0
2.469544e+08
1.429612e+08
8.695101e+07
5.66089e+07
4.472698e+07
0
0
0
0
0
0
0
2.464326e+08
1.426614e+08
8.699849e+07
5.691148e+07
4.51377e+07
0
0
0
0
0
0
0
0
2.45896e+08
1.425257e+08
8.656985e+07
5.665708e+07
4.498015e+07
0
0
0
0
0
0
0
0
0
2.453617e+08
1.421041e+08
8.616368e+07
5.580228e+07
4.42611e+07
0
0
0
0
0
0
0
0
0
0
2.448792e+08
1.414028e+08
8.534304e+07
5.490159e+07
4.290329e+07
0
0
0
0
0
0
0
0
0
0
2.444265e+08
1.404638e+08
8.408492e+07
5.349466e+07
4.150881e+07
0
0
0
0
0
0
0
0
0
0
2.440828e+08
1.392769e+08
8.249397e+07
5.163972e+07
3.964836e+07
0
0
0
0
0
0
0
0
0
0
2.437455e+08
1.37971e+08
8.059855e+07
4.947243e+07
3.741605e+07
0
0
0
0
0
0
0
0
0
0
2.434954e+08
1.366472e+08
7.875166e+07
4.726708e+07
3.518598e+07
0
0
0
0
0
0
0
0
0
0
0
0
0
0
0
2.433307e+08
1.357131e+08
7.736e+07
4.566029e+07
3.347604e+07
0
0
0
0
0
0
0
0
0
0
0
0
0
0
0
0
2.4324e+08
1.351406e+08
7.651515e+07
4.462508e+07
3.241356e+07
0
0
0
0
0
0
0
0
0
0
0
0
0
0
0
0
0
2.430594e+08
1.34835e+08
7.605468e+07
4.406461e+07
3.179154e+07
0
0
0
0
0
0
0
0
0
0
0
0
0
0
0
0
0
0
2.428912e+08
1.344631e+08
7.573493e+07
4.369238e+07
3.139146e+07
0
0
0
0
0
0
0
0
0
0
0
0
0
0
0
0
0
0
0
2.533555e+08
1.415896e+08
8.082943e+07
4.682204e+07
3.020883e+07
0
2.528022e+08
1.419861e+08
8.197768e+07
4.866406e+07
3.446563e+07
0
0
2.515849e+08
1.418871e+08
8.262413e+07
5.00278e+07
3.644905e+07
0
0
0
2.502002e+08
1.416492e+08
8.311982e+07
5.116778e+07
3.819803e+07
0
0
0
0
2.486859e+08
1.416233e+08
8.387872e+07
5.256918e+07
3.991842e+07
0
0
0
0
0
2.471756e+08
1.417612e+08
8.474179e+07
5.390722e+07
4.187788e+07
0
0
0
0
0
0
2.466921e+08
1.416951e+08
8.554797e+07
5.50751e+07
4.324076e+07
0
0
0
0
0
0
0
2.462696e+08
1.419963e+08
8.599629e+07
5.584133e+07
4.410802e+07
0
0
0
0
0
0
0
0
2.458236e+08
1.42198e+08
8.60888e+07
5.610143e+07
4.444961e+07
0
0
0
0
0
0
0
0
0
2.453617e+08
1.421041e+08
8.616368e+07
5.580228e+07
4.42611e+07
0
0
0
0
0
0
0
0
0
0
2.449547e+08
1.417422e+08
8.580291e+07
5.542904e+07
4.345538e+07
0
0
0
0
0
0
0
0
0
0
2.445667e+08
1.411225e+08
8.502013e+07
5.456994e+07
4.258634e+07
0
0
0
0
0
0
0
0
0
0
2.442913e+08
1.402438e+08
8.384853e+07
5.319797e+07
4.120824e+07
0
0
0
0
0
0
0
0
0
0
2.440017e+08
1.391745e+08
8.229735e+07
5.142749e+07
3.938026e+07
0
0
0
0
0
0
0
0
0
0
2.437674e+08
1.378879e+08
8.05134e+07
4.929487e+07
3.722921e+07
0
0
0
0
0
0
0
0
0
0
2.435401e+08
1.366523e+08
7.868145e+07
4.719264e+07
3.502589e+07
0
0
0
0
0
0
0
0
0
0
0
0
0
0
0
0
2.433672e+08
1.357443e+08
7.73621e+07
4.560049e+07
3.34088e+07
0
0
0
0
0
0
0
0
0
0
0
0
0
0
0
0
0
2.431237e+08
1.351813e+08
7.654254e+07
4.462513e+07
3.235907e+07
0
0
0
0
0
0
0
0
0
0
0
0
0
0
0
0
0
0
2.430037e+08
1.347531e+08
7.609465e+07
4.408963e+07
3.178776e+07
0
0
0
0
0
0
0
0
0
0
0
0
0
0
0
0
0
0
0
2.428061e+08
1.344898e+08
7.56629e+07
4.373488e+07
3.1414e+07
0
0
0
0
0
0
0
0
0
0
0
0
0
0
0
0
0
0
0
0
2.527024e+08
1.418065e+08
8.176267e+07
4.844154e+07
3.424749e+07
0
0
2.515315e+08
1.415738e+08
8.220229e+07
4.957246e+07
3.602908e+07
0
0
0
2.499682e+08
1.410118e+08
8.231458e+07
5.029228e+07
3.737742e+07
0
0
0
0
2.479456e+08
1.40645e+08
8.24555e+07
5.094568e+07
3.853345e+07
0
0
0
0
0
2.466687e+08
1.403086e+08
8.297256e+07
5.196058e+07
3.99777e+07
0
0
0
0
0
0
2.463293e+08
1.40326e+08
8.37532e+07
5.314219e+07
4.137539e+07
0
0
0
0
0
0
0
2.460223e+08
1.410032e+08
8.438163e+07
5.424682e+07
4.258305e+07
0
0
0
0
0
0
0
0
2.45666e+08
1.415275e+08
8.515909e+07
5.497043e+07
4.338519e+07
0
0
0
0
0
0
0
0
0
2.452829e+08
1.417779e+08
8.570259e+07
5.525016e+07
4.3708e+07
0
0
0
0
0
0
0
0
0
0
2.449547e+08
1.417422e+08
8.580291e+07
5.542904e+07
4.345538e+07
0
0
0
0
0
0
0
0
0
0
2.446299e+08
1.414593e+08
8.549883e+07
5.509639e+07
4.311209e+07
0
0
0
0
0
0
0
0
0
0
2.444292e+08
1.408993e+08
8.477911e+07
5.427125e+07
4.228306e+07
0
0
0
0
0
0
0
0
0
0
2.442018e+08
1.40138e+08
8.366232e+07
5.297951e+07
4.093706e+07
0
0
0
0
0
0
0
0
0
0
2.440238e+08
1.390788e+08
8.220697e+07
5.124182e+07
3.918523e+07
0
0
0
0
0
0
0
0
0
0
2.438155e+08
1.378917e+08
8.042786e+07
4.921246e+07
3.705821e+07
0
0
0
0
0
0
0
0
0
0
2.435748e+08
1.36686e+08
7.868216e+07
4.711848e+07
3.494927e+07
0
0
0
0
0
0
0
0
0
0
0
0
0
0
0
0
0
2.432438e+08
1.357841e+08
7.739149e+07
4.559958e+07
3.334255e+07
0
0
0
0
0
0
0
0
0
0
0
0
0
0
0
0
0
0
2.430655e+08
1.350959e+08
7.658198e+07
4.465143e+07
3.235465e+07
0
0
0
0
0
0
0
0
0
0
0
0
0
0
0
0
0
0
0
2.429251e+08
1.346974e+08
7.602085e+07
4.413093e+07
3.180994e+07
0
0
0
0
0
0
0
0
0
0
0
0
0
0
0
0
0
0
0
0
2.427496e+08
1.343376e+08
7.570453e+07
4.366635e+07
3.146119e+07
0
0
0
0
0
0
0
0
0
0
0
0
0
0
0
0
0
0
0
0
0
2.514208e+08
1.413768e+08
8.196762e+07
4.932975e+07
3.581086e+07
0
0
0
2.498982e+08
1.406765e+08
8.185854e+07
4.979787e+07
3.69183e+07
0
0
0
0
2.474597e+08
1.399213e+08
8.156065e+07
5.001527e+07
3.765527e+07
0
0
0
0
0
2.462495e+08
1.389692e+08
8.162256e+07
5.034166e+07
3.834903e+07
0
0
0
0
0
0
2.459141e+08
1.389089e+08
8.181804e+07
5.112513e+07
3.942516e+07
0
0
0
0
0
0
0
2.456834e+08
1.397346e+08
8.25418e+07
5.221329e+07
4.066053e+07
0
0
0
0
0
0
0
0
2.454282e+08
1.405447e+08
8.377911e+07
5.31841e+07
4.179866e+07
0
0
0
0
0
0
0
0
0
2.451301e+08
1.411113e+08
8.476149e+07
5.418835e+07
4.258263e+07
0
0
0
0
0
0
0
0
0
0
2.448792e+08
1.414028e+08
8.534304e+07
5.490158e+07
4.290329e+07
0
0
0
0
0
0
0
0
0
0
2.446299e+08
1.414593e+08
8.549883e+07
5.509638e+07
4.311209e+07
0
0
0
0
0
0
0
0
0
0
2.445036e+08
1.412186e+08
8.525525e+07
5.48212e+07
4.280811e+07
0
0
0
0
0
0
0
0
0
0
2.44334e+08
1.407927e+08
8.459038e+07
5.404843e+07
4.201052e+07
0
0
0
0
0
0
0
0
0
0
2.442243e+08
1.400329e+08
8.356934e+07
5.280966e+07
4.073665e+07
0
0
0
0
0
0
0
0
0
0
2.440755e+08
1.390821e+08
8.210905e+07
5.115451e+07
3.900684e+07
0
0
0
0
0
0
0
0
0
0
2.438478e+08
1.379285e+08
8.042703e+07
4.91227e+07
3.697326e+07
0
0
0
0
0
0
0
0
0
0
2.434432e+08
1.367241e+08
7.871399e+07
4.711591e+07
3.486811e+07
0
0
0
0
0
0
0
0
0
0
0
0
0
0
0
0
0
0
2.431838e+08
1.356941e+08
7.742981e+07
4.562778e+07
3.333694e+07
0
0
0
0
0
0
0
0
0
0
0
0
0
0
0
0
0
0
0
2.430429e+08
1.35036e+08
7.650513e+07
4.469218e+07
3.237786e+07
0
0
0
0
0
0
0
0
0
0
0
0
0
0
0
0
0
0
0
0
2.429196e+08
1.345531e+08
7.596555e+07
4.406079e+07
3.185598e+07
0
0
0
0
0
0
0
0
0
0
0
0
0
0
0
0
0
0
0
0
0
2.426666e+08
1.342945e+08
7.55273e+07
4.371565e+07
3.139802e+07
0
0
0
0
0
0
0
0
0
0
0
0
0
0
0
0
0
0
0
0
0
0
2.497567e+08
1.404692e+08
8.160746e+07
4.953602e+07
3.668064e+07
0
0
0
0
2.469266e+08
1.395432e+08
8.108307e+07
4.948691e+07
3.715787e+07
0
0
0
0
0
2.459038e+08
1.380346e+08
8.064519e+07
4.931378e+07
3.74152e+07
0
0
0
0
0
0
2.455692e+08
1.37809e+08
8.014758e+07
4.958673e+07
3.780295e+07
0
0
0
0
0
0
0
2.453003e+08
1.383897e+08
8.063923e+07
5.003245e+07
3.865286e+07
0
0
0
0
0
0
0
0
2.451048e+08
1.392926e+08
8.203059e+07
5.110544e+07
3.977434e+07
0
0
0
0
0
0
0
0
0
2.449015e+08
1.401346e+08
8.339008e+07
5.261421e+07
4.082456e+07
0
0
0
0
0
0
0
0
0
0
2.447333e+08
1.40739e+08
8.440548e+07
5.382303e+07
4.184504e+07
0
0
0
0
0
0
0
0
0
0
2.445666e+08
1.411225e+08
8.502013e+07
5.456994e+07
4.258634e+07
0
0
0
0
0
0
0
0
0
0
2.445035e+08
1.412186e+08
8.525525e+07
5.48212e+07
4.28081e+07
0
0
0
0
0
0
0
0
0
0
2.444053e+08
1.411317e+08
8.504394e+07
5.459587e+07
4.2561e+07
0
0
0
0
0
0
0
0
0
0
2.44357e+08
1.40681e+08
8.449729e+07
5.387595e+07
4.180622e+07
0
0
0
0
0
0
0
0
0
0
2.442799e+08
1.400359e+08
8.346179e+07
5.271999e+07
4.057651e+07
0
0
0
0
0
0
0
0
0
0
2.441054e+08
1.391224e+08
8.21074e+07
5.105213e+07
3.891678e+07
0
0
0
0
0
0
0
0
0
0
2.437083e+08
1.379641e+08
8.046198e+07
4.911833e+07
3.687587e+07
0
0
0
0
0
0
0
0
0
0
2.433815e+08
1.366288e+08
7.875036e+07
4.714642e+07
3.486049e+07
0
0
0
0
0
0
0
0
0
0
0
0
0
0
0
0
0
0
0
2.431676e+08
1.356311e+08
7.734902e+07
4.566737e+07
3.336167e+07
0
0
0
0
0
0
0
0
0
0
0
0
0
0
0
0
0
0
0
0
2.429932e+08
1.349775e+08
7.644524e+07
4.46193e+07
3.242349e+07
0
0
0
0
0
0
0
0
0
0
0
0
0
0
0
0
0
0
0
0
0
2.427883e+08
1.345902e+08
7.579684e+07
4.400424e+07
3.179143e+07
0
0
0
0
0
0
0
0
0
0
0
0
0
0
0
0
0
0
0
0
0
0
2.426327e+08
1.342267e+08
7.548903e+07
4.352065e+07
3.144838e+07
0
0
0
0
0
0
0
0
0
0
0
0
0
0
0
0
0
0
0
0
0
0
0
2.466892e+08
1.392761e+08
8.082205e+07
4.920881e+07
3.690148e+07
0
0
0
0
0
2.457067e+08
1.372871e+08
8.011545e+07
4.876322e+07
3.688361e+07
0
0
0
0
0
0
2.45332e+08
1.369981e+08
7.897287e+07
4.847823e+07
3.676344e+07
0
0
0
0
0
0
0
2.449861e+08
1.373484e+08
7.917632e+07
4.819264e+07
3.711704e+07
0
0
0
0
0
0
0
0
2.447432e+08
1.379698e+08
8.01934e+07
4.895438e+07
3.760208e+07
0
0
0
0
0
0
0
0
0
2.445929e+08
1.388925e+08
8.165558e+07
5.062318e+07
3.875291e+07
0
0
0
0
0
0
0
0
0
0
2.445158e+08
1.397683e+08
8.303909e+07
5.225639e+07
4.027559e+07
0
0
0
0
0
0
0
0
0
0
2.444265e+08
1.404638e+08
8.408492e+07
5.349466e+07
4.150881e+07
0
0
0
0
0
0
0
0
0
0
2.444292e+08
1.408993e+08
8.477911e+07
5.427125e+07
4.228305e+07
0
0
0
0
0
0
0
0
0
0
2.444052e+08
1.411317e+08
8.504394e+07
5.459586e+07
4.2561e+07
0
0
0
0
0
0
0
0
0
0
2.444283e+08
1.410161e+08
8.497571e+07
5.439642e+07
4.235438e+07
0
0
0
0
0
0
0
0
0
0
2.444273e+08
1.406837e+08
8.438279e+07
5.37864e+07
4.164342e+07
0
0
0
0
0
0
0
0
0
0
2.443079e+08
1.400803e+08
8.345947e+07
5.260763e+07
4.0484e+07
0
0
0
0
0
0
0
0
0
0
2.439595e+08
1.391552e+08
8.214605e+07
5.104671e+07
3.880622e+07
0
0
0
0
0
0
0
0
0
0
2.436459e+08
1.37864e+08
8.049574e+07
4.915188e+07
3.686607e+07
0
0
0
0
0
0
0
0
0
0
2.4337e+08
1.365629e+08
7.866514e+07
4.718401e+07
3.488708e+07
0
0
0
0
0
0
0
0
0
0
0
0
0
0
0
0
0
0
0
0
2.431258e+08
1.355771e+08
7.728573e+07
4.559103e+07
3.340637e+07
0
0
0
0
0
0
0
0
0
0
0
0
0
0
0
0
0
0
0
0
0
2.429118e+08
1.349389e+08
7.637622e+07
4.45576e+07
3.235668e+07
0
0
0
0
0
0
0
0
0
0
0
0
0
0
0
0
0
0
0
0
0
0
2.427526e+08
1.344456e+08
7.585249e+07
4.381841e+07
3.173267e+07
0
0
0
0
0
0
0
0
0
0
0
0
0
0
0
0
0
0
0
0
0
0
0
2.425281e+08
1.341926e+08
7.542755e+07
4.348401e+07
3.123971e+07
0
0
0
0
0
0
0
0
0
0
0
0
0
0
0
0
0
0
0
0
0
0
0
0
2.455304e+08
1.369723e+08
7.978363e+07
4.847495e+07
3.661091e+07
0
0
0
0
0
0
2.451338e+08
1.365562e+08
7.810638e+07
4.786785e+07
3.620817e+07
0
0
0
0
0
0
0
2.447732e+08
1.366636e+08
7.812011e+07
4.688925e+07
3.600411e+07
0
0
0
0
0
0
0
0
2.4445e+08
1.369496e+08
7.878383e+07
4.730279e+07
3.57838e+07
0
0
0
0
0
0
0
0
0
2.442514e+08
1.375836e+08
7.983721e+07
4.853498e+07
3.660636e+07
0
0
0
0
0
0
0
0
0
0
2.442243e+08
1.385359e+08
8.131285e+07
5.027793e+07
3.828934e+07
0
0
0
0
0
0
0
0
0
0
2.442128e+08
1.395011e+08
8.272345e+07
5.193224e+07
3.994576e+07
0
0
0
0
0
0
0
0
0
0
2.442913e+08
1.402438e+08
8.384853e+07
5.319796e+07
4.120824e+07
0
0
0
0
0
0
0
0
0
0
2.44334e+08
1.407927e+08
8.459038e+07
5.404843e+07
4.201052e+07
0
0
0
0
0
0
0
0
0
0
2.444283e+08
1.410161e+08
8.497571e+07
5.439641e+07
4.235438e+07
0
0
0
0
0
0
0
0
0
0
2.445074e+08
1.410183e+08
8.485698e+07
5.433467e+07
4.216314e+07
0
0
0
0
0
0
0
0
0
0
2.444536e+08
1.407507e+08
8.437986e+07
5.366678e+07
4.155105e+07
0
0
0
0
0
0
0
0
0
0
2.441642e+08
1.401105e+08
8.350241e+07
5.260125e+07
4.036296e+07
0
0
0
0
0
0
0
0
0
0
2.438981e+08
1.390511e+08
8.217658e+07
5.108398e+07
3.879505e+07
0
0
0
0
0
0
0
0
0
0
2.436374e+08
1.377963e+08
8.04065e+07
4.918682e+07
3.689525e+07
0
0
0
0
0
0
0
0
0
0
2.433401e+08
1.365098e+08
7.859873e+07
4.710382e+07
3.493003e+07
0
0
0
0
0
0
0
0
0
0
0
0
0
0
0
0
0
0
0
0
0
2.430448e+08
1.355444e+08
7.722022e+07
4.552552e+07
3.333682e+07
0
0
0
0
0
0
0
0
0
0
0
0
0
0
0
0
0
0
0
0
0
0
2.428725e+08
1.348769e+08
7.634142e+07
4.448019e+07
3.229203e+07
0
0
0
0
0
0
0
0
0
0
0
0
0
0
0
0
0
0
0
0
0
0
0
2.426905e+08
1.34409e+08
7.570065e+07
4.388393e+07
3.153368e+07
0
0
0
0
0
0
0
0
0
0
0
0
0
0
0
0
0
0
0
0
0
0
0
0
2.424364e+08
1.341713e+08
7.539329e+07
4.342358e+07
3.120412e+07
0
0
0
0
0
0
0
0
0
0
0
0
0
0
0
0
0
0
0
0
0
0
0
0
0
2.449763e+08
1.362984e+08
7.774338e+07
4.750064e+07
3.592473e+07
0
0
0
0
0
0
0
2.445931e+08
1.361755e+08
7.754636e+07
4.596378e+07
3.537891e+07
0
0
0
0
0
0
0
0
2.442539e+08
1.362815e+08
7.786354e+07
4.611647e+07
3.447626e+07
0
0
0
0
0
0
0
0
0
2.439779e+08
1.365768e+08
7.844544e+07
4.693495e+07
3.495379e+07
0
0
0
0
0
0
0
0
0
0
2.439052e+08
1.372401e+08
7.950593e+07
4.820676e+07
3.620415e+07
0
0
0
0
0
0
0
0
0
0
0
2.439362e+08
1.382807e+08
8.100529e+07
4.996084e+07
3.797057e+07
0
0
0
0
0
0
0
0
0
0
2.440828e+08
1.392769e+08
8.249397e+07
5.163971e+07
3.964835e+07
0
0
0
0
0
0
0
0
0
0
2.442018e+08
1.401379e+08
8.366231e+07
5.297951e+07
4.093705e+07
0
0
0
0
0
0
0
0
0
0
2.44357e+08
1.40681e+08
8.449728e+07
5.387594e+07
4.180622e+07
0
0
0
0
0
0
0
0
0
0
2.445074e+08
1.410183e+08
8.485698e+07
5.433467e+07
4.216314e+07
0
0
0
0
0
0
0
0
0
0
2.445316e+08
1.410979e+08
8.485331e+07
5.421061e+07
4.209911e+07
0
0
0
0
0
0
0
0
0
0
2.442983e+08
1.407783e+08
8.445008e+07
5.365953e+07
4.142239e+07
0
0
0
0
0
0
0
0
0
0
2.441042e+08
1.40016e+08
8.352997e+07
5.264282e+07
4.035054e+07
0
0
0
0
0
0
0
0
0
0
2.438915e+08
1.389836e+08
8.208425e+07
5.111548e+07
3.882764e+07
0
0
0
0
0
0
0
0
0
0
2.436206e+08
1.37741e+08
8.033814e+07
4.910325e+07
3.69357e+07
0
0
0
0
0
0
0
0
0
0
0
2.432583e+08
1.364873e+08
7.85324e+07
4.703484e+07
3.485757e+07
0
0
0
0
0
0
0
0
0
0
0
0
0
0
0
0
0
0
0
0
0
0
2.430002e+08
1.354865e+08
7.719066e+07
4.545152e+07
3.32678e+07
0
0
0
0
0
0
0
0
0
0
0
0
0
0
0
0
0
0
0
0
0
0
0
2.427505e+08
1.348355e+08
7.628737e+07
4.444649e+07
3.220478e+07
0
0
0
0
0
0
0
0
0
0
0
0
0
0
0
0
0
0
0
0
0
0
0
0
2.425934e+08
1.344619e+08
7.566373e+07
4.372506e+07
3.160287e+07
0
0
0
0
0
0
0
0
0
0
0
0
0
0
0
0
0
0
0
0
0
0
0
0
0
2.421708e+08
1.341593e+08
7.5396e+07
4.338841e+07
3.114192e+07
0
0
0
0
0
0
0
0
0
0
0
0
0
0
0
0
0
0
0
0
0
0
0
0
0
2.44444e+08
1.35931e+08
7.723958e+07
4.557415e+07
3.500834e+07
0
0
0
0
0
0
0
0
2.440866e+08
1.358067e+08
7.722564e+07
4.547333e+07
3.356896e+07
0
0
0
0
0
0
0
0
0
2.437975e+08
1.359194e+08
7.753924e+07
4.589139e+07
3.376162e+07
0
0
0
0
0
0
0
0
0
0
2.436527e+08
1.36246e+08
7.81251e+07
4.662288e+07
3.46022e+07
0
0
0
0
0
0
0
0
0
0
0
2.436368e+08
1.370005e+08
7.92093e+07
4.789962e+07
3.590062e+07
0
0
0
0
0
0
0
0
0
0
0
0
2.438148e+08
1.380672e+08
8.078618e+07
4.967529e+07
3.76787e+07
0
0
0
0
0
0
0
0
0
0
2.440017e+08
1.391744e+08
8.229734e+07
5.142749e+07
3.938026e+07
0
0
0
0
0
0
0
0
0
0
2.442243e+08
1.400329e+08
8.356933e+07
5.280965e+07
4.073664e+07
0
0
0
0
0
0
0
0
0
0
2.444273e+08
1.406837e+08
8.438279e+07
5.378639e+07
4.164341e+07
0
0
0
0
0
0
0
0
0
0
2.445316e+08
1.410979e+08
8.485331e+07
5.421061e+07
4.209911e+07
0
0
0
0
0
0
0
0
0
0
2.443976e+08
1.411207e+08
8.493796e+07
5.420247e+07
4.196581e+07
0
0
0
0
0
0
0
0
0
0
2.442395e+08
1.406676e+08
8.447472e+07
5.37311e+07
4.14089e+07
0
0
0
0
0
0
0
0
0
0
2.440988e+08
1.399495e+08
8.34529e+07
5.267107e+07
4.038726e+07
0
0
0
0
0
0
0
0
0
0
2.43886e+08
1.389252e+08
8.20162e+07
5.102942e+07
3.886458e+07
0
0
0
0
0
0
0
0
0
0
0
2.435373e+08
1.377301e+08
8.026759e+07
4.903201e+07
3.686089e+07
0
0
0
0
0
0
0
0
0
0
0
0
2.432074e+08
1.364323e+08
7.851245e+07
4.695939e+07
3.478444e+07
0
0
0
0
0
0
0
0
0
0
0
0
0
0
0
0
0
0
0
0
0
0
0
2.42864e+08
1.354376e+08
7.714189e+07
4.542256e+07
3.318442e+07
0
0
0
0
0
0
0
0
0
0
0
0
0
0
0
0
0
0
0
0
0
0
0
0
2.426473e+08
1.348016e+08
7.624529e+07
4.43945e+07
3.217189e+07
0
0
0
0
0
0
0
0
0
0
0
0
0
0
0
0
0
0
0
0
0
0
0
0
0
2.422755e+08
1.344454e+08
7.575505e+07
4.368706e+07
3.143977e+07
0
0
0
0
0
0
0
0
0
0
0
0
0
0
0
0
0
0
0
0
0
0
0
0
0
2.419659e+08
1.340254e+08
7.540701e+07
4.340655e+07
3.110541e+07
0
0
0
0
0
0
0
0
0
0
0
0
0
0
0
0
0
0
0
0
0
0
0
0
0
2.439435e+08
1.35568e+08
7.693029e+07
4.514055e+07
3.318426e+07
0
0
0
0
0
0
0
0
0
2.43642e+08
1.354538e+08
7.691332e+07
4.517326e+07
3.311838e+07
0
0
0
0
0
0
0
0
0
0
2.434891e+08
1.355988e+08
7.722769e+07
4.559214e+07
3.355446e+07
0
0
0
0
0
0
0
0
0
0
0
2.434041e+08
1.360213e+08
7.783911e+07
4.632527e+07
3.431324e+07
0
0
0
0
0
0
0
0
0
0
0
0
2.435272e+08
1.368015e+08
7.900366e+07
4.762362e+07
3.561685e+07
0
0
0
0
0
0
0
0
0
0
0
0
0
2.437455e+08
1.37971e+08
8.059854e+07
4.947243e+07
3.741605e+07
0
0
0
0
0
0
0
0
0
0
2.440238e+08
1.390788e+08
8.220696e+07
5.124181e+07
3.918523e+07
0
0
0
0
0
0
0
0
0
0
2.442798e+08
1.400359e+08
8.346178e+07
5.271998e+07
4.05765e+07
0
0
0
0
0
0
0
0
0
0
2.444536e+08
1.407507e+08
8.437986e+07
5.366677e+07
4.155105e+07
0
0
0
0
0
0
0
0
0
0
2.443976e+08
1.411206e+08
8.493796e+07
5.420247e+07
4.196581e+07
0
0
0
0
0
0
0
0
0
0
2.443389e+08
1.410391e+08
8.49537e+07
5.429082e+07
4.195134e+07
0
0
0
0
0
0
0
0
0
0
2.442348e+08
1.40602e+08
8.437638e+07
5.375611e+07
4.147604e+07
0
0
0
0
0
0
0
0
0
0
2.440949e+08
1.398877e+08
8.338578e+07
5.2605e+07
4.042073e+07
0
0
0
0
0
0
0
0
0
0
0
2.438005e+08
1.389243e+08
8.194051e+07
5.095834e+07
3.878815e+07
0
0
0
0
0
0
0
0
0
0
0
0
2.434805e+08
1.376775e+08
8.025857e+07
4.895142e+07
3.678478e+07
0
0
0
0
0
0
0
0
0
0
0
0
0
2.430553e+08
1.36374e+08
7.846786e+07
4.693973e+07
3.469967e+07
0
0
0
0
0
0
0
0
0
0
0
0
0
0
0
0
0
0
0
0
0
0
0
0
2.427525e+08
1.353946e+08
7.709167e+07
4.537673e+07
3.315588e+07
0
0
0
0
0
0
0
0
0
0
0
0
0
0
0
0
0
0
0
0
0
0
0
0
0
2.423227e+08
1.347822e+08
7.623672e+07
4.435104e+07
3.211879e+07
0
0
0
0
0
0
0
0
0
0
0
0
0
0
0
0
0
0
0
0
0
0
0
0
0
2.420693e+08
1.342289e+08
7.576168e+07
4.380241e+07
3.140024e+07
0
0
0
0
0
0
0
0
0
0
0
0
0
0
0
0
0
0
0
0
0
0
0
0
0
2.418244e+08
1.338644e+08
7.531772e+07
4.343254e+07
3.114296e+07
0
0
0
0
0
0
0
0
0
0
0
0
0
0
0
0
0
0
0
0
0
0
0
0
0
2.435045e+08
1.352188e+08
7.662281e+07
4.485102e+07
3.27913e+07
0
0
0
0
0
0
0
0
0
0
2.433457e+08
1.351417e+08
7.660983e+07
4.488531e+07
3.282959e+07
0
0
0
0
0
0
0
0
0
0
0
2.432569e+08
1.353857e+08
7.69502e+07
4.530222e+07
3.327713e+07
0
0
0
0
0
0
0
0
0
0
0
0
2.433066e+08
1.358369e+08
7.764626e+07
4.605864e+07
3.403736e+07
0
0
0
0
0
0
0
0
0
0
0
0
0
2.434732e+08
1.367148e+08
7.882859e+07
4.743301e+07
3.536195e+07
0
0
0
0
0
0
0
0
0
0
0
0
0
0
2.437674e+08
1.378879e+08
8.051339e+07
4.929486e+07
3.722921e+07
0
0
0
0
0
0
0
0
0
0
2.440755e+08
1.390821e+08
8.210904e+07
5.11545e+07
3.900683e+07
0
0
0
0
0
0
0
0
0
0
2.443079e+08
1.400803e+08
8.345947e+07
5.260763e+07
4.048399e+07
0
0
0
0
0
0
0
0
0
0
2.442983e+08
1.407783e+08
8.445007e+07
5.365953e+07
4.142239e+07
0
0
0
0
0
0
0
0
0
0
2.443389e+08
1.410391e+08
8.495369e+07
5.429082e+07
4.195134e+07
0
0
0
0
0
0
0
0
0
0
2.443342e+08
1.409734e+08
8.488391e+07
5.430174e+07
4.203742e+07
0
0
0
0
0
0
0
0
0
0
2.442448e+08
1.405378e+08
8.431031e+07
5.366453e+07
4.150598e+07
0
0
0
0
0
0
0
0
0
0
0
2.440078e+08
1.398823e+08
8.3305e+07
5.253462e+07
4.036641e+07
0
0
0
0
0
0
0
0
0
0
0
0
2.4374e+08
1.38873e+08
8.194087e+07
5.087166e+07
3.871158e+07
0
0
0
0
0
0
0
0
0
0
0
0
0
2.433117e+08
1.376096e+08
8.021756e+07
4.894236e+07
3.669467e+07
0
0
0
0
0
0
0
0
0
0
0
0
0
0
2.429343e+08
1.363229e+08
7.840752e+07
4.689888e+07
3.468022e+07
0
0
0
0
0
0
0
0
0
0
0
0
0
0
0
0
0
0
0
0
0
0
0
0
0
2.424199e+08
1.353719e+08
7.707578e+07
4.532459e+07
3.310975e+07
0
0
0
0
0
0
0
0
0
0
0
0
0
0
0
0
0
0
0
0
0
0
0
0
0
2.421137e+08
1.345601e+08
7.624149e+07
4.43585e+07
3.207341e+07
0
0
0
0
0
0
0
0
0
0
0
0
0
0
0
0
0
0
0
0
0
0
0
0
0
2.419246e+08
1.340669e+08
7.55758e+07
4.382411e+07
3.153799e+07
0
0
0
0
0
0
0
0
0
0
0
0
0
0
0
0
0
0
0
0
0
0
0
0
0
2.417753e+08
1.33733e+08
7.517119e+07
4.336597e+07
3.118753e+07
0
0
0
0
0
0
0
0
0
0
0
0
0
0
0
0
0
0
0
0
0
0
0
0
0
2.432138e+08
1.349103e+08
7.632243e+07
4.456751e+07
3.25124e+07
0
0
0
0
0
0
0
0
0
0
0
2.43126e+08
1.349378e+08
7.633992e+07
4.460287e+07
3.256281e+07
0
0
0
0
0
0
0
0
0
0
0
0
2.431706e+08
1.352137e+08
7.676738e+07
4.504311e+07
3.30077e+07
0
0
0
0
0
0
0
0
0
0
0
0
0
2.432666e+08
1.357604e+08
7.748399e+07
4.587974e+07
3.37902e+07
0
0
0
0
0
0
0
0
0
0
0
0
0
0
2.434954e+08
1.366472e+08
7.875166e+07
4.726708e+07
3.518598e+07
0
0
0
0
0
0
0
0
0
0
0
0
0
0
0
2.438155e+08
1.378917e+08
8.042786e+07
4.921245e+07
3.70582e+07
0
0
0
0
0
0
0
0
0
0
2.441053e+08
1.391224e+08
8.21074e+07
5.105212e+07
3.891677e+07
0
0
0
0
0
0
0
0
0
0
2.441642e+08
1.401105e+08
8.35024e+07
5.260125e+07
4.036296e+07
0
0
0
0
0
0
0
0
0
0
2.442395e+08
1.406676e+08
8.44747e+07
5.373109e+07
4.14089e+07
0
0
0
0
0
0
0
0
0
0
2.443342e+08
1.409734e+08
8.48839e+07
5.430173e+07
4.203742e+07
0
0
0
0
0
0
0
0
0
0
2.443248e+08
1.409071e+08
8.481774e+07
5.423617e+07
4.204975e+07
0
0
0
0
0
0
0
0
0
0
0
2.441572e+08
1.405517e+08
8.422575e+07
5.359515e+07
4.1425e+07
0
0
0
0
0
0
0
0
0
0
0
0
2.43945e+08
1.398324e+08
8.329559e+07
5.244198e+07
4.029005e+07
0
0
0
0
0
0
0
0
0
0
0
0
0
2.435577e+08
1.387979e+08
8.190221e+07
5.087168e+07
3.861505e+07
0
0
0
0
0
0
0
0
0
0
0
0
0
0
2.431812e+08
1.375505e+08
8.014664e+07
4.890588e+07
3.668565e+07
0
0
0
0
0
0
0
0
0
0
0
0
0
0
0
2.425922e+08
1.36297e+08
7.838602e+07
4.683596e+07
3.463982e+07
0
0
0
0
0
0
0
0
0
0
0
0
0
0
0
0
0
0
0
0
0
0
0
0
0
2.422065e+08
1.351449e+08
7.707895e+07
4.532551e+07
3.305503e+07
0
0
0
0
0
0
0
0
0
0
0
0
0
0
0
0
0
0
0
0
0
0
0
0
0
2.41963e+08
1.343958e+08
7.605037e+07
4.437899e+07
3.210108e+07
0
0
0
0
0
0
0
0
0
0
0
0
0
0
0
0
0
0
0
0
0
0
0
0
0
2.418776e+08
1.339327e+08
7.542828e+07
4.365226e+07
3.157851e+07
0
0
0
0
0
0
0
0
0
0
0
0
0
0
0
0
0
0
0
0
0
0
0
0
0
2.415109e+08
1.336713e+08
7.504383e+07
4.322361e+07
3.114056e+07
0
0
0
0
0
0
0
0
0
0
0
0
0
0
0
0
0
0
0
0
0
0
0
0
0
2.430002e+08
1.347104e+08
7.605553e+07
4.428781e+07
3.224968e+07
0
0
0
0
0
0
0
0
0
0
0
0
2.430939e+08
1.347758e+08
7.616544e+07
4.435083e+07
3.230009e+07
0
0
0
0
0
0
0
0
0
0
0
0
0
2.431413e+08
1.351472e+08
7.661595e+07
4.487343e+07
3.276685e+07
0
0
0
0
0
0
0
0
0
0
0
0
0
0
2.432891e+08
1.357069e+08
7.741614e+07
4.572578e+07
3.362478e+07
0
0
0
0
0
0
0
0
0
0
0
0
0
0
0
2.435401e+08
1.366523e+08
7.868145e+07
4.719263e+07
3.502588e+07
0
0
0
0
0
0
0
0
0
0
0
0
0
0
0
0
2.438477e+08
1.379284e+08
8.042703e+07
4.91227e+07
3.697325e+07
0
0
0
0
0
0
0
0
0
0
2.439595e+08
1.391551e+08
8.214604e+07
5.10467e+07
3.880622e+07
0
0
0
0
0
0
0
0
0
0
2.441042e+08
1.40016e+08
8.352994e+07
5.264281e+07
4.035054e+07
0
0
0
0
0
0
0
0
0
0
2.442347e+08
1.40602e+08
8.437637e+07
5.375609e+07
4.147603e+07
0
0
0
0
0
0
0
0
0
0
2.443248e+08
1.409071e+08
8.481774e+07
5.423617e+07
4.204974e+07
0
0
0
0
0
0
0
0
0
0
0
2.442372e+08
1.408947e+08
8.473043e+07
5.416678e+07
4.199325e+07
0
0
0
0
0
0
0
0
0
0
0
0
2.440929e+08
1.40504e+08
8.424094e+07
5.349809e+07
4.134935e+07
0
0
0
0
0
0
0
0
0
0
0
0
0
2.437529e+08
1.397516e+08
8.32592e+07
5.242796e+07
4.018716e+07
0
0
0
0
0
0
0
0
0
0
0
0
0
0
2.434186e+08
1.387322e+08
8.182322e+07
5.083824e+07
3.861494e+07
0
0
0
0
0
0
0
0
0
0
0
0
0
0
0
2.428304e+08
1.375223e+08
8.011993e+07
4.883158e+07
3.66505e+07
0
0
0
0
0
0
0
0
0
0
0
0
0
0
0
2.423722e+08
1.360648e+08
7.838823e+07
4.683266e+07
3.457341e+07
0
0
0
0
0
0
0
0
0
0
0
0
0
0
0
0
0
0
0
0
0
0
0
0
0
2.42047e+08
1.349769e+08
7.688381e+07
4.534551e+07
3.307686e+07
0
0
0
0
0
0
0
0
0
0
0
0
0
0
0
0
0
0
0
0
0
0
0
0
0
2.419202e+08
1.342561e+08
7.59006e+07
4.420182e+07
3.214095e+07
0
0
0
0
0
0
0
0
0
0
0
0
0
0
0
0
0
0
0
0
0
0
0
0
0
2.416603e+08
1.338721e+08
7.529816e+07
4.35089e+07
3.142324e+07
0
0
0
0
0
0
0
0
0
0
0
0
0
0
0
0
0
0
0
0
0
0
0
0
0
2.414447e+08
1.334118e+08
7.497933e+07
4.309481e+07
3.100128e+07
0
0
0
0
0
0
0
0
0
0
0
0
0
0
0
0
0
0
0
0
0
0
0
0
0
2.429262e+08
1.345529e+08
7.588447e+07
4.403846e+07
3.198932e+07
0
0
0
0
0
0
0
0
0
0
0
0
0
2.430737e+08
1.347897e+08
7.602307e+07
4.418907e+07
3.206555e+07
0
0
0
0
0
0
0
0
0
0
0
0
0
0
2.431636e+08
1.351047e+08
7.655749e+07
4.472967e+07
3.26098e+07
0
0
0
0
0
0
0
0
0
0
0
0
0
0
0
2.433306e+08
1.357131e+08
7.735999e+07
4.566029e+07
3.347603e+07
0
0
0
0
0
0
0
0
0
0
0
0
0
0
0
0
2.435748e+08
1.36686e+08
7.868216e+07
4.711848e+07
3.494927e+07
0
0
0
0
0
0
0
0
0
0
0
0
0
0
0
0
0
2.437083e+08
1.379641e+08
8.046197e+07
4.911833e+07
3.687587e+07
0
0
0
0
0
0
0
0
0
0
2.43898e+08
1.390511e+08
8.217654e+07
5.108396e+07
3.879505e+07
0
0
0
0
0
0
0
0
0
0
2.440987e+08
1.399495e+08
8.345289e+07
5.267104e+07
4.038725e+07
0
0
0
0
0
0
0
0
0
0
2.442447e+08
1.405377e+08
8.43103e+07
5.366452e+07
4.150596e+07
0
0
0
0
0
0
0
0
0
0
0
2.442371e+08
1.408947e+08
8.473041e+07
5.416678e+07
4.199324e+07
0
0
0
0
0
0
0
0
0
0
0
0
2.441721e+08
1.408484e+08
8.472011e+07
5.406661e+07
4.19175e+07
0
0
0
0
0
0
0
0
0
0
0
0
0
2.438946e+08
1.404187e+08
8.420761e+07
5.351315e+07
4.124171e+07
0
0
0
0
0
0
0
0
0
0
0
0
0
0
2.436077e+08
1.396809e+08
8.317373e+07
5.239746e+07
4.017149e+07
0
0
0
0
0
0
0
0
0
0
0
0
0
0
0
2.430633e+08
1.387018e+08
8.1792e+07
5.075519e+07
3.858375e+07
0
0
0
0
0
0
0
0
0
0
0
0
0
0
0
2.426034e+08
1.37286e+08
8.012225e+07
4.882469e+07
3.657158e+07
0
0
0
0
0
0
0
0
0
0
0
0
0
0
0
2.422022e+08
1.358911e+08
7.81889e+07
4.685317e+07
3.459243e+07
0
0
0
0
0
0
0
0
0
0
0
0
0
0
0
0
0
0
0
0
0
0
0
0
0
2.420107e+08
1.348293e+08
7.673043e+07
4.516467e+07
3.311715e+07
0
0
0
0
0
0
0
0
0
0
0
0
0
0
0
0
0
0
0
0
0
0
0
0
0
2.416984e+08
1.341979e+08
7.576522e+07
4.40562e+07
3.198034e+07
0
0
0
0
0
0
0
0
0
0
0
0
0
0
0
0
0
0
0
0
0
0
0
0
0
2.415473e+08
1.33693e+08
7.523454e+07
4.337736e+07
3.128298e+07
0
0
0
0
0
0
0
0
0
0
0
0
0
0
0
0
0
0
0
0
0
0
0
0
0
2.413587e+08
1.333484e+08
7.471872e+07
4.302624e+07
3.086868e+07
0
0
0
0
0
0
0
0
0
0
0
0
0
0
0
0
0
0
0
0
0
0
0
0
0
2.429074e+08
1.344972e+08
7.574608e+07
4.387986e+07
3.175712e+07
0
0
0
0
0
0
0
0
0
0
0
0
0
0
2.430955e+08
1.347593e+08
7.605427e+07
4.405403e+07
3.19159e+07
0
0
0
0
0
0
0
0
0
0
0
0
0
0
0
2.432025e+08
1.351114e+08
7.651229e+07
4.467363e+07
3.247077e+07
0
0
0
0
0
0
0
0
0
0
0
0
0
0
0
0
2.433672e+08
1.357443e+08
7.73621e+07
4.560049e+07
3.34088e+07
0
0
0
0
0
0
0
0
0
0
0
0
0
0
0
0
0
2.434432e+08
1.36724e+08
7.871399e+07
4.71159e+07
3.486811e+07
0
0
0
0
0
0
0
0
0
0
0
0
0
0
0
0
0
0
2.436459e+08
1.37864e+08
8.049571e+07
4.915187e+07
3.686607e+07
0
0
0
0
0
0
0
0
0
0
2.438914e+08
1.389836e+08
8.208424e+07
5.111545e+07
3.882763e+07
0
0
0
0
0
0
0
0
0
0
2.440948e+08
1.398877e+08
8.338577e+07
5.260499e+07
4.04207e+07
0
0
0
0
0
0
0
0
0
0
0
2.441572e+08
1.405517e+08
8.422572e+07
5.359515e+07
4.142499e+07
0
0
0
0
0
0
0
0
0
0
0
0
2.441721e+08
1.408484e+08
8.47201e+07
5.406659e+07
4.19175e+07
0
0
0
0
0
0
0
0
0
0
0
0
0
2.439707e+08
1.407607e+08
8.468871e+07
5.405872e+07
4.180655e+07
0
0
0
0
0
0
0
0
0
0
0
0
0
0
2.437454e+08
1.403447e+08
8.411689e+07
5.348631e+07
4.125665e+07
0
0
0
0
0
0
0
0
0
0
0
0
0
0
0
2.432587e+08
1.396491e+08
8.313898e+07
5.230726e+07
4.01441e+07
0
0
0
0
0
0
0
0
0
0
0
0
0
0
0
2.428331e+08
1.384653e+08
8.17942e+07
5.07451e+07
3.849495e+07
0
0
0
0
0
0
0
0
0
0
0
0
0
0
0
2.424225e+08
1.371062e+08
7.992015e+07
4.884705e+07
3.658879e+07
0
0
0
0
0
0
0
0
0
0
0
0
0
0
0
2.421742e+08
1.357339e+08
7.803001e+07
4.666871e+07
3.46346e+07
0
0
0
0
0
0
0
0
0
0
0
0
0
0
0
0
0
0
0
0
0
0
0
0
0
2.417819e+08
1.347746e+08
7.658755e+07
4.501546e+07
3.295346e+07
0
0
0
0
0
0
0
0
0
0
0
0
0
0
0
0
0
0
0
0
0
0
0
0
0
2.416338e+08
1.340189e+08
7.570334e+07
4.391943e+07
3.183786e+07
0
0
0
0
0
0
0
0
0
0
0
0
0
0
0
0
0
0
0
0
0
0
0
0
0
2.414491e+08
1.335538e+08
7.506951e+07
4.330951e+07
3.114767e+07
0
0
0
0
0
0
0
0
0
0
0
0
0
0
0
0
0
0
0
0
0
0
0
0
0
2.412889e+08
1.332842e+08
7.465635e+07
4.275922e+07
3.079363e+07
0
0
0
0
0
0
0
0
0
0
0
0
0
0
0
0
0
0
0
0
0
0
0
0
0
2.429293e+08
1.344658e+08
7.569767e+07
4.374859e+07
3.161037e+07
0
0
0
0
0
0
0
0
0
0
0
0
0
0
0
2.431326e+08
1.347662e+08
7.602547e+07
4.409117e+07
3.178529e+07
0
0
0
0
0
0
0
0
0
0
0
0
0
0
0
0
2.4324e+08
1.351406e+08
7.651514e+07
4.462508e+07
3.241355e+07
0
0
0
0
0
0
0
0
0
0
0
0
0
0
0
0
0
2.432438e+08
1.357841e+08
7.739149e+07
4.559958e+07
3.334255e+07
0
0
0
0
0
0
0
0
0
0
0
0
0
0
0
0
0
0
2.433815e+08
1.366288e+08
7.875033e+07
4.714641e+07
3.486049e+07
0
0
0
0
0
0
0
0
0
0
0
0
0
0
0
0
0
0
0
2.436373e+08
1.377962e+08
8.040649e+07
4.918679e+07
3.689525e+07
0
0
0
0
0
0
0
0
0
0
2.438859e+08
1.389252e+08
8.201619e+07
5.102942e+07
3.886455e+07
0
0
0
0
0
0
0
0
0
0
0
2.440077e+08
1.398822e+08
8.330496e+07
5.253461e+07
4.036641e+07
0
0
0
0
0
0
0
0
0
0
0
0
2.440929e+08
1.40504e+08
8.424091e+07
5.349807e+07
4.134934e+07
0
0
0
0
0
0
0
0
0
0
0
0
0
2.439707e+08
1.407607e+08
8.46887e+07
5.405871e+07
4.180654e+07
0
0
0
0
0
0
0
0
0
0
0
0
0
0
2.438197e+08
1.40685e+08
8.459509e+07
5.40341e+07
4.180025e+07
0
0
0
0
0
0
0
0
0
0
0
0
0
0
0
2.433894e+08
1.403122e+08
8.407963e+07
5.33903e+07
4.123362e+07
0
0
0
0
0
0
0
0
0
0
0
0
0
0
0
2.430293e+08
1.394284e+08
8.31413e+07
5.229448e+07
4.004715e+07
0
0
0
0
0
0
0
0
0
0
0
0
0
0
0
2.426422e+08
1.382829e+08
8.159304e+07
5.076885e+07
3.851054e+07
0
0
0
0
0
0
0
0
0
0
0
0
0
0
0
2.424042e+08
1.369391e+08
7.975525e+07
4.866053e+07
3.663457e+07
0
0
0
0
0
0
0
0
0
0
0
0
0
0
0
2.419379e+08
1.356836e+08
7.787804e+07
4.651398e+07
3.446825e+07
0
0
0
0
0
0
0
0
0
0
0
0
0
0
0
0
0
0
0
0
0
0
0
0
0
2.417161e+08
1.345936e+08
7.652826e+07
4.487125e+07
3.280747e+07
0
0
0
0
0
0
0
0
0
0
0
0
0
0
0
0
0
0
0
0
0
0
0
0
0
2.415136e+08
1.339591e+08
7.553987e+07
4.385297e+07
3.16974e+07
0
0
0
0
0
0
0
0
0
0
0
0
0
0
0
0
0
0
0
0
0
0
0
0
0
2.413753e+08
1.334799e+08
7.491774e+07
4.314736e+07
3.107322e+07
0
0
0
0
0
0
0
0
0
0
0
0
0
0
0
0
0
0
0
0
0
0
0
0
0
2.410966e+08
1.332246e+08
7.459705e+07
4.26956e+07
3.052174e+07
0
0
0
0
0
0
0
0
0
0
0
0
0
0
0
0
0
0
0
0
0
0
0
0
0
2.429658e+08
1.344733e+08
7.566364e+07
4.370258e+07
3.148337e+07
0
0
0
0
0
0
0
0
0
0
0
0
0
0
0
0
2.431705e+08
1.347939e+08
7.602864e+07
4.406409e+07
3.18217e+07
0
0
0
0
0
0
0
0
0
0
0
0
0
0
0
0
0
2.431237e+08
1.351812e+08
7.654254e+07
4.462513e+07
3.235907e+07
0
0
0
0
0
0
0
0
0
0
0
0
0
0
0
0
0
0
2.431837e+08
1.356941e+08
7.74298e+07
4.562777e+07
3.333693e+07
0
0
0
0
0
0
0
0
0
0
0
0
0
0
0
0
0
0
0
2.4337e+08
1.365629e+08
7.866513e+07
4.718399e+07
3.488707e+07
0
0
0
0
0
0
0
0
0
0
0
0
0
0
0
0
0
0
0
0
2.436206e+08
1.377409e+08
8.033813e+07
4.910324e+07
3.693568e+07
0
0
0
0
0
0
0
0
0
0
0
2.438005e+08
1.389242e+08
8.194048e+07
5.095833e+07
3.878815e+07
0
0
0
0
0
0
0
0
0
0
0
0
2.439451e+08
1.398324e+08
8.329553e+07
5.244195e+07
4.029004e+07
0
0
0
0
0
0
0
0
0
0
0
0
0
2.438946e+08
1.404187e+08
8.420758e+07
5.351312e+07
4.124168e+07
0
0
0
0
0
0
0
0
0
0
0
0
0
0
2.438197e+08
1.40685e+08
8.459511e+07
5.403409e+07
4.180024e+07
0
0
0
0
0
0
0
0
0
0
0
0
0
0
0
2.434889e+08
1.406522e+08
8.455653e+07
5.393486e+07
4.17798e+07
0
0
0
0
0
0
0
0
0
0
0
0
0
0
0
2.431639e+08
1.400816e+08
8.408217e+07
5.337548e+07
4.113005e+07
0
0
0
0
0
0
0
0
0
0
0
0
0
0
0
2.428288e+08
1.392471e+08
8.296217e+07
5.231951e+07
4.006112e+07
0
0
0
0
0
0
0
0
0
0
0
0
0
0
0
2.42633e+08
1.381066e+08
8.142563e+07
5.058407e+07
3.855941e+07
0
0
0
0
0
0
0
0
0
0
0
0
0
0
0
2.421603e+08
1.368938e+08
7.959396e+07
4.84998e+07
3.64674e+07
0
0
0
0
0
0
0
0
0
0
0
0
0
0
0
2.418694e+08
1.355008e+08
7.782175e+07
4.636078e+07
3.431689e+07
0
0
0
0
0
0
0
0
0
0
0
0
0
0
0
0
0
0
0
0
0
0
0
0
0
2.415597e+08
1.345335e+08
7.636443e+07
4.480685e+07
3.265966e+07
0
0
0
0
0
0
0
0
0
0
0
0
0
0
0
0
0
0
0
0
0
0
0
0
0
2.41386e+08
1.338699e+08
7.548194e+07
4.369342e+07
3.162405e+07
0
0
0
0
0
0
0
0
0
0
0
0
0
0
0
0
0
0
0
0
0
0
0
0
0
2.411818e+08
1.33416e+08
7.484946e+07
4.298621e+07
3.090977e+07
0
0
0
0
0
0
0
0
0
0
0
0
0
0
0
0
0
0
0
0
0
0
0
0
0
2.405073e+08
1.330387e+08
7.454186e+07
4.263871e+07
3.045615e+07
0
0
0
0
0
0
0
0
0
0
0
0
0
0
0
0
0
0
0
0
0
0
0
0
0
2.430043e+08
1.34501e+08
7.566773e+07
4.366554e+07
3.143651e+07
0
0
0
0
0
0
0
0
0
0
0
0
0
0
0
0
0
2.430594e+08
1.34835e+08
7.605468e+07
4.406461e+07
3.179154e+07
0
0
0
0
0
0
0
0
0
0
0
0
0
0
0
0
0
0
2.430655e+08
1.350959e+08
7.658197e+07
4.465143e+07
3.235465e+07
0
0
0
0
0
0
0
0
0
0
0
0
0
0
0
0
0
0
0
2.431675e+08
1.356311e+08
7.734902e+07
4.566736e+07
3.336166e+07
0
0
0
0
0
0
0
0
0
0
0
0
0
0
0
0
0
0
0
0
2.433401e+08
1.365097e+08
7.859872e+07
4.710381e+07
3.493001e+07
0
0
0
0
0
0
0
0
0
0
0
0
0
0
0
0
0
0
0
0
0
2.435372e+08
1.3773e+08
8.026756e+07
4.9032e+07
3.686089e+07
0
0
0
0
0
0
0
0
0
0
0
0
2.437401e+08
1.38873e+08
8.194081e+07
5.087164e+07
3.871157e+07
0
0
0
0
0
0
0
0
0
0
0
0
0
2.437529e+08
1.397516e+08
8.325916e+07
5.242791e+07
4.018714e+07
0
0
0
0
0
0
0
0
0
0
0
0
0
0
2.437454e+08
1.403448e+08
8.411697e+07
5.348628e+07
4.125663e+07
0
0
0
0
0
0
0
0
0
0
0
0
0
0
0
2.434889e+08
1.406522e+08
8.455656e+07
5.393489e+07
4.177979e+07
0
0
0
0
0
0
0
0
0
0
0
0
0
0
0
2.432992e+08
1.404587e+08
8.455935e+07
5.391902e+07
4.167254e+07
0
0
0
0
0
0
0
0
0
0
0
0
0
0
0
2.429701e+08
1.399106e+08
8.388867e+07
5.340147e+07
4.114264e+07
0
0
0
0
0
0
0
0
0
0
0
0
0
0
0
2.428268e+08
1.390618e+08
8.27955e+07
5.216183e+07
4.011261e+07
0
0
0
0
0
0
0
0
0
0
0
0
0
0
0
2.42382e+08
1.380659e+08
8.125577e+07
5.042089e+07
3.839523e+07
0
0
0
0
0
0
0
0
0
0
0
0
0
0
0
2.42089e+08
1.367092e+08
7.954122e+07
4.833745e+07
3.631028e+07
0
0
0
0
0
0
0
0
0
0
0
0
0
0
0
2.416665e+08
1.354378e+08
7.765796e+07
4.62986e+07
3.416015e+07
0
0
0
0
0
0
0
0
0
0
0
0
0
0
0
0
0
0
0
0
0
0
0
0
0
2.414688e+08
1.344157e+08
7.630628e+07
4.464795e+07
3.258788e+07
0
0
0
0
0
0
0
0
0
0
0
0
0
0
0
0
0
0
0
0
0
0
0
0
0
2.411898e+08
1.337237e+08
7.540084e+07
4.363493e+07
3.146439e+07
0
0
0
0
0
0
0
0
0
0
0
0
0
0
0
0
0
0
0
0
0
0
0
0
0
2.405696e+08
1.332273e+08
7.478995e+07
4.292064e+07
3.074408e+07
0
0
0
0
0
0
0
0
0
0
0
0
0
0
0
0
0
0
0
0
0
0
0
0
0
1.326471e+08
7.435876e+07
4.258369e+07
3.040325e+07
0
0
0
0
0
0
0
0
0
0
0
0
0
0
0
0
0
0
0
0
0
0
0
0
0
2.428961e+08
1.345429e+08
7.569387e+07
4.366714e+07
3.139402e+07
0
0
0
0
0
0
0
0
0
0
0
0
0
0
0
0
0
0
2.430037e+08
1.347531e+08
7.609464e+07
4.408963e+07
3.178776e+07
0
0
0
0
0
0
0
0
0
0
0
0
0
0
0
0
0
0
0
2.430429e+08
1.35036e+08
7.650513e+07
4.469217e+07
3.237786e+07
0
0
0
0
0
0
0
0
0
0
0
0
0
0
0
0
0
0
0
0
2.431257e+08
1.355771e+08
7.728572e+07
4.559103e+07
3.340636e+07
0
0
0
0
0
0
0
0
0
0
0
0
0
0
0
0
0
0
0
0
0
2.432583e+08
1.364872e+08
7.853238e+07
4.703483e+07
3.485757e+07
0
0
0
0
0
0
0
0
0
0
0
0
0
0
0
0
0
0
0
0
0
0
2.434805e+08
1.376774e+08
8.025852e+07
4.89514e+07
3.678477e+07
0
0
0
0
0
0
0
0
0
0
0
0
0
2.435577e+08
1.387979e+08
8.190215e+07
5.087163e+07
3.861503e+07
0
0
0
0
0
0
0
0
0
0
0
0
0
0
2.436076e+08
1.39681e+08
8.317382e+07
5.239741e+07
4.017145e+07
0
0
0
0
0
0
0
0
0
0
0
0
0
0
0
2.433894e+08
1.403122e+08
8.407971e+07
5.339037e+07
4.123359e+07
0
0
0
0
0
0
0
0
0
0
0
0
0
0
0
2.432992e+08
1.404587e+08
8.455935e+07
5.391906e+07
4.167257e+07
0
0
0
0
0
0
0
0
0
0
0
0
0
0
0
2.430473e+08
1.403452e+08
8.440677e+07
5.394571e+07
4.168444e+07
0
0
0
0
0
0
0
0
0
0
0
0
0
0
0
2.429727e+08
1.397348e+08
8.373996e+07
5.322559e+07
4.119601e+07
0
0
0
0
0
0
0
0
0
0
0
0
0
0
0
2.425697e+08
1.390244e+08
8.26173e+07
5.199938e+07
3.997815e+07
0
0
0
0
0
0
0
0
0
0
0
0
0
0
0
2.423099e+08
1.378791e+08
8.12064e+07
5.025016e+07
3.823598e+07
0
0
0
0
0
0
0
0
0
0
0
0
0
0
0
2.418356e+08
1.366424e+08
7.937736e+07
4.827792e+07
3.614433e+07
0
0
0
0
0
0
0
0
0
0
0
0
0
0
0
2.41561e+08
1.352832e+08
7.759669e+07
4.614088e+07
3.408981e+07
0
0
0
0
0
0
0
0
0
0
0
0
0
0
0
0
0
0
0
0
0
0
0
0
0
2.412702e+08
1.343398e+08
7.619906e+07
4.458958e+07
3.243007e+07
0
0
0
0
0
0
0
0
0
0
0
0
0
0
0
0
0
0
0
0
0
0
0
0
0
2.405264e+08
1.335286e+08
7.524549e+07
4.355771e+07
3.14045e+07
0
0
0
0
0
0
0
0
0
0
0
0
0
0
0
0
0
0
0
0
0
0
0
0
0
1.328158e+08
7.460341e+07
4.286108e+07
3.068279e+07
0
0
0
0
0
0
0
0
0
0
0
0
0
0
0
0
0
0
0
0
0
0
0
0
0
7.403306e+07
4.239784e+07
3.034568e+07
0
0
0
0
0
0
0
0
0
0
0
0
0
0
0
0
0
0
0
0
0
0
0
0
0
2.428912e+08
1.344631e+08
7.573493e+07
4.369237e+07
3.139146e+07
0
0
0
0
0
0
0
0
0
0
0
0
0
0
0
0
0
0
0
2.429251e+08
1.346974e+08
7.602084e+07
4.413092e+07
3.180994e+07
0
0
0
0
0
0
0
0
0
0
0
0
0
0
0
0
0
0
0
0
2.429931e+08
1.349775e+08
7.644523e+07
4.46193e+07
3.242348e+07
0
0
0
0
0
0
0
0
0
0
0
0
0
0
0
0
0
0
0
0
0
2.430448e+08
1.355444e+08
7.722021e+07
4.552551e+07
3.333682e+07
0
0
0
0
0
0
0
0
0
0
0
0
0
0
0
0
0
0
0
0
0
0
2.432074e+08
1.364322e+08
7.85124e+07
4.695938e+07
3.478443e+07
0
0
0
0
0
0
0
0
0
0
0
0
0
0
0
0
0
0
0
0
0
0
0
2.433117e+08
1.376096e+08
8.02175e+07
4.894232e+07
3.669465e+07
0
0
0
0
0
0
0
0
0
0
0
0
0
0
2.434186e+08
1.387323e+08
8.18233e+07
5.083818e+07
3.861489e+07
0
0
0
0
0
0
0
0
0
0
0
0
0
0
0
2.432587e+08
1.396491e+08
8.31391e+07
5.230736e+07
4.014405e+07
0
0
0
0
0
0
0
0
0
0
0
0
0
0
0
2.431639e+08
1.400816e+08
8.408217e+07
5.337558e+07
4.113011e+07
0
0
0
0
0
0
0
0
0
0
0
0
0
0
0
2.430473e+08
1.403452e+08
8.440677e+07
5.394571e+07
4.168448e+07
0
0
0
0
0
0
0
0
0
0
0
0
0
0
0
2.430521e+08
1.40078e+08
8.431446e+07
5.381389e+07
4.173901e+07
0
0
0
0
0
0
0
0
0
0
0
0
0
0
0
2.427115e+08
1.396988e+08
8.356654e+07
5.309078e+07
4.104271e+07
0
0
0
0
0
0
0
0
0
0
0
0
0
0
0
2.424999e+08
1.388354e+08
8.256989e+07
5.182037e+07
3.982012e+07
0
0
0
0
0
0
0
0
0
0
0
0
0
0
0
2.420137e+08
1.378099e+08
8.104182e+07
5.019317e+07
3.806148e+07
0
0
0
0
0
0
0
0
0
0
0
0
0
0
0
2.41714e+08
1.364475e+08
7.931178e+07
4.812125e+07
3.607563e+07
0
0
0
0
0
0
0
0
0
0
0
0
0
0
0
2.413551e+08
1.351977e+08
7.745599e+07
4.607948e+07
3.393458e+07
0
0
0
0
0
0
0
0
0
0
0
0
0
0
0
0
0
0
0
0
0
0
0
0
0
2.404896e+08
1.34138e+08
7.612928e+07
4.448732e+07
3.237093e+07
0
0
0
0
0
0
0
0
0
0
0
0
0
0
0
0
0
0
0
0
0
0
0
0
0
1.330734e+08
7.505122e+07
4.3394e+07
3.133238e+07
0
0
0
0
0
0
0
0
0
0
0
0
0
0
0
0
0
0
0
0
0
0
0
0
0
7.425839e+07
4.267141e+07
3.062035e+07
0
0
0
0
0
0
0
0
0
0
0
0
0
0
0
0
0
0
0
0
0
0
0
0
0
4.210052e+07
3.015646e+07
0
0
0
0
0
0
0
0
0
0
0
0
0
0
0
0
0
0
0
0
0
0
0
0
0
2.428061e+08
1.344898e+08
7.566289e+07
4.373487e+07
3.1414e+07
0
0
0
0
0
0
0
0
0
0
0
0
0
0
0
0
0
0
0
0
2.429196e+08
1.345531e+08
7.596555e+07
4.406079e+07
3.185597e+07
0
0
0
0
0
0
0
0
0
0
0
0
0
0
0
0
0
0
0
0
0
2.429117e+08
1.349388e+08
7.637621e+07
4.455759e+07
3.235668e+07
0
0
0
0
0
0
0
0
0
0
0
0
0
0
0
0
0
0
0
0
0
0
2.430001e+08
1.354865e+08
7.719063e+07
4.54515e+07
3.326779e+07
0
0
0
0
0
0
0
0
0
0
0
0
0
0
0
0
0
0
0
0
0
0
0
2.430552e+08
1.36374e+08
7.84678e+07
4.693969e+07
3.469965e+07
0
0
0
0
0
0
0
0
0
0
0
0
0
0
0
0
0
0
0
0
0
0
0
0
2.431812e+08
1.375506e+08
8.014669e+07
4.890581e+07
3.66856e+07
0
0
0
0
0
0
0
0
0
0
0
0
0
0
0
2.430632e+08
1.387018e+08
8.179213e+07
5.075528e+07
3.858369e+07
0
0
0
0
0
0
0
0
0
0
0
0
0
0
0
2.430293e+08
1.394284e+08
8.31413e+07
5.229463e+07
4.004723e+07
0
0
0
0
0
0
0
0
0
0
0
0
0
0
0
2.429701e+08
1.399106e+08
8.388867e+07
5.340148e+07
4.114274e+07
0
0
0
0
0
0
0
0
0
0
0
0
0
0
0
2.430521e+08
1.40078e+08
8.431446e+07
5.381389e+07
4.173901e+07
0
0
0
0
0
0
0
0
0
0
0
0
0
0
0
2.427887e+08
1.400426e+08
8.404422e+07
5.372702e+07
4.163219e+07
0
0
0
0
0
0
0
0
0
0
0
0
0
0
0
2.426693e+08
1.395084e+08
8.351949e+07
5.290683e+07
4.091921e+07
0
0
0
0
0
0
0
0
0
0
0
0
0
0
0
2.421723e+08
1.387664e+08
8.240428e+07
5.17645e+07
3.963692e+07
0
0
0
0
0
0
0
0
0
0
0
0
0
0
0
2.418859e+08
1.375801e+08
8.097312e+07
5.003677e+07
3.799428e+07
0
0
0
0
0
0
0
0
0
0
0
0
0
0
0
2.414984e+08
1.363509e+08
7.91343e+07
4.805547e+07
3.5923e+07
0
0
0
0
0
0
0
0
0
0
0
0
0
0
0
2.404958e+08
1.349812e+08
7.737818e+07
4.594521e+07
3.387283e+07
0
0
0
0
0
0
0
0
0
0
0
0
0
0
0
0
0
0
0
0
0
0
0
0
0
1.335482e+08
7.5927e+07
4.441817e+07
3.22748e+07
0
0
0
0
0
0
0
0
0
0
0
0
0
0
0
0
0
0
0
0
0
0
0
0
0
7.466498e+07
4.319576e+07
3.116287e+07
0
0
0
0
0
0
0
0
0
0
0
0
0
0
0
0
0
0
0
0
0
0
0
0
0
4.235469e+07
3.0427e+07
0
0
0
0
0
0
0
0
0
0
0
0
0
0
0
0
0
0
0
0
0
0
0
0
0
2.988228e+07
0
0
0
0
0
0
0
0
0
0
0
0
0
0
0
0
0
0
0
0
0
0
0
0
0
2.427496e+08
1.343375e+08
7.570452e+07
4.366635e+07
3.146119e+07
0
0
0
0
0
0
0
0
0
0
0
0
0
0
0
0
0
0
0
0
0
2.427882e+08
1.345902e+08
7.579683e+07
4.400424e+07
3.179143e+07
0
0
0
0
0
0
0
0
0
0
0
0
0
0
0
0
0
0
0
0
0
0
2.428724e+08
1.348769e+08
7.634139e+07
4.448018e+07
3.229202e+07
0
0
0
0
0
0
0
0
0
0
0
0
0
0
0
0
0
0
0
0
0
0
0
2.428639e+08
1.354375e+08
7.714183e+07
4.542253e+07
3.318441e+07
0
0
0
0
0
0
0
0
0
0
0
0
0
0
0
0
0
0
0
0
0
0
0
0
2.429342e+08
1.36323e+08
7.840752e+07
4.689882e+07
3.468018e+07
0
0
0
0
0
0
0
0
0
0
0
0
0
0
0
0
0
0
0
0
0
0
0
0
0
2.428304e+08
1.375223e+08
8.012003e+07
4.883163e+07
3.665043e+07
0
0
0
0
0
0
0
0
0
0
0
0
0
0
0
2.428331e+08
1.384653e+08
8.17942e+07
5.074525e+07
3.849502e+07
0
0
0
0
0
0
0
0
0
0
0
0
0
0
0
2.428287e+08
1.392471e+08
8.296217e+07
5.231951e+07
4.006127e+07
0
0
0
0
0
0
0
0
0
0
0
0
0
0
0
2.429727e+08
1.397348e+08
8.373996e+07
5.322559e+07
4.119602e+07
0
0
0
0
0
0
0
0
0
0
0
0
0
0
0
2.427887e+08
1.400426e+08
8.404422e+07
5.372702e+07
4.163219e+07
0
0
0
0
0
0
0
0
0
0
0
0
0
0
0
2.427313e+08
1.398514e+08
8.399726e+07
5.344956e+07
4.155222e+07
0
0
0
0
0
0
0
0
0
0
0
0
0
0
0
2.422822e+08
1.394743e+08
8.335331e+07
5.285073e+07
4.072333e+07
0
0
0
0
0
0
0
0
0
0
0
0
0
0
0
2.420763e+08
1.385112e+08
8.233453e+07
5.160783e+07
3.956987e+07
0
0
0
0
0
0
0
0
0
0
0
0
0
0
0
2.416574e+08
1.374863e+08
8.076359e+07
4.996768e+07
3.784335e+07
0
0
0
0
0
0
0
0
0
0
0
0
0
0
0
2.405573e+08
1.361157e+08
7.904729e+07
4.788609e+07
3.585719e+07
0
0
0
0
0
0
0
0
0
0
0
0
0
0
0
1.343291e+08
7.715886e+07
4.586888e+07
3.374606e+07
0
0
0
0
0
0
0
0
0
0
0
0
0
0
0
0
0
0
0
0
0
0
0
0
0
7.539639e+07
4.421108e+07
3.220303e+07
0
0
0
0
0
0
0
0
0
0
0
0
0
0
0
0
0
0
0
0
0
0
0
0
0
4.283819e+07
3.09603e+07
0
0
0
0
0
0
0
0
0
0
0
0
0
0
0
0
0
0
0
0
0
0
0
0
0
3.013369e+07
0
0
0
0
0
0
0
0
0
0
0
0
0
0
0
0
0
0
0
0
0
0
0
0
0
0
0
0
0
0
0
0
0
0
0
0
0
0
0
0
0
0
0
0
0
0
0
0
0
0
2.426665e+08
1.342944e+08
7.552729e+07
4.371564e+07
3.139802e+07
0
0
0
0
0
0
0
0
0
0
0
0
0
0
0
0
0
0
0
0
0
0
2.427525e+08
1.344456e+08
7.585247e+07
4.38184e+07
3.173267e+07
0
0
0
0
0
0
0
0
0
0
0
0
0
0
0
0
0
0
0
0
0
0
0
2.427504e+08
1.348354e+08
7.62873e+07
4.444646e+07
3.220477e+07
0
0
0
0
0
0
0
0
0
0
0
0
0
0
0
0
0
0
0
0
0
0
0
0
2.427525e+08
1.353946e+08
7.709163e+07
4.537667e+07
3.315585e+07
0
0
0
0
0
0
0
0
0
0
0
0
0
0
0
0
0
0
0
0
0
0
0
0
0
2.425922e+08
1.36297e+08
7.838608e+07
4.683596e+07
3.463975e+07
0
0
0
0
0
0
0
0
0
0
0
0
0
0
0
0
0
0
0
0
0
0
0
0
0
2.426034e+08
1.37286e+08
8.012225e+07
4.882482e+07
3.657161e+07
0
0
0
0
0
0
0
0
0
0
0
0
0
0
0
2.426422e+08
1.382829e+08
8.159304e+07
5.076886e+07
3.851069e+07
0
0
0
0
0
0
0
0
0
0
0
0
0
0
0
2.428268e+08
1.390617e+08
8.27955e+07
5.216183e+07
4.011262e+07
0
0
0
0
0
0
0
0
0
0
0
0
0
0
0
2.427115e+08
1.396988e+08
8.356652e+07
5.309079e+07
4.104272e+07
0
0
0
0
0
0
0
0
0
0
0
0
0
0
0
2.427313e+08
1.398514e+08
8.399725e+07
5.344955e+07
4.155222e+07
0
0
0
0
0
0
0
0
0
0
0
0
0
0
0
2.423765e+08
1.398033e+08
8.38308e+07
5.339327e+07
4.126448e+07
0
0
0
0
0
0
0
0
0
0
0
0
0
0
0
2.421584e+08
1.391482e+08
8.33205e+07
5.269407e+07
4.06554e+07
0
0
0
0
0
0
0
0
0
0
0
0
0
0
0
2.418083e+08
1.384679e+08
8.210223e+07
5.153711e+07
3.941982e+07
0
0
0
0
0
0
0
0
0
0
0
0
0
0
0
2.40708e+08
1.372248e+08
8.068553e+07
4.976765e+07
3.777444e+07
0
0
0
0
0
0
0
0
0
0
0
0
0
0
0
1.354026e+08
7.880625e+07
4.780144e+07
3.569693e+07
0
0
0
0
0
0
0
0
0
0
0
0
0
0
0
7.657101e+07
4.564319e+07
3.366779e+07
0
0
0
0
0
0
0
0
0
0
0
0
0
0
0
0
0
0
0
0
0
0
0
0
0
4.370164e+07
3.199064e+07
0
0
0
0
0
0
0
0
0
0
0
0
0
0
0
0
0
0
0
0
0
0
0
0
0
3.062671e+07
0
0
0
0
0
0
0
0
0
0
0
0
0
0
0
0
0
0
0
0
0
0
0
0
0
0
0
0
0
0
0
0
0
0
0
0
0
0
0
0
0
0
0
0
0
0
0
0
0
0
0
0
0
0
0
0
0
0
0
0
0
0
0
0
0
0
0
0
0
0
0
0
0
0
2.426326e+08
1.342267e+08
7.5489e+07
4.352065e+07
3.144837e+07
0
0
0
0
0
0
0
0
0
0
0
0
0
0
0
0
0
0
0
0
0
0
0
2.426904e+08
1.34409e+08
7.57006e+07
4.38839e+07
3.153367e+07
0
0
0
0
0
0
0
0
0
0
0
0
0
0
0
0
0
0
0
0
0
0
0
0
2.426472e+08
1.348016e+08
7.624523e+07
4.439444e+07
3.217186e+07
0
0
0
0
0
0
0
0
0
0
0
0
0
0
0
0
0
0
0
0
0
0
0
0
0
2.424199e+08
1.353718e+08
7.707581e+07
4.532455e+07
3.310968e+07
0
0
0
0
0
0
0
0
0
0
0
0
0
0
0
0
0
0
0
0
0
0
0
0
0
2.423722e+08
1.360648e+08
7.838823e+07
4.683275e+07
3.457339e+07
0
0
0
0
0
0
0
0
0
0
0
0
0
0
0
0
0
0
0
0
0
0
0
0
0
2.424225e+08
1.371062e+08
7.992015e+07
4.884705e+07
3.658892e+07
0
0
0
0
0
0
0
0
0
0
0
0
0
0
0
2.42633e+08
1.381065e+08
8.142564e+07
5.058407e+07
3.855942e+07
0
0
0
0
0
0
0
0
0
0
0
0
0
0
0
2.425697e+08
1.390244e+08
8.261728e+07
5.199938e+07
3.997815e+07
0
0
0
0
0
0
0
0
0
0
0
0
0
0
0
2.426692e+08
1.395084e+08
8.351948e+07
5.290681e+07
4.091921e+07
0
0
0
0
0
0
0
0
0
0
0
0
0
0
0
2.423765e+08
1.398033e+08
8.38308e+07
5.339327e+07
4.126448e+07
0
0
0
0
0
0
0
0
0
0
0
0
0
0
0
2.421991e+08
1.395282e+08
8.379281e+07
5.323667e+07
4.119603e+07
0
0
0
0
0
0
0
0
0
0
0
0
0
0
0
2.419063e+08
1.390651e+08
8.301722e+07
5.266243e+07
4.050615e+07
0
0
0
0
0
0
0
0
0
0
0
0
0
0
0
2.407722e+08
1.381329e+08
8.207495e+07
5.131601e+07
3.934934e+07
0
0
0
0
0
0
0
0
0
0
0
0
0
0
0
1.365505e+08
8.041058e+07
4.969706e+07
3.758497e+07
0
0
0
0
0
0
0
0
0
0
0
0
0
0
0
7.816411e+07
4.755219e+07
3.561084e+07
0
0
0
0
0
0
0
0
0
0
0
0
0
0
0
4.507796e+07
3.343543e+07
0
0
0
0
0
0
0
0
0
0
0
0
0
0
0
0
0
0
0
0
0
0
0
0
0
3.150332e+07
0
0
0
0
0
0
0
0
0
0
0
0
0
0
0
0
0
0
0
0
0
0
0
0
0
0
0
0
0
0
0
0
0
0
0
0
0
0
0
0
0
0
0
0
0
0
0
0
0
0
0
0
0
0
0
0
0
0
0
0
0
0
0
0
0
0
0
0
0
0
0
0
0
0
0
0
0
0
0
0
0
0
0
0
0
0
0
0
0
0
0
0
0
0
0
0
0
2.42528e+08
1.341926e+08
7.54275e+07
4.348399e+07
3.12397e+07
0
0
0
0
0
0
0
0
0
0
0
0
0
0
0
0
0
0
0
0
0
0
0
0
2.425933e+08
1.344618e+08
7.566376e+07
4.372501e+07
3.160285e+07
0
0
0
0
0
0
0
0
0
0
0
0
0
0
0
0
0
0
0
0
0
0
0
0
0
2.423226e+08
1.347821e+08
7.623673e+07
4.435098e+07
3.211872e+07
0
0
0
0
0
0
0
0
0
0
0
0
0
0
0
0
0
0
0
0
0
0
0
0
0
2.422064e+08
1.351449e+08
7.707894e+07
4.532556e+07
3.305498e+07
0
0
0
0
0
0
0
0
0
0
0
0
0
0
0
0
0
0
0
0
0
0
0
0
0
2.422022e+08
1.358911e+08
7.81889e+07
4.685317e+07
3.459251e+07
0
0
0
0
0
0
0
0
0
0
0
0
0
0
0
0
0
0
0
0
0
0
0
0
0
2.424042e+08
1.369391e+08
7.975525e+07
4.866053e+07
3.663458e+07
0
0
0
0
0
0
0
0
0
0
0
0
0
0
0
2.42382e+08
1.380659e+08
8.125574e+07
5.04209e+07
3.839523e+07
0
0
0
0
0
0
0
0
0
0
0
0
0
0
0
2.424999e+08
1.388354e+08
8.256988e+07
5.182035e+07
3.982013e+07
0
0
0
0
0
0
0
0
0
0
0
0
0
0
0
2.422822e+08
1.394743e+08
8.33533e+07
5.285072e+07
4.072331e+07
0
0
0
0
0
0
0
0
0
0
0
0
0
0
0
2.421991e+08
1.395282e+08
8.379281e+07
5.323666e+07
4.119602e+07
0
0
0
0
0
0
0
0
0
0
0
0
0
0
0
2.419625e+08
1.393668e+08
8.354312e+07
5.320987e+07
4.104725e+07
0
0
0
0
0
0
0
0
0
0
0
0
0
0
0
2.408169e+08
1.387506e+08
8.29416e+07
5.237396e+07
4.047663e+07
0
0
0
0
0
0
0
0
0
0
0
0
0
0
0
1.373779e+08
8.171708e+07
5.129016e+07
3.914009e+07
0
0
0
0
0
0
0
0
0
0
0
0
0
0
0
7.982645e+07
4.940777e+07
3.751504e+07
0
0
0
0
0
0
0
0
0
0
0
0
0
0
0
4.693508e+07
3.535321e+07
0
0
0
0
0
0
0
0
0
0
0
0
0
0
0
3.289383e+07
0
0
0
0
0
0
0
0
0
0
0
0
0
0
0
0
0
0
0
0
0
0
0
0
0
0
0
0
0
0
0
0
0
0
0
0
0
0
0
0
0
0
0
0
0
0
0
0
0
0
0
0
0
0
0
0
0
0
0
0
0
0
0
0
0
0
0
0
0
0
0
0
0
0
0
0
0
0
0
0
0
0
0
0
0
0
0
0
0
0
0
0
0
0
0
0
0
0
0
0
0
0
0
0
0
0
0
0
0
0
0
0
0
0
0
0
0
0
0
2.424364e+08
1.341713e+08
7.53933e+07
4.342353e+07
3.120409e+07
0
0
0
0
0
0
0
0
0
0
0
0
0
0
0
0
0
0
0
0
0
0
0
0
0
2.422755e+08
1.344454e+08
7.575503e+07
4.368711e+07
3.143972e+07
0
0
0
0
0
0
0
0
0
0
0
0
0
0
0
0
0
0
0
0
0
0
0
0
0
2.421137e+08
1.345601e+08
7.624147e+07
4.435851e+07
3.207333e+07
0
0
0
0
0
0
0
0
0
0
0
0
0
0
0
0
0
0
0
0
0
0
0
0
0
2.42047e+08
1.349769e+08
7.688381e+07
4.534551e+07
3.307691e+07
0
0
0
0
0
0
0
0
0
0
0
0
0
0
0
0
0
0
0
0
0
0
0
0
0
2.421742e+08
1.357339e+08
7.803002e+07
4.666871e+07
3.46346e+07
0
0
0
0
0
0
0
0
0
0
0
0
0
0
0
0
0
0
0
0
0
0
0
0
0
2.421603e+08
1.368938e+08
7.959393e+07
4.849981e+07
3.64674e+07
0
0
0
0
0
0
0
0
0
0
0
0
0
0
0
2.423099e+08
1.378791e+08
8.120638e+07
5.025013e+07
3.823599e+07
0
0
0
0
0
0
0
0
0
0
0
0
0
0
0
2.421723e+08
1.387664e+08
8.240427e+07
5.176448e+07
3.963689e+07
0
0
0
0
0
0
0
0
0
0
0
0
0
0
0
2.421584e+08
1.391482e+08
8.332049e+07
5.269406e+07
4.065539e+07
0
0
0
0
0
0
0
0
0
0
0
0
0
0
0
2.419625e+08
1.393668e+08
8.354312e+07
5.320987e+07
4.104724e+07
0
0
0
0
0
0
0
0
0
0
0
0
0
0
0
2.408394e+08
1.390723e+08
8.338252e+07
5.297253e+07
4.102853e+07
0
0
0
0
0
0
0
0
0
0
0
0
0
0
0
1.379413e+08
8.260925e+07
5.229229e+07
4.020331e+07
0
0
0
0
0
0
0
0
0
0
0
0
0
0
0
8.105131e+07
5.091732e+07
3.911046e+07
0
0
0
0
0
0
0
0
0
0
0
0
0
0
0
4.885727e+07
3.721388e+07
0
0
0
0
0
0
0
0
0
0
0
0
0
0
0
3.476199e+07
0
0
0
0
0
0
0
0
0
0
0
0
0
0
0
0
0
0
0
0
0
0
0
0
0
0
0
0
0
0
0
0
0
0
0
0
0
0
0
0
0
0
0
0
0
0
0
0
0
0
0
0
0
0
0
0
0
0
0
0
0
0
0
0
0
0
0
0
0
0
0
0
0
0
0
0
0
0
0
0
0
0
0
0
0
0
0
0
0
0
0
0
0
0
0
0
0
0
0
0
0
0
0
0
0
0
0
0
0
0
0
0
0
0
0
0
0
0
0
0
0
0
0
0
0
0
0
0
0
0
2.421708e+08
1.341593e+08
7.539603e+07
4.338844e+07
3.114187e+07
0
0
0
0
0
0
0
0
0
0
0
0
0
0
0
0
0
0
0
0
0
0
0
0
0
2.420693e+08
1.342289e+08
7.576167e+07
4.380241e+07
3.140028e+07
0
0
0
0
0
0
0
0
0
0
0
0
0
0
0
0
0
0
0
0
0
0
0
0
0
2.41963e+08
1.343958e+08
7.605036e+07
4.437899e+07
3.210109e+07
0
0
0
0
0
0
0
0
0
0
0
0
0
0
0
0
0
0
0
0
0
0
0
0
0
2.420106e+08
1.348292e+08
7.673043e+07
4.516467e+07
3.311715e+07
0
0
0
0
0
0
0
0
0
0
0
0
0
0
0
0
0
0
0
0
0
0
0
0
0
2.419379e+08
1.356836e+08
7.787802e+07
4.651399e+07
3.446825e+07
0
0
0
0
0
0
0
0
0
0
0
0
0
0
0
0
0
0
0
0
0
0
0
0
0
2.42089e+08
1.367092e+08
7.95412e+07
4.833742e+07
3.631028e+07
0
0
0
0
0
0
0
0
0
0
0
0
0
0
0
2.420137e+08
1.378099e+08
8.10418e+07
5.019315e+07
3.806145e+07
0
0
0
0
0
0
0
0
0
0
0
0
0
0
0
2.420763e+08
1.385112e+08
8.233452e+07
5.160781e+07
3.956986e+07
0
0
0
0
0
0
0
0
0
0
0
0
0
0
0
2.419063e+08
1.390651e+08
8.301721e+07
5.266242e+07
4.050614e+07
0
0
0
0
0
0
0
0
0
0
0
0
0
0
0
2.408394e+08
1.390723e+08
8.338252e+07
5.297253e+07
4.102853e+07
0
0
0
0
0
0
0
0
0
0
0
0
0
0
0
1.382242e+08
8.307084e+07
5.280625e+07
4.080415e+07
0
0
0
0
0
0
0
0
0
0
0
0
0
0
0
8.188557e+07
5.194885e+07
4.011425e+07
0
0
0
0
0
0
0
0
0
0
0
0
0
0
0
5.028215e+07
3.87269e+07
0
0
0
0
0
0
0
0
0
0
0
0
0
0
0
3.669144e+07
0
0
0
0
0
0
0
0
0
0
0
0
0
0
0
0
0
0
0
0
0
0
0
0
0
0
0
0
0
0
0
0
0
0
0
0
0
0
0
0
0
0
0
0
0
0
0
0
0
0
0
0
0
0
0
0
0
0
0
0
0
0
0
0
0
0
0
0
0
0
0
0
0
0
0
0
0
0
0
0
0
0
0
0
0
0
0
0
0
0
0
0
0
0
0
0
0
0
0
0
0
0
0
0
0
0
0
0
0
0
0
0
0
0
0
0
0
0
0
0
0
0
0
0
0
0
0
0
0
0
0
0
0
0
0
0
0
0
0
0
2.419659e+08
1.340253e+08
7.5407e+07
4.340659e+07
3.110543e+07
0
0
0
0
0
0
0
0
0
0
0
0
0
0
0
0
0
0
0
0
0
0
0
0
0
2.419246e+08
1.340669e+08
7.557579e+07
4.38241e+07
3.153799e+07
0
0
0
0
0
0
0
0
0
0
0
0
0
0
0
0
0
0
0
0
0
0
0
0
0
2.419202e+08
1.342561e+08
7.59006e+07
4.420182e+07
3.214095e+07
0
0
0
0
0
0
0
0
0
0
0
0
0
0
0
0
0
0
0
0
0
0
0
0
0
2.417819e+08
1.347746e+08
7.658753e+07
4.501546e+07
3.295346e+07
0
0
0
0
0
0
0
0
0
0
0
0
0
0
0
0
0
0
0
0
0
0
0
0
0
2.418694e+08
1.355008e+08
7.782174e+07
4.636075e+07
3.43169e+07
0
0
0
0
0
0
0
0
0
0
0
0
0
0
0
0
0
0
0
0
0
0
0
0
0
2.418356e+08
1.366424e+08
7.937734e+07
4.82779e+07
3.61443e+07
0
0
0
0
0
0
0
0
0
0
0
0
0
0
0
2.418859e+08
1.375801e+08
8.097311e+07
5.003675e+07
3.799426e+07
0
0
0
0
0
0
0
0
0
0
0
0
0
0
0
2.418083e+08
1.384679e+08
8.210223e+07
5.15371e+07
3.94198e+07
0
0
0
0
0
0
0
0
0
0
0
0
0
0
0
2.408169e+08
1.387506e+08
8.29416e+07
5.237395e+07
4.047662e+07
0
0
0
0
0
0
0
0
0
0
0
0
0
0
0
1.382242e+08
8.307084e+07
5.280625e+07
4.080415e+07
0
0
0
0
0
0
0
0
0
0
0
0
0
0
0
8.230477e+07
5.24807e+07
4.063218e+07
0
0
0
0
0
0
0
0
0
0
0
0
0
0
0
5.125217e+07
3.976037e+07
0
0
0
0
0
0
0
0
0
0
0
0
0
0
0
3.812007e+07
0
0
0
0
0
0
0
0
0
0
0
0
0
0
0
0
0
0
0
0
0
0
0
0
0
0
0
0
0
0
0
0
0
0
0
0
0
0
0
0
0
0
0
0
0
0
0
0
0
0
0
0
0
0
0
0
0
0
0
0
0
0
0
0
0
0
0
0
0
0
0
0
0
0
0
0
0
0
0
0
0
0
0
0
0
0
0
0
0
0
0
0
0
0
0
0
0
0
0
0
0
0
0
0
0
0
0
0
0
0
0
0
0
0
0
0
0
0
0
0
0
0
0
0
0
0
0
0
0
0
0
0
0
0
0
0
0
0
0
0
0
0
0
0
0
0
0
0
0
2.418244e+08
1.338644e+08
7.531772e+07
4.343254e+07
3.1143e+07
0
0
0
0
0
0
0
0
0
0
0
0
0
0
0
0
0
0
0
0
0
0
0
0
0
2.418776e+08
1.339327e+08
7.542828e+07
4.365225e+07
3.15785e+07
0
0
0
0
0
0
0
0
0
0
0
0
0
0
0
0
0
0
0
0
0
0
0
0
0
2.416984e+08
1.341979e+08
7.576521e+07
4.40562e+07
3.198034e+07
0
0
0
0
0
0
0
0
0
0
0
0
0
0
0
0
0
0
0
0
0
0
0
0
0
2.417161e+08
1.345936e+08
7.652824e+07
4.487122e+07
3.280747e+07
0
0
0
0
0
0
0
0
0
0
0
0
0
0
0
0
0
0
0
0
0
0
0
0
0
2.416665e+08
1.354378e+08
7.765794e+07
4.629858e+07
3.416012e+07
0
0
0
0
0
0
0
0
0
0
0
0
0
0
0
0
0
0
0
0
0
0
0
0
0
2.41714e+08
1.364474e+08
7.931177e+07
4.812124e+07
3.607561e+07
0
0
0
0
0
0
0
0
0
0
0
0
0
0
0
2.416574e+08
1.374863e+08
8.076358e+07
4.996767e+07
3.784333e+07
0
0
0
0
0
0
0
0
0
0
0
0
0
0
0
2.407722e+08
1.381329e+08
8.207495e+07
5.131601e+07
3.934934e+07
0
0
0
0
0
0
0
0
0
0
0
0
0
0
0
1.379413e+08
8.260925e+07
5.229229e+07
4.020331e+07
0
0
0
0
0
0
0
0
0
0
0
0
0
0
0
8.230477e+07
5.24807e+07
4.063218e+07
0
0
0
0
0
0
0
0
0
0
0
0
0
0
0
5.173949e+07
4.029259e+07
0
0
0
0
0
0
0
0
0
0
0
0
0
0
0
3.909169e+07
0
0
0
0
0
0
0
0
0
0
0
0
0
0
0
0
0
0
0
0
0
0
0
0
0
0
0
0
0
0
0
0
0
0
0
0
0
0
0
0
0
0
0
0
0
0
0
0
0
0
0
0
0
0
0
0
0
0
0
0
0
0
0
0
0
0
0
0
0
0
0
0
0
0
0
0
0
0
0
0
0
0
0
0
0
0
0
0
0
0
0
0
0
0
0
0
0
0
0
0
0
0
0
0
0
0
0
0
0
0
0
0
0
0
0
0
0
0
0
0
0
0
0
0
0
0
0
0
0
0
0
0
0
0
0
0
0
0
0
0
0
0
0
0
0
0
0
0
0
0
0
0
0
0
0
0
0
2.417753e+08
1.33733e+08
7.517119e+07
4.336596e+07
3.118754e+07
0
0
0
0
0
0
0
0
0
0
0
0
0
0
0
0
0
0
0
0
0
0
0
0
0
2.416603e+08
1.338721e+08
7.529814e+07
4.35089e+07
3.142324e+07
0
0
0
0
0
0
0
0
0
0
0
0
0
0
0
0
0
0
0
0
0
0
0
0
0
2.416338e+08
1.340189e+08
7.570333e+07
4.391941e+07
3.183786e+07
0
0
0
0
0
0
0
0
0
0
0
0
0
0
0
0
0
0
0
0
0
0
0
0
0
2.415597e+08
1.345335e+08
7.636442e+07
4.480683e+07
3.265964e+07
0
0
0
0
0
0
0
0
0
0
0
0
0
0
0
0
0
0
0
0
0
0
0
0
0
2.41561e+08
1.352832e+08
7.759668e+07
4.614087e+07
3.40898e+07
0
0
0
0
0
0
0
0
0
0
0
0
0
0
0
0
0
0
0
0
0
0
0
0
0
2.414984e+08
1.363509e+08
7.91343e+07
4.805546e+07
3.592298e+07
0
0
0
0
0
0
0
0
0
0
0
0
0
0
0
2.40708e+08
1.372248e+08
8.068552e+07
4.976765e+07
3.777444e+07
0
0
0
0
0
0
0
0
0
0
0
0
0
0
0
1.373779e+08
8.171708e+07
5.129015e+07
3.914009e+07
0
0
0
0
0
0
0
0
0
0
0
0
0
0
0
8.188558e+07
5.194884e+07
4.011425e+07
0
0
0
0
0
0
0
0
0
0
0
0
0
0
0
5.173949e+07
4.029259e+07
0
0
0
0
0
0
0
0
0
0
0
0
0
0
0
3.957956e+07
0
0
0
0
0
0
0
0
0
0
0
0
0
0
0
0
0
0
0
0
0
0
0
0
0
0
0
0
0
0
0
0
0
0
0
0
0
0
0
0
0
0
0
0
0
0
0
0
0
0
0
0
0
0
0
0
0
0
0
0
0
0
0
0
0
0
0
0
0
0
0
0
0
0
0
0
0
0
0
0
0
0
0
0
0
0
0
0
0
0
0
0
0
0
0
0
0
0
0
0
0
0
0
0
0
0
0
0
0
0
0
0
0
0
0
0
0
0
0
0
0
0
0
0
0
0
0
0
0
0
0
0
0
0
0
0
0
0
0
0
0
0
0
0
0
0
0
0
0
0
0
0
0
0
0
0
0
0
0
0
0
0
0
0
2.415109e+08
1.336713e+08
7.504381e+07
4.322361e+07
3.114056e+07
0
0
0
0
0
0
0
0
0
0
0
0
0
0
0
0
0
0
0
0
0
0
0
0
0
2.415473e+08
1.33693e+08
7.523453e+07
4.337734e+07
3.128298e+07
0
0
0
0
0
0
0
0
0
0
0
0
0
0
0
0
0
0
0
0
0
0
0
0
0
2.415136e+08
1.339591e+08
7.553986e+07
4.385296e+07
3.169738e+07
0
0
0
0
0
0
0
0
0
0
0
0
0
0
0
0
0
0
0
0
0
0
0
0
0
2.414688e+08
1.344157e+08
7.630627e+07
4.464794e+07
3.258786e+07
0
0
0
0
0
0
0
0
0
0
0
0
0
0
0
0
0
0
0
0
0
0
0
0
0
2.413551e+08
1.351977e+08
7.745599e+07
4.607947e+07
3.393457e+07
0
0
0
0
0
0
0
0
0
0
0
0
0
0
0
0
0
0
0
0
0
0
0
0
0
2.405573e+08
1.361157e+08
7.904728e+07
4.788609e+07
3.585718e+07
0
0
0
0
0
0
0
0
0
0
0
0
0
0
0
1.365505e+08
8.041058e+07
4.969706e+07
3.758496e+07
0
0
0
0
0
0
0
0
0
0
0
0
0
0
0
8.105132e+07
5.091732e+07
3.911045e+07
0
0
0
0
0
0
0
0
0
0
0
0
0
0
0
5.125218e+07
3.976036e+07
0
0
0
0
0
0
0
0
0
0
0
0
0
0
0
3.957956e+07
0
0
0
0
0
0
0
0
0
0
0
0
0
0
0
0
0
0
0
0
0
0
0
0
0
0
0
0
0
0
0
0
0
0
0
0
0
0
0
0
0
0
0
0
0
0
0
0
0
0
0
0
0
0
0
0
0
0
0
0
0
0
0
0
0
0
0
0
0
0
0
0
0
0
0
0
0
0
0
0
0
0
0
0
0
0
0
0
0
0
0
0
0
0
0
0
0
0
0
0
0
0
0
0
0
0
0
0
0
0
0
0
0
0
0
0
0
0
0
0
0
0
0
0
0
0
0
0
0
0
0
0
0
0
0
0
0
0
0
0
0
0
0
0
0
0
0
0
0
0
0
0
0
0
0
0
0
0
0
0
0
0
0
0
0
0
0
0
0
0
2.414447e+08
1.334118e+08
7.497932e+07
4.30948e+07
3.100128e+07
0
0
0
0
0
0
0
0
0
0
0
0
0
0
0
0
0
0
0
0
0
0
0
0
0
2.414491e+08
1.335538e+08
7.50695e+07
4.33095e+07
3.114765e+07
0
0
0
0
0
0
0
0
0
0
0
0
0
0
0
0
0
0
0
0
0
0
0
0
0
2.41386e+08
1.338699e+08
7.548193e+07
4.369341e+07
3.162404e+07
0
0
0
0
0
0
0
0
0
0
0
0
0
0
0
0
0
0
0
0
0
0
0
0
0
2.412702e+08
1.343398e+08
7.619906e+07
4.458957e+07
3.243006e+07
0
0
0
0
0
0
0
0
0
0
0
0
0
0
0
0
0
0
0
0
0
0
0
0
0
2.404958e+08
1.349812e+08
7.737818e+07
4.594521e+07
3.387282e+07
0
0
0
0
0
0
0
0
0
0
0
0
0
0
0
0
0
0
0
0
0
0
0
0
0
1.354026e+08
7.880625e+07
4.780143e+07
3.569693e+07
0
0
0
0
0
0
0
0
0
0
0
0
0
0
0
7.982645e+07
4.940777e+07
3.751503e+07
0
0
0
0
0
0
0
0
0
0
0
0
0
0
0
5.028215e+07
3.87269e+07
0
0
0
0
0
0
0
0
0
0
0
0
0
0
0
3.909169e+07
0
0
0
0
0
0
0
0
0
0
0
0
0
0
0
0
0
0
0
0
0
0
0
0
0
0
0
0
0
0
0
0
0
0
0
0
0
0
0
0
0
0
0
0
0
0
0
0
0
0
0
0
0
0
0
0
0
0
0
0
0
0
0
0
0
0
0
0
0
0
0
0
0
0
0
0
0
0
0
0
0
0
0
0
0
0
0
0
0
0
0
0
0
0
0
0
0
0
0
0
0
0
0
0
0
0
0
0
0
0
0
0
0
0
0
0
0
0
0
0
0
0
0
0
0
0
0
0
0
0
0
0
0
0
0
0
0
0
0
0
0
0
0
0
0
0
0
0
0
0
0
0
0
0
0
0
0
0
0
0
0
0
0
0
0
0
0
0
0
0
0
0
0
0
0
2.413587e+08
1.333484e+08
7.471871e+07
4.302624e+07
3.086866e+07
0
0
0
0
0
0
0
0
0
0
0
0
0
0
0
0
0
0
0
0
0
0
0
0
0
2.413753e+08
1.334799e+08
7.491773e+07
4.314735e+07
3.107321e+07
0
0
0
0
0
0
0
0
0
0
0
0
0
0
0
0
0
0
0
0
0
0
0
0
0
2.411898e+08
1.337237e+08
7.540084e+07
4.363492e+07
3.146439e+07
0
0
0
0
0
0
0
0
0
0
0
0
0
0
0
0
0
0
0
0
0
0
0
0
0
2.404896e+08
1.34138e+08
7.612928e+07
4.448732e+07
3.237093e+07
0
0
0
0
0
0
0
0
0
0
0
0
0
0
0
0
0
0
0
0
0
0
0
0
0
1.343292e+08
7.715886e+07
4.586888e+07
3.374606e+07
0
0
0
0
0
0
0
0
0
0
0
0
0
0
0
0
0
0
0
0
0
0
0
0
0
7.816411e+07
4.755219e+07
3.561083e+07
0
0
0
0
0
0
0
0
0
0
0
0
0
0
0
4.885727e+07
3.721388e+07
0
0
0
0
0
0
0
0
0
0
0
0
0
0
0
3.812007e+07
0
0
0
0
0
0
0
0
0
0
0
0
0
0
0
0
0
0
0
0
0
0
0
0
0
0
0
0
0
0
0
0
0
0
0
0
0
0
0
0
0
0
0
0
0
0
0
0
0
0
0
0
0
0
0
0
0
0
0
0
0
0
0
0
0
0
0
0
0
0
0
0
0
0
0
0
0
0
0
0
0
0
0
0
0
0
0
0
0
0
0
0
0
0
0
0
0
0
0
0
0
0
0
0
0
0
0
0
0
0
0
0
0
0
0
0
0
0
0
0
0
0
0
0
0
0
0
0
0
0
0
0
0
0
0
0
0
0
0
0
0
0
0
0
0
0
0
0
0
0
0
0
0
0
0
0
0
0
0
0
0
0
0
0
0
0
0
0
0
0
0
0
0
0
0
0
0
0
0
2.412889e+08
1.332842e+08
7.465635e+07
4.275921e+07
3.079362e+07
0
0
0
0
0
0
0
0
0
0
0
0
0
0
0
0
0
0
0
0
0
0
0
0
0
2.411818e+08
1.33416e+08
7.484946e+07
4.298621e+07
3.090976e+07
0
0
0
0
0
0
0
0
0
0
0
0
0
0
0
0
0
0
0
0
0
0
0
0
0
2.405264e+08
1.335286e+08
7.524548e+07
4.355771e+07
3.140449e+07
0
0
0
0
0
0
0
0
0
0
0
0
0
0
0
0
0
0
0
0
0
0
0
0
0
1.335482e+08
7.5927e+07
4.441817e+07
3.227479e+07
0
0
0
0
0
0
0
0
0
0
0
0
0
0
0
0
0
0
0
0
0
0
0
0
0
7.657101e+07
4.564319e+07
3.366779e+07
0
0
0
0
0
0
0
0
0
0
0
0
0
0
0
0
0
0
0
0
0
0
0
0
0
4.693508e+07
3.535321e+07
0
0
0
0
0
0
0
0
0
0
0
0
0
0
0
3.669144e+07
0
0
0
0
0
0
0
0
0
0
0
0
0
0
0
0
0
0
0
0
0
0
0
0
0
0
0
0
0
0
0
0
0
0
0
0
0
0
0
0
0
0
0
0
0
0
0
0
0
0
0
0
0
0
0
0
0
0
0
0
0
0
0
0
0
0
0
0
0
0
0
0
0
0
0
0
0
0
0
0
0
0
0
0
0
0
0
0
0
0
0
0
0
0
0
0
0
0
0
0
0
0
0
0
0
0
0
0
0
0
0
0
0
0
0
0
0
0
0
0
0
0
0
0
0
0
0
0
0
0
0
0
0
0
0
0
0
0
0
0
0
0
0
0
0
0
0
0
0
0
0
0
0
0
0
0
0
0
0
0
0
0
0
0
0
0
0
0
0
0
0
0
0
0
0
0
0
0
0
0
0
0
2.410966e+08
1.332246e+08
7.459705e+07
4.26956e+07
3.052173e+07
0
0
0
0
0
0
0
0
0
0
0
0
0
0
0
0
0
0
0
0
0
0
0
0
0
2.405696e+08
1.332273e+08
7.478995e+07
4.292064e+07
3.074408e+07
0
0
0
0
0
0
0
0
0
0
0
0
0
0
0
0
0
0
0
0
0
0
0
0
0
1.330734e+08
7.505122e+07
4.3394e+07
3.133238e+07
0
0
0
0
0
0
0
0
0
0
0
0
0
0
0
0
0
0
0
0
0
0
0
0
0
7.539639e+07
4.421108e+07
3.220302e+07
0
0
0
0
0
0
0
0
0
0
0
0
0
0
0
0
0
0
0
0
0
0
0
0
0
4.507796e+07
3.343543e+07
0
0
0
0
0
0
0
0
0
0
0
0
0
0
0
0
0
0
0
0
0
0
0
0
0
3.476199e+07
0
0
0
0
0
0
0
0
0
0
0
0
0
0
0
0
0
0
0
0
0
0
0
0
0
0
0
0
0
0
0
0
0
0
0
0
0
0
0
0
0
0
0
0
0
0
0
0
0
0
0
0
0
0
0
0
0
0
0
0
0
0
0
0
0
0
0
0
0
0
0
0
0
0
0
0
0
0
0
0
0
0
0
0
0
0
0
0
0
0
0
0
0
0
0
0
0
0
0
0
0
0
0
0
0
0
0
0
0
0
0
0
0
0
0
0
0
0
0
0
0
0
0
0
0
0
0
0
0
0
0
0
0
0
0
0
0
0
0
0
0
0
0
0
0
0
0
0
0
0
0
0
0
0
0
0
0
0
0
0
0
0
0
0
0
0
0
0
0
0
0
0
0
0
0
0
0
0
0
0
0
0
0
0
2.405073e+08
1.330387e+08
7.454186e+07
4.263871e+07
3.045614e+07
0
0
0
0
0
0
0
0
0
0
0
0
0
0
0
0
0
0
0
0
0
0
0
0
0
1.328158e+08
7.460341e+07
4.286108e+07
3.068279e+07
0
0
0
0
0
0
0
0
0
0
0
0
0
0
0
0
0
0
0
0
0
0
0
0
0
7.466498e+07
4.319576e+07
3.116287e+07
0
0
0
0
0
0
0
0
0
0
0
0
0
0
0
0
0
0
0
0
0
0
0
0
0
4.370165e+07
3.199064e+07
0
0
0
0
0
0
0
0
0
0
0
0
0
0
0
0
0
0
0
0
0
0
0
0
0
3.289383e+07
0
0
0
0
0
0
0
0
0
0
0
0
0
0
0
0
0
0
0
0
0
0
0
0
0
0
0
0
0
0
0
0
0
0
0
0
0
0
0
0
0
0
0
0
0
0
0
0
0
0
0
0
0
0
0
0
0
0
0
0
0
0
0
0
0
0
0
0
0
0
0
0
0
0
0
0
0
0
0
0
0
0
0
0
0
0
0
0
0
0
0
0
0
0
0
0
0
0
0
0
0
0
0
0
0
0
0
0
0
0
0
0
0
0
0
0
0
0
0
0
0
0
0
0
0
0
0
0
0
0
0
0
0
0
0
0
0
0
0
0
0
0
0
0
0
0
0
0
0
0
0
0
0
0
0
0
0
0
0
0
0
0
0
0
0
0
0
0
0
0
0
0
0
0
0
0
0
0
0
0
0
0
0
0
0
0
0
0
0
0
0
0
0
0
0
1.326472e+08
7.435876e+07
4.258369e+07
3.040324e+07
0
0
0
0
0
0
0
0
0
0
0
0
0
0
0
0
0
0
0
0
0
0
0
0
0
7.425839e+07
4.267141e+07
3.062035e+07
0
0
0
0
0
0
0
0
0
0
0
0
0
0
0
0
0
0
0
0
0
0
0
0
0
4.283819e+07
3.09603e+07
0
0
0
0
0
0
0
0
0
0
0
0
0
0
0
0
0
0
0
0
0
0
0
0
0
3.150332e+07
0
0
0
0
0
0
0
0
0
0
0
0
0
0
0
0
0
0
0
0
0
0
0
0
0
0
0
0
0
0
0
0
0
0
0
0
0
0
0
0
0
0
0
0
0
0
0
0
0
0
0
0
0
0
0
0
0
0
0
0
0
0
0
0
0
0
0
0
0
0
0
0
0
0
0
0
0
0
0
0
0
0
0
0
0
0
0
0
0
0
0
0
0
0
0
0
0
0
0
0
0
0
0
0
0
0
0
0
0
0
0
0
0
0
0
0
0
0
0
0
0
0
0
0
0
0
0
0
0
0
0
0
0
0
0
0
0
0
0
0
0
0
0
0
0
0
0
0
0
0
0
0
0
0
0
0
0
0
0
0
0
0
0
0
0
0
0
0
0
0
0
0
0
0
0
0
0
0
0
0
0
0
0
0
0
0
0
0
0
0
0
0
0
0
0
0
0
0
0
0
0
0
0
0
0
7.403306e+07
4.239784e+07
3.034568e+07
0
0
0
0
0
0
0
0
0
0
0
0
0
0
0
0
0
0
0
0
0
0
0
0
0
4.235469e+07
3.042699e+07
0
0
0
0
0
0
0
0
0
0
0
0
0
0
0
0
0
0
0
0
0
0
0
0
0
3.062671e+07
0
0
0
0
0
0
0
0
0
0
0
0
0
0
0
0
0
0
0
0
0
0
0
0
0
0
0
0
0
0
0
0
0
0
0
0
0
0
0
0
0
0
0
0
0
0
0
0
0
0
0
0
0
0
0
0
0
0
0
0
0
0
0
0
0
0
0
0
0
0
0
0
0
0
0
0
0
0
0
0
0
0
0
0
0
0
0
0
0
0
0
0
0
0
0
0
0
0
0
0
0
0
0
0
0
0
0
0
0
0
0
0
0
0
0
0
0
0
0
0
0
0
0
0
0
0
0
0
0
0
0
0
0
0
0
0
0
0
0
0
0
0
0
0
0
0
0
0
0
0
0
0
0
0
0
0
0
0
0
0
0
0
0
0
0
0
0
0
0
0
0
0
0
0
0
0
0
0
0
0
0
0
0
0
0
0
0
0
0
0
0
0
0
0
0
0
0
0
0
0
0
0
0
0
0
0
0
0
0
0
0
0
0
0
0
4.210052e+07
3.015646e+07
0
0
0
0
0
0
0
0
0
0
0
0
0
0
0
0
0
0
0
0
0
0
0
0
0
3.013369e+07
0
0
0
0
0
0
0
0
0
0
0
0
0
0
0
0
0
0
0
0
0
0
0
0
0
0
0
0
0
0
0
0
0
0
0
0
0
0
0
0
0
0
0
0
0
0
0
0
0
0
0
0
0
0
0
0
0
0
0
0
0
0
0
0
0
0
0
0
0
0
0
0
0
0
0
0
0
0
0
0
0
0
0
0
0
0
0
0
0
0
0
0
0
0
0
0
0
0
0
0
0
0
0
0
0
0
0
0
0
0
0
0
0
0
0
0
0
0
0
0
0
0
0
0
0
0
0
0
0
0
0
0
0
0
0
0
0
0
0
0
0
0
0
0
0
0
0
0
0
0
0
0
0
0
0
0
0
0
0
0
0
0
0
0
0
0
0
0
0
0
0
0
0
0
0
0
0
0
0
0
0
0
0
0
0
0
0
0
0
0
0
0
0
0
0
0
0
0
0
0
0
0
0
0
0
0
0
0
0
0
0
0
0
0
0
0
0
0
0
0
0
0
0
0
0
2.988228e+07
0
0
0
0
0
0
0
0
0
0
0
0
0
0
0
0
0
0
0
0
0
0
0
0
0
0
0
0
0
0
0
0
0
0
0
0
0
0
0
0
0
0
0
0
0
0
0
0
0
0
0
0
0
0
0
0
0
0
0
0
0
0
0
0
0
0
0
0
0
0
0
0
0
0
0
0
0
0
0
0
0
0
0
0
0
0
0
0
0
0
0
0
0
0
0
0
0
0
0
0
0
0
0
0
0
0
0
0
0
0
0
0
0
0
0
0
0
0
0
0
0
0
0
0
0
0
0
0
0
0
0
0
0
0
0
0
0
0
0
0
0
0
0
0
0
0
0
0
0
0
0
0
0
0
0
0
0
0
0
0
0
0
0
0
0
0
0
0
0
0
0
0
0
0
0
0
0
0
0
0
0
0
0
0
0
0
0
0
0
0
0
0
0
0
0
0
0
0
0
0
0
0
0
0
0
0
0
0
0
0
0
0
0
0
0
0
0
0
0
0
0
0
0
0
0
0
0
0
0
0
0
0
0
0
0
0
0
0
0
0
0
0
0
0
0
0
0
0
0
0
0
0
0
0
0
0
0
0
0
0
0
0
0
0
0
0
0
0
0
0
0
0
0
0
0
0
0
0
0
0
0
0
0
0
0
0
0
0
0
0
0
0
0
0
0
0
0
0
0
0
0
0
0
0
0
0
0
0
0
0
0
0
0
0
0
0
0
0
0
0
0
0
0
0
0
0
0
0
0
0
0
0
0
0
0
0
0
0
0
0
0
0
0
0
0
0
0
0
0
0
0
0
0
0
0
0
0
0
0
0
0
0
0
0
0
0
0
0
0
0
0
0
0
0
0
0
0
0
0
0
0
0
0
0
0
0
0
0
0
0
0
0
0
0
0
0
0
0
0
0
0
0
0
0
0
0
0
0
0
0
0
0
0
0
0
0
0
0
0
0
0
0
0
0
0
0
0
0
0
0
0
0
0
0
0
0
0
0
0
0
0
0
0
0
0
0
0
0
0
0
0
0
0
0
0
0
0
0
0
0
0
0
0
0
0
0
0
0
0
0
0
0
0
0
0
0
0
0
0
0
0
0
0
0
0
0
0
0
0
0
0
0
0
0
0
0
0
0
0
0
0
0
0
0
0
0
0
0
0
0
0
0
0
0
0
0
0
0
0
0
0
0
0
0
0
0
0
0
0
0
0
0
0
0
0
0
0
0
0
0
0
0
0
0
0
0
0
0
0
0
0
0
0
0
0
0
0
0
0
0
0
0
0
0
0
0
0
0
0
0
0
0
0
0
0
0
0
0
0
0
0
0
0
0
0
0
0
0
0
0
0
0
0
0
0
0
0
0
0
0
0
0
0
0
0
0
0
0
0
0
0
0
0
0
0
0
0
0
0
0
0
0
0
0
0
0
0
0
0
0
0
0
0
0
0
0
0
0
0
0
0
0
0
0
0
0
0
0
0
0
0
0
0
0
0
0
0
0
0
0
0
0
0
0
0
0
0
0
0
0
0
0
0
0
0
0
0
0
0
0
0
0
0
0
0
0
0
0
0
0
0
0
0
0
0
0
0
0
0
0
0
0
0
0
0
0
0
0
0
0
0
0
0
0
0
0
0
0
0
0
0
0
0
0
0
0
0
0
0
0
0
0
0
0
0
0
0
0
0
0
0
0
0
0
0
0
0
0
0
0
0
0
0
0
0
0
0
0
0
0
0
0
0
0
0
0
0
0
0
0
0
0
0
0
0
0
0
0
0
0
0
0
0
0
0
0
0
0
0
0
0
0
0
0
0
0
0
0
0
0
0
0
0
0
0
0
0
0
0
0
0
0
0
0
0
0
0
0
0
0
0
0
0
0
0
0
0
0
0
0
0
0
0
0
0
0
0
0
0
0
0
0
0
0
0
0
0
0
0
0
0
0
0
0
0
0
0
0
0
0
0
0
0
0
0
0
0
0
0
0
0
0
0
0
0
0
0
0
0
0
0
0
0
0
0
0
0
0
0
0
0
0
0
0
0
0
0
0
0
0
0
0
0
0
0
0
0
0
0
0
0
0
0
0
0
0
0
0
0
0
0
0
0
0
0
0
0
0
0
0
0
0
0
0
0
0
0
0
0
0
0
0
0
0
0
0
0
0
0
0
0
0
0
0
0
0
0
0
0
0
0
0
0
0
0
0
0
0
0
0
0
0
0
0
0
0
0
0
0
0
0
0
0
0
0
0
0
0
0
0
0
0
0
0
0
0
0
0
0
0
0
0
0
0
0
0
0
0
0
0
0
0
0
0
0
0
0
0
0
0
0
0
0
0
0
0
0
0
0
0
0
0
0
0
0
0
0
0
0
0
0
0
0
0
0
0
0
0
0
0
0
0
0
0
0
0
0
0
0
0
0
0
0
0
0
0
0
0
0
0
0
0
0
0
0
0
0
0
0
0
0
0
0
0
0
0
0
0
0
0
0
0
0
0
0
0
0
0
0
0
0
0
0
0
0
0
0
0
0
0
0
0
0
0
0
0
0
0
0
0
0
0
0
0
0
0
0
0
0
0
0
0
0
0
0
0
0
0
0
0
0
0
0
0
0
0
0
0
0
0
0
0
0
0
0
0
0
0
0
0
0
0
0
0
0
0
0
0
0
0
0
0
0
0
0
0
0
0
0
0
0
0
0
0
0
0
0
0
0
0
0
0
0
0
0
0
0
0
0
0
0
0
0
0
0
0
0
0
0
0
0
0
0
0
0
0
0
0
0
0
0
0
0
0
0
0
0
0
0
0
0
0
0
0
0
0
0
0
0
0
0
0
0
0
0
0
0
0
0
0
0
0
0
0
0
0
0
0
0
0
0
0
0
0
0
0
0
0
0
0
0
0
0
0
0
0
0
0
0
0
0
0
0
0
0
0
0
0
0
0
0
0
0
0
0
0
0
0
0
0
0
0
0
0
0
0
0
0
0
0
0
0
0
0
0
0
0
0
0
0
0
0
0
0
0
0
0
0
0
0
0
0
0
0
0
0
0
0
0
0
0
0
0
0
0
0
0
0
0
0
0
0
0
0
0
0
0
0
0
0
0
0
0
0
0
0
0
0
0
0
0
0
0
0
0
0
0
0
0
0
0
0
0
0
0
0
0
0
0
0
0
0
0
0
0
0
0
0
0
0
0
0
0
0
0
0
0
0
0
0
0
0
0
0
0
0
0
0
0
0
0
0
0
0
0
0
0
0
0
0
0
0
0
0
0
0
0
0
0
0
0
0
0
0
0
0
0
0
0
0
0
0
0
0
0
0
0
0
0
0
0
0
0
0
0
0
0
0
0
0
0
0
0
0
0
0
0
0
0
0
0
0
0
0
0
0
0
0
0
0
0
0
0
0
0
0
0
0
0
0
0
0
0
0
0
0
0
0
0
0
0
0
0
0
0
0
0
0
0
0
0
0
0
0
0
0
0
0
0
0
0
0
0
0
0
0
0
0
0
0
0
0
0
0
0
0
0
0
0
0
0
0
0
0
0
0
0
0
0
0
0
0
0
0
0
0
0
0
0
0
0
0
0
0
0
0
0
0
0
0
0
0
0
0
0
0
0
0
0
0
0
0
0
0
0
0
0
0
0
0
0
0
0
0
0
0
0
0
0
0
0
0
0
0
0
0
0
0
0
0
0
0
0
0
0
0
0
0
0
0
0
0
0
0
0
0
0
0
0
0
0
0
0
0
0
0
0
0
0
0
0
0
0
0
0
0
0
0
0
0
0
0
0
0
0
0
0
0
0
0
0
0
0
0
0
0
0
0
0
0
0
0
0
0
0
0
0
0
0
0
0
0
0
0
0
0
0
0
0
0
0
0
0
0
0
0
0
0
0
0
0
0
0
0
0
0
0
0
0
0
0
0
0
0
0
0
0
0
0
0
0
0
0
0
0
0
0
0
0
0
0
0
0
0
0
0
0
0
0
0
0
0
0
0
0
0
0
0
0
0
0
0
0
0
0
0
0
0
0
0
0
0
0
0
0
0
0
0
0
0
0
0
0
0
0
0
0
0
0
0
0
0
0
0
0
0
0
0
0
0
0
0
0
0
0
0
0
0
0
0
0
0
0
0
0
0
0
0
0
0
0
0
0
0
0
0
0
0
0
0
0
0
0
0
0
0
0
0
0
0
0
0
0
0
0
0
0
0
0
0
0
0
0
0
0
0
0
0
0
0
0
0
0
0
0
0
0
0
0
0
0
0
0
0
0
0
0
0
0
0
0
0
0
0
0
0
0
0
0
0
0
0
0
0
0
0
0
0
0
0
0
0
0
0
0
0
0
0
0
0
0
0
0
0
0
0
0
0
0
0
0
0
0
0
0
0
0
0
0
0
0
0
0
0
0
0
0
0
0
0
0
0
0
0
0
0
0
0
0
0
0
0
0
0
0
0
0
0
0
0
0
0
0
0
0
0
0
0
0
0
0
0
0
0
0
0
0
0
0
0
0
0
0
0
0
0
0
0
0
0
0
0
0
0
0
0
0
0
0
0
0
0
0
0
0
0
0
0
0
0
0
0
0
0
0
0
0
0
0
0
0
0
0
0
0
0
0
0
0
0
0
0
0
0
0
0
0
0
0
0
0
0
0
0
0
0
0
0
0
0
0
0
0
0
0
0
0
0
0
0
0
0
0
0
0
0
0
0
0
0
0
0
0
0
0
0
0
0
0
0
0
0
0
0
0
0
0
0
0
0
0
0
0
0
0
0
0
0
0
0
0
0
0
0
0
0
0
0
0
0
0
0
0
0
0
0
0
0
0
0
0
0
0
0
0
0
0
0
0
0
0
0
0
0
0
0
0
0
0
0
0
0
0
0
0
0
0
0
0
0
0
0
0
0
0
0
0
0
0
0
0
0
0
0
0
0
0
0
0
0
0
0
0
0
0
0
0
0
0
0
0
0
0
0
0
0
0
0
0
0
0
0
0
0
0
0
0
0
0
0
0
0
0
0
0
0
0
0
0
0
0
0
0
0
0
0
0
0
0
0
0
0
0
0
0
0
0
0
0
0
0
0
0
0
0
0
0
0
0
0
0
0
0
0
0
0
0
0
0
0
0
0
0
0
0
0
0
0
0
0
0
0
0
0
0
0
0
0
0
0
0
0
0
0
0
0
0
0
0
0
0
0
0
0
0
0
0
0
0
0
0
0
0
0
0
0
0
0
0
0
0
0
0
0
0
0
0
0
0
0
0
0
0
0
0
0
0
0
0
0
0
0
0
0
0
0
0
0
0
0
0
0
0
0
0
0
0
0
0
0
0
0
0
0
0
0
0
0
0
0
0
0
0
0
0
0
0
0
0
0
0
0
0
0
0
0
0
0
0
0
0
0
0
0
0
0
0
0
0
0
0
0
0
0
0
0
0
0
0
0
0
0
0
0
0
0
0
0
0
0
0
0
0
0
0
0
0
0
0
0
0
0
0
0
0
0
0
0
0
0
0
0
0
0
0
0
0
0
0
0
0
0
0
0
0
0
0
0
0
0
0
0
0
0
0
0
0
0
0
0
0
0
0
0
0
0
0
0
0
0
0
0
0
0
0
0
0
0
0
0
0
0
0
0
0
0
0
0
0
0
0
0
0
0
0
0
0
0
0
0
0
0
0
0
0
0
0
0
0
0
0
0
0
0
0
0
0
0
0
0
0
0
0
0
0
)
;

boundaryField
{
    interconnectSides
    {
        type            zeroGradient;
    }
    anodeSides
    {
        type            zeroGradient;
    }
    interconnect1
    {
        type            zeroGradient;
    }
    phiEA_to_phiE0
    {
        type            zeroGradient;
    }
}


// ************************************************************************* //
