/*--------------------------------*- C++ -*----------------------------------*\
| =========                 |                                                 |
| \\      /  F ield         | OpenFOAM: The Open Source CFD Toolbox           |
|  \\    /   O peration     | Version:  2312                                  |
|   \\  /    A nd           | Website:  www.openfoam.com                      |
|    \\/     M anipulation  |                                                 |
\*---------------------------------------------------------------------------*/
FoamFile
{
    version     2.0;
    format      ascii;
    arch        "LSB;label=32;scalar=64";
    class       volScalarField;
    location    "1/electrolyte";
    object      T;
}
// * * * * * * * * * * * * * * * * * * * * * * * * * * * * * * * * * * * * * //

dimensions      [0 0 0 1 0 0 0];

internalField   nonuniform List<scalar> 
4000
(
313.0039
313.004
313.0039
313.0022
313.004
313.004
313.0023
313.0039
313.0022
313.0004
313.003
313.004
313.0022
313.004
313.0023
313.0005
313.0039
313.0021
313.0004
312.9986
312.9998
313.003
313.0012
313.0039
313.0022
313.0004
313.004
313.0022
313.0005
312.9987
313.004
313.0022
313.0003
312.9985
312.9967
312.9937
312.9998
312.998
313.003
313.0012
312.9994
313.004
313.0022
313.0004
312.9986
313.0041
313.0023
313.0004
312.9986
312.9968
313.004
313.0022
313.0004
312.9985
312.9966
312.9879
312.9936
312.9919
312.9997
312.998
312.9962
313.003
313.0012
312.9994
312.9976
313.004
313.0022
313.0003
312.9985
312.9967
313.0041
313.0023
313.0005
312.9986
312.9967
313.004
313.0023
313.0004
312.9985
312.9966
312.9837
312.9878
312.986
312.9936
312.9918
312.99
312.9998
312.9979
312.9961
312.9943
313.003
313.0012
312.9993
312.9975
312.9957
313.0041
313.0022
313.0004
312.9985
312.9966
313.0042
313.0024
313.0005
312.9986
312.9967
313.0041
313.0023
313.0005
312.9986
312.9966
312.9812
312.9836
312.9818
312.9877
312.9859
312.9841
312.9936
312.9917
312.9899
312.988
312.9998
312.9979
312.996
312.9942
312.9923
313.0031
313.0013
312.9994
312.9974
312.9956
313.0041
313.0023
313.0004
312.9985
312.9966
313.0042
313.0024
313.0006
312.9987
312.9967
313.0041
313.0023
313.0005
312.9986
312.9967
312.9801
312.9811
312.9793
312.9835
312.9817
312.9798
312.9877
312.9858
312.9839
312.982
312.9937
312.9917
312.9898
312.9879
312.986
312.9999
312.998
312.9961
312.9941
312.9922
313.0032
313.0013
312.9994
312.9975
312.9955
313.0041
313.0024
313.0005
312.9986
312.9966
313.0042
313.0024
313.0006
312.9987
312.9968
313.0041
313.0023
313.0005
312.9987
312.9968
312.9801
312.98
312.9782
312.981
312.9792
312.9773
312.9836
312.9816
312.9797
312.9777
312.9878
312.9858
312.9838
312.9818
312.9798
312.9938
312.9918
312.9898
312.9877
312.9857
313
312.9981
312.9962
312.9941
312.9921
313.0032
313.0014
312.9995
312.9976
312.9956
313.0042
313.0024
313.0006
312.9987
312.9967
313.0042
313.0025
313.0007
312.9988
312.9969
313.0041
313.0024
313.0006
312.9987
312.9968
312.9812
312.98
312.9782
312.9799
312.978
312.9761
312.9811
312.9791
312.9771
312.9751
312.9837
312.9816
312.9795
312.9775
312.9754
312.9879
312.986
312.9838
312.9817
312.9796
312.9939
312.992
312.9899
312.9878
312.9856
313
312.9982
312.9963
312.9942
312.9921
313.0032
313.0014
312.9996
312.9977
312.9956
313.0042
313.0024
313.0006
312.9987
312.9968
313.0042
313.0025
313.0007
312.9989
312.9969
313.0041
313.0024
313.0006
312.9988
312.9969
312.9837
312.9811
312.9793
312.9799
312.978
312.9761
312.98
312.9779
312.9759
312.9739
312.9812
312.9791
312.977
312.9749
312.9727
312.9838
312.9818
312.9796
312.9773
312.9751
312.988
312.9861
312.984
312.9817
312.9794
312.9939
312.992
312.99
312.9879
312.9857
313.0001
312.9982
312.9964
312.9944
312.9923
313.0032
313.0015
312.9996
312.9977
312.9957
313.0042
313.0024
313.0006
312.9988
312.9969
313.0042
313.0025
313.0007
312.9989
312.997
313.0041
313.0024
313.0006
312.9988
312.9969
312.9879
312.9836
312.9818
312.981
312.9792
312.9773
312.98
312.9779
312.9759
312.9739
312.9801
312.978
312.9758
312.9737
312.9715
312.9813
312.9793
312.977
312.9747
312.9725
312.9839
312.9819
312.9797
312.9774
312.975
312.9881
312.9862
312.9841
312.9819
312.9795
312.994
312.9921
312.9902
312.988
312.9858
313.0001
312.9983
312.9964
312.9945
312.9924
313.0032
313.0015
312.9997
312.9978
312.9958
313.0042
313.0024
313.0007
312.9988
312.9969
313.0042
313.0025
313.0007
312.9989
312.997
313.0041
313.0023
313.0006
312.9988
312.9969
312.9937
312.9878
312.986
312.9835
312.9817
312.9798
312.9811
312.9791
312.9771
312.9751
312.9801
312.978
312.9758
312.9737
312.9715
312.9802
312.9781
312.9759
312.9735
312.9713
312.9815
312.9794
312.9772
312.9748
312.9723
312.984
312.982
312.9799
312.9775
312.975
312.9882
312.9863
312.9842
312.982
312.9796
312.994
312.9922
312.9902
312.9882
312.986
313.0001
312.9983
312.9965
312.9945
312.9925
313.0032
313.0015
312.9997
312.9978
312.9959
313.0042
313.0024
313.0007
312.9988
312.997
313.0042
313.0025
313.0007
312.9989
312.997
313.0041
313.0023
313.0006
312.9988
312.997
312.9998
312.9936
312.9919
312.9877
312.9859
312.9841
312.9836
312.9816
312.9797
312.9777
312.9812
312.9791
312.977
312.9749
312.9727
312.9802
312.9781
312.9759
312.9735
312.9713
312.9803
312.9783
312.976
312.9736
312.9711
312.9816
312.9795
312.9773
312.975
312.9724
312.9841
312.9821
312.98
312.9777
312.9752
312.9882
312.9864
312.9843
312.9822
312.9798
312.994
312.9922
312.9903
312.9883
312.9861
313.0001
312.9983
312.9965
312.9946
312.9926
313.0032
313.0015
312.9997
312.9979
312.996
313.0041
313.0024
313.0007
312.9989
312.997
313.0042
313.0025
313.0007
312.9989
312.9971
313.0041
313.0023
313.0006
312.9988
312.997
313.003
312.9998
312.998
312.9936
312.9918
312.99
312.9877
312.9858
312.9839
312.982
312.9837
312.9816
312.9795
312.9775
312.9754
312.9813
312.9793
312.977
312.9747
312.9725
312.9803
312.9783
312.976
312.9736
312.9711
312.9804
312.9784
312.9762
312.9738
312.9712
312.9816
312.9797
312.9775
312.9751
312.9726
312.9841
312.9822
312.9801
312.9779
312.9754
312.9883
312.9864
312.9844
312.9823
312.98
312.994
312.9923
312.9904
312.9884
312.9862
313.0001
312.9983
312.9965
312.9946
312.9927
313.0032
313.0015
312.9997
312.9979
312.996
313.0041
313.0024
313.0007
312.9989
312.997
313.0042
313.0025
313.0007
312.9989
312.9971
313.0041
313.0023
313.0006
312.9988
312.997
313.004
313.003
313.0012
312.9997
312.998
312.9962
312.9936
312.9917
312.9899
312.988
312.9878
312.9858
312.9838
312.9818
312.9798
312.9838
312.9818
312.9796
312.9773
312.9751
312.9815
312.9794
312.9772
312.9748
312.9723
312.9804
312.9784
312.9762
312.9738
312.9712
312.9805
312.9785
312.9763
312.974
312.9714
312.9817
312.9797
312.9776
312.9753
312.9728
312.9842
312.9823
312.9802
312.978
312.9756
312.9883
312.9865
312.9845
312.9824
312.9801
312.994
312.9923
312.9904
312.9884
312.9863
313.0001
312.9983
312.9965
312.9947
312.9927
313.0032
313.0015
312.9997
312.9979
312.996
313.0041
313.0024
313.0006
312.9989
312.997
313.0042
313.0024
313.0007
312.9989
312.9971
313.0041
313.0023
313.0006
312.9988
312.9969
313.004
313.004
313.0022
313.003
313.0012
312.9994
312.9998
312.9979
312.9961
312.9943
312.9937
312.9917
312.9898
312.9879
312.986
312.9879
312.986
312.9838
312.9817
312.9796
312.9839
312.9819
312.9797
312.9774
312.975
312.9816
312.9795
312.9773
312.975
312.9724
312.9805
312.9785
312.9763
312.974
312.9714
312.9805
312.9786
312.9765
312.9741
312.9716
312.9817
312.9798
312.9777
312.9754
312.973
312.9842
312.9823
312.9803
312.9781
312.9757
312.9883
312.9865
312.9845
312.9824
312.9802
312.994
312.9923
312.9904
312.9885
312.9864
313.0001
312.9983
312.9965
312.9947
312.9927
313.0032
313.0015
312.9997
312.9979
312.996
313.0041
313.0024
313.0006
312.9988
312.997
313.0042
313.0024
313.0007
312.9989
312.9971
313.0041
313.0023
313.0006
312.9988
312.9969
313.0039
313.004
313.0023
313.0039
313.0022
313.0004
313.003
313.0012
312.9994
312.9976
312.9998
312.9979
312.996
312.9942
312.9923
312.9938
312.9918
312.9898
312.9877
312.9857
312.988
312.9861
312.984
312.9817
312.9794
312.984
312.982
312.9799
312.9775
312.975
312.9816
312.9797
312.9775
312.9751
312.9726
312.9805
312.9786
312.9765
312.9741
312.9716
312.9806
312.9786
312.9766
312.9743
312.9718
312.9817
312.9798
312.9778
312.9755
312.9731
312.9842
312.9823
312.9803
312.9782
312.9759
312.9883
312.9865
312.9846
312.9825
312.9803
312.994
312.9923
312.9904
312.9885
312.9864
313.0001
312.9983
312.9965
312.9947
312.9928
313.0032
313.0015
312.9997
312.9979
312.996
313.0041
313.0024
313.0006
312.9988
312.997
313.0042
313.0025
313.0007
312.9989
312.9971
313.0041
313.0023
313.0006
312.9988
312.9969
313.0039
313.0022
313.004
313.0023
313.0005
313.004
313.0022
313.0004
312.9986
313.003
313.0012
312.9993
312.9975
312.9957
312.9999
312.998
312.9961
312.9941
312.9922
312.9939
312.992
312.9899
312.9878
312.9856
312.9881
312.9862
312.9841
312.9819
312.9795
312.9841
312.9821
312.98
312.9777
312.9752
312.9817
312.9797
312.9776
312.9753
312.9728
312.9806
312.9786
312.9766
312.9743
312.9718
312.9806
312.9787
312.9766
312.9744
312.9719
312.9817
312.9799
312.9778
312.9756
312.9732
312.9842
312.9823
312.9804
312.9783
312.9759
312.9883
312.9865
312.9846
312.9826
312.9804
312.994
312.9923
312.9904
312.9885
312.9865
313.0001
312.9983
312.9965
312.9947
312.9928
313.0032
313.0015
312.9997
312.9979
312.996
313.0041
313.0024
313.0006
312.9988
312.997
313.0042
313.0025
313.0007
312.9989
312.997
313.0041
313.0023
313.0006
312.9988
312.9969
313.0039
313.0022
313.0004
313.004
313.0022
313.0005
312.9987
313.004
313.0022
313.0003
312.9985
312.9967
313.0031
313.0013
312.9994
312.9974
312.9956
313
312.9981
312.9962
312.9941
312.9921
312.9939
312.992
312.99
312.9879
312.9857
312.9882
312.9863
312.9842
312.982
312.9796
312.9841
312.9822
312.9801
312.9779
312.9754
312.9817
312.9798
312.9777
312.9754
312.973
312.9806
312.9787
312.9766
312.9744
312.9719
312.9806
312.9787
312.9767
312.9744
312.972
312.9817
312.9799
312.9779
312.9757
312.9733
312.9842
312.9823
312.9804
312.9783
312.976
312.9883
312.9865
312.9846
312.9826
312.9804
312.994
312.9923
312.9904
312.9885
312.9865
313.0001
312.9983
312.9965
312.9947
312.9928
313.0032
313.0015
312.9997
312.9979
312.996
313.0042
313.0024
313.0007
312.9988
312.997
313.0042
313.0025
313.0007
312.9989
312.9971
313.0041
313.0024
313.0006
312.9988
312.997
313.0039
313.0021
313.0004
312.9986
313.0041
313.0023
313.0004
312.9986
312.9968
313.0041
313.0022
313.0004
312.9985
312.9966
313.0032
313.0013
312.9994
312.9975
312.9955
313
312.9982
312.9963
312.9942
312.9921
312.994
312.9921
312.9902
312.988
312.9858
312.9882
312.9864
312.9843
312.9822
312.9798
312.9842
312.9823
312.9802
312.978
312.9756
312.9817
312.9798
312.9778
312.9755
312.9731
312.9806
312.9787
312.9767
312.9744
312.972
312.9806
312.9787
312.9767
312.9745
312.9721
312.9817
312.9798
312.9779
312.9757
312.9734
312.9842
312.9824
312.9804
312.9783
312.9761
312.9883
312.9865
312.9846
312.9826
312.9804
312.9941
312.9923
312.9904
312.9885
312.9865
313.0001
312.9984
312.9965
312.9947
312.9928
313.0032
313.0015
312.9997
312.9979
312.996
313.0042
313.0024
313.0007
312.9989
312.997
313.0042
313.0025
313.0007
312.9989
312.9971
313.0041
313.0023
313.0006
312.9988
312.997
313.004
313.0022
313.0003
312.9985
312.9967
313.0041
313.0023
313.0005
312.9986
312.9967
313.0041
313.0023
313.0004
312.9985
312.9966
313.0032
313.0014
312.9995
312.9976
312.9956
313.0001
312.9982
312.9964
312.9944
312.9923
312.994
312.9922
312.9902
312.9882
312.986
312.9883
312.9864
312.9844
312.9823
312.98
312.9842
312.9823
312.9803
312.9781
312.9757
312.9817
312.9799
312.9778
312.9756
312.9732
312.9806
312.9787
312.9767
312.9745
312.9721
312.9806
312.9787
312.9767
312.9746
312.9722
312.9817
312.9799
312.9779
312.9757
312.9735
312.9842
312.9823
312.9804
312.9783
312.9761
312.9883
312.9865
312.9846
312.9826
312.9804
312.9941
312.9923
312.9904
312.9885
312.9865
313.0001
312.9983
312.9966
312.9947
312.9928
313.0033
313.0015
312.9997
312.9979
312.996
313.0042
313.0024
313.0007
312.9989
312.997
313.0042
313.0025
313.0007
312.9989
312.9971
313.0041
313.0023
313.0006
312.9988
312.997
313.004
313.0022
313.0004
312.9985
312.9966
313.0042
313.0024
313.0005
312.9986
312.9967
313.0041
313.0024
313.0005
312.9986
312.9966
313.0032
313.0014
312.9996
312.9977
312.9956
313.0001
312.9983
312.9964
312.9945
312.9924
312.994
312.9922
312.9903
312.9883
312.9861
312.9883
312.9865
312.9845
312.9824
312.9801
312.9842
312.9823
312.9803
312.9782
312.9758
312.9817
312.9798
312.9779
312.9757
312.9733
312.9806
312.9787
312.9767
312.9746
312.9722
312.9806
312.9788
312.9767
312.9746
312.9723
312.9817
312.9799
312.9779
312.9757
312.9735
312.9842
312.9823
312.9804
312.9783
312.9761
312.9883
312.9865
312.9846
312.9826
312.9805
312.9941
312.9923
312.9905
312.9885
312.9865
313.0001
312.9984
312.9965
312.9947
312.9928
313.0032
313.0015
312.9997
312.9979
312.996
313.0041
313.0024
313.0007
312.9989
312.997
313.0042
313.0025
313.0007
312.9989
312.9971
313.0041
313.0023
313.0006
312.9988
312.997
313.004
313.0023
313.0004
312.9985
312.9966
313.0042
313.0024
313.0006
312.9987
312.9967
313.0042
313.0024
313.0006
312.9987
312.9967
313.0032
313.0015
312.9996
312.9977
312.9957
313.0001
312.9983
312.9965
312.9945
312.9925
312.994
312.9923
312.9904
312.9884
312.9862
312.9883
312.9865
312.9845
312.9824
312.9802
312.9842
312.9823
312.9804
312.9782
312.9759
312.9817
312.9798
312.9779
312.9757
312.9734
312.9806
312.9788
312.9767
312.9746
312.9723
312.9806
312.9787
312.9768
312.9746
312.9723
312.9818
312.9799
312.9779
312.9758
312.9735
312.9842
312.9824
312.9804
312.9783
312.9761
312.9884
312.9865
312.9846
312.9826
312.9805
312.9941
312.9923
312.9905
312.9886
312.9865
313.0001
312.9984
312.9966
312.9947
312.9928
313.0032
313.0015
312.9997
312.9979
312.996
313.0042
313.0024
313.0007
312.9989
312.997
313.0042
313.0025
313.0007
312.9989
312.9971
313.0041
313.0023
313.0006
312.9988
312.997
313.0041
313.0023
313.0005
312.9986
312.9966
313.0042
313.0024
313.0006
312.9987
312.9968
313.0042
313.0024
313.0006
312.9987
312.9968
313.0032
313.0015
312.9997
312.9978
312.9958
313.0001
312.9983
312.9965
312.9946
312.9926
312.994
312.9923
312.9904
312.9884
312.9863
312.9883
312.9865
312.9846
312.9825
312.9803
312.9842
312.9823
312.9804
312.9783
312.976
312.9817
312.9799
312.9779
312.9757
312.9735
312.9806
312.9787
312.9768
312.9746
312.9723
312.9806
312.9787
312.9767
312.9746
312.9723
312.9817
312.9799
312.9779
312.9758
312.9735
312.9843
312.9824
312.9805
312.9783
312.9761
312.9884
312.9866
312.9846
312.9826
312.9805
312.9941
312.9924
312.9905
312.9885
312.9865
313.0001
312.9984
312.9966
312.9947
312.9928
313.0032
313.0015
312.9997
312.9979
312.9961
313.0041
313.0024
313.0006
312.9989
312.997
313.0042
313.0024
313.0007
312.9989
312.9971
313.0041
313.0023
313.0006
312.9988
312.9969
313.0041
313.0023
313.0005
312.9986
312.9967
313.0042
313.0025
313.0007
312.9988
312.9969
313.0042
313.0024
313.0006
312.9988
312.9969
313.0032
313.0015
312.9997
312.9978
312.9959
313.0001
312.9983
312.9965
312.9946
312.9927
312.994
312.9923
312.9904
312.9885
312.9864
312.9883
312.9865
312.9846
312.9825
312.9804
312.9842
312.9824
312.9804
312.9783
312.9761
312.9817
312.9799
312.9779
312.9757
312.9735
312.9806
312.9787
312.9767
312.9746
312.9723
312.9806
312.9788
312.9767
312.9746
312.9723
312.9818
312.9799
312.9779
312.9758
312.9735
312.9843
312.9824
312.9804
312.9784
312.9761
312.9884
312.9866
312.9847
312.9826
312.9805
312.9941
312.9923
312.9905
312.9886
312.9865
313.0001
312.9984
312.9966
312.9948
312.9928
313.0032
313.0015
312.9997
312.9979
312.9961
313.0041
313.0024
313.0007
312.9989
312.997
313.0042
313.0025
313.0007
312.9989
312.9971
313.0041
313.0023
313.0006
312.9988
312.997
313.0041
313.0023
313.0005
312.9987
312.9968
313.0042
313.0025
313.0007
312.9989
312.9969
313.0042
313.0024
313.0007
312.9988
312.9969
313.0032
313.0015
312.9997
312.9979
312.996
313.0001
312.9983
312.9965
312.9947
312.9927
312.994
312.9923
312.9904
312.9885
312.9864
312.9883
312.9865
312.9846
312.9825
312.9804
312.9842
312.9823
312.9804
312.9783
312.9761
312.9818
312.9799
312.9779
312.9758
312.9735
312.9806
312.9788
312.9767
312.9746
312.9723
312.9807
312.9787
312.9768
312.9746
312.9723
312.9819
312.98
312.9779
312.9758
312.9735
312.9843
312.9825
312.9805
312.9784
312.9762
312.9884
312.9866
312.9847
312.9827
312.9805
312.9941
312.9923
312.9905
312.9886
312.9865
313.0001
312.9984
312.9966
312.9947
312.9928
313.0032
313.0015
312.9997
312.9979
312.996
313.0042
313.0024
313.0006
312.9989
312.997
313.0042
313.0025
313.0007
312.9989
312.9971
313.0041
313.0023
313.0006
312.9988
312.9969
313.0041
313.0024
313.0006
312.9987
312.9968
313.0042
313.0025
313.0007
312.9989
312.997
313.0042
313.0024
313.0007
312.9988
312.997
313.0032
313.0015
312.9997
312.9979
312.996
313.0001
312.9983
312.9965
312.9947
312.9927
312.994
312.9923
312.9904
312.9885
312.9865
312.9883
312.9865
312.9846
312.9826
312.9804
312.9842
312.9823
312.9804
312.9783
312.9761
312.9817
312.9799
312.9779
312.9758
312.9735
312.9807
312.9787
312.9768
312.9746
312.9723
312.9808
312.9788
312.9768
312.9747
312.9723
312.9818
312.98
312.978
312.9758
312.9736
312.9843
312.9825
312.9805
312.9784
312.9762
312.9884
312.9866
312.9847
312.9827
312.9805
312.994
312.9924
312.9905
312.9886
312.9866
313.0001
312.9983
312.9966
312.9947
312.9928
313.0032
313.0015
312.9997
312.9979
312.996
313.0042
313.0024
313.0006
312.9988
312.997
313.0042
313.0025
313.0007
312.9989
312.997
313.0041
313.0023
313.0006
312.9988
312.9969
313.0041
313.0024
313.0006
312.9988
312.9969
313.0042
313.0025
313.0007
312.9989
312.997
313.0041
313.0024
313.0007
312.9989
312.997
313.0032
313.0015
312.9997
312.9979
312.996
313.0001
312.9983
312.9965
312.9947
312.9928
312.994
312.9923
312.9904
312.9885
312.9865
312.9883
312.9865
312.9846
312.9826
312.9804
312.9842
312.9824
312.9804
312.9783
312.9761
312.9818
312.9799
312.9779
312.9758
312.9735
312.9808
312.9788
312.9768
312.9747
312.9723
312.9807
312.9789
312.9768
312.9746
312.9724
312.9818
312.98
312.9781
312.9759
312.9736
312.9843
312.9825
312.9805
312.9785
312.9762
312.9883
312.9866
312.9847
312.9827
312.9806
312.9941
312.9923
312.9905
312.9886
312.9866
313.0001
312.9983
312.9965
312.9947
312.9928
313.0032
313.0015
312.9997
312.9979
312.996
313.0042
313.0024
313.0007
312.9988
312.997
313.0042
313.0025
313.0007
312.9989
312.997
313.0041
313.0023
313.0006
312.9988
312.997
313.0041
313.0024
313.0006
312.9988
312.9969
313.0042
313.0025
313.0007
312.9989
312.997
313.0041
313.0024
313.0007
312.9989
312.997
313.0032
313.0015
312.9997
312.9979
312.996
313.0001
312.9983
312.9965
312.9947
312.9928
312.9941
312.9923
312.9904
312.9885
312.9865
312.9883
312.9865
312.9846
312.9826
312.9805
312.9843
312.9824
312.9804
312.9783
312.9761
312.9819
312.98
312.9779
312.9758
312.9735
312.9807
312.9789
312.9768
312.9746
312.9724
312.9807
312.9789
312.9769
312.9747
312.9724
312.9819
312.98
312.978
312.9759
312.9736
312.9842
312.9825
312.9805
312.9784
312.9763
312.9883
312.9865
312.9847
312.9827
312.9805
312.9941
312.9923
312.9904
312.9886
312.9865
313.0001
312.9984
312.9965
312.9947
312.9928
313.0032
313.0015
312.9997
312.9979
312.996
313.0042
313.0024
313.0007
312.9989
312.997
313.0042
313.0025
313.0007
312.9989
312.9971
313.0041
313.0023
313.0006
312.9988
312.9969
313.0041
313.0023
313.0006
312.9988
312.9969
313.0042
313.0025
313.0007
312.9989
312.9971
313.0041
313.0024
313.0006
312.9989
312.997
313.0032
313.0015
312.9997
312.9979
312.996
313.0001
312.9983
312.9965
312.9947
312.9928
312.9941
312.9923
312.9904
312.9885
312.9865
312.9883
312.9865
312.9846
312.9826
312.9805
312.9843
312.9824
312.9804
312.9784
312.9761
312.9818
312.98
312.978
312.9758
312.9736
312.9807
312.9789
312.9769
312.9747
312.9724
312.9808
312.9789
312.9769
312.9748
312.9724
312.9818
312.98
312.978
312.9759
312.9737
312.9842
312.9824
312.9805
312.9784
312.9762
312.9884
312.9865
312.9846
312.9827
312.9805
312.9941
312.9923
312.9904
312.9885
312.9866
313.0001
312.9984
312.9966
312.9947
312.9927
313.0032
313.0015
312.9997
312.9979
312.996
313.0042
313.0024
313.0007
312.9988
312.997
313.0042
313.0025
313.0007
312.9989
312.9971
313.0041
313.0023
313.0006
312.9988
312.997
313.0041
313.0023
313.0006
312.9988
312.997
313.0042
313.0024
313.0007
312.9989
312.9971
313.0041
313.0024
313.0006
312.9988
312.997
313.0032
313.0015
312.9997
312.9979
312.996
313.0001
312.9984
312.9965
312.9947
312.9928
312.9941
312.9923
312.9905
312.9885
312.9865
312.9884
312.9866
312.9846
312.9826
312.9805
312.9843
312.9825
312.9805
312.9784
312.9762
312.9818
312.98
312.978
312.9759
312.9736
312.9808
312.9789
312.9769
312.9748
312.9724
312.9807
312.9789
312.9769
312.9747
312.9725
312.9818
312.9799
312.978
312.9759
312.9737
312.9843
312.9824
312.9804
312.9785
312.9762
312.9883
312.9866
312.9846
312.9826
312.9806
312.9941
312.9923
312.9905
312.9885
312.9865
313.0001
312.9984
312.9965
312.9947
312.9928
313.0032
313.0015
312.9997
312.9979
312.996
313.0042
313.0024
313.0007
312.9989
312.997
313.0042
313.0025
313.0007
312.9989
312.9971
313.0041
313.0023
313.0006
312.9988
312.997
313.0041
313.0023
313.0006
312.9988
312.997
313.0042
313.0024
313.0007
312.9989
312.9971
313.0041
313.0024
313.0006
312.9988
312.997
313.0032
313.0015
312.9997
312.9979
312.996
313.0001
312.9983
312.9966
312.9947
312.9928
312.9941
312.9923
312.9905
312.9886
312.9865
312.9884
312.9866
312.9847
312.9826
312.9805
312.9843
312.9824
312.9805
312.9784
312.9762
312.9819
312.98
312.978
312.9759
312.9736
312.9807
312.9789
312.9769
312.9747
312.9725
312.9807
312.9788
312.9769
312.9747
312.9725
312.9818
312.9799
312.9779
312.9759
312.9737
312.9843
312.9824
312.9804
312.9783
312.9763
312.9884
312.9865
312.9847
312.9826
312.9804
312.9941
312.9924
312.9905
312.9885
312.9865
313.0001
312.9984
312.9966
312.9947
312.9928
313.0032
313.0015
312.9997
312.9979
312.996
313.0042
313.0024
313.0007
312.9989
312.997
313.0042
313.0025
313.0007
312.9989
312.9971
313.0041
313.0023
313.0006
312.9988
312.997
313.0041
313.0023
313.0006
312.9988
312.9969
313.0042
313.0024
313.0007
312.9989
312.9971
313.0041
313.0024
313.0006
312.9988
312.997
313.0032
313.0015
312.9997
312.9979
312.996
313.0001
312.9984
312.9965
312.9947
312.9928
312.9941
312.9924
312.9905
312.9885
312.9865
312.9884
312.9866
312.9847
312.9827
312.9805
312.9843
312.9824
312.9805
312.9785
312.9762
312.9818
312.98
312.978
312.9759
312.9737
312.9807
312.9788
312.9769
312.9747
312.9725
312.9807
312.9788
312.9768
312.9748
312.9725
312.9818
312.98
312.9779
312.9758
312.9737
312.9843
312.9824
312.9805
312.9784
312.9761
312.9884
312.9866
312.9846
312.9826
312.9805
312.9942
312.9924
312.9905
312.9885
312.9865
313.0001
312.9984
312.9966
312.9947
312.9928
313.0032
313.0015
312.9997
312.9979
312.9961
313.0041
313.0024
313.0007
312.9989
312.997
313.0042
313.0025
313.0007
312.9989
312.9971
313.0041
313.0023
313.0006
312.9988
312.997
313.0041
313.0023
313.0006
312.9988
312.9969
313.0042
313.0025
313.0007
312.9989
312.997
313.0042
313.0024
313.0007
312.9988
312.997
313.0033
313.0015
312.9997
312.9979
312.996
313.0001
312.9984
312.9966
312.9947
312.9928
312.9941
312.9923
312.9905
312.9886
312.9865
312.9884
312.9866
312.9847
312.9827
312.9805
312.9842
312.9825
312.9805
312.9784
312.9763
312.9818
312.9799
312.978
312.9759
312.9736
312.9807
312.9788
312.9768
312.9748
312.9725
312.9807
312.9789
312.9768
312.9746
312.9725
312.9819
312.98
312.978
312.9758
312.9735
312.9843
312.9825
312.9805
312.9784
312.9761
312.9884
312.9866
312.9847
312.9826
312.9805
312.9942
312.9924
312.9905
312.9886
312.9865
313.0001
312.9984
312.9966
312.9948
312.9928
313.0032
313.0015
312.9997
312.9979
312.9961
313.0042
313.0024
313.0007
312.9989
312.997
313.0042
313.0025
313.0007
312.9989
312.9971
313.004
313.0023
313.0006
312.9988
312.997
313.0041
313.0023
313.0006
312.9988
312.9969
313.0042
313.0025
313.0007
312.9989
312.997
313.0042
313.0024
313.0007
312.9989
312.997
313.0032
313.0015
312.9997
312.9979
312.996
313.0001
312.9984
312.9966
312.9947
312.9928
312.9941
312.9923
312.9905
312.9886
312.9865
312.9883
312.9866
312.9847
312.9827
312.9806
312.9842
312.9824
312.9805
312.9784
312.9762
312.9818
312.9799
312.9779
312.9759
312.9737
312.9807
312.9789
312.9768
312.9746
312.9725
312.9808
312.9789
312.9769
312.9747
312.9723
312.9819
312.98
312.978
312.9759
312.9735
312.9844
312.9825
312.9805
312.9784
312.9762
312.9884
312.9867
312.9847
312.9827
312.9805
312.9941
312.9924
312.9906
312.9886
312.9866
313.0001
312.9984
312.9966
312.9948
312.9929
313.0032
313.0015
312.9997
312.9979
312.9961
313.0042
313.0024
313.0007
312.9989
312.997
313.0042
313.0025
313.0007
312.9989
312.9971
313.004
313.0023
313.0006
312.9988
312.997
313.0041
313.0023
313.0006
312.9988
312.9969
313.0042
313.0025
313.0007
312.9989
312.9971
313.0042
313.0024
313.0007
312.9989
312.997
313.0032
313.0015
312.9997
312.9979
312.996
313.0001
312.9984
312.9966
312.9948
312.9928
312.994
312.9923
312.9905
312.9886
312.9866
312.9883
312.9865
312.9847
312.9827
312.9805
312.9843
312.9824
312.9804
312.9785
312.9762
312.9818
312.98
312.9779
312.9758
312.9737
312.9808
312.9789
312.9769
312.9746
312.9723
312.9808
312.9789
312.9768
312.9747
312.9724
312.9819
312.9801
312.978
312.9759
312.9736
312.9844
312.9826
312.9806
312.9785
312.9762
312.9884
312.9867
312.9848
312.9828
312.9806
312.9941
312.9924
312.9906
312.9887
312.9866
313.0001
312.9984
312.9966
312.9948
312.9929
313.0032
313.0015
312.9997
312.9979
312.9961
313.0041
313.0024
313.0007
312.9989
312.997
313.0041
313.0024
313.0007
312.9989
312.9971
313.004
313.0023
313.0005
312.9988
312.997
313.0041
313.0023
313.0006
312.9988
312.9969
313.0042
313.0025
313.0007
312.9989
312.9971
313.0041
313.0024
313.0007
312.9989
312.997
313.0032
313.0015
312.9997
312.9979
312.9961
313.0001
312.9984
312.9966
312.9947
312.9928
312.9941
312.9923
312.9905
312.9886
312.9865
312.9884
312.9865
312.9846
312.9827
312.9805
312.9843
312.9824
312.9804
312.9783
312.9763
312.9819
312.98
312.978
312.9758
312.9735
312.9808
312.9789
312.9768
312.9747
312.9724
312.9808
312.9789
312.9769
312.9747
312.9724
312.9819
312.9801
312.9781
312.9759
312.9736
312.9844
312.9826
312.9806
312.9785
312.9763
312.9884
312.9867
312.9848
312.9828
312.9806
312.9941
312.9924
312.9906
312.9887
312.9867
313.0001
312.9984
312.9966
312.9948
312.9929
313.0032
313.0015
312.9997
312.9979
312.9961
313.0041
313.0024
313.0007
312.9989
312.997
313.0041
313.0024
313.0007
312.9989
312.9971
313.004
313.0022
313.0005
312.9988
312.997
313.0041
313.0024
313.0006
312.9988
312.997
313.0042
313.0025
313.0007
312.9989
312.9971
313.0042
313.0024
313.0007
312.9989
312.997
313.0032
313.0015
312.9997
312.9979
312.9961
313.0001
312.9983
312.9966
312.9947
312.9928
312.9941
312.9923
312.9904
312.9886
312.9865
312.9883
312.9866
312.9846
312.9826
312.9806
312.9843
312.9824
312.9805
312.9783
312.9761
312.9819
312.98
312.978
312.9759
312.9735
312.9808
312.9789
312.9769
312.9747
312.9724
312.9808
312.979
312.9769
312.9748
312.9724
312.9819
312.9801
312.9781
312.976
312.9737
312.9843
312.9826
312.9806
312.9786
312.9763
312.9884
312.9866
312.9848
312.9828
312.9807
312.9941
312.9924
312.9905
312.9886
312.9867
313.0001
312.9984
312.9966
312.9947
312.9929
313.0032
313.0014
312.9997
312.9979
312.9961
313.004
313.0024
313.0006
312.9989
312.997
313.0041
313.0024
313.0007
312.9989
312.9971
313.0022
313.0005
312.9988
312.9969
313.0041
313.0023
313.0006
312.9988
312.997
313.0042
313.0025
313.0007
312.9989
312.9971
313.0041
313.0024
313.0006
312.9989
312.997
313.0032
313.0015
312.9997
312.9979
312.996
313.0001
312.9983
312.9965
312.9947
312.9928
312.9941
312.9923
312.9904
312.9885
312.9866
312.9884
312.9865
312.9847
312.9826
312.9804
312.9843
312.9825
312.9805
312.9784
312.9761
312.9819
312.98
312.978
312.9759
312.9736
312.9808
312.979
312.9769
312.9748
312.9724
312.9808
312.979
312.977
312.9748
312.9725
312.9819
312.9801
312.9781
312.9761
312.9738
312.9843
312.9825
312.9806
312.9786
312.9764
312.9884
312.9866
312.9847
312.9828
312.9807
312.994
312.9924
312.9905
312.9886
312.9866
313.0001
312.9983
312.9966
312.9948
312.9928
313.0031
313.0014
312.9997
312.9979
312.9961
313.0041
313.0023
313.0006
312.9988
312.997
313.0024
313.0006
312.9989
312.997
313.0005
312.9987
312.9969
313.0041
313.0023
313.0006
312.9988
312.997
313.0042
313.0025
313.0007
312.9989
312.9971
313.0041
313.0024
313.0007
312.9989
312.997
313.0032
313.0015
312.9997
312.9979
312.996
313.0001
312.9984
312.9965
312.9946
312.9928
312.9941
312.9923
312.9905
312.9885
312.9864
312.9884
312.9866
312.9846
312.9826
312.9804
312.9844
312.9825
312.9805
312.9784
312.9762
312.9819
312.9801
312.9781
312.9759
312.9736
312.9808
312.979
312.977
312.9748
312.9725
312.9808
312.979
312.977
312.9749
312.9726
312.9819
312.9801
312.9781
312.976
312.9738
312.9843
312.9825
312.9806
312.9786
312.9764
312.9883
312.9866
312.9847
312.9827
312.9807
312.994
312.9923
312.9905
312.9886
312.9866
312.9999
312.9983
312.9965
312.9947
312.9929
313.0031
313.0013
312.9997
312.9979
312.9961
313.0023
313.0005
312.9988
312.997
313.0006
312.9988
312.997
312.9987
312.9968
313.0041
313.0023
313.0006
312.9988
312.997
313.0042
313.0024
313.0007
312.9989
312.9971
313.0042
313.0024
313.0006
312.9989
312.997
313.0032
313.0015
312.9997
312.9979
312.996
313.0001
312.9984
312.9966
312.9947
312.9927
312.9941
312.9923
312.9905
312.9885
312.9865
312.9884
312.9866
312.9847
312.9826
312.9805
312.9844
312.9826
312.9806
312.9785
312.9762
312.9819
312.9801
312.9781
312.976
312.9737
312.9808
312.979
312.977
312.9749
312.9726
312.9807
312.9789
312.977
312.9749
312.9727
312.9818
312.98
312.9781
312.976
312.9738
312.9842
312.9825
312.9806
312.9785
312.9764
312.9883
312.9865
312.9847
312.9827
312.9806
312.9938
312.9923
312.9904
312.9886
312.9866
313
312.9982
312.9965
312.9947
312.9928
313.0014
312.9996
312.9979
312.996
313.0005
312.9987
312.997
312.9988
312.997
312.9968
313.0041
313.0023
313.0006
312.9988
312.997
313.0042
313.0025
313.0007
312.9989
312.9971
313.0042
313.0024
313.0006
312.9988
312.997
313.0032
313.0015
312.9997
312.9979
312.996
313.0001
312.9984
312.9965
312.9947
312.9927
312.9941
312.9924
312.9905
312.9885
312.9865
312.9884
312.9867
312.9847
312.9827
312.9805
312.9844
312.9826
312.9806
312.9785
312.9763
312.9819
312.9801
312.9781
312.9761
312.9738
312.9807
312.9789
312.977
312.9749
312.9727
312.9807
312.9789
312.977
312.9749
312.9726
312.9817
312.98
312.9781
312.976
312.9738
312.9842
312.9823
312.9805
312.9785
312.9763
312.988
312.9865
312.9846
312.9827
312.9806
312.994
312.9921
312.9904
312.9885
312.9866
312.9982
312.9964
312.9947
312.9928
312.9996
312.9978
312.996
312.9987
312.9969
312.997
313.0041
313.0023
313.0006
312.9988
312.9969
313.0042
313.0025
313.0007
312.9989
312.9971
313.0042
313.0024
313.0007
312.9988
312.997
313.0032
313.0015
312.9997
312.9979
312.996
313.0001
312.9984
312.9966
312.9947
312.9928
312.9942
312.9924
312.9905
312.9886
312.9865
312.9884
312.9867
312.9848
312.9827
312.9806
312.9843
312.9826
312.9806
312.9786
312.9763
312.9819
312.9801
312.9781
312.976
312.9738
312.9807
312.9789
312.977
312.9749
312.9726
312.9806
312.9789
312.9769
312.9748
312.9726
312.9817
312.9799
312.978
312.976
312.9738
312.9839
312.9824
312.9804
312.9785
312.9763
312.9882
312.9862
312.9846
312.9826
312.9806
312.9922
312.9902
312.9885
312.9865
312.9964
312.9945
312.9928
312.9978
312.9959
312.9969
313.0041
313.0023
313.0006
312.9988
312.997
313.0042
313.0025
313.0007
312.9989
312.997
313.0042
313.0024
313.0007
312.9989
312.997
313.0032
313.0015
312.9997
312.9979
312.996
313.0001
312.9984
312.9966
312.9947
312.9928
312.9941
312.9924
312.9906
312.9886
312.9866
312.9884
312.9867
312.9848
312.9828
312.9806
312.9843
312.9825
312.9806
312.9786
312.9764
312.9818
312.98
312.9781
312.976
312.9738
312.9806
312.9789
312.9769
312.9748
312.9726
312.9806
312.9787
312.9769
312.9748
312.9726
312.9814
312.9799
312.9779
312.9759
312.9737
312.9841
312.982
312.9804
312.9784
312.9763
312.9864
312.9843
312.9826
312.9805
312.9904
312.9883
312.9865
312.9946
312.9926
312.9959
313.0041
313.0023
313.0006
312.9988
312.9969
313.0042
313.0025
313.0007
312.9989
312.997
313.0042
313.0024
313.0007
312.9988
312.997
313.0032
313.0015
312.9997
312.9979
312.996
313.0001
312.9984
312.9966
312.9948
312.9928
312.9941
312.9924
312.9906
312.9887
312.9866
312.9884
312.9866
312.9848
312.9828
312.9807
312.9843
312.9825
312.9806
312.9786
312.9764
312.9817
312.98
312.9781
312.976
312.9738
312.9806
312.9787
312.9769
312.9748
312.9726
312.9802
312.9787
312.9767
312.9748
312.9726
312.9817
312.9795
312.9779
312.9758
312.9737
312.9823
312.9801
312.9784
312.9762
312.9845
312.9823
312.9805
312.9884
312.9863
312.9927
313.0041
313.0023
313.0006
312.9988
312.9969
313.0042
313.0025
313.0007
312.9989
312.9971
313.0042
313.0024
313.0007
312.9989
312.997
313.0032
313.0015
312.9997
312.9979
312.996
313.0001
312.9984
312.9966
312.9948
312.9929
312.9941
312.9924
312.9906
312.9887
312.9867
312.9884
312.9866
312.9847
312.9828
312.9807
312.9842
312.9825
312.9806
312.9785
312.9764
312.9817
312.9799
312.978
312.976
312.9737
312.9802
312.9787
312.9767
312.9748
312.9726
312.9806
312.9784
312.9768
312.9746
312.9725
312.9798
312.9775
312.9758
312.9736
312.9804
312.978
312.9762
312.9825
312.9802
312.9864
313.0041
313.0023
313.0006
312.9988
312.997
313.0042
313.0025
313.0007
312.9989
312.9971
313.0041
313.0024
313.0007
312.9989
312.997
313.0032
313.0015
312.9997
312.9979
312.9961
313.0001
312.9984
312.9966
312.9948
312.9929
312.9941
312.9924
312.9905
312.9886
312.9867
312.9883
312.9866
312.9847
312.9827
312.9807
312.9842
312.9823
312.9805
312.9785
312.9763
312.9814
312.9799
312.9779
312.9759
312.9737
312.9806
312.9784
312.9768
312.9746
312.9725
312.9787
312.9764
312.9747
312.9724
312.9778
312.9754
312.9736
312.9783
312.9758
312.9804
313.0041
313.0023
313.0006
312.9988
312.9969
313.0042
313.0025
313.0007
312.9989
312.9971
313.0041
313.0024
313.0007
312.9989
312.997
313.0032
313.0015
312.9997
312.9979
312.9961
313.0001
312.9984
312.9966
312.9948
312.9929
312.994
312.9924
312.9905
312.9886
312.9866
312.9883
312.9865
312.9847
312.9827
312.9806
312.9839
312.9824
312.9804
312.9785
312.9763
312.9817
312.9795
312.9779
312.9758
312.9737
312.9787
312.9764
312.9746
312.9724
312.9767
312.9742
312.9724
312.9757
312.9731
312.9761
313.0041
313.0023
313.0006
312.9988
312.997
313.0042
313.0025
313.0007
312.9989
312.9971
313.0042
313.0024
313.0007
312.9989
312.997
313.0032
313.0015
312.9997
312.9979
312.9961
313.0001
312.9984
312.9966
312.9947
312.9929
312.994
312.9923
312.9905
312.9886
312.9866
312.988
312.9865
312.9846
312.9827
312.9806
312.9841
312.982
312.9804
312.9784
312.9763
312.9798
312.9775
312.9758
312.9736
312.9767
312.9742
312.9724
312.9745
312.9719
312.9735
313.0041
313.0023
313.0006
312.9988
312.997
313.0042
313.0025
313.0007
312.9989
312.9971
313.0041
313.0024
313.0007
312.9989
312.997
313.0032
313.0015
312.9997
312.9979
312.9961
313.0001
312.9983
312.9966
312.9948
312.9928
312.9938
312.9923
312.9904
312.9886
312.9866
312.9882
312.9862
312.9846
312.9826
312.9806
312.9823
312.9801
312.9784
312.9762
312.9778
312.9754
312.9736
312.9745
312.9719
312.9723
313.0041
313.0023
313.0006
312.9988
312.997
313.0042
313.0025
313.0007
312.9989
312.9971
313.0041
313.0024
313.0007
312.9989
312.997
313.0032
313.0014
312.9997
312.9979
312.9961
312.9999
312.9983
312.9965
312.9947
312.9929
312.994
312.9921
312.9904
312.9885
312.9866
312.9864
312.9843
312.9826
312.9805
312.9804
312.978
312.9762
312.9757
312.9731
312.9723
313.0041
313.0023
313.0006
312.9988
312.997
313.0042
313.0025
313.0007
312.9989
312.9971
313.0041
313.0024
313.0007
312.9989
312.997
313.0031
313.0014
312.9997
312.9979
312.9961
313
312.9982
312.9965
312.9947
312.9928
312.9922
312.9902
312.9885
312.9865
312.9845
312.9823
312.9805
312.9783
312.9758
312.9735
313.004
313.0023
313.0006
312.9988
312.997
313.0041
313.0024
313.0007
312.9989
312.9971
313.004
313.0024
313.0006
312.9989
312.997
313.0031
313.0013
312.9997
312.9979
312.9961
312.9982
312.9964
312.9947
312.9928
312.9904
312.9883
312.9865
312.9825
312.9802
312.9761
313.004
313.0023
313.0006
312.9988
312.997
313.0041
313.0024
313.0007
312.9989
312.9971
313.0041
313.0023
313.0006
312.9988
312.997
313.0014
312.9996
312.9979
312.996
312.9964
312.9945
312.9928
312.9884
312.9863
312.9804
313.004
313.0023
313.0005
312.9988
312.997
313.0041
313.0024
313.0007
312.9989
312.9971
313.0023
313.0005
312.9988
312.997
312.9996
312.9978
312.996
312.9946
312.9926
312.9864
313.004
313.0022
313.0005
312.9988
312.997
313.0024
313.0006
312.9989
312.997
313.0005
312.9987
312.997
312.9978
312.9959
312.9927
313.0022
313.0005
312.9988
312.9969
313.0006
312.9988
312.997
312.9987
312.9969
312.9959
313.0005
312.9987
312.9969
312.9988
312.997
312.9969
312.9987
312.9968
312.997
312.9968
)
;

boundaryField
{
    electrolyteSides
    {
        type            zeroGradient;
    }
    electrolyte_to_fuel
    {
        type            zeroGradient;
    }
    electrolyte_to_air
    {
        type            zeroGradient;
    }
}


// ************************************************************************* //
