/*--------------------------------*- C++ -*----------------------------------*\
| =========                 |                                                 |
| \\      /  F ield         | OpenFOAM: The Open Source CFD Toolbox           |
|  \\    /   O peration     | Version:  2312                                  |
|   \\  /    A nd           | Website:  www.openfoam.com                      |
|    \\/     M anipulation  |                                                 |
\*---------------------------------------------------------------------------*/
FoamFile
{
    version     2.0;
    format      ascii;
    arch        "LSB;label=32;scalar=64";
    class       volScalarField;
    location    "50/air";
    object      j;
}
// * * * * * * * * * * * * * * * * * * * * * * * * * * * * * * * * * * * * * //

dimensions      [0 -3 0 0 0 1 0];

internalField   nonuniform List<scalar> 
16000
(
0
0
0
0
0
0
0
0
0
0
0
0
0
0
0
0
0
0
0
0
0
0
0
0
0
0
0
0
0
0
0
0
0
0
0
0
0
0
0
0
0
0
0
0
0
0
0
0
0
0
0
0
0
0
0
0
0
0
0
0
0
0
0
0
0
0
0
0
0
0
0
0
0
0
0
0
0
0
0
0
0
0
0
0
0
0
0
0
0
0
0
0
0
0
0
0
0
0
0
0
0
0
0
0
0
0
0
0
0
0
0
0
0
0
0
0
0
0
0
0
0
0
0
0
0
0
0
0
0
0
0
0
0
0
0
0
0
0
0
0
0
0
0
0
0
0
0
0
0
0
0
0
0
0
0
0
0
0
0
0
0
0
0
0
0
0
0
0
0
0
0
0
0
0
0
0
0
0
0
0
0
0
0
0
0
0
0
0
0
0
0
0
0
0
0
0
0
0
0
0
0
0
0
0
0
0
0
0
0
0
0
0
0
0
0
0
0
0
0
0
0
0
0
0
0
0
0
0
0
0
0
0
0
0
0
0
0
0
0
0
0
0
0
0
0
0
0
0
0
0
0
0
0
0
0
0
0
0
0
0
0
0
0
0
0
0
0
0
0
0
0
0
0
0
0
0
0
0
0
0
0
0
0
0
0
0
0
0
0
0
0
0
0
0
0
0
0
0
0
0
0
0
0
0
0
0
0
0
0
0
0
0
0
0
0
0
0
0
0
0
0
0
0
0
0
0
0
0
0
0
0
0
0
0
0
0
0
0
0
0
0
0
0
0
0
0
0
0
0
0
0
0
0
0
0
0
0
0
0
0
0
0
0
0
0
0
0
0
0
0
0
0
0
0
0
0
0
0
0
0
0
0
0
0
0
0
0
0
0
0
0
0
0
0
0
0
0
0
0
0
0
0
0
0
0
0
0
0
0
0
0
0
0
0
0
0
0
0
0
0
0
0
0
0
0
0
0
0
0
0
0
0
0
0
0
0
0
0
0
0
0
0
0
0
0
0
0
0
0
0
0
0
0
0
0
0
0
0
0
0
0
0
0
0
0
0
0
0
0
0
0
0
0
0
0
0
0
0
0
0
0
0
0
0
0
0
0
0
0
0
0
0
0
0
0
0
0
0
0
0
0
0
0
0
0
0
0
0
0
0
0
0
0
0
0
0
0
0
0
0
0
0
0
0
0
0
0
0
0
0
0
0
0
0
0
0
0
0
0
0
0
0
0
0
0
0
0
0
0
0
0
0
0
0
0
0
0
0
0
0
0
0
0
0
0
0
0
0
0
0
0
0
0
0
0
0
0
0
0
0
0
0
0
0
0
0
0
0
0
0
0
0
0
0
0
0
0
0
0
0
0
0
0
0
0
0
0
0
0
0
0
0
0
0
0
0
0
0
0
0
0
0
0
0
0
0
0
0
0
0
0
0
0
0
0
0
0
0
0
0
0
0
0
0
0
0
0
0
0
0
0
0
0
0
0
0
0
0
0
0
0
0
0
0
0
0
0
0
0
0
0
0
0
0
0
0
0
0
0
0
0
0
0
0
0
0
0
0
0
0
0
0
0
0
0
0
0
0
0
0
0
0
0
0
0
0
0
0
0
0
0
0
0
0
0
0
0
0
0
0
0
0
0
0
0
0
0
0
0
0
0
0
0
0
0
0
0
0
0
0
0
0
0
0
0
0
0
0
0
0
0
0
0
0
0
0
0
0
0
0
0
0
0
0
0
0
0
0
0
0
0
0
0
0
0
0
0
0
0
0
0
0
0
0
0
0
0
0
0
0
0
0
0
0
0
0
0
0
0
0
0
0
0
0
0
0
0
0
0
0
0
0
0
0
0
0
0
0
0
0
0
0
0
0
0
0
0
0
0
0
0
0
0
0
0
0
0
0
0
0
0
0
0
0
0
0
0
0
0
0
0
0
0
0
0
0
0
0
0
0
0
0
0
0
0
0
0
0
0
0
0
0
0
0
0
0
0
0
0
0
0
0
0
0
0
0
0
0
0
0
0
0
0
0
0
0
0
0
0
0
0
0
0
0
0
0
0
0
0
0
0
0
0
0
0
0
0
0
0
0
0
0
0
0
0
0
0
0
0
0
0
0
0
0
0
0
0
0
0
0
0
0
0
0
0
0
0
0
0
0
0
0
0
0
0
0
0
0
0
0
0
0
0
0
0
0
0
0
0
0
0
0
0
0
0
0
0
0
0
0
0
0
0
0
0
0
0
0
0
1.381646e+08
0
0
0
0
0
0
0
0
0
0
0
0
0
0
0
0
0
0
0
0
0
0
0
0
0
0
0
0
0
0
0
0
0
0
0
0
0
0
0
0
0
0
0
0
0
0
0
0
0
0
0
0
0
0
0
0
0
0
0
0
0
0
0
0
0
0
0
0
0
0
0
0
0
0
0
0
0
0
0
0
0
0
0
0
0
0
0
0
0
0
0
0
0
0
0
0
0
0
0
0
0
0
0
0
0
0
0
0
0
0
0
0
0
0
0
0
0
0
0
0
0
0
0
0
0
0
0
0
0
0
0
0
0
0
0
0
0
0
0
0
0
0
0
0
0
0
0
0
0
0
0
0
0
0
0
0
0
0
0
0
0
0
1.379651e+08
0
0
0
0
0
0
0
0
0
0
1.390492e+08
1.524285e+08
0
0
0
0
0
0
0
0
0
0
0
0
0
0
0
0
0
0
0
0
0
0
0
0
0
0
0
0
0
0
0
0
0
0
0
0
0
0
0
0
0
0
0
0
0
0
0
0
0
0
0
0
0
0
0
0
0
0
0
0
0
0
0
0
0
0
0
0
0
0
0
0
0
0
0
0
0
0
0
0
0
0
0
0
0
0
0
0
0
0
0
0
0
0
0
0
0
0
0
0
0
0
0
0
0
0
0
0
0
0
0
0
0
0
0
0
0
0
0
0
0
0
0
0
0
0
0
0
0
0
0
0
0
0
0
0
0
0
0
0
0
0
0
0
0
0
0
0
0
0
0
0
0
0
0
0
0
0
0
0
0
0
0
0
1.378932e+08
0
0
0
0
0
0
0
0
0
0
1.38953e+08
1.521979e+08
0
0
0
0
0
0
0
0
0
0
1.395093e+08
1.534756e+08
1.876762e+08
0
0
0
0
0
0
0
0
0
0
0
0
0
0
0
0
0
0
0
0
0
0
0
0
0
0
0
0
0
0
0
0
0
0
0
0
0
0
0
0
0
0
0
0
0
0
0
0
0
0
0
0
0
0
0
0
0
0
0
0
0
0
0
0
0
0
0
0
0
0
0
0
0
0
0
0
0
0
0
0
0
0
0
0
0
0
0
0
0
0
0
0
0
0
0
0
0
0
0
0
0
0
0
0
0
0
0
0
0
0
0
0
0
0
0
0
0
0
0
0
0
0
0
0
0
0
0
0
0
0
0
0
0
0
0
0
0
0
0
0
0
0
0
0
0
0
0
0
0
0
0
0
0
0
0
0
0
0
0
0
0
0
0
0
0
1.376615e+08
0
0
0
0
0
0
0
0
0
0
1.389151e+08
1.520901e+08
0
0
0
0
0
0
0
0
0
0
1.395605e+08
1.53385e+08
1.873648e+08
0
0
0
0
0
0
0
0
0
0
1.398184e+08
1.540099e+08
1.891628e+08
2.65102e+08
0
0
0
0
0
0
0
0
0
0
0
0
0
0
0
0
0
0
0
0
0
0
0
0
0
0
0
0
0
0
0
0
0
0
0
0
0
0
0
0
0
0
0
0
0
0
0
0
0
0
0
0
0
0
0
0
0
0
0
0
0
0
0
0
0
0
0
0
0
0
0
0
0
0
0
0
0
0
0
0
0
0
0
0
0
0
0
0
0
0
0
0
0
0
0
0
0
0
0
0
0
0
0
0
0
0
0
0
0
0
0
0
0
0
0
0
0
0
0
0
0
0
0
0
0
0
0
0
0
0
0
0
0
0
0
0
0
0
0
0
0
0
0
0
0
0
0
0
0
0
0
0
0
0
0
0
0
0
0
0
0
0
0
0
0
1.372642e+08
0
0
0
0
0
0
0
0
0
0
1.386502e+08
1.517921e+08
0
0
0
0
0
0
0
0
0
0
1.394776e+08
1.532898e+08
1.871669e+08
0
0
0
0
0
0
0
0
0
0
1.397988e+08
1.540604e+08
1.89033e+08
2.645954e+08
0
0
0
0
0
0
0
0
0
0
1.400625e+08
1.543901e+08
1.89903e+08
2.676481e+08
4.565442e+08
0
0
0
0
0
0
0
0
0
0
0
0
0
0
0
0
0
0
0
0
0
0
0
0
0
0
0
0
0
0
0
0
0
0
0
0
0
0
0
0
0
0
0
0
0
0
0
0
0
0
0
0
0
0
0
0
0
0
0
0
0
0
0
0
0
0
0
0
0
0
0
0
0
0
0
0
0
0
0
0
0
0
0
0
0
0
0
0
0
0
0
0
0
0
0
0
0
0
0
0
0
0
0
0
0
0
0
0
0
0
0
0
0
0
0
0
0
0
0
0
0
0
0
0
0
0
0
0
0
0
0
0
0
0
0
0
0
0
0
0
0
0
0
0
0
0
0
0
0
0
0
0
0
0
0
0
0
0
0
0
0
0
0
0
0
1.369333e+08
0
0
0
0
0
0
0
0
0
0
1.384266e+08
1.513004e+08
0
0
0
0
0
0
0
0
0
0
1.393648e+08
1.529659e+08
1.866936e+08
0
0
0
0
0
0
0
0
0
0
1.396469e+08
1.539556e+08
1.888513e+08
2.641632e+08
0
0
0
0
0
0
0
0
0
0
1.401051e+08
1.543554e+08
1.899484e+08
2.674053e+08
4.554652e+08
0
0
0
0
0
0
0
0
0
0
1.402929e+08
1.547115e+08
1.904809e+08
2.68941e+08
4.620337e+08
0
0
0
0
0
0
0
0
0
0
0
0
0
0
0
0
0
0
0
0
0
0
0
0
0
0
0
0
0
0
0
0
0
0
0
0
0
0
0
0
0
0
0
0
0
0
0
0
0
0
0
0
0
0
0
0
0
0
0
0
0
0
0
0
0
0
0
0
0
0
0
0
0
0
0
0
0
0
0
0
0
0
0
0
0
0
0
0
0
0
0
0
0
0
0
0
0
0
0
0
0
0
0
0
0
0
0
0
0
0
0
0
0
0
0
0
0
0
0
0
0
0
0
0
0
0
0
0
0
0
0
0
0
0
0
0
0
0
0
0
0
0
0
0
0
0
0
0
0
0
0
0
0
0
0
1.365846e+08
0
0
0
0
0
0
0
0
0
0
0
0
0
0
0
0
0
0
0
0
1.381057e+08
1.508513e+08
0
0
0
0
0
0
0
0
0
0
1.390313e+08
1.526601e+08
1.859584e+08
0
0
0
0
0
0
0
0
0
0
1.395308e+08
1.537953e+08
1.883639e+08
2.632365e+08
0
0
0
0
0
0
0
0
0
0
1.40017e+08
1.541867e+08
1.897789e+08
2.67005e+08
4.542788e+08
0
0
0
0
0
0
0
0
0
0
1.403998e+08
1.547326e+08
1.904136e+08
2.689484e+08
4.614371e+08
0
0
0
0
0
0
0
0
0
0
1.404861e+08
1.55004e+08
1.909896e+08
2.700596e+08
4.652062e+08
0
0
0
0
0
0
0
0
0
0
0
0
0
0
0
0
0
0
0
0
0
0
0
0
0
0
0
0
0
0
0
0
0
0
0
0
0
0
0
0
0
0
0
0
0
0
0
0
0
0
0
0
0
0
0
0
0
0
0
0
0
0
0
0
0
0
0
0
0
0
0
0
0
0
0
0
0
0
0
0
0
0
0
0
0
0
0
0
0
0
0
0
0
0
0
0
0
0
0
0
0
0
0
0
0
0
0
0
0
0
0
0
0
0
0
0
0
0
0
0
0
0
0
0
0
0
0
0
0
0
0
0
0
0
0
0
0
0
0
0
0
0
0
0
0
1.362563e+08
0
0
0
0
0
0
0
0
0
0
0
0
0
0
0
0
0
0
0
0
1.377803e+08
1.503875e+08
0
0
0
0
0
0
0
0
0
0
0
0
0
0
0
0
0
0
0
0
1.388881e+08
1.522119e+08
1.852024e+08
0
0
0
0
0
0
0
0
0
0
1.39358e+08
1.533808e+08
1.878365e+08
2.618576e+08
0
0
0
0
0
0
0
0
0
0
1.399095e+08
1.540119e+08
1.894853e+08
2.660923e+08
4.51907e+08
0
0
0
0
0
0
0
0
0
0
1.402286e+08
1.546154e+08
1.901752e+08
2.685909e+08
4.603016e+08
0
0
0
0
0
0
0
0
0
0
1.405242e+08
1.550998e+08
1.909864e+08
2.699052e+08
4.650114e+08
0
0
0
0
0
0
0
0
0
0
1.406916e+08
1.552421e+08
1.914554e+08
2.710718e+08
4.681819e+08
0
0
0
0
0
0
0
0
0
0
0
0
0
0
0
0
0
0
0
0
0
0
0
0
0
0
0
0
0
0
0
0
0
0
0
0
0
0
0
0
0
0
0
0
0
0
0
0
0
0
0
0
0
0
0
0
0
0
0
0
0
0
0
0
0
0
0
0
0
0
0
0
0
0
0
0
0
0
0
0
0
0
0
0
0
0
0
0
0
0
0
0
0
0
0
0
0
0
0
0
0
0
0
0
0
0
0
0
0
0
0
0
0
0
0
0
0
0
0
0
0
0
0
0
0
0
0
0
0
0
0
0
0
0
0
1.360492e+08
0
0
0
0
0
0
0
0
0
0
0
0
0
0
0
0
0
0
0
0
1.374916e+08
1.499731e+08
0
0
0
0
0
0
0
0
0
0
0
0
0
0
0
0
0
0
0
0
1.386162e+08
1.517828e+08
1.844467e+08
0
0
0
0
0
0
0
0
0
0
0
0
0
0
0
0
0
0
0
0
1.391488e+08
1.531284e+08
1.870895e+08
2.603035e+08
0
0
0
0
0
0
0
0
0
0
1.396216e+08
1.537662e+08
1.888477e+08
2.649795e+08
4.484618e+08
0
0
0
0
0
0
0
0
0
0
1.401971e+08
1.544593e+08
1.898574e+08
2.679382e+08
4.58037e+08
0
0
0
0
0
0
0
0
0
0
1.40367e+08
1.548764e+08
1.907968e+08
2.694515e+08
4.639982e+08
0
0
0
0
0
0
0
0
0
0
1.406646e+08
1.55241e+08
1.915385e+08
2.710046e+08
4.677207e+08
0
0
0
0
0
0
0
0
0
0
1.407914e+08
1.55482e+08
1.918338e+08
2.720069e+08
4.709068e+08
0
0
0
0
0
0
0
0
0
0
0
0
0
0
0
0
0
0
0
0
0
0
0
0
0
0
0
0
0
0
0
0
0
0
0
0
0
0
0
0
0
0
0
0
0
0
0
0
0
0
0
0
0
0
0
0
0
0
0
0
0
0
0
0
0
0
0
0
0
0
0
0
0
0
0
0
0
0
0
0
0
0
0
0
0
0
0
0
0
0
0
0
0
0
0
0
0
0
0
0
0
0
0
0
0
0
0
0
0
0
0
0
0
0
0
0
0
0
0
0
0
0
0
0
0
1.360432e+08
0
0
0
0
0
0
0
0
0
0
0
0
0
0
0
0
0
0
0
0
1.373068e+08
1.497094e+08
0
0
0
0
0
0
0
0
0
0
0
0
0
0
0
0
0
0
0
0
1.384702e+08
1.514173e+08
1.838015e+08
0
0
0
0
0
0
0
0
0
0
0
0
0
0
0
0
0
0
0
0
1.388656e+08
1.527682e+08
1.863833e+08
2.587855e+08
0
0
0
0
0
0
0
0
0
0
0
0
0
0
0
0
0
0
0
0
1.394629e+08
1.534466e+08
1.883441e+08
2.634504e+08
4.443275e+08
0
0
0
0
0
0
0
0
0
0
1.400037e+08
1.54084e+08
1.894121e+08
2.667033e+08
4.549914e+08
0
0
0
0
0
0
0
0
0
0
1.402914e+08
1.548114e+08
1.905053e+08
2.687656e+08
4.62122e+08
0
0
0
0
0
0
0
0
0
0
1.405898e+08
1.550621e+08
1.912074e+08
2.706136e+08
4.665283e+08
0
0
0
0
0
0
0
0
0
0
1.407606e+08
1.554441e+08
1.917866e+08
2.720547e+08
4.705865e+08
0
0
0
0
0
0
0
0
0
0
1.409257e+08
1.556071e+08
1.921997e+08
2.727751e+08
4.734311e+08
0
0
0
0
0
0
0
0
0
0
0
0
0
0
0
0
0
0
0
0
0
0
0
0
0
0
0
0
0
0
0
0
0
0
0
0
0
0
0
0
0
0
0
0
0
0
0
0
0
0
0
0
0
0
0
0
0
0
0
0
0
0
0
0
0
0
0
0
0
0
0
0
0
0
0
0
0
0
0
0
0
0
0
0
0
0
0
0
0
0
0
0
0
0
0
0
0
0
0
0
0
0
0
0
0
0
0
0
0
0
0
0
0
0
1.3598e+08
0
0
0
0
0
0
0
0
0
0
0
0
0
0
0
0
0
0
0
0
1.37199e+08
1.496725e+08
0
0
0
0
0
0
0
0
0
0
0
0
0
0
0
0
0
0
0
0
1.38317e+08
1.511643e+08
1.833811e+08
0
0
0
0
0
0
0
0
0
0
0
0
0
0
0
0
0
0
0
0
1.386323e+08
1.525427e+08
1.857947e+08
2.575355e+08
0
0
0
0
0
0
0
0
0
0
0
0
0
0
0
0
0
0
0
0
1.391849e+08
1.530624e+08
1.877343e+08
2.62012e+08
4.403429e+08
0
0
0
0
0
0
0
0
0
0
0
0
0
0
0
0
0
0
0
0
1.397786e+08
1.538311e+08
1.888285e+08
2.65528e+08
4.508977e+08
0
0
0
0
0
0
0
0
0
0
1.399783e+08
1.545465e+08
1.899127e+08
2.677813e+08
4.589073e+08
0
0
0
0
0
0
0
0
0
0
1.403731e+08
1.549428e+08
1.910409e+08
2.69956e+08
4.645996e+08
0
0
0
0
0
0
0
0
0
0
1.407168e+08
1.553378e+08
1.915202e+08
2.7145e+08
4.694948e+08
0
0
0
0
0
0
0
0
0
0
1.409036e+08
1.555741e+08
1.921217e+08
2.726319e+08
4.732992e+08
0
0
0
0
0
0
0
0
0
0
1.411135e+08
1.557866e+08
1.924233e+08
2.73508e+08
4.755602e+08
0
0
0
0
0
0
0
0
0
0
0
0
0
0
0
0
0
0
0
0
0
0
0
0
0
0
0
0
0
0
0
0
0
0
0
0
0
0
0
0
0
0
0
0
0
0
0
0
0
0
0
0
0
0
0
0
0
0
0
0
0
0
0
0
0
0
0
0
0
0
0
0
0
0
0
0
0
0
0
0
0
0
0
0
0
0
0
0
0
0
0
0
0
0
0
0
0
0
0
0
0
0
1.361384e+08
0
0
0
0
0
0
0
0
0
0
0
0
0
0
0
0
0
0
0
0
1.372477e+08
1.496128e+08
0
0
0
0
0
0
0
0
0
0
0
0
0
0
0
0
0
0
0
0
1.38232e+08
1.510327e+08
1.832786e+08
0
0
0
0
0
0
0
0
0
0
0
0
0
0
0
0
0
0
0
0
1.385091e+08
1.523518e+08
1.853888e+08
2.567069e+08
0
0
0
0
0
0
0
0
0
0
0
0
0
0
0
0
0
0
0
0
1.389442e+08
1.527504e+08
1.873214e+08
2.608341e+08
4.371508e+08
0
0
0
0
0
0
0
0
0
0
0
0
0
0
0
0
0
0
0
0
1.395052e+08
1.534609e+08
1.881837e+08
2.642412e+08
4.470626e+08
0
0
0
0
0
0
0
0
0
0
0
0
0
0
0
0
0
0
0
0
1.398897e+08
1.542109e+08
1.894056e+08
2.664788e+08
4.554046e+08
0
0
0
0
0
0
0
0
0
0
1.401632e+08
1.545523e+08
1.905755e+08
2.687741e+08
4.617625e+08
0
0
0
0
0
0
0
0
0
0
1.405987e+08
1.550682e+08
1.912847e+08
2.709779e+08
4.67577e+08
0
0
0
0
0
0
0
0
0
0
1.407876e+08
1.555031e+08
1.919354e+08
2.721223e+08
4.718003e+08
0
0
0
0
0
0
0
0
0
0
1.409948e+08
1.557651e+08
1.923646e+08
2.733215e+08
4.750878e+08
0
0
0
0
0
0
0
0
0
0
1.411587e+08
1.56014e+08
1.92713e+08
2.740242e+08
4.775632e+08
0
0
0
0
0
0
0
0
0
0
0
0
0
0
0
0
0
0
0
0
0
0
0
0
0
0
0
0
0
0
0
0
0
0
0
0
0
0
0
0
0
0
0
0
0
0
0
0
0
0
0
0
0
0
0
0
0
0
0
0
0
0
0
0
0
0
0
0
0
0
0
0
0
0
0
0
0
0
0
0
0
0
0
0
0
0
0
0
0
1.362587e+08
0
0
0
0
0
0
0
0
0
0
0
0
0
0
0
0
0
0
0
0
1.373247e+08
1.498085e+08
0
0
0
0
0
0
0
0
0
0
0
0
0
0
0
0
0
0
0
0
1.382652e+08
1.510813e+08
1.832082e+08
0
0
0
0
0
0
0
0
0
0
0
0
0
0
0
0
0
0
0
0
1.384289e+08
1.522351e+08
1.851808e+08
2.564336e+08
0
0
0
0
0
0
0
0
0
0
0
0
0
0
0
0
0
0
0
0
1.388416e+08
1.525708e+08
1.870006e+08
2.600289e+08
4.350118e+08
0
0
0
0
0
0
0
0
0
0
0
0
0
0
0
0
0
0
0
0
1.392678e+08
1.531321e+08
1.876592e+08
2.633181e+08
4.439689e+08
0
0
0
0
0
0
0
0
0
0
0
0
0
0
0
0
0
0
0
0
1.395761e+08
1.538344e+08
1.887802e+08
2.651315e+08
4.518209e+08
0
0
0
0
0
0
0
0
0
0
0
0
0
0
0
0
0
0
0
0
1.400547e+08
1.543616e+08
1.899686e+08
2.675685e+08
4.579873e+08
0
0
0
0
0
0
0
0
0
0
1.403509e+08
1.547907e+08
1.906755e+08
2.69966e+08
4.643997e+08
0
0
0
0
0
0
0
0
0
0
1.407083e+08
1.553462e+08
1.915213e+08
2.715542e+08
4.702057e+08
0
0
0
0
0
0
0
0
0
0
1.409203e+08
1.55617e+08
1.922225e+08
2.729226e+08
4.73763e+08
0
0
0
0
0
0
0
0
0
0
1.412079e+08
1.558843e+08
1.926646e+08
2.738804e+08
4.770109e+08
0
0
0
0
0
0
0
0
0
0
1.413225e+08
1.560936e+08
1.930515e+08
2.746125e+08
4.791349e+08
0
0
0
0
0
0
0
0
0
0
0
0
0
0
0
0
0
0
0
0
0
0
0
0
0
0
0
0
0
0
0
0
0
0
0
0
0
0
0
0
0
0
0
0
0
0
0
0
0
0
0
0
0
0
0
0
0
0
0
0
0
0
0
0
0
0
0
0
0
0
0
0
0
0
0
1.366237e+08
0
0
0
0
0
0
0
0
0
0
0
0
0
0
0
0
0
0
0
0
1.37534e+08
1.499728e+08
0
0
0
0
0
0
0
0
0
0
0
0
0
0
0
0
0
0
0
0
1.382707e+08
1.511975e+08
1.834974e+08
0
0
0
0
0
0
0
0
0
0
0
0
0
0
0
0
0
0
0
0
1.384174e+08
1.52263e+08
1.852338e+08
2.563353e+08
0
0
0
0
0
0
0
0
0
0
0
0
0
0
0
0
0
0
0
0
1.38733e+08
1.52476e+08
1.868185e+08
2.59613e+08
4.341596e+08
0
0
0
0
0
0
0
0
0
0
0
0
0
0
0
0
0
0
0
0
1.391473e+08
1.529827e+08
1.873387e+08
2.626361e+08
4.418546e+08
0
0
0
0
0
0
0
0
0
0
0
0
0
0
0
0
0
0
0
0
1.39336e+08
1.535211e+08
1.882329e+08
2.640349e+08
4.491334e+08
0
0
0
0
0
0
0
0
0
0
0
0
0
0
0
0
0
0
0
0
1.397508e+08
1.539449e+08
1.893215e+08
2.662444e+08
4.542632e+08
0
0
0
0
0
0
0
0
0
0
0
0
0
0
0
0
0
0
0
0
1.400545e+08
1.545675e+08
1.902367e+08
2.6862e+08
4.607619e+08
0
0
0
0
0
0
0
0
0
0
1.405775e+08
1.550138e+08
1.910443e+08
2.703429e+08
4.67309e+08
0
0
0
0
0
0
0
0
0
0
1.40871e+08
1.554756e+08
1.919263e+08
2.721067e+08
4.720001e+08
0
0
0
0
0
0
0
0
0
0
1.411213e+08
1.557848e+08
1.924396e+08
2.735371e+08
4.758811e+08
0
0
0
0
0
0
0
0
0
0
1.412978e+08
1.561424e+08
1.928735e+08
2.744798e+08
4.786725e+08
0
0
0
0
0
0
0
0
0
0
1.414661e+08
1.562945e+08
1.93214e+08
2.752547e+08
4.807619e+08
0
0
0
0
0
0
0
0
0
0
0
0
0
0
0
0
0
0
0
0
0
0
0
0
0
0
0
0
0
0
0
0
0
0
0
0
0
0
0
0
0
0
0
0
0
0
0
0
0
0
0
0
0
0
0
0
0
0
0
0
1.369528e+08
0
0
0
0
0
0
0
0
0
0
0
0
0
0
0
0
0
0
0
0
1.377723e+08
1.504304e+08
0
0
0
0
0
0
0
0
0
0
0
0
0
0
0
0
0
0
0
0
1.384362e+08
1.514584e+08
1.837931e+08
0
0
0
0
0
0
0
0
0
0
0
0
0
0
0
0
0
0
0
0
1.3853e+08
1.523002e+08
1.854346e+08
2.568552e+08
0
0
0
0
0
0
0
0
0
0
0
0
0
0
0
0
0
0
0
0
1.387652e+08
1.524567e+08
1.868468e+08
2.596801e+08
4.339952e+08
0
0
0
0
0
0
0
0
0
0
0
0
0
0
0
0
0
0
0
0
1.390939e+08
1.52841e+08
1.871783e+08
2.622778e+08
4.407668e+08
0
0
0
0
0
0
0
0
0
0
0
0
0
0
0
0
0
0
0
0
1.3922e+08
1.533394e+08
1.879508e+08
2.633377e+08
4.472157e+08
0
0
0
0
0
0
0
0
0
0
0
0
0
0
0
0
0
0
0
0
1.394824e+08
1.536239e+08
1.887983e+08
2.651149e+08
4.512451e+08
0
0
0
0
0
0
0
0
0
0
0
0
0
0
0
0
0
0
0
0
1.398929e+08
1.541584e+08
1.895458e+08
2.672449e+08
4.570532e+08
0
0
0
0
0
0
0
0
0
0
0
0
0
0
0
0
0
0
0
0
1.40318e+08
1.546026e+08
1.905683e+08
2.692206e+08
4.634102e+08
0
0
0
0
0
0
0
0
0
0
1.406965e+08
1.55284e+08
1.913862e+08
2.710753e+08
4.687411e+08
0
0
0
0
0
0
0
0
0
0
1.41016e+08
1.55689e+08
1.921568e+08
2.728616e+08
4.736908e+08
0
0
0
0
0
0
0
0
0
0
1.413231e+08
1.560263e+08
1.926955e+08
2.740357e+08
4.776289e+08
0
0
0
0
0
0
0
0
0
0
1.41389e+08
1.562524e+08
1.932428e+08
2.749429e+08
4.803305e+08
0
0
0
0
0
0
0
0
0
0
1.415489e+08
1.5647e+08
1.935121e+08
2.756486e+08
4.824415e+08
0
0
0
0
0
0
0
0
0
0
0
0
0
0
0
0
0
0
0
0
0
0
0
0
0
0
0
0
0
0
0
0
0
0
0
0
0
0
0
0
0
0
0
0
1.37307e+08
0
0
0
0
0
0
0
0
0
0
0
0
0
0
0
0
0
0
0
0
1.381155e+08
1.508691e+08
0
0
0
0
0
0
0
0
0
0
0
0
0
0
0
0
0
0
0
0
1.386507e+08
1.517842e+08
1.84491e+08
0
0
0
0
0
0
0
0
0
0
0
0
0
0
0
0
0
0
0
0
1.38642e+08
1.525109e+08
1.85844e+08
2.575109e+08
0
0
0
0
0
0
0
0
0
0
0
0
0
0
0
0
0
0
0
0
1.388251e+08
1.525994e+08
1.869479e+08
2.600945e+08
4.352306e+08
0
0
0
0
0
0
0
0
0
0
0
0
0
0
0
0
0
0
0
0
1.390517e+08
1.528817e+08
1.871526e+08
2.623103e+08
4.408688e+08
0
0
0
0
0
0
0
0
0
0
0
0
0
0
0
0
0
0
0
0
1.391303e+08
1.532679e+08
1.87728e+08
2.629923e+08
4.462556e+08
0
0
0
0
0
0
0
0
0
0
0
0
0
0
0
0
0
0
0
0
1.393651e+08
1.534521e+08
1.884665e+08
2.644627e+08
4.49272e+08
0
0
0
0
0
0
0
0
0
0
0
0
0
0
0
0
0
0
0
0
1.39649e+08
1.538106e+08
1.890047e+08
2.661407e+08
4.539702e+08
0
0
0
0
0
0
0
0
0
0
0
0
0
0
0
0
0
0
0
0
1.400289e+08
1.543591e+08
1.898848e+08
2.677917e+08
4.595644e+08
0
0
0
0
0
0
0
0
0
0
0
0
0
0
0
0
0
0
0
0
1.404362e+08
1.54905e+08
1.906914e+08
2.699053e+08
4.651944e+08
0
0
0
0
0
0
0
0
0
0
1.407832e+08
1.554308e+08
1.917765e+08
2.717451e+08
4.707343e+08
0
0
0
0
0
0
0
0
0
0
1.411156e+08
1.558656e+08
1.924937e+08
2.733798e+08
4.756381e+08
0
0
0
0
0
0
0
0
0
0
1.413651e+08
1.562601e+08
1.93051e+08
2.745522e+08
4.79119e+08
0
0
0
0
0
0
0
0
0
0
1.414823e+08
1.56367e+08
1.934345e+08
2.75619e+08
4.816945e+08
0
0
0
0
0
0
0
0
0
0
1.416349e+08
1.565794e+08
1.937811e+08
2.762191e+08
4.836754e+08
0
0
0
0
0
0
0
0
0
0
0
0
0
0
0
0
0
0
0
0
0
0
0
0
0
0
0
0
0
0
0
0
0
0
0
0
0
1.376441e+08
0
0
0
0
0
0
0
0
0
0
1.384712e+08
1.513348e+08
0
0
0
0
0
0
0
0
0
0
0
0
0
0
0
0
0
0
0
0
1.38913e+08
1.522253e+08
1.852172e+08
0
0
0
0
0
0
0
0
0
0
0
0
0
0
0
0
0
0
0
0
1.388729e+08
1.527996e+08
1.863889e+08
2.588335e+08
0
0
0
0
0
0
0
0
0
0
0
0
0
0
0
0
0
0
0
0
1.389563e+08
1.527677e+08
1.872847e+08
2.608989e+08
4.370805e+08
0
0
0
0
0
0
0
0
0
0
0
0
0
0
0
0
0
0
0
0
1.391515e+08
1.529586e+08
1.873734e+08
2.625778e+08
4.419692e+08
0
0
0
0
0
0
0
0
0
0
0
0
0
0
0
0
0
0
0
0
1.3914e+08
1.532235e+08
1.877724e+08
2.629487e+08
4.462893e+08
0
0
0
0
0
0
0
0
0
0
0
0
0
0
0
0
0
0
0
0
1.393075e+08
1.533305e+08
1.883354e+08
2.640262e+08
4.483054e+08
0
0
0
0
0
0
0
0
0
0
0
0
0
0
0
0
0
0
0
0
1.395166e+08
1.536374e+08
1.886914e+08
2.654132e+08
4.520408e+08
0
0
0
0
0
0
0
0
0
0
0
0
0
0
0
0
0
0
0
0
1.397983e+08
1.540187e+08
1.893117e+08
2.666535e+08
4.564763e+08
0
0
0
0
0
0
0
0
0
0
0
0
0
0
0
0
0
0
0
0
1.401879e+08
1.54515e+08
1.902028e+08
2.684819e+08
4.612686e+08
0
0
0
0
0
0
0
0
0
0
0
0
0
0
0
0
0
0
0
0
1.405644e+08
1.550555e+08
1.91121e+08
2.702798e+08
4.671005e+08
0
0
0
0
0
0
0
0
0
0
1.408978e+08
1.555402e+08
1.920229e+08
2.724694e+08
4.725185e+08
0
0
0
0
0
0
0
0
0
0
1.411958e+08
1.559841e+08
1.927581e+08
2.740328e+08
4.771566e+08
0
0
0
0
0
0
0
0
0
0
1.414382e+08
1.563069e+08
1.933889e+08
2.752143e+08
4.805657e+08
0
0
0
0
0
0
0
0
0
0
1.416391e+08
1.564978e+08
1.936273e+08
2.760391e+08
4.834099e+08
0
0
0
0
0
0
0
0
0
0
1.417666e+08
1.566864e+08
1.939656e+08
2.767363e+08
4.851723e+08
0
0
0
0
0
0
0
0
0
0
0
0
0
0
0
0
0
0
0
0
0
0
0
0
0
0
0
0
0
1.379418e+08
0
0
0
0
0
0
0
0
0
0
1.387536e+08
1.517618e+08
0
0
0
0
0
0
0
0
0
0
1.391519e+08
1.526991e+08
1.859828e+08
0
0
0
0
0
0
0
0
0
0
0
0
0
0
0
0
0
0
0
0
1.391683e+08
1.531548e+08
1.871051e+08
2.603111e+08
0
0
0
0
0
0
0
0
0
0
0
0
0
0
0
0
0
0
0
0
1.391754e+08
1.530733e+08
1.877715e+08
2.620214e+08
4.403976e+08
0
0
0
0
0
0
0
0
0
0
0
0
0
0
0
0
0
0
0
0
1.39257e+08
1.531508e+08
1.876837e+08
2.632629e+08
4.440623e+08
0
0
0
0
0
0
0
0
0
0
0
0
0
0
0
0
0
0
0
0
1.392368e+08
1.533526e+08
1.879128e+08
2.633803e+08
4.471456e+08
0
0
0
0
0
0
0
0
0
0
0
0
0
0
0
0
0
0
0
0
1.393364e+08
1.533489e+08
1.882835e+08
2.640834e+08
4.482023e+08
0
0
0
0
0
0
0
0
0
0
0
0
0
0
0
0
0
0
0
0
1.394298e+08
1.535552e+08
1.884892e+08
2.651085e+08
4.508981e+08
0
0
0
0
0
0
0
0
0
0
0
0
0
0
0
0
0
0
0
0
1.3966e+08
1.53821e+08
1.889933e+08
2.659549e+08
4.544111e+08
0
0
0
0
0
0
0
0
0
0
0
0
0
0
0
0
0
0
0
0
1.399935e+08
1.54201e+08
1.896341e+08
2.67294e+08
4.581075e+08
0
0
0
0
0
0
0
0
0
0
0
0
0
0
0
0
0
0
0
0
1.402797e+08
1.547119e+08
1.904583e+08
2.691071e+08
4.631546e+08
0
0
0
0
0
0
0
0
0
0
0
0
0
0
0
0
0
0
0
0
1.406816e+08
1.552157e+08
1.913669e+08
2.71056e+08
4.68404e+08
0
0
0
0
0
0
0
0
0
0
1.409011e+08
1.55695e+08
1.922172e+08
2.729934e+08
4.743702e+08
0
0
0
0
0
0
0
0
0
0
1.413029e+08
1.560873e+08
1.92954e+08
2.745537e+08
4.788779e+08
0
0
0
0
0
0
0
0
0
0
1.415515e+08
1.564106e+08
1.934953e+08
2.758377e+08
4.82257e+08
0
0
0
0
0
0
0
0
0
0
1.417561e+08
1.566728e+08
1.938413e+08
2.764513e+08
4.846278e+08
0
0
0
0
0
0
0
0
0
0
1.417832e+08
1.568452e+08
1.941409e+08
2.771214e+08
4.865315e+08
0
0
0
0
0
0
0
0
0
0
0
0
0
0
0
0
0
0
0
0
1.38093e+08
0
0
0
0
0
0
0
0
0
0
1.389673e+08
1.52131e+08
0
0
0
0
0
0
0
0
0
0
1.394537e+08
1.530619e+08
1.866571e+08
0
0
0
0
0
0
0
0
0
0
1.395298e+08
1.535225e+08
1.878715e+08
2.618664e+08
0
0
0
0
0
0
0
0
0
0
0
0
0
0
0
0
0
0
0
0
1.394655e+08
1.534692e+08
1.883735e+08
2.634694e+08
4.443093e+08
0
0
0
0
0
0
0
0
0
0
0
0
0
0
0
0
0
0
0
0
1.394841e+08
1.534475e+08
1.881953e+08
2.642874e+08
4.470799e+08
0
0
0
0
0
0
0
0
0
0
0
0
0
0
0
0
0
0
0
0
1.393646e+08
1.535079e+08
1.882544e+08
2.640711e+08
4.490224e+08
0
0
0
0
0
0
0
0
0
0
0
0
0
0
0
0
0
0
0
0
1.394103e+08
1.534675e+08
1.884906e+08
2.643966e+08
4.493322e+08
0
0
0
0
0
0
0
0
0
0
0
0
0
0
0
0
0
0
0
0
1.39441e+08
1.535774e+08
1.885146e+08
2.650379e+08
4.509937e+08
0
0
0
0
0
0
0
0
0
0
0
0
0
0
0
0
0
0
0
0
1.395994e+08
1.537095e+08
1.888396e+08
2.655405e+08
4.535002e+08
0
0
0
0
0
0
0
0
0
0
0
0
0
0
0
0
0
0
0
0
1.397666e+08
1.540063e+08
1.892861e+08
2.665823e+08
4.560851e+08
0
0
0
0
0
0
0
0
0
0
0
0
0
0
0
0
0
0
0
0
1.400874e+08
1.544345e+08
1.899243e+08
2.679313e+08
4.59887e+08
0
0
0
0
0
0
0
0
0
0
0
0
0
0
0
0
0
0
0
0
1.404325e+08
1.548376e+08
1.90757e+08
2.696504e+08
4.648277e+08
0
0
0
0
0
0
0
0
0
0
0
0
0
0
0
0
0
0
0
0
1.408218e+08
1.5536e+08
1.916167e+08
2.715694e+08
4.70314e+08
0
0
0
0
0
0
0
0
0
0
1.411703e+08
1.557322e+08
1.924644e+08
2.734299e+08
4.758472e+08
0
0
0
0
0
0
0
0
0
0
1.415111e+08
1.562203e+08
1.931317e+08
2.749732e+08
4.802891e+08
0
0
0
0
0
0
0
0
0
0
1.416015e+08
1.565646e+08
1.936743e+08
2.761254e+08
4.838229e+08
0
0
0
0
0
0
0
0
0
0
1.418258e+08
1.568135e+08
1.941005e+08
2.768831e+08
4.858143e+08
0
0
0
0
0
0
0
0
0
0
1.419316e+08
1.56883e+08
1.943753e+08
2.774923e+08
4.876112e+08
0
0
0
0
0
0
0
0
0
0
1.381102e+08
0
0
0
0
0
0
0
0
0
0
1.390151e+08
1.523295e+08
0
0
0
0
0
0
0
0
0
0
1.395153e+08
1.533349e+08
1.87217e+08
0
0
0
0
0
0
0
0
0
0
1.395803e+08
1.538725e+08
1.884653e+08
2.631873e+08
0
0
0
0
0
0
0
0
0
0
1.397504e+08
1.539447e+08
1.890123e+08
2.650181e+08
4.484265e+08
0
0
0
0
0
0
0
0
0
0
0
0
0
0
0
0
0
0
0
0
1.397442e+08
1.538334e+08
1.888561e+08
2.655616e+08
4.509245e+08
0
0
0
0
0
0
0
0
0
0
0
0
0
0
0
0
0
0
0
0
1.395835e+08
1.538162e+08
1.887605e+08
2.651407e+08
4.518731e+08
0
0
0
0
0
0
0
0
0
0
0
0
0
0
0
0
0
0
0
0
1.395303e+08
1.536456e+08
1.887813e+08
2.651365e+08
4.513106e+08
0
0
0
0
0
0
0
0
0
0
0
0
0
0
0
0
0
0
0
0
1.395296e+08
1.536907e+08
1.887071e+08
2.65454e+08
4.519006e+08
0
0
0
0
0
0
0
0
0
0
0
0
0
0
0
0
0
0
0
0
1.396712e+08
1.537267e+08
1.888627e+08
2.65581e+08
4.533816e+08
0
0
0
0
0
0
0
0
0
0
0
0
0
0
0
0
0
0
0
0
1.397467e+08
1.539194e+08
1.891018e+08
2.662334e+08
4.549637e+08
0
0
0
0
0
0
0
0
0
0
0
0
0
0
0
0
0
0
0
0
1.399697e+08
1.541425e+08
1.895821e+08
2.671849e+08
4.578267e+08
0
0
0
0
0
0
0
0
0
0
0
0
0
0
0
0
0
0
0
0
1.402694e+08
1.545541e+08
1.902654e+08
2.685178e+08
4.615936e+08
0
0
0
0
0
0
0
0
0
0
0
0
0
0
0
0
0
0
0
0
1.405625e+08
1.550145e+08
1.909766e+08
2.702264e+08
4.663617e+08
0
0
0
0
0
0
0
0
0
0
0
0
0
0
0
0
0
0
0
0
1.409293e+08
1.555278e+08
1.918462e+08
2.720696e+08
4.717542e+08
0
0
0
0
0
0
0
0
0
0
1.412833e+08
1.560199e+08
1.925634e+08
2.739268e+08
4.771357e+08
0
0
0
0
0
0
0
0
0
0
1.415581e+08
1.564754e+08
1.933484e+08
2.753667e+08
4.814967e+08
0
0
0
0
0
0
0
0
0
0
1.417339e+08
1.56634e+08
1.93908e+08
2.765049e+08
4.847825e+08
0
0
0
0
0
0
0
0
0
0
1.418701e+08
1.569085e+08
1.943075e+08
2.773728e+08
4.869872e+08
0
0
0
0
0
0
0
0
0
0
1.419674e+08
1.570563e+08
1.944621e+08
2.779268e+08
4.886543e+08
0
0
0
0
0
0
0
0
0
0
1.390983e+08
1.523626e+08
0
0
0
0
0
0
0
0
0
0
1.395233e+08
1.534166e+08
1.875178e+08
0
0
0
0
0
0
0
0
0
0
1.39708e+08
1.53984e+08
1.889037e+08
2.642375e+08
0
0
0
0
0
0
0
0
0
0
1.398721e+08
1.54072e+08
1.895639e+08
2.662184e+08
4.518165e+08
0
0
0
0
0
0
0
0
0
0
1.39886e+08
1.542217e+08
1.896195e+08
2.669268e+08
4.550371e+08
0
0
0
0
0
0
0
0
0
0
0
0
0
0
0
0
0
0
0
0
1.398661e+08
1.541799e+08
1.894087e+08
2.665152e+08
4.554399e+08
0
0
0
0
0
0
0
0
0
0
0
0
0
0
0
0
0
0
0
0
1.397219e+08
1.539491e+08
1.893049e+08
2.662126e+08
4.542599e+08
0
0
0
0
0
0
0
0
0
0
0
0
0
0
0
0
0
0
0
0
1.396757e+08
1.538575e+08
1.890256e+08
2.661181e+08
4.539868e+08
0
0
0
0
0
0
0
0
0
0
0
0
0
0
0
0
0
0
0
0
1.397077e+08
1.538406e+08
1.890576e+08
2.65973e+08
4.544952e+08
0
0
0
0
0
0
0
0
0
0
0
0
0
0
0
0
0
0
0
0
1.397581e+08
1.539918e+08
1.89126e+08
2.662645e+08
4.550436e+08
0
0
0
0
0
0
0
0
0
0
0
0
0
0
0
0
0
0
0
0
1.399092e+08
1.541074e+08
1.894222e+08
2.667967e+08
4.568134e+08
0
0
0
0
0
0
0
0
0
0
0
0
0
0
0
0
0
0
0
0
1.400523e+08
1.543875e+08
1.898101e+08
2.677754e+08
4.594896e+08
0
0
0
0
0
0
0
0
0
0
0
0
0
0
0
0
0
0
0
0
1.403504e+08
1.547716e+08
1.90469e+08
2.691478e+08
4.631782e+08
0
0
0
0
0
0
0
0
0
0
0
0
0
0
0
0
0
0
0
0
1.406562e+08
1.551728e+08
1.912382e+08
2.707007e+08
4.678743e+08
0
0
0
0
0
0
0
0
0
0
0
0
0
0
0
0
0
0
0
0
1.410806e+08
1.556731e+08
1.92097e+08
2.725353e+08
4.731228e+08
0
0
0
0
0
0
0
0
0
0
1.413404e+08
1.561495e+08
1.929481e+08
2.741948e+08
4.784971e+08
0
0
0
0
0
0
0
0
0
0
1.415684e+08
1.565435e+08
1.93703e+08
2.758067e+08
4.826542e+08
0
0
0
0
0
0
0
0
0
0
1.418084e+08
1.567763e+08
1.94038e+08
2.769483e+08
4.858519e+08
0
0
0
0
0
0
0
0
0
0
1.419731e+08
1.569717e+08
1.944599e+08
2.777705e+08
4.882339e+08
0
0
0
0
0
0
0
0
0
0
1.420555e+08
1.570933e+08
1.947104e+08
2.781586e+08
4.897759e+08
0
0
0
0
0
0
0
0
0
0
1.395275e+08
1.535182e+08
1.875811e+08
0
0
0
0
0
0
0
0
0
0
1.397615e+08
1.540193e+08
1.890587e+08
2.647997e+08
0
0
0
0
0
0
0
0
0
0
1.400091e+08
1.542477e+08
1.897984e+08
2.67086e+08
4.543978e+08
0
0
0
0
0
0
0
0
0
0
1.401163e+08
1.544212e+08
1.899279e+08
2.680381e+08
4.582155e+08
0
0
0
0
0
0
0
0
0
0
1.400677e+08
1.544164e+08
1.900713e+08
2.680592e+08
4.592892e+08
0
0
0
0
0
0
0
0
0
0
0
0
0
0
0
0
0
0
0
0
1.40004e+08
1.543335e+08
1.899338e+08
2.675724e+08
4.580424e+08
0
0
0
0
0
0
0
0
0
0
0
0
0
0
0
0
0
0
0
0
1.398675e+08
1.541276e+08
1.895462e+08
2.672269e+08
4.569915e+08
0
0
0
0
0
0
0
0
0
0
0
0
0
0
0
0
0
0
0
0
1.398527e+08
1.540462e+08
1.893642e+08
2.666792e+08
4.564463e+08
0
0
0
0
0
0
0
0
0
0
0
0
0
0
0
0
0
0
0
0
1.397961e+08
1.540605e+08
1.893095e+08
2.666666e+08
4.561086e+08
0
0
0
0
0
0
0
0
0
0
0
0
0
0
0
0
0
0
0
0
1.399023e+08
1.541109e+08
1.895061e+08
2.668358e+08
4.568599e+08
0
0
0
0
0
0
0
0
0
0
0
0
0
0
0
0
0
0
0
0
1.400154e+08
1.542982e+08
1.897126e+08
2.674194e+08
4.584068e+08
0
0
0
0
0
0
0
0
0
0
0
0
0
0
0
0
0
0
0
0
1.402884e+08
1.544946e+08
1.901629e+08
2.682588e+08
4.610676e+08
0
0
0
0
0
0
0
0
0
0
0
0
0
0
0
0
0
0
0
0
1.40463e+08
1.548791e+08
1.907843e+08
2.695907e+08
4.647648e+08
0
0
0
0
0
0
0
0
0
0
0
0
0
0
0
0
0
0
0
0
1.407547e+08
1.552846e+08
1.914779e+08
2.711997e+08
4.692197e+08
0
0
0
0
0
0
0
0
0
0
0
0
0
0
0
0
0
0
0
0
1.411285e+08
1.558492e+08
1.92329e+08
2.730137e+08
4.743948e+08
0
0
0
0
0
0
0
0
0
0
1.413952e+08
1.562429e+08
1.931559e+08
2.748503e+08
4.794021e+08
0
0
0
0
0
0
0
0
0
0
1.416824e+08
1.565584e+08
1.938235e+08
2.764121e+08
4.838373e+08
0
0
0
0
0
0
0
0
0
0
1.417908e+08
1.568728e+08
1.942472e+08
2.77245e+08
4.8702e+08
0
0
0
0
0
0
0
0
0
0
1.419953e+08
1.57086e+08
1.945709e+08
2.780852e+08
4.892938e+08
0
0
0
0
0
0
0
0
0
0
1.421545e+08
1.57205e+08
1.947873e+08
2.786011e+08
4.905479e+08
0
0
0
0
0
0
0
0
0
0
1.397951e+08
1.540483e+08
1.892057e+08
2.649509e+08
0
0
0
0
0
0
0
0
0
0
1.401204e+08
1.543156e+08
1.898942e+08
2.674377e+08
4.55787e+08
0
0
0
0
0
0
0
0
0
0
1.402518e+08
1.546218e+08
1.90235e+08
2.686061e+08
4.60456e+08
0
0
0
0
0
0
0
0
0
0
1.401779e+08
1.547179e+08
1.904642e+08
2.688579e+08
4.622768e+08
0
0
0
0
0
0
0
0
0
0
1.402143e+08
1.546295e+08
1.904197e+08
2.689789e+08
4.622074e+08
0
0
0
0
0
0
0
0
0
0
0
0
0
0
0
0
0
0
0
0
1.401578e+08
1.545125e+08
1.901973e+08
2.685731e+08
4.60764e+08
0
0
0
0
0
0
0
0
0
0
0
0
0
0
0
0
0
0
0
0
1.400754e+08
1.543274e+08
1.898399e+08
2.677836e+08
4.595424e+08
0
0
0
0
0
0
0
0
0
0
0
0
0
0
0
0
0
0
0
0
1.399766e+08
1.542578e+08
1.89666e+08
2.673603e+08
4.581428e+08
0
0
0
0
0
0
0
0
0
0
0
0
0
0
0
0
0
0
0
0
1.399814e+08
1.541804e+08
1.896443e+08
2.67209e+08
4.579599e+08
0
0
0
0
0
0
0
0
0
0
0
0
0
0
0
0
0
0
0
0
1.400196e+08
1.542889e+08
1.897143e+08
2.675283e+08
4.584793e+08
0
0
0
0
0
0
0
0
0
0
0
0
0
0
0
0
0
0
0
0
1.401064e+08
1.544365e+08
1.900006e+08
2.679836e+08
4.600425e+08
0
0
0
0
0
0
0
0
0
0
0
0
0
0
0
0
0
0
0
0
1.403138e+08
1.547697e+08
1.903489e+08
2.688963e+08
4.624202e+08
0
0
0
0
0
0
0
0
0
0
0
0
0
0
0
0
0
0
0
0
1.405578e+08
1.550186e+08
1.909665e+08
2.701645e+08
4.660388e+08
0
0
0
0
0
0
0
0
0
0
0
0
0
0
0
0
0
0
0
0
1.40831e+08
1.554156e+08
1.916579e+08
2.716625e+08
4.705214e+08
0
0
0
0
0
0
0
0
0
0
0
0
0
0
0
0
0
0
0
0
1.412219e+08
1.559166e+08
1.925831e+08
2.734709e+08
4.756455e+08
0
0
0
0
0
0
0
0
0
0
1.415027e+08
1.563126e+08
1.93305e+08
2.7527e+08
4.809222e+08
0
0
0
0
0
0
0
0
0
0
1.417286e+08
1.566945e+08
1.938765e+08
2.766873e+08
4.852641e+08
0
0
0
0
0
0
0
0
0
0
1.419785e+08
1.568936e+08
1.943999e+08
2.776416e+08
4.879111e+08
0
0
0
0
0
0
0
0
0
0
1.420966e+08
1.571221e+08
1.947489e+08
2.783327e+08
4.901933e+08
0
0
0
0
0
0
0
0
0
0
1.422186e+08
1.57315e+08
1.949512e+08
2.788004e+08
4.916292e+08
0
0
0
0
0
0
0
0
0
0
1.401344e+08
1.543681e+08
1.899533e+08
2.677049e+08
4.562448e+08
0
0
0
0
0
0
0
0
0
0
1.402859e+08
1.547491e+08
1.903638e+08
2.6887e+08
4.614748e+08
0
0
0
0
0
0
0
0
0
0
1.403681e+08
1.549146e+08
1.908036e+08
2.695269e+08
4.640122e+08
0
0
0
0
0
0
0
0
0
0
1.404239e+08
1.548153e+08
1.909288e+08
2.699057e+08
4.647443e+08
0
0
0
0
0
0
0
0
0
0
1.403531e+08
1.54826e+08
1.907569e+08
2.697467e+08
4.647179e+08
0
0
0
0
0
0
0
0
0
0
0
0
0
0
0
0
0
0
0
0
1.40286e+08
1.547049e+08
1.904959e+08
2.691586e+08
4.633363e+08
0
0
0
0
0
0
0
0
0
0
0
0
0
0
0
0
0
0
0
0
1.401686e+08
1.545615e+08
1.90165e+08
2.684033e+08
4.612329e+08
0
0
0
0
0
0
0
0
0
0
0
0
0
0
0
0
0
0
0
0
1.401447e+08
1.544188e+08
1.899883e+08
2.679719e+08
4.599844e+08
0
0
0
0
0
0
0
0
0
0
0
0
0
0
0
0
0
0
0
0
1.400241e+08
1.543965e+08
1.898556e+08
2.678512e+08
4.595052e+08
0
0
0
0
0
0
0
0
0
0
0
0
0
0
0
0
0
0
0
0
1.401318e+08
1.544385e+08
1.899877e+08
2.679825e+08
4.602014e+08
0
0
0
0
0
0
0
0
0
0
0
0
0
0
0
0
0
0
0
0
1.402443e+08
1.545459e+08
1.902252e+08
2.685333e+08
4.615139e+08
0
0
0
0
0
0
0
0
0
0
0
0
0
0
0
0
0
0
0
0
1.404154e+08
1.548142e+08
1.907242e+08
2.693022e+08
4.639929e+08
0
0
0
0
0
0
0
0
0
0
0
0
0
0
0
0
0
0
0
0
1.40645e+08
1.551382e+08
1.911826e+08
2.705529e+08
4.67457e+08
0
0
0
0
0
0
0
0
0
0
0
0
0
0
0
0
0
0
0
0
1.409676e+08
1.555216e+08
1.918653e+08
2.720393e+08
4.717409e+08
0
0
0
0
0
0
0
0
0
0
0
0
0
0
0
0
0
0
0
0
1.413066e+08
1.560382e+08
1.927073e+08
2.739389e+08
4.768559e+08
0
0
0
0
0
0
0
0
0
0
1.415384e+08
1.564376e+08
1.934303e+08
2.75574e+08
4.820434e+08
0
0
0
0
0
0
0
0
0
0
1.418906e+08
1.567574e+08
1.940856e+08
2.768628e+08
4.861075e+08
0
0
0
0
0
0
0
0
0
0
1.421007e+08
1.570869e+08
1.944791e+08
2.779509e+08
4.889337e+08
0
0
0
0
0
0
0
0
0
0
1.421976e+08
1.572404e+08
1.948284e+08
2.786792e+08
4.909323e+08
0
0
0
0
0
0
0
0
0
0
1.422825e+08
1.574045e+08
1.951148e+08
2.791195e+08
4.922754e+08
0
0
0
0
0
0
0
0
0
0
1.403811e+08
1.547726e+08
1.904503e+08
2.690044e+08
4.621243e+08
0
0
0
0
0
0
0
0
0
0
1.404692e+08
1.549766e+08
1.910095e+08
2.698314e+08
4.648867e+08
0
0
0
0
0
0
0
0
0
0
1.40512e+08
1.550706e+08
1.912636e+08
2.706161e+08
4.666516e+08
0
0
0
0
0
0
0
0
0
0
1.404916e+08
1.551098e+08
1.911314e+08
2.708279e+08
4.674993e+08
0
0
0
0
0
0
0
0
0
0
1.404898e+08
1.550093e+08
1.910824e+08
2.704497e+08
4.669219e+08
0
0
0
0
0
0
0
0
0
0
0
0
0
0
0
0
0
0
0
0
1.404408e+08
1.548705e+08
1.908043e+08
2.697929e+08
4.650804e+08
0
0
0
0
0
0
0
0
0
0
0
0
0
0
0
0
0
0
0
0
1.403112e+08
1.546878e+08
1.905099e+08
2.690604e+08
4.62986e+08
0
0
0
0
0
0
0
0
0
0
0
0
0
0
0
0
0
0
0
0
1.402231e+08
1.546238e+08
1.9025e+08
2.685979e+08
4.616511e+08
0
0
0
0
0
0
0
0
0
0
0
0
0
0
0
0
0
0
0
0
1.402279e+08
1.544705e+08
1.901704e+08
2.683197e+08
4.611669e+08
0
0
0
0
0
0
0
0
0
0
0
0
0
0
0
0
0
0
0
0
1.40284e+08
1.545714e+08
1.902224e+08
2.685167e+08
4.61503e+08
0
0
0
0
0
0
0
0
0
0
0
0
0
0
0
0
0
0
0
0
1.403439e+08
1.547258e+08
1.904027e+08
2.689895e+08
4.629338e+08
0
0
0
0
0
0
0
0
0
0
0
0
0
0
0
0
0
0
0
0
1.405067e+08
1.549399e+08
1.90829e+08
2.699399e+08
4.651533e+08
0
0
0
0
0
0
0
0
0
0
0
0
0
0
0
0
0
0
0
0
1.407657e+08
1.5524e+08
1.91373e+08
2.709782e+08
4.685575e+08
0
0
0
0
0
0
0
0
0
0
0
0
0
0
0
0
0
0
0
0
1.410414e+08
1.556842e+08
1.920333e+08
2.724463e+08
4.727981e+08
0
0
0
0
0
0
0
0
0
0
0
0
0
0
0
0
0
0
0
0
1.413639e+08
1.561392e+08
1.928936e+08
2.742226e+08
4.780375e+08
0
0
0
0
0
0
0
0
0
0
1.41612e+08
1.564938e+08
1.936225e+08
2.758579e+08
4.829216e+08
0
0
0
0
0
0
0
0
0
0
1.419612e+08
1.569477e+08
1.941953e+08
2.77262e+08
4.867485e+08
0
0
0
0
0
0
0
0
0
0
1.42141e+08
1.57224e+08
1.947281e+08
2.781669e+08
4.897866e+08
0
0
0
0
0
0
0
0
0
0
1.422406e+08
1.573653e+08
1.949989e+08
2.788856e+08
4.918394e+08
0
0
0
0
0
0
0
0
0
0
1.422843e+08
1.57488e+08
1.952603e+08
2.794341e+08
4.93141e+08
0
0
0
0
0
0
0
0
0
0
1.405393e+08
1.550923e+08
1.910579e+08
2.700068e+08
4.652988e+08
0
0
0
0
0
0
0
0
0
0
1.406511e+08
1.552115e+08
1.913913e+08
2.710394e+08
4.675898e+08
0
0
0
0
0
0
0
0
0
0
1.406486e+08
1.552484e+08
1.915352e+08
2.715413e+08
4.694881e+08
0
0
0
0
0
0
0
0
0
0
1.406528e+08
1.552194e+08
1.915629e+08
2.713408e+08
4.69969e+08
0
0
0
0
0
0
0
0
0
0
1.407418e+08
1.55191e+08
1.913772e+08
2.711279e+08
4.689196e+08
0
0
0
0
0
0
0
0
0
0
0
0
0
0
0
0
0
0
0
0
1.405762e+08
1.550615e+08
1.910787e+08
2.704234e+08
4.668835e+08
0
0
0
0
0
0
0
0
0
0
0
0
0
0
0
0
0
0
0
0
1.404549e+08
1.548664e+08
1.907278e+08
2.697144e+08
4.647635e+08
0
0
0
0
0
0
0
0
0
0
0
0
0
0
0
0
0
0
0
0
1.40397e+08
1.547229e+08
1.905588e+08
2.691308e+08
4.632939e+08
0
0
0
0
0
0
0
0
0
0
0
0
0
0
0
0
0
0
0
0
1.402974e+08
1.546943e+08
1.903229e+08
2.689007e+08
4.625291e+08
0
0
0
0
0
0
0
0
0
0
0
0
0
0
0
0
0
0
0
0
1.40363e+08
1.54758e+08
1.904301e+08
2.689815e+08
4.629166e+08
0
0
0
0
0
0
0
0
0
0
0
0
0
0
0
0
0
0
0
0
1.404166e+08
1.548338e+08
1.906692e+08
2.693646e+08
4.641693e+08
0
0
0
0
0
0
0
0
0
0
0
0
0
0
0
0
0
0
0
0
1.406397e+08
1.55051e+08
1.910271e+08
2.702139e+08
4.666274e+08
0
0
0
0
0
0
0
0
0
0
0
0
0
0
0
0
0
0
0
0
1.40823e+08
1.553892e+08
1.915302e+08
2.713613e+08
4.696902e+08
0
0
0
0
0
0
0
0
0
0
0
0
0
0
0
0
0
0
0
0
1.411365e+08
1.557744e+08
1.922768e+08
2.727851e+08
4.738769e+08
0
0
0
0
0
0
0
0
0
0
0
0
0
0
0
0
0
0
0
1.414857e+08
1.562089e+08
1.930534e+08
2.745848e+08
4.788871e+08
0
0
0
0
0
0
0
0
0
0
1.417097e+08
1.565807e+08
1.937273e+08
2.762313e+08
4.837663e+08
0
0
0
0
0
0
0
0
0
0
1.420323e+08
1.570294e+08
1.944629e+08
2.775058e+08
4.877801e+08
0
0
0
0
0
0
0
0
0
0
1.421872e+08
1.572762e+08
1.949283e+08
2.785937e+08
4.905111e+08
0
0
0
0
0
0
0
0
0
0
1.422797e+08
1.574425e+08
1.95184e+08
2.792086e+08
4.925214e+08
0
0
0
0
0
0
0
0
0
0
1.424088e+08
1.574992e+08
1.953946e+08
2.797269e+08
4.939769e+08
0
0
0
0
0
0
0
0
0
0
1.40559e+08
1.55296e+08
1.915539e+08
2.711626e+08
4.680759e+08
0
0
0
0
0
0
0
0
0
0
1.407789e+08
1.554302e+08
1.917615e+08
2.718564e+08
4.706429e+08
0
0
0
0
0
0
0
0
0
0
1.408322e+08
1.554308e+08
1.918394e+08
2.721464e+08
4.719788e+08
0
0
0
0
0
0
0
0
0
0
1.409367e+08
1.55436e+08
1.917869e+08
2.721526e+08
4.71643e+08
0
0
0
0
0
0
0
0
0
0
1.407597e+08
1.554795e+08
1.916733e+08
2.717324e+08
4.708229e+08
0
0
0
0
0
0
0
0
0
0
0
0
0
0
0
0
0
0
0
0
1.406571e+08
1.552318e+08
1.913693e+08
2.709982e+08
4.686161e+08
0
0
0
0
0
0
0
0
0
0
0
0
0
0
0
0
0
0
0
0
1.405599e+08
1.550366e+08
1.910057e+08
2.701877e+08
4.664506e+08
0
0
0
0
0
0
0
0
0
0
0
0
0
0
0
0
0
0
0
0
1.404672e+08
1.549441e+08
1.90724e+08
2.697208e+08
4.647443e+08
0
0
0
0
0
0
0
0
0
0
0
0
0
0
0
0
0
0
0
0
1.404259e+08
1.548023e+08
1.906305e+08
2.692681e+08
4.639843e+08
0
0
0
0
0
0
0
0
0
0
0
0
0
0
0
0
0
0
0
0
1.404184e+08
1.548583e+08
1.907053e+08
2.694e+08
4.64155e+08
0
0
0
0
0
0
0
0
0
0
0
0
0
0
0
0
0
0
0
0
1.405228e+08
1.549377e+08
1.908375e+08
2.698587e+08
4.652305e+08
0
0
0
0
0
0
0
0
0
0
0
0
0
0
0
0
0
0
0
0
1.407332e+08
1.552065e+08
1.911987e+08
2.706098e+08
4.675062e+08
0
0
0
0
0
0
0
0
0
0
0
0
0
0
0
0
0
0
0
0
1.409002e+08
1.55468e+08
1.91751e+08
2.716786e+08
4.707267e+08
0
0
0
0
0
0
0
0
0
0
0
0
0
0
0
0
0
0
0
1.412568e+08
1.558825e+08
1.924147e+08
2.73235e+08
4.748054e+08
0
0
0
0
0
0
0
0
0
0
0
0
0
0
0
0
0
0
1.415585e+08
1.563589e+08
1.931698e+08
2.749048e+08
4.798547e+08
0
0
0
0
0
0
0
0
0
0
1.418236e+08
1.56705e+08
1.938696e+08
2.764705e+08
4.847343e+08
0
0
0
0
0
0
0
0
0
0
1.42064e+08
1.571227e+08
1.94586e+08
2.77971e+08
4.884998e+08
0
0
0
0
0
0
0
0
0
0
1.422484e+08
1.573412e+08
1.950208e+08
2.789692e+08
4.915245e+08
0
0
0
0
0
0
0
0
0
0
1.423012e+08
1.574877e+08
1.953132e+08
2.79549e+08
4.933796e+08
0
0
0
0
0
0
0
0
0
0
1.424715e+08
1.576474e+08
1.954337e+08
2.799988e+08
4.947792e+08
0
0
0
0
0
0
0
0
0
0
1.407624e+08
1.553473e+08
1.918883e+08
2.721416e+08
4.710423e+08
0
0
0
0
0
0
0
0
0
0
1.40916e+08
1.555878e+08
1.921132e+08
2.726061e+08
4.729791e+08
0
0
0
0
0
0
0
0
0
0
1.409465e+08
1.556626e+08
1.921336e+08
2.728032e+08
4.738132e+08
0
0
0
0
0
0
0
0
0
0
1.409585e+08
1.557452e+08
1.921172e+08
2.726836e+08
4.737408e+08
0
0
0
0
0
0
0
0
0
0
1.408082e+08
1.555101e+08
1.920774e+08
2.723323e+08
4.724998e+08
0
0
0
0
0
0
0
0
0
0
0
0
0
0
0
0
0
0
0
0
1.408301e+08
1.553407e+08
1.916381e+08
2.715625e+08
4.702245e+08
0
0
0
0
0
0
0
0
0
0
0
0
0
0
0
0
0
0
0
0
1.406783e+08
1.551751e+08
1.912625e+08
2.707354e+08
4.678112e+08
0
0
0
0
0
0
0
0
0
0
0
0
0
0
0
0
0
0
0
0
1.405467e+08
1.550221e+08
1.910493e+08
2.700778e+08
4.662671e+08
0
0
0
0
0
0
0
0
0
0
0
0
0
0
0
0
0
0
0
0
1.405223e+08
1.549529e+08
1.908126e+08
2.698128e+08
4.651045e+08
0
0
0
0
0
0
0
0
0
0
0
0
0
0
0
0
0
0
0
0
1.405235e+08
1.549316e+08
1.908668e+08
2.699027e+08
4.652901e+08
0
0
0
0
0
0
0
0
0
0
0
0
0
0
0
0
0
0
0
0
1.406431e+08
1.550618e+08
1.910111e+08
2.701997e+08
4.664722e+08
0
0
0
0
0
0
0
0
0
0
0
0
0
0
0
0
0
0
0
0
1.407756e+08
1.553252e+08
1.91421e+08
2.709502e+08
4.685655e+08
0
0
0
0
0
0
0
0
0
0
0
0
0
0
0
0
0
0
0
1.410339e+08
1.555631e+08
1.918868e+08
2.720856e+08
4.715959e+08
0
0
0
0
0
0
0
0
0
0
0
0
0
0
0
0
0
0
1.413268e+08
1.56039e+08
1.925793e+08
2.735167e+08
4.759242e+08
0
0
0
0
0
0
0
0
0
0
0
0
0
0
0
0
0
1.416285e+08
1.564487e+08
1.93389e+08
2.751575e+08
4.807165e+08
0
0
0
0
0
0
0
0
0
0
1.418945e+08
1.568379e+08
1.940437e+08
2.767674e+08
4.854616e+08
0
0
0
0
0
0
0
0
0
0
1.421697e+08
1.571752e+08
1.947359e+08
2.782294e+08
4.896106e+08
0
0
0
0
0
0
0
0
0
0
1.422626e+08
1.57421e+08
1.951346e+08
2.791781e+08
4.924845e+08
0
0
0
0
0
0
0
0
0
0
1.423997e+08
1.575191e+08
1.95395e+08
2.79817e+08
4.94247e+08
0
0
0
0
0
0
0
0
0
0
1.425611e+08
1.577265e+08
1.956392e+08
2.801242e+08
4.955363e+08
0
0
0
0
0
0
0
0
0
0
1.409644e+08
1.555861e+08
1.920416e+08
2.728438e+08
4.73658e+08
0
0
0
0
0
0
0
0
0
0
1.409964e+08
1.557623e+08
1.923781e+08
2.733234e+08
4.750786e+08
0
0
0
0
0
0
0
0
0
0
1.410214e+08
1.558121e+08
1.924868e+08
2.734092e+08
4.756914e+08
0
0
0
0
0
0
0
0
0
0
1.410224e+08
1.5579e+08
1.925475e+08
2.733251e+08
4.753443e+08
0
0
0
0
0
0
0
0
0
0
1.410856e+08
1.555969e+08
1.921793e+08
2.730635e+08
4.741377e+08
0
0
0
0
0
0
0
0
0
0
0
0
0
0
0
0
0
0
0
0
1.409352e+08
1.55545e+08
1.91823e+08
2.720985e+08
4.717212e+08
0
0
0
0
0
0
0
0
0
0
0
0
0
0
0
0
0
0
0
0
1.407769e+08
1.553205e+08
1.91486e+08
2.712317e+08
4.6927e+08
0
0
0
0
0
0
0
0
0
0
0
0
0
0
0
0
0
0
0
0
1.406517e+08
1.551324e+08
1.911837e+08
2.706763e+08
4.673012e+08
0
0
0
0
0
0
0
0
0
0
0
0
0
0
0
0
0
0
0
0
1.405955e+08
1.55074e+08
1.91039e+08
2.701906e+08
4.664253e+08
0
0
0
0
0
0
0
0
0
0
0
0
0
0
0
0
0
0
0
0
1.406585e+08
1.550694e+08
1.909967e+08
2.702396e+08
4.66529e+08
0
0
0
0
0
0
0
0
0
0
0
0
0
0
0
0
0
0
0
0
1.406985e+08
1.551982e+08
1.911948e+08
2.705526e+08
4.674021e+08
0
0
0
0
0
0
0
0
0
0
0
0
0
0
0
0
0
0
0
1.408735e+08
1.553824e+08
1.916002e+08
2.713546e+08
4.694849e+08
0
0
0
0
0
0
0
0
0
0
0
0
0
0
0
0
0
0
1.411149e+08
1.55729e+08
1.92036e+08
2.723779e+08
4.726151e+08
0
0
0
0
0
0
0
0
0
0
0
0
0
0
0
0
0
1.413768e+08
1.561188e+08
1.928128e+08
2.738347e+08
4.767162e+08
0
0
0
0
0
0
0
0
0
0
0
0
0
0
0
0
1.416979e+08
1.565343e+08
1.935292e+08
2.755566e+08
4.814501e+08
0
0
0
0
0
0
0
0
0
0
1.419848e+08
1.569316e+08
1.942412e+08
2.770819e+08
4.862896e+08
0
0
0
0
0
0
0
0
0
0
1.421839e+08
1.572966e+08
1.948326e+08
2.785248e+08
4.90355e+08
0
0
0
0
0
0
0
0
0
0
1.424046e+08
1.574506e+08
1.95261e+08
2.794266e+08
4.931189e+08
0
0
0
0
0
0
0
0
0
0
1.425336e+08
1.576382e+08
1.954588e+08
2.80009e+08
4.950007e+08
0
0
0
0
0
0
0
0
0
0
1.426076e+08
1.578365e+08
1.957671e+08
2.804803e+08
4.959834e+08
0
0
0
0
0
0
0
0
0
0
1.410159e+08
1.558304e+08
1.923976e+08
2.732866e+08
4.756688e+08
0
0
0
0
0
0
0
0
0
0
1.411859e+08
1.558872e+08
1.92657e+08
2.738971e+08
4.770416e+08
0
0
0
0
0
0
0
0
0
0
1.411916e+08
1.559024e+08
1.927337e+08
2.740908e+08
4.773995e+08
0
0
0
0
0
0
0
0
0
0
1.41194e+08
1.559029e+08
1.926598e+08
2.740929e+08
4.770663e+08
0
0
0
0
0
0
0
0
0
0
1.412474e+08
1.559125e+08
1.923545e+08
2.733804e+08
4.759554e+08
0
0
0
0
0
0
0
0
0
0
0
0
0
0
0
0
0
0
0
0
1.410075e+08
1.556765e+08
1.92122e+08
2.72498e+08
4.731654e+08
0
0
0
0
0
0
0
0
0
0
0
0
0
0
0
0
0
0
0
0
1.408795e+08
1.554389e+08
1.917075e+08
2.716777e+08
4.705706e+08
0
0
0
0
0
0
0
0
0
0
0
0
0
0
0
0
0
0
0
0
1.407645e+08
1.552638e+08
1.913632e+08
2.709771e+08
4.687965e+08
0
0
0
0
0
0
0
0
0
0
0
0
0
0
0
0
0
0
0
0
1.406955e+08
1.551637e+08
1.912279e+08
2.70617e+08
4.674701e+08
0
0
0
0
0
0
0
0
0
0
0
0
0
0
0
0
0
0
0
0
1.407018e+08
1.552216e+08
1.912064e+08
2.705272e+08
4.674736e+08
0
0
0
0
0
0
0
0
0
0
0
0
0
0
0
0
0
0
0
1.408135e+08
1.552741e+08
1.913897e+08
2.709041e+08
4.683609e+08
0
0
0
0
0
0
0
0
0
0
0
0
0
0
0
0
0
0
1.409603e+08
1.555022e+08
1.917085e+08
2.716957e+08
4.704881e+08
0
0
0
0
0
0
0
0
0
0
0
0
0
0
0
0
0
1.411666e+08
1.558245e+08
1.922746e+08
2.726768e+08
4.734506e+08
0
0
0
0
0
0
0
0
0
0
0
0
0
0
0
0
1.414354e+08
1.561886e+08
1.929351e+08
2.742612e+08
4.775483e+08
0
0
0
0
0
0
0
0
0
0
0
0
0
0
0
1.417624e+08
1.566235e+08
1.936652e+08
2.758369e+08
4.824442e+08
0
0
0
0
0
0
0
0
0
0
1.420264e+08
1.570463e+08
1.943807e+08
2.77447e+08
4.870965e+08
0
0
0
0
0
0
0
0
0
0
1.422776e+08
1.573338e+08
1.950076e+08
2.787388e+08
4.911469e+08
0
0
0
0
0
0
0
0
0
0
1.424615e+08
1.576205e+08
1.953274e+08
2.796772e+08
4.938399e+08
0
0
0
0
0
0
0
0
0
0
1.425327e+08
1.577957e+08
1.956338e+08
2.801626e+08
4.955881e+08
0
0
0
0
0
0
0
0
0
0
1.426581e+08
1.578865e+08
1.959264e+08
2.807354e+08
4.968453e+08
0
0
0
0
0
0
0
0
0
0
1.411772e+08
1.559146e+08
1.927661e+08
2.739814e+08
4.771837e+08
0
0
0
0
0
0
0
0
0
0
1.412414e+08
1.560978e+08
1.928815e+08
2.744667e+08
4.787075e+08
0
0
0
0
0
0
0
0
0
0
1.413509e+08
1.561044e+08
1.929071e+08
2.746111e+08
4.791928e+08
0
0
0
0
0
0
0
0
0
0
1.413303e+08
1.561054e+08
1.9288e+08
2.744099e+08
4.789436e+08
0
0
0
0
0
0
0
0
0
0
1.412181e+08
1.560943e+08
1.927683e+08
2.73782e+08
4.770727e+08
0
0
0
0
0
0
0
0
0
0
0
0
0
0
0
0
0
0
0
0
1.411202e+08
1.557691e+08
1.923305e+08
2.730486e+08
4.743166e+08
0
0
0
0
0
0
0
0
0
0
0
0
0
0
0
0
0
0
0
0
1.409598e+08
1.555701e+08
1.918933e+08
2.721132e+08
4.717669e+08
0
0
0
0
0
0
0
0
0
0
0
0
0
0
0
0
0
0
0
0
1.408034e+08
1.55389e+08
1.915708e+08
2.713408e+08
4.696787e+08
0
0
0
0
0
0
0
0
0
0
0
0
0
0
0
0
0
0
0
0
1.407648e+08
1.552795e+08
1.91374e+08
2.709914e+08
4.685559e+08
0
0
0
0
0
0
0
0
0
0
0
0
0
0
0
0
0
0
0
1.407778e+08
1.552752e+08
1.914245e+08
2.70923e+08
4.683109e+08
0
0
0
0
0
0
0
0
0
0
0
0
0
0
0
0
0
0
1.408364e+08
1.554119e+08
1.915186e+08
2.712638e+08
4.692794e+08
0
0
0
0
0
0
0
0
0
0
0
0
0
0
0
0
0
1.410566e+08
1.556062e+08
1.91889e+08
2.719459e+08
4.713751e+08
0
0
0
0
0
0
0
0
0
0
0
0
0
0
0
0
1.412542e+08
1.558908e+08
1.924207e+08
2.731034e+08
4.742588e+08
0
0
0
0
0
0
0
0
0
0
0
0
0
0
0
1.415172e+08
1.562605e+08
1.930549e+08
2.745094e+08
4.786021e+08
0
0
0
0
0
0
0
0
0
0
0
0
0
0
1.418568e+08
1.567032e+08
1.938036e+08
2.761145e+08
4.832072e+08
0
0
0
0
0
0
0
0
0
0
1.421251e+08
1.570977e+08
1.945574e+08
2.777152e+08
4.880097e+08
0
0
0
0
0
0
0
0
0
0
1.423933e+08
1.574421e+08
1.950871e+08
2.790593e+08
4.917838e+08
0
0
0
0
0
0
0
0
0
0
1.424613e+08
1.576851e+08
1.955499e+08
2.79848e+08
4.945121e+08
0
0
0
0
0
0
0
0
0
0
1.426285e+08
1.578024e+08
1.958546e+08
2.804805e+08
4.960728e+08
0
0
0
0
0
0
0
0
0
1.426524e+08
1.579549e+08
1.960107e+08
2.8103e+08
4.975332e+08
0
0
0
0
0
0
0
0
0
0
1.411823e+08
1.561251e+08
1.929388e+08
2.746882e+08
4.79051e+08
0
0
0
0
0
0
0
0
0
0
1.414556e+08
1.561968e+08
1.931892e+08
2.749633e+08
4.802979e+08
0
0
0
0
0
0
0
0
0
0
1.41443e+08
1.563204e+08
1.932037e+08
2.750223e+08
4.806721e+08
0
0
0
0
0
0
0
0
0
0
1.414303e+08
1.562485e+08
1.931646e+08
2.748959e+08
4.800278e+08
0
0
0
0
0
0
0
0
0
0
1.413824e+08
1.560914e+08
1.930408e+08
2.744627e+08
4.782537e+08
0
0
0
0
0
0
0
0
0
0
0
0
0
0
0
0
0
0
0
0
1.412253e+08
1.559025e+08
1.924874e+08
2.734705e+08
4.756983e+08
0
0
0
0
0
0
0
0
0
0
0
0
0
0
0
0
0
0
0
0
1.410463e+08
1.556657e+08
1.920935e+08
2.724854e+08
4.729366e+08
0
0
0
0
0
0
0
0
0
0
0
0
0
0
0
0
0
0
0
0
1.40932e+08
1.554481e+08
1.917505e+08
2.717457e+08
4.706738e+08
0
0
0
0
0
0
0
0
0
0
0
0
0
0
0
0
0
0
0
1.408967e+08
1.553676e+08
1.91547e+08
2.712958e+08
4.695571e+08
0
0
0
0
0
0
0
0
0
0
0
0
0
0
0
0
0
0
1.408896e+08
1.553774e+08
1.915198e+08
2.713208e+08
4.693146e+08
0
0
0
0
0
0
0
0
0
0
0
0
0
0
0
0
0
1.409819e+08
1.554549e+08
1.917232e+08
2.715396e+08
4.701848e+08
0
0
0
0
0
0
0
0
0
0
0
0
0
0
0
0
1.411086e+08
1.557227e+08
1.920461e+08
2.722884e+08
4.721199e+08
0
0
0
0
0
0
0
0
0
0
0
0
0
0
0
1.412794e+08
1.559957e+08
1.925317e+08
2.733875e+08
4.752986e+08
0
0
0
0
0
0
0
0
0
0
0
0
0
0
1.415748e+08
1.563571e+08
1.931718e+08
2.747619e+08
4.792874e+08
0
0
0
0
0
0
0
0
0
0
0
0
0
1.419343e+08
1.568195e+08
1.939261e+08
2.763851e+08
4.839734e+08
0
0
0
0
0
0
0
0
0
0
1.422096e+08
1.572144e+08
1.946461e+08
2.780474e+08
4.887257e+08
0
0
0
0
0
0
0
0
0
0
1.425493e+08
1.575721e+08
1.952418e+08
2.792502e+08
4.925786e+08
0
0
0
0
0
0
0
0
0
0
1.42485e+08
1.577086e+08
1.956658e+08
2.802202e+08
4.950686e+08
0
0
0
0
0
0
0
0
0
1.426736e+08
1.579056e+08
1.958852e+08
2.808639e+08
4.968688e+08
0
0
0
0
0
0
0
0
1.427099e+08
1.579521e+08
1.961181e+08
2.812132e+08
4.982755e+08
0
0
0
0
0
0
0
0
0
0
1.413472e+08
1.561524e+08
1.932602e+08
2.751088e+08
4.809054e+08
0
0
0
0
0
0
0
0
0
0
1.41409e+08
1.564393e+08
1.9337e+08
2.755474e+08
4.817542e+08
0
0
0
0
0
0
0
0
0
0
1.415489e+08
1.564177e+08
1.935212e+08
2.755861e+08
4.819212e+08
0
0
0
0
0
0
0
0
0
0
1.415039e+08
1.563788e+08
1.933754e+08
2.754147e+08
4.814076e+08
0
0
0
0
0
0
0
0
0
0
1.413867e+08
1.562882e+08
1.930799e+08
2.749831e+08
4.798083e+08
0
0
0
0
0
0
0
0
0
0
0
0
0
0
0
0
0
0
0
0
1.413105e+08
1.560328e+08
1.926872e+08
2.738101e+08
4.76851e+08
0
0
0
0
0
0
0
0
0
0
0
0
0
0
0
0
0
0
0
0
1.411318e+08
1.557733e+08
1.922467e+08
2.728695e+08
4.739384e+08
0
0
0
0
0
0
0
0
0
0
0
0
0
0
0
0
0
0
0
1.410248e+08
1.555969e+08
1.918655e+08
2.72086e+08
4.717351e+08
0
0
0
0
0
0
0
0
0
0
0
0
0
0
0
0
0
0
1.409671e+08
1.555261e+08
1.916877e+08
2.716272e+08
4.704086e+08
0
0
0
0
0
0
0
0
0
0
0
0
0
0
0
0
0
1.40903e+08
1.555111e+08
1.91683e+08
2.7154e+08
4.703099e+08
0
0
0
0
0
0
0
0
0
0
0
0
0
0
0
0
1.410479e+08
1.556245e+08
1.918088e+08
2.719149e+08
4.709767e+08
0
0
0
0
0
0
0
0
0
0
0
0
0
0
0
1.411477e+08
1.557929e+08
1.922167e+08
2.725903e+08
4.729985e+08
0
0
0
0
0
0
0
0
0
0
0
0
0
0
1.413835e+08
1.560357e+08
1.926884e+08
2.736235e+08
4.760436e+08
0
0
0
0
0
0
0
0
0
0
0
0
0
1.416541e+08
1.564327e+08
1.933127e+08
2.750063e+08
4.799991e+08
0
0
0
0
0
0
0
0
0
0
0
0
1.420129e+08
1.569102e+08
1.940979e+08
2.766242e+08
4.846976e+08
0
0
0
0
0
0
0
0
0
0
1.422351e+08
1.573076e+08
1.948109e+08
2.782491e+08
4.895571e+08
0
0
0
0
0
0
0
0
0
0
1.424955e+08
1.577524e+08
1.954204e+08
2.795372e+08
4.931652e+08
0
0
0
0
0
0
0
0
0
1.425603e+08
1.57739e+08
1.957188e+08
2.804646e+08
4.959431e+08
0
0
0
0
0
0
0
0
1.426363e+08
1.579612e+08
1.960334e+08
2.809698e+08
4.977662e+08
0
0
0
0
0
0
0
1.427393e+08
1.580355e+08
1.961367e+08
2.814246e+08
4.988053e+08
0
0
0
0
0
0
0
0
0
0
1.415296e+08
1.563514e+08
1.933668e+08
2.757237e+08
4.822227e+08
0
0
0
0
0
0
0
0
0
0
1.416633e+08
1.564193e+08
1.937087e+08
2.759503e+08
4.832781e+08
0
0
0
0
0
0
0
0
0
0
1.416302e+08
1.56554e+08
1.936808e+08
2.761611e+08
4.834006e+08
0
0
0
0
0
0
0
0
0
0
1.415147e+08
1.564892e+08
1.935818e+08
2.758279e+08
4.827417e+08
0
0
0
0
0
0
0
0
0
0
1.415014e+08
1.563134e+08
1.933588e+08
2.751534e+08
4.81145e+08
0
0
0
0
0
0
0
0
0
0
0
0
0
0
0
0
0
0
0
0
1.413857e+08
1.561393e+08
1.928838e+08
2.741936e+08
4.778345e+08
0
0
0
0
0
0
0
0
0
0
0
0
0
0
0
0
0
0
0
1.412234e+08
1.558784e+08
1.924124e+08
2.731855e+08
4.749493e+08
0
0
0
0
0
0
0
0
0
0
0
0
0
0
0
0
0
0
1.411116e+08
1.557112e+08
1.920741e+08
2.723565e+08
4.726214e+08
0
0
0
0
0
0
0
0
0
0
0
0
0
0
0
0
0
1.410292e+08
1.556226e+08
1.919157e+08
2.719122e+08
4.712666e+08
0
0
0
0
0
0
0
0
0
0
0
0
0
0
0
0
1.410257e+08
1.555421e+08
1.918741e+08
2.718626e+08
4.709654e+08
0
0
0
0
0
0
0
0
0
0
0
0
0
0
0
1.410481e+08
1.557118e+08
1.920448e+08
2.721189e+08
4.718958e+08
0
0
0
0
0
0
0
0
0
0
0
0
0
0
1.412229e+08
1.558443e+08
1.923331e+08
2.729074e+08
4.737874e+08
0
0
0
0
0
0
0
0
0
0
0
0
0
1.414274e+08
1.561546e+08
1.927663e+08
2.739219e+08
4.767156e+08
0
0
0
0
0
0
0
0
0
0
0
0
1.417344e+08
1.565258e+08
1.934342e+08
2.752702e+08
4.806852e+08
0
0
0
0
0
0
0
0
0
0
0
1.420366e+08
1.57005e+08
1.942319e+08
2.769404e+08
4.853342e+08
0
0
0
0
0
0
0
0
0
0
1.423353e+08
1.573415e+08
1.949452e+08
2.785421e+08
4.901717e+08
0
0
0
0
0
0
0
0
0
1.425464e+08
1.576982e+08
1.956577e+08
2.79849e+08
4.939071e+08
0
0
0
0
0
0
0
0
1.426662e+08
1.57826e+08
1.957817e+08
2.805885e+08
4.965971e+08
0
0
0
0
0
0
0
1.427322e+08
1.579448e+08
1.961162e+08
2.812408e+08
4.981581e+08
0
0
0
0
0
0
1.428498e+08
1.580731e+08
1.962609e+08
2.815097e+08
4.993814e+08
0
0
0
0
0
0
0
0
0
0
1.41657e+08
1.565642e+08
1.936441e+08
2.760358e+08
4.838286e+08
0
0
0
0
0
0
0
0
0
0
1.417309e+08
1.566997e+08
1.937402e+08
2.765536e+08
4.844744e+08
0
0
0
0
0
0
0
0
0
0
1.418307e+08
1.566605e+08
1.938948e+08
2.7651e+08
4.848434e+08
0
0
0
0
0
0
0
0
0
0
1.41678e+08
1.565084e+08
1.937649e+08
2.762385e+08
4.838449e+08
0
0
0
0
0
0
0
0
0
0
1.416271e+08
1.564473e+08
1.934438e+08
2.7565e+08
4.818369e+08
0
0
0
0
0
0
0
0
0
0
0
0
0
0
0
0
0
0
0
1.414868e+08
1.562389e+08
1.930507e+08
2.745662e+08
4.788373e+08
0
0
0
0
0
0
0
0
0
0
0
0
0
0
0
0
0
0
1.413425e+08
1.559908e+08
1.925758e+08
2.735088e+08
4.758238e+08
0
0
0
0
0
0
0
0
0
0
0
0
0
0
0
0
0
1.411411e+08
1.558165e+08
1.922493e+08
2.727266e+08
4.734399e+08
0
0
0
0
0
0
0
0
0
0
0
0
0
0
0
0
1.410724e+08
1.55693e+08
1.920652e+08
2.723201e+08
4.720442e+08
0
0
0
0
0
0
0
0
0
0
0
0
0
0
0
1.41097e+08
1.556809e+08
1.919528e+08
2.722042e+08
4.718214e+08
0
0
0
0
0
0
0
0
0
0
0
0
0
0
1.411152e+08
1.557133e+08
1.921835e+08
2.725258e+08
4.725267e+08
0
0
0
0
0
0
0
0
0
0
0
0
0
1.413313e+08
1.559412e+08
1.924238e+08
2.731465e+08
4.745924e+08
0
0
0
0
0
0
0
0
0
0
0
0
1.414832e+08
1.562185e+08
1.929353e+08
2.741061e+08
4.774866e+08
0
0
0
0
0
0
0
0
0
0
0
1.417736e+08
1.566293e+08
1.935724e+08
2.755142e+08
4.813657e+08
0
0
0
0
0
0
0
0
0
0
1.421245e+08
1.570413e+08
1.943717e+08
2.771947e+08
4.861269e+08
0
0
0
0
0
0
0
0
0
1.423385e+08
1.574671e+08
1.950212e+08
2.787938e+08
4.908978e+08
0
0
0
0
0
0
0
0
1.425596e+08
1.577566e+08
1.956208e+08
2.802403e+08
4.946623e+08
0
0
0
0
0
0
0
1.42669e+08
1.579377e+08
1.958998e+08
2.80743e+08
4.970049e+08
0
0
0
0
0
0
1.427702e+08
1.580568e+08
1.961233e+08
2.814055e+08
4.988341e+08
0
0
0
0
0
1.428908e+08
1.581998e+08
1.963328e+08
2.817293e+08
4.99718e+08
0
0
0
0
0
0
0
0
0
0
1.417897e+08
1.567055e+08
1.939492e+08
2.765483e+08
4.848823e+08
0
0
0
0
0
0
0
0
0
0
1.417945e+08
1.56779e+08
1.941224e+08
2.767301e+08
4.859515e+08
0
0
0
0
0
0
0
0
0
0
1.418616e+08
1.568747e+08
1.94062e+08
2.769286e+08
4.858557e+08
0
0
0
0
0
0
0
0
0
0
1.417331e+08
1.567076e+08
1.938217e+08
2.76612e+08
4.849604e+08
0
0
0
0
0
0
0
0
0
0
1.415658e+08
1.566028e+08
1.936298e+08
2.75889e+08
4.83057e+08
0
0
0
0
0
0
0
0
0
0
0
0
0
0
0
0
0
0
1.41565e+08
1.563548e+08
1.932097e+08
2.748963e+08
4.798018e+08
0
0
0
0
0
0
0
0
0
0
0
0
0
0
0
0
0
1.413676e+08
1.561349e+08
1.927466e+08
2.738319e+08
4.766819e+08
0
0
0
0
0
0
0
0
0
0
0
0
0
0
0
0
1.412009e+08
1.558627e+08
1.924072e+08
2.730609e+08
4.743384e+08
0
0
0
0
0
0
0
0
0
0
0
0
0
0
0
1.411378e+08
1.557554e+08
1.921818e+08
2.726136e+08
4.730361e+08
0
0
0
0
0
0
0
0
0
0
0
0
0
0
1.411367e+08
1.557675e+08
1.92143e+08
2.724098e+08
4.726582e+08
0
0
0
0
0
0
0
0
0
0
0
0
0
1.412294e+08
1.557983e+08
1.922104e+08
2.728018e+08
4.734767e+08
0
0
0
0
0
0
0
0
0
0
0
0
1.414315e+08
1.560643e+08
1.925701e+08
2.733503e+08
4.752503e+08
0
0
0
0
0
0
0
0
0
0
0
1.416167e+08
1.562848e+08
1.930469e+08
2.744118e+08
4.780471e+08
0
0
0
0
0
0
0
0
0
0
1.418978e+08
1.566747e+08
1.937245e+08
2.757749e+08
4.820289e+08
0
0
0
0
0
0
0
0
0
1.421705e+08
1.571442e+08
1.944437e+08
2.774536e+08
4.867879e+08
0
0
0
0
0
0
0
0
1.424692e+08
1.574766e+08
1.951927e+08
2.789846e+08
4.915495e+08
0
0
0
0
0
0
0
1.426334e+08
1.577841e+08
1.95713e+08
2.802593e+08
4.955423e+08
0
0
0
0
0
0
1.42705e+08
1.579598e+08
1.960549e+08
2.809565e+08
4.974882e+08
0
0
0
0
0
1.428953e+08
1.581038e+08
1.962825e+08
2.814682e+08
4.992933e+08
0
0
0
0
1.42898e+08
1.582499e+08
1.964899e+08
2.818963e+08
5.002625e+08
0
0
0
0
0
0
0
0
0
0
1.418233e+08
1.568574e+08
1.941487e+08
2.771005e+08
4.862068e+08
0
0
0
0
0
0
0
0
0
0
1.419076e+08
1.568619e+08
1.942595e+08
2.773858e+08
4.867002e+08
0
0
0
0
0
0
0
0
0
0
1.419433e+08
1.569227e+08
1.943518e+08
2.77267e+08
4.869747e+08
0
0
0
0
0
0
0
0
0
0
1.418614e+08
1.567808e+08
1.940994e+08
2.767891e+08
4.859829e+08
0
0
0
0
0
0
0
0
0
0
1.418232e+08
1.565461e+08
1.93869e+08
2.762321e+08
4.838289e+08
0
0
0
0
0
0
0
0
0
0
0
0
0
0
0
0
0
1.416418e+08
1.564557e+08
1.933811e+08
2.752199e+08
4.806853e+08
0
0
0
0
0
0
0
0
0
0
0
0
0
0
0
0
1.414181e+08
1.56175e+08
1.929532e+08
2.741622e+08
4.775445e+08
0
0
0
0
0
0
0
0
0
0
0
0
0
0
0
1.413429e+08
1.559419e+08
1.924976e+08
2.733635e+08
4.751993e+08
0
0
0
0
0
0
0
0
0
0
0
0
0
0
1.412301e+08
1.558338e+08
1.922946e+08
2.728591e+08
4.738174e+08
0
0
0
0
0
0
0
0
0
0
0
0
0
1.412428e+08
1.558205e+08
1.922752e+08
2.727443e+08
4.732934e+08
0
0
0
0
0
0
0
0
0
0
0
0
1.41279e+08
1.559395e+08
1.923427e+08
2.729141e+08
4.74215e+08
0
0
0
0
0
0
0
0
0
0
0
1.414825e+08
1.561831e+08
1.927441e+08
2.736272e+08
4.758543e+08
0
0
0
0
0
0
0
0
0
0
1.416654e+08
1.564355e+08
1.931468e+08
2.746435e+08
4.788089e+08
0
0
0
0
0
0
0
0
0
1.418858e+08
1.568206e+08
1.938015e+08
2.760498e+08
4.826963e+08
0
0
0
0
0
0
0
0
1.422401e+08
1.572014e+08
1.945895e+08
2.77625e+08
4.874426e+08
0
0
0
0
0
0
0
1.423778e+08
1.576305e+08
1.952212e+08
2.792713e+08
4.921289e+08
0
0
0
0
0
0
1.427004e+08
1.578679e+08
1.9577e+08
2.804398e+08
4.957975e+08
0
0
0
0
0
1.427817e+08
1.579921e+08
1.961067e+08
2.812295e+08
4.980352e+08
0
0
0
0
1.428881e+08
1.582422e+08
1.963546e+08
2.817467e+08
4.995851e+08
0
0
0
1.429895e+08
1.58254e+08
1.96575e+08
2.821486e+08
5.007534e+08
0
0
0
0
0
0
0
0
0
0
1.419384e+08
1.56907e+08
1.943832e+08
2.774823e+08
4.875831e+08
0
0
0
0
0
0
0
0
0
0
1.419358e+08
1.569951e+08
1.944003e+08
2.776924e+08
4.882369e+08
0
0
0
0
0
0
0
0
0
0
1.419678e+08
1.570356e+08
1.944492e+08
2.777732e+08
4.879235e+08
0
0
0
0
0
0
0
0
0
0
1.41879e+08
1.569231e+08
1.942317e+08
2.77273e+08
4.866261e+08
0
0
0
0
0
0
0
0
0
0
1.418693e+08
1.5683e+08
1.938226e+08
2.766732e+08
4.847194e+08
0
0
0
0
0
0
0
0
0
0
0
0
0
0
0
0
1.416953e+08
1.565562e+08
1.935385e+08
2.75543e+08
4.815817e+08
0
0
0
0
0
0
0
0
0
0
0
0
0
0
0
1.414771e+08
1.562423e+08
1.930336e+08
2.745316e+08
4.78417e+08
0
0
0
0
0
0
0
0
0
0
0
0
0
0
1.414337e+08
1.561067e+08
1.926234e+08
2.735765e+08
4.759896e+08
0
0
0
0
0
0
0
0
0
0
0
0
0
1.413206e+08
1.559551e+08
1.924074e+08
2.731056e+08
4.745001e+08
0
0
0
0
0
0
0
0
0
0
0
0
1.412978e+08
1.559478e+08
1.923684e+08
2.729994e+08
4.741217e+08
0
0
0
0
0
0
0
0
0
0
0
1.41351e+08
1.560005e+08
1.925451e+08
2.731681e+08
4.746575e+08
0
0
0
0
0
0
0
0
0
0
1.415549e+08
1.562473e+08
1.929105e+08
2.739324e+08
4.765585e+08
0
0
0
0
0
0
0
0
0
1.417249e+08
1.56497e+08
1.933487e+08
2.748393e+08
4.794371e+08
0
0
0
0
0
0
0
0
1.41996e+08
1.568065e+08
1.940064e+08
2.762237e+08
4.833737e+08
0
0
0
0
0
0
0
1.42288e+08
1.572843e+08
1.946805e+08
2.778853e+08
4.879654e+08
0
0
0
0
0
0
1.42478e+08
1.575337e+08
1.954361e+08
2.793615e+08
4.92795e+08
0
0
0
0
0
1.427379e+08
1.579384e+08
1.958884e+08
2.805783e+08
4.962835e+08
0
0
0
0
1.429339e+08
1.580899e+08
1.96154e+08
2.813534e+08
4.98685e+08
0
0
0
1.429504e+08
1.582285e+08
1.965371e+08
2.818939e+08
5.002432e+08
0
0
1.429457e+08
1.583654e+08
1.965958e+08
2.823206e+08
5.013366e+08
0
0
0
0
0
0
0
0
0
0
1.420502e+08
1.57041e+08
1.944838e+08
2.779356e+08
4.886068e+08
0
0
0
0
0
0
0
0
0
0
1.420086e+08
1.570548e+08
1.945986e+08
2.780001e+08
4.891403e+08
0
0
0
0
0
0
0
0
0
0
1.419656e+08
1.570865e+08
1.946286e+08
2.780096e+08
4.891328e+08
0
0
0
0
0
0
0
0
0
0
1.420447e+08
1.569568e+08
1.944268e+08
2.77563e+08
4.87794e+08
0
0
0
0
0
0
0
0
0
0
1.419042e+08
1.568839e+08
1.941941e+08
2.76687e+08
4.858096e+08
0
0
0
0
0
0
0
0
0
0
0
0
0
0
0
1.417412e+08
1.566235e+08
1.936915e+08
2.758505e+08
4.824096e+08
0
0
0
0
0
0
0
0
0
0
0
0
0
0
1.41585e+08
1.563148e+08
1.931514e+08
2.747257e+08
4.793209e+08
0
0
0
0
0
0
0
0
0
0
0
0
0
1.415074e+08
1.562131e+08
1.928516e+08
2.73828e+08
4.766372e+08
0
0
0
0
0
0
0
0
0
0
0
0
1.414251e+08
1.560513e+08
1.925876e+08
2.733179e+08
4.752058e+08
0
0
0
0
0
0
0
0
0
0
0
1.413486e+08
1.5602e+08
1.925489e+08
2.732035e+08
4.747815e+08
0
0
0
0
0
0
0
0
0
0
1.414687e+08
1.560799e+08
1.92641e+08
2.735236e+08
4.752999e+08
0
0
0
0
0
0
0
0
0
1.41578e+08
1.563393e+08
1.930109e+08
2.742255e+08
4.772837e+08
0
0
0
0
0
0
0
0
1.41733e+08
1.565697e+08
1.934447e+08
2.75178e+08
4.799665e+08
0
0
0
0
0
0
0
1.42018e+08
1.569446e+08
1.940027e+08
2.765727e+08
4.838958e+08
0
0
0
0
0
0
1.423423e+08
1.573442e+08
1.947984e+08
2.780705e+08
4.886035e+08
0
0
0
0
0
1.424936e+08
1.576516e+08
1.953421e+08
2.797212e+08
4.931211e+08
0
0
0
0
1.426354e+08
1.579935e+08
1.959859e+08
2.807919e+08
4.967207e+08
0
0
0
1.428775e+08
1.58266e+08
1.962948e+08
2.814663e+08
4.990758e+08
0
0
1.428836e+08
1.583179e+08
1.965349e+08
2.822022e+08
5.006548e+08
0
1.43071e+08
1.583173e+08
1.96749e+08
2.823921e+08
5.017829e+08
0
0
0
0
0
0
0
0
0
0
1.420412e+08
1.571881e+08
1.9468e+08
2.781804e+08
4.897879e+08
0
0
0
0
0
0
0
0
0
0
1.42128e+08
1.571537e+08
1.947093e+08
2.783714e+08
4.900419e+08
0
0
0
0
0
0
0
0
0
0
1.421509e+08
1.57093e+08
1.947307e+08
2.783618e+08
4.898731e+08
0
0
0
0
0
0
0
0
0
0
1.421186e+08
1.571316e+08
1.944991e+08
2.779135e+08
4.886168e+08
0
0
0
0
0
0
0
0
0
0
1.417821e+08
1.569437e+08
1.94297e+08
2.772898e+08
4.861189e+08
0
0
0
0
0
0
0
0
0
0
0
0
0
0
1.418528e+08
1.566797e+08
1.938046e+08
2.761472e+08
4.832327e+08
0
0
0
0
0
0
0
0
0
0
0
0
0
1.416679e+08
1.564408e+08
1.932654e+08
2.749821e+08
4.799244e+08
0
0
0
0
0
0
0
0
0
0
0
0
1.415487e+08
1.563013e+08
1.930039e+08
2.742171e+08
4.773168e+08
0
0
0
0
0
0
0
0
0
0
0
1.414586e+08
1.561756e+08
1.927264e+08
2.736468e+08
4.757662e+08
0
0
0
0
0
0
0
0
0
0
1.414373e+08
1.560769e+08
1.926622e+08
2.735199e+08
4.753704e+08
0
0
0
0
0
0
0
0
0
1.415109e+08
1.562159e+08
1.927561e+08
2.737211e+08
4.761522e+08
0
0
0
0
0
0
0
0
1.416321e+08
1.563625e+08
1.931469e+08
2.744267e+08
4.779966e+08
0
0
0
0
0
0
0
1.418557e+08
1.565899e+08
1.935542e+08
2.753667e+08
4.80743e+08
0
0
0
0
0
0
1.4206e+08
1.569677e+08
1.941904e+08
2.766183e+08
4.846815e+08
0
0
0
0
0
1.423126e+08
1.574086e+08
1.948906e+08
2.782793e+08
4.891128e+08
0
0
0
0
1.425233e+08
1.576804e+08
1.954916e+08
2.796439e+08
4.939234e+08
0
0
0
1.42814e+08
1.579046e+08
1.960701e+08
2.809667e+08
4.972461e+08
0
0
1.428331e+08
1.582129e+08
1.965264e+08
2.81708e+08
4.994269e+08
0
1.430047e+08
1.582681e+08
1.966715e+08
2.822374e+08
5.01365e+08
1.430247e+08
1.584625e+08
1.967e+08
2.826475e+08
5.020509e+08
0
0
0
0
0
0
0
0
0
0
1.421309e+08
1.571984e+08
1.948935e+08
2.785552e+08
4.905618e+08
0
0
0
0
0
0
0
0
0
0
1.422478e+08
1.572775e+08
1.948721e+08
2.786165e+08
4.909948e+08
0
0
0
0
0
0
0
0
0
0
1.42201e+08
1.573099e+08
1.947779e+08
2.785985e+08
4.90817e+08
0
0
0
0
0
0
0
0
0
0
1.421389e+08
1.572282e+08
1.947446e+08
2.781016e+08
4.894905e+08
0
0
0
0
0
0
0
0
0
0
1.420034e+08
1.56833e+08
1.944072e+08
2.775282e+08
4.874459e+08
0
0
0
0
0
0
0
0
0
0
0
0
0
1.419152e+08
1.568114e+08
1.938968e+08
2.76387e+08
4.840209e+08
0
0
0
0
0
0
0
0
0
0
0
0
1.41753e+08
1.565433e+08
1.934408e+08
2.752102e+08
4.806522e+08
0
0
0
0
0
0
0
0
0
0
0
1.41584e+08
1.563583e+08
1.931377e+08
2.744964e+08
4.782174e+08
0
0
0
0
0
0
0
0
0
0
1.415647e+08
1.562207e+08
1.929024e+08
2.739076e+08
4.765776e+08
0
0
0
0
0
0
0
0
0
1.415066e+08
1.561816e+08
1.927524e+08
2.737457e+08
4.761201e+08
0
0
0
0
0
0
0
0
1.415361e+08
1.562732e+08
1.929418e+08
2.739352e+08
4.766999e+08
0
0
0
0
0
0
0
1.416904e+08
1.564362e+08
1.931934e+08
2.74673e+08
4.78542e+08
0
0
0
0
0
0
1.418819e+08
1.567215e+08
1.936024e+08
2.75572e+08
4.812444e+08
0
0
0
0
0
1.421151e+08
1.570223e+08
1.942367e+08
2.769242e+08
4.849452e+08
0
0
0
0
1.424027e+08
1.573889e+08
1.949851e+08
2.784588e+08
4.89618e+08
0
0
0
1.425185e+08
1.577017e+08
1.955518e+08
2.798892e+08
4.93957e+08
0
0
1.428128e+08
1.580887e+08
1.95987e+08
2.811281e+08
4.976811e+08
0
1.429936e+08
1.581704e+08
1.964732e+08
2.820839e+08
4.999788e+08
1.429701e+08
1.583694e+08
1.966228e+08
2.824827e+08
5.015468e+08
1.584126e+08
1.968897e+08
2.826097e+08
5.026265e+08
0
0
0
0
0
0
0
0
0
0
1.422167e+08
1.572954e+08
1.949503e+08
2.789423e+08
4.915415e+08
0
0
0
0
0
0
0
0
0
0
1.423504e+08
1.574199e+08
1.950497e+08
2.789483e+08
4.9172e+08
0
0
0
0
0
0
0
0
0
0
1.422338e+08
1.57354e+08
1.950623e+08
2.787609e+08
4.91526e+08
0
0
0
0
0
0
0
0
0
0
1.422274e+08
1.572587e+08
1.948919e+08
2.785341e+08
4.901267e+08
0
0
0
0
0
0
0
0
0
0
1.420064e+08
1.570678e+08
1.942961e+08
2.777638e+08
4.881516e+08
0
0
0
0
0
0
0
0
0
0
0
0
1.419821e+08
1.568883e+08
1.94087e+08
2.765827e+08
4.846994e+08
0
0
0
0
0
0
0
0
0
0
0
1.417775e+08
1.566412e+08
1.935907e+08
2.75517e+08
4.812734e+08
0
0
0
0
0
0
0
0
0
0
1.416616e+08
1.563961e+08
1.932356e+08
2.747577e+08
4.78922e+08
0
0
0
0
0
0
0
0
0
1.415528e+08
1.563424e+08
1.929805e+08
2.742149e+08
4.772507e+08
0
0
0
0
0
0
0
0
1.415338e+08
1.562713e+08
1.928993e+08
2.739294e+08
4.767336e+08
0
0
0
0
0
0
0
1.416026e+08
1.563092e+08
1.930346e+08
2.742514e+08
4.772434e+08
0
0
0
0
0
0
1.417116e+08
1.564964e+08
1.933041e+08
2.747926e+08
4.791456e+08
0
0
0
0
0
1.419032e+08
1.5676e+08
1.937735e+08
2.756977e+08
4.817639e+08
0
0
0
0
1.421395e+08
1.570893e+08
1.943188e+08
2.770393e+08
4.856177e+08
0
0
0
1.424169e+08
1.574851e+08
1.949855e+08
2.786355e+08
4.900928e+08
0
0
1.426219e+08
1.577163e+08
1.955918e+08
2.800212e+08
4.945272e+08
0
1.42815e+08
1.580883e+08
1.962195e+08
2.810628e+08
4.981102e+08
1.429696e+08
1.583401e+08
1.964364e+08
2.82038e+08
5.008067e+08
1.583444e+08
1.96746e+08
2.824303e+08
5.021382e+08
1.968415e+08
2.829114e+08
5.026701e+08
0
0
0
0
0
0
0
0
0
0
1.423624e+08
1.574074e+08
1.950921e+08
2.791186e+08
4.92512e+08
0
0
0
0
0
0
0
0
0
0
1.423004e+08
1.575408e+08
1.952435e+08
2.792824e+08
4.926291e+08
0
0
0
0
0
0
0
0
0
0
1.424142e+08
1.574043e+08
1.951425e+08
2.792292e+08
4.921205e+08
0
0
0
0
0
0
0
0
0
0
1.422296e+08
1.573629e+08
1.949581e+08
2.788172e+08
4.911529e+08
0
0
0
0
0
0
0
0
0
0
1.42172e+08
1.570798e+08
1.946097e+08
2.776725e+08
4.888225e+08
0
0
0
0
0
0
0
0
0
0
0
1.42067e+08
1.569678e+08
1.942042e+08
2.769254e+08
4.852641e+08
0
0
0
0
0
0
0
0
0
0
1.418612e+08
1.566734e+08
1.937343e+08
2.757969e+08
4.820141e+08
0
0
0
0
0
0
0
0
0
1.417198e+08
1.5649e+08
1.933e+08
2.749597e+08
4.796088e+08
0
0
0
0
0
0
0
0
1.416136e+08
1.563351e+08
1.931481e+08
2.743861e+08
4.779749e+08
0
0
0
0
0
0
0
1.416291e+08
1.562997e+08
1.930298e+08
2.741893e+08
4.772317e+08
0
0
0
0
0
0
1.415994e+08
1.563865e+08
1.930981e+08
2.74433e+08
4.779752e+08
0
0
0
0
0
1.417625e+08
1.565378e+08
1.933887e+08
2.749991e+08
4.795204e+08
0
0
0
0
1.419052e+08
1.567992e+08
1.93839e+08
2.759746e+08
4.821682e+08
0
0
0
1.421538e+08
1.571209e+08
1.944199e+08
2.771984e+08
4.859727e+08
0
0
1.424638e+08
1.575055e+08
1.951102e+08
2.786937e+08
4.905456e+08
0
1.426538e+08
1.578359e+08
1.956232e+08
2.801247e+08
4.948957e+08
1.42877e+08
1.580974e+08
1.96231e+08
2.814247e+08
4.981519e+08
1.583036e+08
1.966517e+08
2.82018e+08
5.008337e+08
1.967313e+08
2.826401e+08
5.021246e+08
2.828763e+08
5.033101e+08
0
0
0
0
0
0
0
0
0
0
1.423582e+08
1.575708e+08
1.952567e+08
2.793926e+08
4.931411e+08
0
0
0
0
0
0
0
0
0
0
1.424593e+08
1.575005e+08
1.954227e+08
2.796206e+08
4.934915e+08
0
0
0
0
0
0
0
0
0
0
1.423728e+08
1.576023e+08
1.952353e+08
2.794202e+08
4.931973e+08
0
0
0
0
0
0
0
0
0
0
1.422783e+08
1.57388e+08
1.951112e+08
2.789857e+08
4.919041e+08
0
0
0
0
0
0
0
0
0
0
1.422532e+08
1.57265e+08
1.946447e+08
2.781931e+08
4.889093e+08
0
0
0
0
0
0
0
0
0
0
1.421012e+08
1.570724e+08
1.943263e+08
2.771546e+08
4.861011e+08
0
0
0
0
0
0
0
0
0
1.419015e+08
1.567673e+08
1.937983e+08
2.760604e+08
4.827327e+08
0
0
0
0
0
0
0
0
1.418258e+08
1.565599e+08
1.934371e+08
2.75111e+08
4.80167e+08
0
0
0
0
0
0
0
1.416812e+08
1.564157e+08
1.931617e+08
2.74676e+08
4.784753e+08
0
0
0
0
0
0
1.416407e+08
1.564079e+08
1.930833e+08
2.74428e+08
4.778605e+08
0
0
0
0
0
1.416935e+08
1.563883e+08
1.932075e+08
2.745731e+08
4.784478e+08
0
0
0
0
1.418127e+08
1.566035e+08
1.934658e+08
2.751541e+08
4.800524e+08
0
0
0
1.419873e+08
1.56799e+08
1.939114e+08
2.761146e+08
4.82769e+08
0
0
1.422075e+08
1.571383e+08
1.944733e+08
2.773858e+08
4.863992e+08
0
1.425254e+08
1.575622e+08
1.951497e+08
2.788954e+08
4.908278e+08
1.426359e+08
1.578526e+08
1.957805e+08
2.802045e+08
4.952211e+08
1.581653e+08
1.962555e+08
2.81476e+08
4.989026e+08
1.966112e+08
2.823504e+08
5.0091e+08
2.826522e+08
5.026042e+08
5.033453e+08
0
0
0
0
0
0
0
0
0
0
1.425075e+08
1.575721e+08
1.954823e+08
2.797046e+08
4.938744e+08
0
0
0
0
0
0
0
0
0
0
1.425166e+08
1.576836e+08
1.954043e+08
2.79957e+08
4.943402e+08
0
0
0
0
0
0
0
0
0
0
1.424001e+08
1.575835e+08
1.955e+08
2.796281e+08
4.93784e+08
0
0
0
0
0
0
0
0
0
0
1.424036e+08
1.574546e+08
1.95172e+08
2.792744e+08
4.924483e+08
0
0
0
0
0
0
0
0
0
0
1.42276e+08
1.573627e+08
1.949035e+08
2.783053e+08
4.900574e+08
0
0
0
0
0
0
0
0
0
1.421382e+08
1.57118e+08
1.94478e+08
2.773928e+08
4.867186e+08
0
0
0
0
0
0
0
0
1.41937e+08
1.568303e+08
1.93932e+08
2.762181e+08
4.833858e+08
0
0
0
0
0
0
0
1.418353e+08
1.56697e+08
1.935429e+08
2.753598e+08
4.806258e+08
0
0
0
0
0
0
1.417417e+08
1.564959e+08
1.932828e+08
2.747524e+08
4.791511e+08
0
0
0
0
0
1.41711e+08
1.564313e+08
1.932292e+08
2.745546e+08
4.784508e+08
0
0
0
0
1.417161e+08
1.564968e+08
1.932256e+08
2.747702e+08
4.788608e+08
0
0
0
1.418205e+08
1.566571e+08
1.93562e+08
2.753181e+08
4.80441e+08
0
0
1.420188e+08
1.56896e+08
1.939199e+08
2.762655e+08
4.83172e+08
0
1.422463e+08
1.572019e+08
1.945063e+08
2.775003e+08
4.868647e+08
1.425441e+08
1.57633e+08
1.952317e+08
2.789906e+08
4.912746e+08
1.578512e+08
1.958041e+08
2.804579e+08
4.954978e+08
1.963471e+08
2.815412e+08
4.991089e+08
2.823251e+08
5.015853e+08
5.027283e+08
0
0
0
0
0
0
0
0
0
0
1.425327e+08
1.577468e+08
1.955126e+08
2.801033e+08
4.947056e+08
0
0
0
0
0
0
0
0
0
0
1.425094e+08
1.577646e+08
1.956571e+08
2.800063e+08
4.951994e+08
0
0
0
0
0
0
0
0
0
0
1.424793e+08
1.576388e+08
1.955061e+08
2.800757e+08
4.944029e+08
0
0
0
0
0
0
0
0
0
0
1.425079e+08
1.575908e+08
1.952814e+08
2.794317e+08
4.931933e+08
0
0
0
0
0
0
0
0
0
1.423122e+08
1.573901e+08
1.950386e+08
2.787525e+08
4.904712e+08
0
0
0
0
0
0
0
0
1.422228e+08
1.571649e+08
1.945582e+08
2.776659e+08
4.873448e+08
0
0
0
0
0
0
0
1.42011e+08
1.568777e+08
1.940337e+08
2.764616e+08
4.838763e+08
0
0
0
0
0
0
1.418728e+08
1.56704e+08
1.93731e+08
2.755634e+08
4.81239e+08
0
0
0
0
0
1.417967e+08
1.565737e+08
1.933954e+08
2.749758e+08
4.79466e+08
0
0
0
0
1.417715e+08
1.565127e+08
1.932779e+08
2.74797e+08
4.788383e+08
0
0
0
1.417542e+08
1.565349e+08
1.93373e+08
2.7484e+08
4.793457e+08
0
0
1.41872e+08
1.566708e+08
1.936361e+08
2.754903e+08
4.808895e+08
0
1.420537e+08
1.569315e+08
1.94052e+08
2.763093e+08
4.835795e+08
1.42281e+08
1.572521e+08
1.945969e+08
2.775815e+08
4.871953e+08
1.5766e+08
1.953249e+08
2.79138e+08
4.915719e+08
1.958155e+08
2.805143e+08
4.960457e+08
2.817026e+08
4.993217e+08
5.016509e+08
0
0
0
0
0
0
0
0
0
0
1.426064e+08
1.577921e+08
1.957538e+08
2.80222e+08
4.956693e+08
0
0
0
0
0
0
0
0
0
0
1.426271e+08
1.577674e+08
1.957829e+08
2.804406e+08
4.955414e+08
0
0
0
0
0
0
0
0
0
0
1.426682e+08
1.577138e+08
1.956128e+08
2.80155e+08
4.95433e+08
0
0
0
0
0
0
0
0
0
1.42522e+08
1.577221e+08
1.95469e+08
2.796548e+08
4.937124e+08
0
0
0
0
0
0
0
0
1.424212e+08
1.574588e+08
1.951004e+08
2.789895e+08
4.915092e+08
0
0
0
0
0
0
0
1.423018e+08
1.57269e+08
1.946356e+08
2.77845e+08
4.880165e+08
0
0
0
0
0
0
1.420724e+08
1.569637e+08
1.941135e+08
2.766607e+08
4.844767e+08
0
0
0
0
0
1.419112e+08
1.567479e+08
1.937582e+08
2.75872e+08
4.817685e+08
0
0
0
0
1.417646e+08
1.566299e+08
1.935086e+08
2.751743e+08
4.800197e+08
0
0
0
1.417538e+08
1.565849e+08
1.933927e+08
2.749115e+08
4.793818e+08
0
0
1.41869e+08
1.565732e+08
1.934381e+08
2.750836e+08
4.796147e+08
0
1.418878e+08
1.567325e+08
1.936694e+08
2.756255e+08
4.813148e+08
1.420654e+08
1.56977e+08
1.941064e+08
2.765272e+08
4.837661e+08
1.572962e+08
1.946709e+08
2.777435e+08
4.874513e+08
1.95376e+08
2.792892e+08
4.919345e+08
2.805598e+08
4.962219e+08
4.997129e+08
0
0
0
0
0
0
0
0
0
0
1.426063e+08
1.578776e+08
1.958408e+08
2.806378e+08
4.961303e+08
0
0
0
0
0
0
0
0
0
0
1.426972e+08
1.579023e+08
1.958152e+08
2.806906e+08
4.965458e+08
0
0
0
0
0
0
0
0
0
1.426589e+08
1.579174e+08
1.957168e+08
2.803864e+08
4.958205e+08
0
0
0
0
0
0
0
0
1.425803e+08
1.577317e+08
1.956521e+08
2.799851e+08
4.94326e+08
0
0
0
0
0
0
0
1.424779e+08
1.57579e+08
1.952188e+08
2.791467e+08
4.92096e+08
0
0
0
0
0
0
1.422994e+08
1.573602e+08
1.947817e+08
2.780061e+08
4.885459e+08
0
0
0
0
0
1.421238e+08
1.570334e+08
1.942333e+08
2.768275e+08
4.85014e+08
0
0
0
0
1.419746e+08
1.568074e+08
1.938241e+08
2.75963e+08
4.824571e+08
0
0
0
1.418523e+08
1.566073e+08
1.935914e+08
2.753757e+08
4.805057e+08
0
0
1.418292e+08
1.56575e+08
1.93494e+08
2.751134e+08
4.797264e+08
0
1.418466e+08
1.567019e+08
1.93496e+08
2.752179e+08
4.801527e+08
1.41925e+08
1.567474e+08
1.937583e+08
2.757135e+08
4.816553e+08
1.569918e+08
1.941734e+08
2.766388e+08
4.842498e+08
1.947357e+08
2.778752e+08
4.878479e+08
2.794063e+08
4.922696e+08
4.964082e+08
0
0
0
0
0
0
0
0
0
0
1.427191e+08
1.578872e+08
1.959729e+08
2.808343e+08
4.971035e+08
0
0
0
0
0
0
0
0
0
1.426951e+08
1.57985e+08
1.960015e+08
2.808041e+08
4.972316e+08
0
0
0
0
0
0
0
0
1.426785e+08
1.579114e+08
1.959774e+08
2.805806e+08
4.964755e+08
0
0
0
0
0
0
0
1.426443e+08
1.578039e+08
1.956877e+08
2.802978e+08
4.95114e+08
0
0
0
0
0
0
1.425125e+08
1.576401e+08
1.953688e+08
2.793773e+08
4.925723e+08
0
0
0
0
0
1.423497e+08
1.57365e+08
1.94918e+08
2.782601e+08
4.889944e+08
0
0
0
0
1.421286e+08
1.570959e+08
1.943338e+08
2.770359e+08
4.854796e+08
0
0
0
1.420048e+08
1.568758e+08
1.939217e+08
2.760957e+08
4.827745e+08
0
0
1.41866e+08
1.567017e+08
1.935827e+08
2.755348e+08
4.809845e+08
0
1.418759e+08
1.566582e+08
1.934983e+08
2.752909e+08
4.802002e+08
1.418246e+08
1.566821e+08
1.936613e+08
2.753321e+08
4.805212e+08
1.568083e+08
1.937847e+08
2.758727e+08
4.819375e+08
1.942042e+08
2.767586e+08
4.845615e+08
2.779963e+08
4.881639e+08
4.926169e+08
0
0
0
0
0
0
0
0
0
1.426705e+08
1.580266e+08
1.960078e+08
2.810934e+08
4.976947e+08
0
0
0
0
0
0
0
0
1.42796e+08
1.579809e+08
1.961185e+08
2.811288e+08
4.976458e+08
0
0
0
0
0
0
0
1.42694e+08
1.57949e+08
1.959936e+08
2.810007e+08
4.969723e+08
0
0
0
0
0
0
1.426885e+08
1.578709e+08
1.957884e+08
2.804127e+08
4.958466e+08
0
0
0
0
0
1.425058e+08
1.576914e+08
1.954595e+08
2.796143e+08
4.931776e+08
0
0
0
0
1.423592e+08
1.574217e+08
1.949413e+08
2.785122e+08
4.896015e+08
0
0
0
1.422039e+08
1.571037e+08
1.94424e+08
2.772201e+08
4.859752e+08
0
0
1.420355e+08
1.569175e+08
1.940116e+08
2.762847e+08
4.831427e+08
0
1.418839e+08
1.567189e+08
1.937051e+08
2.755658e+08
4.814e+08
1.41836e+08
1.567125e+08
1.936097e+08
2.753375e+08
4.806312e+08
1.566597e+08
1.936471e+08
2.755889e+08
4.808237e+08
1.938797e+08
2.759377e+08
4.823183e+08
2.768427e+08
4.848544e+08
4.884788e+08
0
0
0
0
0
0
0
0
1.428148e+08
1.57969e+08
1.962012e+08
2.812002e+08
4.983782e+08
0
0
0
0
0
0
0
1.428513e+08
1.581032e+08
1.961374e+08
2.813429e+08
4.984347e+08
0
0
0
0
0
0
1.42721e+08
1.579842e+08
1.960694e+08
2.810839e+08
4.979027e+08
0
0
0
0
0
1.427544e+08
1.579366e+08
1.958876e+08
2.805929e+08
4.962434e+08
0
0
0
0
1.425758e+08
1.576927e+08
1.95538e+08
2.797923e+08
4.937123e+08
0
0
0
1.424627e+08
1.574407e+08
1.950152e+08
2.785908e+08
4.902226e+08
0
0
1.42209e+08
1.571961e+08
1.944489e+08
2.77385e+08
4.864321e+08
0
1.420798e+08
1.569511e+08
1.940765e+08
2.764337e+08
4.836315e+08
1.418802e+08
1.567477e+08
1.937388e+08
2.7576e+08
4.815914e+08
1.566797e+08
1.936831e+08
2.755214e+08
4.808361e+08
1.936341e+08
2.755953e+08
4.813516e+08
2.761116e+08
4.825228e+08
4.851345e+08
0
0
0
0
0
0
0
1.428887e+08
1.581379e+08
1.961492e+08
2.815301e+08
4.987658e+08
0
0
0
0
0
0
1.428005e+08
1.581698e+08
1.963069e+08
2.814276e+08
4.989763e+08
0
0
0
0
0
1.428868e+08
1.580273e+08
1.96132e+08
2.812494e+08
4.98238e+08
0
0
0
0
1.427976e+08
1.580182e+08
1.959886e+08
2.807821e+08
4.967084e+08
0
0
0
1.425795e+08
1.577641e+08
1.955639e+08
2.799509e+08
4.941832e+08
0
0
1.424881e+08
1.575569e+08
1.950616e+08
2.787214e+08
4.905082e+08
0
1.422616e+08
1.572024e+08
1.945773e+08
2.77463e+08
4.868517e+08
1.420877e+08
1.570057e+08
1.941308e+08
2.765592e+08
4.839765e+08
1.5675e+08
1.937892e+08
2.758467e+08
4.820028e+08
1.936664e+08
2.756472e+08
4.812486e+08
2.756181e+08
4.814551e+08
4.829559e+08
0
0
0
0
0
0
1.428998e+08
1.582326e+08
1.963701e+08
2.815158e+08
4.995384e+08
0
0
0
0
0
1.429381e+08
1.581274e+08
1.964093e+08
2.817201e+08
4.99311e+08
0
0
0
0
1.429087e+08
1.582058e+08
1.962013e+08
2.813825e+08
4.987079e+08
0
0
0
1.428002e+08
1.580619e+08
1.961055e+08
2.809724e+08
4.971969e+08
0
0
1.426807e+08
1.577721e+08
1.956559e+08
2.800322e+08
4.94619e+08
0
1.425016e+08
1.575856e+08
1.952101e+08
2.788337e+08
4.908522e+08
1.422569e+08
1.57269e+08
1.945942e+08
2.776768e+08
4.871225e+08
1.570193e+08
1.942061e+08
2.766735e+08
4.843054e+08
1.938051e+08
2.759477e+08
4.82285e+08
2.756712e+08
4.815492e+08
4.81626e+08
0
0
0
0
0
1.429487e+08
1.582491e+08
1.965112e+08
2.818683e+08
4.997097e+08
0
0
0
0
1.42969e+08
1.582767e+08
1.963767e+08
2.819163e+08
5.000045e+08
0
0
0
1.429222e+08
1.582248e+08
1.964332e+08
2.815222e+08
4.990932e+08
0
0
1.428665e+08
1.580699e+08
1.961653e+08
2.811794e+08
4.976935e+08
0
1.426677e+08
1.578778e+08
1.956888e+08
2.801962e+08
4.949034e+08
1.425268e+08
1.576086e+08
1.95255e+08
2.790659e+08
4.911813e+08
1.572691e+08
1.946897e+08
2.777312e+08
4.87599e+08
1.94239e+08
2.768029e+08
4.846267e+08
2.760073e+08
4.825521e+08
4.817274e+08
0
0
0
0
1.430561e+08
1.58306e+08
1.96547e+08
2.821244e+08
5.004793e+08
0
0
0
1.430136e+08
1.583165e+08
1.965723e+08
2.819172e+08
5.005031e+08
0
0
1.429686e+08
1.582475e+08
1.964691e+08
2.818955e+08
4.994916e+08
0
1.429462e+08
1.581468e+08
1.961964e+08
2.812942e+08
4.981917e+08
1.427205e+08
1.578748e+08
1.958185e+08
2.802864e+08
4.953121e+08
1.576454e+08
1.952988e+08
2.791595e+08
4.916703e+08
1.947065e+08
2.778967e+08
4.877991e+08
2.768883e+08
4.849318e+08
4.827796e+08
0
0
0
1.430166e+08
1.584206e+08
1.966379e+08
2.822117e+08
5.011037e+08
0
0
1.42978e+08
1.583852e+08
1.966376e+08
2.822378e+08
5.006763e+08
0
1.429731e+08
1.583016e+08
1.965168e+08
2.819874e+08
5.00291e+08
1.42871e+08
1.582316e+08
1.962994e+08
2.81388e+08
4.985146e+08
1.57944e+08
1.958237e+08
2.804866e+08
4.95594e+08
1.953627e+08
2.792584e+08
4.91936e+08
2.779631e+08
4.881872e+08
4.851994e+08
0
0
1.430107e+08
1.5839e+08
1.967905e+08
2.824017e+08
5.0138e+08
0
1.430786e+08
1.583283e+08
1.967375e+08
2.823684e+08
5.013819e+08
1.429595e+08
1.583201e+08
1.965925e+08
2.820992e+08
5.005888e+08
1.581632e+08
1.964143e+08
2.815557e+08
4.98821e+08
1.959316e+08
2.805302e+08
4.960288e+08
2.793915e+08
4.92229e+08
4.884371e+08
0
1.431082e+08
1.583933e+08
1.967716e+08
2.826542e+08
5.019032e+08
1.431133e+08
1.584487e+08
1.966757e+08
2.825447e+08
5.017352e+08
1.583068e+08
1.966287e+08
2.82229e+08
5.009117e+08
1.963478e+08
2.817517e+08
4.991959e+08
2.807231e+08
4.962228e+08
4.925949e+08
1.431432e+08
1.584983e+08
1.967823e+08
2.82666e+08
5.024682e+08
1.584891e+08
1.968394e+08
2.824932e+08
5.021691e+08
1.966268e+08
2.823099e+08
5.012257e+08
2.816977e+08
4.99645e+08
4.966786e+08
1.585653e+08
1.96924e+08
2.827076e+08
5.02609e+08
1.969004e+08
2.827582e+08
5.021839e+08
2.823477e+08
5.014769e+08
4.996761e+08
1.970281e+08
2.829423e+08
5.027953e+08
2.828797e+08
5.027684e+08
5.016749e+08
2.831313e+08
5.033144e+08
5.031033e+08
5.037931e+08
)
;

boundaryField
{
    airInlet
    {
        type            calculated;
        value           uniform 0;
    }
    airOutlet
    {
        type            calculated;
        value           uniform 0;
    }
    cathodeSides
    {
        type            calculated;
        value           uniform 0;
    }
    air_to_interconnect
    {
        type            calculated;
        value           uniform 0;
    }
    air_to_electrolyte
    {
        type            calculated;
        value           uniform 0;
    }
}


// ************************************************************************* //
