/*--------------------------------*- C++ -*----------------------------------*\
| =========                 |                                                 |
| \\      /  F ield         | OpenFOAM: The Open Source CFD Toolbox           |
|  \\    /   O peration     | Version:  2312                                  |
|   \\  /    A nd           | Website:  www.openfoam.com                      |
|    \\/     M anipulation  |                                                 |
\*---------------------------------------------------------------------------*/
FoamFile
{
    version     2.0;
    format      ascii;
    arch        "LSB;label=32;scalar=64";
    class       volScalarField;
    location    "30/fuel";
    object      j;
}
// * * * * * * * * * * * * * * * * * * * * * * * * * * * * * * * * * * * * * //

dimensions      [0 -3 0 0 0 1 0];

internalField   nonuniform List<scalar> 
16000
(
1625621
1705932
1940658
1182376
1830731
2019052
1246889
2300286
1433772
909691.8
2008604
2140318
1345167
2374388
1493956
964550.4
2630935
1709564
1121173
750898.7
2247373
2313438
1482308
2489357
1585919
1046313
2703650
1764950
1169733
799539
2902954
1958076
1342772
936986.6
673191.6
2528664
2550423
1662364
2655695
1715724
1157618
2813326
1850196
1242912
870777.5
2975238
2011752
1386055
978251.9
717344.8
3077306
2160834
1537665
1124941
842546.7
0
2808970
2832462
1870314
2882764
1891253
1299947
2972557
1972869
1344794
965775.8
3084231
2092197
1452053
1039735
781602.6
3149889
2213892
1578965
1160768
879512.9
0
3127113
2290819
1694991
1286992
1011844
0
0
3038311
3111631
2074720
3154116
2097701
1460404
3191022
2139202
1480504
1084567
3239669
2208668
1546380
1124335
866639.6
3260503
2293484
1640402
1214958
934363.1
0
3201872
2344020
1735520
1320729
1043694
0
0
3109624
2328913
1795739
1416659
1157085
0
0
0
3196173
3339099
2240701
3421259
2300365
1615558
3452908
2336678
1637788
1215705
3454484
2367884
1673176
1235546
972072.4
3419072
2406797
1729018
1291930
1009511
0
3315326
2424703
1795948
1370584
1091711
0
0
3185840
2383746
1836292
1449562
1186967
0
0
0
3059773
2317237
1825949
1499680
1273145
0
0
0
0
3275356
3495298
2354457
3642496
2464742
1740370
3712970
2530185
1790643
1340811
3712524
2557984
1822458
1362756
1087511
3635960
2563038
1849566
1394584
1107789
0
3476985
2540220
1881768
1442237
1159745
0
0
3301562
2466573
1897440
1498346
1230996
0
0
0
3134430
2373223
1867768
1532544
1302244
0
0
0
0
2999164
2281422
1817886
1525176
1347699
0
0
0
0
0
3275356
3573921
2411410
3794932
2577303
1825449
3927638
2689969
1913915
1440651
3966507
2746236
1967910
1485343
1197336
3894763
2750203
1992747
1514513
1219627
0
3698165
2697940
1999721
1539257
1250179
0
0
3466310
2584457
1984823
1567464
1294177
0
0
0
3249655
2457840
1930589
1581835
1345278
0
0
0
0
3077759
2336360
1860653
1559081
1376761
0
0
0
0
0
2932596
2237347
1791101
1519397
1371194
0
0
0
0
0
0
3196173
3573921
2411410
3870806
2633884
1867944
4077114
2799865
1998037
1508383
4177109
2901314
2087582
1583722
1284811
4151190
2934069
2134058
1630818
1327199
0
3963569
2885722
2140500
1653921
1355486
0
0
3692118
2745472
2103827
1662158
1379541
0
0
0
3417467
2578163
2019847
1652139
1406179
0
0
0
0
3198773
2420762
1924942
1609757
1420243
0
0
0
0
0
3011241
2295300
1833151
1554121
1401196
0
0
0
0
0
0
2861707
2188525
1757718
1498197
1366848
0
0
0
0
0
0
0
3038311
3495298
2354457
3870806
2633884
1867944
4152974
2854511
2040250
1542141
4323419
3009176
2169705
1650651
1344068
4363071
3086342
2250183
1726218
1413423
0
4224759
3071531
2278477
1766784
1457539
0
0
3962499
2938290
2245085
1774772
1480199
0
0
0
3649095
2742800
2141466
1747638
1489482
0
0
0
0
3370196
2543546
2016199
1681635
1482204
0
0
0
0
0
3132086
2384124
1897404
1606063
1445932
0
0
0
0
0
0
2939116
2246629
1802178
1532400
1397600
0
0
0
0
0
0
0
2794059
2136133
1720401
1471415
1348689
0
0
0
0
0
0
0
0
2808970
3339099
2240701
3794932
2577303
1825449
4152974
2854511
2040250
1542141
4397156
3063887
2210492
1684184
1373581
4509785
3192041
2330841
1791557
1472028
0
4440710
3224904
2392578
1859346
1541195
0
0
4228136
3127807
2384634
1884949
1579266
0
0
0
3923871
2939526
2286702
1860657
1588371
0
0
0
0
3604595
2712720
2140760
1779334
1566255
0
0
0
0
0
3302595
2509746
1990715
1679664
1509333
0
0
0
0
0
0
3057748
2335490
1869950
1584407
1443499
0
0
0
0
0
0
0
2871081
2193431
1765078
1507651
1379010
0
0
0
0
0
0
0
0
2726892
2085686
1680019
1441201
1325438
0
0
0
0
0
0
0
0
0
2528664
3111631
2074720
3642496
2464742
1740370
4077114
2799865
1998037
1508383
4397156
3063887
2210492
1684184
1373581
4583966
3245288
2371726
1823972
1501375
0
4590356
3331036
2471701
1923561
1598459
0
0
4446920
3284353
2499685
1975956
1660491
0
0
0
4191644
3132550
2429236
1972178
1685137
0
0
0
0
3880323
2912947
2289180
1895683
1665572
0
0
0
0
0
3534820
2681193
2118957
1779881
1595399
0
0
0
0
0
0
3229565
2460661
1965587
1659803
1508484
0
0
0
0
0
0
0
2988407
2280813
1833021
1562616
1425011
0
0
0
0
0
0
0
0
2804030
2142815
1724169
1477685
1357590
0
0
0
0
0
0
0
0
0
2671787
2035087
1640732
1408237
1299003
0
0
0
0
0
0
0
0
0
0
2247373
2832462
1870314
3421259
2300365
1615558
3927638
2689970
1913915
1440651
4323419
3009176
2169705
1650651
1344068
4583966
3245288
2371726
1823972
1501375
0
4666051
3384679
2511540
1956092
1626858
0
0
4598146
3392766
2579238
2039011
1716825
0
0
0
4411404
3291372
2546846
2064036
1765064
0
0
0
0
4147565
3107786
2434580
2009740
1763600
0
0
0
0
0
3809544
2882382
2270275
1898965
1697750
0
0
0
0
0
0
3461976
2630769
2095764
1763164
1596857
0
0
0
0
0
0
0
3157640
2407165
1928504
1640016
1491647
0
0
0
0
0
0
0
0
2922139
2229377
1791116
1532891
1406256
0
0
0
0
0
0
0
0
0
2748358
2092385
1684859
1444359
1331403
0
0
0
0
0
0
0
0
0
0
2629598
1992730
1600884
1375862
1269987
0
0
0
0
0
0
0
0
0
0
2008604
2550423
1662364
3154116
2097701
1460404
3712970
2530185
1790643
1340811
4177109
2901314
2087582
1583722
1284811
4509785
3192041
2330841
1791557
1472028
0
4666051
3384679
2511540
1956093
1626858
0
0
4674550
3447587
2619429
2070747
1745358
0
0
0
4563080
3401083
2628235
2127514
1820432
0
0
0
0
4366382
3267527
2554079
2103774
1844346
0
0
0
0
0
4076783
3077064
2417259
2015484
1798103
0
0
0
0
0
0
3735898
2831488
2248034
1884765
1701724
0
0
0
0
0
0
0
3389018
2577664
2057881
1745093
1582887
0
0
0
0
0
0
0
0
3091723
2354009
1887692
1610305
1474723
0
0
0
0
0
0
0
0
0
2865371
2179666
1751301
1498854
1380326
0
0
0
0
0
0
0
0
0
0
2705751
2049691
1645214
1412039
1302092
0
0
0
0
0
0
0
0
0
0
2604867
1958931
1566771
1342697
1241336
0
0
0
0
0
0
0
0
0
0
1830731
2313438
1482308
2882764
1891253
1299947
3452908
2336678
1637788
1215705
3966507
2746236
1967910
1485343
1197336
4363071
3086342
2250183
1726218
1413423
0
4590356
3331036
2471701
1923561
1598459
0
0
4674550
3447587
2619429
2070747
1745358
0
0
0
4639663
3456493
2669377
2159571
1848296
0
0
0
0
4517246
3377703
2636566
2168810
1900138
0
0
0
0
0
4296665
3236300
2537620
2111159
1880839
0
0
0
0
0
0
4001736
3026408
2395090
2002715
1804338
0
0
0
0
0
0
0
3662990
2778061
2210021
1867629
1690075
0
0
0
0
0
0
0
0
3321546
2523978
2017587
1714896
1567557
0
0
0
0
0
0
0
0
0
3034200
2304718
1846723
1577289
1448865
0
0
0
0
0
0
0
0
0
0
2822133
2136226
1712334
1466213
1350425
0
0
0
0
0
0
0
0
0
0
2681037
2015585
1610914
1379092
1273518
0
0
0
0
0
0
0
0
0
0
2603263
1936371
1538342
1313765
1211829
0
0
0
0
0
0
0
0
0
0
1705932
2140318
1345167
2655695
1715724
1157618
3191022
2139202
1480504
1084567
3712524
2557984
1822458
1362756
1087511
4151190
2934069
2134058
1630818
1327199
0
4440710
3224904
2392578
1859346
1541195
0
0
4598146
3392766
2579238
2039011
1716825
0
0
0
4639663
3456493
2669377
2159571
1848296
0
0
0
0
4593418
3433315
2678210
2201674
1928312
0
0
0
0
0
4447759
3346006
2620570
2177163
1938055
0
0
0
0
0
0
4220410
3186600
2515218
2099206
1888592
0
0
0
0
0
0
0
3927151
2972168
2357458
1985775
1794036
0
0
0
0
0
0
0
0
3592655
2724641
2169709
1837494
1675660
0
0
0
0
0
0
0
0
0
3262553
2473714
1976415
1682459
1541344
0
0
0
0
0
0
0
0
0
0
2989707
2260811
1808217
1543828
1419924
0
0
0
0
0
0
0
0
0
0
2797600
2101643
1677514
1433907
1321602
0
0
0
0
0
0
0
0
0
0
2678149
1992955
1582248
1350059
1244225
0
0
0
0
0
0
0
0
0
0
2624518
1928135
1517037
1288815
1185887
0
0
0
0
0
0
0
0
0
0
1625621
2019052
1246889
2489357
1585919
1046313
2972557
1972869
1344794
965775.8
3454484
2367884
1673176
1235546
972072.4
3894763
2750203
1992747
1514513
1219627
0
4224759
3071531
2278477
1766784
1457539
0
0
4446920
3284353
2499685
1975956
1660491
0
0
0
4563080
3401084
2628235
2127514
1820432
0
0
0
0
4593418
3433315
2678210
2201674
1928312
0
0
0
0
0
4523794
3401378
2662423
2210473
1966967
0
0
0
0
0
0
4370512
3296591
2597910
2165662
1946709
0
0
0
0
0
0
0
4142522
3131640
2478456
2082187
1879073
0
0
0
0
0
0
0
0
3855500
2917719
2316707
1956094
1779867
0
0
0
0
0
0
0
0
0
3531434
2672456
2128937
1805208
1649585
0
0
0
0
0
0
0
0
0
0
3216106
2428808
1937312
1648979
1512983
0
0
0
0
0
0
0
0
0
0
2963214
2225248
1773113
1511996
1390421
0
0
0
0
0
0
0
0
0
0
2793625
2078974
1648465
1404487
1292909
0
0
0
0
0
0
0
0
0
0
2699441
1983505
1560808
1324913
1218209
0
0
0
0
0
0
0
0
0
0
2576776
1930650
1504235
1268572
1163212
0
0
0
0
0
0
0
0
0
0
1940658
1182376
2374388
1493956
964550.4
2813326
1850196
1242912
870777.5
3239669
2208668
1546380
1124335
866639.6
3635960
2563038
1849566
1394584
1107789
0
3963569
2885722
2140500
1653921
1355486
0
0
4228137
3127807
2384634
1884949
1579267
0
0
0
4411404
3291372
2546846
2064036
1765064
0
0
0
0
4517246
3377703
2636566
2168810
1900138
0
0
0
0
0
4523794
3401378
2662424
2210473
1966967
0
0
0
0
0
0
4445931
3351918
2639632
2199183
1976037
0
0
0
0
0
0
0
4290684
3241008
2561462
2148507
1937633
0
0
0
0
0
0
0
0
4069464
3074915
2437298
2053313
1864891
0
0
0
0
0
0
0
0
0
3791694
2864724
2275319
1923584
1754263
0
0
0
0
0
0
0
0
0
0
3482286
2625991
2088524
1772195
1621436
0
0
0
0
0
0
0
0
0
0
0
3187162
2391724
1901508
1616767
1483528
0
0
0
0
0
0
0
0
0
0
2958455
2200848
1743253
1482394
1362189
0
0
0
0
0
0
0
0
0
0
2816267
2068266
1626827
1379012
1266565
0
0
0
0
0
0
0
0
0
0
2650291
1985492
1546823
1304498
1195359
0
0
0
0
0
0
0
0
0
0
2383083
1848638
1494090
1253487
1144301
0
0
0
0
0
0
0
0
0
0
2300286
1433772
909691.8
2703650
1764950
1169733
799539
3084231
2092197
1452053
1039735
781602.6
3419072
2406797
1729018
1291930
1009511
0
3698165
2697940
1999721
1539257
1250179
0
0
3962500
2938290
2245085
1774772
1480199
0
0
0
4191644
3132550
2429236
1972178
1685137
0
0
0
0
4366382
3267527
2554079
2103774
1844346
0
0
0
0
0
4447759
3346006
2620570
2177163
1938055
0
0
0
0
0
0
4445931
3351918
2639632
2199183
1976037
0
0
0
0
0
0
0
4365451
3295940
2603193
2181957
1967168
0
0
0
0
0
0
0
0
4216312
3182966
2519915
2119956
1923367
0
0
0
0
0
0
0
0
0
4003450
3021012
2394297
2020574
1840051
0
0
0
0
0
0
0
0
0
0
3739452
2816453
2234417
1890193
1725978
0
0
0
0
0
0
0
0
0
0
0
3450496
2586834
2051586
1739033
1592460
0
0
0
0
0
0
0
0
0
0
0
0
3181146
2365139
1870392
1586640
1455003
0
0
0
0
0
0
0
0
0
0
2982131
2188860
1720011
1456211
1335701
0
0
0
0
0
0
0
0
0
0
2766424
2070246
1611443
1358310
1243417
0
0
0
0
0
0
0
0
0
0
2462451
1902129
1535753
1288267
1176274
0
0
0
0
0
0
0
0
0
0
4192120
1493114
1387701
1236644
1129386
0
0
0
0
0
0
0
0
0
0
2630935
1709564
1121173
750898.7
2975238
2011752
1386055
978251.9
717344.8
3260503
2293484
1640402
1214958
934363.1
0
3476985
2540220
1881768
1442237
1159745
0
0
3692118
2745472
2103827
1662158
1379541
0
0
0
3923872
2939527
2286702
1860657
1588371
0
0
0
0
4147565
3107787
2434580
2009740
1763600
0
0
0
0
0
4296665
3236300
2537620
2111159
1880839
0
0
0
0
0
0
4370512
3296591
2597910
2165663
1946709
0
0
0
0
0
0
0
4365451
3295940
2603193
2181957
1967168
0
0
0
0
0
0
0
0
4290389
3237466
2561391
2153446
1952858
0
0
0
0
0
0
0
0
0
4148722
3128175
2475998
2086965
1898847
0
0
0
0
0
0
0
0
0
0
3948846
2971195
2352803
1985963
1811612
0
0
0
0
0
0
0
0
0
0
0
3704413
2774989
2196173
1856725
1696723
0
0
0
0
0
0
0
0
0
0
0
0
3442637
2557780
2018791
1708025
1563147
0
0
0
0
0
0
0
0
0
0
0
0
0
3204302
2351298
1845108
1559364
1428072
0
0
0
0
0
0
0
0
0
0
2931760
2189995
1702980
1433998
1311911
0
0
0
0
0
0
0
0
0
0
2593041
1986160
1599412
1340620
1224032
0
0
0
0
0
0
0
0
0
0
4248312
1555151
1428061
1270290
1160278
0
0
0
0
0
0
0
0
0
0
5389165
2837034
910595
1119046
1111762
0
0
0
0
0
0
0
0
0
0
2902954
1958076
1342772
936986.6
673191.6
3149889
2213892
1578965
1160768
879512.9
0
3315326
2424703
1795948
1370584
1091711
0
0
3466310
2584457
1984823
1567464
1294177
0
0
0
3649096
2742800
2141466
1747638
1489482
0
0
0
0
3880323
2912947
2289181
1895683
1665572
0
0
0
0
0
4076783
3077065
2417259
2015484
1798103
0
0
0
0
0
0
4220410
3186600
2515218
2099206
1888592
0
0
0
0
0
0
0
4290684
3241009
2561462
2148507
1937633
0
0
0
0
0
0
0
0
4290390
3237466
2561391
2153446
1952858
0
0
0
0
0
0
0
0
0
4221791
3182213
2517184
2120283
1928391
0
0
0
0
0
0
0
0
0
0
4092386
3077259
2433888
2051673
1870216
0
0
0
0
0
0
0
0
0
0
0
3910379
2927997
2313437
1952088
1781317
0
0
0
0
0
0
0
0
0
0
0
0
3692621
2743289
2161569
1824707
1667181
0
0
0
0
0
0
0
0
0
0
0
0
0
3461927
2541664
1991253
1679316
1535460
0
0
0
0
0
0
0
0
0
0
0
0
0
0
3152539
2350232
1825779
1535218
1403292
0
0
0
0
0
0
0
0
0
0
2780931
2105441
1688762
1414478
1291113
0
0
0
0
0
0
0
0
0
0
4332708
1657916
1491031
1321148
1206631
0
0
0
0
0
0
0
0
0
0
5437720
2878533
962618.6
1151444
1141516
0
0
0
0
0
0
0
0
0
0
6459916
3722244
1957361
579138.3
997941.6
0
0
0
0
0
0
0
0
0
0
3077306
2160834
1537665
1124941
842546.7
0
3201872
2344020
1735520
1320729
1043694
0
0
3301562
2466573
1897440
1498346
1230996
0
0
0
3417467
2578163
2019847
1652139
1406179
0
0
0
0
3604595
2712720
2140760
1779334
1566255
0
0
0
0
0
3809544
2882382
2270275
1898965
1697750
0
0
0
0
0
0
4001736
3026408
2395090
2002715
1804338
0
0
0
0
0
0
0
4142522
3131640
2478457
2082188
1879074
0
0
0
0
0
0
0
0
4216312
3182967
2519915
2119956
1923367
0
0
0
0
0
0
0
0
0
4221791
3182213
2517184
2120283
1928391
0
0
0
0
0
0
0
0
0
0
4164578
3130580
2474758
2084782
1899623
0
0
0
0
0
0
0
0
0
0
0
4051584
3032802
2393729
2017343
1839345
0
0
0
0
0
0
0
0
0
0
0
0
3895077
2893648
2277499
1919199
1751447
0
0
0
0
0
0
0
0
0
0
0
0
0
3705550
2723647
2131754
1794491
1638625
0
0
0
0
0
0
0
0
0
0
0
0
0
0
3409437
2536109
1969313
1653066
1509393
0
0
0
0
0
0
0
0
0
0
0
0
0
0
0
3029820
2264316
1808173
1513187
1380690
0
0
0
0
0
0
0
0
0
0
4451924
1804532
1580050
1392085
1271921
0
0
0
0
0
0
0
0
0
0
5506896
2941424
1049082
1201679
1186277
0
0
0
0
0
0
0
0
0
0
6506096
3757480
1989267
626132.6
1026520
0
0
0
0
0
0
0
0
0
0
7475940
4512151
2639833
1440843
469205.3
0
0
0
0
0
0
0
0
0
0
3127113
2290819
1694991
1286992
1011844
0
0
3185841
2383746
1836292
1449562
1186967
0
0
0
3249655
2457840
1930589
1581835
1345278
0
0
0
0
3370196
2543546
2016199
1681635
1482204
0
0
0
0
0
3534820
2681193
2118957
1779881
1595399
0
0
0
0
0
0
3735899
2831488
2248034
1884765
1701724
0
0
0
0
0
0
0
3927152
2972168
2357458
1985775
1794036
0
0
0
0
0
0
0
0
4069464
3074915
2437298
2053313
1864891
0
0
0
0
0
0
0
0
0
4148722
3128175
2475998
2086965
1898847
0
0
0
0
0
0
0
0
0
0
4164578
3130580
2474758
2084782
1899623
0
0
0
0
0
0
0
0
0
0
0
4122783
3085488
2434070
2050221
1868580
0
0
0
0
0
0
0
0
0
0
0
0
4033850
2996670
2356834
1983842
1809093
0
0
0
0
0
0
0
0
0
0
0
0
0
3901649
2871043
2245528
1887890
1722139
0
0
0
0
0
0
0
0
0
0
0
0
0
0
3646904
2712174
2106517
1766204
1611216
0
0
0
0
0
0
0
0
0
0
0
0
0
0
0
3312927
2449266
1946741
1628281
1484842
0
0
0
0
0
0
0
0
0
0
0
0
0
0
0
0
4613281
1995620
1698188
1486804
1359056
0
0
0
0
0
0
0
0
0
0
5603802
3030521
1170583
1272413
1248560
0
0
0
0
0
0
0
0
0
0
6569085
3807865
2038163
703840.8
1070731
0
0
0
0
0
0
0
0
0
0
7520353
4545389
2666346
1466913
513327
0
0
0
0
0
0
0
0
0
0
8454272
5260374
3246527
1998946
1221927
0
0
0
0
0
0
0
0
0
0
3109624
2328913
1795739
1416659
1157085
0
0
0
3134430
2373223
1867769
1532544
1302244
0
0
0
0
3198773
2420762
1924942
1609757
1420243
0
0
0
0
0
3302595
2509746
1990715
1679664
1509333
0
0
0
0
0
0
3461976
2630769
2095764
1763165
1596857
0
0
0
0
0
0
0
3662990
2778061
2210021
1867629
1690075
0
0
0
0
0
0
0
0
3855501
2917719
2316707
1956094
1779867
0
0
0
0
0
0
0
0
0
4003450
3021012
2394297
2020574
1840051
0
0
0
0
0
0
0
0
0
0
4092386
3077259
2433888
2051673
1870216
0
0
0
0
0
0
0
0
0
0
0
4122783
3085488
2434070
2050221
1868580
0
0
0
0
0
0
0
0
0
0
0
0
4103677
3048606
2396695
2016304
1838135
0
0
0
0
0
0
0
0
0
0
0
0
0
4034690
2972074
2323432
1951757
1779260
0
0
0
0
0
0
0
0
0
0
0
0
0
0
3835601
2854118
2217662
1857754
1693763
0
0
0
0
0
0
0
0
0
0
0
0
0
0
0
3569992
2620396
2078265
1738299
1584800
0
0
0
0
0
0
0
0
0
0
0
0
0
0
0
0
4803819
2210723
1835689
1596759
1460561
0
0
0
0
0
0
0
0
0
0
0
0
0
0
0
0
0
5735619
3151039
1325069
1365961
1331746
0
0
0
0
0
0
0
0
0
0
6656073
3878638
2107644
810822
1132891
0
0
0
0
0
0
0
0
0
0
7578979
4590725
2704438
1507300
585766.7
0
0
0
0
0
0
0
0
0
0
8496822
5292239
3271285
2020191
1245099
0
0
0
0
0
0
0
0
0
0
9394891
5980349
3819826
2494122
1715670
0
0
0
0
0
0
0
0
0
0
3059773
2317237
1825949
1499680
1273145
0
0
0
0
3077759
2336360
1860653
1559081
1376761
0
0
0
0
0
3132086
2384124
1897404
1606063
1445933
0
0
0
0
0
0
3229565
2460661
1965587
1659803
1508484
0
0
0
0
0
0
0
3389018
2577665
2057881
1745093
1582887
0
0
0
0
0
0
0
0
3592655
2724641
2169709
1837494
1675660
0
0
0
0
0
0
0
0
0
3791694
2864725
2275319
1923584
1754263
0
0
0
0
0
0
0
0
0
0
3948846
2971195
2352804
1985964
1811612
0
0
0
0
0
0
0
0
0
0
0
4051584
3032802
2393729
2017343
1839345
0
0
0
0
0
0
0
0
0
0
0
0
4103677
3048606
2396695
2016304
1838135
0
0
0
0
0
0
0
0
0
0
0
0
0
4101267
3022911
2362698
1983832
1807940
0
0
0
0
0
0
0
0
0
0
0
0
0
0
3963712
2950501
2293849
1920407
1750201
0
0
0
0
0
0
0
0
0
0
0
0
0
0
0
3770036
2756790
2184522
1827446
1665678
0
0
0
0
0
0
0
0
0
0
0
0
0
0
0
0
4987736
2404698
1963125
1701330
1557606
0
0
0
0
0
0
0
0
0
0
0
0
0
0
0
0
0
5893443
3293096
1496330
1474748
1428343
0
0
0
0
0
0
0
0
0
0
0
0
0
0
0
0
0
0
6775137
3975068
2201528
943087.9
1214997
0
0
0
0
0
0
0
0
0
0
7659313
4653478
2758096
1564833
684119.1
0
0
0
0
0
0
0
0
0
0
8552732
5334226
3305064
2050882
1281230
0
0
0
0
0
0
0
0
0
0
9436663
6010844
3843474
2513767
1734415
0
0
0
0
0
0
0
0
0
0
1.029281e+07
6672771
4370997
2961231
2155286
0
0
0
0
0
0
0
0
0
0
2999164
2281423
1817886
1525176
1347699
0
0
0
0
0
3011241
2295300
1833152
1554121
1401196
0
0
0
0
0
0
3057748
2335490
1869950
1584407
1443499
0
0
0
0
0
0
0
3157640
2407165
1928504
1640016
1491647
0
0
0
0
0
0
0
0
3321547
2523978
2017587
1714897
1567557
0
0
0
0
0
0
0
0
0
3531434
2672457
2128937
1805208
1649585
0
0
0
0
0
0
0
0
0
0
3739452
2816454
2234417
1890193
1725978
0
0
0
0
0
0
0
0
0
0
0
3910380
2927997
2313437
1952089
1781317
0
0
0
0
0
0
0
0
0
0
0
0
4033850
2996670
2356834
1983842
1809093
0
0
0
0
0
0
0
0
0
0
0
0
0
4101267
3022911
2362698
1983832
1807940
0
0
0
0
0
0
0
0
0
0
0
0
0
0
4027944
2998756
2332187
1951982
1778542
0
0
0
0
0
0
0
0
0
0
0
0
0
0
0
3903337
2849564
2256759
1888561
1721025
0
0
0
0
0
0
0
0
0
0
0
0
0
0
0
0
5138110
2554869
2065086
1785983
1636265
0
0
0
0
0
0
0
0
0
0
0
0
0
0
0
0
0
6050631
3429673
1649424
1575783
1520282
0
0
0
0
0
0
0
0
0
0
0
0
0
0
0
0
0
0
6917594
4090625
2311925
1087316
1310380
0
0
0
0
0
0
0
0
0
0
0
0
0
0
0
0
0
0
0
7768992
4739619
2831321
1642477
803963.1
0
0
0
0
0
0
0
0
0
0
8628990
5391876
3351927
2094216
1332751
0
0
0
0
0
0
0
0
0
0
9489365
6050828
3874572
2540600
1761620
0
0
0
0
0
0
0
0
0
0
1.033351e+07
6702715
4393604
2979928
2172531
0
0
0
0
0
0
0
0
0
0
1.115367e+07
7334467
4901284
3410014
2570279
0
0
0
0
0
0
0
0
0
0
2932596
2237347
1791101
1519397
1371194
0
0
0
0
0
0
2939116
2246629
1802178
1532401
1397600
0
0
0
0
0
0
0
2988407
2280813
1833021
1562616
1425011
0
0
0
0
0
0
0
0
3091723
2354009
1887692
1610305
1474723
0
0
0
0
0
0
0
0
0
3262553
2473715
1976415
1682459
1541344
0
0
0
0
0
0
0
0
0
0
3482286
2625991
2088524
1772195
1621436
0
0
0
0
0
0
0
0
0
0
0
3704414
2774989
2196173
1856725
1696723
0
0
0
0
0
0
0
0
0
0
0
0
3895078
2893648
2277499
1919199
1751447
0
0
0
0
0
0
0
0
0
0
0
0
0
4034690
2972074
2323432
1951757
1779260
0
0
0
0
0
0
0
0
0
0
0
0
0
0
4027944
2998756
2332188
1951982
1778542
0
0
0
0
0
0
0
0
0
0
0
0
0
0
0
3969345
2896127
2292948
1919319
1748918
0
0
0
0
0
0
0
0
0
0
0
0
0
0
0
0
5241929
2654599
2134608
1843603
1690201
0
0
0
0
0
0
0
0
0
0
0
0
0
0
0
0
0
6181573
3540987
1767197
1656918
1594780
0
0
0
0
0
0
0
0
0
0
0
0
0
0
0
0
0
0
7060179
4205707
2417566
1215212
1399099
0
0
0
0
0
0
0
0
0
0
0
0
0
0
0
0
0
0
0
7900895
4842934
2919136
1733554
933570.6
0
0
0
0
0
0
0
0
0
0
0
0
0
0
0
0
0
0
0
0
8731899
5470853
3416454
2153407
1402217
0
0
0
0
0
0
0
0
0
0
9560760
6105470
3917355
2577896
1800069
0
0
0
0
0
0
0
0
0
0
1.038362e+07
6740388
4423173
3004482
2196141
0
0
0
0
0
0
0
0
0
0
1.119393e+07
7363644
4923493
3427870
2586653
0
0
0
0
0
0
0
0
0
0
1.197644e+07
7969738
5408733
3841961
2969064
0
0
0
0
0
0
0
0
0
0
2861707
2188525
1757718
1498197
1366848
0
0
0
0
0
0
0
2871081
2193431
1765078
1507651
1379010
0
0
0
0
0
0
0
0
2922140
2229377
1791116
1532891
1406256
0
0
0
0
0
0
0
0
0
3034200
2304718
1846723
1577290
1448866
0
0
0
0
0
0
0
0
0
0
3216107
2428809
1937312
1648979
1512983
0
0
0
0
0
0
0
0
0
0
3450496
2586835
2051586
1739033
1592460
0
0
0
0
0
0
0
0
0
0
0
0
3692622
2743290
2161569
1824707
1667181
0
0
0
0
0
0
0
0
0
0
0
0
0
3901649
2871044
2245528
1887890
1722140
0
0
0
0
0
0
0
0
0
0
0
0
0
0
3963712
2950501
2293849
1920407
1750201
0
0
0
0
0
0
0
0
0
0
0
0
0
0
0
3969345
2896127
2292948
1919319
1748918
0
0
0
0
0
0
0
0
0
0
0
0
0
0
0
0
5294469
2703897
2169547
1872488
1717349
0
0
0
0
0
0
0
0
0
0
0
0
0
0
0
0
0
6273083
3617683
1845090
1712369
1645518
0
0
0
0
0
0
0
0
0
0
0
0
0
0
0
0
0
0
7180011
4301538
2503344
1313061
1470455
0
0
0
0
0
0
0
0
0
0
0
0
0
0
0
0
0
0
0
8033354
4946584
3006600
1820347
1048073
0
0
0
0
0
0
0
0
0
0
0
0
0
0
0
0
0
0
0
0
8854918
5566127
3494044
2224401
1483573
0
0
0
0
0
0
0
0
0
0
0
0
0
0
0
0
0
0
0
0
9657487
6179458
3976178
2629368
1852566
0
0
0
0
0
0
0
0
0
0
1.045091e+07
6791527
4463657
3038314
2228978
0
0
0
0
0
0
0
0
0
0
1.124353e+07
7399469
4951347
3451179
2608176
0
0
0
0
0
0
0
0
0
0
1.201667e+07
7998615
5430388
3859513
2984690
0
0
0
0
0
0
0
0
0
0
1.275416e+07
8577861
5896787
4255824
3353002
0
0
0
0
0
0
0
0
0
0
2794059
2136133
1720401
1471415
1348689
0
0
0
0
0
0
0
0
2804030
2142815
1724169
1477685
1357590
0
0
0
0
0
0
0
0
0
2865371
2179666
1751302
1498854
1380326
0
0
0
0
0
0
0
0
0
0
2989707
2260811
1808217
1543828
1419924
0
0
0
0
0
0
0
0
0
0
3187163
2391724
1901508
1616767
1483528
0
0
0
0
0
0
0
0
0
0
3442638
2557780
2018792
1708025
1563147
0
0
0
0
0
0
0
0
0
0
0
0
0
3705550
2723648
2131754
1794491
1638625
0
0
0
0
0
0
0
0
0
0
0
0
0
0
3835601
2854118
2217663
1857754
1693763
0
0
0
0
0
0
0
0
0
0
0
0
0
0
0
3903337
2849564
2256759
1888561
1721025
0
0
0
0
0
0
0
0
0
0
0
0
0
0
0
0
5294469
2703897
2169547
1872488
1717349
0
0
0
0
0
0
0
0
0
0
0
0
0
0
0
0
0
6319689
3656458
1883511
1740274
1670963
0
0
0
0
0
0
0
0
0
0
0
0
0
0
0
0
0
0
7264327
4368487
2562306
1377551
1519275
0
0
0
0
0
0
0
0
0
0
0
0
0
0
0
0
0
0
0
8144959
5033804
3079414
1890586
1135492
0
0
0
0
0
0
0
0
0
0
0
0
0
0
0
0
0
0
0
0
8979112
5662136
3572136
2295135
1560974
0
0
0
0
0
0
0
0
0
0
0
0
0
0
0
0
0
0
0
0
9772380
6268196
4047379
2691369
1915461
0
0
0
0
0
0
0
0
0
0
0
0
0
0
0
0
0
0
0
0
1.054186e+07
6861058
4518671
3084961
2274301
0
0
0
0
0
0
0
0
0
0
1.130906e+07
7447683
4989229
3483136
2637841
0
0
0
0
0
0
0
0
0
0
1.206525e+07
8034104
5456885
3881467
3005095
0
0
0
0
0
0
0
0
0
0
1.279519e+07
8606735
5918237
4272951
3368367
0
0
0
0
0
0
0
0
0
0
1.348104e+07
9153668
6364919
4654516
3721070
0
0
0
0
0
0
0
0
0
0
2726893
2085686
1680019
1441201
1325438
0
0
0
0
0
0
0
0
0
2748358
2092385
1684859
1444359
1331404
0
0
0
0
0
0
0
0
0
0
2822133
2136226
1712334
1466213
1350425
0
0
0
0
0
0
0
0
0
0
2963214
2225248
1773113
1511996
1390421
0
0
0
0
0
0
0
0
0
0
3181146
2365140
1870392
1586640
1455003
0
0
0
0
0
0
0
0
0
0
3461927
2541665
1991253
1679316
1535460
0
0
0
0
0
0
0
0
0
0
0
0
0
0
3646904
2712174
2106517
1766205
1611216
0
0
0
0
0
0
0
0
0
0
0
0
0
0
0
3770036
2756790
2184522
1827446
1665678
0
0
0
0
0
0
0
0
0
0
0
0
0
0
0
0
5241930
2654600
2134608
1843603
1690201
0
0
0
0
0
0
0
0
0
0
0
0
0
0
0
0
0
6319689
3656458
1883511
1740274
1670963
0
0
0
0
0
0
0
0
0
0
0
0
0
0
0
0
0
0
7307586
4402579
2592079
1409304
1543858
0
0
0
0
0
0
0
0
0
0
0
0
0
0
0
0
0
0
0
8223622
5095210
3130268
1938765
1193041
0
0
0
0
0
0
0
0
0
0
0
0
0
0
0
0
0
0
0
0
9083835
5743192
3637967
2354012
1623525
0
0
0
0
0
0
0
0
0
0
0
0
0
0
0
0
0
0
0
0
9888170
6358136
4119462
2753991
1978163
0
0
0
0
0
0
0
0
0
0
0
0
0
0
0
0
0
0
0
0
1.065024e+07
6943919
4584884
3141562
2328869
0
0
0
0
0
0
0
0
0
0
0
0
0
0
0
0
0
0
0
0
1.139697e+07
7513069
5040927
3526682
2678755
0
0
0
0
0
0
0
0
0
0
1.212964e+07
8081077
5492616
3911365
3033074
0
0
0
0
0
0
0
0
0
0
1.284357e+07
8641510
5944515
4293848
3387581
0
0
0
0
0
0
0
0
0
0
1.352245e+07
9183144
6386387
4671499
3736072
0
0
0
0
0
0
0
0
0
0
1.415292e+07
9692743
6809120
5037631
4075890
0
0
0
0
0
0
0
0
0
0
2671787
2035087
1640732
1408237
1299003
0
0
0
0
0
0
0
0
0
0
2705752
2049691
1645214
1412039
1302092
0
0
0
0
0
0
0
0
0
0
2797600
2101643
1677514
1433907
1321602
0
0
0
0
0
0
0
0
0
0
2958456
2200849
1743253
1482394
1362189
0
0
0
0
0
0
0
0
0
0
3204302
2351298
1845109
1559364
1428072
0
0
0
0
0
0
0
0
0
0
3409437
2536109
1969314
1653067
1509393
0
0
0
0
0
0
0
0
0
0
0
0
0
0
0
3569993
2620396
2078266
1738299
1584800
0
0
0
0
0
0
0
0
0
0
0
0
0
0
0
0
5138112
2554870
2065086
1785984
1636266
0
0
0
0
0
0
0
0
0
0
0
0
0
0
0
0
0
6273083
3617684
1845090
1712369
1645519
0
0
0
0
0
0
0
0
0
0
0
0
0
0
0
0
0
0
7307586
4402579
2592079
1409304
1543858
0
0
0
0
0
0
0
0
0
0
0
0
0
0
0
0
0
0
0
8263840
5126724
3156160
1963066
1221360
0
0
0
0
0
0
0
0
0
0
0
0
0
0
0
0
0
0
0
0
9157475
5800382
3684353
2395121
1666390
0
0
0
0
0
0
0
0
0
0
0
0
0
0
0
0
0
0
0
0
9986369
6434150
4180486
2806881
2030357
0
0
0
0
0
0
0
0
0
0
0
0
0
0
0
0
0
0
0
0
1.076013e+07
7027770
4652347
3199158
2384124
0
0
0
0
0
0
0
0
0
0
0
0
0
0
0
0
0
0
0
0
1.150188e+07
7591255
5102745
3579222
2728383
0
0
0
0
0
0
0
0
0
0
0
0
0
0
0
0
0
0
0
0
1.22158e+07
8144314
5541254
3952281
3071206
0
0
0
0
0
0
0
0
0
0
1.290704e+07
8687691
5979359
4322063
3413749
0
0
0
0
0
0
0
0
0
0
1.357076e+07
9217783
6412153
4692247
3754366
0
0
0
0
0
0
0
0
0
0
1.419445e+07
9722500
6831060
5054647
4090777
0
0
0
0
0
0
0
0
0
0
1.476387e+07
1.019179e+07
7225857
5401869
4417113
0
0
0
0
0
0
0
0
0
0
2629598
1992730
1600884
1375862
1269987
0
0
0
0
0
0
0
0
0
0
2681038
2015585
1610914
1379093
1273519
0
0
0
0
0
0
0
0
0
0
2793626
2078974
1648465
1404487
1292909
0
0
0
0
0
0
0
0
0
0
2982131
2188861
1720011
1456212
1335701
0
0
0
0
0
0
0
0
0
0
3152539
2350232
1825780
1535218
1403292
0
0
0
0
0
0
0
0
0
0
3312927
2449266
1946741
1628281
1484842
0
0
0
0
0
0
0
0
0
0
0
0
0
0
0
0
4987738
2404699
1963125
1701330
1557607
0
0
0
0
0
0
0
0
0
0
0
0
0
0
0
0
0
6181574
3540988
1767197
1656918
1594780
0
0
0
0
0
0
0
0
0
0
0
0
0
0
0
0
0
0
7264327
4368487
2562307
1377551
1519275
0
0
0
0
0
0
0
0
0
0
0
0
0
0
0
0
0
0
0
8263841
5126725
3156160
1963066
1221360
0
0
0
0
0
0
0
0
0
0
0
0
0
0
0
0
0
0
0
0
9195100
5829637
3708169
2416049
1688000
0
0
0
0
0
0
0
0
0
0
0
0
0
0
0
0
0
0
0
0
1.0056e+07
6487664
4223600
2844180
2066793
0
0
0
0
0
0
0
0
0
0
0
0
0
0
0
0
0
0
0
0
1.085384e+07
7099054
4709541
3248059
2430851
0
0
0
0
0
0
0
0
0
0
0
0
0
0
0
0
0
0
0
0
1.160851e+07
7670858
5165646
3633067
2779075
0
0
0
0
0
0
0
0
0
0
0
0
0
0
0
0
0
0
0
0
1.231802e+07
8220027
5599608
4001317
3117189
0
0
0
0
0
0
0
0
0
0
0
0
0
0
0
0
0
0
0
0
1.299182e+07
8749698
6026434
4360575
3449563
0
0
0
0
0
0
0
0
0
0
1.363342e+07
9263320
6446438
4719791
3779069
0
0
0
0
0
0
0
0
0
0
1.424225e+07
9757106
6856742
5075007
4108955
0
0
0
0
0
0
0
0
0
0
1.480557e+07
1.022166e+07
7248024
5419279
4432041
0
0
0
0
0
0
0
0
0
0
1.531247e+07
1.064623e+07
7612392
5744239
4741799
0
0
0
0
0
0
0
0
0
0
2604867
1958931
1566771
1342697
1241336
0
0
0
0
0
0
0
0
0
0
2678149
1992955
1582248
1350059
1244225
0
0
0
0
0
0
0
0
0
0
2816267
2068266
1626827
1379012
1266565
0
0
0
0
0
0
0
0
0
0
2931760
2189995
1702981
1433998
1311911
0
0
0
0
0
0
0
0
0
0
3029820
2264316
1808173
1513188
1380690
0
0
0
0
0
0
0
0
0
0
4803820
2210723
1835689
1596759
1460561
0
0
0
0
0
0
0
0
0
0
0
0
0
0
0
0
0
6050631
3429674
1649424
1575783
1520282
0
0
0
0
0
0
0
0
0
0
0
0
0
0
0
0
0
0
7180011
4301538
2503344
1313061
1470456
0
0
0
0
0
0
0
0
0
0
0
0
0
0
0
0
0
0
0
8223622
5095210
3130268
1938766
1193041
0
0
0
0
0
0
0
0
0
0
0
0
0
0
0
0
0
0
0
0
9195100
5829637
3708169
2416049
1688000
0
0
0
0
0
0
0
0
0
0
0
0
0
0
0
0
0
0
0
0
1.00916e+07
6515022
4245670
2863339
2085340
0
0
0
0
0
0
0
0
0
0
0
0
0
0
0
0
0
0
0
0
1.092034e+07
7149658
4749868
3282658
2463820
0
0
0
0
0
0
0
0
0
0
0
0
0
0
0
0
0
0
0
0
1.169969e+07
7738906
5219293
3678869
2822203
0
0
0
0
0
0
0
0
0
0
0
0
0
0
0
0
0
0
0
0
1.242238e+07
8297299
5659351
4051518
3164526
0
0
0
0
0
0
0
0
0
0
0
0
0
0
0
0
0
0
0
0
1.30919e+07
8823491
6082977
4406874
3492443
0
0
0
0
0
0
0
0
0
0
0
0
0
0
0
0
0
0
0
0
1.371658e+07
9324354
6492631
4757096
3812780
0
0
0
0
0
0
0
0
0
0
1.430446e+07
9802075
6890570
5102136
4133087
0
0
0
0
0
0
0
0
0
0
1.485296e+07
1.02559e+07
7273697
5439590
4449890
0
0
0
0
0
0
0
0
0
0
1.5354e+07
1.067622e+07
7634652
5761846
4757086
0
0
0
0
0
0
0
0
0
0
1.578942e+07
1.105472e+07
7964981
6062350
5047253
0
0
0
0
0
0
0
0
0
0
2603263
1936371
1538342
1313765
1211830
0
0
0
0
0
0
0
0
0
0
2699442
1983506
1560808
1324913
1218209
0
0
0
0
0
0
0
0
0
0
2766424
2070247
1611443
1358310
1243417
0
0
0
0
0
0
0
0
0
0
2780932
2105441
1688762
1414479
1291113
0
0
0
0
0
0
0
0
0
0
4613282
1995620
1698189
1486804
1359057
0
0
0
0
0
0
0
0
0
0
5893444
3293097
1496330
1474748
1428343
0
0
0
0
0
0
0
0
0
0
0
0
0
0
0
0
0
0
7060180
4205707
2417566
1215212
1399099
0
0
0
0
0
0
0
0
0
0
0
0
0
0
0
0
0
0
0
8144959
5033804
3079414
1890587
1135492
0
0
0
0
0
0
0
0
0
0
0
0
0
0
0
0
0
0
0
0
9157476
5800383
3684353
2395121
1666390
0
0
0
0
0
0
0
0
0
0
0
0
0
0
0
0
0
0
0
0
1.00916e+07
6515022
4245670
2863339
2085340
0
0
0
0
0
0
0
0
0
0
0
0
0
0
0
0
0
0
0
0
1.095448e+07
7175549
4770500
3300380
2480757
0
0
0
0
0
0
0
0
0
0
0
0
0
0
0
0
0
0
0
0
1.176454e+07
7787246
5257438
3711216
2852742
0
0
0
0
0
0
0
0
0
0
0
0
0
0
0
0
0
0
0
0
1.251189e+07
8363529
5710588
4094486
3204891
0
0
0
0
0
0
0
0
0
0
0
0
0
0
0
0
0
0
0
0
1.319386e+07
8899140
6141003
4454574
3536557
0
0
0
0
0
0
0
0
0
0
0
0
0
0
0
0
0
0
0
0
1.381488e+07
9396624
6547767
4801984
3853254
0
0
0
0
0
0
0
0
0
0
0
0
0
0
0
0
0
0
0
0
1.438653e+07
9861956
6936062
5138771
4165756
0
0
0
0
0
0
0
0
0
0
1.491434e+07
1.030056e+07
7307120
5466378
4473675
0
0
0
0
0
0
0
0
0
0
1.540123e+07
1.071018e+07
7660065
5782164
4774904
0
0
0
0
0
0
0
0
0
0
1.583124e+07
1.108459e+07
7987355
6080047
5062725
0
0
0
0
0
0
0
0
0
0
1.619165e+07
1.141021e+07
8282340
6352986
5331290
0
0
0
0
0
0
0
0
0
0
2624519
1928135
1517038
1288815
1185887
0
0
0
0
0
0
0
0
0
0
2650291
1985492
1546824
1304498
1195359
0
0
0
0
0
0
0
0
0
0
2593041
1986160
1599412
1340620
1224032
0
0
0
0
0
0
0
0
0
0
4451925
1804533
1580050
1392085
1271922
0
0
0
0
0
0
0
0
0
0
5735620
3151040
1325069
1365961
1331747
0
0
0
0
0
0
0
0
0
0
6917595
4090626
2311925
1087316
1310380
0
0
0
0
0
0
0
0
0
0
0
0
0
0
0
0
0
0
0
8033355
4946584
3006601
1820348
1048073
0
0
0
0
0
0
0
0
0
0
0
0
0
0
0
0
0
0
0
0
9083837
5743193
3637967
2354012
1623526
0
0
0
0
0
0
0
0
0
0
0
0
0
0
0
0
0
0
0
0
1.0056e+07
6487665
4223601
2844180
2066794
0
0
0
0
0
0
0
0
0
0
0
0
0
0
0
0
0
0
0
0
1.095448e+07
7175549
4770501
3300381
2480757
0
0
0
0
0
0
0
0
0
0
0
0
0
0
0
0
0
0
0
0
1.179786e+07
7812080
5276969
3727779
2868391
0
0
0
0
0
0
0
0
0
0
0
0
0
0
0
0
0
0
0
0
1.257551e+07
8410681
5747043
4125091
3233429
0
0
0
0
0
0
0
0
0
0
0
0
0
0
0
0
0
0
0
0
1.328137e+07
8964168
6190893
4495630
3574419
0
0
0
0
0
0
0
0
0
0
0
0
0
0
0
0
0
0
0
0
1.391483e+07
9470536
6604596
4848335
3895168
0
0
0
0
0
0
0
0
0
0
0
0
0
0
0
0
0
0
0
0
1.448301e+07
9932942
6990078
5182560
4204996
0
0
0
0
0
0
0
0
0
0
0
0
0
0
0
0
0
0
0
0
1.499551e+07
1.035966e+07
7351767
5502479
4505773
0
0
0
0
0
0
0
0
0
0
1.546215e+07
1.075425e+07
7693276
5808647
4798404
0
0
0
0
0
0
0
0
0
0
1.587775e+07
1.111845e+07
8012569
6100169
5080558
0
0
0
0
0
0
0
0
0
0
1.623367e+07
1.144031e+07
8304639
6370787
5346850
0
0
0
0
0
0
0
0
0
0
1.650826e+07
1.171019e+07
8558865
6614895
5590985
0
0
0
0
0
0
0
0
0
0
2576777
1930650
1504235
1268573
1163212
0
0
0
0
0
0
0
0
0
0
2462451
1902129
1535753
1288267
1176274
0
0
0
0
0
0
0
0
0
0
4332709
1657916
1491032
1321148
1206631
0
0
0
0
0
0
0
0
0
0
5603802
3030522
1170583
1272413
1248560
0
0
0
0
0
0
0
0
0
0
6775137
3975068
2201528
943088.1
1214997
0
0
0
0
0
0
0
0
0
0
7900895
4842934
2919137
1733555
933570.9
0
0
0
0
0
0
0
0
0
0
0
0
0
0
0
0
0
0
0
0
8979114
5662136
3572137
2295135
1560975
0
0
0
0
0
0
0
0
0
0
0
0
0
0
0
0
0
0
0
0
9986369
6434151
4180487
2806881
2030358
0
0
0
0
0
0
0
0
0
0
0
0
0
0
0
0
0
0
0
0
1.092034e+07
7149658
4749869
3282658
2463820
0
0
0
0
0
0
0
0
0
0
0
0
0
0
0
0
0
0
0
0
1.179786e+07
7812082
5276969
3727779
2868391
0
0
0
0
0
0
0
0
0
0
0
0
0
0
0
0
0
0
0
0
1.260818e+07
8434929
5765786
4140774
3248048
0
0
0
0
0
0
0
0
0
0
0
0
0
0
0
0
0
0
0
0
1.334401e+07
9010432
6226467
4524892
3601417
0
0
0
0
0
0
0
0
0
0
0
0
0
0
0
0
0
0
0
0
1.400038e+07
9534114
6653597
4888331
3931347
0
0
0
0
0
0
0
0
0
0
0
0
0
0
0
0
0
0
0
0
1.458151e+07
1.00054e+07
7045614
5227972
4245728
0
0
0
0
0
0
0
0
0
0
0
0
0
0
0
0
0
0
0
0
1.509043e+07
1.042933e+07
7404832
5545390
4544055
0
0
0
0
0
0
0
0
0
0
0
0
0
0
0
0
0
0
0
0
1.554234e+07
1.081272e+07
7737352
5844092
4830047
0
0
0
0
0
0
0
0
0
0
1.59382e+07
1.116221e+07
8045353
6126500
5103803
0
0
0
0
0
0
0
0
0
0
1.628009e+07
1.147366e+07
8329789
6390762
5364519
0
0
0
0
0
0
0
0
0
0
1.655067e+07
1.174046e+07
8581352
6632649
5606646
0
0
0
0
0
0
0
0
0
0
1.672643e+07
1.194649e+07
8792393
6843364
5825144
0
0
0
0
0
0
0
0
0
0
2383084
1848638
1494090
1253487
1144301
0
0
0
0
0
0
0
0
0
0
4248313
1555152
1428062
1270290
1160279
0
0
0
0
0
0
0
0
0
0
5506897
2941425
1049082
1201679
1186277
0
0
0
0
0
0
0
0
0
0
6656073
3878638
2107644
810822.2
1132891
0
0
0
0
0
0
0
0
0
0
7768993
4739619
2831321
1642477
803963.4
0
0
0
0
0
0
0
0
0
0
8854920
5566128
3494045
2224401
1483574
0
0
0
0
0
0
0
0
0
0
0
0
0
0
0
0
0
0
0
0
9888170
6358137
4119463
2753991
1978163
0
0
0
0
0
0
0
0
0
0
0
0
0
0
0
0
0
0
0
0
1.085385e+07
7099054
4709542
3248060
2430851
0
0
0
0
0
0
0
0
0
0
0
0
0
0
0
0
0
0
0
0
1.176454e+07
7787250
5257438
3711217
2852742
0
0
0
0
0
0
0
0
0
0
0
0
0
0
0
0
0
0
0
0
1.260818e+07
8434930
5765787
4140774
3248048
0
0
0
0
0
0
0
0
0
0
0
0
0
0
0
0
0
0
0
0
1.337624e+07
9034207
6244774
4539949
3615260
0
0
0
0
0
0
0
0
0
0
0
0
0
0
0
0
0
0
0
0
1.406119e+07
9579670
6688509
4916896
3957164
0
0
0
0
0
0
0
0
0
0
0
0
0
0
0
0
0
0
0
0
1.466587e+07
1.006755e+07
7093529
5267267
4280977
0
0
0
0
0
0
0
0
0
0
0
0
0
0
0
0
0
0
0
0
1.518708e+07
1.050073e+07
7459279
5589777
4583964
0
0
0
0
0
0
0
0
0
0
0
0
0
0
0
0
0
0
0
0
1.563617e+07
1.088126e+07
7789441
5886254
4867561
0
0
0
0
0
0
0
0
0
0
0
0
0
0
0
0
0
0
0
0
1.601753e+07
1.121998e+07
8088973
6161505
5134881
0
0
0
0
0
0
0
0
0
0
1.634027e+07
1.15171e+07
8362359
6416767
5387641
0
0
0
0
0
0
0
0
0
0
1.659752e+07
1.177376e+07
8606134
6652586
5624194
0
0
0
0
0
0
0
0
0
0
1.676901e+07
1.197704e+07
8815017
6861283
5840772
0
0
0
0
0
0
0
0
0
0
1.685719e+07
1.210949e+07
8976490
7036448
6029520
0
0
0
0
0
0
0
0
0
0
4192120
1493114
1387702
1236644
1129386
0
0
0
0
0
0
0
0
0
0
5437720
2878533
962618.8
1151444
1141516
0
0
0
0
0
0
0
0
0
0
6569085
3807865
2038164
703841
1070731
0
0
0
0
0
0
0
0
0
0
7659313
4653478
2758096
1564833
684119.2
0
0
0
0
0
0
0
0
0
0
8731900
5470853
3416454
2153407
1402218
0
0
0
0
0
0
0
0
0
0
9772379
6268197
4047379
2691369
1915461
0
0
0
0
0
0
0
0
0
0
0
0
0
0
0
0
0
0
0
0
1.076014e+07
7027769
4652348
3199158
2384124
0
0
0
0
0
0
0
0
0
0
0
0
0
0
0
0
0
0
0
0
1.16997e+07
7738912
5219292
3678869
2822203
0
0
0
0
0
0
0
0
0
0
0
0
0
0
0
0
0
0
0
0
1.257551e+07
8410684
5747046
4125091
3233430
0
0
0
0
0
0
0
0
0
0
0
0
0
0
0
0
0
0
0
0
1.337624e+07
9034207
6244775
4539949
3615260
0
0
0
0
0
0
0
0
0
0
0
0
0
0
0
0
0
0
0
0
1.409241e+07
9603117
6706463
4931608
3970455
0
0
0
0
0
0
0
0
0
0
0
0
0
0
0
0
0
0
0
0
1.472605e+07
1.011177e+07
7127911
5295309
4306184
0
0
0
0
0
0
0
0
0
0
0
0
0
0
0
0
0
0
0
0
1.527023e+07
1.056202e+07
7506122
5628208
4618598
0
0
0
0
0
0
0
0
0
0
0
0
0
0
0
0
0
0
0
0
1.573142e+07
1.095132e+07
7843095
5929775
4906569
0
0
0
0
0
0
0
0
0
0
0
0
0
0
0
0
0
0
0
0
1.610995e+07
1.128774e+07
8140223
6202894
5171737
0
0
0
0
0
0
0
0
0
0
0
0
0
0
0
0
0
0
0
0
1.641944e+07
1.157427e+07
8405474
6451424
5418343
0
0
0
0
0
0
0
0
0
0
1.665744e+07
1.181702e+07
8638484
6678438
5647040
0
0
0
0
0
0
0
0
0
0
1.681585e+07
1.201068e+07
8839785
6880939
5858295
0
0
0
0
0
0
0
0
0
0
1.689942e+07
1.214018e+07
8999349
7054490
6045302
0
0
0
0
0
0
0
0
0
0
1.220684e+07
9103653
7188776
6202307
0
0
0
0
0
0
0
0
0
0
5389165
2837034
910595.2
1119046
1111762
0
0
0
0
0
0
0
0
0
0
6506096
3757480
1989267
626132.8
1026521
0
0
0
0
0
0
0
0
0
0
7578980
4590726
2704438
1507301
585766.8
0
0
0
0
0
0
0
0
0
0
8628991
5391877
3351927
2094216
1332751
0
0
0
0
0
0
0
0
0
0
9657486
6179459
3976179
2629368
1852566
0
0
0
0
0
0
0
0
0
0
1.065025e+07
6943918
4584884
3141563
2328869
0
0
0
0
0
0
0
0
0
0
0
0
0
0
0
0
0
0
0
0
1.160852e+07
7670865
5165645
3633067
2779075
0
0
0
0
0
0
0
0
0
0
0
0
0
0
0
0
0
0
0
0
1.25119e+07
8363533
5710592
4094486
3204892
0
0
0
0
0
0
0
0
0
0
0
0
0
0
0
0
0
0
0
0
1.334401e+07
9010433
6226469
4524894
3601417
0
0
0
0
0
0
0
0
0
0
0
0
0
0
0
0
0
0
0
0
1.409241e+07
9603117
6706463
4931609
3970456
0
0
0
0
0
0
0
0
0
0
0
0
0
0
0
0
0
0
0
0
1.475708e+07
1.013448e+07
7145619
5309740
4319173
0
0
0
0
0
0
0
0
0
0
0
0
0
0
0
0
0
0
0
0
1.53295e+07
1.060577e+07
7539496
5655827
4643346
0
0
0
0
0
0
0
0
0
0
0
0
0
0
0
0
0
0
0
0
1.581309e+07
1.101172e+07
7889283
5967347
4940444
0
0
0
0
0
0
0
0
0
0
0
0
0
0
0
0
0
0
0
0
1.620409e+07
1.135679e+07
8192867
6245782
5209982
0
0
0
0
0
0
0
0
0
0
0
0
0
0
0
0
0
0
0
0
1.651121e+07
1.164103e+07
8456150
6492150
5454520
0
0
0
0
0
0
0
0
0
0
0
0
0
0
0
0
0
0
0
0
1.673606e+07
1.18741e+07
8681172
6712708
5677445
0
0
0
0
0
0
0
0
0
0
1.68756e+07
1.205378e+07
8872029
6906634
5881017
0
0
0
0
0
0
0
0
0
0
1.694549e+07
1.217383e+07
9024386
7074150
6062585
0
0
0
0
0
0
0
0
0
0
1.22373e+07
9126627
7207020
6218205
0
0
0
0
0
0
0
0
0
0
9179300
7294123
6338679
0
0
0
0
0
0
0
0
0
0
6459916
3722244
1957361
579138.5
997941.7
0
0
0
0
0
0
0
0
0
0
7520353
4545389
2666346
1466913
513327.1
0
0
0
0
0
0
0
0
0
0
8552733
5334226
3305064
2050882
1281231
0
0
0
0
0
0
0
0
0
0
9560759
6105470
3917356
2577896
1800069
0
0
0
0
0
0
0
0
0
0
1.054187e+07
6861058
4518672
3084961
2274302
0
0
0
0
0
0
0
0
0
0
1.150188e+07
7591262
5102744
3579222
2728384
0
0
0
0
0
0
0
0
0
0
0
0
0
0
0
0
0
0
0
0
1.242239e+07
8297305
5659356
4051518
3164527
0
0
0
0
0
0
0
0
0
0
0
0
0
0
0
0
0
0
0
0
1.328137e+07
8964170
6190897
4495634
3574419
0
0
0
0
0
0
0
0
0
0
0
0
0
0
0
0
0
0
0
0
1.406119e+07
9579670
6688510
4916898
3957166
0
0
0
0
0
0
0
0
0
0
0
0
0
0
0
0
0
0
0
0
1.475708e+07
1.013448e+07
7145619
5309741
4319173
0
0
0
0
0
0
0
0
0
0
0
0
0
0
0
0
0
0
0
0
1.536003e+07
1.062834e+07
7556650
5670063
4656089
0
0
0
0
0
0
0
0
0
0
0
0
0
0
0
0
0
0
0
0
1.58714e+07
1.105481e+07
7922302
5994159
4964819
0
0
0
0
0
0
0
0
0
0
0
0
0
0
0
0
0
0
0
0
1.628465e+07
1.14161e+07
8238383
6282828
5243099
0
0
0
0
0
0
0
0
0
0
0
0
0
0
0
0
0
0
0
0
1.660437e+07
1.170926e+07
8508035
6534229
5492205
0
0
0
0
0
0
0
0
0
0
0
0
0
0
0
0
0
0
0
0
1.682742e+07
1.194041e+07
8731110
6752984
5713039
0
0
0
0
0
0
0
0
0
0
0
0
0
0
0
0
0
0
0
0
1.695425e+07
1.211049e+07
8914679
6940583
5911091
0
0
0
0
0
0
0
0
0
0
1.700453e+07
1.221684e+07
9056538
7099782
6085179
0
0
0
0
0
0
0
0
0
0
1.227041e+07
9151693
7226912
6235500
0
0
0
0
0
0
0
0
0
0
9202107
7312469
6354762
0
0
0
0
0
0
0
0
0
0
7356574
6433051
0
0
0
0
0
0
0
0
0
0
7475940
4512151
2639833
1440843
469205.5
0
0
0
0
0
0
0
0
0
0
8496822
5292239
3271285
2020191
1245099
0
0
0
0
0
0
0
0
0
0
9489364
6050828
3874572
2540600
1761621
0
0
0
0
0
0
0
0
0
0
1.045092e+07
6791527
4463657
3038314
2228978
0
0
0
0
0
0
0
0
0
0
1.139698e+07
7513076
5040926
3526683
2678756
0
0
0
0
0
0
0
0
0
0
1.231802e+07
8220032
5599613
4001316
3117189
0
0
0
0
0
0
0
0
0
0
0
0
0
0
0
0
0
0
0
0
1.319386e+07
8899142
6141007
4454578
3536557
0
0
0
0
0
0
0
0
0
0
0
0
0
0
0
0
0
0
0
0
1.400038e+07
9534115
6653598
4888333
3931350
0
0
0
0
0
0
0
0
0
0
0
0
0
0
0
0
0
0
0
0
1.472605e+07
1.011177e+07
7127911
5295309
4306185
0
0
0
0
0
0
0
0
0
0
0
0
0
0
0
0
0
0
0
0
1.536003e+07
1.062834e+07
7556650
5670063
4656089
0
0
0
0
0
0
0
0
0
0
0
0
0
0
0
0
0
0
0
0
1.590148e+07
1.107701e+07
7939350
6007951
4977389
0
0
0
0
0
0
0
0
0
0
0
0
0
0
0
0
0
0
0
0
1.634194e+07
1.145849e+07
8270900
6309354
5266763
0
0
0
0
0
0
0
0
0
0
0
0
0
0
0
0
0
0
0
0
1.668433e+07
1.176777e+07
8552732
6570736
5524857
0
0
0
0
0
0
0
0
0
0
0
0
0
0
0
0
0
0
0
0
1.692002e+07
1.200795e+07
8782390
6794458
5750010
0
0
0
0
0
0
0
0
0
0
0
0
0
0
0
0
0
0
0
0
1.704553e+07
1.217652e+07
8964297
6980281
5946291
0
0
0
0
0
0
0
0
0
0
0
0
0
0
0
0
0
0
0
0
1.708324e+07
1.22736e+07
9098938
7133724
6114981
0
0
0
0
0
0
0
0
0
0
1.231292e+07
9183801
7252493
6258051
0
0
0
0
0
0
0
0
0
0
9226787
7332400
6372271
0
0
0
0
0
0
0
0
0
0
7374796
6449231
0
0
0
0
0
0
0
0
0
0
6488913
0
0
0
0
0
0
0
0
0
0
8454272
5260374
3246527
1998946
1221927
0
0
0
0
0
0
0
0
0
0
9436662
6010844
3843474
2513767
1734415
0
0
0
0
0
0
0
0
0
0
1.038362e+07
6740387
4423173
3004482
2196141
0
0
0
0
0
0
0
0
0
0
1.130907e+07
7447688
4989228
3483136
2637841
0
0
0
0
0
0
0
0
0
0
1.22158e+07
8144320
5541258
3952281
3071207
0
0
0
0
0
0
0
0
0
0
1.30919e+07
8823493
6082981
4406878
3492442
0
0
0
0
0
0
0
0
0
0
0
0
0
0
0
0
0
0
0
0
1.391483e+07
9470537
6604598
4848338
3895171
0
0
0
0
0
0
0
0
0
0
0
0
0
0
0
0
0
0
0
0
1.466587e+07
1.006755e+07
7093530
5267268
4280979
0
0
0
0
0
0
0
0
0
0
0
0
0
0
0
0
0
0
0
0
1.53295e+07
1.060577e+07
7539496
5655827
4643346
0
0
0
0
0
0
0
0
0
0
0
0
0
0
0
0
0
0
0
0
1.590148e+07
1.107701e+07
7939350
6007951
4977389
0
0
0
0
0
0
0
0
0
0
0
0
0
0
0
0
0
0
0
0
1.637125e+07
1.148036e+07
8287669
6323059
5278941
0
0
0
0
0
0
0
0
0
0
0
0
0
0
0
0
0
0
0
0
1.674116e+07
1.180941e+07
8584717
6596857
5548268
0
0
0
0
0
0
0
0
0
0
0
0
0
0
0
0
0
0
0
0
1.699945e+07
1.206602e+07
8826486
6830307
5782185
0
0
0
0
0
0
0
0
0
0
0
0
0
0
0
0
0
0
0
0
1.71391e+07
1.224367e+07
9015067
7021276
5982728
0
0
0
0
0
0
0
0
0
0
0
0
0
0
0
0
0
0
0
0
1.71748e+07
1.233961e+07
9148384
7173185
6149677
0
0
0
0
0
0
0
0
0
0
0
0
0
0
0
0
0
0
0
0
1.236976e+07
9226276
7286262
6287859
0
0
0
0
0
0
0
0
0
0
9258546
7357969
6394789
0
0
0
0
0
0
0
0
0
0
7394432
6466781
0
0
0
0
0
0
0
0
0
0
6504987
0
0
0
0
0
0
0
0
0
0
0
0
0
0
0
0
0
0
0
0
9394890
5980349
3819826
2494122
1715670
0
0
0
0
0
0
0
0
0
0
1.033351e+07
6702714
4393605
2979928
2172531
0
0
0
0
0
0
0
0
0
0
1.124354e+07
7399474
4951346
3451179
2608176
0
0
0
0
0
0
0
0
0
0
1.212965e+07
8081082
5492620
3911364
3033074
0
0
0
0
0
0
0
0
0
0
1.299182e+07
8749701
6026438
4360578
3449562
0
0
0
0
0
0
0
0
0
0
1.381488e+07
9396625
6547769
4801987
3853258
0
0
0
0
0
0
0
0
0
0
0
0
0
0
0
0
0
0
0
0
1.458151e+07
1.00054e+07
7045614
5227974
4245731
0
0
0
0
0
0
0
0
0
0
0
0
0
0
0
0
0
0
0
0
1.527023e+07
1.056202e+07
7506122
5628208
4618599
0
0
0
0
0
0
0
0
0
0
0
0
0
0
0
0
0
0
0
0
1.58714e+07
1.105481e+07
7922302
5994159
4964819
0
0
0
0
0
0
0
0
0
0
0
0
0
0
0
0
0
0
0
0
1.637125e+07
1.148036e+07
8287669
6323058
5278941
0
0
0
0
0
0
0
0
0
0
0
0
0
0
0
0
0
0
0
0
1.677022e+07
1.183073e+07
8601234
6610337
5560369
0
0
0
0
0
0
0
0
0
0
0
0
0
0
0
0
0
0
0
0
1.705614e+07
1.210732e+07
8857908
6856000
5805236
0
0
0
0
0
0
0
0
0
0
0
0
0
0
0
0
0
0
0
0
1.722036e+07
1.230136e+07
9058837
7056645
6014321
0
0
0
0
0
0
0
0
0
0
0
0
0
0
0
0
0
0
0
0
1.726844e+07
1.240747e+07
9198875
7213780
6185692
0
0
0
0
0
0
0
0
0
0
0
0
0
0
0
0
0
0
0
0
1.2436e+07
9275732
7325607
6322352
0
0
0
0
0
0
0
0
0
0
0
0
0
0
0
0
0
0
0
0
9301110
7391824
6424455
0
0
0
0
0
0
0
0
0
0
7419740
6489298
0
0
0
0
0
0
0
0
0
0
6522283
0
0
0
0
0
0
0
0
0
0
0
0
0
0
0
0
0
0
0
0
0
0
0
0
0
0
0
0
0
1.029282e+07
6672770
4370997
2961232
2155286
0
0
0
0
0
0
0
0
0
0
1.119393e+07
7363647
4923493
3427870
2586653
0
0
0
0
0
0
0
0
0
0
1.206526e+07
8034108
5456889
3881466
3005095
0
0
0
0
0
0
0
0
0
0
1.290704e+07
8687694
5979362
4322066
3413748
0
0
0
0
0
0
0
0
0
0
1.371658e+07
9324354
6492633
4757100
3812783
0
0
0
0
0
0
0
0
0
0
1.448301e+07
9932942
6990079
5182562
4204999
0
0
0
0
0
0
0
0
0
0
0
0
0
0
0
0
0
0
0
0
1.518708e+07
1.050073e+07
7459279
5589778
4583965
0
0
0
0
0
0
0
0
0
0
0
0
0
0
0
0
0
0
0
0
1.581309e+07
1.101172e+07
7889283
5967347
4940444
0
0
0
0
0
0
0
0
0
0
0
0
0
0
0
0
0
0
0
0
1.634194e+07
1.145849e+07
8270900
6309354
5266763
0
0
0
0
0
0
0
0
0
0
0
0
0
0
0
0
0
0
0
0
1.677022e+07
1.183073e+07
8601234
6610337
5560369
0
0
0
0
0
0
0
0
0
0
0
0
0
0
0
0
0
0
0
0
1.708518e+07
1.212846e+07
8874003
6869277
5817139
0
0
0
0
0
0
0
0
0
0
0
0
0
0
0
0
0
0
0
0
1.727757e+07
1.234257e+07
9090006
7081886
6036995
0
0
0
0
0
0
0
0
0
0
0
0
0
0
0
0
0
0
0
0
1.734849e+07
1.24665e+07
9242367
7248892
6216862
0
0
0
0
0
0
0
0
0
0
0
0
0
0
0
0
0
0
0
0
1.250392e+07
9326778
7365991
6358017
0
0
0
0
0
0
0
0
0
0
0
0
0
0
0
0
0
0
0
0
9350764
7431201
6458855
0
0
0
0
0
0
0
0
0
0
0
0
0
0
0
0
0
0
0
0
7453688
6519054
0
0
0
0
0
0
0
0
0
0
6544579
0
0
0
0
0
0
0
0
0
0
0
0
0
0
0
0
0
0
0
0
0
0
0
0
0
0
0
0
0
0
0
0
0
0
0
0
0
1.115368e+07
7334470
4901283
3410014
2570279
0
0
0
0
0
0
0
0
0
0
1.201667e+07
7998620
5430390
3859513
2984691
0
0
0
0
0
0
0
0
0
0
1.284357e+07
8641511
5944518
4293850
3387580
0
0
0
0
0
0
0
0
0
0
1.363342e+07
9263321
6446440
4719794
3779072
0
0
0
0
0
0
0
0
0
0
1.438653e+07
9861957
6936063
5138773
4165759
0
0
0
0
0
0
0
0
0
0
1.509043e+07
1.042933e+07
7404832
5545391
4544056
0
0
0
0
0
0
0
0
0
0
0
0
0
0
0
0
0
0
0
0
1.573142e+07
1.095132e+07
7843095
5929775
4906570
0
0
0
0
0
0
0
0
0
0
0
0
0
0
0
0
0
0
0
0
1.628465e+07
1.14161e+07
8238383
6282828
5243099
0
0
0
0
0
0
0
0
0
0
0
0
0
0
0
0
0
0
0
0
1.674116e+07
1.180941e+07
8584717
6596857
5548268
0
0
0
0
0
0
0
0
0
0
0
0
0
0
0
0
0
0
0
0
1.708518e+07
1.212846e+07
8874003
6869277
5817139
0
0
0
0
0
0
0
0
0
0
0
0
0
0
0
0
0
0
0
0
1.730659e+07
1.236369e+07
9105964
7094825
6048718
0
0
0
0
0
0
0
0
0
0
0
0
0
0
0
0
0
0
0
0
1.740521e+07
1.250809e+07
9273466
7273931
6239135
0
0
0
0
0
0
0
0
0
0
0
0
0
0
0
0
0
0
0
0
1.256209e+07
9371289
7400887
6388960
0
0
0
0
0
0
0
0
0
0
0
0
0
0
0
0
0
0
0
0
9401867
7472044
6494338
0
0
0
0
0
0
0
0
0
0
0
0
0
0
0
0
0
0
0
0
7493246
6553491
0
0
0
0
0
0
0
0
0
0
0
0
0
0
0
0
0
0
0
0
6574426
0
0
0
0
0
0
0
0
0
0
0
0
0
0
0
0
0
0
0
0
0
0
0
0
0
0
0
0
0
0
0
0
0
0
0
0
0
0
0
0
0
0
0
0
1.197644e+07
7969742
5408735
3841960
2969064
0
0
0
0
0
0
0
0
0
0
1.279519e+07
8606737
5918240
4272953
3368367
0
0
0
0
0
0
0
0
0
0
1.357076e+07
9217784
6412154
4692250
3754369
0
0
0
0
0
0
0
0
0
0
1.430446e+07
9802076
6890571
5102137
4133089
0
0
0
0
0
0
0
0
0
0
1.499551e+07
1.035966e+07
7351767
5502480
4505774
0
0
0
0
0
0
0
0
0
0
1.563617e+07
1.088126e+07
7789441
5886254
4867561
0
0
0
0
0
0
0
0
0
0
0
0
0
0
0
0
0
0
0
0
1.620409e+07
1.135679e+07
8192867
6245781
5209982
0
0
0
0
0
0
0
0
0
0
0
0
0
0
0
0
0
0
0
0
1.668433e+07
1.176777e+07
8552731
6570736
5524857
0
0
0
0
0
0
0
0
0
0
0
0
0
0
0
0
0
0
0
0
1.705614e+07
1.210732e+07
8857908
6856000
5805236
0
0
0
0
0
0
0
0
0
0
0
0
0
0
0
0
0
0
0
0
1.730659e+07
1.236369e+07
9105964
7094825
6048718
0
0
0
0
0
0
0
0
0
0
0
0
0
0
0
0
0
0
0
0
1.743404e+07
1.25292e+07
9289417
7286760
6250559
0
0
0
0
0
0
0
0
0
0
0
0
0
0
0
0
0
0
0
0
1.260333e+07
9402683
7425874
6411056
0
0
0
0
0
0
0
0
0
0
0
0
0
0
0
0
0
0
0
0
9445737
7507764
6525092
0
0
0
0
0
0
0
0
0
0
0
0
0
0
0
0
0
0
0
0
7534144
6589383
0
0
0
0
0
0
0
0
0
0
0
0
0
0
0
0
0
0
0
0
6609031
0
0
0
0
0
0
0
0
0
0
0
0
0
0
0
0
0
0
0
0
0
0
0
0
0
0
0
0
0
0
0
0
0
0
0
0
0
0
0
0
0
0
0
0
0
0
0
0
0
0
0
0
0
0
0
0
0
0
0
0
1.275416e+07
8577863
5896790
4255826
3353001
0
0
0
0
0
0
0
0
0
0
1.352245e+07
9183145
6386389
4671502
3736074
0
0
0
0
0
0
0
0
0
0
1.424225e+07
9757107
6856743
5075008
4108957
0
0
0
0
0
0
0
0
0
0
1.491434e+07
1.030056e+07
7307120
5466378
4473676
0
0
0
0
0
0
0
0
0
0
1.554234e+07
1.081272e+07
7737352
5844093
4830047
0
0
0
0
0
0
0
0
0
0
1.610995e+07
1.128774e+07
8140223
6202894
5171737
0
0
0
0
0
0
0
0
0
0
0
0
0
0
0
0
0
0
0
0
1.660437e+07
1.170926e+07
8508035
6534229
5492205
0
0
0
0
0
0
0
0
0
0
0
0
0
0
0
0
0
0
0
0
1.699945e+07
1.206602e+07
8826486
6830307
5782185
0
0
0
0
0
0
0
0
0
0
0
0
0
0
0
0
0
0
0
0
1.727757e+07
1.234257e+07
9090006
7081886
6036995
0
0
0
0
0
0
0
0
0
0
0
0
0
0
0
0
0
0
0
0
1.743404e+07
1.25292e+07
9289417
7286760
6250559
0
0
0
0
0
0
0
0
0
0
0
0
0
0
0
0
0
0
0
0
1.262431e+07
9418625
7438697
6422383
0
0
0
0
0
0
0
0
0
0
0
0
0
0
0
0
0
0
0
0
9476885
7532992
6547143
0
0
0
0
0
0
0
0
0
0
0
0
0
0
0
0
0
0
0
0
7569358
6620867
0
0
0
0
0
0
0
0
0
0
0
0
0
0
0
0
0
0
0
0
6644976
0
0
0
0
0
0
0
0
0
0
0
0
0
0
0
0
0
0
0
0
0
0
0
0
0
0
0
0
0
0
0
0
0
0
0
0
0
0
0
0
0
0
0
0
0
0
0
0
0
0
0
0
0
0
0
0
0
0
0
0
0
0
0
0
0
0
0
0
0
0
0
0
0
0
0
1.348104e+07
9153669
6364920
4654518
3721072
0
0
0
0
0
0
0
0
0
0
1.419445e+07
9722500
6831060
5054648
4090779
0
0
0
0
0
0
0
0
0
0
1.485296e+07
1.02559e+07
7273698
5439591
4449891
0
0
0
0
0
0
0
0
0
0
1.546215e+07
1.075425e+07
7693276
5808647
4798404
0
0
0
0
0
0
0
0
0
0
1.601753e+07
1.121998e+07
8088973
6161505
5134881
0
0
0
0
0
0
0
0
0
0
1.651121e+07
1.164103e+07
8456150
6492150
5454520
0
0
0
0
0
0
0
0
0
0
0
0
0
0
0
0
0
0
0
0
1.692002e+07
1.200795e+07
8782390
6794458
5750010
0
0
0
0
0
0
0
0
0
0
0
0
0
0
0
0
0
0
0
0
1.722036e+07
1.230136e+07
9058837
7056645
6014321
0
0
0
0
0
0
0
0
0
0
0
0
0
0
0
0
0
0
0
0
1.740521e+07
1.250809e+07
9273466
7273931
6239135
0
0
0
0
0
0
0
0
0
0
0
0
0
0
0
0
0
0
0
0
1.262431e+07
9418625
7438697
6422383
0
0
0
0
0
0
0
0
0
0
0
0
0
0
0
0
0
0
0
0
9492740
7545812
6558466
0
0
0
0
0
0
0
0
0
0
0
0
0
0
0
0
0
0
0
0
7594397
6643132
0
0
0
0
0
0
0
0
0
0
0
0
0
0
0
0
0
0
0
0
6676017
0
0
0
0
0
0
0
0
0
0
0
0
0
0
0
0
0
0
0
0
0
0
0
0
0
0
0
0
0
0
0
0
0
0
0
0
0
0
0
0
0
0
0
0
0
0
0
0
0
0
0
0
0
0
0
0
0
0
0
0
0
0
0
0
0
0
0
0
0
0
0
0
0
0
0
0
0
0
0
0
0
0
0
0
0
0
0
0
0
1.415292e+07
9692743
6809121
5037632
4075892
0
0
0
0
0
0
0
0
0
0
1.480557e+07
1.022166e+07
7248024
5419279
4432042
0
0
0
0
0
0
0
0
0
0
1.540123e+07
1.071018e+07
7660065
5782164
4774904
0
0
0
0
0
0
0
0
0
0
1.59382e+07
1.116221e+07
8045352
6126499
5103803
0
0
0
0
0
0
0
0
0
0
1.641944e+07
1.157427e+07
8405474
6451424
5418343
0
0
0
0
0
0
0
0
0
0
1.682742e+07
1.194041e+07
8731110
6752984
5713039
0
0
0
0
0
0
0
0
0
0
0
0
0
0
0
0
0
0
0
0
1.71391e+07
1.224367e+07
9015067
7021276
5982728
0
0
0
0
0
0
0
0
0
0
0
0
0
0
0
0
0
0
0
0
1.734849e+07
1.24665e+07
9242367
7248892
6216862
0
0
0
0
0
0
0
0
0
0
0
0
0
0
0
0
0
0
0
0
1.260333e+07
9402683
7425874
6411056
0
0
0
0
0
0
0
0
0
0
0
0
0
0
0
0
0
0
0
0
9492740
7545812
6558466
0
0
0
0
0
0
0
0
0
0
0
0
0
0
0
0
0
0
0
0
7607154
6654453
0
0
0
0
0
0
0
0
0
0
0
0
0
0
0
0
0
0
0
0
6698118
0
0
0
0
0
0
0
0
0
0
0
0
0
0
0
0
0
0
0
0
0
0
0
0
0
0
0
0
0
0
0
0
0
0
0
0
0
0
0
0
0
0
0
0
0
0
0
0
0
0
0
0
0
0
0
0
0
0
0
0
0
0
0
0
0
0
0
0
0
0
0
0
0
0
0
0
0
0
0
0
0
0
0
0
0
0
0
0
0
0
0
0
0
0
0
0
0
0
0
0
0
0
1.476387e+07
1.019179e+07
7225857
5401869
4417114
0
0
0
0
0
0
0
0
0
0
1.535399e+07
1.067622e+07
7634652
5761846
4757086
0
0
0
0
0
0
0
0
0
0
1.587775e+07
1.111845e+07
8012569
6100169
5080559
0
0
0
0
0
0
0
0
0
0
1.634027e+07
1.15171e+07
8362359
6416767
5387641
0
0
0
0
0
0
0
0
0
0
1.673606e+07
1.18741e+07
8681172
6712708
5677444
0
0
0
0
0
0
0
0
0
0
1.704553e+07
1.217652e+07
8964297
6980281
5946291
0
0
0
0
0
0
0
0
0
0
0
0
0
0
0
0
0
0
0
0
1.726844e+07
1.240747e+07
9198875
7213780
6185692
0
0
0
0
0
0
0
0
0
0
0
0
0
0
0
0
0
0
0
0
1.256209e+07
9371289
7400887
6388960
0
0
0
0
0
0
0
0
0
0
0
0
0
0
0
0
0
0
0
0
9476885
7532992
6547143
0
0
0
0
0
0
0
0
0
0
0
0
0
0
0
0
0
0
0
0
7607154
6654453
0
0
0
0
0
0
0
0
0
0
0
0
0
0
0
0
0
0
0
0
6709385
0
0
0
0
0
0
0
0
0
0
0
0
0
0
0
0
0
0
0
0
0
0
0
0
0
0
0
0
0
0
0
0
0
0
0
0
0
0
0
0
0
0
0
0
0
0
0
0
0
0
0
0
0
0
0
0
0
0
0
0
0
0
0
0
0
0
0
0
0
0
0
0
0
0
0
0
0
0
0
0
0
0
0
0
0
0
0
0
0
0
0
0
0
0
0
0
0
0
0
0
0
0
0
0
0
0
0
0
0
0
0
0
0
0
1.531247e+07
1.064623e+07
7612392
5744239
4741800
0
0
0
0
0
0
0
0
0
0
1.583124e+07
1.108459e+07
7987355
6080047
5062725
0
0
0
0
0
0
0
0
0
0
1.628009e+07
1.147366e+07
8329789
6390762
5364519
0
0
0
0
0
0
0
0
0
0
1.665744e+07
1.181702e+07
8638484
6678438
5647040
0
0
0
0
0
0
0
0
0
0
1.695425e+07
1.211049e+07
8914679
6940583
5911090
0
0
0
0
0
0
0
0
0
0
1.71748e+07
1.233961e+07
9148384
7173185
6149677
0
0
0
0
0
0
0
0
0
0
0
0
0
0
0
0
0
0
0
0
1.250392e+07
9326778
7365991
6358017
0
0
0
0
0
0
0
0
0
0
0
0
0
0
0
0
0
0
0
0
9445737
7507764
6525092
0
0
0
0
0
0
0
0
0
0
0
0
0
0
0
0
0
0
0
0
7594397
6643132
0
0
0
0
0
0
0
0
0
0
0
0
0
0
0
0
0
0
0
0
6709385
0
0
0
0
0
0
0
0
0
0
0
0
0
0
0
0
0
0
0
0
0
0
0
0
0
0
0
0
0
0
0
0
0
0
0
0
0
0
0
0
0
0
0
0
0
0
0
0
0
0
0
0
0
0
0
0
0
0
0
0
0
0
0
0
0
0
0
0
0
0
0
0
0
0
0
0
0
0
0
0
0
0
0
0
0
0
0
0
0
0
0
0
0
0
0
0
0
0
0
0
0
0
0
0
0
0
0
0
0
0
0
0
0
0
0
0
0
0
0
0
0
0
0
0
0
1.578942e+07
1.105472e+07
7964981
6062350
5047253
0
0
0
0
0
0
0
0
0
0
1.623367e+07
1.144031e+07
8304639
6370787
5346849
0
0
0
0
0
0
0
0
0
0
1.659752e+07
1.177376e+07
8606134
6652586
5624194
0
0
0
0
0
0
0
0
0
0
1.68756e+07
1.205378e+07
8872029
6906634
5881017
0
0
0
0
0
0
0
0
0
0
1.708324e+07
1.22736e+07
9098938
7133724
6114981
0
0
0
0
0
0
0
0
0
0
1.2436e+07
9275732
7325607
6322352
0
0
0
0
0
0
0
0
0
0
0
0
0
0
0
0
0
0
0
0
9401867
7472044
6494338
0
0
0
0
0
0
0
0
0
0
0
0
0
0
0
0
0
0
0
0
7569358
6620867
0
0
0
0
0
0
0
0
0
0
0
0
0
0
0
0
0
0
0
0
6698118
0
0
0
0
0
0
0
0
0
0
0
0
0
0
0
0
0
0
0
0
0
0
0
0
0
0
0
0
0
0
0
0
0
0
0
0
0
0
0
0
0
0
0
0
0
0
0
0
0
0
0
0
0
0
0
0
0
0
0
0
0
0
0
0
0
0
0
0
0
0
0
0
0
0
0
0
0
0
0
0
0
0
0
0
0
0
0
0
0
0
0
0
0
0
0
0
0
0
0
0
0
0
0
0
0
0
0
0
0
0
0
0
0
0
0
0
0
0
0
0
0
0
0
0
0
0
0
0
0
0
0
0
0
0
0
1.619165e+07
1.141021e+07
8282340
6352986
5331290
0
0
0
0
0
0
0
0
0
0
1.655067e+07
1.174046e+07
8581352
6632649
5606646
0
0
0
0
0
0
0
0
0
0
1.681585e+07
1.201068e+07
8839785
6880939
5858295
0
0
0
0
0
0
0
0
0
0
1.700453e+07
1.221684e+07
9056538
7099782
6085179
0
0
0
0
0
0
0
0
0
0
1.236976e+07
9226276
7286262
6287859
0
0
0
0
0
0
0
0
0
0
9350764
7431201
6458855
0
0
0
0
0
0
0
0
0
0
0
0
0
0
0
0
0
0
0
0
7534144
6589383
0
0
0
0
0
0
0
0
0
0
0
0
0
0
0
0
0
0
0
0
6676017
0
0
0
0
0
0
0
0
0
0
0
0
0
0
0
0
0
0
0
0
0
0
0
0
0
0
0
0
0
0
0
0
0
0
0
0
0
0
0
0
0
0
0
0
0
0
0
0
0
0
0
0
0
0
0
0
0
0
0
0
0
0
0
0
0
0
0
0
0
0
0
0
0
0
0
0
0
0
0
0
0
0
0
0
0
0
0
0
0
0
0
0
0
0
0
0
0
0
0
0
0
0
0
0
0
0
0
0
0
0
0
0
0
0
0
0
0
0
0
0
0
0
0
0
0
0
0
0
0
0
0
0
0
0
0
0
0
0
0
0
0
0
0
0
0
1.650826e+07
1.171019e+07
8558865
6614895
5590985
0
0
0
0
0
0
0
0
0
0
1.676901e+07
1.197704e+07
8815017
6861283
5840772
0
0
0
0
0
0
0
0
0
0
1.694549e+07
1.217383e+07
9024386
7074150
6062585
0
0
0
0
0
0
0
0
0
0
1.231292e+07
9183801
7252493
6258051
0
0
0
0
0
0
0
0
0
0
9301110
7391824
6424455
0
0
0
0
0
0
0
0
0
0
7493246
6553491
0
0
0
0
0
0
0
0
0
0
0
0
0
0
0
0
0
0
0
0
6644976
0
0
0
0
0
0
0
0
0
0
0
0
0
0
0
0
0
0
0
0
0
0
0
0
0
0
0
0
0
0
0
0
0
0
0
0
0
0
0
0
0
0
0
0
0
0
0
0
0
0
0
0
0
0
0
0
0
0
0
0
0
0
0
0
0
0
0
0
0
0
0
0
0
0
0
0
0
0
0
0
0
0
0
0
0
0
0
0
0
0
0
0
0
0
0
0
0
0
0
0
0
0
0
0
0
0
0
0
0
0
0
0
0
0
0
0
0
0
0
0
0
0
0
0
0
0
0
0
0
0
0
0
0
0
0
0
0
0
0
0
0
0
0
0
0
0
0
0
0
0
0
0
0
0
0
1.672643e+07
1.194649e+07
8792393
6843364
5825144
0
0
0
0
0
0
0
0
0
0
1.689942e+07
1.214018e+07
8999349
7054490
6045302
0
0
0
0
0
0
0
0
0
0
1.227041e+07
9151693
7226912
6235500
0
0
0
0
0
0
0
0
0
0
9258546
7357969
6394789
0
0
0
0
0
0
0
0
0
0
7453688
6519054
0
0
0
0
0
0
0
0
0
0
6609031
0
0
0
0
0
0
0
0
0
0
0
0
0
0
0
0
0
0
0
0
0
0
0
0
0
0
0
0
0
0
0
0
0
0
0
0
0
0
0
0
0
0
0
0
0
0
0
0
0
0
0
0
0
0
0
0
0
0
0
0
0
0
0
0
0
0
0
0
0
0
0
0
0
0
0
0
0
0
0
0
0
0
0
0
0
0
0
0
0
0
0
0
0
0
0
0
0
0
0
0
0
0
0
0
0
0
0
0
0
0
0
0
0
0
0
0
0
0
0
0
0
0
0
0
0
0
0
0
0
0
0
0
0
0
0
0
0
0
0
0
0
0
0
0
0
0
0
0
0
0
0
0
0
0
0
0
0
0
0
0
0
0
0
0
0
1.685719e+07
1.210949e+07
8976490
7036448
6029520
0
0
0
0
0
0
0
0
0
0
1.22373e+07
9126627
7207020
6218205
0
0
0
0
0
0
0
0
0
0
9226787
7332400
6372271
0
0
0
0
0
0
0
0
0
0
7419740
6489298
0
0
0
0
0
0
0
0
0
0
6574426
0
0
0
0
0
0
0
0
0
0
0
0
0
0
0
0
0
0
0
0
0
0
0
0
0
0
0
0
0
0
0
0
0
0
0
0
0
0
0
0
0
0
0
0
0
0
0
0
0
0
0
0
0
0
0
0
0
0
0
0
0
0
0
0
0
0
0
0
0
0
0
0
0
0
0
0
0
0
0
0
0
0
0
0
0
0
0
0
0
0
0
0
0
0
0
0
0
0
0
0
0
0
0
0
0
0
0
0
0
0
0
0
0
0
0
0
0
0
0
0
0
0
0
0
0
0
0
0
0
0
0
0
0
0
0
0
0
0
0
0
0
0
0
0
0
0
0
0
0
0
0
0
0
0
0
0
0
0
0
0
0
0
0
0
0
1.220684e+07
9103653
7188776
6202307
0
0
0
0
0
0
0
0
0
0
9202107
7312469
6354762
0
0
0
0
0
0
0
0
0
0
7394432
6466781
0
0
0
0
0
0
0
0
0
0
6544579
0
0
0
0
0
0
0
0
0
0
0
0
0
0
0
0
0
0
0
0
0
0
0
0
0
0
0
0
0
0
0
0
0
0
0
0
0
0
0
0
0
0
0
0
0
0
0
0
0
0
0
0
0
0
0
0
0
0
0
0
0
0
0
0
0
0
0
0
0
0
0
0
0
0
0
0
0
0
0
0
0
0
0
0
0
0
0
0
0
0
0
0
0
0
0
0
0
0
0
0
0
0
0
0
0
0
0
0
0
0
0
0
0
0
0
0
0
0
0
0
0
0
0
0
0
0
0
0
0
0
0
0
0
0
0
0
0
0
0
0
0
0
0
0
0
0
0
0
0
0
0
0
0
0
0
0
0
0
0
0
0
0
0
0
0
9179300
7294123
6338679
0
0
0
0
0
0
0
0
0
0
7374796
6449231
0
0
0
0
0
0
0
0
0
0
6522283
0
0
0
0
0
0
0
0
0
0
0
0
0
0
0
0
0
0
0
0
0
0
0
0
0
0
0
0
0
0
0
0
0
0
0
0
0
0
0
0
0
0
0
0
0
0
0
0
0
0
0
0
0
0
0
0
0
0
0
0
0
0
0
0
0
0
0
0
0
0
0
0
0
0
0
0
0
0
0
0
0
0
0
0
0
0
0
0
0
0
0
0
0
0
0
0
0
0
0
0
0
0
0
0
0
0
0
0
0
0
0
0
0
0
0
0
0
0
0
0
0
0
0
0
0
0
0
0
0
0
0
0
0
0
0
0
0
0
0
0
0
0
0
0
0
0
0
0
0
0
0
0
0
0
0
0
0
0
0
0
0
0
0
0
7356574
6433051
0
0
0
0
0
0
0
0
0
0
6504987
0
0
0
0
0
0
0
0
0
0
0
0
0
0
0
0
0
0
0
0
0
0
0
0
0
0
0
0
0
0
0
0
0
0
0
0
0
0
0
0
0
0
0
0
0
0
0
0
0
0
0
0
0
0
0
0
0
0
0
0
0
0
0
0
0
0
0
0
0
0
0
0
0
0
0
0
0
0
0
0
0
0
0
0
0
0
0
0
0
0
0
0
0
0
0
0
0
0
0
0
0
0
0
0
0
0
0
0
0
0
0
0
0
0
0
0
0
0
0
0
0
0
0
0
0
0
0
0
0
0
0
0
0
0
0
0
0
0
0
0
0
0
0
0
0
0
0
0
0
0
0
0
0
0
0
0
0
0
0
0
0
0
6488912
0
0
0
0
0
0
0
0
0
0
0
0
0
0
0
0
0
0
0
0
0
0
0
0
0
0
0
0
0
0
0
0
0
0
0
0
0
0
0
0
0
0
0
0
0
0
0
0
0
0
0
0
0
0
0
0
0
0
0
0
0
0
0
0
0
0
0
0
0
0
0
0
0
0
0
0
0
0
0
0
0
0
0
0
0
0
0
0
0
0
0
0
0
0
0
0
0
0
0
0
0
0
0
0
0
0
0
0
0
0
0
0
0
0
0
0
0
0
0
0
0
0
0
0
0
0
0
0
0
0
0
0
0
0
0
0
0
0
0
0
0
0
0
0
0
0
0
0
0
0
0
0
0
0
0
0
0
0
0
0
0
0
0
0
0
0
0
0
0
0
0
0
0
0
0
0
0
0
0
0
0
0
0
0
0
0
0
0
0
0
0
0
0
0
0
0
0
0
0
0
0
0
0
0
0
0
0
0
0
0
0
0
0
0
0
0
0
0
0
0
0
0
0
0
0
0
0
0
0
0
0
0
0
0
0
0
0
0
0
0
0
0
0
0
0
0
0
0
0
0
0
0
0
0
0
0
0
0
0
0
0
0
0
0
0
0
0
0
0
0
0
0
0
0
0
0
0
0
0
0
0
0
0
0
0
0
0
0
0
0
0
0
0
0
0
0
0
0
0
0
0
0
0
0
0
0
0
0
0
0
0
0
0
0
0
0
0
0
0
0
0
0
0
0
0
0
0
0
0
0
0
0
0
0
0
0
0
0
0
0
0
0
0
0
0
0
0
0
0
0
0
0
0
0
0
0
0
0
0
0
0
0
0
0
0
0
0
0
0
0
0
0
0
0
0
0
0
0
0
0
0
0
0
0
0
0
0
0
0
0
0
0
0
0
0
0
0
0
0
0
0
0
0
0
0
0
0
0
0
0
0
0
0
0
0
0
0
0
0
0
0
0
0
0
0
0
0
0
0
0
0
0
0
0
0
0
0
0
0
0
0
0
0
0
0
0
0
0
0
0
0
0
0
0
0
0
0
0
0
0
0
0
0
0
0
0
0
0
0
0
0
0
0
0
0
0
0
0
0
0
0
0
0
0
0
0
0
0
0
0
0
0
0
0
0
0
0
0
0
0
0
0
0
0
0
0
0
0
0
0
0
0
0
0
0
0
0
0
0
0
0
0
0
0
0
0
0
0
0
0
0
0
0
0
0
0
0
0
0
0
0
0
0
0
0
0
0
0
0
0
0
0
0
0
0
0
0
0
0
0
0
0
0
0
0
0
0
0
0
0
0
0
0
0
0
0
0
0
0
0
0
0
0
0
0
0
0
0
0
0
0
0
0
0
0
0
0
0
0
0
0
0
0
0
0
0
0
0
0
0
0
0
0
0
0
0
0
0
0
0
0
0
0
0
0
0
0
0
0
0
0
0
0
0
0
0
0
0
0
0
0
0
0
0
0
0
0
0
0
0
0
0
0
0
0
0
0
0
0
0
0
0
0
0
0
0
0
0
0
0
0
0
0
0
0
0
0
0
0
0
0
0
0
0
0
0
0
0
0
0
0
0
0
0
0
0
0
0
0
0
0
0
0
0
0
0
0
0
0
0
0
0
0
0
0
0
0
0
0
0
0
0
0
0
0
0
0
0
0
0
0
0
0
0
0
0
0
0
0
0
0
0
0
0
0
0
0
0
0
0
0
0
0
0
0
0
0
0
0
0
0
0
0
0
0
0
0
0
0
0
0
0
0
0
0
0
0
0
0
0
0
0
0
0
0
0
0
0
0
0
0
0
0
0
0
0
0
0
0
0
0
0
0
0
0
0
0
0
0
0
0
0
0
0
0
0
0
0
0
0
0
0
0
0
0
0
0
0
0
0
0
0
0
0
0
0
0
0
0
0
0
0
0
0
0
0
0
0
0
0
0
0
0
0
0
0
0
0
0
0
0
0
0
0
0
0
0
0
0
0
0
0
0
0
0
0
0
0
0
0
0
0
0
0
0
0
0
0
0
0
0
0
0
0
0
0
0
0
0
0
0
0
0
0
0
0
0
0
0
0
0
0
0
0
0
0
0
0
0
0
0
0
0
0
0
0
0
0
0
0
0
0
0
0
0
0
0
0
0
0
0
0
0
0
0
0
0
0
0
0
0
0
0
0
0
0
0
0
0
0
0
0
0
0
0
0
0
0
0
0
0
0
0
0
0
0
0
0
0
0
0
0
0
0
0
0
0
0
0
)
;

boundaryField
{
    anodeSides
    {
        type            calculated;
        value           uniform 0;
    }
    fuelInlet
    {
        type            calculated;
        value           uniform 0;
    }
    fuelOutlet
    {
        type            calculated;
        value           uniform 0;
    }
    fuel_to_electrolyte
    {
        type            calculated;
        value           uniform 0;
    }
    fuel_to_interconnect
    {
        type            calculated;
        value           uniform 0;
    }
}


// ************************************************************************* //
